-1.653613198345840751e-01 -1.093715299000023400e+00 -1.174223012472605854e+00 -1.082810987644315048e+00 -7.728348684957699888e-01 -2.847602181395859910e-02 -3.072686424146400808e-01
2.135466602153840432e-01 9.291187971708535498e-01 3.752703729400105326e-01 2.145235200010938703e-01 -3.643623094668912987e-02 2.678662076926541236e-02 -4.516447343632663922e-04
-1.759393428321271713e-01 -6.294977534014023490e-01 -4.797553041902270499e-01 -2.087780318885120168e-01 -2.079132009972264328e-01 1.186788983751991405e-02 5.826851648553829643e-02
2.325456346971769561e-01 1.293365262988359632e-01 -4.601625765590966477e-02 -7.763605194184564073e-02 -1.343441596642007685e-01 2.395102815243866853e-02 5.759900246801170909e-02
-1.732328074161780251e-01 -3.093398013665945578e-01 -3.482173562600647809e-01 -9.446166768918246026e-02 -1.784272835328376550e-01 2.327216544128138387e-03 7.845372159064645246e-02
6.738899450628718646e-02 -4.248123965584137407e-01 -3.486774758484469938e-01 -1.892322680367418131e-01 -1.893789457405061771e-01 -1.214658938852575254e-02 6.962148942953658159e-02
-4.024232377914918612e-02 -1.278090941418485449e-01 -2.475736120189668821e-01 -8.454723669608221748e-02 -1.662445257283767797e-01 -2.141508345739935593e-02 3.960398888936847439e-02
-4.381642574092840803e-02 -4.423514573906434100e-01 -4.081098057155588821e-01 -1.769748797782553784e-01 -1.898392778637101319e-01 -3.649472999546866936e-02 3.375477663447002535e-02
6.305222108388361391e-02 -3.927186831570383951e-02 -1.827429123996280325e-01 -7.904720730922748517e-02 -1.581329452825179782e-01 -3.211957601198539569e-02 2.112584645368410438e-02
-5.591793007736797771e-02 -2.558915456445925996e-01 -3.275512191610329138e-01 -9.358724870385265460e-02 -1.711044222881960009e-01 -4.217457919550224310e-02 3.504963410908330107e-02
9.444848447215914433e-02 -3.797426112824109357e-02 -1.760708501808908588e-01 -5.249678919056771642e-02 -1.487600739483043721e-01 -4.067816350063058195e-02 4.023055726941655863e-02
-3.226780050245693643e-02 -1.186659537672486997e-01 -2.549646971542848251e-01 -2.438782296343017242e-02 -1.524556673484867009e-01 -5.104387834964838055e-02 6.204740347319183391e-02
4.836277681623762231e-02 -1.474953461494118434e-01 -2.480266558181459802e-01 -3.828814532496288559e-02 -1.476653875097851953e-01 -5.780979513019632310e-02 6.957059804258963753e-02
-4.013618292387669678e-02 -2.104949412010627963e-01 -3.141568091770866600e-01 -3.544815446636795375e-02 -1.555609414108662936e-01 -7.093700182132606225e-02 7.739939084508613842e-02
-2.446376519510022954e-02 -3.363442750392111047e-01 -3.826888177719347528e-01 -9.378903954274372956e-02 -1.600321217047657729e-01 -8.390534600338933613e-02 5.521592904597519280e-02
-3.170012913801315696e-02 -2.912719833631578492e-01 -3.695969731733914632e-01 -9.222316061243356067e-02 -1.571384373224250508e-01 -9.810104177758272037e-02 1.488492131173117967e-02
