22.6736
32.9883
43.2653
53.4936
63.6651
53.0542
61.1455
70.0096
79.5351
89.4435
99.3358
109.229
119.131
129.047
120.444
130.185
139.879
149.534
159.157
168.748
178.307
187.835
197.33
206.793
216.222
226.329
236.573
246.814
257.035
267.227
277.384
268.716
260.573
252.909
262.268
271.66
281.086
273.689
266.672
260.005
253.663
261.866
270.199
278.567
286.951
295.345
303.745
312.151
320.561
328.973
337.387
330.898
340.684
334.375
328.295
337.354
331.435
325.721
320.2
314.864
309.702
304.707
313.914
323.11
332.289
341.449
350.585
359.694
368.775
377.826
386.846
395.834
390.412
385.136
380.001
388.797
397.547
406.247
414.892
423.477
431.994
440.439
448.805
457.085
465.272
459.862
468.852
477.903
472.534
467.283
475.447
483.663
491.93
500.248
508.619
517.043
525.515
534.034
542.602
551.22
545.762
553.861
561.892
569.857
577.758
572.307
566.958
575.556
584.195
592.874
601.59
610.341
619.125
627.938
636.779
645.644
654.53
648.983
643.53
638.167
646.795
655.491
664.255
673.087
681.986
690.952
699.984
709.082
718.254
727.499
721.945
716.476
711.089
719.821
728.474
737.044
745.529
753.927
762.237
770.456
778.583
786.617
794.555
789.037
783.596
778.229
787.358
796.462
805.539
814.59
823.614
832.612
841.583
850.529
859.449
868.343
862.812
857.352
851.959
859.858
867.757
862.401
857.11
865.983
874.895
883.844
892.825
901.836
910.872
919.931
929.006
938.096
947.193
941.75
949.583
957.346
965.041
972.675
980.269
987.925
992.376
998.749
1005.27
1011.85
1006.38
1015.46
1024.52
1033.57
1042.59
1051.59
1060.55
1069.47
1078.36
1072.8
1081.7
1090.6
1099.52
1093.96
1088.47
1083.03
1091.86
1100.68
1109.5
1118.32
1127.14
1135.95
1144.75
1153.55
1162.34
1171.12
1165.57
1160.07
1154.62
1163.33
1172
1180.64
1189.24
1197.78
1206.28
1214.72
1223.09
1231.4
1239.64
1234.1
1228.62
1237.43
1246.26
1240.8
1249.11
1257.57
1266.2
1275
1283.97
1293.12
1302.46
1311.81
1321.15
1330.47
1324.9
1333.9
1342.88
1351.86
1360.82
1369.77
1378.71
1387.64
1396.56
1405.46
1414.34
1408.69
1417.95
1427.13
1436.21
1445.21
1454.1
1462.91
1471.61
1480.21
1488.7
1482.98
1489.68
1496.5
1503.44
1510.48
1517.63
1524.89
1532.24
1539.7
1547.24
1554.88
1562.61
1570.43
1578.34
1586.33
1594.4
1602.55
1610.79
1619.1
1627.48
1635.94
1644.47
1653.07
1661.74
1670.47
1679.27
1688.12
1697.01
