11.0902
18.1442
12.0961
16.0578
21.8988
18.249
24.6616
31.0581
37.8855
44.7772
51.6976
58.231
53.7517
59.377
65.383
71.5808
78.7804
86.0156
81.4884
88.097
94.603
101.005
101.981
102.876
98.7607
94.9622
101.765
109.494
110.524
106.84
103.393
100.162
97.1269
98.3689
95.5583
92.904
98.1949
103.511
108.854
106.133
103.544
109.459
106.913
104.484
102.162
99.9408
97.8144
95.7766
93.8219
91.9455
90.1426
88.4091
86.741
85.1347
83.5868
82.0942
80.6539
79.2634
77.9199
76.6212
75.3652
74.1496
72.9726
71.8324
76.4136
75.2558
74.1326
79.2172
78.0691
76.9539
75.87
74.8163
73.7914
72.7942
71.8236
70.8786
69.9581
69.0612
73.2298
72.3144
71.4217
70.5507
69.7007
68.8709
68.0607
67.2693
66.496
65.7404
65.0018
64.2795
63.5731
62.8821
62.206
61.5442
60.8964
60.262
59.6408
59.0322
58.4359
57.8516
57.2788
60.8267
64.4991
68.6189
67.9653
67.3242
66.695
66.0774
65.4712
64.876
64.2915
63.7175
63.1536
62.5997
62.0553
61.5204
60.9945
60.4776
59.9694
59.4697
58.9782
58.4948
58.0192
57.5513
57.0909
56.6378
56.1918
55.7528
55.3206
54.8951
54.476
54.0633
53.6569
53.2564
54.4167
55.5599
55.1544
54.7547
54.3608
53.9725
53.5897
53.2123
52.8402
52.4732
55.3821
55.0028
54.6286
54.2595
53.8954
53.5361
53.1815
52.8317
52.4863
52.1455
51.8091
51.477
51.1491
50.8254
50.5057
50.1901
49.8783
49.5704
49.2663
52.2328
55.3645
58.598
61.9191
65.3213
68.7707
72.2871
75.9811
79.1601
82.3842
81.9107
81.4427
84.6626
87.8873
91.1176
94.3327
97.5371
96.9982
96.4653
95.9381
95.4167
94.901
98.6536
102.453
106.295
105.733
105.176
104.626
104.081
107.968
111.968
115.836
119.689
123.524
127.44
131.326
135.186
139.053
138.364
137.683
137.008
136.34
135.678
135.022
134.373
133.73
133.093
132.463
131.838
131.219
130.606
129.998
129.396
128.8
128.209
127.624
127.044
126.469
125.899
125.335
124.775
124.22
123.671
123.126
122.586
122.051
121.52
120.994
120.472
119.955
119.443
118.935
118.431
117.931
117.435
116.944
116.457
115.973
115.494
115.019
114.548
114.08
113.616
113.156
112.7
112.247
111.798
111.353
110.911
110.473
110.038
109.606
109.178
108.753
108.332
107.914
107.499
107.087
106.678
106.272
105.87
105.47
105.074
104.68
104.29
103.902
103.517
103.135
102.756
102.38
102.006
101.635
101.267
100.901
100.538
100.178
99.82
99.4648
99.1121
98.7619
98.4141
98.0688
97.7259
97.3854
97.0473
96.7115
99.5327
102.311
101.961
101.613
101.267
100.924
104.033
107.264
110.525
113.702
116.56
116.172
115.788
115.406
115.026
117.778
117.394
117.011
116.631
116.254
115.879
115.506
115.136
114.768
114.403
114.039
113.679
113.32
112.964
112.61
112.258
111.908
111.56
111.215
110.872
110.531
110.192
109.855
109.52
109.187
108.856
108.527
108.2
107.875
107.552
107.231
106.912
106.595
106.279
105.966
105.654
105.344
105.036
104.73
104.426
104.123
103.822
103.523
103.225
102.93
102.636
102.343
102.052
101.763
101.476
101.19
100.906
100.623
100.342
100.063
99.7845
99.5081
99.2333
98.9599
98.688
98.4176
98.1487
97.8813
97.6153
97.3508
97.0877
96.826
96.5657
96.3068
96.0493
95.7932
95.5384
95.285
95.0329
94.7822
94.5327
94.2846
94.0378
93.7923
93.548
93.305
93.0633
92.8228
92.5836
92.3456
92.1088
91.8732
91.6389
91.4057
91.1737
90.9429
93.2749
95.6378
98.0232
100.43
102.859
105.327
107.582
109.762
112.039
114.243
113.961
113.681
113.402
113.125
112.849
115.47
118.117
120.789
123.47
123.172
122.876
122.581
122.288
121.996
121.706
124.064
126.461
128.903
131.678
131.368
131.06
130.753
130.447
130.143
129.84
129.539
129.239
128.941
128.644
128.348
128.054
127.761
127.469
127.178
126.889
126.602
126.315
126.03
125.746
125.464
125.182
124.902
124.624
124.346
124.07
123.795
123.521
123.248
122.977
122.706
122.437
122.169
121.903
121.637
121.373
121.109
120.847
120.586
120.326
120.067
119.81
119.553
119.298
119.043
118.79
118.538
118.287
118.037
117.788
117.54
117.293
117.047
116.802
116.558
116.315
116.073
115.833
115.593
115.354
115.116
114.879
114.643
114.409
114.175
113.942
113.709
113.478
115.558
117.648
119.708
121.701
124.017
123.768
123.52
123.273
123.027
122.782
122.537
122.294
122.052
121.811
121.571
121.331
121.093
120.856
120.619
120.383
120.149
119.915
119.682
119.45
119.219
118.989
118.76
118.531
118.304
118.077
117.852
117.627
117.403
117.179
116.957
116.736
116.515
118.795
119.806
120.814
120.587
120.361
120.136
119.912
119.689
119.466
119.245
119.024
118.804
118.585
118.366
118.149
117.932
117.716
117.501
117.286
117.073
116.86
116.648
116.436
116.226
116.016
115.807
115.599
115.391
115.184
114.978
114.773
114.568
114.364
114.161
113.959
114.918
116.989
119.075
120.864
122.663
124.472
124.254
124.037
123.821
123.605
123.39
123.176
122.962
122.75
122.538
122.326
122.116
121.906
121.697
121.488
121.281
121.074
120.868
120.662
120.457
120.253
120.049
119.847
119.645
119.443
121.667
121.463
121.26
121.057
120.855
120.653
120.452
120.252
120.053
119.854
119.656
119.459
119.262
119.066
118.87
118.675
118.481
118.287
118.095
117.902
117.71
117.519
117.329
117.139
116.95
116.761
116.573
116.386
116.199
116.013
115.827
115.642
115.458
117.136
118.816
120.499
122.185
121.992
121.799
121.607
121.416
121.225
121.034
120.845
120.656
120.467
120.279
120.092
119.905
119.719
119.533
119.348
119.164
118.98
118.796
118.614
118.431
120.078
121.731
121.545
121.359
121.174
120.99
120.806
120.623
120.44
120.258
120.076
119.895
119.714
119.534
119.355
119.176
118.998
118.82
118.642
118.466
118.289
118.114
117.938
117.764
117.589
117.416
117.242
117.07
116.898
116.726
116.555
116.384
116.214
116.044
115.875
115.707
115.538
115.371
115.203
115.037
114.871
114.705
114.539
114.375
114.21
114.046
115.622
117.217
118.846
119.718
119.547
119.377
119.207
119.038
118.87
118.702
118.534
118.367
119.228
120.087
119.918
119.75
119.582
119.415
119.248
119.082
118.916
118.75
118.585
118.421
118.257
118.093
118.938
119.781
121.434
123.091
124.753
126.42
128.093
129.773
131.461
133.157
132.976
132.795
132.615
132.435
132.255
132.076
131.898
131.72
131.542
131.365
131.189
131.013
130.837
130.662
130.487
132.175
131.998
131.823
131.647
131.472
131.298
131.124
130.951
130.778
130.605
130.433
130.262
130.09
129.92
129.749
129.58
129.41
129.241
129.073
128.905
128.737
130.393
130.224
130.055
129.887
129.719
129.552
129.385
129.218
129.052
128.887
128.721
128.557
128.392
128.228
128.065
127.901
127.739
127.576
127.415
127.253
127.092
126.931
126.771
126.611
126.452
126.293
126.134
125.976
125.818
127.5
129.171
129.009
128.848
128.688
128.528
128.368
128.209
128.05
127.892
127.734
127.576
127.419
127.262
127.105
126.949
126.793
126.638
126.483
126.328
126.174
126.02
126.827
128.701
130.605
132.416
134.259
136.135
135.97
135.806
135.642
135.478
137.356
137.191
137.026
136.862
136.698
136.535
136.372
136.209
136.047
135.885
135.723
135.562
135.401
135.241
135.081
134.921
134.762
134.603
134.444
134.286
134.128
133.971
133.814
133.657
133.501
133.345
133.189
133.034
132.879
132.724
132.57
132.417
132.263
133.892
133.737
133.583
133.428
133.275
133.121
132.968
132.816
132.663
132.511
132.36
132.209
132.058
131.907
131.757
131.607
131.457
131.308
131.159
131.011
130.863
130.715
130.567
130.42
130.273
130.127
129.98
129.834
129.689
131.474
133.274
133.125
132.976
132.828
132.68
132.532
132.385
132.238
132.092
131.945
131.799
131.654
131.508
131.363
131.219
131.074
130.93
130.787
130.643
130.5
130.357
130.215
130.073
129.931
129.789
129.648
129.507
129.367
129.226
129.086
128.946
128.807
128.668
128.529
128.391
128.252
128.115
127.977
127.84
127.703
127.566
129.312
129.174
129.036
128.899
128.762
128.625
128.488
128.351
128.215
128.08
127.944
127.809
127.674
127.539
127.405
127.271
127.137
127.003
126.87
126.737
126.604
126.472
126.34
126.208
126.076
125.945
125.814
125.683
125.553
125.422
125.292
125.163
125.033
124.904
124.775
124.646
124.518
124.39
124.262
124.135
124.007
123.88
123.753
123.627
123.501
123.375
123.249
123.123
122.998
122.873
122.748
122.624
122.5
122.376
122.252
122.128
122.005
121.882
121.759
121.637
121.515
121.393
121.271
121.149
121.028
120.907
120.786
120.666
120.545
120.425
120.306
120.186
120.067
119.947
119.829
119.71
119.592
119.473
119.355
119.238
119.12
119.003
118.886
118.769
118.653
118.536
118.42
118.304
118.189
118.073
117.958
117.843
117.728
117.614
117.5
117.386
117.272
117.158
117.045
116.931
116.818
116.706
116.593
116.481
116.369
116.257
116.145
116.034
115.922
115.811
115.701
115.59
115.48
115.369
115.259
115.15
115.04
114.931
114.822
114.713
114.604
114.495
114.387
114.279
114.171
114.063
113.956
113.848
113.741
113.634
113.528
113.421
113.315
113.209
113.103
112.997
112.892
112.786
112.681
112.576
112.472
113.809
115.153
116.505
117.866
119.354
120.828
122.327
123.831
123.717
123.603
123.489
123.376
123.262
123.149
123.036
122.923
122.811
122.698
122.586
122.474
122.363
122.251
122.14
122.028
121.918
121.807
121.696
121.586
121.476
121.366
121.256
121.147
121.037
120.928
120.819
120.71
120.602
120.494
120.385
120.277
120.17
120.062
119.955
119.847
119.74
119.634
119.527
119.421
119.314
119.208
119.102
118.997
118.891
118.786
118.681
118.576
118.471
118.367
118.262
118.158
118.054
117.95
117.846
117.743
117.64
117.537
117.434
117.331
117.228
117.126
117.024
116.922
118.345
119.769
121.188
122.611
122.504
122.398
122.292
122.186
122.08
121.975
121.869
121.764
121.659
121.555
121.45
121.346
122.766
122.66
122.555
122.45
122.345
122.241
122.136
122.032
121.928
121.824
121.72
121.616
121.513
121.41
121.307
121.204
121.101
120.998
120.896
120.794
120.692
120.59
120.488
120.387
120.286
120.184
120.083
119.983
119.882
119.781
119.681
119.581
119.481
119.381
119.281
119.182
119.083
118.984
118.885
118.786
118.687
118.589
118.49
118.392
118.294
118.196
118.099
118.001
117.904
117.806
117.709
117.613
117.516
117.419
117.323
117.227
117.13
117.035
116.939
116.843
116.748
116.652
116.557
116.462
116.367
116.273
116.178
116.084
115.99
115.896
115.802
115.708
115.614
115.521
115.427
115.334
115.241
115.148
115.056
114.963
114.871
114.778
114.686
114.594
114.503
114.411
114.319
114.228
114.137
114.046
113.955
113.864
113.773
113.683
113.592
113.502
113.412
113.322
113.232
113.143
113.053
112.964
112.875
112.785
112.697
112.608
112.519
112.431
112.342
112.254
112.166
112.078
111.99
111.902
111.815
111.727
111.64
111.553
111.466
111.379
111.292
111.206
111.119
111.033
110.947
110.861
110.775
110.689
110.603
110.518
110.432
110.347
110.262
110.177
110.092
110.007
109.922
109.838
109.754
109.669
109.585
109.501
109.417
109.334
109.25
109.167
109.083
109
108.917
108.834
108.751
108.669
108.586
108.504
108.421
108.339
108.257
108.175
108.093
109.58
111.066
110.982
110.898
110.815
110.731
110.648
110.565
110.482
110.399
110.316
110.233
110.151
110.068
109.986
109.904
109.822
109.74
109.658
109.576
109.495
109.413
109.332
109.251
109.169
109.089
109.008
108.927
108.846
108.766
108.685
108.605
108.525
108.445
108.365
108.285
108.206
108.126
108.047
107.967
107.888
107.809
107.73
107.651
107.572
107.494
107.415
107.337
107.258
107.18
107.102
107.024
106.946
106.869
106.791
106.714
106.636
106.559
106.482
106.405
106.328
106.251
106.174
106.098
106.021
105.945
105.868
105.792
105.716
105.64
105.564
105.489
105.413
105.338
105.262
105.187
105.112
105.037
104.962
104.887
104.812
104.737
104.663
104.588
104.514
104.44
104.366
104.292
104.218
104.144
104.07
103.997
103.923
103.85
103.777
103.703
103.63
103.557
103.484
103.412
104.725
104.651
104.578
104.504
104.431
104.358
104.285
104.212
104.139
104.067
103.994
103.921
103.849
105.038
106.223
107.405
108.582
109.757
109.681
109.605
109.529
109.453
109.378
109.302
109.227
109.151
109.076
109.001
108.925
108.85
108.775
108.701
108.626
108.551
109.887
109.812
109.737
109.661
109.586
109.511
109.437
109.362
109.287
109.213
109.138
110.455
111.774
113.3
114.872
114.794
114.716
114.638
114.56
114.483
114.405
114.328
114.25
114.173
114.096
114.019
113.942
113.865
113.789
113.712
113.636
113.559
113.483
113.407
113.331
113.255
113.179
113.103
113.028
112.952
112.877
112.801
112.726
112.651
112.576
112.501
112.426
112.351
112.277
112.202
112.128
112.053
111.979
111.905
111.831
111.757
111.683
111.609
111.536
111.462
111.388
111.315
111.242
111.169
111.096
111.023
110.95
110.877
110.804
110.732
110.659
110.587
110.514
110.442
110.37
110.298
110.226
110.154
110.082
110.011
109.939
109.868
109.796
109.725
109.654
109.583
109.512
109.441
109.37
109.299
109.228
109.158
109.087
109.017
108.947
108.877
108.806
108.736
108.666
108.597
108.527
108.457
108.388
108.318
108.249
108.179
108.11
108.041
107.972
107.903
107.834
107.766
107.697
107.628
107.56
107.491
107.423
107.355
107.287
107.218
107.151
107.083
107.015
106.947
106.879
106.812
106.744
106.677
106.61
106.542
106.475
106.408
106.341
106.274
106.208
106.141
106.074
106.008
105.941
105.875
105.809
105.742
105.676
105.61
105.544
105.478
105.413
105.347
105.281
105.216
105.15
105.085
105.019
104.954
104.889
104.824
104.759
104.694
104.629
104.565
104.5
104.435
104.371
104.306
104.242
105.342
106.439
107.533
108.629
109.722
109.655
109.588
109.52
109.453
109.386
109.319
109.252
109.185
109.118
109.052
108.985
108.919
108.852
108.786
108.719
108.653
108.587
108.521
108.455
108.389
108.323
108.258
108.192
108.126
108.061
107.996
107.93
107.865
107.8
107.735
107.67
107.605
107.54
107.475
107.41
107.346
107.281
107.217
107.152
107.088
108.163
108.098
108.033
107.969
107.904
107.839
107.775
107.711
107.646
107.582
107.518
107.454
107.39
107.326
107.262
107.198
107.135
107.071
107.007
106.944
106.881
106.817
106.754
106.691
106.628
106.565
106.502
106.439
106.376
106.313
106.251
106.188
106.126
107.183
107.12
107.057
106.994
106.932
106.869
106.806
106.744
106.681
106.619
106.556
106.494
106.432
106.37
106.308
106.246
106.184
106.122
106.06
105.998
105.937
105.875
105.814
105.752
105.691
105.63
105.569
105.507
105.446
105.385
105.324
105.264
105.203
105.142
105.082
105.021
104.96
104.9
104.84
104.779
104.719
104.659
104.599
104.539
104.479
104.419
104.359
104.3
104.24
104.18
104.121
104.061
104.002
103.943
103.883
103.824
103.765
103.706
103.647
103.588
103.529
103.47
103.412
103.353
103.294
103.236
103.177
103.119
103.061
103.002
102.944
102.886
102.828
102.77
102.712
102.654
102.596
102.539
102.481
102.423
102.366
102.308
102.251
102.194
102.136
102.079
102.022
101.965
101.908
101.851
101.794
101.737
101.68
101.624
101.567
101.51
101.454
101.398
101.341
101.285
101.229
101.172
101.116
101.06
101.004
100.948
100.892
100.836
100.781
100.725
100.669
100.614
100.558
100.503
100.447
100.392
100.337
100.281
100.226
100.171
100.116
100.061
100.006
99.9514
99.8966
99.8418
99.7871
99.7325
99.678
99.6235
99.569
99.5147
99.4603
99.4061
99.3519
99.2977
99.2436
99.1896
99.1357
99.0817
99.0279
98.9741
98.9204
98.8667
98.8131
98.7595
98.706
98.6526
98.5992
98.5459
98.4926
98.4394
98.3862
98.3332
98.2801
98.2271
98.1742
98.1213
98.0685
98.0158
97.9631
97.9104
97.8579
97.8053
97.7529
97.7004
97.6481
97.5958
97.5435
97.4913
97.4392
97.3871
97.3351
97.2831
97.2312
97.1794
97.1276
97.0758
97.0241
96.9725
96.9209
96.8694
96.8179
96.7665
96.7151
96.6638
96.6126
96.5614
96.5102
96.4591
96.4081
96.3571
96.3062
96.2553
96.2045
96.1537
96.103
96.0524
96.0018
95.9512
95.9007
95.8503
95.7999
95.7495
95.6992
95.649
95.5988
95.5487
95.4986
95.4486
95.3986
95.3487
95.2988
95.249
95.1992
95.1495
95.0999
95.0502
95.0007
94.9512
94.9017
94.8523
94.803
94.7537
94.7044
94.6552
94.6061
94.557
94.508
94.459
94.41
94.3611
94.3123
94.2635
94.2148
94.1661
94.1174
94.0688
94.0203
93.9718
93.9234
93.875
93.8266
93.7783
93.7301
93.6819
93.6338
93.5857
93.5376
93.4896
93.4417
93.3938
93.346
93.2982
93.2504
93.2027
93.1551
94.0927
94.0447
93.9967
93.9487
93.9008
93.8529
93.8051
93.7574
93.7097
93.662
93.6144
93.5668
93.5193
93.4718
93.4244
93.377
93.3297
93.2824
93.2352
93.188
93.1409
93.0938
93.0467
92.9997
92.9528
92.9059
92.859
92.8122
92.7655
92.7188
92.6721
92.6255
92.5789
92.5324
92.4859
92.4395
92.3931
92.3468
92.3005
92.2542
92.208
92.1619
92.1158
92.0697
92.0237
91.9778
91.9318
91.886
91.8401
91.7944
91.7486
91.7029
91.6573
91.6117
91.5661
91.5206
91.4751
91.4297
91.3844
91.339
91.2937
91.2485
91.2033
91.1582
91.113
91.068
91.023
90.978
90.9331
90.8882
90.8434
90.7986
90.7538
90.7091
90.6644
90.6198
90.5752
90.5307
90.4862
90.4418
90.3974
90.353
90.3087
90.2644
90.2202
90.176
90.1319
90.0878
90.0438
89.9997
89.9558
89.9119
89.868
89.8241
89.7803
89.7366
89.6929
89.6492
89.6056
89.562
89.5185
89.475
89.4315
89.3881
89.3447
89.3014
89.2581
89.2149
89.1717
89.1285
89.0854
89.0423
88.9993
88.9563
88.9133
88.8704
88.8275
88.7847
88.7419
88.6992
88.6565
88.6138
88.5712
88.5286
88.4861
88.4436
88.4011
88.3587
88.3163
88.274
88.2317
88.1894
88.1472
89.0331
89.9191
90.7918
91.6673
92.5439
93.421
94.2995
94.2545
94.2096
94.1647
94.1199
94.0751
94.0303
93.9856
93.941
93.8963
93.8518
93.8072
93.7627
93.7182
93.6738
93.6295
93.5851
93.5408
93.4966
93.4524
93.4082
93.3641
93.32
93.276
93.232
93.188
93.1441
93.1002
93.0564
93.0126
92.9689
92.9251
92.8815
92.8379
92.7943
92.7507
92.7072
92.6638
92.6203
92.5769
92.5336
92.4903
92.447
92.4038
92.3606
92.3175
92.2744
92.2314
92.1883
92.1454
92.1024
92.0595
92.0167
91.9738
91.9311
91.8883
91.8456
91.803
91.7603
91.7178
91.6752
91.6327
91.5903
91.5478
91.5055
92.3302
92.2875
92.2449
92.2022
92.1597
92.1171
92.0746
92.0321
91.9897
91.9473
91.905
91.8626
91.8204
91.7781
91.7359
91.6938
91.6517
91.6096
91.5675
91.5255
91.4836
