20.684
28.7499
36.8049
44.8396
52.855
60.855
68.8455
76.8332
84.8253
92.8297
103.437
114.001
124.681
135.496
146.425
157.331
168.175
178.936
189.578
200.093
210.428
220.596
211.005
202.213
210.554
219.138
211.022
218.914
226.615
234.166
241.58
248.873
256.06
263.157
270.179
277.14
284.053
276.578
269.486
262.749
272.439
282.684
292.993
303.264
313.506
323.726
333.93
344.12
354.3
364.472
357.326
350.454
343.842
353.748
363.581
373.342
383.031
392.648
402.193
411.667
421.069
430.4
439.65
449.585
459.454
469.23
462.227
455.429
448.829
457.96
466.991
475.94
484.829
493.677
502.503
511.325
520.156
529.011
537.894
531.17
540.087
549.064
557.817
566.341
574.598
567.917
561.389
555.01
548.774
542.676
536.713
530.879
525.17
519.584
514.114
523.486
533.074
527.635
522.305
517.082
511.962
506.943
502.021
497.194
492.459
487.813
483.254
491.062
498.916
506.807
514.734
522.696
530.692
538.722
546.785
554.879
563.005
558.233
553.542
548.93
544.393
539.931
535.541
531.222
526.972
522.79
518.674
514.621
510.632
506.704
502.836
499.027
495.275
491.579
487.937
484.35
480.814
477.33
485.212
493.016
500.724
497.198
493.721
490.293
486.911
483.576
480.287
488.81
485.529
482.292
479.098
475.946
483.151
490.245
497.223
504.088
510.842
517.492
524.047
520.772
517.537
523.879
530.32
536.853
543.468
550.156
546.862
543.607
540.39
537.211
534.07
530.965
527.895
524.862
532.238
539.642
547.082
554.568
562.11
569.717
566.569
563.456
571.64
568.533
565.46
573.234
581.252
589.511
598.008
606.738
615.696
624.877
621.64
618.435
625.834
633.296
630.081
626.899
623.748
620.63
617.542
614.485
611.458
608.46
615.806
623.207
630.663
638.171
645.729
653.336
660.99
668.687
676.425
684.2
681.018
677.865
674.741
682.506
679.389
676.301
673.241
670.208
667.203
664.224
661.272
658.346
655.446
652.571
649.722
646.897
644.096
641.32
638.568
635.839
633.133
630.45
627.79
635.286
632.628
629.992
627.378
636.122
645.09
654.278
663.682
673.295
683.114
693.135
703.351
713.761
724.301
721.427
718.575
715.746
712.939
710.155
707.391
704.649
712.01
719.526
727.193
735.008
742.965
750.891
758.732
766.481
774.12
781.644
778.738
786.254
793.698
801.064
808.347
815.544
822.656
829.684
836.634
843.514
850.336
861.051
857.987
854.944
851.923
848.923
845.945
842.987
840.05
837.133
834.236
831.359
828.502
836.24
844.018
851.788
859.501
867.114
874.59
881.903
889.033
895.998
902.801
899.811
896.842
903.524
910.086
916.504
922.757
919.762
916.785
913.828
910.889
907.97
914.636
921.24
927.784
934.27
940.7
947.078
953.405
959.685
965.919
972.11
969.1
966.109
963.137
960.182
957.246
954.327
951.427
948.544
945.678
942.829
939.998
937.184
934.386
931.605
928.841
926.093
923.361
920.645
917.945
915.261
922.583
930.134
927.437
937.344
947.258
957.18
967.113
977.057
987.013
984.209
981.421
989.255
986.468
983.697
980.942
978.201
975.477
972.767
970.072
967.393
964.728
962.077
959.441
956.82
954.213
951.62
949.041
946.476
943.925
941.387
951.61
962.019
972.62
983.415
994.407
1005.6
1016.98
1028.57
1040.35
1052.32
1058.48
1064.56
1061.8
1069.57
1066.81
1064.06
1061.32
1058.6
1055.89
1053.2
1050.52
1047.85
1055.5
1052.84
1050.19
1047.55
1044.92
1042.31
1039.71
1046.93
1054.1
1061.23
1068.29
1075.3
1082.24
1089.11
1095.9
1093.23
1090.57
1096.61
1102.68
1108.79
1114.94
1121.14
1127.38
1133.68
1140.03
1146.43
1152.88
1150.15
1147.43
1144.73
1151.25
1157.87
1164.6
1171.41
1178.3
1185.26
1192.29
1199.37
1206.49
1213.64
1210.85
1208.08
1205.31
1202.56
1199.82
1209.71
1219.65
1229.62
1239.64
1249.69
1259.77
1269.87
1280
1290.14
1300.3
1297.41
1294.54
1291.67
1288.82
1285.98
1283.15
1280.34
1286.83
1284.02
1281.23
1278.44
1275.67
1272.91
1270.16
1267.42
1264.69
1261.98
1259.28
1256.59
1253.91
1251.24
1248.58
1245.94
1243.3
1240.68
1238.07
1235.47
1232.88
1230.3
1227.73
1225.17
1222.63
1220.09
1217.56
1215.05
1212.54
1210.05
1207.56
1213.84
1220.13
1226.42
1232.72
1239.03
1245.35
1251.67
1258.01
1264.35
1270.7
1280.44
1290.14
1299.8
1309.44
1319.04
1316.42
1313.81
1311.21
1317.35
1323.43
1329.44
1335.4
1341.31
1347.16
1352.98
1358.75
1364.49
1370.2
1367.54
1377.18
1386.79
1396.4
1405.98
1415.54
1425.08
1434.6
1444.08
1453.52
1462.93
1470.07
1477.38
1484.86
1492.5
1500.33
1508.34
1505.51
1502.69
1499.88
1497.08
1494.3
1491.52
1488.75
1498.13
1507.48
1516.82
1526.14
1535.44
1544.7
1553.93
1551.09
1548.26
1545.44
1542.63
1539.83
1537.04
1534.26
1531.49
1528.73
1525.98
1523.24
1520.51
1517.79
1515.08
1512.38
1509.69
1516.42
1523.21
1530.06
1536.98
1543.94
1550.96
1548.24
1545.52
1542.81
1552.02
1561.18
1558.46
1555.75
1553.05
1559.6
1566.24
1563.53
1560.84
1558.15
1555.47
1562.14
1568.84
1575.59
1582.38
1589.2
1596.06
1602.94
1609.85
1616.78
1623.71
1620.98
1618.25
1615.53
1612.82
1610.12
1607.42
1604.74
1602.07
1599.4
1596.74
1594.09
1591.46
1588.82
1586.2
1583.59
1590.53
1597.59
1604.75
1612.02
1619.39
1626.87
1634.44
1642.11
1649.86
1657.7
1655.01
1652.34
1649.67
1647.02
1644.37
1641.73
1639.1
1646.78
1654.37
1661.87
1669.26
1676.54
1683.72
1690.79
1697.74
1695.06
1692.39
1689.72
1687.07
1684.42
1681.78
1679.15
1676.52
1683.05
1689.53
1686.9
1684.28
1681.67
1679.07
1685.85
1683.25
1680.65
1678.07
1675.49
1682.37
1689.37
1696.5
1703.75
1711.13
1718.63
1726.25
1733.98
1741.82
1749.76
1747.12
1744.48
1741.86
1739.24
1736.62
1734.02
1731.43
1728.84
1726.26
1723.68
1721.12
1718.56
1716.01
1713.47
1710.93
1708.41
1705.89
1703.38
1700.87
1698.37
1695.88
1693.4
1690.92
1688.46
1685.99
1683.54
1681.09
1678.65
1676.22
1673.79
1671.38
1668.96
1666.56
1664.16
1661.77
1659.39
1657.01
1654.64
1652.27
1659.99
1667.76
1675.59
1683.45
1691.35
1699.25
1707.17
1715.07
1722.94
1730.79
1728.35
1734.53
1740.66
1738.22
1735.79
1733.36
1730.95
1728.54
1726.13
1723.73
1721.34
1718.96
1716.58
1714.21
1711.85
1709.49
1707.14
1714.8
1722.38
1729.87
1727.5
1725.14
1722.79
1720.44
1718.1
1715.77
1721.86
1727.98
1725.64
1723.31
1720.99
1718.67
1716.35
1714.05
1711.75
1709.45
1720.71
1732.06
1743.49
1755.01
1766.61
1778.28
1790.02
1801.83
1813.7
1825.64
1823.23
1829.66
1827.25
1824.84
1822.44
1820.05
1817.67
1815.29
1812.92
1810.55
1808.19
1805.83
1803.49
1801.14
1798.81
1796.48
1802.54
1808.53
1806.19
1803.87
1801.54
1799.23
1796.92
1794.62
1802.05
1809.51
1816.99
1824.42
1831.74
1838.96
1846.08
1853.1
1860.01
1866.83
1864.47
1870.5
1876.54
1882.6
1888.67
1894.77
1900.88
1907.01
1913.12
1919.23
1925.33
1922.93
1920.54
1918.15
1924.23
1930.31
1936.37
1942.42
1948.43
1946.03
1943.63
1941.24
1938.85
1936.47
1934.09
1940.91
1947.74
1954.58
1961.44
1959.04
1956.66
1954.28
1951.9
1949.53
1947.17
1944.81
1942.46
1940.12
1937.77
1935.44
1933.11
1939.47
1944.14
1950.96
1957.52
1963.91
1970.13
1976.21
1982.16
1987.99
1993.71
1991.35
1988.98
1986.63
1992.52
1998.43
2004.37
2010.33
2016.31
2022.3
2028.29
2034.29
2040.29
2046.28
2054.93
2063.47
2071.9
2069.48
2067.07
2064.67
2071.49
2078.24
2084.92
2091.54
2098.09
2104.58
2111.02
2108.59
2106.17
2103.75
2101.33
2107.96
2114.63
2121.38
2128.21
2125.79
2123.36
2129.37
2126.94
2124.53
2122.12
2119.71
2117.31
2114.91
2112.52
2110.14
2107.76
2105.39
2110.91
2116.41
2121.91
2127.4
2132.89
2138.37
2143.86
2149.35
2154.84
2160.34
2157.94
2169.94
2181.95
2186.27
2190.94
2195.86
2200.8
2205.74
2210.68
2208.25
2214.14
2220.21
2226.57
2233.28
2240.34
2247.74
2255.46
2263.49
2271.8
2280.37
2289.18
2298.21
2307.45
2316.87
2314.36
2320.01
2317.5
2315
2312.5
2310.01
2307.52
2305.04
2302.56
2300.09
2297.63
2295.17
2292.71
2290.26
2287.82
2285.38
2282.95
2280.52
2278.09
2275.68
2284.67
2293.75
2302.92
2312.17
2321.53
2330.97
2340.52
2350.16
2359.92
2357.44
2354.97
2360.58
2358.11
2355.64
2353.18
2350.73
2348.28
2345.83
2353.53
2361.28
2358.83
2356.38
2353.94
2351.5
2349.07
2346.65
2344.22
2341.81
2349.48
2357.11
2354.69
2352.27
2357.87
2355.45
2353.04
2350.64
2348.23
2345.84
2343.45
2349.56
2347.17
2344.78
2342.4
2340.03
2337.65
2335.29
2332.93
2330.57
2337.03
2343.42
2349.73
2355.96
2362.1
2368.1
2373.9
2379.49
2384.85
2389.99
2387.61
2385.22
2382.85
2387.63
2392.16
2396.58
2401.1
2405.85
2410.87
2416.14
2421.54
2426.86
2424.47
2430.89
2437.34
2434.94
2441.79
2439.39
2437
2434.61
2432.22
2429.84
2427.47
2425.1
2422.73
2420.37
2418.01
2424.04
2429.99
2435.85
2441.63
2447.3
2444.93
2442.57
2440.21
2437.86
2435.5
2433.16
2430.82
2428.48
2426.15
2423.82
2421.49
2419.17
2416.86
2414.55
2422.09
2429.59
2437.03
2444.41
2451.74
2458.99
2466.18
2473.3
2480.34
2487.3
2484.94
2493.58
2502.19
2510.78
2519.35
2527.89
2536.42
2544.91
2553.39
2561.84
2570.26
2577.92
2585.69
2593.57
2601.55
2609.62
2617.79
2626.06
2634.41
2642.85
2651.38
2659.99
2668.69
2666.22
2663.75
2672.16
2680.49
2688.75
2696.93
2705.03
2702.54
2700.06
2697.58
2695.1
2692.63
2690.17
2687.71
2685.25
2695.83
2706.47
2717.14
2727.86
2738.61
2749.4
2760.21
2771.05
2781.9
