22.776
32.9622
43.0102
52.9398
42.3518
48.594
56.7197
65.2091
73.8949
82.7253
91.6756
100.73
109.878
119.108
128.412
120.387
113.305
122.956
132.662
142.411
135.63
145.539
155.483
165.425
175.351
185.252
195.12
204.945
214.72
207.562
200.867
209.585
218.306
227.013
235.696
244.354
252.984
261.586
270.16
278.708
287.23
280.392
273.871
267.647
275.921
284.095
292.178
300.18
294.054
288.172
297.536
291.814
286.308
281.006
275.897
270.97
266.217
273.875
281.551
289.244
296.957
304.692
312.449
320.229
328.035
335.866
343.724
338.669
347.745
356.831
365.925
360.842
355.899
363.755
371.683
379.686
387.768
395.928
390.916
386.03
395.56
405.021
400.141
395.378
390.726
386.183
381.744
377.406
373.166
369.019
377.606
386.171
394.711
403.222
411.701
407.413
403.212
410.696
418.127
413.946
409.847
405.829
401.889
398.025
394.234
402.4
410.562
418.72
426.875
435.027
443.176
451.324
459.469
467.613
475.755
471.654
479.458
487.224
494.96
502.654
510.315
517.928
525.501
533.021
540.495
547.907
543.593
552.435
561.362
570.377
579.479
588.668
597.925
607.104
616.202
625.218
620.655
616.157
624.693
633.119
641.528
649.943
658.37
666.813
675.276
683.759
692.264
700.791
696.088
691.447
686.868
695.31
703.745
712.172
720.591
729.003
737.407
745.805
754.195
762.58
770.959
779.419
774.637
783.016
791.312
799.516
807.603
802.796
811.251
819.732
828.23
836.738
845.247
853.751
862.241
870.71
865.79
874.245
882.734
891.251
899.793
908.354
916.932
925.52
934.113
942.706
951.294
946.234
941.227
936.273
943.916
951.622
959.396
967.241
975.159
983.153
991.222
999.368
1007.59
1015.89
1025.1
1034.27
1043.41
1052.52
1061.61
1070.66
1079.69
1088.68
1097.66
1106.61
1101.36
1109.9
1118.38
1126.83
1121.58
1116.39
1123.98
1131.47
1126.31
1121.19
1130.02
1124.93
1132.58
1140.26
1147.97
1155.72
1163.49
1158.38
1153.32
1148.31
1143.34
1138.41
1133.53
1128.68
1123.88
1119.12
1127.32
1135.54
1143.76
1151.98
1160.21
1168.44
1163.64
1158.87
1167.42
1175.83
1184.11
1192.23
1200.2
1195.4
1190.64
1185.91
1193.82
1201.74
1197.03
1192.35
1187.71
1196.2
1204.77
1213.41
1222.11
1230.87
1239.69
1248.56
1243.85
1239.17
1234.53
1229.93
1225.35
1220.82
1228.55
1224.03
1219.55
1228.25
1223.78
1219.35
1214.95
1210.58
1218.59
1226.54
1234.45
1242.29
1237.9
1233.54
1229.21
1224.91
1220.65
1216.41
1212.2
1208.02
1215.66
1211.5
1219.07
1214.93
1210.81
1206.72
1215.23
1211.15
1207.1
1203.07
1199.08
1195.11
1191.16
1187.24
1183.35
1179.48
1175.64
1171.82
1168.03
1175.82
1172.04
1168.29
1164.55
1160.85
1157.16
1153.5
1149.86
1146.24
1142.65
1139.08
1146.57
1154.02
1150.45
1146.9
1143.37
1139.86
1147.23
1143.73
1140.26
1136.8
1133.37
1129.95
1126.56
1123.19
1119.84
1116.5
1113.19
1109.9
1106.62
1103.37
1100.13
1096.91
1093.72
1100.77
1097.58
1094.41
1102
1109.57
1117.12
1124.64
1132.13
1139.59
1147.01
1154.41
1161.76
1169.08
1165.81
1173
1180.16
1187.28
1194.35
1201.39
1208.4
1215.36
1222.27
1229.15
1235.97
1232.61
1229.27
1225.95
1222.65
1219.36
1216.09
1212.84
1209.6
1206.39
1213.67
1220.95
1228.24
1235.53
1242.81
1250.07
1257.33
1264.56
1271.76
1278.94
1275.64
1282.43
1289.22
1285.92
1282.63
1290.74
1287.46
1284.19
1280.94
1277.7
1274.49
1271.28
1278.32
1285.31
1292.24
1299.12
1305.95
1312.73
1319.46
1326.15
1332.8
1339.42
1336.15
1332.89
1339.57
1346.32
1353.13
1360.02
1366.97
1373.99
1370.69
1367.41
1364.15
1360.9
1357.67
1354.45
1351.25
1358.35
1365.46
1372.57
1369.35
1376.16
1383.04
1379.82
1386.71
1393.49
1400.14
1396.91
1393.7
1400.74
1407.71
1414.61
1421.44
1428.2
1434.88
1441.49
1448.04
1454.51
1460.92
1457.64
1454.38
1451.14
1447.9
1444.69
1451.27
1448.06
1444.86
1451.5
1448.31
1445.14
1441.97
1438.82
1445.82
1452.75
1459.62
1456.46
1453.32
1450.18
1447.06
1443.96
1440.87
1437.79
1434.72
1431.67
1428.63
1425.6
1422.59
1419.59
1416.6
1413.62
1410.66
1407.71
1404.77
1401.84
1398.93
1396.03
1393.14
1390.26
1387.39
1384.54
1381.69
1378.86
1376.04
1373.23
1370.44
1367.65
1364.88
1362.12
1359.36
1356.62
1353.89
1351.17
1348.47
1345.77
1343.08
1340.41
1337.74
1335.09
1332.45
1329.81
1327.19
1324.58
1321.97
1319.38
1316.8
1314.23
1311.67
1309.11
1306.57
1304.04
1301.52
1299.01
1296.5
1294.01
1291.53
1289.05
1286.59
1284.13
1281.69
1279.25
1276.82
1283.29
1289.82
1287.38
1284.96
1282.54
1280.14
1286.09
1283.69
1281.29
1278.91
1276.53
1274.16
1271.8
1269.45
1267.11
1264.78
1262.45
1269.24
1275.95
1282.57
1289.1
1295.52
1301.82
1308
1314.03
1311.66
1309.29
1306.93
1304.58
1310.91
1317.27
1323.67
1330.08
1327.71
1325.34
1322.99
1320.64
1318.31
1315.98
1322.12
1319.79
1317.47
1315.16
1312.85
1319.15
1316.85
1314.56
1312.27
1318.74
1316.45
1322.39
1328.32
1334.23
1340.13
1346.01
1351.88
1357.73
1355.41
1353.1
1350.79
1348.5
1346.21
1343.93
1350.32
1356.8
1363.34
1369.96
1376.64
1383.38
1390.18
1387.86
1385.54
1383.23
1380.93
1387.71
1394.57
1401.51
1408.53
1415.62
1422.79
1430.03
1437.34
1444.72
1452.16
1449.79
1447.42
1445.07
1442.72
1440.37
1438.04
1435.71
1441.61
1447.4
1453.08
1458.63
1464.03
1469.28
1474.35
1479.24
1476.88
1474.53
1472.18
1469.85
1467.52
1465.19
1462.88
1460.57
1458.27
1455.98
1453.69
1451.42
1449.14
1446.88
1444.62
1442.37
1448.12
1445.87
1443.63
1441.39
1439.17
1436.95
1434.73
1432.52
1430.32
1428.13
1425.94
1423.76
1421.59
1427.93
1434.27
1440.62
1446.97
1453.32
1459.66
1465.99
1463.78
1461.57
1459.37
1457.18
1455
1452.82
1450.65
1448.48
1446.32
1444.17
1450.96
1457.82
1464.76
1471.77
1478.85
1485.99
1493.19
1500.46
1507.77
1515.14
1512.93
1510.71
1508.51
1506.31
1504.12
1501.93
1499.75
1497.58
1495.41
1502.09
1508.82
1515.59
1522.4
1520.21
1518.03
1515.86
1513.69
1511.53
1509.37
1507.22
1505.08
1502.94
1500.81
1508.09
1505.96
1503.83
1510.6
1517.39
1524.19
1531.01
1537.83
1544.64
1542.48
1540.32
1538.17
1536.03
1533.9
1531.77
1538.13
1536
1533.88
1531.76
1529.64
1527.54
1525.44
1523.34
1521.25
1519.17
1517.09
1515.02
1512.95
1510.89
1508.83
1506.78
1504.74
1510.41
1516.15
1521.93
1527.79
1533.69
1539.65
1545.67
1551.73
1557.85
1564.02
1561.93
1568.64
1566.55
1564.46
1562.38
1560.31
1558.24
1556.18
1562.33
1568.5
1574.68
1580.87
1578.79
1576.72
1583.43
1590.17
1588.08
1586.01
1583.94
1581.87
1579.81
1577.76
1583.89
1581.83
1579.79
1577.74
1575.7
1573.67
1571.64
1569.62
1567.6
1573.69
1579.76
1585.8
1583.77
1581.75
1579.73
1577.72
1575.71
1573.71
1579.83
1585.97
1583.96
1581.96
1579.96
1577.97
1575.98
1574
1572.02
1570.05
1575.51
1573.54
1571.57
1569.61
1567.65
1565.7
1563.75
1561.81
1559.87
1557.94
1556.01
1554.09
1552.17
1550.26
1548.35
1546.44
1544.54
1542.65
1540.76
1538.87
1536.99
1543.48
1549.96
1548.07
1546.19
1544.31
1542.44
1540.57
1538.7
1536.84
1534.99
1539.42
1543.71
1547.87
1546.01
1544.16
1551.11
1549.25
1547.4
1553.83
1551.97
1550.12
1548.28
1546.44
1544.6
1542.77
1540.94
1539.12
1545.49
1551.84
1550.01
1548.18
1546.36
1544.54
1542.73
1540.92
1539.12
1537.32
1535.52
1533.73
1531.94
1530.16
1528.38
1526.61
1524.83
1523.07
1529.41
1535.76
1533.98
1532.21
1530.45
1528.69
1526.93
1525.18
1523.43
1521.68
1519.94
1518.2
1516.47
1514.74
1513.02
1511.3
1509.58
1507.86
1506.15
1504.45
1502.75
1501.05
1499.35
1497.66
1495.98
1494.3
1500.09
1505.9
1511.75
1517.61
1523.5
1521.8
1520.1
1518.4
1516.71
1515.02
1513.34
1511.66
1509.99
1508.31
1506.64
1504.98
1503.32
1501.66
1500.01
1498.36
1496.71
1495.07
1493.43
1491.79
1490.16
1488.53
1486.91
1485.29
1483.67
1482.05
1480.44
1486.03
1491.63
1497.25
1502.9
1508.56
1514.24
1519.94
1525.67
1531.42
1537.19
1535.54
1533.89
1532.25
1530.61
1528.97
1527.34
1525.71
1524.08
1522.46
1520.84
1519.22
1517.61
1516
1514.4
1512.79
1511.19
1509.6
1515.36
1521.13
1519.53
1517.93
1523.61
1529.24
1534.82
1540.36
1538.75
1537.14
1535.54
1533.94
1532.34
1530.75
1529.15
1527.57
1525.98
1524.4
1522.82
1521.25
1519.68
1518.11
1516.54
1514.98
1513.42
1511.87
1517.9
1523.94
1530
1536.05
1542.11
1548.16
1546.58
1545
1543.43
1541.86
1547.82
1553.76
1559.65
1565.5
1571.3
1577.04
1582.7
1588.29
1593.79
1599.18
1597.57
1595.96
1594.36
1592.76
1591.17
1589.57
1587.98
1586.4
1584.81
1583.23
1581.66
1580.08
1578.51
1576.94
1575.38
1573.82
1572.26
1570.71
1569.15
1567.6
1566.06
1571.45
1569.91
1568.36
1566.82
1565.28
1563.75
1562.22
1560.69
1559.16
1557.64
1556.12
1554.61
1553.09
1551.58
1550.07
1556.07
1554.56
1553.05
1551.55
1550.05
1555.63
1554.13
1552.63
1551.14
1549.64
1548.15
1546.67
1545.18
1543.7
1542.22
1540.75
1539.27
1537.8
1536.34
1534.87
1533.41
1531.95
1530.49
1529.04
1527.59
1526.14
1524.7
1523.25
1521.81
1520.38
1518.94
1517.51
1516.08
1514.66
1513.23
1511.81
1510.39
1508.98
1514.39
1512.97
1511.56
1510.15
1508.74
1507.33
1505.93
1504.53
1503.13
1501.73
1500.34
1498.95
1497.56
1496.18
1494.79
1493.41
1492.04
1490.66
1489.29
1487.92
1486.55
1485.18
1483.82
1482.46
1481.1
1479.75
1478.4
1477.05
1475.7
1474.35
1473.01
1471.67
1470.33
1476.02
1481.72
1480.38
1479.04
1477.7
1476.36
1475.03
1473.7
1472.37
1471.04
1469.72
1468.4
1467.08
1465.76
1464.45
1463.13
1468.41
1467.1
1465.79
1464.48
1463.17
1461.87
1460.56
1459.27
1457.97
1456.67
1455.38
1454.09
1452.8
1451.52
1450.23
1456.2
1462.2
1468.22
1466.93
1465.64
1464.35
1463.06
1461.78
1460.49
1459.21
1457.94
1456.66
1455.39
1454.12
1452.85
1451.58
1450.32
1449.05
1447.79
1452.52
1457.23
1455.96
1454.7
1453.44
1452.18
1457.76
1463.33
1468.87
1474.4
1479.9
1478.62
1477.35
1476.08
1474.81
1473.55
1472.29
1471.03
1469.77
1468.51
1467.26
1466.01
1464.76
1463.51
1462.26
1461.02
1459.78
1458.54
1457.3
1456.07
1454.83
1453.6
1452.37
1451.15
1449.92
1448.7
1447.48
1452.67
1457.92
1463.23
1468.6
1474.02
1479.5
1485.04
1490.62
1496.25
1501.93
1500.68
1499.42
1498.17
1496.93
1495.68
1494.44
1493.2
1491.96
1490.72
1496.67
1502.64
1501.4
1500.16
1498.92
1497.68
1496.45
1495.22
1493.99
1492.76
1491.53
1490.31
1489.08
1487.86
1486.65
1485.43
1484.21
1483
1481.79
1480.58
1479.38
1478.17
1476.97
1475.77
1481.39
1487.04
1492.73
1498.46
1504.23
1510.02
1515.85
1521.72
1527.61
1533.53
1532.29
1537.69
1543.06
1548.39
1553.68
1552.43
1551.19
1557.13
1555.88
1554.64
1553.4
1552.16
1550.92
1549.68
1548.45
1547.21
1545.98
1544.75
1543.53
1542.3
1548.22
1554.15
1560.11
1566.07
1572.06
1570.81
1569.57
1568.34
1567.1
1565.87
1564.63
1563.4
1562.18
1560.95
1559.73
1558.5
1557.28
1556.06
1554.85
1553.63
1552.42
1551.21
1550
1548.79
1547.59
1546.38
1545.18
1543.98
1542.79
1541.59
1540.4
1539.2
1538.01
1536.82
1535.64
1534.45
1533.27
1539.1
1537.92
1536.73
1535.55
1534.37
1533.19
1532.02
1530.84
1529.67
1528.5
1527.33
1526.17
1525
1523.84
1522.68
1521.52
1520.36
1519.2
1518.05
1516.9
1515.75
1514.6
1513.45
1512.3
1511.16
1510.02
1508.88
1507.74
1506.6
1505.47
1504.33
1509.08
1507.94
1506.81
1505.68
1504.55
1503.42
1502.29
1501.17
1500.05
1498.93
1497.81
1496.69
1495.57
1494.46
1493.34
1492.23
1491.12
1490.02
1488.91
1487.81
1486.7
1491.73
1490.62
1489.52
1488.42
1487.32
1486.22
1485.13
1484.03
1482.94
1487.7
1486.6
1485.51
1490.14
1494.69
1499.15
1498.06
1496.96
1495.86
1494.77
1493.68
1492.59
1491.5
1490.41
1489.33
1488.24
1487.16
1486.08
1485
1483.92
1482.85
1481.77
1480.7
1479.63
1478.56
1477.49
1476.42
1475.36
1474.29
1473.23
1478.84
1477.77
1476.71
1475.65
1474.59
1473.53
1472.48
1471.42
1470.37
1469.32
1468.27
1467.22
1466.17
1465.12
1464.08
1469.66
1468.61
1467.57
1466.53
1465.48
1464.44
1463.41
1462.37
1461.33
1460.3
1459.27
1458.23
1457.2
1462.3
1467.41
1472.53
1477.65
1482.78
1487.91
1493.04
1498.17
1497.12
1496.07
1495.02
1493.97
1492.93
1491.88
1490.84
1489.8
1488.76
1487.72
1486.68
1485.65
1484.61
1483.58
1482.55
1481.52
1480.49
1479.47
1478.44
1477.42
1476.39
1475.37
1474.35
1473.34
1472.32
1471.3
1470.29
1469.28
1468.27
1467.26
1472.75
1471.74
1470.73
1469.72
1468.72
1467.71
1466.7
1465.7
1464.7
1463.7
1462.7
1461.7
1460.71
1459.71
1458.72
1457.72
1456.73
1455.74
1454.76
1453.77
1452.78
1451.8
1450.82
1449.83
1448.85
1453.47
1452.49
1451.51
1450.53
1449.55
1448.58
1447.6
1452.2
1456.84
1461.52
1466.24
1470.98
1475.74
1480.51
1479.52
1478.53
1483.99
1483
1482.01
1486.82
1485.83
1484.84
1483.85
1482.86
1488.26
1487.27
1486.29
1485.3
1484.31
1483.33
1482.35
1481.37
1480.39
1479.41
1478.43
1477.46
1476.48
1475.51
1474.54
1473.57
1472.6
1471.63
1470.66
1469.69
1468.73
1467.77
1466.81
1465.85
1464.89
1469.65
1474.42
1479.21
1484.01
1488.81
1493.62
1498.43
1497.46
1496.48
1495.51
1494.54
1499.36
1504.2
1503.22
1502.25
1501.28
1500.3
1499.33
1498.36
1497.4
1496.43
1495.46
1494.5
1493.54
1492.58
1491.61
1490.66
1489.7
1488.74
1487.79
1486.83
1485.88
1484.93
1483.98
1483.03
1482.08
1481.13
1480.18
1479.24
1484.61
1483.66
1482.72
1481.77
1480.83
1479.89
1478.95
1478.01
1477.07
1476.13
1475.2
1474.26
1473.33
1472.4
1471.47
1470.54
1469.61
1468.68
1467.76
1466.83
1465.91
1470.32
1474.72
1473.8
1472.87
1471.94
1471.02
1470.1
1469.18
1468.26
1467.34
1466.42
1465.51
1464.59
1463.68
1462.76
1461.85
1466.52
1465.61
1464.7
1463.79
1462.88
1461.97
1461.06
1460.16
1459.25
1463.96
1468.71
1467.8
1466.89
1465.98
1465.08
1464.17
1463.27
1462.37
1461.47
1460.57
1459.67
1458.77
1457.87
1456.98
1456.08
1455.19
1454.3
1453.41
1452.52
1451.63
1450.74
1449.85
1448.97
1448.08
1447.2
1446.32
1445.44
1444.56
1443.68
1442.8
1441.92
1441.05
1440.17
1439.3
1438.42
1437.55
1436.68
1435.81
1434.94
1440.12
1445.29
1444.42
1443.55
1442.68
1441.81
1440.94
1440.07
1439.21
1444.35
1443.48
1442.62
1441.75
1440.89
1440.02
1439.16
1438.3
1437.44
1436.58
1435.72
1434.86
1434
1433.15
1432.29
1431.44
1430.59
1429.74
1428.89
1428.04
1427.19
1426.34
1425.49
1424.65
1423.8
1422.96
1422.12
1421.28
1420.44
1419.6
1424.03
1428.49
1427.65
1426.8
1431.42
1430.58
1429.74
1434.8
1433.96
1433.12
1432.28
1431.44
1430.6
1429.76
1428.92
1428.08
1427.25
1426.41
1425.58
1424.75
1423.92
1423.08
1422.26
1421.43
1420.6
1419.77
1418.95
1418.12
1417.3
1416.47
1415.65
1414.83
1414.01
1413.19
1412.37
1411.56
1410.74
1409.92
1414.35
1418.74
1423.09
1422.27
1421.45
1425.46
1424.64
1423.82
1423
1422.19
1426.62
1431.07
1435.56
1440.06
1444.6
1443.77
1442.94
1442.12
1441.29
1440.47
1439.65
1438.83
1438
1437.18
1436.37
1435.55
1434.73
1433.91
1433.1
1432.29
1431.47
1430.66
1429.85
1429.04
1428.23
1427.42
1426.61
1425.8
1425
1424.19
1423.39
1422.59
1421.78
1420.98
1420.18
1419.38
1418.58
1417.78
1416.99
1416.19
1415.4
1414.6
1413.81
1413.02
1412.23
1411.43
1410.64
1409.86
1409.07
1408.28
1407.49
1406.71
1405.92
1405.14
1404.36
1403.58
1402.79
1402.01
1401.23
1405.69
1410.14
1414.57
1413.78
1413
1412.22
1411.44
1410.66
1409.87
1409.1
1408.32
1407.54
1406.76
1405.99
1405.21
1404.44
1403.66
1402.89
1402.12
1401.35
1400.58
1399.81
1399.04
1398.27
1397.51
1396.74
1395.98
1395.21
1394.45
1393.69
1392.93
1392.16
1391.4
1390.65
1389.89
1389.13
1388.37
1387.62
1386.86
1386.11
1385.36
1384.6
1383.85
1383.1
1382.35
1381.6
1380.85
1380.11
1379.36
1378.61
1377.87
1377.12
1376.38
1375.64
1374.89
1374.15
1373.41
1372.67
1371.93
1371.2
1370.46
1369.72
1368.99
1368.25
1367.52
1366.78
1366.05
1365.32
1364.59
1363.86
1363.13
1362.4
1361.67
1360.95
1360.22
1359.5
1358.77
1358.05
1357.32
1356.6
1355.88
1355.16
1354.44
1353.72
1353
1352.28
1351.57
1350.85
1350.13
1349.42
1348.71
1347.99
1347.28
1346.57
1345.86
1345.15
1344.44
1343.73
1343.02
1342.31
1341.61
1340.9
1340.2
1339.49
1338.79
1338.09
1337.38
1336.68
1335.98
1335.28
1334.58
1333.88
1333.19
1332.49
1331.79
1331.1
1330.4
1329.71
1329.02
1328.32
1327.63
1326.94
1326.25
1325.56
1324.87
1324.18
1323.5
1322.81
1322.12
1321.44
1320.75
1320.07
1319.39
1324.05
1323.36
1322.68
1322
1321.31
1320.63
1319.95
1323.98
1328.01
1332.03
1331.34
1330.66
1329.97
1329.29
1328.6
1327.92
1327.24
1326.56
1325.88
1325.2
1324.52
1323.85
1323.17
1322.49
1321.82
1321.14
1320.47
1319.79
1319.12
1318.45
1317.78
1317.1
1316.43
1315.76
1315.1
1314.43
1313.76
1313.09
1312.43
1311.76
1311.1
1310.43
1309.77
1309.11
1308.44
1307.78
1307.12
1306.46
1305.8
1305.14
1304.48
1303.83
1303.17
1302.51
1301.86
1301.2
1300.55
1299.9
1299.24
1298.59
1297.94
1297.29
1296.64
1295.99
1295.34
1294.69
1294.04
1293.4
1292.75
1292.1
1291.46
1290.82
1290.17
1289.53
1288.89
1288.24
1287.6
1286.96
1286.32
1285.68
1285.04
1284.41
1283.77
1283.13
1282.5
1281.86
1281.23
1280.59
1279.96
1279.32
1278.69
1278.06
1277.43
1276.8
1276.17
1275.54
1274.91
1274.28
1273.66
1273.03
1272.4
1271.78
1271.15
1270.53
1269.9
1269.28
1268.66
1268.04
1267.41
1266.79
1266.17
1265.55
1264.94
1264.32
1263.7
1263.08
1262.47
1261.85
1261.24
1260.62
1260.01
1259.39
1258.78
1258.17
1257.56
1256.95
1256.33
1255.73
1255.12
1254.51
1253.9
1253.29
1252.68
1252.08
1251.47
1250.87
1250.26
1249.66
1249.06
1248.45
1247.85
1247.25
1246.65
1246.05
1245.45
1244.85
1244.25
1243.65
1243.05
1242.46
1241.86
1241.26
1240.67
1240.07
1239.48
1238.89
1238.29
1237.7
1237.11
1236.52
1235.93
1235.34
1234.75
1234.16
1233.57
1232.98
1232.39
1231.81
1231.22
1230.63
1230.05
1229.46
1228.88
1228.3
1227.71
1227.13
1226.55
1225.97
1225.39
1224.81
1224.23
1223.65
1223.07
1222.49
1221.91
1221.34
1225.08
1228.83
1232.59
1232.01
1231.43
1230.85
1230.27
1229.69
1229.11
1228.53
1227.96
1227.38
1226.81
1226.23
1225.65
1225.08
1224.51
1223.93
1223.36
1222.79
1222.22
1221.65
1221.08
1220.5
1219.94
1219.37
1218.8
1218.23
1217.66
1217.1
1216.53
1215.96
1215.4
1214.83
1214.27
1213.71
1213.14
1212.58
1212.02
1211.46
1210.89
1210.33
1209.77
1209.21
1208.66
1208.1
1207.54
1206.98
1206.42
1205.87
1205.31
1209.25
1208.69
1208.13
1207.58
1207.02
1206.47
1205.91
1205.36
1204.8
1204.25
1203.7
1203.15
1202.59
1202.04
1201.49
1200.94
1200.39
1199.85
1199.3
1198.75
1198.2
1197.65
1197.11
1196.56
1196.02
1195.47
1194.93
1194.38
1193.84
1193.3
1192.76
1192.21
1191.67
1191.13
1190.59
1190.05
1189.51
1188.97
1188.43
1187.9
1187.36
1186.82
1186.28
1185.75
1185.21
1184.68
1184.14
1183.61
1183.08
1182.54
1182.01
1181.48
1180.95
1180.41
1179.88
1179.35
1178.82
1178.29
1177.77
1181.95
1186.14
1185.61
1185.08
1184.55
1184.02
1183.49
1182.96
1182.43
1181.9
1181.37
1180.85
1180.32
1179.79
1179.27
1178.74
1178.22
1177.69
1177.17
1176.64
1176.12
1175.6
1175.07
1174.55
1174.03
1173.51
1172.99
1172.47
1171.95
1171.43
1170.91
1170.4
1169.88
1169.36
1168.84
1168.33
1167.81
1167.3
1166.78
1166.27
1165.75
1165.24
1164.73
1164.21
1163.7
1163.19
1162.68
1162.17
1161.66
1161.15
1160.64
1160.13
1159.62
1159.11
1158.6
1158.1
1157.59
1157.08
1156.58
1156.07
1159.31
1158.8
1158.29
1157.79
1157.28
1156.78
1156.28
1155.77
1155.27
1154.77
1154.26
1153.76
1153.26
1152.76
1152.26
1151.76
1151.26
1150.76
1150.26
1149.76
1149.26
1148.77
1148.27
1147.77
1147.28
1146.78
1146.29
1145.79
1145.3
1144.8
1144.31
1143.82
1143.32
1142.83
1142.34
1141.85
1141.36
1140.86
1140.37
1139.88
1139.4
1138.91
1138.42
1137.93
1137.44
1136.95
1136.47
1135.98
1135.49
1135.01
1134.52
1134.04
1133.55
1133.07
1132.59
1132.1
1131.62
1131.14
1130.66
1130.18
1129.69
1129.21
1128.73
1128.25
1127.77
1127.29
1126.82
1126.34
1125.86
1125.38
1124.91
1124.43
1123.95
1123.48
1123
1122.53
1122.05
1121.58
1121.1
1120.63
1120.16
1123.57
1126.94
1126.47
1125.99
1125.52
1125.05
1124.57
1124.1
1123.63
1123.15
1122.68
1122.21
1121.74
1121.27
1120.8
1120.33
1119.86
1119.39
1118.92
1118.45
1122.01
1125.57
1125.1
1124.63
1124.16
1123.69
1123.22
1122.75
1122.28
1121.81
1121.35
1120.88
1120.41
1119.95
1119.48
1119.02
1118.55
1118.09
1117.62
1117.16
1116.69
1116.23
1115.77
1115.31
1114.84
1114.38
1113.92
1113.46
1113
1112.54
1112.08
1111.62
1111.16
1110.7
1110.24
1109.79
1109.33
1108.87
1108.42
1107.96
1111.51
1115.1
1118.75
1122.46
1126.21
1130.02
1133.88
1137.79
1141.76
1141.3
1140.83
1140.36
1139.89
1139.43
1138.96
1138.5
1138.03
1137.56
1137.1
1136.64
1136.17
1135.71
1135.25
1134.78
1134.32
1133.86
1133.4
1132.93
1132.47
1132.01
1131.55
1131.09
1130.63
1130.18
1129.72
1129.26
1128.8
1128.34
1127.89
1127.43
1126.97
1130.32
1129.87
1129.41
1128.95
1128.5
1128.04
1127.59
1127.13
1126.68
1126.22
1125.77
1125.31
1124.86
1124.41
1123.96
1123.5
1123.05
1122.6
1122.15
1121.7
1121.25
1120.8
1120.35
1119.9
1119.45
1119
1118.55
1118.11
1117.66
1117.21
1116.77
1116.32
1115.87
1115.43
1114.98
1114.54
1114.09
1113.65
1113.2
1112.76
1112.32
1111.88
1111.43
1110.99
1110.55
1110.11
1109.67
1109.23
1108.79
1108.35
1107.91
1107.47
1107.03
1106.59
1106.15
1105.71
1105.28
1104.84
1104.4
1103.96
1103.53
1103.09
1102.66
1102.22
1101.79
1101.35
1100.92
1100.49
1100.05
1099.62
1099.19
1098.75
1098.32
1097.89
1097.46
