22.5133
33.0581
43.5059
53.8629
64.1343
74.3249
84.4393
94.4818
104.456
114.368
124.553
135.243
145.893
156.415
166.784
176.992
187.03
196.895
206.582
216.085
205.796
215.064
224.069
232.827
241.352
249.679
257.825
265.807
273.638
281.334
288.9
298.724
308.425
318.028
327.548
336.995
346.379
355.707
346.586
356.402
366.212
376.005
385.78
395.536
405.276
415.001
424.714
434.418
444.115
453.183
444.297
451.827
443.302
435.093
445.786
456.406
466.974
477.511
488.03
498.538
509.04
519.539
530.037
540.535
532.219
542.173
552.971
544.84
536.943
546.1
555.136
564.049
572.839
581.511
573.758
566.208
573.749
581.135
588.34
595.313
601.908
607.182
616.738
625.983
635.005
643.819
636.419
645.749
654.843
663.692
672.287
680.618
688.68
696.464
703.965
711.181
718.111
710.784
719.574
728.362
737.16
745.997
754.933
764.145
771.925
776.332
780.427
785.163
794.413
803.53
812.498
821.298
829.916
838.338
846.547
854.516
862.195
869.809
