0
4.84507
9.12722
12.9686
16.6069
20.2491
23.9024
27.1909
30.1902
27.1711
34.5426
41.8336
49.1435
56.5032
63.8836
71.2795
78.6865
86.1012
93.5211
100.944
108.927
117.248
125.786
120.545
129.423
137.39
145.388
153.422
161.49
169.592
178.523
186.696
194.902
203.141
197.337
204.982
212.571
220.136
227.662
235.264
243.403
249.306
255.389
262.026
268.206
277.735
271.826
266.163
260.731
266.655
272.305
277.822
283.326
288.626
294.044
299.389
294.137
289.065
297.6
306.123
314.652
323.073
331.607
339.267
347.454
355.299
363.114
371.074
365.696
373.011
380.215
387.308
394.282
401.145
407.898
414.542
421.078
427.506
433.826
428.403
436.121
443.721
451.193
458.527
465.714
472.744
479.608
486.559
493.331
487.849
482.488
488.777
495.05
501.303
507.536
513.748
519.917
526.066
532.19
538.288
544.36
539.023
545.588
551.985
558.546
564.972
571.054
576.916
582.634
588.145
593.491
598.642
593.345
588.14
583.026
590.814
598.124
605.363
612.528
619.62
627.035
634.283
641.38
648.349
655.17
649.971
656.012
650.887
657.633
658.507
662.206
667.149
671.856
666.842
661.902
667.715
673.332
678.75
683.97
688.989
693.811
688.925
693.589
694.464
695.328
701.811
708.244
714.626
721.005
727.278
733.554
739.682
745.71
752.813
759.874
766.903
773.88
780.816
787.699
794.53
801.312
808.041
814.735
821.402
828.053
834.698
837.844
843.018
847.859
852.591
857.124
861.372
865.455
869.391
873.198
876.986
880.587
875.639
881.756
887.837
894.027
900.264
906.653
901.726
904.895
908.489
912.081
915.671
919.26
922.847
926.435
930.1
933.764
937.348
940.929
946.913
942.107
937.349
940.942
944.543
948.155
943.461
947.024
950.7
946.062
941.469
947.675
953.755
954.494
955.226
965.363
968.57
973.33
978.098
973.549
974.279
980.497
986.758
992.988
999.106
1005.2
1005.91
1001.4
1004.92
1008.54
1012.14
1015.72
1019.27
1014.81
1020.55
1025.48
1021.06
1016.68
1012.33
1008.02
1012.54
1016.92
1021.27
1025.51
1029.69
1033.82
1037.93
1042.08
1046.15
1050.22
1053.61
1057
1060.39
1063.8
1067.21
1070.62
1074.03
1077.44
1080.85
1084.28
1087.72
1091.2
1094.71
1098.28
1101.9
1105.6
1109.37
1113.16
