16.5243
21.573
27.4432
34.2456
41.6474
34.7062
40.7177
35.628
31.6693
38.1128
44.5058
50.8913
57.498
53.391
62.5249
71.777
81.0851
90.4191
99.7572
109.083
103.888
99.1662
108.705
118.418
113.681
109.309
118.976
114.727
110.771
119.564
128.424
137.276
146.096
141.799
137.748
146.965
156.148
152.039
148.14
144.437
140.914
137.559
134.36
131.306
128.388
136.177
143.962
151.735
159.487
167.211
163.932
160.78
168.842
165.715
162.702
159.797
156.993
154.287
151.671
149.144
146.699
144.333
142.042
139.822
137.671
135.585
133.561
131.597
129.69
127.837
126.037
132.363
138.74
136.865
135.04
133.264
131.533
129.847
128.203
126.6
125.037
123.513
122.025
120.572
119.153
117.768
116.414
115.091
113.798
112.534
111.297
110.087
108.904
107.745
106.611
105.5
104.413
103.347
102.303
101.28
100.278
99.2945
98.3304
103.52
102.534
101.567
100.617
99.6858
98.7712
97.8733
102.706
107.608
106.655
105.72
104.8
103.897
103.009
102.136
101.278
100.434
99.6038
98.7873
97.9842
97.194
96.4165
95.6512
94.8981
94.1567
93.4268
92.7081
92.0004
91.3035
90.617
89.9407
89.2745
88.6181
87.9712
87.3337
86.7054
86.0861
85.4756
84.8736
84.2801
83.6948
83.1176
82.5483
81.9868
81.4328
80.8863
80.347
79.8149
79.2898
78.7716
78.2601
77.7552
77.2568
76.7647
76.2788
75.7991
75.3254
74.8575
74.3954
73.939
73.4882
77.4665
76.9998
76.5387
76.0831
75.6329
75.188
74.7483
74.3138
73.8842
73.4596
73.0398
72.6248
72.2145
71.8088
71.4076
71.0109
70.6186
70.2306
69.8468
69.4672
69.0917
68.7202
68.3528
67.9892
67.6294
67.2735
66.9213
66.5727
66.2278
65.8864
65.5485
65.2141
64.8831
64.5554
64.231
63.9098
63.5919
63.2771
62.9653
62.6567
62.3511
62.0484
61.7486
61.4518
61.1577
60.8665
60.578
60.2923
60.0092
59.7288
59.451
59.1758
58.9031
58.6329
58.3651
58.0998
57.837
57.5764
57.3182
57.0623
56.8087
56.5574
56.3082
56.0613
55.8164
55.5738
55.3332
55.0947
54.8582
54.6238
54.3913
54.1609
53.9323
53.7057
53.481
53.2582
53.0372
52.818
52.6007
52.3851
52.1713
51.9592
51.7489
51.5402
51.3332
51.1279
50.9242
50.7221
50.5216
50.3227
50.1254
49.9296
49.7353
49.5425
49.3512
49.1614
48.973
48.7861
48.6006
48.4165
48.2338
48.0525
47.8725
47.6939
47.5166
47.3406
47.1659
46.9925
46.8204
46.6495
46.4799
46.3115
46.1443
45.9783
45.8135
48.2813
50.7805
53.3009
55.8392
58.3936
60.9631
63.5471
66.1458
65.9161
65.688
65.4615
65.2365
65.0131
64.7912
64.5709
64.352
64.1346
63.9186
63.7041
63.4911
63.2794
63.0692
62.8604
62.6529
62.4468
62.2421
62.0387
61.8366
61.6358
61.4364
61.2382
61.0413
60.8456
60.6512
60.4581
60.2661
60.0754
59.8859
59.6976
59.5104
59.3245
59.1397
58.956
58.7735
58.5921
58.4118
58.2326
58.0545
57.8775
57.7016
57.5268
57.353
57.1802
57.0085
56.8378
56.6682
56.4995
56.3318
56.1652
55.9995
55.8348
55.6711
55.5083
55.3464
55.1856
55.0256
54.8666
54.7085
54.5512
54.3949
54.2395
54.085
53.9313
53.7786
56.005
55.8472
55.6904
55.5344
55.3793
55.225
55.0716
54.919
54.7673
54.6165
54.4664
54.3172
54.1688
54.0212
53.8744
53.7284
53.5832
53.4387
53.2951
53.1522
53.0101
52.8687
52.7281
52.5883
52.4491
52.3107
52.1731
52.0362
51.8999
51.7644
51.6296
51.4955
51.3621
51.2294
51.0974
50.966
50.8353
50.7053
50.576
50.4473
50.3192
50.1918
50.0651
49.939
49.8135
49.6887
49.5644
49.4408
49.3178
51.3499
53.4402
55.5922
57.8096
60.0962
62.4558
64.8922
64.7339
64.5764
64.4197
64.2637
64.1085
63.954
63.8003
63.6473
63.495
63.3435
63.1927
63.0426
62.8932
62.7445
62.5965
62.4492
62.3026
62.1567
62.0115
61.8669
61.7231
61.5798
61.4373
61.2954
61.1542
61.0136
60.8737
60.7344
60.5957
60.4577
60.3203
60.1835
60.0473
59.9118
59.7768
59.6425
59.5088
59.3756
59.2431
59.1112
58.9798
58.849
58.7188
58.5892
58.4602
58.3317
58.2038
58.0764
57.9496
57.8233
57.6976
57.5725
57.4479
57.3238
57.2002
57.0772
59.2715
59.1446
59.0182
58.8924
58.767
58.6423
58.518
58.3943
58.2711
60.4469
62.6372
64.84
67.0532
69.2748
69.1305
68.9868
68.8436
68.7011
68.5592
68.4178
68.277
68.1368
67.9972
67.8582
67.7197
67.5817
67.4444
67.3076
67.1713
67.0356
66.9005
66.7659
66.6318
66.4983
66.3653
66.2328
66.1009
65.9695
65.8386
65.7082
65.5783
65.449
65.3201
65.1918
65.064
64.9367
67.0347
66.904
66.7738
66.6442
66.515
66.3864
66.2582
66.1305
66.0034
65.8767
65.7505
65.6248
65.4995
65.3748
65.2505
65.1267
65.0033
64.8804
64.758
64.6361
64.5146
64.3935
64.2729
64.1528
64.0331
66.0671
68.1257
70.2095
72.3193
74.4561
74.3187
74.1819
74.0455
73.9096
73.7743
73.6394
73.505
73.3711
73.2377
73.1048
72.9724
72.8404
72.7089
72.5779
72.4474
72.3173
72.1877
72.0586
71.9299
71.8017
71.6739
71.5466
71.4198
71.2934
73.3677
75.4643
75.3315
75.1991
75.0671
74.9357
74.8047
74.6741
74.544
74.4144
74.2852
74.1564
74.0281
73.9003
73.7729
73.6459
73.5194
73.3933
73.2676
73.1423
73.0175
72.8931
72.7692
72.6456
72.5225
72.3998
72.2775
72.1556
72.0341
71.9131
71.7924
71.6721
71.5523
71.4328
71.3138
71.1951
71.0769
70.959
70.8415
70.7244
70.6077
70.4914
72.4566
72.3376
72.219
72.1008
71.983
71.8656
71.7485
71.6318
71.5156
71.3997
71.2841
71.169
71.0542
70.9397
70.8257
70.712
70.5987
70.4857
70.3731
70.2609
70.149
72.0774
74.028
76.001
75.8808
75.7609
75.6414
75.5223
75.4035
75.2852
75.1672
75.0495
74.9323
74.8154
74.6988
74.5827
74.4669
74.3514
74.2363
74.1216
74.0072
73.8932
73.7795
73.6661
73.5532
73.4405
73.3282
73.2163
73.1047
72.9934
72.8825
72.7719
72.6616
72.5517
72.4421
72.3328
74.2331
76.1501
78.0836
80.0334
81.9993
83.9811
85.9783
87.9909
90.0186
92.0611
91.9245
91.7883
91.6525
91.5172
91.3822
91.2476
91.1134
90.9796
90.8462
90.7132
90.5806
92.6149
92.4799
92.3453
92.2111
92.0773
91.9438
91.8108
93.8553
93.7198
93.5848
93.4501
93.3159
93.182
93.0485
92.9154
92.7826
92.6503
92.5183
92.3867
92.2555
92.1246
91.9941
91.864
91.7342
91.6049
91.4758
91.3472
91.2189
91.0909
90.9634
90.8361
90.7093
90.5828
90.4566
90.3308
90.2053
90.0802
89.9555
89.831
89.707
89.5832
89.4598
89.3368
89.2141
89.0917
88.9696
88.8479
88.7266
88.6055
88.4848
88.3644
88.2444
88.1246
88.0052
87.8861
87.7674
87.6489
87.5308
87.413
87.2955
87.1783
87.0615
86.9449
86.8287
86.7127
86.5971
86.4818
86.3668
86.2521
86.1377
86.0236
85.9098
85.7964
85.6832
85.5703
85.4577
85.3454
85.2334
85.1217
85.0103
84.8991
84.7883
84.6778
84.5675
84.4575
84.3478
86.199
86.0874
85.976
85.8649
85.7541
85.6436
85.5334
85.4235
85.3138
85.2044
85.0953
84.9865
84.878
84.7697
84.6617
84.554
84.4466
84.3394
84.2325
84.1259
84.0195
83.9134
83.8076
83.7021
83.5968
83.4918
83.387
83.2825
83.1783
83.0743
82.9706
82.8671
82.7639
82.661
82.5583
82.4559
82.3537
82.2518
82.1501
82.0487
81.9475
81.8466
81.7459
81.6455
81.5453
81.4454
81.3457
81.2463
81.1471
81.0481
80.9494
80.8509
80.7527
80.6547
80.5569
80.4594
80.3621
80.265
80.1682
80.0716
79.9753
79.8791
79.7832
79.6876
79.5921
79.4969
79.402
79.3072
79.2127
79.1184
79.0243
78.9305
78.8368
78.7434
78.6502
78.5573
78.4645
78.372
78.2797
78.1876
78.0957
78.004
77.9126
77.8214
77.7303
77.6395
77.5489
77.4586
77.3684
77.2784
77.1887
77.0991
77.0098
76.9207
76.8317
76.743
76.6545
76.5662
76.4781
76.3902
76.3025
76.215
76.1277
76.0406
75.9537
75.8669
75.7804
75.6941
75.608
77.264
78.9405
80.6377
82.3556
84.0941
85.8532
87.6328
89.4325
91.2522
91.1496
91.0472
90.945
90.843
90.7413
90.6398
90.5385
90.4375
90.3367
90.2361
90.1357
90.0355
89.9356
89.8359
89.7364
89.6371
89.5381
89.4393
89.3407
89.2423
89.1441
89.0461
88.9484
88.8509
88.7535
88.6564
88.5595
88.4629
88.3664
88.2701
88.1741
88.0782
87.9826
87.8872
87.792
87.6969
87.6021
87.5075
87.4131
87.3189
89.116
89.0202
88.9246
88.8292
88.734
88.639
88.5442
88.4496
88.3552
88.261
88.167
88.0732
87.9796
87.8862
87.793
87.7
87.6072
87.5146
87.4222
87.3299
87.2379
87.1461
87.0545
86.963
86.8718
86.7807
86.6898
86.5992
86.5087
86.4184
86.3282
86.2383
86.1486
86.059
85.9697
85.8805
85.7915
85.7027
85.6141
85.5256
85.4373
85.3493
85.2614
85.1737
85.0861
84.9988
84.9116
84.8246
84.7378
84.6511
84.5646
84.4784
84.3922
84.3063
84.2205
84.1349
84.0495
83.9643
83.8792
83.7943
83.7096
83.625
83.5407
83.4564
83.3724
83.2885
83.2048
83.1213
83.0379
82.9547
82.8717
82.7888
82.7061
82.6235
82.5412
82.459
82.3769
82.295
82.2133
82.1317
82.0503
81.9691
81.888
81.8071
81.7263
81.6457
81.5653
81.485
81.4049
81.3249
81.2451
81.1655
81.086
81.0066
80.9275
80.8484
80.7696
80.6908
80.6123
80.5338
80.4556
80.3775
80.2995
80.2217
80.144
80.0665
79.9892
81.6769
81.5982
81.5196
81.4411
81.3628
81.2846
81.2066
81.1288
81.0511
80.9735
80.8961
80.8188
80.7417
80.6647
80.5879
80.5112
80.4347
80.3583
80.2821
80.206
80.13
80.0542
79.9785
79.903
79.8276
79.7524
79.6773
79.6024
79.5275
79.4529
79.3783
79.3039
79.2297
79.1556
79.0816
79.0078
78.9341
78.8605
78.7871
78.7138
78.6406
78.5676
78.4947
78.422
78.3494
78.2769
78.2045
79.7867
79.7131
79.6397
79.5663
79.4931
79.4201
79.3471
79.2744
79.2017
79.1292
79.0568
78.9845
78.9124
78.8404
78.7685
78.6968
78.6252
78.5537
78.4823
78.4111
78.34
79.8671
81.3929
81.3193
81.2458
81.1725
81.0993
81.0262
80.9533
80.8805
80.8078
80.7353
80.6629
80.5906
80.5185
82.1286
83.7555
85.3991
87.059
86.9814
86.904
86.8267
86.7495
86.6725
86.5955
86.5188
86.4421
86.3656
86.2893
86.2131
86.137
86.061
85.9852
85.9095
85.8339
85.7585
85.6832
85.6081
85.533
85.4581
85.3834
85.3087
85.2342
85.1598
85.0856
85.0115
84.9375
84.8636
84.7899
84.7163
84.6428
84.5695
84.4963
84.4232
84.3502
84.2774
84.2046
84.1321
84.0596
83.9872
83.915
85.4484
86.9963
88.5588
90.1356
91.7269
93.3325
94.9524
96.5865
98.2346
99.8968
99.8117
99.7268
101.402
103.094
104.804
106.531
108.277
108.185
108.094
108.002
107.911
107.82
107.729
107.638
107.548
107.457
107.367
107.277
107.187
107.097
107.007
106.918
106.828
106.739
106.65
106.561
106.472
106.384
106.295
106.207
106.118
106.03
105.942
105.855
105.767
105.68
105.592
105.505
105.418
107.143
107.054
106.966
106.878
106.79
106.703
106.615
106.528
106.441
106.353
106.266
106.18
106.093
106.006
105.92
105.834
105.748
105.662
105.576
105.49
105.405
105.319
105.234
105.149
105.064
104.979
104.894
104.81
104.725
104.641
104.557
104.473
104.389
104.305
104.221
104.138
104.054
103.971
103.888
103.805
103.722
103.639
103.557
103.474
103.392
103.31
105
106.715
106.63
106.546
106.462
106.377
106.293
106.209
106.125
106.042
105.958
105.875
105.791
105.708
105.625
105.542
105.46
105.377
105.294
105.212
105.13
105.048
104.966
104.884
104.802
104.72
104.639
104.557
104.476
104.395
104.314
104.233
104.153
104.072
103.991
103.911
103.831
103.751
103.671
103.591
103.511
103.431
103.352
103.273
103.193
103.114
103.035
102.956
102.878
102.799
102.72
102.642
102.564
102.485
102.407
102.329
102.252
102.174
102.096
102.019
101.942
101.864
101.787
101.71
101.633
103.295
104.982
106.697
106.617
106.536
106.456
106.376
106.296
106.216
106.137
106.057
105.978
105.898
105.819
105.74
105.661
105.582
105.504
105.425
105.346
105.268
105.19
105.112
105.034
104.956
104.878
104.8
104.723
104.645
104.568
104.491
104.413
104.336
104.26
104.183
104.106
104.03
103.953
103.877
103.801
103.725
103.649
103.573
103.497
103.421
103.346
103.27
103.195
103.12
103.045
102.97
102.895
102.82
102.745
102.671
102.596
102.522
102.448
102.374
102.3
102.226
102.152
102.078
102.005
101.931
101.858
101.784
101.711
101.638
101.565
101.492
101.42
101.347
101.274
102.793
102.72
102.646
102.573
102.5
102.427
102.354
102.281
102.208
102.135
102.063
101.99
101.918
101.846
101.774
101.702
101.63
101.558
101.486
101.415
101.343
101.272
101.2
101.129
101.058
100.987
100.916
100.845
100.775
100.704
100.633
100.563
100.493
100.422
100.352
100.282
100.212
100.143
100.073
100.003
99.9337
99.8642
99.7949
99.7256
99.6564
99.5874
99.5184
99.4495
99.3808
99.3121
99.2435
99.175
99.1066
99.0383
98.9701
98.902
98.834
98.766
98.6982
98.6305
98.5628
98.4953
98.4278
98.3604
98.2932
98.226
98.1589
98.0919
98.025
97.9581
97.8914
97.8248
97.7582
97.6918
97.6254
97.5591
97.4929
97.4268
97.3608
97.2949
97.2291
97.1633
97.0977
97.0321
96.9667
96.9013
96.836
96.7708
96.7056
96.6406
96.5757
96.5108
96.446
96.3814
96.3168
96.2522
96.1878
96.1235
96.0592
95.9951
95.931
95.867
95.8031
95.7392
95.6755
95.6118
95.5483
95.4848
95.4214
95.3581
95.2948
95.2317
95.1686
95.1056
95.0427
94.9799
94.9172
94.8545
94.7919
94.7295
94.6671
94.6047
94.5425
94.4803
94.4183
94.3563
94.2944
94.2325
94.1708
94.1091
94.0475
93.986
93.9246
93.8632
93.802
93.7408
93.6797
93.6186
93.5577
93.4968
93.436
93.3753
93.3147
93.2541
93.1936
93.1332
93.0729
93.0127
92.9525
92.8924
92.8324
92.7725
92.7126
92.6529
92.5932
92.5335
92.474
92.4145
92.3551
92.2958
92.2366
92.1774
92.1183
92.0593
92.0004
91.9415
91.8827
91.824
91.7654
91.7068
91.6483
93.1405
94.6538
96.1891
97.7477
99.3304
100.939
102.571
104.229
105.912
107.622
107.554
107.486
107.418
109.133
109.064
108.995
108.926
108.858
108.789
108.721
108.652
108.584
108.516
108.447
108.379
108.311
108.243
108.176
108.108
108.04
107.973
107.905
107.838
107.77
107.703
107.636
107.569
107.502
107.435
107.368
107.302
107.235
107.168
107.102
107.035
106.969
106.903
106.837
106.771
106.705
106.639
106.573
106.507
106.442
106.376
106.31
106.245
106.18
106.114
106.049
105.984
105.919
105.854
105.789
105.725
105.66
105.595
105.531
105.466
105.402
107.093
108.811
108.745
108.679
108.613
108.547
108.481
108.415
108.349
110.038
109.971
109.905
109.838
109.772
109.705
109.639
109.573
109.506
109.44
109.374
109.308
109.242
109.177
109.111
109.045
108.98
108.914
108.849
108.784
108.719
108.653
108.588
108.523
108.458
108.394
108.329
108.264
108.2
108.135
108.071
108.006
107.942
107.878
107.814
107.75
107.686
107.622
107.558
107.494
107.43
107.367
107.303
107.24
107.176
107.113
107.05
106.987
106.924
106.861
106.798
106.735
106.672
106.609
106.547
106.484
106.422
106.359
106.297
106.235
106.172
106.11
107.745
109.382
111.022
112.665
114.31
115.957
117.606
119.257
120.91
122.564
122.492
122.421
122.35
122.279
122.208
122.137
122.067
121.996
121.925
121.855
121.784
121.714
121.644
121.573
121.503
121.433
121.363
121.294
121.224
121.154
121.084
121.015
120.945
120.876
120.807
120.737
120.668
120.599
120.53
120.461
120.392
120.324
120.255
120.186
120.118
121.751
123.394
123.323
123.253
123.183
123.113
123.043
122.973
122.904
122.834
122.764
122.695
122.625
122.556
122.487
122.418
122.348
122.279
122.21
122.142
122.073
122.004
121.935
121.867
121.798
121.73
121.662
121.593
121.525
121.457
121.389
121.321
121.253
121.185
121.117
121.05
120.982
120.915
120.847
120.78
120.713
120.645
122.28
123.941
125.63
127.345
129.071
130.808
132.554
134.31
136.074
137.848
139.448
141.088
141.01
140.932
140.854
140.776
140.699
140.621
140.544
140.466
140.389
140.312
140.234
140.157
140.08
140.004
141.792
143.582
145.376
147.174
147.093
147.013
146.932
146.852
146.772
146.692
146.612
146.532
146.452
146.372
146.292
146.213
146.133
146.054
145.974
145.895
145.816
145.737
145.658
145.579
145.5
145.422
145.343
145.264
145.186
145.107
145.029
144.951
144.873
144.795
144.717
144.639
146.413
146.334
146.255
146.177
146.098
146.02
145.942
145.863
145.785
145.707
145.629
145.551
145.474
145.396
145.318
145.241
145.163
145.086
145.009
144.931
144.854
144.777
144.7
144.623
144.547
144.47
144.393
144.317
144.24
144.164
144.087
144.011
143.935
143.859
143.783
143.707
143.631
143.556
143.48
143.404
143.329
143.253
143.178
143.103
143.027
142.952
142.877
142.802
142.727
142.653
142.578
142.503
142.429
142.354
142.28
142.205
142.131
142.057
141.983
141.909
141.835
141.761
141.687
141.614
141.54
141.466
141.393
141.319
141.246
141.173
141.1
141.027
140.954
140.881
140.808
140.735
140.662
140.589
140.517
140.444
140.372
140.3
140.227
140.155
140.083
140.011
141.73
143.441
145.143
146.837
148.521
150.196
151.86
153.515
153.436
153.358
153.279
153.201
153.123
153.045
152.966
152.888
152.81
152.732
152.655
152.577
152.499
152.422
152.344
152.267
154.024
153.946
153.868
153.79
153.712
153.634
153.556
153.479
153.401
153.323
153.246
153.169
153.091
153.014
152.937
152.86
152.783
152.706
152.629
152.552
152.476
152.399
152.322
152.246
152.17
152.093
152.017
151.941
151.865
151.789
151.713
151.637
151.561
151.485
151.41
151.334
151.259
151.183
151.108
151.033
150.958
150.883
150.807
150.733
150.658
150.583
150.508
150.433
150.359
150.284
150.21
150.136
150.061
149.987
149.913
149.839
149.765
149.691
149.617
149.543
149.47
149.396
149.322
149.249
149.176
149.102
149.029
148.956
148.883
148.81
148.737
148.664
148.591
148.518
148.445
148.373
148.3
150.069
151.851
153.647
153.572
153.497
153.422
153.348
153.273
153.198
153.124
153.049
152.975
152.9
152.826
152.752
152.678
152.604
152.53
152.456
152.382
152.308
152.235
152.161
152.088
152.014
151.941
151.867
151.794
151.721
151.648
151.575
151.502
151.429
151.356
151.283
151.211
151.138
151.065
150.993
150.92
150.848
150.776
150.704
150.631
150.559
150.487
150.415
152.074
153.731
155.386
157.037
158.686
160.331
161.974
163.613
165.248
166.879
166.8
166.721
166.642
166.562
166.483
166.404
166.326
166.247
166.168
166.089
166.011
165.932
165.854
165.775
165.697
165.619
165.541
165.463
165.385
165.307
165.229
165.151
165.073
166.71
168.333
169.944
171.542
173.128
174.701
176.266
177.828
177.745
177.661
177.578
177.495
177.412
177.329
177.246
177.163
177.081
176.998
176.916
176.833
176.751
176.668
176.586
176.504
176.422
176.34
176.258
176.176
176.094
176.013
175.931
175.849
175.768
175.686
175.605
175.524
175.443
175.362
175.28
175.2
175.119
175.038
174.957
174.876
174.796
174.715
174.635
174.555
176.106
176.025
175.944
175.863
175.782
175.702
175.621
177.189
177.107
177.026
176.945
176.864
176.783
176.702
176.622
176.541
176.46
176.38
176.299
176.219
