12.3676
19.4898
26.7031
33.9799
41.305
49.827
42.7089
49.5283
44.0252
51.0479
58.4733
53.6006
49.4774
56.0141
62.5773
58.6662
55.2153
52.1477
49.4031
55.2611
61.1227
62.8325
64.3935
61.7104
59.242
65.1979
72.0351
73.5484
71.0123
68.6452
74.5886
80.5716
86.5803
92.9422
99.3353
105.75
112.111
118.477
124.841
121.72
118.751
115.924
113.228
110.655
108.196
105.843
103.592
101.433
99.3633
97.376
95.4667
97.0986
95.2665
93.5023
91.8023
90.163
88.5812
87.0539
85.5784
84.1521
82.7726
81.4375
80.1449
78.8926
77.6789
76.5019
75.3601
74.2519
73.1758
72.1304
71.1145
70.1268
69.1661
68.2314
67.3217
66.4359
67.915
67.0443
66.1956
65.3682
64.5611
63.7738
63.0055
62.2554
61.523
60.8076
60.1087
59.4256
58.7579
58.105
57.4665
58.8019
58.1697
57.5508
56.945
56.3519
60.476
64.582
68.7612
73.0071
77.4649
81.8394
86.2733
90.7838
95.2589
94.3603
93.4784
92.6129
91.7632
90.929
90.1098
89.3053
88.5149
87.7385
86.9755
86.2258
85.4888
89.6252
93.7992
98.0152
102.264
106.546
110.868
109.974
109.094
108.229
107.376
106.538
105.712
104.899
104.098
103.309
102.532
101.767
101.013
100.271
99.5387
98.8175
98.1065
97.4058
96.715
100.466
99.7631
99.0703
98.387
97.7131
99.1582
98.4882
97.8272
97.175
96.5315
95.8964
95.2696
99.0527
102.909
106.839
110.829
114.871
119.008
123.119
127.328
126.542
130.84
134.775
133.958
133.151
132.354
131.566
130.787
130.018
129.258
128.506
127.763
127.029
126.303
125.585
124.876
124.174
123.481
122.795
122.116
121.445
120.782
120.125
119.476
118.834
118.198
117.569
116.947
116.332
115.723
115.12
114.524
113.933
113.349
116.947
120.671
124.27
127.865
131.458
135.047
134.378
133.716
133.061
132.412
131.769
131.132
130.502
129.878
129.259
128.647
128.04
127.439
126.843
126.253
128.941
131.788
131.184
130.585
129.991
129.403
128.82
128.243
127.67
127.103
126.54
125.983
125.43
124.883
124.34
123.801
123.268
122.739
122.214
121.694
125
124.472
123.949
123.431
122.916
122.406
121.9
121.399
120.901
120.408
119.918
119.433
118.951
118.473
118
117.529
117.063
116.6
116.141
115.686
115.234
114.786
114.341
113.899
113.461
113.026
112.595
112.167
111.742
111.32
110.902
110.487
110.074
109.665
109.259
108.856
108.456
108.058
107.664
107.272
106.884
106.498
106.115
105.734
105.357
104.982
104.61
104.24
103.873
103.508
103.146
102.787
102.43
102.076
101.724
101.374
101.027
100.682
100.34
99.9997
99.6618
99.3263
98.9929
98.6619
98.333
98.0063
97.6818
97.3594
97.0391
96.721
96.4049
96.0909
95.7789
95.4689
95.161
94.855
94.551
94.2489
93.9487
93.6505
93.3541
93.0596
92.767
92.4762
92.1872
91.9
91.6146
91.331
91.0491
90.7689
90.4905
90.2138
89.9387
89.6653
89.3936
89.1236
88.8551
88.5883
88.323
88.0594
87.7973
87.5368
87.2778
87.0203
86.7644
86.51
86.257
86.0055
85.7555
88.0017
87.7474
87.4945
87.2431
86.9931
86.7445
86.4974
86.2517
86.0073
85.7644
85.5228
85.2825
85.0437
84.8061
84.5699
84.335
84.1013
83.869
83.638
83.4082
83.1797
82.9524
82.7264
82.5016
82.278
82.0556
81.8345
81.6145
81.3957
81.178
80.9616
80.7462
80.5321
80.319
80.1071
79.8963
79.6866
79.478
79.2705
79.064
78.8587
78.6544
78.4511
78.2489
78.0478
77.8477
77.6486
77.4505
77.2534
79.5238
81.8753
84.2865
86.7207
89.175
91.697
91.4677
91.2396
91.0127
90.7868
90.5621
90.3385
90.116
89.8946
89.6742
89.455
89.2368
89.0197
88.8036
88.5886
88.3746
88.1617
87.9497
87.7388
87.5289
87.32
87.1121
86.9052
86.6993
86.4943
86.2903
86.0873
85.8852
85.684
85.4838
85.2846
85.0862
84.8888
84.6923
84.4967
84.302
84.1082
83.9153
83.7233
83.5322
83.3419
83.1525
82.9639
82.7762
82.5894
82.4033
82.2182
82.0338
81.8503
81.6676
81.4857
81.3046
81.1244
80.9449
80.7662
80.5883
80.4112
80.2348
80.0593
79.8845
79.7104
79.5371
79.3646
79.1928
79.0218
79.9316
79.7597
79.5886
79.4182
79.2485
79.0795
78.9112
78.7437
78.5769
78.4107
78.2453
78.0806
77.9166
77.7532
77.5905
77.4286
77.2673
77.1066
76.9466
76.7873
76.6287
76.4707
76.3133
76.1566
76.0006
75.8452
75.6904
75.5362
75.3827
75.2298
75.0775
74.9258
74.7748
74.6243
74.4745
74.3252
74.1766
74.0285
73.881
73.7342
73.5879
73.4421
73.297
73.1524
73.0084
72.865
72.7221
72.5798
72.438
72.2968
72.1562
72.0161
71.8765
71.7375
71.599
71.461
71.3236
71.1867
71.0503
70.9145
70.7792
70.6443
70.51
70.3762
70.243
71.8724
71.7368
71.6017
71.4671
71.333
71.1995
71.0664
70.9338
70.8017
70.6701
70.539
70.4083
70.2782
70.1485
70.0193
69.8906
69.7624
69.6346
69.5073
69.3805
69.2541
69.1282
69.0027
68.8777
68.7532
68.6291
68.5054
70.2638
72.0417
73.9239
75.6597
77.5927
77.4544
77.3165
79.3242
81.3597
83.4236
85.3692
87.3262
89.2945
91.2738
93.2639
95.2649
97.2765
97.1068
96.9376
96.769
96.601
96.4336
96.2668
96.1005
95.9348
95.7697
95.6051
95.4411
95.2777
95.1148
94.9525
94.7908
94.6296
94.4689
94.3088
94.1492
93.9902
93.8317
93.6737
93.5163
93.3594
93.203
93.0471
95.019
97.0127
99.0284
101.078
103.136
105.2
105.026
104.853
104.68
104.508
104.336
104.165
103.995
103.825
103.655
103.486
103.318
103.15
102.983
102.817
102.651
102.485
102.32
104.315
106.321
108.437
110.802
112.818
114.949
117.083
119.118
118.929
118.74
118.553
118.365
118.179
117.992
117.807
117.622
119.748
119.56
119.374
119.187
119.002
118.817
118.632
118.448
118.265
118.082
117.9
117.718
117.537
117.357
117.177
119.275
119.092
118.911
118.729
118.549
119.485
119.304
119.123
118.943
118.763
118.584
118.405
118.227
118.05
117.873
117.696
117.52
117.345
117.17
116.996
116.822
116.649
116.476
116.304
116.132
115.96
115.79
115.619
115.45
115.28
115.112
114.943
114.775
114.608
114.441
114.275
114.109
113.944
113.779
113.614
113.45
113.287
113.124
112.961
112.799
112.638
112.477
112.316
112.156
111.996
111.837
111.678
113.637
115.607
117.588
119.871
122.18
124.516
126.88
129.272
131.693
134.144
136.369
136.178
135.988
135.799
135.61
135.422
135.234
135.047
134.86
134.674
134.488
134.303
134.118
133.934
133.75
133.567
133.384
133.202
134.92
134.736
134.553
134.37
134.188
134.006
133.825
133.644
133.463
133.284
133.104
132.925
132.747
132.569
132.391
132.214
132.038
131.862
131.686
131.511
131.337
131.162
130.989
130.815
130.643
130.47
130.298
130.127
129.956
129.785
129.615
129.446
129.276
129.108
128.939
128.771
128.604
128.437
128.27
128.104
127.938
127.773
127.608
127.444
127.28
127.116
126.953
126.79
126.628
126.466
126.304
126.143
125.983
125.822
125.663
125.503
125.344
125.185
125.027
124.869
124.712
124.555
124.398
124.242
124.086
123.93
123.775
123.621
123.466
123.312
123.159
123.005
122.853
122.7
122.548
122.397
122.245
122.094
121.944
121.794
121.644
121.494
121.345
121.197
121.048
120.9
120.753
122.573
122.424
122.275
122.126
121.978
121.83
121.683
121.536
121.389
121.242
121.096
121.959
121.812
121.666
121.52
121.374
121.229
121.084
120.94
120.796
120.652
120.508
120.365
120.223
120.08
119.938
119.796
119.655
119.514
119.373
119.232
119.092
118.953
118.813
118.674
118.535
118.397
118.259
118.121
117.983
117.846
117.709
117.573
117.436
117.3
117.165
117.03
116.895
116.76
116.626
116.491
116.358
116.224
116.091
115.958
115.826
115.694
115.562
115.43
115.299
115.168
115.037
114.907
114.776
114.647
114.517
114.388
114.259
114.13
114.002
113.874
113.746
113.618
113.491
113.364
113.238
113.111
112.985
112.859
112.734
114.427
116.139
117.872
119.627
121.402
123.376
125.372
127.216
127.075
126.936
126.796
126.657
126.518
126.38
126.241
126.103
125.966
125.828
127.824
129.819
131.815
133.897
135.893
137.984
139.98
141.975
143.969
146.075
145.918
148.038
150.001
151.972
153.95
153.785
153.621
153.456
153.292
153.129
152.966
155.058
154.893
154.729
154.565
154.401
154.237
154.074
153.911
153.748
153.586
153.424
153.263
153.102
155.016
156.886
158.788
160.688
162.569
164.535
166.422
168.316
170.226
172.164
174.23
176.295
178.359
178.174
177.989
177.805
177.622
177.438
177.255
177.073
176.891
176.709
176.527
176.346
176.166
175.985
175.805
175.626
177.88
177.699
177.518
177.337
177.157
176.977
176.798
176.619
176.44
176.262
176.084
175.906
175.729
178.127
180.612
183.109
185.613
188.113
190.608
193.096
195.484
197.552
199.623
199.424
199.225
199.027
198.829
198.632
198.435
198.238
198.042
197.846
197.651
197.455
197.261
197.066
196.872
196.679
196.486
196.293
196.1
195.908
195.717
195.525
195.334
195.144
194.954
194.764
194.574
194.385
194.196
194.008
193.82
193.633
193.445
193.258
193.072
192.886
192.7
192.514
192.329
192.144
191.96
191.776
191.592
191.409
191.226
191.043
190.861
190.679
190.498
190.316
190.135
189.955
189.775
189.595
189.415
189.236
189.057
188.879
188.7
188.523
188.345
188.168
187.991
187.814
187.638
187.462
187.287
187.112
186.937
186.762
186.588
186.414
186.241
186.067
185.894
185.722
185.55
185.378
185.206
185.035
184.864
184.693
184.522
184.352
186.188
188.011
187.838
187.665
187.493
187.321
187.15
186.979
186.808
186.637
188.569
190.503
192.44
194.422
196.456
198.443
200.474
202.465
204.493
206.453
206.266
206.08
205.894
205.708
205.523
205.338
205.153
204.969
204.785
204.601
204.418
206.694
208.98
211.149
213.184
215.237
217.289
219.34
221.395
223.458
225.533
227.615
229.713
231.671
233.635
233.428
233.222
233.016
232.811
232.606
232.401
232.196
231.992
231.789
231.585
231.382
231.18
230.978
230.776
230.574
230.373
230.172
229.972
229.771
229.572
229.372
229.173
228.974
228.776
228.578
228.38
228.183
227.986
227.789
227.593
227.397
227.201
227.006
226.81
226.616
226.421
226.227
226.034
225.84
225.647
225.455
225.262
225.07
224.879
224.687
224.496
224.305
224.115
223.925
223.735
223.546
223.357
223.168
222.979
222.791
222.603
222.416
222.228
222.042
221.855
221.669
221.483
221.297
223.26
225.234
227.254
229.287
231.332
233.388
235.483
237.565
239.659
241.765
241.564
241.363
241.163
243.375
243.174
242.972
242.772
242.571
242.371
242.171
241.972
241.773
241.574
241.375
241.177
240.979
243.11
245.243
247.375
249.509
251.645
253.789
255.939
258.098
257.887
260.094
262.298
264.499
264.284
264.07
263.856
263.642
263.429
263.216
263.003
262.791
262.579
262.368
262.156
264.337
266.531
268.738
270.952
273.168
275.384
277.597
279.805
282.007
284.201
283.974
283.748
283.522
283.296
283.071
282.846
282.621
282.397
282.173
281.949
281.726
281.503
281.28
281.058
280.836
280.615
280.394
280.173
279.953
279.732
279.513
279.293
279.074
281.3
283.541
285.789
288.025
290.276
292.544
294.827
297.134
299.456
301.674
303.955
306.227
308.488
310.738
312.978
312.735
312.493
312.252
312.01
311.769
311.529
311.289
311.049
310.809
310.57
310.332
310.093
309.855
309.618
309.38
309.144
308.907
308.671
308.435
310.661
312.879
315.095
317.309
319.522
321.737
323.955
326.175
328.628
331.088
330.837
330.586
330.336
332.635
334.941
337.254
339.579
339.323
339.067
338.812
338.557
338.303
338.049
337.795
337.542
337.289
337.037
336.785
336.533
338.992
338.739
338.486
338.234
337.982
337.731
337.48
340.148
342.589
342.335
342.081
344.403
346.701
348.941
351.152
353.382
355.593
357.785
359.963
359.698
359.433
359.169
358.905
358.641
358.378
358.115
357.853
357.591
357.329
359.635
361.932
364.22
366.415
368.602
368.334
368.066
367.798
367.531
367.264
366.997
369.505
369.237
368.97
371.174
373.385
373.115
372.846
372.577
372.308
374.533
374.263
373.994
376.441
378.915
378.643
378.371
378.1
377.829
377.559
377.289
377.019
376.75
376.481
376.212
375.944
375.676
375.409
375.142
374.875
374.609
374.343
374.078
373.812
373.548
373.283
373.019
372.756
372.492
372.23
371.967
371.705
371.443
373.593
375.729
377.851
377.586
377.321
377.056
376.792
378.892
378.627
378.362
378.098
377.834
377.57
377.307
377.044
376.782
376.519
376.257
375.996
375.735
375.474
375.214
374.954
374.694
374.435
374.176
373.917
373.659
373.401
373.144
372.886
372.63
372.373
372.117
371.861
371.606
371.351
371.096
370.842
370.588
370.334
370.081
372.391
374.777
377.137
379.491
381.822
381.562
381.303
383.773
386.051
388.33
390.611
392.893
395.176
397.459
399.741
402.022
404.302
404.028
406.39
408.672
410.942
413.052
415.173
414.893
414.614
414.336
414.057
413.78
413.502
413.225
412.948
412.672
412.396
412.12
411.845
411.57
411.295
411.021
410.747
410.474
410.201
409.928
409.655
409.383
409.112
408.84
408.57
408.299
408.029
407.759
407.489
407.22
406.951
406.683
408.767
410.857
413.063
415.261
417.45
419.632
421.809
423.981
423.703
423.425
423.148
422.871
422.594
422.318
422.042
421.767
421.492
421.217
420.943
420.669
420.395
420.121
419.849
419.576
419.304
419.032
418.76
418.489
418.218
417.948
417.677
419.943
422.208
421.936
421.664
421.392
421.121
420.85
420.579
420.309
420.039
419.769
419.5
419.231
418.962
421.68
421.41
421.14
420.871
420.603
420.334
420.066
419.798
419.531
419.264
418.997
418.731
418.465
418.199
417.934
417.669
417.404
417.14
416.876
416.612
416.349
416.086
415.823
417.936
420.046
422.153
424.258
426.364
428.443
428.174
427.905
427.636
429.73
431.817
433.902
435.977
438.052
440.128
442.202
441.925
441.65
441.374
441.099
440.824
440.55
440.275
440.002
439.728
439.455
439.182
438.91
438.638
438.366
438.094
437.823
437.553
437.282
437.012
436.742
436.473
436.204
435.935
435.667
435.399
437.816
440.209
443.002
445.808
448.627
451.461
454.311
454.033
453.755
453.478
453.2
452.924
452.647
452.371
452.095
454.249
453.972
453.696
453.42
453.144
455.37
455.094
454.818
454.542
454.266
453.991
453.716
453.442
453.168
452.894
452.62
452.347
452.074
451.802
451.53
451.258
450.986
450.715
450.444
452.829
455.221
457.62
460.022
462.423
464.813
467.197
469.579
471.95
474.309
476.404
478.497
480.549
482.596
484.643
484.354
484.066
483.778
483.491
483.204
482.917
482.631
482.345
482.059
481.773
481.488
481.204
480.919
480.635
480.351
480.068
479.785
479.502
479.22
478.938
478.656
478.375
478.094
477.813
477.533
477.252
476.973
476.693
476.414
476.135
475.857
475.579
475.301
475.024
474.746
474.47
474.193
473.917
473.641
476.44
479.232
482.02
484.898
487.662
490.405
493.046
495.353
497.029
499.33
499.041
498.753
498.465
498.177
497.889
497.602
497.315
497.029
499.069
501.115
503.166
502.877
502.588
502.3
504.688
507.089
509.506
511.94
511.647
511.355
511.062
513.588
516.127
518.679
521.247
520.95
520.653
520.357
520.061
519.765
519.469
519.174
518.879
518.585
518.291
517.997
517.703
517.41
518.515
519.619
520.721
521.822
522.922
522.627
524.724
526.82
528.916
531.01
533.102
535.185
537.266
539.342
541.416
543.494
544.6
545.705
546.808
547.911
549.012
550.112
