22.9637
33.4718
43.9765
54.4971
65.0409
75.6118
86.2127
96.8457
107.513
118.104
125.981
134.488
143.256
152.188
161.269
170.488
179.837
189.307
198.893
188.949
198.486
207.85
217.164
226.453
235.721
244.964
254.177
263.354
272.486
281.567
292.254
283.121
293.503
303.733
313.808
323.725
314.975
306.686
316.241
325.819
317.872
310.304
320.387
330.51
340.64
350.769
360.896
371.016
381.129
391.233
401.324
393.606
402.722
411.937
421.246
413.724
423.142
432.486
441.757
450.957
460.088
469.15
478.147
487.08
495.949
488.435
481.145
491.114
501.074
511.022
520.957
513.722
506.685
499.837
493.173
502.936
512.684
506.111
499.705
508.42
517.014
525.476
533.796
541.961
549.958
557.774
565.396
572.809
579.998
573.553
567.251
561.085
568.237
575.392
582.555
589.732
596.93
604.152
611.403
618.686
626.004
633.36
627.211
621.18
615.264
609.46
603.764
598.173
592.686
599.954
607.235
614.534
621.854
629.197
636.568
643.965
638.461
647.843
657.192
651.715
646.329
641.032
648.549
656.227
664.052
672.014
680.103
688.309
696.625
705.045
713.562
708.156
702.832
697.587
692.42
700.887
709.398
717.948
726.535
735.155
743.804
752.479
761.174
769.887
778.613
773.28
768.02
762.831
771.181
779.462
787.672
795.814
803.888
811.894
819.832
827.702
835.505
843.239
837.936
847.081
856.165
865.186
874.144
883.038
891.867
886.494
895.234
889.906
884.64
893.454
902.239
896.993
891.808
886.683
894.307
901.852
909.331
916.715
924.022
931.215
938.315
933.16
928.06
937.291
946.564
955.877
965.23
974.618
984.042
993.498
1002.98
1012.5
1007.25
1002.06
996.924
991.837
1001.27
1010.71
1005.63
1000.6
1009.23
1004.23
1013.6
1022.96
1032.31
1041.64
1050.96
1060.26
1069.54
1078.79
1073.68
1068.61
1063.6
1058.63
1053.7
1048.82
1043.99
1039.2
1034.46
1029.75
1025.09
1033.48
1041.75
1049.88
1057.86
1065.67
1060.98
1056.33
1051.71
1047.14
1042.61
1038.11
1033.66
1029.24
1037.67
1046.15
1054.68
1063.25
1071.85
1080.48
1089.13
1097.8
1106.48
1115.16
1110.61
1119.61
1128.64
1137.69
1133.12
1128.58
1124.09
1119.63
1128.64
1137.69
1133.23
1128.8
1137.44
1146.1
1154.78
1163.49
1172.2
1180.91
1189.62
1185.11
1194.17
1203.22
1198.72
1207.72
1203.23
1198.77
1207.44
1216.09
1224.74
1220.27
1215.83
1211.43
1207.05
1202.71
1198.4
1207.27
1202.98
1198.71
1194.47
1190.27
1186.09
1181.94
1177.83
1173.74
1169.68
1165.64
1161.64
1157.66
1153.71
1149.78
1145.89
1142.01
1138.17
1134.35
1141.11
1147.93
1154.81
1161.75
1168.76
1175.83
1182.96
1190.15
1197.4
1204.71
1200.81
1196.94
1193.09
1189.27
1185.47
1181.69
1177.94
1185.08
1192.35
1199.61
1206.82
1213.98
1221.11
1217.32
1213.55
1209.8
1206.08
1212.92
1219.71
1226.48
1233.24
1229.5
1225.79
1234.32
1242.87
1251.44
1260
1268.57
1277.14
1285.69
1281.9
1278.13
1274.38
1282.94
1279.2
1275.48
1271.78
1268.1
1264.45
1260.82
1257.2
1264.34
1271.42
1267.81
1264.22
1260.65
1257.09
1253.56
1250.05
1258.4
1266.75
1275.09
1283.43
1291.76
1300.09
1308.41
1304.83
1301.26
1309.41
1317.57
1325.74
1333.9
1342.06
1350.22
1358.37
1366.5
1374.61
1382.69
1391.06
1399.42
1395.72
1403.73
1411.68
1419.57
1427.38
1435.14
1442.82
1450.44
1457.99
1465.48
1472.9
1469.12
1477.31
1485.49
1493.64
1501.77
1509.87
1517.93
1525.95
1533.93
1541.85
1549.71
1558.18
1554.3
1550.45
1546.61
1553.73
1560.81
1556.98
1553.16
1560.46
1556.66
1552.87
1549.1
1545.35
1541.62
1537.9
1534.2
1530.53
1526.86
1523.22
1519.59
1515.98
1512.39
1508.82
1505.26
1501.72
1498.19
1494.68
1501.65
1508.66
1515.73
1522.86
1519.34
1515.83
1512.34
1508.86
1505.4
1501.95
1510.11
1518.25
1514.8
1511.36
1518.41
1525.42
1532.38
1528.94
1525.51
1522.1
1518.7
1515.32
1511.95
1520.03
1516.67
1513.32
1509.99
1506.67
1503.36
1500.07
1496.8
1493.54
1490.29
1487.06
1483.84
1480.63
1487.55
1484.35
1481.16
1488
1494.88
1501.8
1508.75
1505.55
1512.46
1519.38
1526.32
1533.28
1540.25
1547.24
1554.26
1561.29
1568.35
1575.43
1572.16
1579.23
1586.3
1593.36
1600.42
1607.49
1614.57
1621.66
1628.77
1635.91
1643.06
1639.73
1646.74
1643.41
1640.1
1636.8
1633.51
1641
1648.46
1645.16
1641.89
1648.91
1655.81
1662.57
1669.17
1665.88
1662.6
1670.01
1666.73
1663.47
1670.55
1667.29
1664.05
1671.82
1668.58
1665.35
1662.14
1658.93
1655.74
1652.57
1658.98
1655.81
1652.65
1649.5
1646.36
1653.5
1660.77
1668.16
1675.67
1683.3
1691.03
1698.87
1706.79
1714.8
1711.6
1708.42
1705.24
1702.08
1698.92
1695.78
1692.66
1689.54
1697.53
1705.58
1713.68
1721.82
1730
1726.85
1723.71
1720.58
1717.47
1723.82
1720.71
1717.61
1714.52
1711.44
1708.37
1705.32
1702.27
1699.24
1705.6
1712.02
1718.51
1715.47
1712.44
1709.42
1706.41
1703.41
1700.42
1697.44
1694.48
1691.52
1688.57
1685.64
1682.71
1679.79
1676.89
1684.09
1691.24
1698.33
1695.41
1692.51
1689.61
1686.72
1683.84
1680.97
1678.11
1675.27
1672.43
1669.6
1666.78
1663.97
1670.62
1667.82
1665.02
1662.23
1659.45
1656.68
1653.92
1661.47
1658.71
1655.96
1653.22
1650.49
1647.77
1645.05
1651.66
1658.3
1664.95
1671.62
1678.29
1684.97
1682.23
1679.49
1676.77
1674.05
1671.34
1668.64
1665.95
1663.27
1660.59
1657.93
1655.27
1652.62
1649.98
1647.35
1644.73
1642.11
1639.51
1636.91
1634.32
1631.74
1629.16
1626.6
1624.04
1621.49
1627.96
1625.41
1622.87
1620.34
1617.82
1624.73
1631.7
1638.72
1636.19
1633.66
1631.14
1628.62
1626.12
1623.62
1621.13
1618.65
1616.17
1613.7
1611.24
1608.79
1606.35
1603.91
1610.24
1616.52
1622.75
1628.93
1635.06
1641.13
1647.17
1653.16
1659.11
1665.02
1662.53
1660.06
1657.59
1655.12
1652.67
1650.22
1647.78
1645.34
1642.92
1640.5
1638.08
1635.68
1633.28
1630.89
1628.51
1626.13
1623.76
1621.39
1619.04
1616.69
1614.34
1612.01
1609.68
1607.36
1605.04
1602.73
1600.43
1598.13
1595.84
1593.56
1591.28
1589.01
1586.75
1593.25
1599.7
1606.11
1612.45
1610.17
1607.9
1605.63
1603.37
1601.11
1598.87
1606.09
1603.84
1601.59
1599.36
1597.13
1594.9
1592.68
1590.47
1588.26
1586.07
1583.87
1581.68
1579.5
1577.33
1575.16
1572.99
1570.84
1568.68
1566.54
1564.4
1562.26
1560.13
1558.01
1555.9
1553.78
1551.68
1549.58
1547.49
1545.4
1543.31
1549.26
1555.19
1553.11
1551.02
1548.95
1555.96
1562.94
1569.89
1576.79
1583.64
1590.44
1597.19
1603.87
1601.75
1599.64
1597.53
1595.42
1600.95
1606.38
1611.71
1609.6
1615.54
1613.43
1611.32
1609.22
1607.12
1605.03
1602.95
1600.87
1598.8
1596.73
1594.67
1592.61
1590.56
1588.51
1586.47
1584.43
1582.4
1580.37
1578.35
1576.34
1574.33
1572.32
1570.32
1568.32
1575.1
1573.1
1571.11
1569.13
1567.15
1574.19
1581.27
1579.28
1577.3
1575.32
1573.35
1571.38
1569.41
1567.45
1565.5
1563.55
1561.61
1559.67
1557.73
1555.8
1553.87
1551.95
1550.04
1548.13
1546.22
1552.15
1558.03
1556.12
1554.21
1552.31
1550.41
1548.52
1546.63
1544.74
1542.86
1540.99
1539.12
1537.25
1535.39
1533.54
1531.68
1529.84
1527.99
1526.16
1524.32
1529.35
1527.52
1525.69
1523.86
1522.04
1520.23
1518.41
1516.61
1514.8
1513
1511.21
1509.42
1507.63
1505.85
1504.07
1502.3
1500.53
1498.76
1497
1495.25
1493.49
1491.74
1490
1488.26
1486.52
1484.79
1483.06
1488.97
1494.87
1500.78
1499.05
1497.31
1495.58
1493.85
1492.13
1490.41
1488.69
1486.98
1492.66
1498.36
1504.1
1502.38
1500.66
1506.11
1504.39
1502.68
1500.97
1499.27
1497.56
1495.87
1494.17
1492.48
1490.8
1489.11
1487.43
1485.76
1484.09
1482.42
1488.09
1486.42
1484.75
1489.68
1488.01
1486.35
1492.04
1497.76
1503.51
1501.84
1500.18
1498.51
1496.85
1495.2
1493.55
1491.9
1490.25
1488.61
1486.97
1485.34
1483.71
1489.43
1487.8
1486.17
1484.55
1482.93
1481.31
1479.7
1478.09
1476.48
1474.88
1473.28
1471.68
1470.09
1468.5
1466.91
1473.37
1471.78
1470.2
1468.62
1467.04
1472.17
1477.35
1482.56
1487.81
1493.1
1498.43
1503.78
1509.17
1514.58
1520.02
1518.4
1516.79
1515.19
1513.58
1511.98
1510.39
1508.79
1507.2
1505.62
1511.13
1516.64
1515.05
1513.46
1511.87
1510.29
1508.71
1507.14
1505.57
1504
1502.44
1500.87
1499.31
1497.76
1496.21
1494.66
1493.11
1491.57
1490.03
1488.5
1486.96
1485.43
1483.91
1482.38
1480.86
1479.34
1477.83
1476.32
1474.81
1473.31
1471.8
1470.31
1468.81
1467.32
1465.83
1464.34
1462.86
1461.38
1459.9
1458.42
1456.95
1455.48
1454.02
1452.56
1451.1
1449.64
1448.18
1446.73
1445.29
1443.84
1442.4
1440.96
1439.52
1438.09
1436.66
1435.23
1433.8
1432.38
1430.96
1429.54
1428.13
1426.72
1425.31
1423.91
1422.5
1421.1
1419.71
1418.31
1416.92
1415.53
1414.14
1412.76
1411.38
1410
1408.62
1407.25
1405.88
1404.51
1409.79
1408.42
1407.06
1405.69
1404.33
1402.97
1401.62
1400.27
1398.92
1397.57
1396.22
1394.88
1393.54
1398.68
1403.78
1402.44
1401.1
1399.76
1398.42
1397.09
1395.75
1400.79
1399.46
1398.13
1396.8
1395.47
1394.15
1392.83
1391.51
1390.2
1388.89
1387.57
1386.27
1384.96
1390.77
1389.46
1388.16
1386.86
1385.56
1384.26
1382.96
1388.03
1393.13
1398.27
1403.44
1408.64
1413.87
1412.56
1411.25
1409.94
1408.63
1413.7
1418.78
1423.88
1422.56
1421.25
1419.94
1418.63
1417.33
1416.03
1414.73
1413.43
1412.13
1410.84
1409.55
1408.26
1413.5
1418.8
1424.14
1422.85
1421.55
1420.26
1418.97
1424.28
1429.57
1434.83
1433.53
1432.23
1430.94
1429.65
1434.47
1433.17
1431.88
1430.6
1429.31
1428.03
1426.75
1432.64
1431.36
1430.08
1428.8
1427.53
1426.25
1424.98
1423.71
1422.45
1421.18
1419.92
1418.66
1417.4
1416.15
1414.89
1413.64
1412.39
1411.15
1409.9
1408.66
1407.42
1406.18
1404.95
1403.71
1402.48
1401.25
1400.03
1405.31
1404.09
1402.86
1401.64
1400.41
1405.74
1404.52
1403.3
1402.08
1400.86
1405.79
1410.78
1415.82
1420.93
1426.1
1431.32
1436.61
1441.94
1447.33
1452.78
1451.53
1450.28
1449.04
1454.16
1459.35
1464.59
1469.88
1475.24
1480.64
1486.1
1491.61
1497.17
1502.78
1501.51
1500.23
1498.96
1497.68
1496.42
1495.15
1500.25
1498.98
1497.72
1496.45
1495.19
1493.93
1492.67
1491.42
1490.17
1488.91
1487.67
1486.42
1485.17
1483.93
1482.69
1481.45
1480.21
1478.98
1477.75
1476.52
1475.29
1474.06
1472.84
1471.62
1470.4
1469.18
1467.96
1466.75
1465.53
1470.85
1476.13
1481.38
1486.58
1491.74
1496.85
1501.91
1506.92
1511.87
1516.77
1521.6
1526.39
1531.11
1535.79
1540.41
1544.97
1549.49
1553.97
1558.39
1562.78
1567.13
1571.45
1575.75
1580.01
1584.26
1588.49
1592.7
1596.9
