20.5086
28.236
35.7758
43.1531
50.3776
57.4602
64.4129
71.248
77.9778
84.6144
94.5887
104.944
115.268
125.571
117.2
109.875
117.226
124.763
132.507
140.473
133.784
143.794
154.025
164.281
174.481
184.631
194.73
204.779
214.775
224.716
234.602
244.931
237.509
247.097
256.175
264.823
257.666
250.885
257.599
264.199
270.689
277.078
283.37
276.93
270.776
264.889
259.253
253.852
248.672
257.576
266.473
275.313
270.118
265.116
274.231
283.328
292.421
301.524
310.647
319.803
328.996
338.23
347.499
356.787
351.298
345.975
340.811
335.799
330.933
326.205
321.611
317.144
312.799
308.572
304.458
312.934
321.275
317.157
313.142
309.228
305.41
301.686
298.051
294.503
291.038
287.654
284.347
281.116
277.957
274.869
271.848
268.894
266.002
263.172
260.402
257.69
255.033
252.431
249.881
257.127
264.415
271.746
279.118
286.527
293.974
301.454
308.967
316.51
324.081
321.134
318.241
315.4
322.97
330.659
327.784
335.645
332.776
329.956
327.183
324.457
321.775
319.138
316.543
313.99
311.478
309.006
306.573
304.178
301.82
299.498
297.212
294.961
292.743
290.558
288.406
286.285
284.196
290.973
297.789
304.647
311.55
318.501
325.504
332.566
339.69
346.881
354.146
361.524
359.098
356.704
354.341
352.01
349.709
347.439
345.197
352.33
359.522
366.771
374.076
381.436
388.847
396.309
403.82
411.376
418.977
416.453
413.959
411.495
419.03
416.565
414.129
421.166
428.135
435.027
441.833
448.546
455.159
461.67
468.075
474.377
480.578
477.938
485.412
492.876
500.326
507.76
505.044
502.358
508.402
514.285
520.017
525.608
531.073
536.425
541.677
546.842
551.934
556.964
564.455
571.935
579.41
586.891
594.385
601.906
609.47
617.097
614.116
611.163
608.239
605.343
602.474
610.306
607.44
604.602
601.79
599.004
596.243
593.508
590.798
588.113
585.452
582.814
580.201
577.611
575.044
572.499
569.977
567.477
564.999
562.543
569.215
575.809
582.33
588.777
586.272
583.788
581.324
578.882
583.781
588.736
593.763
591.309
588.876
586.462
584.069
581.694
579.339
577.003
574.686
572.387
570.107
567.845
565.6
563.373
561.164
558.972
556.797
561.451
566.062
570.639
575.193
579.731
584.261
588.791
593.329
597.882
602.458
600.21
597.978
595.764
593.565
591.383
589.217
587.066
591.594
596.137
600.699
605.281
603.112
600.958
598.819
596.696
594.587
592.493
590.415
588.35
586.3
584.264
582.243
580.235
578.241
576.261
574.294
572.341
570.4
568.473
566.559
564.658
569.074
573.497
577.925
582.359
586.8
591.248
595.702
600.162
604.63
609.104
607.133
605.175
603.229
601.295
599.374
597.465
595.569
593.684
591.811
589.95
588.101
586.263
584.437
582.622
580.818
579.025
577.244
575.473
573.713
571.964
570.225
568.497
566.78
565.073
563.376
561.689
560.012
558.346
556.689
561.497
566.368
571.304
576.307
581.38
586.525
591.743
597.035
602.404
607.85
606.103
604.367
602.64
608.052
613.463
618.871
624.279
629.688
635.1
640.518
645.946
644.146
642.357
640.578
638.808
645.468
652.135
658.81
665.494
663.68
661.877
660.083
658.299
656.525
654.76
653.005
651.259
649.522
647.794
646.076
644.367
642.667
640.976
639.293
637.62
644.127
650.665
657.235
663.836
670.469
677.134
683.83
690.557
697.312
704.097
702.306
700.523
698.75
704.24
709.756
715.301
720.877
726.487
732.089
730.267
728.455
726.652
724.858
723.073
721.296
719.528
717.769
716.018
714.276
712.543
710.817
709.1
707.392
705.691
703.999
702.315
700.638
698.97
697.31
703.792
702.128
700.472
698.824
697.184
702.474
707.785
713.116
718.464
723.826
729.201
734.587
739.982
745.384
743.675
750.478
748.764
753.061
757.369
761.688
766.018
770.361
774.717
779.086
783.469
787.865
792.277
790.513
788.756
787.007
785.266
783.532
790.165
788.428
786.699
784.978
783.264
781.558
779.859
778.167
776.483
774.805
773.136
771.473
769.817
768.169
766.528
764.893
763.266
761.645
760.032
758.425
756.825
755.231
753.645
752.065
750.492
755.82
754.246
752.678
751.116
749.561
755.982
762.47
769.025
767.446
765.874
770.123
774.37
778.614
782.858
787.103
791.351
795.605
799.866
804.138
808.422
806.802
805.188
803.581
801.98
800.386
798.798
797.216
801.462
799.881
798.307
803.586
802.01
800.441
798.877
797.32
802.566
807.814
813.056
818.284
816.704
815.13
813.563
812.001
817.164
815.602
814.045
812.495
810.95
809.411
807.878
806.351
804.83
803.314
801.804
800.3
798.801
797.308
795.82
794.338
792.862
791.391
789.925
795.218
800.444
805.609
810.715
815.767
820.77
825.728
830.648
835.534
840.393
838.867
845.375
851.913
858.48
865.074
871.668
878.159
884.512
890.723
896.783
902.681
906.97
911.278
915.613
919.98
924.386
928.838
933.343
937.918
942.573
947.319
952.168
957.132
962.222
967.451
972.833
978.379
984.1
990.007
988.3
986.599
984.904
983.214
981.531
985.831
990.118
994.401
998.686
1002.98
1007.29
1011.63
1016
1020.41
1024.86
1023.14
1021.42
1019.71
1018.01
1016.31
1014.61
1012.93
1017.07
1021.23
1025.4
1029.6
1033.83
1038.09
1042.39
1046.75
1045.03
1043.32
1049.9
1056.54
1063.25
1070.05
1076.91
1083.85
1090.86
1097.94
1105.1
1112.35
1118.55
1116.75
1122.78
1128.82
1134.88
1140.94
1147.02
1153.11
1159.2
1165.3
1171.39
1177.49
1184.13
1190.93
1197.88
1196
1194.12
1192.25
1190.39
1188.53
1186.68
1184.84
1191.05
1197.42
1203.93
1210.59
1217.4
1215.52
1213.65
1219.68
1225.48
1231.07
1236.42
1241.46
1239.57
1237.68
1242.84
1247.95
1253.03
1258.06
1263.06
1268.02
1266.11
1264.21
1262.31
1260.42
1258.53
1256.65
1254.77
1252.9
1251.04
1249.18
1247.33
1245.48
1243.64
1241.8
1239.97
1238.14
1236.32
1234.51
1232.7
1230.89
1235.41
1239.94
1244.48
1242.67
1240.86
1247.87
1246.06
1244.26
1242.46
1240.67
1238.88
1237.1
1235.32
1233.55
1231.78
1230.02
1228.26
1226.51
1231.48
1229.72
1227.98
1226.24
1224.5
1222.77
1221.04
1219.32
1217.6
1215.89
1214.18
1212.48
1210.78
1209.09
1207.4
1205.71
1204.03
1202.36
1200.69
1199.02
1197.36
1195.71
1194.06
1192.41
1190.77
1189.13
1187.49
1193.27
1198.99
1204.66
1210.28
1215.84
1221.35
1226.81
1232.22
1237.58
1235.9
1234.23
1232.56
1230.9
1229.24
1227.59
1225.94
1224.29
1230.74
1237.15
1243.51
1249.83
1256.09
1262.29
1268.43
1274.51
1280.53
1286.49
1284.79
1283.09
1281.4
1279.71
1278.03
1276.35
1274.67
1273
1271.33
1276.38
1281.63
1287.05
1292.65
1298.41
1304.31
1302.62
1308.22
1313.99
1319.92
1326
1324.29
1322.59
1320.89
1319.19
1317.5
1315.81
1314.13
1312.45
1310.78
1309.11
1307.44
1305.78
1304.13
1302.47
1300.82
1299.18
1297.54
1295.9
1294.27
1300.1
1305.87
1311.57
1317.17
1322.68
1328.06
1326.41
1324.75
1323.1
1321.46
1319.82
1318.18
1323.07
1327.9
1332.66
1337.36
1342.01
1346.63
1351.21
1355.76
1360.3
1364.83
1363.16
1368.44
1373.61
1378.65
1376.97
1375.29
1373.62
1371.96
1370.29
1368.63
1366.98
1365.33
1363.68
1362.04
1366.76
1371.48
1376.2
1380.93
1385.66
1390.36
1394.99
1399.56
1404.09
1408.56
1406.88
1405.21
1403.54
1407.96
1412.33
1416.65
1420.91
1425.14
1429.33
1433.47
1437.58
1441.66
1445.71
1444.02
1442.33
1440.64
1438.96
1437.29
1442.72
1448.25
1453.85
1459.53
1465.29
1471.13
1477.06
1483.08
1489.17
1487.46
1494.3
1501.14
1507.99
1514.83
1521.67
1528.49
1526.74
1533.53
1531.78
1530.03
1528.29
1534.55
1540.92
1547.4
1553.96
1560.61
1567.32
1574.1
1580.94
1587.84
1594.78
1592.99
1597.13
1601.31
1605.52
1603.73
1601.94
1600.15
1606.86
1605.07
1603.28
1601.5
1599.73
1597.95
1596.18
1594.42
1592.66
1590.9
1595.09
1599.31
1597.55
1595.79
1594.04
1592.29
1590.55
1588.81
1587.07
1585.34
1583.61
1581.89
1580.17
1578.45
1576.73
1575.02
1573.32
1571.61
1569.92
1568.22
1566.53
1564.84
1563.16
1561.47
1559.8
1558.12
1556.45
1554.79
1553.12
1551.47
1549.81
1548.16
1546.51
1544.86
1543.22
1548.92
1547.28
1545.64
1544
1542.37
1540.74
1539.12
1537.5
1543.9
1550.26
1556.57
1562.82
1569.01
1575.15
1581.22
1587.23
1585.58
1583.92
1582.27
1580.63
1578.98
1577.34
1575.71
1574.07
1572.44
1570.82
1569.2
1567.58
1565.96
1564.35
1562.74
1561.13
1559.53
1557.93
1556.33
1554.74
1553.15
1551.56
1549.98
1548.4
1546.82
1545.25
1543.68
1542.11
1547.8
1546.24
1544.67
1543.11
1541.55
1539.99
1538.44
1536.89
1535.35
1533.8
1532.26
1530.73
1529.19
1527.66
1526.13
1524.61
1523.09
1521.57
1520.05
1518.54
1517.03
1515.53
1514.02
1512.52
1511.02
1509.53
1508.04
1506.55
1505.06
1503.58
1502.1
1500.62
1499.15
1497.68
1496.21
1494.75
1493.28
1491.82
1490.37
1496.62
1502.87
1509.11
1515.31
1521.49
1527.63
1533.74
1539.81
1545.85
1551.88
1550.38
1556.89
1563.44
1570.03
1576.66
1583.34
1590.08
1596.88
1603.75
1610.67
1617.64
1616.09
1614.55
1613.01
1611.47
1609.93
1608.4
1606.87
1613.94
1621.12
1628.41
1635.81
1643.3
1650.9
1658.57
1666.34
1674.17
1682.08
1689.02
1696.01
1703.01
1710.02
1717.03
1724.05
1731.06
1738.08
1745.1
1752.12
1759.15
1766.18
1773.21
1780.25
1787.28
1794.32
1792.66
1791
1789.34
1795.34
1801.34
1807.34
1813.33
1819.3
1825.25
1831.18
1837.07
1842.93
1848.74
1847.05
1852.17
1856.88
1855.18
1853.49
1851.8
1850.11
1848.43
1856.57
1864.77
1873
1881.28
1889.58
1897.91
1906.26
1914.62
1922.99
1931.38
1939.77
1948.16
1956.55
1964.94
1973.32
1981.7
1990.08
1998.44
2006.81
