22.647
33.4076
43.9617
32.9713
42.6117
53.1647
45.5698
55.3409
65.2124
74.9714
84.5852
94.0411
86.8071
93.7681
104.41
115.099
125.817
136.535
129.349
139.313
149.23
159.009
168.637
178.112
187.436
180.227
173.552
167.353
161.583
156.196
151.158
159.859
155.014
150.455
159.556
168.553
177.441
186.22
181.445
176.909
172.594
168.485
164.566
160.826
157.252
153.834
150.561
147.424
144.415
141.527
138.752
136.084
144.036
152.101
160.25
168.471
176.76
185.11
193.516
201.975
210.482
219.034
215.557
223.604
231.701
239.842
236.263
232.788
229.414
226.137
222.952
219.855
216.844
213.913
211.061
208.284
205.579
202.943
210.232
217.528
224.828
222.086
219.41
216.798
214.248
211.757
209.323
206.944
204.619
202.345
200.122
197.946
195.818
193.735
191.695
189.699
187.743
185.827
183.95
182.111
180.308
178.54
176.806
175.106
173.439
171.803
170.197
168.621
167.074
165.555
164.064
170.384
176.702
183.016
189.326
187.693
186.089
184.512
182.962
181.437
179.937
178.463
177.012
182.931
181.467
180.027
185.843
184.391
182.962
181.554
180.168
178.803
177.459
176.135
174.83
173.544
172.278
171.029
169.799
168.586
167.39
166.212
165.049
163.903
162.773
161.658
160.558
159.473
158.403
157.347
156.305
155.277
154.262
153.26
152.271
151.295
150.331
149.38
148.441
147.513
146.597
145.692
144.798
143.915
143.043
142.181
141.33
140.488
139.657
138.836
138.024
137.221
136.428
135.644
134.869
140.011
145.269
144.453
143.646
148.374
153.168
158.027
162.952
167.942
172.995
178.112
183.291
188.532
193.834
192.813
191.804
190.805
196.033
195.023
194.023
193.033
192.053
191.083
190.123
189.172
188.231
187.299
186.376
185.463
184.558
183.662
182.775
181.896
181.026
185.942
185.061
184.188
183.323
182.467
181.618
180.777
179.944
179.119
178.301
177.49
176.687
175.891
175.102
174.321
173.546
172.778
172.017
171.262
170.515
169.773
169.038
168.31
167.587
166.871
166.161
165.457
164.759
164.067
163.38
162.699
162.024
161.355
160.691
160.032
159.379
158.731
158.088
157.451
156.819
156.191
155.569
154.952
159.539
164.128
163.485
162.846
162.212
161.584
160.96
160.341
159.726
159.117
158.512
157.911
157.315
156.724
156.137
155.554
154.976
159.383
158.794
158.211
157.631
157.056
156.485
155.918
155.355
154.796
154.241
153.69
153.143
152.6
152.061
151.526
150.994
150.466
149.942
149.421
148.904
148.391
147.881
147.374
146.871
146.372
145.876
145.383
144.893
144.407
143.924
143.444
142.968
142.494
142.024
141.557
141.093
140.632
140.174
139.718
139.266
138.817
138.371
137.927
137.487
137.049
136.614
136.181
135.752
135.325
134.901
134.479
134.06
133.644
133.23
132.819
132.41
132.004
131.6
131.199
130.8
130.404
130.01
129.618
129.229
128.842
128.458
128.075
127.695
131.196
134.766
134.369
133.975
133.584
133.194
132.807
132.422
132.039
131.659
131.28
130.904
134.323
133.94
133.56
133.181
132.805
132.431
132.059
131.689
131.321
130.955
130.592
130.23
129.87
129.512
129.156
128.803
128.451
128.101
127.753
127.406
127.062
126.72
126.379
126.04
125.703
125.368
125.034
124.703
124.373
124.045
123.718
123.394
123.071
126.2
129.371
132.586
135.845
139.15
142.504
145.908
149.363
152.873
156.439
156.041
155.645
155.251
154.859
154.469
154.081
153.694
153.31
152.928
152.547
152.169
151.792
151.417
151.044
150.673
150.304
149.937
149.571
149.207
148.845
148.484
148.126
147.769
147.414
147.06
146.708
146.358
146.01
145.663
145.318
144.974
144.632
144.292
143.953
143.616
143.28
142.946
142.614
142.283
141.954
141.626
141.3
140.975
140.651
140.33
140.009
139.69
139.373
139.057
138.742
138.429
138.117
137.807
137.498
137.19
136.884
136.579
136.276
135.973
135.673
135.373
138.466
138.162
137.859
137.557
137.257
136.958
136.66
136.364
136.068
135.775
135.482
135.191
134.9
134.612
134.324
134.038
133.752
133.468
133.186
132.904
132.624
132.344
132.066
131.79
131.514
131.239
130.966
130.694
130.422
130.152
129.884
129.616
129.349
129.083
128.819
128.555
128.293
128.032
127.772
127.512
127.254
126.997
126.741
126.486
126.232
125.979
125.727
125.476
125.226
124.977
124.729
124.482
124.236
123.991
123.747
123.504
123.262
123.021
122.781
122.541
122.303
122.065
121.829
124.675
127.556
130.473
133.428
136.421
136.16
135.9
135.64
135.382
135.125
134.868
134.613
134.358
134.105
133.852
133.601
133.35
133.1
132.852
132.604
132.357
132.111
131.866
131.621
131.378
131.136
130.894
130.654
130.414
133.324
136.272
139.259
142.286
142.028
141.77
144.64
144.379
144.118
147.186
150.289
153.426
156.598
159.803
163.041
166.311
169.613
172.946
176.308
179.572
179.254
178.938
178.623
178.309
177.996
177.685
177.374
177.065
176.756
176.449
176.142
175.837
175.533
178.73
178.422
178.115
177.809
177.504
177.2
176.897
176.595
176.294
175.994
175.696
175.398
175.101
174.805
174.51
177.778
177.48
180.681
183.936
183.629
183.322
183.017
182.712
182.409
182.106
181.805
185.096
188.401
191.719
191.404
191.089
190.776
190.464
190.153
189.842
189.533
189.225
188.918
188.612
188.306
188.002
187.699
187.397
187.095
186.795
186.496
186.197
185.9
185.603
188.804
191.983
195.141
198.275
201.388
201.069
200.752
200.436
200.121
199.807
199.494
199.181
198.87
198.56
198.251
197.942
197.635
197.329
197.023
196.719
196.415
196.112
195.811
195.51
195.21
194.911
194.613
194.316
194.02
193.724
193.43
196.637
199.863
203.107
206.369
209.648
209.332
209.018
212.117
215.222
214.899
214.578
214.258
213.939
213.62
213.303
212.986
212.671
212.356
212.043
215.272
218.549
221.877
225.257
228.693
232.177
235.712
239.294
238.945
238.598
238.251
237.905
241.316
240.967
240.619
240.272
239.925
239.58
239.236
238.893
238.551
238.209
237.869
237.53
240.933
240.59
240.248
239.908
239.568
239.229
242.678
242.336
241.994
241.654
241.315
240.976
240.639
240.302
239.967
239.632
239.298
238.965
238.633
238.302
237.972
237.643
237.315
236.988
236.661
236.336
236.011
235.687
235.364
235.042
234.721
234.401
234.082
233.763
233.446
233.129
232.813
232.498
232.184
231.87
231.558
231.246
230.936
230.626
230.316
230.008
229.701
229.394
229.088
228.783
228.479
231.739
235.04
234.728
234.418
234.108
233.799
233.491
233.184
232.878
232.572
232.267
231.963
231.66
231.358
231.056
230.755
230.455
230.156
233.387
236.613
236.307
236.001
235.697
235.393
235.09
234.788
234.487
234.186
233.886
233.587
233.289
232.991
232.694
232.398
232.103
231.808
235.075
238.386
241.734
245.11
244.8
244.492
244.185
243.878
243.572
243.267
242.962
242.658
242.355
242.053
241.752
241.451
241.151
240.852
240.554
240.256
239.959
239.663
239.367
239.072
238.778
238.485
238.192
237.9
237.609
237.319
237.029
236.74
236.452
236.164
235.877
235.591
235.305
235.02
234.736
234.453
234.17
233.888
233.606
233.325
233.045
232.766
232.487
232.209
231.932
231.655
231.379
231.103
230.828
230.554
230.281
230.008
229.736
229.464
229.193
228.923
228.653
228.384
228.116
227.848
227.581
227.315
227.049
226.784
226.519
226.255
225.992
225.729
225.467
225.205
224.944
224.684
224.424
224.165
223.906
223.648
223.391
223.134
222.878
222.622
222.367
222.113
221.859
221.606
221.353
221.101
220.85
220.599
220.348
220.098
219.849
219.6
219.352
219.105
218.858
218.611
218.365
218.12
217.875
217.631
217.387
217.144
216.901
216.659
216.418
216.177
215.936
215.696
215.457
215.218
214.98
214.742
214.505
214.268
214.032
213.796
213.561
213.326
213.092
212.858
212.625
212.393
212.16
211.929
214.832
217.779
220.761
223.767
226.792
229.821
232.836
235.837
238.822
241.788
241.527
241.267
244.24
247.223
246.957
246.692
246.428
246.164
245.901
245.638
245.376
245.114
244.853
244.593
244.333
244.073
243.814
243.556
243.298
243.041
242.785
242.528
242.273
242.018
241.763
241.509
241.256
241.003
240.751
240.499
240.248
239.997
239.747
239.497
239.248
238.999
238.751
238.503
238.256
238.009
237.763
237.518
237.272
237.028
236.784
236.54
236.297
236.054
235.812
235.571
235.33
235.089
234.849
237.883
237.641
237.399
237.157
236.916
236.676
236.436
236.196
235.957
235.719
235.481
235.243
235.006
234.769
234.533
234.297
234.062
233.827
233.593
233.359
233.126
232.893
232.66
232.428
232.197
231.966
231.735
231.505
231.276
231.046
230.818
230.589
230.361
230.134
229.907
229.681
229.454
229.229
229.004
228.779
228.555
228.331
228.107
227.884
227.662
227.44
227.218
226.997
226.776
226.556
226.336
226.116
225.897
225.678
225.46
225.242
225.025
224.808
224.591
224.375
224.159
223.944
223.729
223.515
223.301
223.087
222.874
222.661
222.448
222.236
222.025
221.813
221.602
221.392
221.182
220.972
220.763
220.554
220.346
220.138
219.93
219.723
219.516
219.309
219.103
218.897
218.692
218.487
218.283
218.078
217.875
217.671
217.468
217.265
217.063
216.861
216.66
216.458
216.258
216.057
215.857
215.657
215.458
217.946
217.745
217.544
217.344
217.144
216.945
216.745
216.546
216.348
216.15
215.952
215.755
215.558
215.361
215.165
214.969
214.773
214.578
214.383
214.188
213.994
213.8
213.607
213.414
213.221
213.029
212.836
212.645
212.453
214.877
217.294
219.706
222.114
224.518
224.317
224.116
223.916
223.716
223.516
223.317
223.118
222.92
222.722
222.524
222.327
222.129
221.933
221.736
221.54
221.344
221.149
220.954
223.567
226.171
228.763
231.342
231.139
230.936
230.734
230.532
230.33
230.129
229.928
229.727
229.527
229.327
229.127
228.928
228.729
228.53
228.332
228.134
227.937
227.74
227.543
227.346
227.15
226.954
226.759
226.564
226.369
226.174
225.98
225.787
225.593
225.4
225.207
225.015
224.822
224.631
224.439
224.248
224.057
223.867
223.676
223.486
225.997
228.521
231.058
233.61
236.176
238.758
241.359
243.979
246.62
249.284
251.91
251.699
251.487
251.276
251.066
250.856
250.646
250.436
250.227
250.018
249.809
249.601
252.264
254.936
257.619
257.405
257.191
256.978
256.765
256.552
256.34
256.128
255.917
258.605
261.316
264.049
263.832
263.615
263.398
263.182
262.966
262.751
262.536
262.321
262.106
261.892
261.678
261.465
261.252
261.039
260.827
260.615
260.403
260.192
262.941
265.702
265.487
265.272
265.058
264.844
264.63
264.417
264.204
263.991
263.778
263.566
263.355
263.143
262.932
262.722
262.511
262.301
262.092
261.882
261.673
261.465
261.256
261.048
260.841
260.633
260.426
260.22
262.881
262.673
262.465
262.257
262.05
261.843
261.636
261.43
261.224
261.018
260.813
260.608
260.403
260.198
259.994
259.791
259.587
259.384
259.181
258.979
258.777
258.575
258.373
258.172
257.971
257.77
257.57
259.967
259.765
259.564
259.363
259.162
258.961
258.761
258.561
258.362
258.163
257.964
257.765
257.567
257.369
257.171
256.974
256.777
256.58
256.384
258.933
261.478
264.019
266.557
269.094
271.629
274.165
276.701
276.49
276.28
276.07
275.861
278.55
281.253
283.969
286.696
286.48
286.263
286.047
285.832
288.519
291.17
293.783
296.352
298.886
301.379
303.831
303.603
303.376
305.981
305.752
305.524
305.295
305.068
304.84
304.613
304.386
304.16
306.705
309.269
311.85
311.619
311.388
311.157
310.927
310.697
310.467
310.238
310.009
309.78
309.552
309.324
309.096
308.869
308.642
308.415
308.189
307.963
307.738
307.512
307.287
307.063
309.84
309.613
309.388
309.162
308.937
308.712
308.488
308.263
308.039
307.816
307.593
307.37
307.147
306.925
306.703
306.481
306.26
306.039
305.819
305.598
305.378
305.159
307.755
307.534
307.313
307.093
306.872
306.653
306.433
306.214
305.995
305.776
305.558
305.34
305.123
304.905
304.688
304.472
304.255
304.039
303.823
303.608
303.393
303.178
302.963
302.749
302.535
302.321
302.108
301.895
301.682
301.47
301.258
301.046
300.834
300.623
300.412
300.201
299.991
299.781
299.571
299.362
299.152
298.943
298.735
298.526
298.318
298.111
297.903
300.37
302.849
305.341
307.848
310.369
312.905
315.457
318.026
320.61
323.211
322.988
322.765
322.543
322.32
322.098
321.877
321.655
321.434
321.214
320.993
320.773
320.553
320.333
320.114
319.895
319.677
319.458
319.24
319.022
318.805
318.588
318.371
318.154
317.938
317.722
317.506
317.291
317.076
316.861
316.646
316.432
316.218
316.005
315.791
315.578
315.365
315.153
314.941
314.729
314.517
314.306
314.095
313.884
313.673
313.463
313.253
313.043
312.834
312.625
312.416
312.208
311.999
311.791
311.584
311.376
311.169
310.962
310.755
310.549
310.343
310.137
309.932
309.726
309.521
309.317
309.112
308.908
308.704
308.501
308.297
308.094
307.891
307.689
307.486
307.284
307.083
306.881
306.68
306.479
306.278
306.078
308.702
311.335
313.978
316.629
319.287
321.952
324.623
327.298
329.979
332.662
335.249
335.031
334.813
334.596
334.379
334.163
333.947
333.731
333.515
333.299
333.084
332.869
332.655
332.44
332.226
332.013
331.799
331.586
331.373
331.16
330.948
330.736
330.524
330.312
333.014
335.761
338.551
341.38
344.246
347.143
350.014
352.86
355.678
358.469
358.241
358.014
357.787
357.56
357.333
357.106
356.88
356.654
356.429
356.203
355.978
358.697
361.403
364.098
363.869
363.64
363.411
363.182
362.954
362.726
362.498
362.271
365.005
367.725
370.431
373.12
372.887
372.654
372.421
372.189
371.957
371.725
371.493
371.262
371.031
370.8
370.57
373.377
376.182
378.989
381.796
384.605
387.416
387.176
386.936
386.697
386.458
386.22
385.982
385.744
385.506
385.269
387.956
390.62
393.261
395.879
398.471
401.039
403.581
403.333
403.086
402.84
402.593
402.347
402.102
401.856
401.611
401.366
401.121
400.877
400.633
400.389
400.146
399.903
399.66
399.418
399.175
398.933
398.692
398.45
398.209
397.969
397.728
397.488
397.248
397.009
396.769
396.53
396.292
396.053
395.815
395.577
395.339
395.102
394.865
394.628
394.392
394.156
393.92
393.684
393.449
393.214
392.979
392.745
392.511
392.277
392.043
391.81
391.577
391.344
391.111
390.879
390.647
390.415
390.184
392.939
395.685
395.451
395.217
394.984
394.75
394.517
394.285
394.052
393.82
396.313
398.828
401.363
403.917
406.487
409.071
411.668
414.276
416.894
419.518
419.272
419.027
418.782
418.537
418.293
418.049
417.805
417.561
417.318
417.075
416.832
416.589
416.347
416.105
415.864
415.622
415.381
415.14
414.9
414.66
414.42
414.18
413.941
413.702
413.463
413.224
412.986
412.748
412.51
412.272
412.035
411.798
411.562
411.325
411.089
410.853
410.618
410.382
410.147
412.792
415.418
415.181
414.943
414.706
414.47
414.233
413.997
413.761
413.525
413.29
413.055
412.82
412.586
412.351
412.117
411.884
411.65
411.417
411.184
410.951
410.719
410.487
410.255
410.023
409.792
409.56
409.33
409.099
408.869
408.639
408.409
408.179
407.95
410.405
410.175
409.945
409.715
409.485
409.256
409.027
408.798
408.57
408.342
408.114
407.886
407.658
407.431
407.204
406.977
406.751
406.525
406.299
406.073
405.848
408.797
411.756
414.722
417.691
417.46
417.229
416.998
416.767
416.537
416.307
416.077
415.848
415.619
415.39
415.161
414.932
414.704
414.476
414.248
414.021
413.794
413.567
413.34
413.113
412.887
412.661
412.435
412.21
411.985
411.76
411.535
411.31
411.086
410.862
410.638
410.415
410.192
409.969
409.746
409.523
412.263
412.039
411.816
411.592
411.369
413.879
416.386
418.89
418.664
418.437
418.211
417.986
417.76
417.535
417.31
417.085
416.861
416.637
416.413
416.189
415.965
415.742
415.519
415.296
415.074
414.851
414.629
414.408
414.186
413.965
413.743
413.523
413.302
413.081
412.861
412.641
415.021
417.372
419.693
421.985
424.246
426.476
428.675
430.844
432.981
435.088
434.857
434.627
434.397
434.167
433.938
433.709
433.48
433.251
433.023
432.794
432.566
432.338
432.111
431.884
431.657
431.43
431.203
430.977
430.751
432.794
434.792
436.746
438.656
440.52
442.341
444.119
445.855
447.55
447.316
447.083
446.85
446.617
446.384
446.152
445.92
445.688
448.22
450.758
453.303
455.855
455.619
455.383
455.147
454.911
454.676
454.44
454.205
453.971
453.736
453.502
453.268
453.034
455.595
458.154
460.71
463.263
465.811
465.571
465.332
465.093
464.854
464.616
464.378
464.14
463.902
463.664
463.427
463.19
462.953
462.717
462.48
462.244
462.008
461.773
461.537
461.302
461.067
460.833
460.598
460.364
460.13
459.897
459.663
459.43
459.197
461.72
461.486
461.253
461.019
460.786
460.553
460.32
460.088
459.856
459.624
459.392
459.16
458.929
458.698
458.467
458.236
458.006
457.776
457.546
457.316
457.087
456.858
456.629
456.4
456.171
455.943
455.715
455.487
455.259
455.032
454.805
454.578
454.351
454.125
453.898
453.672
453.446
453.221
452.996
452.77
452.545
452.321
452.096
451.872
451.648
451.424
451.201
450.977
450.754
450.531
450.308
450.086
449.864
449.642
449.42
449.198
448.977
448.756
448.535
448.314
448.093
447.873
447.653
447.433
447.214
446.994
446.775
446.556
446.337
446.118
445.9
445.682
445.464
445.246
445.029
444.812
444.594
444.378
444.161
443.944
443.728
443.512
443.296
443.081
442.865
442.65
442.435
442.22
442.006
441.791
441.577
441.363
441.15
440.936
440.723
440.51
440.297
442.715
445.135
447.556
449.976
452.392
452.174
451.957
451.739
451.522
451.304
451.087
450.871
450.654
452.266
453.854
455.419
456.963
456.744
456.526
456.307
456.089
455.871
455.653
455.435
455.217
455
454.783
454.566
454.35
454.133
453.917
453.701
453.485
453.269
453.054
452.839
452.624
452.409
452.194
451.98
451.766
451.552
451.338
451.124
450.911
450.698
450.485
450.272
450.059
449.847
449.635
449.423
449.211
448.999
448.788
448.577
448.366
448.155
447.944
447.734
447.524
447.314
447.104
446.894
446.685
446.476
446.267
446.058
445.849
445.641
445.432
445.224
445.017
444.809
444.601
444.394
444.187
443.98
443.773
443.567
443.361
443.155
442.949
442.743
442.537
442.332
442.127
441.922
441.717
441.512
441.308
441.104
440.9
440.696
440.492
440.289
440.086
439.883
439.68
439.477
439.274
440.742
442.19
443.659
445.158
446.678
446.473
446.268
446.063
445.858
445.653
445.449
445.245
445.041
444.837
444.634
444.43
444.227
444.024
443.821
443.619
443.416
443.214
443.012
442.81
442.608
442.406
442.205
442.004
441.803
441.602
441.401
441.201
441.001
440.801
440.601
440.401
440.201
440.002
439.803
439.604
439.405
439.206
439.008
438.81
438.612
438.414
438.216
438.018
437.821
437.624
437.427
437.23
437.033
436.837
436.64
436.444
436.248
436.052
435.857
435.661
435.466
435.271
435.076
434.881
434.687
436.179
437.678
439.186
440.701
442.224
443.754
445.293
446.839
448.392
449.953
449.753
449.553
449.353
450.922
452.502
454.093
455.697
457.313
457.111
456.908
456.705
456.503
456.301
456.099
455.897
455.695
455.494
455.293
455.092
454.891
454.69
454.489
454.289
454.089
453.889
453.689
453.489
453.29
453.09
452.891
452.692
452.493
452.295
452.096
451.898
451.7
451.502
451.304
451.106
450.909
450.712
450.515
450.318
450.121
449.925
449.728
449.532
449.336
449.14
448.944
448.749
448.553
448.358
448.163
447.968
447.774
447.579
447.385
447.191
446.997
446.803
446.609
446.416
446.222
446.029
445.836
445.643
445.451
445.258
445.066
444.874
444.682
444.49
444.298
444.107
443.915
443.724
443.533
443.342
443.151
442.961
442.771
