21.6879
31.9941
42.2848
52.5421
62.7577
72.9257
83.0417
93.1019
103.103
113.045
121.045
130.007
139.694
149.607
159.493
169.37
179.247
189.127
179.173
188.063
197.614
207.049
216.426
225.765
235.073
244.354
235.304
242.258
251.243
260.973
270.957
262.49
272.327
282.145
291.944
301.725
311.491
321.242
330.979
340.705
350.42
360.125
351.75
359.998
368.32
376.602
384.826
392.987
401.087
409.128
417.114
425.05
432.942
424.925
434.594
444.289
454.011
463.755
473.522
483.31
493.12
502.951
512.802
522.672
514.631
524.283
516.458
508.863
518.675
528.517
521.074
513.836
506.798
499.949
509.386
518.786
528.142
537.446
546.689
555.862
564.959
573.971
582.892
591.716
584.755
577.955
571.312
580.923
590.491
600.011
609.481
602.856
596.374
606.023
599.644
593.397
602.784
612.206
621.663
631.156
624.906
618.78
627.72
636.677
645.65
654.64
663.646
672.667
681.701
690.748
699.805
708.872
702.599
711.26
719.914
728.714
732.409
739.8
747.436
755.118
762.793
770.444
778.06
771.785
780.793
789.755
798.657
807.49
816.241
824.896
833.442
841.865
850.149
858.279
851.921
861.4
870.852
880.267
889.639
898.961
908.226
917.428
926.564
935.63
944.621
952.987
961.411
969.89
978.419
986.991
995.601
1004.24
1012.91
1021.6
1015.01
1023.65
1017.13
1026.1
1035.06
1044.02
1052.96
1061.9
1070.83
1079.75
1088.66
1097.56
1106.45
1115.32
1108.72
1114.89
1108.37
1101.93
1110.61
1119.36
1128.17
1137.04
1145.97
1154.95
1163.99
1173.08
1182.2
1191.37
1184.86
1178.42
1172.05
1181.24
1190.49
1199.77
1209.08
1218.42
1227.77
1237.13
1246.47
1255.8
1265.1
1258.64
1267.67
1276.74
1285.88
1295.07
1304.32
1313.63
1323
1332.43
1341.92
1351.47
1360.6
1369.78
1363.22
1356.73
1350.3
1359.83
1369.38
1378.96
1388.55
1398.15
1407.78
1417.42
1410.95
1404.53
1412.32
1420.12
1427.92
1421.54
1415.23
1424.74
1418.46
1412.24
1406.07
1399.96
1407.43
1414.77
1421.99
1429.08
1436.04
1442.87
1436.79
1430.75
1424.76
1418.83
1412.94
1407.1
1415.46
1423.7
1431.83
1439.83
1447.7
1455.43
1463
1470.42
1477.67
1484.75
1493.42
1487.54
1481.7
1475.91
1484.94
1493.91
1502.82
1511.66
1520.43
1529.13
1537.76
1546.3
1554.76
1563.13
1557.27
1551.46
1545.7
1552.62
1559.41
1566.06
1572.57
1578.93
1585.15
1591.22
1585.47
1579.77
1589.13
1598.52
1592.84
1587.19
1581.58
1576.01
1570.48
1564.99
1573.26
1581.54
1589.81
1598.08
1606.36
1614.63
1622.9
1631.16
1639.42
1647.67
1642.12
1636.61
1631.14
1639.41
1647.72
1656.07
1664.44
1672.84
1667.35
1661.9
1656.49
1651.11
1659.96
1668.83
1677.72
1686.63
1681.24
1675.89
1683.33
1690.77
1698.19
1705.6
1713.01
1720.4
1727.79
1735.18
1742.57
1749.95
1744.57
1739.22
1733.9
1741.19
1748.4
1755.55
1762.62
1769.63
1776.58
1771.26
1765.97
1773.6
1781.27
1789
1796.79
1804.64
1812.57
1820.59
1828.69
1836.89
1845.17
1839.84
1834.54
1842.75
1850.93
1859.05
1867.13
1875.15
1883.1
1890.99
1898.79
1906.5
1914.13
1921.65
1929.07
1936.38
1943.57
1950.65
1957.61
1964.46
1971.18
1977.79
1972.4
1980.77
1989.14
1997.5
2005.83
2014.11
2022.33
2030.47
2038.51
2046.43
2054.22
2048.78
2043.38
2038
2032.65
2039.43
2046.28
2053.23
2060.27
2067.41
2074.64
2081.95
2089.35
2096.83
2104.35
