8.79568
14.8806
22.299
29.6631
36.9816
44.3622
51.707
58.9959
65.9326
72.3863
78.5127
84.213
89.4454
94.9655
99.7826
105.288
110.856
116.507
122.248
116.135
122.242
125.265
127.684
122.364
125.807
128.655
131.097
134.476
137.56
132.974
138.445
143.869
149.23
154.698
160.059
165.15
170.058
174.804
179.379
183.836
189.544
185.031
180.728
176.62
180.893
184.965
188.839
192.523
197.13
193.187
189.399
185.757
190.356
186.831
183.434
180.159
176.998
173.946
170.998
168.148
165.391
162.724
160.141
157.639
155.214
152.862
157.329
161.836
166.385
171.488
176.626
181.798
186.526
184.006
181.552
179.163
176.837
174.569
172.36
177.566
182.663
187.662
192.573
197.403
202.158
206.855
204.478
202.154
207.254
204.951
202.699
207.229
212.071
216.798
221.411
225.914
230.31
234.602
238.685
242.691
246.59
244.172
241.802
239.477
237.196
234.958
239.3
243.5
247.793
252.059
256.301
260.426
264.54
268.744
272.872
270.52
268.208
265.935
263.7
261.503
259.341
263.519
261.376
259.268
257.194
262.181
267.138
265.051
262.997
260.974
258.981
257.019
255.087
253.183
251.308
249.46
247.639
245.845
244.076
242.333
240.614
238.919
237.249
235.601
233.976
232.374
230.793
229.234
227.695
226.177
224.679
223.201
221.742
220.302
218.881
217.478
216.093
214.725
213.375
212.041
210.724
209.423
208.138
206.869
205.616
204.377
203.153
201.944
200.749
199.568
198.401
197.247
196.107
198.143
200.009
201.746
204.107
207.197
210.848
214.435
217.986
221.548
225.117
223.894
222.684
221.486
220.302
219.13
217.971
216.823
215.688
214.565
213.453
212.353
211.264
210.186
209.119
208.063
207.017
205.982
204.957
203.943
202.938
201.943
200.958
199.983
204.694
207.951
211.946
215.998
219.716
223.47
227.193
230.8
234.302
237.714
236.619
235.533
234.458
237.714
240.895
244.006
245.248
244.153
243.068
246.481
245.395
244.319
243.252
242.194
241.146
240.107
239.076
238.054
237.041
239.932
244.13
243.104
242.087
241.078
245.21
244.197
245.423
244.417
248.327
252.013
250.993
249.981
248.977
247.981
246.993
246.013
245.041
244.076
247.308
250.555
253.817
257.092
260.485
263.806
267.228
270.665
274.009
277.358
276.311
275.273
274.242
277.577
280.925
284.419
287.932
291.465
295.018
298.419
301.83
305.25
308.678
307.568
306.465
305.371
308.952
307.856
306.768
305.688
304.615
303.55
302.493
301.442
300.399
303.713
307.022
305.971
304.926
303.889
302.859
301.836
300.819
299.81
298.807
302.943
301.937
300.937
299.944
298.957
297.977
301.23
300.249
299.274
298.306
297.343
296.387
295.437
294.493
297.766
296.821
295.882
294.948
294.021
293.099
296.378
299.719
303.126
306.604
310.156
313.759
317.437
321.194
325.032
328.953
327.956
326.965
325.98
325.001
324.028
323.061
322.1
321.144
320.194
319.249
318.31
317.377
316.449
315.526
314.609
313.697
312.79
315.991
315.083
314.181
313.283
312.39
311.503
310.621
309.743
308.871
308.003
307.14
306.282
305.429
304.581
303.737
302.898
302.063
301.234
300.408
299.588
298.771
297.959
297.152
296.349
299.397
298.592
297.791
296.995
296.203
295.415
294.632
293.852
293.077
292.306
295.893
295.119
294.348
293.582
292.819
296.554
295.788
295.026
294.267
297.989
297.227
296.469
295.715
294.964
294.217
297.203
296.454
295.709
294.968
294.231
293.497
292.767
292.04
291.317
290.598
289.882
289.17
292.115
291.401
290.69
289.983
289.279
288.579
287.882
287.188
286.498
285.811
285.127
284.446
283.769
283.095
282.424
281.757
281.092
280.431
279.772
279.117
278.465
277.816
277.17
276.527
279.388
278.743
278.101
277.462
276.825
276.192
275.561
274.933
274.309
273.687
273.067
272.451
271.837
271.226
273.937
276.646
279.356
282.071
284.806
287.634
289.338
291.928
293.061
292.417
291.776
291.137
290.502
289.869
289.239
288.611
287.986
287.364
286.745
286.128
285.514
284.903
284.294
287.032
286.422
285.814
285.208
284.605
284.005
283.407
282.811
285.545
284.947
284.352
283.76
283.17
282.583
281.998
281.415
280.835
280.257
279.681
279.108
278.537
277.969
277.403
276.839
276.277
275.718
276.809
276.251
275.695
275.141
274.59
274.041
273.494
276.139
275.59
275.043
274.498
277.136
276.589
276.045
275.502
274.962
274.424
273.888
273.354
276.023
275.487
278.065
280.755
283.444
286.131
285.581
285.032
284.486
283.942
283.401
282.861
282.323
281.787
281.254
280.722
280.192
279.665
279.139
278.615
278.093
277.574
277.056
276.54
276.026
275.514
275.004
274.495
273.989
273.484
276.653
276.145
275.639
275.135
274.633
274.133
273.635
273.138
272.643
272.15
274.621
277.097
279.596
282.11
284.607
287.118
289.69
292.283
294.896
297.527
296.999
296.473
295.95
298.908
298.382
297.858
297.335
296.814
296.295
295.778
295.263
294.75
297.304
296.788
296.275
295.763
295.253
294.745
294.239
293.734
293.231
292.73
292.23
291.732
291.236
290.742
290.249
289.758
289.268
288.781
288.294
287.81
287.327
286.846
286.366
285.888
285.412
284.937
284.463
283.992
286.476
288.925
291.382
293.853
296.345
298.865
298.375
297.887
297.4
296.915
296.431
295.949
295.469
294.99
297.456
298.499
300.91
300.426
299.943
299.461
298.981
298.503
298.026
297.551
297.077
296.605
296.134
295.665
295.197
294.73
294.265
293.802
293.34
292.88
292.421
291.963
291.507
291.052
290.599
290.147
289.696
289.247
288.799
288.353
287.908
287.464
287.022
286.581
286.142
285.703
285.267
287.732
290.229
289.787
289.347
288.908
288.47
288.033
287.598
287.165
286.732
286.301
285.871
285.442
285.015
284.589
284.164
283.741
283.319
285.773
288.228
290.682
293.034
295.483
297.95
300.415
302.878
305.339
307.797
307.347
309.606
309.154
308.703
308.254
307.806
307.359
306.914
306.47
306.027
308.485
309.501
311.963
314.554
317.148
319.706
319.248
318.792
318.337
317.884
317.432
316.981
316.531
316.083
315.636
315.19
314.745
314.302
313.86
316.216
318.597
321.157
323.782
323.33
322.879
322.429
321.981
321.534
321.088
322.1
324.168
323.72
323.273
322.828
322.384
321.941
321.5
321.059
320.62
320.182
322.783
325.39
327.832
330.278
332.904
335.538
338.002
340.475
342.956
345.446
344.981
344.517
344.055
346.559
349.092
351.658
354.258
355.285
357.958
357.482
357.007
356.534
356.061
355.59
355.121
354.652
354.185
357.073
356.603
359.153
358.682
358.213
357.744
357.277
356.811
357.832
360.315
362.799
362.328
361.859
361.391
360.924
360.458
359.993
359.53
359.068
358.607
358.147
357.689
357.231
356.775
356.32
355.866
355.413
354.962
354.511
354.062
353.614
353.167
352.721
352.276
351.832
351.39
350.948
350.508
350.069
351.069
353.195
354.194
356.296
357.293
359.386
361.454
363.543
365.628
367.715
367.26
366.807
366.355
368.967
368.513
368.06
367.609
367.158
366.709
366.26
365.813
365.367
364.922
364.478
364.035
363.593
363.153
362.713
362.274
361.837
361.4
360.965
360.531
360.097
359.665
361.762
361.329
360.896
360.465
360.035
359.606
359.178
358.751
358.325
357.9
357.476
357.052
358.029
357.606
357.185
359.195
361.263
363.369
364.344
366.268
365.839
365.411
364.984
364.558
364.133
363.709
363.286
362.864
362.443
362.023
361.604
361.186
360.769
360.353
359.938
359.524
359.111
358.698
358.287
357.877
357.467
357.059
356.651
356.244
355.839
355.434
355.03
354.627
354.225
353.824
353.423
353.024
354.901
355.854
357.749
359.656
361.576
363.51
365.605
367.721
369.858
372.051
371.635
373.339
372.923
372.508
372.094
371.681
371.269
373.304
375.472
377.683
377.266
376.85
379.229
378.812
378.396
377.98
377.566
377.152
376.74
379.16
381.359
383.466
385.783
385.363
384.944
384.526
384.109
383.693
383.278
382.864
382.45
384.97
384.555
384.141
383.728
383.316
382.905
382.494
382.085
384.71
384.299
383.889
383.479
383.071
382.663
382.257
381.851
383.969
383.562
383.156
382.751
382.347
384.453
386.527
388.63
390.718
392.818
394.933
397.085
399.272
401.505
404.272
403.85
403.429
403.009
402.589
402.171
401.753
401.337
400.921
400.506
400.092
399.678
399.266
398.854
398.443
398.033
397.624
397.216
396.809
396.402
395.996
395.592
395.187
394.784
394.382
393.98
393.579
393.179
395.668
395.267
394.866
394.467
395.408
397.729
398.67
399.609
400.546
402.869
405.198
407.531
409.87
412.327
411.914
411.503
411.091
413.528
415.948
418.352
420.686
423.062
425.407
427.767
430.138
432.496
434.86
434.43
436.432
436.001
435.572
435.143
434.715
434.288
433.862
433.436
433.012
432.588
432.165
431.743
431.322
430.902
430.482
430.063
429.645
429.228
428.812
428.396
427.982
427.568
428.511
428.097
427.684
427.272
426.861
429.209
431.531
433.84
436.204
438.608
440.95
441.896
441.474
441.053
440.632
440.213
439.794
439.376
438.959
438.542
440.627
440.209
439.793
439.377
438.962
438.548
438.135
437.722
437.311
436.9
436.489
436.08
435.671
435.263
434.856
434.45
434.044
433.639
433.235
432.832
432.429
432.027
431.626
431.226
430.826
430.427
430.029
429.631
429.235
428.839
428.443
428.049
427.655
427.262
426.87
426.478
426.087
425.697
425.308
424.919
424.531
424.143
423.757
423.371
425.942
425.555
425.168
424.783
424.397
424.013
423.629
423.246
425.664
425.28
424.896
424.514
426.758
429.107
431.245
433.589
435.753
437.931
437.538
437.147
436.756
436.366
435.977
435.589
435.201
434.814
434.427
434.041
433.656
433.272
435.594
438.21
437.822
437.435
437.049
436.664
438.73
438.344
437.958
437.573
437.189
436.806
436.423
436.041
435.659
435.278
434.898
434.519
434.14
433.762
436.151
438.523
440.878
443.217
442.833
442.449
442.066
441.684
441.302
440.921
440.541
440.161
439.782
439.403
439.025
438.648
438.272
437.896
437.521
437.146
436.772
436.399
436.026
435.654
435.283
436.195
438.439
440.703
441.616
442.528
443.438
444.346
445.253
444.876
444.5
444.125
443.75
443.376
443.002
442.63
442.257
441.886
441.515
441.144
440.774
443.28
442.909
442.538
442.169
444.203
443.833
446.054
445.683
445.312
444.942
444.572
444.203
443.835
443.467
443.1
442.734
445.193
444.825
444.458
444.092
443.726
443.361
442.996
442.632
442.269
441.906
441.544
441.182
443.656
443.293
442.931
442.569
442.208
441.848
441.488
441.129
442.023
442.915
445.567
445.206
444.845
444.485
444.125
443.766
443.408
443.05
445.567
448.048
450.495
452.907
455.252
457.535
459.823
461.982
464.092
466.247
465.874
465.502
465.13
467.749
467.376
469.453
469.08
468.707
468.334
467.962
467.591
467.22
469.869
469.497
471.947
474.459
477.035
476.658
476.282
475.907
475.532
478.171
480.854
483.319
485.764
488.189
490.593
492.977
495.415
497.835
500.238
502.409
504.577
506.745
508.918
508.522
508.126
507.732
507.337
506.944
506.551
506.159
505.767
505.376
504.985
504.595
504.206
503.817
503.429
503.041
502.654
502.268
501.882
501.497
501.112
500.728
503.415
503.03
505.644
508.107
507.719
507.332
506.945
506.559
506.174
505.789
508.495
508.109
507.724
507.339
510.056
509.67
509.285
508.9
511.587
511.201
512.725
512.338
515.065
514.678
514.291
513.904
516.513
518.829
521.141
523.717
526.284
528.593
530.901
533.114
535.336
537.568
537.168
536.768
536.368
538.953
538.553
538.153
537.754
537.355
536.957
536.56
536.163
535.767
538.353
537.956
537.559
537.163
536.767
536.372
535.978
535.584
535.191
534.798
534.406
534.015
533.624
533.233
532.843
532.454
532.066
531.678
531.29
530.903
530.517
530.131
529.746
529.361
528.977
528.593
528.21
527.828
530.211
529.827
529.444
529.062
528.68
531.127
533.624
533.24
532.856
532.473
532.091
534.584
537.078
539.653
542.219
544.774
547.175
549.697
552.203
554.693
557.169
556.772
556.375
555.979
555.584
555.189
554.794
554.401
554.007
553.615
553.223
552.831
555.54
555.147
554.755
554.364
553.973
553.582
555.6
555.209
557.654
560.019
562.438
562.043
561.649
561.256
560.862
560.47
560.078
559.687
559.296
561.991
561.599
561.208
560.817
560.427
560.037
559.648
559.259
558.871
558.484
558.097
557.71
560.399
560.011
559.624
559.238
561.892
561.504
563.384
562.996
562.609
562.222
561.835
561.449
561.064
560.679
560.295
559.911
559.528
559.145
558.763
558.381
558
557.62
557.24
556.86
558.983
561.154
563.368
565.616
567.657
569.952
569.566
569.18
568.794
568.409
570.824
570.439
570.054
569.669
569.285
568.901
568.518
569.445
569.062
568.679
568.297
567.916
567.535
570.207
569.825
569.443
569.062
568.682
568.302
570.59
570.209
572.748
572.367
571.986
571.605
574.279
573.897
573.516
573.136
572.755
572.376
574.7
577.006
579.3
578.917
578.534
578.153
577.771
577.39
577.01
576.63
576.251
575.872
575.493
575.116
574.738
574.361
573.985
573.609
573.234
572.859
572.484
574.784
574.409
575.805
577.091
579.495
579.117
578.741
581.081
580.703
580.326
579.95
582.283
584.594
584.215
583.837
583.459
583.082
585.437
585.059
584.681
584.304
583.928
583.552
583.176
582.801
582.427
582.053
581.679
581.306
583.536
585.766
585.391
585.016
584.642
584.268
586.646
586.272
585.898
585.524
585.151
584.779
584.407
584.035
583.664
583.294
582.924
582.554
582.185
581.816
581.448
581.08
580.713
580.346
579.98
579.614
579.248
578.883
578.519
578.155
580.736
580.371
580.007
579.643
579.279
578.916
578.553
578.191
577.829
577.468
577.107
576.746
579.366
579.005
578.644
578.283
577.923
577.563
577.204
576.846
579.47
579.11
578.751
578.392
578.034
577.676
577.319
576.961
579.19
578.832
578.475
578.118
580.719
580.361
580.004
579.647
579.29
578.934
578.579
578.223
580.842
580.486
580.13
579.775
579.42
579.065
578.711
578.358
580.376
580.022
579.668
579.315
578.962
581.122
580.769
580.416
580.063
579.711
579.359
579.008
578.657
578.306
577.956
577.607
577.257
579.844
579.493
579.144
578.794
578.446
578.097
577.749
577.401
577.054
576.707
576.361
576.015
575.67
575.324
574.98
574.635
576.571
578.719
580.847
582.874
584.648
586.397
586.048
585.698
585.349
585.001
584.653
584.305
583.958
583.612
585.771
585.424
585.077
584.73
584.384
584.038
583.693
583.348
585.722
585.376
585.03
584.685
584.341
583.997
583.653
583.31
585.868
585.523
585.18
584.836
584.493
584.151
583.808
583.467
586.017
585.674
585.332
584.99
587.534
587.191
586.849
586.507
589.058
588.715
588.373
588.031
590.594
590.251
589.908
589.566
592.147
591.804
591.461
591.119
593.671
596.201
598.714
601.344
603.948
606.423
608.467
610.646
613.089
615.572
615.218
614.864
614.511
614.159
613.806
613.454
613.103
612.752
612.401
612.05
611.7
611.351
611.002
610.653
610.305
609.957
609.609
609.262
608.915
611.514
611.167
613.339
612.991
615.504
615.154
614.806
614.457
617.022
616.673
616.324
615.975
618.566
618.217
617.868
617.519
620.044
619.695
619.346
618.997
618.649
618.301
617.954
617.607
617.26
616.914
616.568
616.223
618.818
618.472
618.126
617.78
617.435
617.09
616.746
616.402
618.936
618.591
618.246
617.902
617.559
617.215
616.872
616.53
616.188
615.846
615.505
615.164
614.823
614.483
614.143
613.803
613.464
613.126
612.787
612.449
612.112
611.774
611.437
611.101
610.765
610.429
610.094
609.759
609.424
609.09
608.756
608.422
608.089
607.756
607.424
607.092
607.988
607.656
607.324
606.993
606.662
606.331
606.001
605.671
605.342
607.955
607.625
607.294
606.965
606.635
606.306
605.978
605.65
605.322
604.994
604.667
604.34
604.014
603.687
603.362
603.036
602.711
602.386
602.062
601.738
601.414
601.091
600.768
600.445
602.624
604.799
606.775
606.45
606.125
605.801
605.477
608.046
607.721
607.396
607.072
606.748
606.424
606.101
605.778
605.455
605.133
604.811
604.49
607.038
606.716
606.394
606.072
605.751
605.43
605.109
604.789
607.25
606.929
606.609
606.288
605.968
605.648
605.329
605.01
604.691
604.372
605.856
605.538
605.219
604.901
604.584
604.266
603.949
603.633
605.927
608.325
610.703
613.082
615.464
617.892
620.333
622.788
625.257
627.741
627.414
629.839
632.847
635.87
638.856
641.902
644.94
647.954
650.773
653.549
656.283
655.943
658.433
661.014
663.568
666.146
665.802
665.458
665.114
664.771
667.347
669.985
669.64
669.295
668.95
668.606
671.175
670.83
670.485
670.141
669.797
669.453
669.11
671.742
671.398
671.054
670.711
670.368
672.858
672.515
672.171
671.828
671.485
671.143
673.74
676.285
678.785
678.44
678.095
677.75
677.406
677.062
676.718
676.374
676.032
675.689
675.347
675.005
674.663
674.322
673.981
676.614
676.272
675.93
675.589
675.249
674.908
674.568
674.229
673.889
673.55
675.779
675.44
675.101
674.762
674.423
674.085
673.747
673.409
675.939
675.601
675.263
674.925
674.588
674.251
673.915
676.55
676.212
678.397
680.6
682.822
682.482
682.143
681.804
681.465
681.126
680.788
680.45
680.113
679.775
679.439
679.102
678.766
680.941
683.121
685.58
688.01
690.416
692.739
695.045
697.147
699.232
701.308
700.963
700.618
700.273
699.929
699.585
699.241
701.31
703.378
705.439
707.495
709.548
711.6
713.654
713.305
712.956
712.608
712.26
711.912
711.564
711.217
710.87
710.524
710.178
709.832
709.487
709.142
708.797
708.453
708.108
707.765
707.421
707.078
709.662
709.318
711.561
711.216
710.872
710.528
713.066
712.722
712.378
712.034
711.691
711.347
711.005
710.662
710.32
709.978
709.637
712.27
714.695
717.078
719.416
722.104
724.352
726.557
728.72
730.845
732.937
732.586
733.516
733.165
732.815
732.465
732.115
731.766
731.417
731.069
730.72
730.372
730.025
729.677
729.33
728.984
731.559
731.212
730.865
730.518
730.172
729.826
729.48
729.135
728.79
728.445
728.1
727.756
727.413
727.069
726.726
726.383
726.041
725.699
725.357
725.015
727.705
730.057
732.396
734.668
736.961
739.357
739.01
738.663
738.317
737.971
737.625
737.28
736.935
736.59
736.246
735.902
735.558
735.215
737.831
737.487
737.143
736.799
736.456
736.113
735.771
735.428
738.207
737.864
740.287
739.943
739.6
742.217
741.872
741.529
741.185
740.842
740.499
740.157
739.815
739.473
739.131
738.79
738.449
738.108
737.768
737.428
737.088
739.703
739.362
739.022
738.682
738.343
738.004
737.665
737.326
736.988
736.65
736.312
735.975
735.638
735.302
734.965
734.629
737.259
736.922
739.318
738.981
738.644
738.307
737.971
737.634
737.298
736.963
736.628
736.293
735.958
738.14
740.314
742.479
744.637
746.768
748.91
750.867
752.809
754.735
756.596
756.254
755.912
755.57
755.229
754.888
754.547
754.207
753.867
753.527
753.188
752.849
752.51
752.171
751.833
751.495
751.158
750.82
750.483
750.147
749.81
749.474
749.138
748.803
751.433
751.097
750.761
750.425
750.09
749.755
749.42
749.086
748.752
748.418
748.085
747.751
747.418
747.086
746.753
746.421
746.09
745.758
747.771
749.784
751.798
753.816
755.835
757.857
759.882
761.909
763.938
765.969
767.82
769.685
771.617
773.55
773.208
772.867
772.527
775.23
778.189
781.206
784.215
787.213
786.867
786.521
786.175
785.83
785.485
785.14
784.796
784.452
784.108
783.765
783.422
783.079
782.736
782.394
782.052
781.71
781.369
781.028
780.687
780.347
780.007
779.667
779.327
778.988
778.649
778.31
777.972
777.634
777.296
776.958
779.584
779.246
778.908
778.57
781.186
780.847
780.509
780.171
782.79
782.452
782.114
781.776
784.241
783.903
783.565
783.227
785.331
787.406
787.066
786.728
786.389
786.051
788.654
788.315
787.976
787.638
787.3
786.962
786.625
786.287
785.951
785.614
785.278
784.942
784.606
784.27
783.935
783.6
783.266
782.932
782.598
782.264
781.93
781.597
781.264
780.932
780.599
780.267
779.936
779.604
779.273
778.942
778.611
778.281
777.951
777.621
777.292
776.963
776.634
776.305
775.977
775.648
775.321
774.993
774.666
774.339
774.012
773.686
773.359
773.034
776.593
776.266
775.939
775.613
775.287
774.961
774.635
774.31
773.985
773.66
773.335
773.011
775.576
775.251
774.926
774.602
774.278
773.954
773.63
773.307
772.984
772.661
772.339
772.016
774.739
777.656
779.94
782.238
784.667
787.102
789.476
791.936
794.416
796.918
796.587
796.256
795.926
795.596
795.266
794.936
794.607
794.278
793.949
793.621
793.293
792.965
792.637
792.31
791.982
791.656
791.329
791.003
790.677
793.254
792.927
792.601
792.275
791.949
791.623
791.298
790.973
790.648
790.323
789.999
789.675
789.351
789.028
788.704
788.381
788.059
787.736
787.414
787.092
786.77
786.449
786.128
785.807
785.486
785.166
784.846
784.526
784.207
783.887
783.568
783.25
782.931
782.613
782.295
781.977
781.659
781.342
781.025
780.709
782.581
782.264
781.947
781.63
781.314
783.185
785.055
786.878
788.7
790.525
792.357
794.206
793.886
795.878
795.557
795.236
794.916
795.826
798.001
797.68
797.359
797.039
796.718
796.398
796.079
795.759
795.44
797.589
798.498
800.435
800.114
799.794
799.474
802.024
801.704
