22.0424
32.3245
21.5497
28.8684
23.0947
32.6849
42.5099
52.4226
62.3508
72.2534
65.6849
73.7315
81.9459
90.7741
100.078
109.72
103.266
97.5287
92.3956
101.876
111.521
106.452
101.823
111.476
120.961
116.308
112.001
108.001
104.276
100.801
97.5489
94.5005
91.6369
99.6888
107.776
115.895
124.04
132.204
128.814
125.594
122.531
119.613
127.284
124.391
121.627
118.983
116.452
114.025
111.698
109.464
107.318
105.254
103.268
101.356
99.5132
97.7361
96.0215
94.3659
92.7665
91.2204
89.725
88.2778
86.8766
85.5191
84.2034
82.9276
81.6899
80.4886
79.3221
78.1889
77.0877
76.017
74.9757
73.9625
72.9763
72.0161
71.0808
70.1695
69.2813
68.4153
67.5707
72.5646
71.6903
70.8369
75.9134
75.0307
74.1683
79.3629
84.6499
90.0259
95.477
100.998
106.586
112.226
117.913
116.684
115.482
114.303
113.149
112.017
110.908
109.821
108.754
107.709
106.683
105.676
104.689
103.72
102.768
101.834
100.916
100.015
99.1301
98.2606
97.4061
96.5664
95.7411
94.9297
94.132
93.3476
92.5761
91.8173
91.0708
90.3363
89.6137
94.3112
99.0594
98.2855
97.5236
96.7734
96.0347
95.3071
94.5905
93.8846
93.1892
92.504
91.8288
91.1633
90.5075
89.861
89.2237
88.5954
87.9758
87.3649
86.7624
86.1681
85.5819
85.0037
84.4332
83.8703
83.3148
82.7667
82.2258
81.6918
81.1648
80.6445
80.1308
79.6237
79.1229
78.6284
78.14
77.6577
77.1812
76.7106
76.2457
75.7864
75.3326
74.8842
74.4411
74.0032
73.5704
73.1427
72.7199
72.302
71.8888
75.5292
79.2129
82.9381
86.7028
90.5053
94.3441
98.2177
97.681
97.1501
96.625
96.1055
95.5915
95.0831
94.58
94.0822
93.5896
93.1022
92.6198
92.1423
91.6698
91.2021
95.0846
94.6043
94.1289
93.6583
93.1923
92.731
92.2742
91.8219
91.3739
95.1764
99.0291
98.553
98.0814
97.6144
97.1518
96.6935
96.2395
95.7898
95.3443
94.9029
94.4655
94.0322
93.6028
93.1774
92.7558
92.3379
91.9239
91.5135
91.1068
90.7036
90.3041
89.908
89.5154
89.1262
88.7404
88.3579
87.9786
87.6027
87.2299
86.8603
86.4938
86.1303
85.77
85.4126
85.0582
84.7067
84.3581
84.0124
83.6695
83.3294
82.992
82.6573
82.3254
81.9961
81.6694
84.9244
84.5887
84.2557
83.9253
83.5975
83.2722
82.9494
82.6292
82.3114
81.996
81.683
84.7591
87.869
87.5374
87.2084
86.8817
86.5575
86.2358
85.9164
85.5993
85.2846
84.9722
84.6621
84.3543
84.0486
83.7452
83.444
83.1449
82.8479
82.5531
82.2604
81.9697
81.6811
81.3945
81.1099
80.8273
80.5466
80.2679
79.9911
79.7162
79.4432
79.1721
78.9028
78.6353
78.3697
78.1058
77.8437
77.5833
77.3247
77.0678
76.8127
76.5591
76.3073
76.0571
75.8086
78.7364
78.4808
78.2268
77.9745
77.7237
77.4746
77.2271
76.9812
76.7368
76.4939
76.2526
76.0128
75.7746
75.5378
75.3024
75.0686
74.8362
74.6052
74.3756
74.1475
73.9208
73.6954
73.4714
73.2487
73.0274
72.8075
72.5888
72.3715
72.1555
71.9407
71.7273
71.515
71.3041
71.0944
70.8859
70.6786
70.4726
70.2677
70.064
69.8615
69.6602
69.46
69.261
69.0631
68.8663
68.6707
68.4762
68.2827
68.0904
67.8991
67.7089
67.5198
67.3317
67.1447
66.9587
66.7737
66.5898
66.4068
66.2249
66.0439
65.864
65.685
65.507
65.33
65.1539
64.9787
64.8045
64.6312
64.4589
64.2875
64.1169
63.9473
63.7786
63.6108
63.4438
63.2777
63.1125
62.9481
62.7846
62.622
62.4602
62.2992
62.139
61.9797
61.8212
61.6635
61.5066
61.3505
61.1952
61.0406
60.8869
60.7339
60.5817
60.4302
60.2795
60.1296
59.9804
59.8319
59.6842
59.5372
59.3909
59.2453
59.1005
58.9563
58.8129
58.6701
58.5281
60.6648
62.8346
65.037
64.881
64.7258
64.5713
64.4176
64.2645
64.1123
63.9607
63.8098
63.6597
63.5103
63.3615
63.2135
63.0661
62.9195
62.7735
62.6282
62.4835
62.3396
62.1963
62.0536
61.9116
61.7703
61.6295
61.4895
61.35
61.2112
61.0731
60.9355
60.7986
60.6623
60.5266
60.3915
60.257
60.123
59.9897
59.857
61.9091
61.7727
61.637
63.8294
66.0453
68.2831
70.5416
72.8196
75.116
77.43
79.7608
82.1078
84.4709
84.2896
84.1091
83.9294
83.7504
83.5722
83.3948
83.2181
85.5865
85.4059
85.2261
85.0471
84.8688
84.6912
84.5144
84.3384
84.163
83.9884
83.8145
83.6413
83.4689
83.2971
83.1261
82.9558
82.7861
82.6172
82.4489
82.2813
82.1144
81.9482
81.7826
81.6178
81.4535
81.29
81.1271
80.9648
80.8032
80.6422
80.4819
80.3222
80.1632
80.0048
79.847
79.6898
79.5332
79.3773
79.2219
79.0672
78.9131
78.7595
78.6066
78.4543
78.3025
78.1514
78.0008
77.8508
77.7014
77.5525
77.4042
77.2565
77.1093
76.9628
76.8167
76.6712
76.5263
78.6524
78.5043
78.3567
78.2097
78.0632
77.9173
77.7719
77.6271
77.4828
77.3391
77.1958
77.0532
76.911
76.7694
76.6282
76.4876
76.3475
76.208
76.0689
75.9303
75.7923
75.6547
75.5177
75.3811
75.245
75.1095
74.9744
74.8398
74.7057
74.572
74.4389
74.3062
74.1739
74.0422
73.9109
73.7801
73.6497
73.5199
73.3904
73.2614
73.1329
73.0048
72.8772
72.75
72.6233
72.497
72.3711
72.2457
72.1207
71.9961
71.872
71.7483
71.625
71.5022
71.3797
71.2577
71.1361
71.0149
70.8941
72.8603
72.7368
72.6137
72.4911
72.3688
72.247
72.1256
72.0045
71.8839
71.7637
71.6439
71.5245
71.4055
71.2869
71.1687
71.0508
70.9334
70.8164
70.6997
70.5834
70.4675
70.352
70.2368
70.1221
70.0077
69.8937
69.78
69.6667
69.5538
69.4413
69.3291
69.2173
69.1058
68.9947
68.884
68.7736
68.6635
68.5538
68.4445
68.3355
68.2269
68.1186
68.0106
67.903
67.7957
67.6888
67.5822
67.476
67.37
67.2644
67.1592
67.0542
66.9496
66.8453
66.7414
66.6377
66.5344
66.4314
66.3288
66.2264
66.1244
66.0226
65.9212
65.8201
65.7193
65.6188
65.5186
65.4188
65.3192
65.2199
65.121
65.0223
64.9239
64.8258
64.7281
64.6306
64.5334
64.4365
64.3399
64.2436
64.1475
64.0518
63.9563
63.8612
63.7663
63.6717
63.5773
63.4833
63.3895
63.296
63.2028
63.1099
63.0172
62.9248
62.8327
62.7408
62.6492
62.5579
62.4668
62.376
62.2855
62.1952
62.1052
62.0155
61.926
61.8368
61.7478
61.6591
61.5706
61.4824
61.3944
61.3067
61.2193
61.1321
61.0451
60.9584
60.8719
60.7857
60.6997
60.614
60.5285
60.4433
60.3582
60.2735
60.1889
60.1046
60.0206
59.9367
59.8531
59.7698
59.6867
59.6038
59.5211
59.4387
59.3564
61.1426
62.9678
64.8302
66.7266
68.6556
70.6159
72.606
74.6244
76.6652
78.7166
78.6093
78.5024
80.5616
80.4523
80.3433
80.2346
80.1261
80.018
79.9102
79.8026
79.6954
79.5884
79.4817
79.3753
79.2692
79.1633
81.1968
81.0887
80.9809
80.8733
80.7661
80.6591
80.5524
80.446
80.3399
80.234
80.1284
80.0231
79.9181
79.8134
79.7089
79.6047
79.5008
79.3971
79.2938
79.1906
79.0878
78.9852
78.8829
78.7809
78.6791
78.5776
78.4763
78.3753
78.2746
78.1741
78.0739
77.9739
77.8742
77.7747
77.6755
77.5766
77.4779
77.3794
77.2812
77.1833
77.0856
76.9881
76.8909
76.794
76.6972
76.6008
76.5045
76.4085
76.3128
76.2173
76.122
76.027
75.9322
75.8376
75.7433
75.6492
75.5553
75.4617
75.3683
75.2752
75.1822
75.0895
74.9971
74.9048
74.8128
74.721
74.6294
74.5381
74.447
74.3561
74.2654
74.1749
74.0847
73.9947
73.9049
73.8153
73.7259
73.6368
73.5478
73.4591
73.3706
73.2823
73.1942
73.1064
73.0187
72.9313
72.844
72.757
72.6702
72.5836
72.4972
72.4109
72.3249
72.2392
72.1536
72.0682
71.983
71.898
71.8132
71.7286
71.6442
71.5601
71.4761
71.3923
71.3087
71.2253
71.1421
71.0591
70.9762
70.8936
70.8112
70.7289
70.6469
70.565
70.4833
70.4019
70.3206
70.2395
70.1585
70.0778
69.9973
69.9169
69.8367
69.7567
69.6769
69.5973
69.5178
69.4385
69.3595
69.2806
69.2018
69.1233
69.0449
68.9667
68.8887
68.8109
68.7332
68.6557
68.5784
68.5012
68.4243
70.1701
71.9095
73.6395
75.3575
77.0605
76.9745
76.8887
76.8031
76.7176
76.6324
76.5474
78.2091
78.1225
78.0361
77.9498
77.8638
77.778
77.6923
77.6068
77.5215
77.4364
77.3515
77.2668
77.1823
77.0979
77.0138
76.9298
76.846
76.7624
76.6789
76.5957
76.5126
76.4297
76.347
76.2644
76.1821
76.0999
76.0179
75.9361
75.8544
75.7729
75.6916
77.3886
77.3057
77.223
77.1405
77.0582
76.976
76.8941
76.8123
76.7306
76.6492
76.5679
76.4868
76.4058
76.3251
76.2445
76.1641
76.0838
76.0037
75.9238
75.844
75.7645
75.685
75.6058
75.5267
75.4478
75.369
75.2904
75.212
75.1337
75.0556
74.9777
74.8999
74.8223
74.7449
74.6676
75.861
76.9884
78.508
80.2929
82.2048
84.1959
86.2398
88.3195
90.4308
92.5723
92.4777
92.3832
92.289
92.1949
92.101
92.0073
91.9138
91.8205
91.7274
91.6344
91.5417
91.4491
91.3567
91.2646
91.1726
91.0807
90.9891
90.8977
90.8064
90.7153
90.6244
90.5337
90.4432
90.3528
90.2626
90.1727
92.2402
92.1485
92.0569
91.9655
91.8742
91.7832
93.5208
95.2952
97.1066
98.9545
100.838
102.757
104.71
104.607
104.504
104.401
104.299
104.197
104.095
103.993
103.892
103.79
103.689
103.588
103.487
105.448
105.345
105.243
105.141
105.04
104.938
104.837
104.735
104.634
104.534
104.433
104.333
104.232
104.132
104.032
105.863
107.694
109.525
111.355
113.184
115.009
116.831
118.649
120.461
122.268
122.152
122.037
121.921
121.806
121.69
121.576
121.461
121.346
121.232
121.118
121.004
120.891
120.777
120.664
120.551
120.438
120.326
120.213
120.101
119.989
119.878
119.766
119.655
119.544
119.433
119.322
119.212
119.101
118.991
118.881
118.772
118.662
118.553
118.444
118.335
118.226
118.118
118.01
117.902
119.646
121.389
121.278
121.167
121.057
120.947
120.837
120.727
120.617
120.508
120.398
120.289
120.18
120.072
119.963
119.855
119.747
119.639
119.531
119.424
119.317
119.21
119.103
118.996
118.889
118.783
118.677
118.571
118.465
118.36
120.063
121.767
123.471
125.176
126.88
128.584
130.288
130.173
130.057
129.943
129.828
129.713
129.599
129.485
129.371
131.042
130.927
130.812
130.697
130.583
130.469
130.355
130.241
130.127
130.014
129.9
129.787
129.675
131.383
131.269
131.156
131.042
130.928
130.815
130.702
130.589
130.477
130.364
130.252
130.14
130.028
129.916
129.805
129.693
129.582
129.471
129.36
129.25
129.14
129.029
128.919
128.81
128.7
128.59
128.481
128.372
128.263
128.155
128.046
127.938
127.83
127.722
127.614
127.506
127.399
127.292
127.184
127.078
126.971
126.864
126.758
126.652
126.546
126.44
126.334
126.229
126.124
126.019
125.914
125.809
125.704
125.6
125.496
125.392
125.288
125.184
125.081
124.977
124.874
124.771
124.668
124.565
124.463
124.36
124.258
124.156
124.054
123.953
123.851
123.75
123.649
123.548
123.447
123.346
123.246
123.145
123.045
122.945
122.845
122.745
122.646
122.546
122.447
122.348
122.249
122.151
122.052
121.954
121.855
121.757
121.659
121.561
121.464
121.366
121.269
121.172
121.075
120.978
120.881
120.785
120.688
120.592
120.496
120.4
120.304
120.209
120.113
120.018
119.923
119.828
119.733
119.638
119.543
119.449
119.355
119.261
119.167
119.073
118.979
118.885
118.792
118.699
118.606
118.513
118.42
118.327
118.235
118.142
118.05
117.958
117.866
119.585
121.303
123.022
124.742
126.466
128.194
129.928
129.827
129.726
129.626
129.526
129.426
129.326
129.226
129.127
129.027
128.928
128.829
128.73
128.631
128.533
128.434
128.336
128.238
128.14
128.042
127.944
127.846
127.749
127.652
127.554
127.457
127.361
127.264
127.167
127.071
126.975
126.879
126.783
126.687
126.591
126.496
126.4
126.305
126.21
126.115
126.02
125.925
125.831
125.736
125.642
125.548
125.454
127.321
127.226
127.131
127.036
126.941
126.847
126.752
126.658
126.564
126.47
126.376
126.282
126.188
126.095
126.002
125.908
125.815
125.722
125.63
125.537
125.444
125.352
125.26
125.168
125.076
124.984
124.892
124.801
124.709
124.618
124.527
124.436
124.345
124.254
124.163
124.073
123.983
123.892
123.802
123.712
123.622
123.533
123.443
123.354
123.264
123.175
123.086
122.997
122.908
122.82
122.731
122.643
122.554
122.466
122.378
122.29
122.202
122.115
122.027
121.94
121.853
121.765
121.678
121.591
121.505
121.418
121.331
121.245
121.159
121.073
120.987
120.901
120.815
120.729
120.644
120.558
120.473
120.388
120.303
120.218
120.133
120.048
119.963
119.879
119.795
119.71
119.626
119.542
119.458
119.375
119.291
119.207
119.124
119.041
118.957
118.874
118.791
118.709
118.626
118.543
118.461
118.378
118.296
118.214
118.132
118.05
117.968
119.635
121.304
122.975
124.645
126.316
127.986
129.655
131.323
132.988
132.897
132.805
132.714
132.623
132.532
132.441
132.35
132.26
132.169
132.079
131.988
131.898
131.808
131.718
131.629
131.539
131.449
131.36
131.271
131.181
131.092
131.003
132.84
134.69
136.553
138.43
140.32
142.224
144.141
146.071
148.014
149.971
149.87
149.769
149.668
149.568
149.467
149.367
149.267
149.167
149.067
148.967
148.867
148.768
148.668
148.569
148.47
148.371
148.272
149.876
151.486
153.099
154.713
156.327
157.939
159.547
161.15
162.746
164.333
164.225
164.116
164.008
163.899
163.791
163.683
163.575
163.468
163.36
163.253
163.146
163.038
162.931
162.825
162.718
162.611
162.505
162.399
162.292
163.923
165.554
165.446
165.338
165.231
165.123
165.016
164.908
166.921
168.933
170.945
172.955
174.965
176.974
178.981
180.988
182.993
184.997
184.878
184.759
184.64
184.521
184.402
184.283
184.165
184.046
183.928
183.81
183.692
183.574
183.457
185.155
185.037
184.919
184.8
184.682
184.565
184.447
184.329
184.212
184.095
183.978
183.861
183.744
183.627
183.511
183.394
183.278
183.162
183.046
182.93
182.815
182.699
182.584
182.469
182.353
182.239
182.124
184.102
183.986
183.87
185.725
185.608
185.492
185.375
185.259
185.143
185.027
184.912
184.796
184.681
184.565
184.45
184.335
184.22
184.106
183.991
183.877
183.762
183.648
183.534
183.42
183.307
183.193
183.08
182.966
182.853
182.74
182.627
182.515
182.402
182.289
182.177
182.065
181.953
181.841
181.729
181.618
181.506
181.395
181.284
181.173
181.062
180.951
180.84
180.73
180.619
180.509
180.399
180.289
180.179
180.069
179.96
179.85
179.741
179.632
179.522
179.414
179.305
179.196
179.088
178.979
178.871
178.763
178.655
178.547
178.439
178.331
178.224
178.117
178.009
177.902
177.795
177.688
177.582
177.475
177.369
177.262
177.156
177.05
176.944
176.838
176.733
176.627
176.522
176.416
176.311
176.206
176.101
175.996
175.891
175.787
175.682
175.578
175.474
175.37
175.266
175.162
175.058
174.955
174.851
174.748
174.645
174.542
174.439
174.336
174.233
174.13
174.028
173.926
173.823
173.721
173.619
173.517
175.324
175.221
175.118
175.016
174.913
174.811
174.709
174.607
174.505
174.403
174.301
174.2
174.098
173.997
173.896
173.795
173.694
173.593
173.492
173.392
173.291
173.191
173.09
174.974
176.865
176.763
176.661
176.559
176.457
176.355
176.253
176.152
176.051
175.949
175.848
175.747
175.646
175.545
175.444
175.344
175.243
175.143
175.043
174.943
174.843
174.743
174.643
174.543
174.444
176.268
178.079
179.877
179.774
179.672
179.57
179.468
181.336
181.233
181.13
181.028
180.925
180.823
180.72
180.618
180.516
180.414
180.312
180.21
180.109
180.007
179.906
179.805
179.703
179.602
179.501
179.401
179.3
179.199
179.099
178.998
178.898
178.798
178.698
178.598
178.498
178.398
178.299
178.199
178.1
178.001
177.901
177.802
177.703
177.605
177.506
177.407
177.309
177.21
177.112
177.014
176.916
176.818
176.72
176.622
176.525
176.427
176.33
176.232
176.135
176.038
175.941
175.844
175.747
175.651
175.554
175.458
175.361
175.265
175.169
175.073
174.977
174.881
174.785
174.69
174.594
174.499
174.404
174.308
174.213
174.118
174.023
173.929
173.834
173.739
173.645
173.551
173.456
173.362
173.268
173.174
173.08
174.894
176.738
176.643
176.547
176.452
176.356
178.095
179.835
181.577
183.32
185.066
184.967
184.867
184.768
184.668
184.569
184.47
184.371
184.272
184.173
184.074
183.976
183.877
183.779
183.681
183.582
183.484
183.386
183.289
183.191
183.093
182.996
182.898
182.801
182.704
182.607
182.509
182.413
182.316
182.219
182.122
182.026
181.929
181.833
181.737
181.641
181.545
181.449
181.353
181.257
181.162
181.066
180.971
180.876
180.78
180.685
180.59
180.495
180.401
180.306
180.211
180.117
180.022
179.928
179.834
179.74
179.646
179.552
179.458
179.364
179.271
179.177
179.084
178.991
178.897
178.804
178.711
178.618
178.525
178.433
178.34
178.247
178.155
178.063
177.97
179.773
181.587
181.493
181.399
181.306
181.212
181.118
181.025
180.932
180.838
180.745
180.652
180.559
180.466
180.374
180.281
180.188
180.096
180.003
179.911
179.819
179.727
179.635
179.543
179.451
179.359
179.267
179.176
179.084
178.993
178.902
178.811
178.72
178.629
178.538
178.447
178.356
178.265
178.175
178.085
177.994
177.904
177.814
177.724
177.634
177.544
177.454
177.364
178.727
180.461
180.37
180.279
180.188
180.097
180.006
179.916
179.825
179.735
179.644
179.554
179.464
179.374
179.284
179.194
179.104
179.014
178.925
178.835
178.746
178.656
178.567
178.478
178.389
178.3
178.211
178.122
178.033
177.944
177.856
177.767
177.679
177.591
177.502
177.414
177.326
177.238
177.15
177.063
176.975
176.887
176.8
176.712
176.625
176.538
176.451
176.363
176.276
176.189
176.103
176.016
175.929
175.843
177.493
179.162
180.851
182.563
182.474
182.384
182.295
182.205
182.116
182.027
181.938
181.849
181.76
181.671
181.582
181.494
181.405
181.316
181.228
181.14
181.051
180.963
180.875
180.787
180.699
180.612
180.524
180.436
180.349
180.261
180.174
180.087
179.999
179.912
179.825
179.738
179.651
179.565
179.478
179.391
179.305
179.218
180.689
180.602
180.515
180.428
180.341
180.254
180.168
180.081
179.995
179.908
179.822
179.736
179.65
179.564
179.478
179.392
179.306
179.22
179.135
179.049
178.964
178.878
178.793
178.708
178.623
178.538
178.453
178.368
178.283
178.198
178.114
178.029
177.944
179.374
179.289
179.204
179.119
179.034
178.949
178.865
178.78
178.695
178.611
178.527
178.442
178.358
178.274
178.19
178.106
178.022
177.939
177.855
177.771
177.688
177.604
177.521
177.438
177.354
177.271
177.188
177.105
177.022
176.939
176.857
176.774
176.691
176.609
176.526
176.444
176.362
176.28
176.197
177.863
179.549
179.466
179.382
179.299
179.216
179.133
179.049
178.966
178.883
178.8
178.717
178.635
178.552
178.469
178.387
178.304
178.222
178.14
178.057
177.975
177.893
179.543
181.171
181.087
181.004
180.921
180.838
180.754
180.671
180.588
180.505
180.423
180.34
180.257
180.174
180.092
180.009
179.927
179.845
179.763
179.68
179.598
179.516
179.434
179.353
179.271
179.189
179.107
179.026
178.944
178.863
