22.6221
33.2961
43.7147
53.9188
63.9328
53.2774
63.1974
73.7901
65.5912
59.0321
68.6808
78.4945
88.4636
82.1448
76.6685
71.8767
67.6487
63.8904
60.5278
57.5014
54.7632
52.274
50.0012
47.9178
46.0011
44.2318
50.2375
48.4433
46.7728
53.0366
59.6294
66.4238
73.3035
80.2318
77.9395
75.7745
73.7265
71.7864
69.9457
68.197
66.5337
64.9496
63.4391
61.9973
60.6196
59.3018
58.04
56.8309
62.717
68.7411
74.8725
81.0927
87.386
93.7383
92.034
90.3905
88.8047
87.2736
85.7944
84.3645
90.7622
97.317
104.008
110.826
117.763
124.813
131.97
139.228
146.581
154.024
151.855
158.932
156.755
154.636
152.575
150.567
148.612
146.706
153.231
151.316
149.448
147.625
145.847
144.11
142.415
140.759
139.141
137.56
136.014
134.503
133.025
139.496
146.047
144.493
142.972
141.483
140.024
138.596
137.196
135.824
134.479
133.16
131.868
130.6
129.356
128.136
126.938
125.763
124.609
123.476
122.364
121.271
120.198
125.89
131.653
137.478
143.354
149.269
148.015
146.782
145.569
144.375
143.202
142.047
140.91
139.792
138.691
137.608
136.541
135.491
140.96
146.424
145.323
144.239
143.17
142.118
147.722
146.651
145.596
144.556
143.531
142.52
141.524
140.541
139.571
138.616
137.673
136.742
135.825
134.919
134.026
133.144
132.274
131.415
130.567
129.73
128.904
128.088
127.282
126.487
125.701
124.925
124.159
123.402
122.654
121.915
121.185
120.463
119.751
119.046
118.35
117.662
116.982
121.456
120.762
120.076
119.398
118.727
118.064
117.408
121.877
126.374
130.897
135.445
134.713
133.988
133.272
132.563
131.862
131.168
130.481
129.801
129.129
128.463
127.804
127.152
126.507
125.868
125.235
124.609
123.989
123.375
122.768
122.166
121.57
120.98
120.395
119.817
123.94
128.095
132.282
136.5
135.859
135.224
134.595
133.972
133.354
132.743
132.137
131.536
130.941
130.351
129.766
129.187
128.613
128.044
127.48
126.921
126.366
125.817
125.272
129.259
128.704
132.753
132.188
131.628
131.072
130.522
129.976
129.434
128.897
128.364
127.836
127.312
126.793
126.277
125.766
125.259
124.756
124.257
123.762
123.271
127.08
130.941
130.427
129.918
133.798
133.279
132.765
132.254
131.747
131.245
130.746
130.25
129.759
133.62
137.545
141.529
145.573
149.672
153.826
158.032
162.286
166.587
170.931
170.312
169.697
173.989
173.366
172.747
172.132
171.522
170.915
170.314
169.716
169.123
168.533
172.826
177.172
181.572
186.026
190.536
195.101
199.723
204.403
209.14
213.937
213.219
212.506
211.797
211.094
210.395
209.7
209.01
208.325
207.644
206.968
206.296
205.628
204.965
204.306
203.651
203
202.354
201.712
201.073
200.439
199.809
199.182
198.56
197.941
197.327
196.716
196.108
195.505
194.905
194.309
193.717
193.128
192.543
191.961
191.383
190.808
190.237
189.669
189.105
188.543
187.986
191.997
196.02
200.056
204.103
208.163
212.237
216.325
220.428
224.546
223.901
223.259
227.904
232.635
237.457
236.784
236.115
240.316
239.641
238.97
238.302
237.639
236.978
236.322
241.13
245.987
250.894
255.854
260.869
265.942
271.076
276.275
275.528
274.786
274.047
273.312
272.582
271.855
271.132
270.412
275.001
279.557
278.822
278.09
277.362
276.638
275.917
275.2
274.488
273.778
278.223
282.68
287.15
291.633
296.129
300.637
299.874
299.115
298.36
297.608
296.861
296.117
295.376
294.64
293.907
293.177
292.452
291.73
291.011
290.296
289.585
288.877
288.172
287.471
286.773
286.079
285.388
284.7
284.016
283.335
282.657
281.982
281.311
280.643
279.978
279.316
278.657
278.001
277.349
276.699
276.053
275.409
274.769
274.131
273.497
272.865
272.236
271.61
270.987
270.367
269.75
269.136
268.524
267.915
267.309
266.705
266.105
265.507
264.911
264.319
263.729
263.141
267.766
267.173
266.581
265.993
265.407
264.824
264.243
263.665
263.089
262.516
261.945
261.377
260.811
265.307
269.775
274.214
278.619
282.989
282.384
281.782
281.182
280.585
279.991
279.399
278.809
278.222
277.638
277.056
276.476
275.899
275.324
274.752
274.182
273.614
273.049
272.486
271.925
271.367
270.811
270.257
269.705
269.156
268.609
268.064
267.522
266.981
266.443
265.907
265.373
264.841
264.311
263.784
263.258
262.735
262.214
261.694
261.177
260.662
260.149
259.638
259.129
258.622
258.116
257.613
257.112
256.613
256.116
255.62
255.127
254.635
254.145
253.658
253.172
252.688
256.481
255.993
255.506
255.021
254.538
254.057
253.578
253.1
252.625
252.151
251.678
251.208
250.739
250.272
249.807
249.344
248.882
252.756
256.627
260.495
264.361
268.224
272.086
275.947
279.806
283.664
287.522
287
286.48
285.962
285.446
284.931
284.419
283.908
283.399
282.892
282.387
281.884
281.382
280.882
280.384
279.888
279.394
278.901
278.41
277.921
277.433
276.947
276.463
275.98
275.5
275.021
274.543
274.067
273.593
273.121
272.65
272.18
271.713
271.247
270.782
270.319
269.858
269.398
268.94
268.484
268.029
267.575
267.123
266.673
270.262
273.832
277.384
280.921
284.445
283.97
283.497
283.025
282.555
282.086
281.619
281.154
280.69
280.227
279.766
279.307
278.849
278.393
277.938
277.485
277.033
276.582
276.133
275.686
275.24
274.795
274.352
273.91
273.469
273.031
272.593
272.157
271.722
271.289
270.857
274.314
273.879
273.445
273.012
272.581
272.151
271.722
275.528
275.096
274.664
274.235
273.806
273.379
272.953
272.529
272.105
275.003
279.087
283.217
287.396
291.62
295.887
300.195
304.54
308.919
313.332
312.853
316.463
315.981
315.501
315.022
314.545
314.069
313.595
313.122
312.65
312.18
311.711
311.244
310.778
310.313
309.85
313.779
317.74
317.268
316.797
316.328
315.86
320.087
324.414
328.844
333.38
337.995
337.499
337.005
336.512
336.021
335.531
335.043
334.556
334.07
333.586
333.103
332.622
332.142
331.663
331.186
330.71
330.236
329.763
329.291
328.821
328.351
327.884
327.417
326.952
326.488
326.026
325.565
325.105
324.646
324.189
323.733
323.279
322.825
326.253
329.647
333.006
332.542
332.079
331.617
331.156
330.697
330.239
329.782
329.327
328.873
328.42
327.968
327.517
327.068
326.62
326.173
325.728
325.283
324.84
324.398
323.957
323.518
323.079
322.642
322.206
321.771
321.338
320.905
320.474
320.044
319.615
319.187
318.76
318.335
317.91
317.487
317.065
316.644
316.224
315.805
315.387
314.97
314.555
314.141
313.727
313.315
312.904
312.494
312.085
311.677
311.27
310.864
310.459
310.055
309.653
309.251
308.851
308.451
308.053
307.655
307.259
306.863
306.469
306.075
305.683
305.291
304.901
304.512
304.123
303.736
303.349
302.964
302.58
305.97
309.38
308.989
308.599
308.21
307.822
307.435
307.048
306.663
306.279
305.896
305.513
305.132
304.751
304.372
303.993
303.616
303.239
302.863
302.488
306.148
309.854
313.609
317.415
321.272
325.184
329.152
333.176
337.259
341.401
340.985
340.569
340.154
339.74
339.327
338.916
338.505
338.095
337.686
337.278
336.871
336.466
336.061
335.657
335.254
334.852
334.451
334.051
333.652
333.253
332.856
332.46
332.065
331.67
331.277
330.884
330.493
330.102
329.712
329.324
328.936
328.549
328.163
327.777
327.393
327.01
326.627
326.246
325.865
325.485
325.106
324.728
324.351
323.975
323.6
323.225
322.851
322.479
322.107
325.491
328.932
332.43
335.991
335.605
335.221
334.837
334.455
334.073
333.692
333.312
332.933
332.554
332.177
331.8
331.424
331.049
330.675
330.302
329.93
329.558
329.188
328.818
328.449
328.08
327.713
327.346
326.981
326.616
326.252
325.888
325.526
325.164
324.803
324.443
324.084
327.956
327.593
327.232
326.871
326.511
326.152
325.794
325.436
325.079
324.723
324.368
324.013
323.66
323.307
322.954
322.603
322.252
321.902
321.553
321.205
320.857
320.51
320.164
319.819
319.474
319.13
318.787
318.445
318.103
317.762
317.422
317.082
316.744
316.406
316.068
315.732
315.396
315.061
314.726
314.392
314.059
313.727
313.395
313.065
312.734
312.405
312.076
311.748
311.42
314.745
314.416
314.086
313.758
313.43
316.745
320.061
323.379
326.698
326.358
326.019
325.681
325.343
325.007
324.671
324.335
324
323.666
323.333
323
322.668
322.337
322.007
321.677
321.347
321.019
320.691
320.364
320.037
319.711
319.386
319.061
318.737
318.414
318.092
317.77
317.448
317.128
316.808
316.488
316.17
315.852
315.534
315.217
314.901
314.586
314.271
313.956
313.643
313.33
313.017
312.706
312.394
312.084
311.774
311.465
311.156
310.848
310.54
310.234
309.927
309.622
309.317
309.012
308.708
308.405
308.102
307.8
307.499
307.198
306.898
306.598
306.299
306
305.702
305.405
305.108
304.812
304.516
304.221
303.927
307.044
306.747
306.451
306.156
305.861
305.566
305.272
304.979
304.687
304.394
304.103
303.812
303.521
303.232
302.942
302.653
302.365
302.077
301.79
301.504
301.218
300.932
300.647
300.363
300.079
299.795
299.513
299.23
298.949
298.667
298.387
298.106
297.827
297.548
297.269
296.991
296.713
296.436
296.16
295.884
295.608
295.333
295.059
294.785
294.511
294.239
293.966
293.694
293.423
293.152
292.881
292.611
292.342
292.073
291.805
291.537
291.269
291.002
290.736
290.47
290.204
289.939
289.675
289.411
289.147
288.884
288.621
288.359
288.097
287.836
287.576
287.315
287.056
290.026
289.764
289.503
289.242
288.982
288.722
288.462
288.203
287.945
287.687
287.429
290.822
294.283
297.8
301.373
304.999
308.677
312.405
316.18
319.994
323.851
323.564
323.277
322.991
322.706
322.421
322.136
321.852
321.568
321.285
321.003
320.721
320.439
320.158
319.877
323.697
327.504
331.298
335.077
338.839
342.584
346.311
350.018
353.697
357.359
357.049
356.739
356.43
356.121
355.813
355.506
355.199
354.892
354.586
354.281
353.976
353.672
353.368
353.064
352.762
352.459
352.158
351.856
351.556
351.255
354.854
354.551
358.549
362.596
366.683
370.763
373.328
375.999
378.639
381.246
380.923
380.601
380.28
379.959
379.638
379.319
378.999
378.681
378.362
378.045
377.728
377.411
377.095
376.779
376.464
376.15
375.836
375.522
375.209
374.897
374.585
374.274
373.963
373.652
373.343
373.033
372.725
372.416
372.108
371.801
371.494
371.188
370.882
370.577
373.769
376.997
376.688
376.378
376.07
375.762
375.454
375.147
374.841
374.535
374.23
373.925
373.62
373.316
373.013
372.709
372.407
372.105
371.803
371.502
371.202
370.902
370.602
370.303
370.004
369.706
369.409
369.111
368.815
368.518
368.223
367.927
367.633
367.338
367.044
366.751
366.458
366.166
365.874
365.582
365.291
365
364.71
364.42
364.131
363.842
363.554
363.266
362.979
362.692
362.406
362.119
365.003
364.715
364.428
364.141
363.855
363.569
363.284
362.999
362.715
362.431
362.147
361.864
361.581
361.299
361.017
360.736
360.455
360.174
359.894
359.614
359.335
359.057
358.778
358.5
358.223
357.946
357.669
357.393
357.117
356.842
356.567
356.292
356.018
355.745
355.471
355.199
354.926
354.654
354.383
357.474
360.615
363.797
367.017
370.273
373.562
376.881
380.2
383.504
386.794
390.347
390.051
389.755
389.46
389.165
388.871
388.577
388.284
387.99
387.698
387.406
387.114
386.823
386.532
386.241
385.952
385.662
385.373
385.084
384.796
384.508
384.221
383.934
383.647
383.361
383.076
382.79
382.506
382.221
381.937
381.654
381.37
381.088
380.805
380.524
380.242
379.961
379.681
383.144
386.583
389.995
393.382
396.745
400.082
403.393
406.676
409.93
413.155
412.853
412.55
412.249
411.947
411.646
415.177
418.686
422.172
425.634
425.324
425.015
424.706
424.398
424.09
423.782
427.394
431.016
434.645
438.28
441.92
445.562
449.205
452.846
452.52
452.194
451.869
451.544
451.22
450.896
450.572
450.249
449.927
449.605
449.283
448.962
448.641
448.321
448.001
447.682
447.363
447.045
446.727
446.409
446.092
445.776
445.46
445.144
444.829
444.514
444.199
443.886
443.572
443.259
442.946
442.634
442.323
442.011
441.7
441.39
441.08
440.771
440.461
440.153
439.845
439.537
439.229
438.922
438.616
438.31
441.563
441.255
440.948
440.641
440.335
440.029
439.723
439.418
439.113
438.809
438.505
438.202
437.899
437.596
437.294
436.992
436.691
436.39
436.089
435.789
435.489
435.19
434.891
434.592
434.294
433.997
433.699
433.403
433.106
432.81
432.515
432.219
431.924
431.63
431.336
431.042
430.749
430.456
430.164
429.872
429.58
432.835
436.07
439.284
442.48
445.656
448.813
451.951
455.07
458.172
461.255
464.893
468.537
472.187
475.842
479.502
483.167
486.834
490.505
494.177
497.851
501.525
505.2
508.873
512.545
516.214
519.88
523.542
527.198
530.849
534.493
538.129
541.756
545.374
548.982
552.578
556.162
559.733
563.289
566.831
570.357
573.866
577.357
580.831
584.285
587.72
591.147
