22.8349
33.0431
22.0287
27.7929
33.7722
41.0366
48.8562
57.011
65.4239
74.0441
82.8357
91.7723
84.7129
93.8202
102.74
111.567
120.314
128.98
137.56
130.682
140.567
150.539
160.603
170.56
163.738
157.44
151.609
146.194
141.153
136.448
132.046
139.888
147.693
155.448
163.14
170.758
178.291
173.599
169.148
164.919
160.897
157.066
153.413
161.996
158.396
154.952
162.655
170.334
177.961
185.521
181.884
178.386
175.02
171.779
179.026
175.829
172.744
169.766
166.889
173.564
180.284
177.377
174.561
171.833
169.19
176.09
173.462
170.911
178.533
175.983
173.504
171.094
168.75
166.47
164.25
170.508
177.039
183.719
190.527
197.457
204.505
211.67
218.951
226.349
233.863
231.143
239
236.284
233.629
240.567
247.565
254.623
261.739
268.911
276.137
283.417
290.75
298.134
305.569
302.513
299.518
296.581
293.702
290.878
288.108
285.39
292.534
299.683
306.834
313.979
321.116
328.24
335.348
342.437
349.507
356.554
353.507
350.511
347.565
355.236
362.91
370.585
378.259
385.931
393.601
401.267
408.93
416.588
424.241
420.977
417.764
414.599
422.149
429.661
437.115
444.512
451.86
459.135
466.342
463.011
459.727
456.489
453.297
460.413
467.529
474.638
471.41
468.224
476.468
484.715
492.963
501.207
509.444
517.67
525.883
534.081
542.261
550.422
546.96
554.254
550.812
558.914
566.998
575.061
583.094
591.093
587.554
595.747
603.947
612.149
620.349
628.545
636.733
644.911
653.077
661.233
669.383
665.622
673.019
680.372
687.683
694.953
702.184
709.378
716.538
723.666
730.764
737.837
733.933
742.073
738.188
734.343
730.538
726.773
734.903
743.035
751.168
759.301
767.434
775.566
783.696
779.816
775.974
772.171
768.404
776.481
784.585
792.716
800.875
809.063
817.281
825.53
833.809
842.121
850.464
846.526
842.625
838.76
834.93
831.135
827.374
823.647
819.954
816.293
812.665
820.638
817.023
825.151
833.275
841.396
849.515
857.632
865.749
873.867
881.987
890.11
898.239
905.478
901.689
908.63
915.481
922.228
928.858
935.358
941.718
937.89
946.005
954.09
950.259
958.491
965.382
972.824
980.309
987.765
995.167
991.279
987.422
993.68
999.844
995.999
992.183
999.477
995.677
991.905
998.076
1004.28
1010.51
1016.77
1023.04
1029.33
1025.53
1021.76
1029
1025.25
1021.52
1027.74
1033.94
1030.22
1026.52
1034.6
1042.76
1050.99
1059.3
1067.68
1076.13
1084.64
1093.22
1101.85
1110.53
1106.7
1112.88
1109.07
1105.29
1112.55
1119.83
1127.13
1134.46
1141.82
1149.21
1156.62
1164.07
1171.55
1179.07
1186.53
1193.97
1201.38
1208.77
1204.84
1200.94
1208.49
1216.07
1223.69
1231.35
1239.04
1235.1
1242.55
1250.03
1257.53
1265.06
1272.6
1268.64
1264.7
1260.78
1256.89
1253.02
1249.18
1256.56
1264.07
1271.7
1279.44
1287.29
1295.24
1303.29
1311.41
1319.61
1327.89
1323.95
1320.03
1316.14
1312.27
1308.42
1317.1
1325.77
1334.43
1343.08
1351.71
1360.34
1368.95
1365.02
1373.17
1369.26
1365.37
1361.5
1357.66
1353.83
1350.03
1346.25
1354.81
1363.43
1372.1
1368.3
1364.52
1371.49
1367.72
1375.72
1371.96
1379.35
1375.61
1371.88
1368.17
1364.48
1360.81
1357.17
1353.54
1349.93
1346.34
1342.77
1349.08
1355.59
1362.31
1369.2
1376.28
1383.5
1390.88
1398.38
1406
1413.72
1410.08
1418.65
1427.24
1435.84
1444.46
1453.07
1449.39
1457.2
1465.08
1473.02
1469.32
1477.07
1484.84
1492.61
1500.38
1508.14
1515.88
1523.6
1531.3
1538.96
1546.59
1555.25
1563.9
1560.1
1556.31
1552.54
1548.79
1545.06
1552.58
1560.04
1567.41
1574.72
1570.97
1567.24
1575.23
1571.51
1567.8
1564.11
1560.44
1556.79
1564.07
1560.42
1556.79
1553.18
1560.71
1568.23
1575.75
1583.26
1579.63
1576.02
1584.58
1580.97
1577.38
1584.91
1581.33
1577.76
1574.2
1570.67
1567.15
1563.64
1560.15
1556.67
1564.44
1560.97
1557.52
1554.08
1550.66
1547.25
1543.86
1552.22
1560.59
1557.19
1553.81
1561.1
1568.31
1575.43
1582.45
1579.05
1575.66
1572.29
1568.93
1576.96
1585.01
1593.07
1601.11
1609.14
1617.13
1625.06
1632.93
1629.51
1636.98
1644.53
1641.1
1637.69
1634.29
1630.91
1627.54
1634.83
1642.18
1649.59
1657.05
1664.57
1672.14
1679.77
1687.44
1695.17
1702.93
1699.49
1707
1714.57
1722.19
1729.85
1737.55
1745.28
1741.8
1738.34
1745.46
1742.01
1738.56
1745.72
1742.28
1738.86
1747.25
1743.83
1740.42
1747.59
1754.69
1761.73
1768.7
1775.61
1782.46
1789.26
1796
1792.55
1799.65
1796.21
1792.78
1789.37
1785.96
1782.57
1789.57
1796.5
1803.36
1799.96
1806.98
1803.59
1811.57
1819.59
1827.65
1835.75
1832.33
1828.93
1825.55
1822.17
1818.81
1815.46
1812.12
1808.8
1805.49
1812.31
1819.15
1826.01
1832.87
1839.74
1836.41
1833.09
1839.76
1846.36
1843.04
1839.73
1836.43
1833.15
1829.87
1836.95
1844.03
1851.12
1858.19
1865.24
1872.26
1879.24
1886.17
1893.05
1889.73
1886.42
1894.08
1901.71
1909.31
1916.88
1924.42
1931.93
1939.4
1946.85
1954.27
1961.66
1958.29
1965.01
1971.76
1978.53
1975.15
1982.04
1988.92
1995.8
2002.67
2009.52
2016.35
2023.17
