22.7013
11.3507
17.8246
23.928
31.0317
38.6693
46.6984
55.0271
63.5954
72.3617
81.2953
74.5207
82.6066
90.824
99.0557
107.28
115.489
123.68
131.852
140.003
148.135
156.248
166.35
176.467
186.593
196.722
206.85
199.462
209.549
219.661
229.766
239.855
249.918
259.952
269.953
279.916
289.841
299.723
292.037
300.054
307.924
315.647
323.224
330.655
323.307
316.278
325.977
335.653
345.305
354.932
364.531
374.102
383.645
393.158
402.636
412.078
404.849
414.158
423.171
432.027
440.757
449.371
457.868
466.249
474.509
467.319
460.344
470.416
480.61
490.931
501.377
511.796
522.14
532.394
542.571
552.657
562.667
555.454
548.423
541.567
551.356
561.037
570.607
580.061
589.395
598.605
607.687
600.782
594.031
603.35
596.72
590.234
599.509
608.79
602.382
596.107
604.283
612.477
606.291
600.228
594.285
588.458
596.572
590.836
585.209
579.688
574.271
583.414
592.28
601.008
609.636
618.173
626.62
634.971
643.219
651.323
659.282
653.694
648.201
642.8
650.805
658.801
666.785
674.757
682.713
690.653
698.576
706.48
714.365
722.23
716.717
725.711
734.684
743.637
752.569
761.478
770.363
779.223
788.055
796.855
805.625
799.952
807.568
815.241
822.969
830.752
838.591
846.483
854.429
848.733
843.112
851.897
860.732
869.617
878.553
887.539
896.576
905.663
914.801
923.988
933.223
941.228
949.321
957.501
965.764
974.108
982.531
991.031
999.602
1008.24
1016.95
1025.72
1034.55
1043.43
1052.35
1061.32
1070.33
1079.37
1073.34
1067.38
1061.48
1070.27
1064.42
1058.63
1052.91
1047.25
1041.65
1036.11
1030.63
1025.2
1034.25
1043.24
1052.17
1061.03
1069.83
1078.55
1073.07
1081.93
1076.5
1084.49
1092.61
1100.85
1109.1
1117.31
1125.46
1133.56
1141.61
1149.61
1157.56
1166.24
1160.71
1155.23
1149.81
1157.61
1165.24
1172.74
1180.06
1174.65
1169.29
1163.97
1171.95
1179.93
1187.89
1195.84
1203.78
1198.45
1193.17
1187.94
1182.75
1177.61
1172.51
1167.46
1162.45
1157.48
1166.11
1174.67
1183.17
1191.6
1199.95
1208.22
1216.41
1224.5
1232.5
1240.4
1235.33
1230.31
1225.33
1220.39
1215.49
1210.63
1205.8
1213.45
1220.9
1228.15
1235.17
1230.35
1225.56
1234.06
1242.59
1251.15
1259.73
1268.34
1276.97
1285.62
1280.76
1289.09
1297.45
1292.61
1287.81
1283.04
1278.3
1273.6
1268.94
1264.31
1259.71
1255.15
1250.61
1246.12
1254.9
1263.73
1272.61
1268.09
1263.61
1259.16
1254.75
1262.93
1271.03
1279.04
1286.96
1294.79
1302.54
1310.19
1317.75
1325.22
1332.6
1328.1
1335.65
1343.09
1350.44
1357.66
1364.75
1371.71
1367.18
1362.68
1358.21
1353.78
1360.54
1367.16
1373.62
1379.91
1375.47
1371.06
1366.68
1362.33
1368.79
1375.45
1371.11
1366.8
1362.51
1358.26
1354.03
1361.56
1369.09
1364.86
1360.66
1356.49
1352.34
1348.22
1344.12
1340.04
1336
1331.97
1327.97
1324
1320.04
1316.12
1323.27
1330.43
1337.59
1344.76
1340.82
1336.9
1333
1329.13
1325.27
1321.44
1317.64
1313.85
1310.08
1306.34
1302.62
1298.92
1305.95
1312.96
1319.95
1326.93
1333.89
1340.86
1337.12
1333.41
1329.72
1326.04
1332.93
1339.79
1346.62
1342.94
1339.28
1335.64
1332.02
1338.78
1335.17
1331.58
1328.01
1324.46
1320.93
1317.41
1325.2
1333.04
1329.52
1326.03
1322.54
1319.08
1315.64
1312.21
1308.8
1305.41
1302.04
1298.68
1306.35
1313.92
1321.41
1328.81
1336.1
1343.29
1350.37
1346.96
1343.57
1340.2
1336.84
1333.49
1330.17
1326.86
1323.57
1320.29
1317.03
1313.79
1310.56
1307.35
1304.15
1310.74
1317.35
1323.99
1330.64
1337.31
1343.98
1350.66
1357.34
1354.09
1350.86
1357.59
1364.36
1371.15
1377.98
1384.84
1391.73
1398.64
1405.59
1412.56
1419.56
1416.26
1422.73
1429.38
1436.22
1443.2
1450.32
1457.56
1464.89
1472.3
1479.76
1476.4
1473.05
1469.72
1466.4
1463.1
1459.81
1456.54
1453.28
1450.03
1446.8
1443.59
1440.39
1447.73
1455.07
1451.87
1448.68
1456.39
1453.2
1450.03
1446.87
1443.72
1440.59
1437.47
1434.37
1431.28
1428.2
1425.13
1432.18
1439.21
1446.21
1453.18
1460.12
1457.03
1453.95
1450.88
1447.83
1455.12
1462.46
1469.86
1466.79
1463.73
1460.69
1457.66
1454.64
1451.64
1458.37
1455.37
1452.38
1449.41
1446.44
1443.49
1440.55
1437.62
1434.71
1442.16
1439.25
1436.35
1442.83
1449.33
1455.83
1452.92
1450.02
1447.13
1444.26
1441.39
1438.54
1435.69
1432.86
1430.04
1437.22
1434.4
1431.59
1428.8
1426.01
1433.33
1430.54
1427.77
1425.01
1422.26
1419.52
1416.79
1414.07
1411.36
1408.66
1405.97
1403.29
1400.63
1397.97
1395.32
1392.68
1399
1405.3
1402.66
1400.03
1397.41
1394.8
1392.19
1389.6
1387.02
1384.45
1381.88
1379.33
1376.78
1374.25
1371.72
1369.2
1366.7
1364.2
1361.71
1359.23
1356.76
1354.29
1351.84
1349.4
1346.96
1344.53
1342.12
1339.71
1337.31
1334.91
1332.53
1330.15
1327.79
1325.43
1323.08
1320.74
1327.01
1333.31
1339.65
1346.03
1352.43
1358.87
1365.35
1371.85
1378.38
1384.94
1391.1
1397.31
1403.56
1409.83
1416.13
1422.44
1420
1417.56
1415.13
1412.71
1410.3
1407.9
1405.51
1403.12
1400.74
1398.37
1396.01
1393.66
1391.31
1388.97
1386.64
1384.32
1382
1379.7
1377.4
1375.1
1372.82
1370.54
1368.27
1374.65
1380.96
1387.19
1384.91
1382.64
1380.37
1378.11
1375.86
1373.61
1371.38
1369.15
1366.92
1364.71
1371.41
1378.13
1384.87
1391.61
1398.35
1405.09
1411.81
1418.51
1425.18
1431.83
1429.55
1427.27
1425.01
1431.15
1428.89
1426.63
1424.38
1422.14
1419.9
1417.67
1415.45
1413.24
1411.03
1408.83
1406.63
1404.44
1402.26
1400.09
1397.92
1395.76
1393.61
1391.46
1389.32
1387.18
1385.06
1382.94
1380.82
1378.71
1376.61
1374.52
1372.43
1370.34
1377.17
1384.04
1390.96
1397.92
1404.92
1411.95
1419
1426.08
1423.94
1421.81
1419.69
1417.58
1415.47
1413.36
1420.08
1426.84
1433.65
1440.51
1438.38
1436.26
1442.73
1449.19
1455.62
1462.03
1468.41
1466.26
1464.13
1461.99
1459.87
1457.75
1455.64
1461.82
1468.06
1474.35
1480.69
1478.56
1476.43
1474.32
1472.2
1470.1
1468
1465.9
1463.81
1461.73
1459.66
1457.59
1455.52
1453.46
1451.41
1449.36
1447.32
1445.29
1443.26
1441.23
1439.21
1437.2
1435.19
1433.19
1431.2
1429.2
1427.22
1433.43
1439.64
1437.65
1435.66
1441.65
1447.68
1445.69
1443.71
1441.73
1439.75
1437.78
1435.82
1441.81
1447.8
1453.77
1459.72
1465.64
1471.54
1477.41
1483.24
1489.03
1487.02
1485.02
1483.02
1481.03
1479.05
1477.07
1475.09
1473.12
1471.16
1469.2
1467.25
1465.3
1463.35
1461.42
1459.48
1457.56
1463.65
1461.72
1459.8
1457.88
1455.96
1454.06
1452.15
1450.25
1448.36
1446.47
1444.59
1450.52
1456.47
1462.43
1468.4
1474.4
1480.42
1478.51
1476.6
1482.24
1480.34
1478.44
1476.54
1474.65
1472.77
1470.89
1469.01
1467.14
1465.27
1463.41
1470.17
1468.31
1466.45
1464.59
1462.74
1460.9
1459.06
1457.22
1455.39
1453.57
1451.75
1449.93
1448.12
1446.31
1444.51
1449.77
1447.97
1446.17
1444.38
1442.59
1440.8
1439.02
1437.24
1435.47
1433.7
1431.94
1430.18
1428.43
1426.68
1424.93
1423.19
1421.45
1419.72
1417.99
1416.26
1414.54
1412.82
1411.11
1409.4
1407.7
1406
1404.3
1402.61
1400.92
1399.24
1397.56
1395.88
1394.21
1392.54
1390.88
1389.22
1387.57
1385.91
1384.27
1382.62
1380.98
1379.35
1377.71
1376.08
1374.46
1372.84
1371.22
1369.61
1368
1373.18
1371.57
1369.96
1368.36
1366.76
1365.17
1363.58
1361.99
1360.4
1358.82
1357.25
1355.68
1354.11
1352.54
1350.98
1349.42
1347.87
1346.32
1344.77
1343.22
1341.68
1340.15
1338.61
1337.08
1335.56
1334.03
1332.52
1331
1329.49
1327.98
1326.47
1324.97
1323.47
1321.98
1320.48
1318.99
1317.51
1316.03
1314.55
1313.07
1311.6
1310.13
1308.67
1307.2
1305.75
1311.32
1309.86
1308.4
1306.95
1305.5
1304.05
1302.61
1301.17
1299.73
1305.31
1310.91
1316.55
1322.21
1327.88
1333.56
1339.25
1344.94
1350.62
1356.3
1354.82
1353.34
1351.87
1350.4
1348.93
1347.46
1346
1344.54
1343.09
1341.64
1340.19
1338.74
1337.3
1335.86
1334.42
1340.03
1345.64
1351.23
1356.82
1362.39
1367.94
1373.47
1378.96
1384.42
1389.83
1388.36
1386.88
1385.41
1383.94
1382.48
1381.02
1379.56
1378.1
1376.65
1382.66
1388.71
1394.81
1400.94
1399.47
1398.01
1396.54
1395.09
1393.63
1392.18
1390.73
1389.28
1387.83
1386.39
1391.86
1397.37
1402.94
1408.54
1414.19
1419.88
1425.61
1431.37
1437.16
1442.98
1449.04
1455.09
1453.6
1452.11
1450.63
1449.15
1447.67
1446.19
1444.72
1443.25
1441.78
1447.14
1452.44
1457.69
1462.89
1461.41
1459.93
1465.32
1463.85
1462.37
1460.9
1459.43
1464.89
1470.42
1476
1481.64
1487.33
1485.84
1484.36
1482.88
1481.4
1479.93
1478.46
1476.99
1475.52
1480.96
1486.4
1491.83
1497.25
1502.67
1501.19
1499.71
1498.24
1496.76
1495.29
1493.82
1492.36
1490.9
1496.53
1502.15
1507.76
1506.29
1504.82
1503.35
1501.89
1500.43
1498.97
1497.52
1496.07
1501.72
1500.27
1498.82
1503.99
1509.21
1514.47
1513.01
1511.56
1510.11
1508.66
1507.21
1505.77
1504.33
1502.89
1501.45
1500.02
1498.59
1497.16
1495.74
1494.32
1499.93
1498.51
1497.09
1495.67
1494.26
1492.84
1491.43
1490.03
1488.62
1487.22
1485.82
1484.42
1483.03
1481.64
1480.25
1486.28
1492.35
1498.44
1504.57
1510.73
1516.91
1523.12
1521.71
1520.29
1518.88
1517.47
1516.06
1514.66
1513.26
1511.86
1510.46
1509.07
1507.68
1506.29
1504.91
1503.52
1502.14
1500.76
1499.39
1498.02
1503.52
1502.15
1500.78
1499.41
1498.04
1503.59
1502.22
1500.86
1499.49
1498.13
1496.77
1495.42
1494.06
1492.71
1497.9
1503.11
1508.36
1507
1505.64
1504.29
1502.94
1501.59
1500.24
1498.9
1497.56
1496.22
1494.88
1493.55
1492.21
1490.88
1489.56
1488.23
1486.91
1485.59
1484.27
1482.95
1481.64
1486.8
1485.49
1484.17
1482.86
1481.56
1480.25
1478.95
1477.65
1476.35
1475.05
1473.76
1472.47
1471.18
1469.89
1468.61
1467.32
1466.04
1464.76
1463.49
1462.21
1460.94
1459.67
1458.41
1457.14
1455.88
1454.62
1453.36
1452.1
1450.85
1449.6
1448.35
1447.1
1445.86
1444.61
1443.37
1442.13
1440.9
1439.66
1438.43
1437.2
1435.97
1434.74
1433.52
1432.3
1431.08
1436.06
1434.84
1433.62
1432.41
1431.19
1429.98
1428.77
1433.54
1438.25
1437.03
1435.82
1434.61
1433.4
1432.19
1430.99
1429.79
1428.58
1427.39
1426.19
1425
1423.8
1422.61
1421.42
1420.24
1419.05
1417.87
1416.69
1421.62
1420.43
1419.25
1418.08
1416.9
1415.73
1414.56
1413.39
1412.22
1411.05
1409.89
1408.72
1407.56
1412.82
1418.11
1423.45
1422.28
1421.11
1419.95
1418.78
1417.62
1416.46
1415.31
1414.15
1413
1411.85
1410.7
1409.55
1408.4
1407.26
1406.12
1404.98
1403.84
1402.7
1401.57
1400.43
1399.3
1398.17
1397.05
1395.92
1394.8
1393.67
1392.55
1391.43
1390.32
1389.2
1388.09
1386.98
1385.87
1384.76
1383.65
1382.55
1381.45
1380.35
1379.25
1378.15
1377.06
1375.96
1374.87
1373.78
1372.69
1371.6
1370.52
1369.44
1368.35
1373.67
1372.59
1371.51
1370.43
1369.35
1368.27
1367.2
1366.12
1365.05
1363.98
1362.91
1361.85
1360.78
1359.72
1358.66
1357.6
1362.75
1367.93
1373.13
1378.34
1377.27
1376.2
1375.14
1374.07
1379.28
1378.21
1377.14
1376.08
1375.02
1373.95
1372.9
1371.84
1370.78
1369.73
1368.67
1367.62
1366.57
1365.53
1364.48
1363.43
1362.39
1361.35
1360.31
1359.27
1358.23
1357.2
1356.17
1355.13
1354.1
1353.07
1352.05
1351.02
1350
1348.97
1347.95
1346.93
1345.91
1344.9
1343.88
1342.87
1341.86
1340.85
1339.84
1338.83
1337.83
1336.82
1335.82
1334.82
1333.82
1332.82
1331.82
1330.83
1329.83
1328.84
1327.85
1333.18
1338.52
1343.87
1349.23
1354.6
1359.98
1365.36
1370.75
1376.14
1381.52
1380.5
1385.37
1384.35
1383.32
1382.3
1381.29
1380.27
1379.25
1378.24
1377.23
1376.22
1375.21
1374.2
1373.19
1372.19
1371.18
1370.18
1369.18
1374.22
1379.24
1384.21
1389.13
1388.12
1387.11
1386.1
1385.09
1384.09
1383.09
1382.08
1381.08
1380.08
1379.09
1378.09
1377.09
1376.1
1375.11
1374.12
1373.13
1372.14
1371.15
1370.17
1369.19
1374.05
1378.9
1377.91
1376.92
1375.94
1374.96
1373.97
1372.99
1372.01
1371.04
1370.06
1369.08
1368.11
1367.14
1366.17
1365.2
1364.23
1363.26
1362.3
1361.33
1360.37
1359.41
1358.45
1357.49
1362.8
1361.84
1360.88
1359.92
1358.97
1358.01
1357.06
1356.11
1355.16
1354.21
1353.26
1352.31
1351.36
1350.42
1349.48
1348.54
1347.6
1346.66
1345.72
1344.78
1343.85
1342.91
1341.98
1341.05
1340.12
1339.19
1344.05
1348.93
1353.82
1358.73
1357.79
1356.85
1355.92
1354.98
1354.05
1353.12
1352.19
1351.26
1350.33
1354.82
1353.89
1352.96
1352.04
1351.11
1350.19
1349.26
1348.34
1347.42
1346.5
1345.58
1344.67
1343.75
1342.84
1341.93
1341.01
1340.1
1339.19
1338.29
1342.72
1347.19
1346.28
1345.37
1344.46
1343.55
1342.64
1341.74
1340.83
1339.93
1339.03
1338.13
1337.23
1336.33
1335.43
1334.54
1333.64
1332.75
1331.86
1330.97
1330.08
1329.19
1328.3
1327.42
1326.53
1325.65
1324.76
1323.88
1323
1322.12
1326.95
1326.06
1325.19
1324.31
1323.43
1322.55
1321.68
1320.81
1319.93
1319.06
1318.19
1322.57
1321.7
1320.83
1319.96
1319.09
1323.78
1328.44
1333.07
1337.67
1342.25
1346.81
1351.35
1355.89
1360.46
1365.14
1364.25
1369.41
1368.52
1367.63
1366.74
1365.85
1364.96
1364.07
1367.18
1371.47
1375.83
1380.14
1384.39
1388.58
1387.68
1392.19
1396.71
1401.22
1405.74
1410.26
1414.78
1419.3
1423.82
1428.34
1432.85
1437.35
1441.85
1446.34
1450.82
1455.28
1459.74
1464.17
1468.59
1473
1477.38
1481.74
1486.08
1490.4
1489.45
1488.5
1487.56
1486.61
1485.67
1484.72
1483.78
1482.84
1481.9
1480.96
1480.02
1479.09
1478.15
1477.22
1476.29
1475.35
1474.42
1473.5
1472.57
1471.64
1470.71
1469.79
1468.87
1467.95
1467.02
1466.1
1465.19
1464.27
1463.35
1462.44
1461.52
1460.61
1459.7
1458.79
1457.88
1456.97
1456.06
1455.16
1454.25
1453.35
1452.45
1451.54
1450.64
1449.74
1448.85
1447.95
1447.05
1446.16
1445.26
1444.37
1443.48
1442.59
1441.7
1440.81
1439.92
1444.72
1449.51
1454.3
1459.09
1463.86
1468.63
1473.39
1478.14
1482.88
1487.61
1492.6
1497.57
1502.54
1507.5
1512.45
1517.39
1522.31
