23.0185
33.6305
44.1705
54.6435
65.0524
75.3998
85.6879
95.9189
106.095
116.218
123.994
134.872
145.662
156.351
166.926
177.383
187.715
197.918
207.989
217.924
207.547
198.113
204.708
212.775
222.183
232.442
223.833
233.863
243.884
253.891
263.878
273.839
283.767
293.657
303.504
313.301
323.045
314.543
324.194
316.089
308.38
317.867
327.144
336.203
345.04
353.652
362.036
370.16
378.076
385.767
393.231
385.669
378.392
371.385
378.698
385.897
392.994
399.996
406.917
413.766
420.555
427.294
433.99
440.641
433.862
444.357
454.758
464.967
474.974
468.188
461.594
468.134
474.519
468.106
461.865
471.174
465.055
459.093
465.451
471.795
478.121
484.438
490.74
497.032
503.31
509.578
515.833
522.08
516.214
526.757
537.354
547.995
558.675
552.731
546.913
553.043
559.04
564.914
559.208
553.616
548.134
542.76
537.491
532.323
541.667
536.557
531.542
526.621
521.789
530.811
539.642
548.303
556.806
565.157
573.367
581.444
589.398
597.236
592.217
599.306
606.41
613.588
620.822
615.815
623.753
631.051
626.082
621.191
631.289
641.319
651.276
661.157
670.958
680.676
690.307
699.849
709.301
718.66
713.489
708.393
703.369
712.544
721.627
730.615
739.507
748.3
756.989
765.569
774.036
782.382
777.201
772.088
777.865
783.552
789.144
794.639
800.032
794.969
802.766
797.749
806.041
814.344
822.651
830.955
839.249
847.524
855.773
863.988
872.161
880.284
875.136
870.048
865.019
860.048
855.133
850.275
845.471
853.177
848.411
855.669
850.942
846.266
841.642
849.582
857.525
865.467
873.407
881.342
876.679
872.065
879.223
886.3
893.293
900.202
907.034
913.801
920.51
927.165
933.769
940.325
935.647
931.015
926.428
932.923
939.387
945.818
952.216
958.583
964.92
971.228
977.509
972.898
968.331
963.806
970.873
966.378
961.925
957.512
953.14
948.807
944.514
940.26
936.043
931.864
927.723
923.618
931.539
939.469
947.411
955.372
963.358
971.376
979.433
987.539
995.703
1003.93
999.696
1004.93
1000.73
996.559
992.424
988.323
984.256
980.222
976.221
972.253
968.317
964.412
971.802
979.204
986.619
982.704
978.82
988.216
997.495
1006.67
1015.77
1024.8
1033.75
1042.65
1051.49
1060.28
1069.02
1064.97
1060.95
1069.68
1078.44
1074.41
1070.42
1078.35
1074.37
1070.42
1066.5
1075.17
1083.84
1092.5
1101.15
1109.8
1118.44
1127.08
1135.73
1144.38
1153.04
1148.98
1144.95
1140.94
1136.97
1133.02
1129.1
1125.21
1133.77
1142.35
1150.96
1159.59
1168.21
1176.7
1185.08
1193.33
1201.46
1209.47
1205.45
1201.46
1197.49
1205.53
1213.66
1221.86
1230.16
1238.53
1247
1255.55
1264.18
1272.89
1281.69
1289.65
1285.55
1293.64
1301.65
1309.61
1317.5
1325.32
1333.07
1340.76
1348.4
1344.23
1353.04
1361.82
1370.59
1379.35
1388.11
1396.88
1405.65
1414.45
1423.27
1432.13
1441.02
1449.95
1445.65
1451.92
1458.23
1464.57
1470.94
1477.33
1483.74
1490.17
1496.6
1503.04
1509.5
1505.16
1500.85
1496.56
1505.4
1514.18
1522.89
1531.56
1540.16
1548.71
1557.2
1565.64
1574.02
1582.36
1589.94
1597.38
1604.69
1611.86
1618.89
1625.81
1632.62
1639.35
1646
1652.58
1659.11
1665.59
1672.05
1678.48
1684.9
1691.32
1697.75
1704.18
1710.63
1717.1
