22.7252
33.0582
43.3449
53.5779
63.7509
73.8583
83.8941
93.8528
103.729
113.517
122.42
132.053
141.633
151.213
160.813
170.438
180.088
189.762
179.775
189.406
198.971
208.468
217.896
227.252
236.535
245.742
254.872
263.924
272.881
263.785
274.239
284.609
294.96
305.308
315.662
326.027
336.403
346.796
357.206
367.635
377.376
368.391
378.25
369.653
379.39
371.143
381.545
391.962
402.278
412.469
422.557
414.431
406.611
415.583
424.61
433.693
442.83
452.022
461.266
470.562
479.908
489.302
498.742
490.949
500.538
510.054
519.492
511.853
521.236
513.79
521.955
530.276
538.599
546.9
555.174
563.417
571.631
579.817
587.976
596.108
588.749
581.569
574.562
583.763
592.85
601.815
610.644
619.327
627.85
636.199
644.361
652.319
660.058
653.037
662.801
672.449
681.98
675.021
668.202
675.778
683.208
690.488
697.616
704.591
711.412
718.079
724.592
717.883
711.297
720.526
729.746
738.959
748.166
757.368
766.567
775.764
784.961
794.159
803.359
812.475
821.606
814.872
821.516
828.281
835.162
842.15
849.239
856.419
849.78
858.894
867.95
876.944
885.877
894.746
888.118
897.456
906.683
915.797
909.209
902.714
910.687
918.616
926.503
920.068
913.723
922.638
916.361
910.17
916.649
910.538
904.508
913.26
922.026
930.805
939.591
948.382
957.174
965.965
974.751
983.53
992.298
986.172
993.519
1001.05
1008.75
1016.6
1024.58
1032.67
1040.86
1049.14
1057.49
1065.89
1074.67
1083.44
1092.2
1100.96
1109.72
1118.47
1127.21
1135.94
1144.65
1153.35
1162.03
1170.69
1179.32
1187.91
1196.47
1204.99
1213.45
1221.87
1230.23
1238.53
1246.77
1254.94
1263.04
1271.13
