23.0277
33.6963
44.334
54.9457
65.5357
76.108
86.6664
97.2142
107.755
118.291
128.772
139.65
150.497
161.25
171.892
182.417
192.821
203.1
213.251
223.269
212.637
222.502
232.193
241.708
251.045
260.202
250.565
261.154
271.809
282.533
293.327
284.161
293.968
301.304
311.922
322.373
332.638
342.792
352.813
362.739
372.551
382.276
392.131
383.219
392.334
401.431
410.509
419.566
428.601
437.612
446.597
455.553
464.479
473.374
484.146
475.501
485.112
494.671
504.177
513.503
522.632
531.561
540.287
548.807
557.119
565.219
556.783
565.508
557.312
549.351
559.734
570.167
580.539
590.811
600.985
611.063
621.049
630.944
640.752
650.478
642.447
653.311
664.077
674.725
685.256
695.673
705.978
716.177
726.273
736.269
728.178
720.263
728.426
736.643
744.921
753.271
761.704
770.23
778.859
787.599
796.46
805.449
815.343
825.164
834.907
844.567
854.135
863.602
872.958
882.188
891.28
900.217
908.985
917.57
925.959
934.142
942.114
949.869
957.409
964.737
971.861
978.79
985.536
992.114
998.588
