20.6032
28.4687
36.2235
43.8656
51.402
58.8418
66.1955
73.4735
80.6864
87.8442
98.3139
108.613
118.879
129.117
139.294
130.588
140.576
150.485
160.315
170.063
179.725
189.298
198.777
208.159
217.441
226.62
234.044
241.662
233.329
243.624
254.176
264.685
275.123
285.505
295.839
306.133
316.392
326.621
336.821
328.4
320.39
312.762
319.91
326.893
333.718
340.395
346.93
353.332
346.122
339.199
332.548
326.153
336.104
346.224
356.519
366.997
377.64
388.453
399.442
410.61
421.962
433.501
426.62
419.954
413.493
419.88
413.614
407.531
416.739
425.919
435.032
428.99
423.114
417.396
411.831
420.518
415.057
409.736
420.33
430.712
440.881
450.837
460.578
470.103
479.414
488.509
497.391
506.058
500.372
494.812
489.375
484.056
478.851
473.756
468.77
463.887
459.104
454.419
449.829
458.114
453.579
449.132
444.771
440.495
436.299
432.183
428.144
424.18
420.288
416.468
412.716
409.031
405.411
401.855
398.36
394.926
391.551
388.232
395.966
403.732
411.527
419.345
427.185
435.046
442.927
450.828
458.751
466.697
463.079
459.517
456.01
463.672
471.143
478.413
474.869
471.377
467.936
464.546
461.203
457.909
454.662
451.46
459.015
466.498
473.905
481.217
488.432
495.549
502.566
509.486
516.315
523.061
519.642
516.268
512.937
519.833
516.522
513.253
510.025
506.837
503.689
500.58
507.957
515.242
512.119
509.034
505.986
502.974
499.998
497.057
503.517
509.97
516.408
522.828
529.225
535.597
541.847
547.976
553.99
559.894
556.801
566.17
575.666
585.288
595.038
604.917
614.925
625.063
621.756
618.484
615.246
612.041
608.87
605.731
602.625
599.55
608.01
616.469
624.921
633.36
641.776
650.16
658.46
666.588
674.548
682.343
679.047
675.782
672.549
669.346
666.174
672.119
678.054
683.817
689.427
694.9
700.253
705.503
710.665
715.754
720.781
717.534
714.317
711.128
716.084
720.995
717.819
714.67
711.549
708.456
705.389
702.348
708.97
715.634
712.589
709.569
706.575
703.606
700.662
697.743
694.848
691.976
689.129
686.305
683.503
680.725
677.969
675.235
672.523
669.833
667.165
664.517
661.891
659.285
656.699
654.134
651.589
649.063
646.557
644.07
641.603
639.154
636.724
634.312
631.918
629.543
627.185
624.844
622.522
620.216
617.927
615.656
613.4
611.162
608.939
606.733
604.543
602.368
600.209
598.065
595.937
593.824
600.311
606.867
613.498
620.209
627.007
633.898
640.887
647.98
655.183
662.498
660.237
657.991
655.761
662.97
670.124
667.875
674.921
672.672
670.437
668.217
666.012
663.821
668.268
666.084
663.915
671.076
678.208
685.313
683.109
680.92
678.744
676.583
674.435
672.301
670.18
668.072
665.978
663.897
661.829
659.773
657.731
655.701
660.862
665.944
670.945
675.867
680.712
685.482
690.182
694.817
699.392
703.915
701.813
699.725
697.648
704.889
702.81
700.743
698.688
696.645
694.614
692.594
690.587
688.591
686.607
684.634
682.672
680.721
678.782
676.854
682.805
688.833
694.896
700.986
707.101
713.242
719.41
725.605
731.83
738.085
736.052
734.03
732.019
730.018
728.029
726.051
724.083
722.126
720.18
718.244
716.318
714.403
712.498
710.603
708.718
706.843
704.978
709.305
713.594
717.851
722.083
726.292
730.486
734.671
738.856
743.048
747.256
745.34
751.454
757.566
763.678
769.793
775.911
782.036
788.169
794.311
800.465
798.464
796.473
800.719
804.973
809.243
813.535
817.858
815.848
813.849
811.859
809.879
814.232
812.256
810.289
808.332
806.384
804.445
802.516
800.596
798.686
796.784
794.891
793.008
791.133
789.267
787.41
793.329
799.177
797.31
795.451
793.601
791.76
789.927
788.103
792.379
796.688
801.029
805.408
809.838
814.314
812.464
810.621
808.787
806.962
805.144
803.335
801.534
799.741
797.955
796.178
794.409
792.648
796.982
795.223
793.471
799.968
806.394
812.75
819.039
825.264
831.427
837.531
843.582
841.76
839.945
846.871
853.878
860.766
867.707
874.678
881.676
888.695
895.733
902.785
909.847
915.776
920.383
925.245
932.053
930.108
937.071
935.123
942.221
949.32
956.414
963.5
961.517
966.118
970.739
975.379
980.037
984.713
989.407
994.117
998.843
1003.58
1008.34
1006.31
1004.29
1002.28
1000.27
998.276
996.288
994.307
992.334
990.369
988.412
995.45
993.491
991.539
989.595
987.658
985.729
992.179
998.809
1005.62
1012.6
1019.7
1026.82
1033.95
1041.07
1048.2
1055.42
1053.4
1058.52
1056.51
1054.5
1052.5
1050.5
1048.52
1046.54
1044.57
1042.6
1040.65
1038.7
1043.48
1041.54
1039.6
1037.66
1035.74
1040.57
1045.45
1050.39
1048.46
1046.53
1044.61
1042.7
1040.79
1038.89
1037
1035.12
1033.24
1031.37
1029.5
1027.64
1032.47
1037.25
1041.97
1046.65
1044.77
1042.91
1049.91
1057.01
1064.12
1071.23
1078.32
1085.39
1092.42
1099.41
1097.48
1104.57
1111.67
1109.73
1107.79
1105.86
1103.94
1102.02
1100.11
1098.21
1096.31
1094.42
1092.54
1090.66
1088.79
1086.93
1085.07
1083.22
1081.37
1079.53
1077.7
1075.87
1074.05
1072.24
1070.43
1068.63
1066.83
1065.04
1063.26
1061.48
1059.71
1057.94
1056.18
1054.43
1052.68
1050.94
1057.67
1064.41
1071.14
1077.87
1084.6
1091.32
1098.04
1104.74
1111.44
1118.12
1116.3
1114.49
1112.69
1110.88
1109.09
1107.3
1105.52
1110.2
1108.42
1106.65
1104.88
1103.11
1101.35
1099.6
1097.85
1096.11
1094.37
1092.64
1090.91
1089.19
1093.79
1092.07
1090.35
1088.65
1086.94
1093.48
1100.04
1106.61
1113.2
1111.47
1117.76
1124.07
1130.4
1136.76
1143.15
1149.58
1156.04
1162.54
1160.76
1166.66
1164.88
1171.52
1178.15
1176.36
1180.65
1184.94
1189.25
1193.57
1197.92
1202.29
1206.69
1211.12
1215.57
1213.75
1211.94
1210.13
1208.33
1214.97
1213.17
1211.37
1209.57
1207.78
1212.47
1217.22
1222.05
1226.96
1225.16
1223.36
1221.57
1219.79
1218
1216.23
1214.46
1212.69
1210.93
1209.18
1207.43
1205.68
1203.94
1202.21
1200.48
1198.75
1197.03
1195.32
1200.23
1205.19
1210.19
1215.23
1220.31
1225.43
1230.57
1235.74
1240.94
1239.19
1237.44
1244.05
1250.7
1257.37
1255.61
1253.85
1252.1
1258.71
1265.28
1263.52
1261.76
1260.01
1265.2
1263.44
1261.7
1259.95
1258.22
1263.38
1268.53
1273.67
1271.92
1270.18
1268.44
1273.64
1271.9
1270.17
1268.44
1266.71
1265
1263.28
1261.57
1265.6
1269.61
1267.9
1266.19
1264.49
1262.79
1261.1
1259.41
1257.73
1256.05
1254.37
1252.7
1251.04
1249.37
1255.82
1262.3
1268.78
1275.28
1281.79
1288.3
1286.6
1284.91
1283.23
1289.69
1296.12
1302.49
1300.79
1299.09
1297.4
1295.72
1294.03
1292.35
1290.68
1289.01
1287.35
1285.68
1284.03
1282.38
1280.73
1287.02
1293.32
1291.66
1290.01
1288.36
1286.72
1285.08
1283.45
1281.82
1280.19
1278.57
1276.95
1275.33
1273.72
1272.12
1270.52
1268.92
1267.32
1265.73
1264.15
1262.56
1260.99
1259.41
1257.84
1263.39
1261.82
1260.25
1264.99
1269.77
1274.57
1279.42
1277.84
1276.26
1274.69
1273.12
1271.56
1270
1268.44
1266.89
1273.09
1271.54
1269.99
1268.44
1266.9
1265.36
1263.82
1262.29
1260.76
1259.24
1257.72
1256.2
1254.69
1253.18
1251.67
1250.17
1248.67
1247.17
1245.68
1244.19
1242.71
1241.23
1239.75
1238.28
1236.8
1235.34
1233.87
1232.41
1230.96
1229.5
1228.05
1226.61
1225.16
1223.72
1222.29
1220.86
1219.43
1218
1216.58
1215.16
1213.74
1212.33
1210.92
1209.51
1208.11
1206.71
1205.31
1203.92
1202.53
1201.14
1199.76
1198.38
1197
1195.63
1194.25
1192.89
1191.52
1190.16
1188.8
1187.45
1186.09
1184.74
1183.4
1182.05
1180.71
1179.38
1178.04
1176.71
1175.38
1181.2
1186.99
1185.65
1184.32
1182.99
1181.66
1187.43
1186.1
1184.78
1183.45
1182.13
1180.82
1179.5
1178.19
1176.89
1175.58
1174.28
1172.98
1171.68
1170.39
1169.1
1167.81
1166.53
1165.25
1163.97
1162.69
1161.42
1160.15
1158.88
1157.61
1156.35
1160.45
1164.51
1168.53
1172.52
1176.49
1180.43
1179.15
1177.88
1182.56
1181.29
1180.01
1178.74
1177.48
1176.21
1174.95
1179.82
1184.71
1189.6
1194.51
1199.43
1204.38
1209.36
1214.37
1219.42
1224.46
1223.16
1221.86
1220.57
1219.28
1217.99
1216.71
1215.43
1221.11
1219.83
1218.55
1217.27
1215.99
1214.72
1213.45
1212.18
1210.92
1216.61
1215.34
1214.08
1212.81
1211.56
1210.3
1209.04
1207.79
1206.54
1205.3
1204.05
1202.81
1201.57
1200.34
1199.1
1197.87
1196.64
1195.42
1194.19
1192.97
1191.75
1190.54
1189.32
1188.11
1186.91
1185.7
1184.5
1183.29
1182.09
1180.9
1179.7
1178.51
1177.32
1176.14
1174.95
1173.77
1172.59
1171.41
1170.24
1175.62
1180.94
1186.19
1191.38
1196.5
1201.57
1206.57
1211.52
1216.41
1221.25
1220.04
1218.83
1217.62
1216.42
1215.22
1214.02
1212.82
1211.63
1210.43
1209.24
1208.06
1206.87
1205.69
1209.48
1213.3
1217.17
1215.98
1214.79
1213.61
1212.43
1211.25
1210.07
1216.02
1214.84
1213.66
1212.49
1211.32
1210.15
1208.98
1207.81
1206.65
1205.49
1204.33
1203.17
1202.02
1200.86
1199.71
1198.57
1197.42
1196.28
1195.14
1194
1192.86
1197.35
1201.85
1206.36
1210.88
1215.41
1219.95
1224.49
1229.05
1233.61
1238.19
1237.02
1235.86
1240.47
1245.08
1249.71
1248.54
1247.37
1246.2
1245.03
1243.87
1249.63
1255.54
1261.58
1267.78
1274.11
1280.59
1287.2
1293.95
1300.84
1299.64
1298.43
1297.23
1296.04
1294.84
1293.65
1292.46
1291.27
1290.08
1288.9
1287.71
1286.53
1285.36
1284.18
1283.01
1281.83
1280.66
1279.5
1278.33
1277.17
1276.01
1274.85
1273.69
1272.54
1271.38
1270.23
1269.08
1267.94
1266.79
1265.65
1264.51
1263.37
1262.24
1261.1
1266.54
1271.98
1277.41
1282.83
1288.24
1293.65
1299.04
1304.43
1309.8
1315.17
1314
1312.83
1311.66
1310.5
1309.34
1308.18
1307.02
1305.86
1304.71
1303.56
1302.41
1301.26
1300.12
1298.97
1297.83
1296.69
1295.55
1294.42
1293.29
1292.15
1291.02
1295.57
1294.44
1293.31
1292.18
1291.06
1289.94
1288.82
1287.7
1286.58
1285.47
1284.35
1283.24
1282.13
1281.03
1279.92
1278.82
1277.72
1282.2
1286.66
1291.1
1295.53
1299.93
1304.3
1303.19
1302.07
1300.96
1299.85
1298.74
1297.63
1296.53
1295.42
1294.32
1293.22
1298.44
1297.33
1296.23
1295.14
1294.04
1292.95
1291.86
1290.77
1289.68
1288.59
1287.51
1286.42
1285.34
1284.26
1283.19
1282.11
1281.04
1279.96
1278.89
1277.83
1276.76
1275.69
1274.63
1273.57
1272.51
1271.45
1270.4
1274.83
1279.26
1278.2
1277.14
1276.08
1275.03
1273.98
1272.92
1271.88
1270.83
1269.78
1268.74
1273.83
1278.93
1284.01
1289.09
1294.16
1299.21
1304.25
1309.27
1314.28
1313.21
1312.14
1311.07
1310.01
1308.94
1307.88
1306.82
1305.76
1304.7
1303.64
1308.65
1313.69
1318.75
1323.82
1328.91
1334.01
1339.11
1344.2
1349.29
1354.37
1353.28
1352.2
1351.11
1350.03
1348.95
1347.87
1346.8
1345.72
1344.65
1343.58
1342.51
1341.44
1340.37
1339.31
1338.25
1343.35
1348.49
1353.69
1358.93
1364.22
1369.57
1374.97
1380.42
1385.92
1384.83
1383.74
1382.65
1381.56
1380.48
1379.4
1378.31
1377.24
1376.16
1375.08
1374.01
1372.93
1371.86
1370.79
1375.76
1374.69
1373.62
1372.55
1371.48
1370.42
1369.36
1368.3
1367.24
1366.18
1365.13
1364.07
1363.02
1361.97
1360.92
1359.87
1358.83
1357.78
1356.74
1362.14
1367.48
1372.74
1377.92
1383.01
1387.96
1392.79
1397.49
1402.03
1406.36
1405.28
1404.22
1403.15
1402.08
1401.02
1399.95
1398.89
1405.47
1404.41
1403.34
1402.28
1401.22
1400.17
1399.11
1398.06
1397
1395.95
1394.9
1393.86
1392.81
1391.76
1390.72
1389.68
1388.64
1387.6
1386.56
1385.53
1384.49
1383.46
1382.43
1381.4
1380.37
1379.35
1378.32
1377.3
1376.28
1375.26
1374.24
1373.22
1372.21
1371.19
1370.18
1369.17
1368.16
1367.15
1366.14
1365.14
1364.13
1363.13
1362.13
1361.13
1360.13
1359.14
1358.14
1357.15
1356.16
1355.17
1354.18
1353.19
1352.2
1351.22
1350.23
1349.25
1348.27
1352.45
1356.65
1360.86
1365.11
1369.39
1373.7
1378.04
1382.42
1386.84
1391.29
1390.29
1389.29
1388.29
1387.29
1386.29
1385.3
1384.3
1383.31
1382.32
1381.33
1380.34
1379.35
1378.37
1377.38
1376.4
1375.42
1374.44
1373.46
1372.48
1371.5
1370.53
1369.56
1368.58
1367.61
1366.64
1365.68
1364.71
1369.1
1373.48
1372.51
1371.54
1370.58
1369.61
1368.65
1367.68
1366.72
1365.76
1364.8
1363.84
1362.89
1361.93
1360.98
1360.03
1359.07
1358.12
1357.18
1356.23
1355.28
1354.34
1353.4
1352.45
1351.51
1350.57
1349.64
1348.7
1347.76
1346.83
1345.9
1344.97
1344.04
1343.11
1342.18
1341.25
1340.33
1339.4
1338.48
1337.56
1336.64
1335.72
1334.81
1333.89
1332.97
1332.06
1331.15
1330.24
1329.33
1328.42
1327.51
1326.61
1325.7
1324.8
1323.89
1322.99
1327.88
1326.97
1326.07
1325.17
1324.27
1323.37
1322.48
1321.58
1320.69
1319.8
1318.9
1325
1331.12
1337.26
1343.44
1349.64
1355.86
1354.95
1354.04
1358.77
1357.86
1362.95
1362.04
1366.93
1371.78
1376.61
1381.41
1386.2
1391
1395.83
1400.7
1405.66
1410.74
1409.8
1408.86
1407.92
1406.99
1406.06
1405.12
1404.19
1403.26
1402.33
1401.41
1400.48
1399.56
1398.63
1397.71
1396.79
1401.04
1405.18
1409.2
1408.27
1407.35
1406.42
1405.5
1404.58
1403.66
1402.74
1401.82
1400.9
1399.99
1399.07
1398.16
1397.25
1396.34
1395.43
1394.52
1393.61
1392.7
1391.8
1390.9
1389.99
1389.09
1388.19
1387.29
1386.39
1385.5
1384.6
1383.71
1382.81
1381.92
1381.03
1380.14
1379.25
1378.37
1377.48
1376.59
1375.71
1374.83
1373.94
1373.06
1377
1381.07
1380.18
1379.3
1378.42
1377.54
1376.66
1375.78
1374.91
1374.03
1373.16
1372.28
1371.41
1370.54
1369.67
1368.8
1367.93
1367.06
1366.2
1365.33
1364.47
1363.61
1362.75
1361.89
1361.03
1360.17
1359.31
1358.46
1363.2
1367.95
1367.09
1366.23
1365.38
1364.52
1363.66
1362.81
1361.96
1361.1
1360.25
1359.4
1358.55
1357.71
1356.86
1356.01
1355.17
1354.32
1353.48
1352.64
1351.8
1350.96
1350.12
1349.28
1348.45
1347.61
1346.78
1345.94
1349.93
1353.91
1357.9
1361.88
1365.86
1369.83
1373.8
1377.75
1381.68
1385.59
1390.13
1389.27
1394.12
1399.05
1404.07
1409.16
1414.32
1419.55
1424.85
1430.21
1429.34
1428.46
1427.59
1426.72
1430.04
1433.33
1432.45
1431.58
1430.71
1435.8
1440.8
1445.72
1450.56
1449.68
1448.8
1447.92
1447.05
1446.17
1445.3
1444.43
1443.55
1442.68
1441.81
1440.95
1440.08
1439.21
1438.35
1437.48
1436.62
1435.76
1434.89
1434.03
1433.18
1432.32
1431.46
1430.6
1429.75
1428.89
1428.04
1427.19
1426.34
1425.49
1424.64
1423.79
1422.94
1422.1
1421.25
1420.41
1419.57
1418.72
1417.88
1417.04
1416.2
1415.37
1414.53
1413.69
1417.58
1421.47
1425.4
1424.56
1423.72
1422.88
1422.04
1421.2
1420.37
1419.53
1418.7
1417.87
1417.04
1416.2
1415.38
1414.55
1413.72
1419.08
1418.25
1417.42
1416.59
1415.76
1414.94
1414.11
1413.29
1412.47
1411.65
1410.82
1415.9
1420.99
1426.11
1431.24
1436.41
1441.6
1446.77
1451.9
1451.06
1450.22
1449.38
1448.54
1447.71
1446.87
1446.04
1445.21
1444.38
1448.96
1448.13
1447.3
1446.47
1445.64
1444.81
1443.98
1443.15
1442.33
1441.5
1440.68
1439.85
1439.03
1438.21
1437.39
1436.57
1435.75
1434.93
1434.11
1433.3
1432.48
1431.67
1430.85
1430.04
1429.23
1428.42
1427.61
1426.8
1425.99
1425.18
1424.38
1423.57
1422.77
1421.97
1421.16
1420.36
1419.56
1418.76
1417.96
1417.16
1416.37
1415.57
1414.78
1413.98
1413.19
1412.4
1411.6
1410.81
1410.02
1409.23
1408.45
1407.66
1406.87
1406.09
1405.3
1404.52
1403.74
1402.95
1402.17
1401.39
1400.61
1399.83
1399.06
1398.28
1397.5
1396.73
1395.95
1395.18
1394.41
1393.64
1392.87
1392.1
1391.33
1390.56
1389.79
1389.02
1388.26
1387.49
1386.73
1385.97
1385.2
1384.44
1383.68
1382.92
1382.16
1381.4
1380.65
1379.89
1379.14
1378.38
1377.63
1376.87
1376.12
1375.37
1374.62
1378.19
1377.44
1376.69
1375.94
1375.19
1374.44
1373.69
1372.95
1372.2
1371.46
1370.71
1369.97
1369.23
1372.78
1372.04
1371.29
1370.55
1369.81
1369.07
1368.33
1373.01
1377.67
1382.31
1386.93
1391.53
1396.11
1395.36
1394.61
1393.86
1393.11
1392.36
1391.61
1390.87
1390.12
1389.38
1388.63
1387.89
1387.15
1386.41
1385.67
1384.93
1384.19
1383.45
1382.71
1381.97
1381.24
1380.5
1379.77
1379.04
1378.3
1377.57
1376.84
1376.11
1375.38
1374.65
1373.92
1373.2
1372.47
1371.74
1371.02
1370.29
1369.57
1368.85
1368.13
1367.4
1366.68
1365.96
1365.25
1364.53
1363.81
1363.09
1362.38
1361.66
1360.95
1360.23
1359.52
1363.72
1367.96
1372.26
1376.61
1381.03
1385.51
1390.08
1394.73
1394
1393.28
1392.55
1391.82
1391.1
1390.38
1389.65
1388.93
1392.75
1396.32
1399.62
1402.87
1406.3
1409.99
1413.92
1417.86
1421.81
1421.07
1420.34
1419.6
1418.87
1418.14
1417.41
1416.68
1415.95
1415.22
1414.49
1413.76
1413.03
1412.31
1411.58
1410.86
1410.13
1409.41
1408.69
1407.97
1407.25
1406.53
1405.81
1405.09
1404.37
1403.65
1402.94
1402.22
1401.51
1400.79
1400.08
1399.36
1398.65
1397.94
1397.23
1396.52
1395.81
1395.1
1394.39
1393.69
1392.98
1392.28
1391.57
1390.87
1390.16
1389.46
1388.76
1388.06
1387.36
1386.66
1385.96
1385.26
1384.56
1383.86
1383.17
1382.47
1381.78
1381.08
1380.39
1379.69
1379
1378.31
1377.62
1376.93
1376.24
1375.55
1374.86
1374.18
1373.49
1372.8
1372.12
1371.43
1370.75
1370.07
1369.38
1368.7
1368.02
1367.34
1366.66
1365.98
1365.3
1364.62
1363.95
1363.27
1362.59
1361.92
1361.24
1360.57
1359.9
1359.22
1358.55
1357.88
1357.21
1356.54
1355.87
1355.2
1354.54
1353.87
1353.2
1352.54
1351.87
1351.21
1350.54
1349.88
1349.22
1348.55
1347.89
1347.23
1346.57
1345.91
1345.25
1344.59
1343.94
1343.28
1342.62
1341.97
1341.31
1340.66
1340.01
1339.35
1338.7
1338.05
1337.4
1336.75
1336.1
1335.45
1334.8
1334.15
1333.5
1332.86
1332.21
1331.57
1330.92
1334.96
1338.94
1342.86
1346.73
1350.54
1354.3
1358.01
1361.67
1365.29
1368.86
1368.2
1367.54
1366.89
1366.23
1365.57
1364.91
1364.26
1363.6
1362.95
1362.3
1361.64
1360.99
1360.34
1359.69
1359.04
1358.39
1357.74
1361.23
1360.58
1359.93
1359.28
1358.63
1357.98
1357.34
1356.69
1356.04
1355.4
1354.75
1354.11
1353.47
1352.82
1352.18
1351.54
1350.9
1353.94
1357.05
1360.22
1363.47
1366.8
1370.22
1373.69
1377.17
1376.52
1375.87
1375.22
1374.57
1373.93
1373.28
1372.63
1371.99
1371.34
1370.7
1370.05
1369.41
1368.77
1368.12
1367.48
1366.84
1366.2
1365.56
1364.92
1364.28
1363.64
1363.01
1362.37
1361.73
1361.1
1360.46
1359.83
1359.19
1358.56
1357.93
1357.29
1356.66
1356.03
1355.4
1354.77
1354.14
1353.51
1352.89
1358.25
1357.62
1356.99
1361.35
1365.7
1370.03
1369.4
1368.76
1368.13
1367.5
1366.87
1366.24
1365.61
1364.98
1364.35
1363.72
1363.09
1362.46
1361.84
1361.21
1364.68
1364.06
1363.43
1362.8
1362.18
1361.55
1360.93
1360.31
1359.68
1359.06
1358.44
1357.82
1357.2
1356.58
1355.96
1355.34
1354.72
1354.1
1353.49
1356.92
1360.36
1359.74
1359.13
1358.51
1357.89
1357.27
1356.66
1356.04
1355.43
1354.81
1354.2
1358.57
1357.95
1357.34
1356.72
1356.11
1355.5
1354.88
1354.27
1353.66
1353.05
1352.44
1351.83
1351.22
1354.58
1353.97
1353.36
1352.75
1352.14
1351.53
1350.92
1350.32
1349.71
1353.09
1356.41
1359.65
1362.83
1362.22
1361.61
1361
1360.39
1364.71
1369.12
1373.63
1378.27
1383.03
1387.93
1387.31
1386.69
1386.07
1385.46
1384.84
1384.22
1383.61
1382.99
1382.38
1381.77
1385.7
1385.09
1384.47
1383.86
1383.25
1382.63
1382.02
1381.41
1380.8
1380.19
1379.58
1383.01
1386.4
1389.76
1389.15
1393.25
1397.32
1396.7
1396.08
1395.47
1394.86
1394.24
1393.63
1393.02
1392.41
1391.79
1391.18
1390.57
1389.96
1389.35
1388.75
1388.14
1387.53
1386.92
1386.32
1385.71
1385.11
1384.5
1383.9
1383.29
1382.69
1382.09
1381.49
1380.88
1380.28
1379.68
1379.08
1378.48
1377.88
1377.28
1376.69
1376.09
1375.49
1374.9
1374.3
1373.7
1376.9
1380.14
1383.42
1386.72
1390.04
1393.38
1396.73
1396.13
1395.53
1394.93
1394.32
1393.72
1393.12
1392.52
1391.92
1391.32
1390.73
1390.13
1389.53
1388.93
1388.34
1392.23
1396.12
1395.53
1394.93
1394.33
1393.73
1397.6
1397
1396.41
1395.81
1395.21
1394.62
1394.02
1393.43
1392.83
1392.24
1391.64
1391.05
1390.46
1389.87
1389.28
1388.68
1388.09
1392.09
1396.08
1395.49
1394.89
1394.3
1393.71
1393.12
1392.53
1391.94
1391.35
1390.76
1390.17
1389.59
1389
1388.41
1387.83
1387.24
1386.65
1386.07
1385.49
1384.9
1384.32
1383.74
1383.15
1382.57
1381.99
1381.41
1380.83
1384.12
1387.41
1390.68
1393.94
1397.17
1400.39
1403.59
1403
1402.41
1405.77
1409.1
1408.51
1407.92
1407.33
1406.75
1406.16
1405.57
1404.99
1404.4
1407.39
1406.8
1406.21
1405.63
1405.04
1404.46
1403.88
1403.29
1402.71
1402.13
1401.55
1400.97
1400.38
1399.8
1399.22
1398.64
1398.07
1397.49
1396.91
1396.33
1395.75
1395.18
1394.6
1394.03
1393.45
1392.88
1392.3
1391.73
1391.16
1390.58
1390.01
1389.44
1388.87
1392.13
1391.56
1390.99
1390.42
1389.85
1389.28
1388.71
1388.14
1387.57
1387
1386.43
1385.87
1385.3
1384.73
1384.17
1383.6
1383.04
1382.47
1381.91
1381.34
1380.78
1380.22
1379.66
1384.45
1383.88
1383.32
1382.76
1382.2
1381.63
1381.07
1380.51
1379.95
1379.39
1378.83
1378.27
1377.71
1377.16
1376.6
1376.04
1375.49
1374.93
1374.37
1373.82
1373.26
1372.71
1372.15
1371.6
1371.05
1370.5
1369.94
1369.39
1368.84
1368.29
1367.74
1367.19
1366.64
1366.09
1365.54
1368.8
1368.25
1367.7
1367.15
1366.6
1366.06
1365.51
1364.96
1364.42
1363.87
1363.33
1366.42
1369.51
1372.6
1375.68
1378.75
1381.82
1381.27
1380.72
1380.17
1379.62
1379.07
1378.52
1377.97
1377.42
1376.87
1376.33
1375.78
1375.24
1374.69
1374.14
1373.6
1373.05
1372.51
1371.97
1371.42
1370.88
1370.34
1369.8
1369.26
1368.71
1368.17
1367.63
1367.09
1366.56
1366.02
1365.48
1364.94
1364.4
1363.87
1363.33
1362.79
1362.26
1361.72
1361.19
1360.65
1360.12
1359.58
1359.05
1358.52
1357.98
1357.45
1356.92
1356.39
1355.86
1355.33
1354.8
1354.27
1353.74
1353.21
1352.68
1352.15
1351.63
1351.1
1350.57
1350.05
1349.52
1348.99
1348.47
1347.94
1347.42
1350.45
1353.47
1352.94
1352.41
1351.89
1351.36
1350.84
1350.32
1349.79
1349.27
1348.75
1348.23
1347.7
1347.18
1346.66
1346.14
1345.62
1345.1
1344.58
1344.06
1343.54
1343.03
1342.51
1341.99
1341.47
1340.96
1340.44
1339.93
1339.41
1338.9
1338.38
1337.87
1337.35
1336.84
1336.33
1335.81
1335.3
1334.79
1334.28
1333.77
1333.26
1332.75
1332.24
1331.73
1331.22
1330.71
1330.2
1329.69
1329.19
1328.68
