22.7228
33.0836
43.4396
53.7873
64.1247
74.4505
63.8147
72.6265
82.4138
92.1397
101.863
111.609
121.389
131.208
141.069
132.252
140.413
148.812
157.232
165.638
174.022
182.38
190.71
199.006
207.269
215.501
224.057
233.545
243.858
254.332
264.791
256.516
266.892
259.043
251.641
261.317
254.254
247.563
257.778
268.043
278.231
288.312
281.608
275.207
269.092
263.242
273.004
282.773
292.5
302.164
311.754
321.26
330.674
339.99
333.809
327.848
322.096
316.543
311.178
305.991
313.854
321.712
329.56
337.392
345.204
352.99
360.748
355.443
364.723
359.512
354.449
349.526
357.25
365.08
373.017
380.992
388.949
396.892
404.821
412.741
420.652
428.558
437.798
432.586
427.497
422.526
430.256
437.887
445.414
452.833
460.14
455.139
450.245
459.567
468.903
464.019
459.235
454.549
449.957
445.458
441.047
436.723
432.483
428.325
424.246
431.266
438.311
445.373
452.454
459.545
466.645
473.753
480.869
487.993
495.126
490.858
499.326
495.095
490.934
499.559
508.166
516.754
525.32
533.861
542.372
550.85
559.29
567.688
563.287
558.954
554.687
550.485
546.346
542.269
538.252
534.294
530.395
526.551
522.763
519.029
515.348
511.719
508.14
504.611
512.551
520.519
528.508
536.509
544.514
552.517
560.51
568.485
564.77
573.444
582.12
590.792
599.457
608.109
616.746
625.362
621.478
617.641
613.852
621.83
629.789
637.731
645.655
641.811
638.014
634.261
630.552
626.886
623.262
619.68
616.139
612.638
609.177
605.755
602.37
609.03
615.583
622.009
628.328
634.526
640.583
646.522
652.316
648.847
656.791
664.679
672.51
680.285
688.003
695.663
703.264
710.808
718.293
725.719
733.087
740.397
747.65
754.845
761.984
769.067
776.096
783.073
790
796.878
803.712
810.503
817.258
823.98
830.674
837.357
