20.5199
28.221
35.7161
43.0027
50.0876
56.9802
63.6911
70.2318
76.6139
82.8492
91.8381
102.341
112.847
123.375
133.901
144.383
135.889
128.34
135.697
143.575
151.711
160.041
153.083
159.554
166.08
172.669
179.331
186.074
192.907
199.839
206.877
214.029
221.303
214.794
208.657
202.861
209.922
216.874
223.727
230.489
224.867
219.513
214.408
209.536
213.013
222.578
232.184
241.738
251.248
260.717
270.147
279.536
288.885
298.195
292.773
287.545
297.122
292
287.05
282.266
291.221
300.463
309.752
319.087
328.466
337.885
347.343
356.835
366.358
375.91
385.255
394.72
389.313
398.292
407.04
415.553
423.826
431.855
439.634
447.156
454.414
461.402
468.112
477.776
487.417
496.998
506.481
500.726
495.1
489.598
484.218
478.955
473.805
468.765
475.3
470.349
465.5
474.473
483.292
491.936
487.065
482.29
489.027
495.834
502.717
509.681
516.731
523.872
531.025
538.123
545.17
552.167
547.281
542.48
537.763
544.661
540.006
535.429
544.636
553.856
563.087
572.328
581.574
590.823
600.074
609.321
618.564
627.799
622.932
618.14
613.422
608.774
604.197
599.688
595.246
590.869
586.556
593.556
600.471
607.17
602.864
598.618
607.53
616.458
625.398
634.348
643.305
652.266
661.228
670.187
679.142
688.089
683.592
679.153
674.772
683.66
692.574
688.191
683.863
679.589
675.367
671.199
667.081
673.433
679.785
686.138
692.492
698.849
705.208
711.572
707.411
703.298
699.232
695.214
691.241
687.314
683.431
679.591
675.794
672.04
668.327
664.655
661.023
657.43
665.874
674.326
682.778
691.219
699.642
708.036
716.392
724.702
732.959
741.155
747.52
743.706
739.931
736.194
732.494
728.832
735.381
741.897
738.243
734.624
731.04
727.492
723.977
720.497
717.049
713.635
710.253
706.902
703.583
700.296
697.039
693.811
690.614
687.446
684.307
681.197
678.114
675.06
672.033
669.033
666.059
663.112
660.191
657.295
654.425
651.579
658.286
665.148
672.011
678.864
685.704
692.533
699.349
706.15
712.937
719.708
716.722
713.76
710.823
707.909
705.02
702.154
699.311
696.492
693.694
690.92
688.167
685.436
682.727
680.039
677.372
683.421
680.761
678.123
675.505
672.907
670.328
667.77
675.025
682.256
689.447
696.58
703.631
710.577
717.41
724.107
730.642
736.99
734.29
731.611
728.95
736.853
734.193
731.552
728.93
726.326
732.812
739.48
746.289
753.207
760.201
767.243
774.308
781.376
788.427
795.447
792.714
789.999
787.303
794.394
801.604
808.929
806.206
803.5
800.813
798.144
795.492
792.858
790.241
787.642
785.059
782.494
779.945
777.413
784.54
791.646
798.724
805.77
812.777
819.741
826.657
833.52
840.325
847.069
844.413
841.774
839.152
836.546
833.956
831.382
828.824
826.282
823.755
821.243
818.747
816.266
813.8
819.596
825.481
823.01
820.553
818.111
815.683
813.27
810.871
808.486
806.115
803.758
801.415
808.092
814.71
821.252
827.702
834.042
840.258
846.337
852.268
858.045
863.664
861.224
858.798
856.386
853.987
851.602
849.23
846.871
844.525
842.192
848.013
853.842
859.681
865.531
871.392
869.024
866.669
864.327
861.997
859.68
857.375
862.805
868.145
873.395
878.561
883.656
881.324
879.005
876.698
874.403
881.686
888.651
886.343
884.047
881.762
879.49
877.229
874.98
872.742
870.515
868.3
866.097
871.824
877.611
883.453
889.352
895.311
901.33
899.082
896.845
903.497
910.153
916.793
923.4
929.962
936.466
942.905
949.272
955.561
953.241
950.933
948.636
946.35
952.192
957.928
963.656
961.356
967.444
973.583
979.792
977.476
975.171
972.876
979.214
985.625
992.102
998.635
1005.21
1011.81
1018.42
1025.02
1022.66
1020.31
1025.97
1023.62
1021.28
1018.95
1016.64
1022.4
1020.09
1017.79
1015.49
1013.21
1010.94
1008.68
1006.43
1004.18
1001.95
999.731
997.52
995.318
1000.94
1006.51
1012.03
1017.51
1022.94
1028.34
1026.1
1023.88
1021.66
1019.45
1017.26
1015.07
1012.89
1010.72
1008.56
1006.41
1012.63
1018.76
1024.81
1030.76
1028.58
1026.42
1024.26
1022.11
1019.98
1017.85
1023.1
1028.28
1026.14
1024.02
1021.9
1019.8
1017.7
1015.61
1013.53
1011.45
1017.46
1023.51
1021.43
1019.35
1025.68
1023.61
1029.66
1027.59
1025.53
1023.47
1021.43
1019.39
1017.36
1015.34
1013.32
1011.31
1009.32
1007.32
1013.02
1011.03
1009.05
1007.07
1014.06
1012.08
1010.11
1008.15
1006.2
1004.25
1002.31
1000.38
998.458
996.542
994.633
992.731
990.836
988.949
987.069
985.196
983.33
981.471
979.619
977.774
975.937
974.106
972.281
970.464
968.653
966.85
965.052
963.262
961.478
959.701
957.93
956.166
954.409
952.657
950.913
949.174
947.442
945.716
952.569
959.488
966.472
973.519
980.626
987.791
995.01
1002.28
1009.6
1016.97
1023.11
1021.29
1019.47
1026.8
1034.07
1041.31
1048.49
1046.64
1044.8
1050.43
1056.2
1062.12
1060.26
1058.41
1056.57
1054.73
1052.9
1051.07
1049.26
1047.44
1045.64
1043.84
1042.05
1047.08
1052.04
1050.24
1048.45
1053.42
1051.62
1049.84
1056.88
1063.88
1062.08
1060.29
1058.5
1056.72
1054.95
1053.18
1051.42
1049.67
1055.56
1061.38
1067.13
1072.81
1078.43
1083.97
1082.18
1080.39
1078.62
1076.85
1083.76
1081.98
1080.22
1078.45
1076.7
1074.95
1073.2
1071.46
1069.73
1068
1066.28
1071.84
1078.57
1085.8
1093
1100.15
1098.39
1096.64
1094.9
1093.15
1091.42
1089.69
1087.97
1086.25
1084.53
1082.83
1081.12
1079.43
1077.73
1076.05
1074.37
1072.69
1071.02
1069.35
1067.69
1066.04
1064.39
1062.74
1061.1
1059.47
1057.84
1056.21
1061.56
1059.93
1058.31
1056.69
1055.08
1053.48
1051.88
1050.28
1048.69
1047.1
1045.52
1043.94
1042.37
1040.8
1039.24
1037.68
1036.13
1034.58
1033.04
1031.5
1029.96
1034.09
1039.86
1046.19
1052.75
1059.44
1066.14
1072.86
1079.6
1086.38
1093.15
1091.55
1089.95
1088.36
1086.77
1085.19
1083.61
1082.04
1080.47
1078.91
1077.35
1075.79
1074.24
1072.7
1071.16
1069.62
1068.09
1066.56
1071.16
1069.63
1068.1
1066.58
1065.07
1063.56
1062.05
1060.55
1059.05
1057.56
1056.07
1054.58
1053.1
1051.62
1050.15
1048.68
1047.22
1045.76
1044.3
1042.85
1041.4
1046.81
1045.36
1043.91
1042.47
1041.03
1039.6
1038.17
1036.74
1035.32
1039.72
1044.04
1048.28
1052.46
1051.03
1049.6
1048.17
1046.75
1051.23
1055.75
1054.33
1052.9
1051.48
1050.07
1048.66
1047.25
1045.85
1044.45
1043.05
1041.66
1040.27
1038.88
1044.07
1042.68
1041.3
1039.92
1038.54
1037.17
1035.8
1034.44
1033.08
1031.72
1030.36
1029.01
1027.67
1026.32
1024.98
1023.65
1022.32
1028.43
1027.1
1025.77
1024.44
1023.11
1021.79
1020.47
1026.14
1024.81
1023.5
1022.18
1020.87
1019.57
1018.26
1016.96
1015.66
1014.37
1013.08
1011.79
1010.51
1015.4
1020.25
1025.04
1029.65
1028.35
1027.05
1025.76
1024.47
1023.19
1021.9
1020.63
1019.35
1018.08
1016.81
1015.54
1014.28
1013.02
1011.76
1010.51
1009.26
1008.01
1006.77
1005.52
1004.29
1003.05
1008.16
1006.92
1005.69
1004.46
1003.23
1002
1000.78
999.563
998.347
997.134
995.923
994.716
993.512
992.311
991.112
989.917
988.724
987.534
986.347
985.163
983.982
982.804
981.628
980.455
979.285
978.118
983.124
981.955
980.789
979.625
978.464
977.307
976.151
974.999
973.849
972.702
971.558
970.416
969.277
968.141
967.007
971.778
970.643
969.51
968.381
967.253
966.128
965.006
963.887
962.77
961.656
960.544
959.435
958.328
957.224
956.123
955.024
953.927
952.833
951.742
955.877
954.785
953.695
952.607
951.522
955.638
959.7
958.61
957.523
956.439
955.357
954.278
953.201
952.126
951.054
949.984
948.916
947.851
946.789
945.729
944.671
943.615
942.562
946.614
950.632
954.616
958.563
962.477
966.36
970.211
974.033
977.829
981.598
980.516
979.436
978.358
977.283
976.21
975.14
974.072
973.006
971.943
970.882
969.823
968.767
967.712
966.661
965.611
964.564
963.519
962.476
961.435
960.397
959.361
958.327
957.296
956.266
955.239
954.214
953.192
958.198
963.628
969.048
974.43
979.76
985.039
990.257
995.412
1000.5
1005.52
1004.45
1003.39
1002.33
1006.09
1009.88
1008.81
1007.75
1006.69
1005.63
1004.58
1003.53
1002.48
1001.43
1000.38
999.336
998.294
997.254
996.217
995.181
994.148
993.116
992.087
991.06
990.035
989.012
987.992
986.973
985.957
984.942
988.726
987.711
986.698
985.687
984.678
983.671
982.667
981.664
980.663
979.665
978.668
984.266
989.856
995.515
1001.28
1006.58
1010.26
1014.06
1017.87
1016.85
1015.82
1014.8
1013.78
1012.76
1011.75
1010.73
1009.72
1008.71
1007.7
1006.7
1005.7
1004.69
1003.69
1002.7
1001.7
1000.71
999.715
998.725
997.737
996.751
995.768
994.785
993.805
992.827
991.851
990.877
989.904
988.934
987.965
986.999
986.034
985.071
984.11
983.151
982.193
987.577
986.617
985.659
984.703
983.749
982.797
981.846
980.898
979.951
979.006
978.063
977.121
976.182
975.244
974.308
978.011
977.075
976.14
975.206
974.275
973.345
972.418
971.491
970.567
969.644
968.724
967.805
966.887
965.972
965.058
964.146
963.235
962.326
961.419
960.514
959.611
958.709
957.808
962.94
968.079
973.218
978.354
983.482
988.6
987.678
986.757
985.839
984.921
984.006
983.092
982.18
981.27
980.362
979.455
978.55
977.646
976.744
975.844
974.945
974.048
973.153
972.259
976.885
981.456
985.971
990.432
989.527
988.623
987.721
986.821
985.922
985.025
984.129
983.236
982.343
981.453
980.564
979.676
978.791
977.906
977.024
976.143
975.263
974.386
973.509
972.635
971.762
970.89
970.02
969.152
968.285
967.419
966.556
965.693
964.833
963.974
963.116
962.26
961.405
960.552
959.701
958.851
958.002
957.155
956.31
955.465
954.623
953.782
952.942
952.104
951.267
950.432
949.599
948.766
947.936
947.106
946.278
945.452
944.627
943.803
942.981
942.16
941.341
940.523
939.707
938.892
938.078
937.266
936.455
935.646
934.838
934.031
933.226
932.422
931.62
930.819
930.019
929.221
928.424
927.628
932.506
931.708
930.912
934.418
933.621
932.825
932.03
931.237
930.445
929.655
928.865
928.078
927.291
926.506
925.722
924.94
924.158
923.379
928.451
933.544
938.662
943.819
949.02
954.272
959.583
964.956
970.373
975.825
975.009
978.578
977.762
976.946
976.132
975.319
974.508
973.698
972.889
972.082
971.276
970.471
969.668
968.865
968.065
967.265
966.467
965.671
964.875
964.081
963.288
962.497
961.706
960.917
960.13
959.343
958.558
957.775
956.992
956.211
955.431
954.652
953.875
953.099
952.324
951.55
950.778
950.007
949.237
948.468
947.701
946.935
946.17
945.406
944.644
943.883
943.123
942.364
941.606
940.85
940.095
939.341
938.588
937.837
937.087
936.338
935.59
934.843
934.098
933.353
932.61
931.868
931.127
930.388
929.65
928.912
928.176
927.441
926.708
925.975
925.244
924.513
923.784
923.056
922.329
921.604
920.879
920.156
919.434
918.712
917.992
917.274
916.556
915.839
915.124
914.409
913.696
912.984
912.273
911.563
910.854
910.146
909.44
908.734
908.03
907.326
906.624
905.923
905.223
904.524
903.826
903.129
907.265
911.474
915.76
920.126
924.574
923.864
928.406
932.943
937.462
941.947
946.384
945.661
944.939
944.218
943.499
942.78
942.063
941.346
940.631
939.917
939.204
938.491
937.781
937.071
936.362
935.654
934.947
934.242
933.537
932.834
932.131
931.43
930.73
930.03
929.332
928.635
932.268
931.57
930.872
930.176
929.481
928.787
928.094
927.401
926.71
926.02
925.331
924.643
923.956
923.27
922.586
921.902
921.219
920.537
919.856
919.176
918.497
917.819
917.143
916.467
915.792
915.118
914.445
913.773
913.102
912.432
911.763
911.095
910.428
909.762
909.097
908.433
907.77
907.108
906.447
905.787
905.128
904.469
903.812
907.772
911.831
915.991
920.253
924.617
929.085
933.655
938.329
943.105
947.985
947.302
946.619
945.938
945.257
944.577
943.899
943.221
942.545
941.869
941.194
940.521
939.848
939.176
938.505
937.835
937.166
936.498
935.831
935.165
934.5
933.836
933.173
932.51
931.849
931.189
930.529
929.871
929.213
928.556
927.901
927.246
926.592
925.939
925.287
924.636
923.985
923.336
922.688
922.04
921.394
920.748
920.103
919.459
918.816
918.174
922.555
921.911
921.268
920.626
919.985
919.345
918.706
918.067
917.43
916.793
916.157
915.522
914.888
914.255
913.623
912.992
912.361
911.731
911.103
910.475
909.848
909.221
908.596
907.972
907.348
906.725
906.103
905.482
904.862
908.943
908.321
907.7
907.08
906.461
905.843
905.225
904.608
903.993
903.378
902.764
902.15
901.538
900.926
900.315
899.705
899.096
898.488
897.88
897.274
896.668
896.063
895.459
894.855
894.253
893.651
893.05
892.45
891.85
891.252
890.654
890.057
889.461
888.866
888.271
891.44
894.635
897.852
901.095
904.37
907.672
911.002
914.366
917.756
921.173
920.562
919.951
919.341
922.739
926.12
929.485
928.87
928.256
927.643
927.031
926.419
925.808
925.198
924.589
927.952
931.337
930.725
930.114
929.504
928.894
928.286
927.678
927.071
926.464
925.859
925.254
924.65
924.047
923.445
922.843
922.242
921.642
924.979
924.378
923.777
923.178
922.579
921.981
921.384
920.788
920.192
919.597
919.003
918.41
917.818
917.226
916.635
916.045
915.455
914.866
914.278
913.691
913.105
912.519
911.934
911.35
910.766
910.184
909.602
909.021
908.44
907.86
907.281
906.703
906.126
910.482
914.831
914.25
913.669
913.089
912.509
911.931
911.353
910.776
910.199
909.624
909.049
908.474
907.901
907.328
906.756
910.417
914.12
917.866
921.653
925.482
929.351
933.261
937.209
941.197
945.222
944.63
944.039
943.448
942.859
942.27
941.682
941.094
940.508
939.922
939.336
938.752
938.168
937.585
937.003
936.421
940.655
944.862
949.034
953.165
957.252
961.289
965.276
964.68
964.085
963.49
962.896
967.014
971.253
975.61
980.083
984.667
984.062
983.458
982.854
982.252
986.847
991.461
996.09
1000.73
1005.38
1010.04
1014.7
1019.36
1024.03
1028.69
1028.06
1027.44
1026.81
1026.19
1025.56
1024.94
1024.32
1023.7
1023.08
1022.46
1021.84
1021.22
1020.6
1019.99
1019.37
1018.75
1018.14
1017.53
1016.91
1016.3
1015.69
1019.05
1022.42
1025.79
1025.17
1024.55
1023.94
1023.33
1022.71
1022.1
1021.49
1020.88
1020.27
1019.66
1019.05
1018.45
1017.84
1017.23
1016.63
1016.02
1015.42
1014.81
1014.21
1013.61
1013.01
1012.41
1016.99
1021.57
1026.15
1030.72
1035.29
1039.85
1044.39
1043.77
1043.15
1042.54
1041.93
1041.31
1040.7
1040.09
1039.48
1044
1048.53
1053.06
1057.59
1062.13
1066.68
1071.24
1075.82
1075.19
1074.56
1073.93
1073.31
1072.68
1072.06
1071.43
1070.81
1070.18
1069.56
1068.94
1068.32
1067.7
1067.08
1066.46
1065.84
1065.23
1064.61
1063.99
1063.38
1062.77
1062.15
1061.54
1060.93
1060.32
1059.7
1059.09
1058.49
1057.88
1057.27
1056.66
1056.05
1055.45
1054.84
1054.24
1053.64
1053.03
1052.43
1051.83
1051.23
1050.63
1050.03
1049.43
1048.83
1048.23
1047.64
1047.04
1046.44
1045.85
1045.25
1044.66
1044.07
1048.51
1047.91
1047.32
1046.73
1046.13
1045.54
1044.95
1044.36
1043.77
1043.18
1042.59
1042.01
1041.42
1040.83
1040.25
1039.66
1039.08
1038.49
1037.91
1037.33
1036.75
1036.17
1035.59
1038.91
1042.26
1045.63
1049.02
1048.44
1047.85
1047.27
1046.68
1046.1
1045.52
1044.94
1044.35
1043.77
1043.19
1042.61
1042.04
1041.46
1040.88
1040.3
1039.73
1039.15
1038.58
1038
1037.43
1036.85
1036.28
1040.45
1044.57
1048.64
1052.67
1056.65
1060.6
1064.53
1068.45
1072.35
1076.26
1075.67
1075.08
1078.99
1082.89
1086.8
1090.71
1094.62
1098.54
1097.94
1097.34
1096.74
1096.14
1095.54
1094.95
1094.35
1093.75
1093.16
1092.56
1091.97
1091.38
1090.78
1090.19
1089.6
1089.01
1088.42
1087.83
1087.24
1086.65
1086.07
1090.87
1095.75
1100.72
1105.79
1110.96
1116.24
1115.64
1115.04
1114.44
1113.84
1113.24
1112.65
1112.05
1111.45
1110.86
1110.26
1109.67
1109.07
1108.48
1107.89
1107.29
1106.7
1106.11
1105.52
1104.93
1104.34
1103.75
1103.17
1107.34
1106.75
1106.16
1105.57
1104.99
1104.4
1103.81
1103.23
1102.64
1102.06
1101.48
1100.89
1100.31
1099.73
1099.15
1098.57
1097.99
1097.41
1096.83
1101.51
1106.19
1110.87
1115.55
1120.22
1124.89
1129.57
1134.24
1133.65
1137.53
1141.51
1140.91
1140.31
1139.72
1139.12
1138.53
1137.93
1137.34
1141.25
1145.15
1149.04
1152.92
1156.79
1160.61
1160.01
1163.61
1163
1162.4
1161.79
1161.19
1160.59
1159.99
1159.39
1158.79
1158.19
1157.59
1156.99
1156.39
1155.79
1155.2
1154.6
1154
1153.41
1152.82
1152.22
1151.63
1151.04
1150.45
1149.85
1149.26
1148.67
1148.08
1147.5
1146.91
1146.32
1145.73
1145.15
1144.56
1143.98
1143.39
1142.81
1142.22
1141.64
1141.06
1140.48
1139.9
1139.32
1138.74
1138.16
1137.58
1137
1136.42
1135.85
1135.27
1134.69
1134.12
1133.54
1132.97
1132.4
1131.82
1131.25
1130.68
1130.11
1129.54
1128.97
1128.4
1127.83
1131.19
1130.62
1130.05
1129.49
1128.92
1128.35
1127.78
1127.22
1126.65
1126.09
1125.52
1124.96
1124.4
1123.83
1123.27
1122.71
1122.15
1121.59
1121.03
1120.47
1119.91
1119.35
1118.79
1123.14
1127.5
1131.9
1136.31
1140.75
1145.2
1149.67
1154.16
1158.65
1163.16
1162.58
1162.01
1161.43
1160.86
1160.28
1159.71
1159.14
1158.56
1157.99
1157.42
1156.85
1156.28
1155.71
1155.14
1154.57
1154.01
1153.44
1152.87
1152.3
1155.86
1159.4
1162.95
1166.47
1169.98
1173.47
1176.93
1180.37
1183.77
1187.14
1186.56
1185.98
1185.4
1184.82
1184.24
1183.67
1183.09
1182.51
1181.94
1181.36
1180.79
1180.21
1179.64
1179.07
1178.5
1183.08
1187.75
1192.5
1197.33
1196.75
1196.17
1195.6
1195.02
1194.44
1193.86
1193.29
1192.71
1192.14
1191.56
1190.99
1190.41
1193.77
1197.12
1200.46
1199.89
1199.31
1198.73
1198.16
1197.58
1197.01
1196.44
1195.86
1195.29
1194.72
1194.15
1193.58
1193.01
1192.44
1191.87
1191.3
1190.73
1190.16
1194.44
1198.76
1203.14
1207.57
1212.06
1216.61
1221.22
1225.9
1230.63
1235.4
1234.81
1234.23
1233.64
1233.06
1232.48
1231.89
1231.31
1230.73
1230.15
1229.57
1228.99
1228.41
1227.83
1227.25
1226.67
1226.09
1225.52
1224.94
1224.36
1223.79
1223.21
1222.64
1222.07
1221.49
1220.92
1220.35
1219.78
1219.21
1218.64
1218.07
1217.5
1216.93
1216.36
1215.79
1215.22
1214.66
1214.09
1213.52
1212.96
1212.39
1211.83
1216.32
1215.76
1215.19
1214.63
1214.06
1218.51
1222.93
1227.31
1231.66
1231.09
1230.52
1229.95
1229.38
1228.82
1228.25
1227.68
1227.11
1226.55
1225.98
1225.42
1224.85
1224.29
1223.72
1223.16
1222.6
1222.04
1221.48
1220.91
1220.35
1219.79
1219.23
1218.67
1218.12
1217.56
1217
1216.44
1215.89
1215.33
1214.78
1214.22
1213.67
1213.11
1212.56
1212.01
1211.45
1210.9
1210.35
1209.8
1209.25
1208.7
1208.15
1207.6
1207.05
1206.5
1205.96
1205.41
1204.86
1209.33
1213.85
1213.3
1212.75
1212.2
1211.65
1211.11
1210.56
1210.01
1209.47
1208.92
1208.38
1207.83
1207.29
1206.74
1206.2
1205.66
1205.12
1204.57
1204.03
1203.49
1202.95
1202.41
1201.87
1201.34
1200.8
1200.26
1199.72
1199.19
1198.65
1198.11
1197.58
1197.04
1196.51
1195.97
1195.44
1194.91
1194.38
1193.84
1193.31
1192.78
1192.25
1191.72
1191.19
1190.66
1190.13
1189.6
1189.08
1188.55
1188.02
1187.5
1186.97
1186.44
1185.92
1185.4
1184.87
1184.35
1183.82
1183.3
1182.78
1182.26
1181.74
1181.22
1180.7
1180.18
1179.66
1179.14
1178.62
1178.1
1177.58
1177.07
1176.55
1176.03
1175.52
1175
1174.49
1173.97
1173.46
1172.94
1172.43
1171.92
1171.41
1170.9
1170.38
1169.87
1169.36
1168.85
1168.34
1167.83
1167.33
1166.82
1166.31
1165.8
1165.3
1164.79
1164.28
1163.78
1163.27
1162.77
1162.26
1166.34
1165.84
1165.33
1164.83
1164.32
1163.82
1163.32
1166.47
1169.61
1172.73
1175.82
1175.31
1174.8
1174.29
1173.79
1173.28
1172.78
1172.27
1171.77
1171.27
1170.76
1173.73
1176.67
1176.17
1175.66
1175.16
1174.65
1174.15
1173.65
1173.15
1172.64
1172.14
1171.64
1171.14
1170.64
1170.14
1169.64
1169.14
1168.64
1168.14
1167.65
1167.15
1166.65
1166.16
1165.66
1165.16
1164.67
1164.17
1163.68
1163.19
1162.69
1165.85
1169.01
1172.14
1171.64
1171.15
1170.65
1170.16
1169.66
1169.17
1168.68
1168.18
1167.69
1167.2
1166.7
1166.21
1165.72
1165.23
1164.74
1164.25
1163.76
1163.27
1162.78
1162.29
1161.8
1161.32
1160.83
1160.34
1159.85
1159.37
1158.88
1158.4
1157.91
1157.43
1156.94
1156.46
1155.98
1155.49
1155.01
1154.53
1154.05
1153.57
1153.09
1152.61
1152.13
1151.65
1151.17
1150.69
1150.21
1149.73
1152.75
1155.76
1158.77
1158.29
1157.81
1157.33
1156.85
1156.37
1155.89
1155.41
1154.93
1154.45
1153.98
1153.5
1153.02
1152.55
1152.07
1151.6
1151.12
1150.65
1150.17
1149.7
1149.23
1148.75
1148.28
1147.81
1147.34
1146.87
1146.39
1145.92
1145.45
1144.98
1144.51
1147.55
1150.56
1153.53
1156.45
1159.34
1162.18
1164.99
1167.75
1167.28
1166.8
1166.33
1165.85
1168.6
1168.13
1167.65
1167.18
1166.7
1166.23
1165.75
1165.28
1164.8
1164.33
1163.86
1163.39
1162.91
1162.44
1161.97
1161.5
1161.03
1160.56
1160.09
1159.62
1159.15
1158.68
1158.21
1157.74
1157.28
1156.81
1156.34
1155.88
1155.41
1154.94
1154.48
1154.01
1153.55
1153.09
1152.62
1152.16
1151.7
1151.23
1150.77
1150.31
1149.85
1149.39
1148.92
1148.46
1148
1147.54
1147.08
1146.63
1146.17
1145.71
1145.25
1144.79
1144.34
1143.88
1143.42
1142.97
1142.51
1142.06
1141.6
1141.15
1140.69
1140.24
1139.78
1139.33
1138.88
1138.43
1137.97
1137.52
1137.07
1136.62
1136.17
1135.72
1135.27
1134.82
1134.37
1133.92
1133.47
1133.02
1132.58
1132.13
1131.68
1135.73
1139.79
1143.85
1147.91
1151.97
1156.03
1159.99
1163.85
1167.64
1171.34
1170.88
1170.42
1169.96
1169.5
1169.04
1168.58
1168.12
1167.67
1167.21
1166.75
1166.29
1165.84
1165.38
1164.92
1164.47
