11.6868
19.4531
27.3206
36.1017
44.0947
52.1522
61.1074
70.0398
78.1881
86.3321
92.3805
99.7369
107.818
115.932
124.043
132.201
140.431
148.775
140.945
133.897
141.912
149.846
143.331
152.371
161.389
169.332
177.514
185.75
194.054
202.403
211.837
220.603
229.345
222.6
216.24
210.233
218.134
225.986
233.74
241.406
248.937
243.01
237.359
244.956
252.772
260.525
268.197
275.781
283.278
290.687
298.008
305.148
312.03
319.26
324.249
327.196
332.778
338.817
345.022
351.185
357.413
363.626
369.837
375.959
382.068
388.166
394.254
400.335
406.492
412.568
418.647
424.715
430.803
436.918
443.544
450.218
444.371
452.402
460.909
469.245
477.715
486.173
494.617
503.051
511.474
520.591
529.679
523.66
517.777
524.013
530.703
531.496
532.272
533.032
538.767
533.155
542.168
551.215
560.311
569.441
578.604
587.797
597.021
606.273
615.553
624.859
619.019
625.696
632.237
638.648
644.905
651.034
657.082
662.969
668.802
674.535
680.174
686.74
680.969
690.052
699.011
707.922
716.711
725.438
719.634
713.923
721.884
729.616
737.222
744.731
752.156
759.479
766.729
773.924
781.047
788.099
794.95
802.097
809.541
817.327
825.507
832.469
839.593
833.763
842.452
851.11
859.729
868.307
876.838
885.267
893.641
901.956
910.267
918.515
912.589
906.74
900.964
908.944
916.921
924.855
932.746
940.592
948.392
956.147
963.854
971.515
979.127
973.299
980.257
987.098
993.832
1000.46
1006.97
1013.37
1019.67
1025.85
1031.91
1037.86
1032.07
1040.15
1040.95
1035.23
1041.24
1047.32
1053.47
1059.69
1066
1072.4
1078.88
1085.46
1092.13
1098.9
1105.78
1112.76
1107.06
1113.91
1108.25
1109.07
1103.49
1110.98
1119.36
1113.82
1108.33
1113.91
1119.36
1124.76
1119.32
1125.74
1120.35
1115.02
1109.73
1114.92
1119.86
1124.51
1128.85
1133.11
1127.89
1122.71
1117.59
1112.51
1107.47
1102.48
1110.66
1105.7
1100.78
1104.95
1109.01
1113.06
1116.96
1112.11
1107.29
1102.52
1097.79
1104.42
1110.9
1117.22
1123.38
1129.39
1135.23
1140.92
1146.49
1151.92
1157.21
1152.46
1147.76
1143.1
1146.89
1150.69
1154.32
1157.91
1161.46
1165.1
1168.63
1164.03
1159.46
1154.94
1150.44
1155.79
1161.21
1166.75
1172.35
1178.06
1179.14
1180.21
1175.76
1178.95
1174.53
1170.15
1165.8
1161.48
1157.2
1152.94
1158.53
1163.94
1169.18
1164.94
1160.73
1156.56
1152.41
1148.3
1144.21
1140.15
1147.18
1154.23
1161.29
1168.38
