22.3546
32.5141
42.4111
52.0301
61.4035
70.5582
79.5175
69.5778
79.0904
89.0394
99.1346
109.327
119.574
129.834
140.066
150.231
160.295
170.234
161.274
171.009
162.865
172.167
181.43
190.667
199.901
209.15
201.403
210.25
219.009
227.674
236.237
244.688
253.019
261.222
269.289
277.21
284.978
277.478
270.364
263.604
271.416
279.332
287.375
295.564
303.914
297.307
290.982
300.093
309.054
317.829
326.388
334.712
342.782
350.586
358.119
365.383
372.381
365.961
373.801
381.527
389.094
396.502
403.754
410.856
417.816
424.643
431.343
437.925
431.578
425.413
419.421
425.903
432.307
438.637
444.897
451.094
445.236
439.528
448.83
443.22
452.088
446.575
441.195
435.942
430.813
425.804
420.91
416.127
411.451
406.879
413.008
419.195
425.439
420.913
416.482
423.14
429.814
436.506
443.221
449.961
456.728
463.532
470.375
477.262
484.196
479.628
475.146
470.746
477.492
484.109
490.596
496.959
503.209
509.376
515.473
521.515
517.058
524.237
531.388
538.537
534.086
529.708
525.402
521.164
516.995
523.998
519.872
515.81
524.107
532.177
528.114
524.114
530.249
536.449
542.716
549.052
555.457
561.935
568.486
575.112
581.813
588.592
584.476
580.417
576.414
572.466
568.572
564.73
560.94
557.2
553.51
549.869
546.275
542.727
539.226
535.769
532.357
538.766
535.378
532.032
528.727
525.463
531.746
528.504
525.301
532.721
540.022
547.21
554.287
561.258
568.127
574.897
581.573
588.16
594.66
591.281
587.941
584.638
581.372
578.142
574.948
571.788
578.024
584.122
590.085
595.918
601.627
607.219
612.701
618.083
623.375
628.588
625.331
622.108
618.917
615.76
612.634
609.54
606.477
611.466
608.424
605.412
602.43
599.477
604.47
609.51
614.598
619.734
624.922
630.162
635.396
640.606
645.792
650.955
657.378
663.934
670.636
677.417
684.227
681.117
678.035
674.981
671.954
668.954
665.981
663.034
668.118
673.153
678.148
683.097
688.009
692.879
697.717
702.519
707.293
712.04
709.035
706.056
703.102
700.172
697.267
694.386
691.528
688.694
685.883
692.484
689.681
697.55
703.487
711.684
708.849
713.527
718.205
722.901
720.066
717.254
714.463
711.693
717.539
723.312
729.019
734.667
740.262
745.811
751.32
756.793
762.237
767.656
764.802
761.97
759.158
756.367
753.597
750.846
748.116
753.331
758.417
763.386
768.248
773.02
777.717
782.355
786.951
791.523
796.086
793.302
790.538
787.793
792.309
796.809
801.306
805.816
810.353
807.597
804.859
802.14
799.439
804.877
810.355
815.87
821.418
826.997
832.602
838.23
843.878
849.542
855.217
852.441
849.682
846.941
844.218
841.512
847.979
854.309
860.489
857.765
855.06
852.371
849.699
847.043
844.405
841.782
839.176
836.586
834.012
831.454
828.911
834.855
832.317
829.795
827.288
824.796
822.32
819.858
817.41
814.977
812.559
810.155
814.631
812.235
809.853
815.606
821.32
818.933
816.559
814.199
811.853
817.271
822.691
828.111
833.531
838.949
844.363
849.772
855.173
860.564
865.942
863.524
867.963
865.552
863.154
860.77
858.398
856.04
853.695
851.362
849.043
846.735
844.441
849.684
854.885
860.047
865.175
870.273
875.347
873.019
870.703
868.4
866.108
871.647
869.359
867.084
864.82
862.568
860.327
858.098
855.881
853.675
851.481
849.297
847.125
844.964
850.869
856.719
862.527
868.305
866.118
863.942
869.231
874.512
879.787
885.055
890.316
895.571
900.82
906.062
911.298
916.527
914.286
912.057
909.837
907.629
905.431
903.244
901.068
906.29
911.559
916.88
922.256
927.693
933.197
930.986
928.785
926.595
924.414
922.244
920.084
917.935
915.795
913.665
911.545
909.435
907.335
905.244
903.163
901.092
899.03
896.977
894.934
892.9
890.875
888.86
886.853
884.856
882.868
888.246
893.686
899.191
904.761
910.398
916.102
921.87
927.703
933.595
939.543
937.483
935.431
933.389
931.355
929.331
927.315
925.308
931.307
929.3
927.302
925.312
923.331
921.358
919.393
917.437
915.489
919.708
923.962
928.256
926.302
924.356
922.418
920.488
924.97
929.429
933.878
938.33
942.796
947.289
951.821
956.402
961.045
965.76
963.785
961.819
959.86
957.909
955.966
954.031
952.103
950.184
948.272
946.368
944.471
942.582
940.701
938.827
936.96
935.101
933.25
931.405
929.568
933.661
937.773
941.916
946.105
950.352
954.668
959.061
957.199
955.344
953.496
951.655
949.821
947.995
946.175
944.363
942.557
940.758
938.966
937.181
935.403
933.631
931.866
930.108
928.356
926.611
924.873
923.141
921.415
919.696
917.984
916.277
920.714
925.088
929.405
927.69
925.981
924.279
922.583
926.68
930.761
934.833
938.902
942.977
941.265
939.56
937.861
936.168
934.481
932.801
931.126
929.457
935.215
933.545
931.881
936.811
941.681
946.493
951.251
955.956
960.612
965.22
969.784
968.082
966.387
964.697
963.014
961.336
959.664
957.998
956.338
960.838
959.179
957.525
955.877
954.235
952.598
950.967
949.341
947.721
946.106
944.497
942.894
941.296
939.703
938.116
936.534
934.957
933.386
931.82
930.259
928.703
927.153
925.608
924.067
922.532
921.002
919.478
917.958
916.443
914.933
913.428
911.929
910.434
908.944
907.458
905.978
904.502
903.032
901.566
900.105
898.648
897.196
895.749
894.307
892.869
891.436
890.007
895.063
900.205
898.769
897.338
895.911
894.489
893.072
891.659
890.25
888.846
887.446
886.051
884.66
883.273
881.891
880.513
879.139
877.77
876.405
875.044
873.687
872.335
870.986
869.642
868.302
866.967
865.635
864.307
862.984
861.664
860.348
859.037
857.729
856.426
855.126
853.831
859.216
864.648
870.125
875.645
881.206
886.807
892.444
898.116
903.819
909.551
908.196
906.844
905.497
911.156
916.749
915.393
914.041
912.693
911.349
916.888
915.541
914.199
912.86
911.526
910.195
908.868
907.545
906.226
904.911
903.599
902.292
900.988
899.688
898.391
897.099
895.81
894.524
893.243
891.965
897.347
902.691
901.405
905.821
910.269
914.75
919.266
923.818
928.406
933.031
937.691
936.372
935.057
933.746
932.438
936.539
935.231
933.926
932.626
931.329
930.035
928.745
927.459
926.176
924.897
923.621
922.349
921.08
926.412
925.141
923.874
922.61
921.349
920.092
918.839
917.589
916.342
915.099
913.859
912.622
911.389
910.159
908.932
907.709
906.489
911.191
915.903
920.626
925.363
930.115
928.875
927.638
926.404
925.174
923.947
922.723
921.502
920.285
919.071
917.86
916.652
915.448
914.247
913.048
911.853
910.661
909.472
908.287
911.94
915.625
919.335
918.143
916.953
915.767
914.584
913.404
912.227
911.053
909.882
908.714
907.549
906.387
905.228
910.314
915.462
920.665
925.916
931.209
936.536
941.889
947.261
952.644
958.031
956.823
955.618
954.416
953.217
952.021
957.137
955.939
954.744
953.552
952.363
951.177
949.994
955.268
960.475
965.609
970.595
975.308
974.104
972.903
971.705
970.51
969.318
968.128
972.093
976.065
974.872
973.682
977.445
976.254
975.067
973.882
972.7
971.521
970.345
969.171
968.001
966.833
965.668
964.506
963.347
962.19
961.037
959.886
958.738
957.592
956.449
955.309
954.172
953.038
951.906
950.777
949.65
948.526
947.405
946.287
945.171
944.057
942.947
941.839
940.733
939.63
938.53
937.432
936.337
935.245
934.155
933.067
931.982
930.9
929.82
928.742
927.667
931.725
935.752
934.673
933.596
937.533
941.464
940.384
939.305
938.229
937.156
941.021
944.937
943.86
942.785
941.712
940.642
945.569
944.497
943.428
947.785
946.714
945.646
944.58
943.516
942.454
941.396
940.339
939.285
938.233
937.183
936.136
935.092
934.049
933.009
931.971
930.936
929.902
928.871
927.843
926.816
925.792
924.77
923.751
922.734
926.386
925.368
924.352
923.339
922.327
921.318
920.311
919.307
918.304
917.304
916.306
915.31
914.316
918.214
917.219
916.226
915.236
914.248
913.261
912.277
911.295
910.315
909.338
908.362
907.388
906.417
905.447
904.48
903.515
902.551
901.59
900.631
904.397
903.437
902.479
906.838
905.878
904.92
903.965
903.011
902.06
901.11
900.163
899.217
902.586
905.965
909.352
912.751
916.16
919.58
923.013
926.458
929.918
933.392
932.423
931.456
930.491
935.464
940.47
945.494
944.518
943.544
942.573
941.603
940.635
939.67
938.706
937.744
936.784
935.826
934.87
933.916
932.964
932.014
931.066
930.12
929.176
928.233
927.293
926.354
925.418
924.483
923.55
922.619
921.69
920.763
919.837
918.914
917.992
917.072
916.154
915.238
918.619
917.702
916.787
921.445
920.528
919.613
923.979
928.469
932.966
937.464
941.957
946.439
950.904
955.345
959.759
964.139
963.191
962.245
961.3
960.358
959.417
958.479
957.542
956.607
955.673
954.742
953.812
958.193
962.614
967.072
971.563
970.621
969.682
973.447
972.506
971.567
970.63
969.695
968.762
967.831
966.901
965.973
965.047
964.122
963.2
962.279
961.36
960.443
959.527
958.613
957.701
956.791
955.882
954.975
954.07
953.166
952.265
951.365
950.466
949.57
948.675
947.781
946.89
946
945.112
944.225
943.34
942.457
945.788
944.904
944.022
943.141
942.262
941.385
940.509
939.635
938.763
937.892
937.023
936.155
935.289
934.425
933.562
932.701
931.841
930.983
930.126
929.271
928.418
927.566
926.716
925.868
925.02
924.175
923.331
922.488
921.648
920.808
919.97
919.134
918.299
917.466
916.634
915.804
914.975
919.307
923.694
928.12
932.569
937.017
941.444
945.828
944.978
944.129
943.283
942.437
941.594
940.752
939.911
939.072
938.234
937.398
936.563
935.73
934.898
934.068
933.239
932.412
931.586
930.761
929.938
929.117
928.297
927.478
926.661
925.845
925.031
924.218
923.407
922.597
921.788
920.981
920.175
919.371
918.568
917.766
916.966
916.167
915.37
914.574
913.78
912.986
912.194
911.404
910.615
909.827
909.041
908.256
907.472
906.69
905.909
905.129
904.351
903.574
902.798
902.024
901.251
900.48
899.709
898.94
898.173
897.406
896.641
895.878
895.115
894.354
893.594
892.836
892.078
891.322
895.21
899.074
902.907
906.701
910.45
914.148
917.789
921.356
924.844
928.251
927.472
926.694
925.917
925.141
924.367
923.594
922.823
922.053
921.284
920.516
919.749
918.984
918.22
917.458
916.696
915.936
915.177
914.42
913.663
912.908
912.154
911.402
910.65
909.9
909.151
908.404
907.657
906.912
906.168
905.425
904.684
903.943
903.204
902.466
901.73
900.994
900.26
899.527
898.795
898.064
897.335
896.606
895.879
895.153
894.428
893.705
892.982
892.261
891.541
890.822
890.104
889.387
888.672
887.957
887.244
886.532
885.821
885.111
884.403
889.268
894.14
899.014
898.296
897.58
896.865
896.151
895.438
894.726
894.015
893.306
892.597
891.89
891.184
890.479
894.409
898.271
902.062
905.78
909.428
908.712
907.997
907.283
906.571
905.859
905.149
904.439
903.731
903.024
902.318
901.613
900.909
900.206
899.505
898.804
898.105
897.406
896.709
896.013
895.318
894.624
893.931
893.239
892.548
891.858
891.17
890.482
889.795
889.11
888.425
887.742
887.06
886.378
885.698
885.019
884.341
883.664
882.987
882.312
881.638
880.965
880.293
879.622
878.952
883.252
882.58
881.909
881.24
880.571
879.903
879.237
878.571
877.907
877.243
876.58
875.919
875.258
874.599
873.94
873.283
872.626
871.97
871.316
870.662
870.009
869.358
868.707
868.057
867.408
872.142
876.962
881.875
886.882
891.972
897.125
902.268
906.038
909.564
913.932
913.254
912.578
911.902
911.228
910.554
909.882
909.21
908.54
907.87
907.202
906.534
905.868
905.202
904.537
903.874
903.211
902.549
901.889
901.229
900.57
899.912
899.255
898.599
897.945
897.291
896.637
895.985
895.334
894.684
894.035
893.386
892.739
892.093
895.307
898.502
901.676
901.025
900.375
899.725
899.077
898.43
897.784
897.138
896.494
895.85
895.207
894.566
893.925
893.285
892.646
892.008
891.371
890.735
890.099
889.465
888.831
888.199
887.567
886.936
886.306
885.677
885.049
884.422
883.795
883.17
882.545
881.922
881.299
880.677
880.056
879.436
878.816
878.198
877.58
881.738
881.119
880.501
879.883
879.266
878.651
878.036
877.422
876.809
880.213
879.598
878.985
878.372
877.761
877.15
876.54
875.931
875.322
874.715
874.108
873.503
872.898
876.754
876.147
875.542
874.937
874.333
873.73
873.128
872.527
871.926
871.327
870.728
870.13
869.533
868.936
868.341
867.746
867.152
866.559
865.966
869.032
872.121
875.229
878.368
881.531
884.729
887.956
887.353
886.75
886.148
885.547
888.797
892.073
891.469
890.866
893.783
896.712
899.654
902.609
905.577
908.558
911.554
914.565
917.59
920.632
920.014
923.298
922.678
922.06
921.442
920.826
920.21
919.595
918.98
918.367
917.754
917.142
920.373
923.634
926.929
930.26
933.631
937.044
940.5
944
943.375
942.75
942.126
941.503
940.881
940.259
944.244
943.622
942.999
942.378
941.758
941.138
940.52
943.532
942.913
942.294
941.676
941.059
944.109
947.171
950.245
953.333
956.434
959.549
962.679
965.822
968.98
972.152
971.52
970.888
970.257
969.627
968.998
968.37
967.742
967.115
966.489
965.864
965.24
964.616
963.994
963.372
962.75
966.618
970.453
974.254
978.016
981.739
985.419
989.055
992.645
996.186
999.678
999.038
998.399
997.761
997.123
996.487
995.851
995.216
998.156
1001.06
1003.93
1006.77
1006.13
1005.49
1004.85
1004.21
1003.58
1002.94
1002.31
1001.67
1001.04
1000.4
999.773
999.141
998.511
997.882
997.253
996.625
995.998
995.371
998.667
1001.97
1005.28
1004.65
1004.02
1007.45
1010.83
1014.17
1013.54
1012.9
1016.19
1019.45
1022.67
1025.87
1029.04
1028.4
1027.76
1027.12
1026.48
1025.84
1025.21
1024.57
1023.94
1023.3
1022.67
1022.04
1021.4
1020.77
1020.14
1019.51
1018.88
1018.25
1017.63
1017
1016.37
1015.75
1015.13
1019.27
1018.64
1018.02
1017.39
1016.77
1016.15
1015.52
1014.9
1014.28
1013.66
1013.04
1012.43
1011.81
1011.19
1010.58
1013.72
1013.11
1012.49
1011.88
1011.26
1010.65
1010.04
1013.18
1016.33
1019.5
1022.69
1025.89
1025.27
1024.65
1024.03
1023.42
1027.17
1026.56
1025.94
1025.32
1024.7
1024.09
1023.47
1022.86
1022.24
1021.63
1021.02
1020.41
1019.8
1019.19
1018.58
1017.97
1017.36
1020.55
1019.94
1019.33
1018.73
1018.12
1017.52
1016.91
1016.31
1015.7
1018.87
1022.02
1025.17
1028.3
1031.43
1034.56
1037.68
1037.07
1036.46
1035.85
1035.23
1034.62
1034.01
1033.41
1032.8
1032.19
1031.58
1030.98
1030.37
1029.77
1029.16
1028.56
1027.96
1031.06
1034.15
1037.25
1040.35
1043.45
1046.56
1049.66
1052.78
1052.17
1051.55
1050.94
1050.33
1049.72
1049.11
1052.27
1055.44
1058.64
1061.86
1065.11
1064.5
1063.88
1063.27
1062.65
1065.94
1065.32
1064.7
1067.89
1071.04
1074.14
1077.2
1080.21
1083.16
1086.08
1088.95
1091.79
1094.6
1093.98
1093.35
1092.72
1095.87
1099.03
1098.4
1097.77
1097.14
1096.52
1095.89
1095.27
1098.75
1098.13
1097.5
1096.88
1096.25
1095.63
1095.01
1094.39
1093.77
1093.15
1092.53
1091.91
1091.29
1090.67
1090.06
1089.44
1088.83
1088.21
1087.6
1086.99
1086.37
1085.76
1085.15
1084.54
1083.93
1083.32
1082.71
1085.82
1085.22
1084.61
1084
1083.39
1082.79
1082.18
1081.58
1080.97
1080.37
1079.77
1079.16
1078.56
1077.96
1077.36
1076.76
1076.16
1075.56
1074.97
1074.37
1073.77
1073.18
1072.58
1071.99
1071.4
1070.8
1070.21
1069.62
1069.03
1068.44
1067.85
1067.26
1066.67
1069.38
1072.06
1071.47
1070.88
1070.29
1069.7
1069.11
1068.53
1067.94
1067.35
1066.77
1066.18
1065.6
1065.02
1064.44
1063.85
1063.27
1062.69
1062.11
1061.53
1060.96
1060.38
1063.02
1065.67
1068.31
1070.94
1073.58
1076.21
1078.85
1081.49
1084.14
1086.79
1086.21
1085.62
1085.03
1084.44
1083.86
1083.27
1082.69
1082.1
1081.52
1080.94
1080.36
1083.68
1087.05
1086.47
1085.88
1085.3
1084.72
1084.14
1083.55
1082.97
1082.39
1081.81
1081.23
1080.66
1080.08
1079.5
1078.93
1078.35
1077.77
1077.2
1076.63
1076.05
1075.48
1074.91
1074.34
1073.77
1073.2
1072.63
1072.06
1071.49
1070.92
1070.35
1069.79
1069.22
1068.66
1068.09
1067.53
1066.96
1066.4
1065.84
1065.28
1064.71
1064.15
1063.59
1063.03
1062.48
1061.92
1064.7
1064.15
1063.59
1063.03
1062.47
1061.92
1061.36
1060.8
1060.25
1059.7
1059.14
1058.59
1058.04
1057.48
1056.93
1056.38
1055.83
1055.28
1054.73
1054.18
1053.64
1053.09
1052.54
1052
1051.45
1050.91
1050.36
1049.82
1049.27
1048.73
1048.19
1047.65
1047.11
1046.57
1046.03
1045.49
1044.95
1048.14
1047.6
1047.06
1046.52
1045.99
1045.45
1044.91
1044.38
1043.84
1043.3
1042.77
1042.24
1041.7
1041.17
1040.64
1040.1
1039.57
1043.04
1046.55
1050.08
1053.63
1057.19
1060.75
1060.21
1059.67
1059.13
1058.59
1061.55
1061.01
1060.48
1059.94
1059.4
1058.86
1058.33
1057.79
1057.26
1056.72
1056.19
1055.65
1055.12
1054.59
1054.06
1053.52
1052.99
1052.46
1051.93
1051.4
1050.87
1050.35
1049.82
1049.29
1048.76
1048.24
1047.71
1047.19
1046.66
1046.14
1045.61
1045.09
1044.57
1044.05
1043.53
1043
1042.48
1041.96
1041.44
1040.93
1040.41
1039.89
1039.37
1038.86
1038.34
1037.82
1037.31
1036.79
1036.28
1035.77
1035.25
1034.74
1034.23
1033.72
1033.2
1032.69
1032.18
1031.67
1031.16
1030.66
1030.15
1029.64
1029.13
1028.63
1028.12
1027.61
1027.11
1026.6
1026.1
1025.6
1025.09
1024.59
1024.09
1023.59
1023.08
1022.58
1022.08
1021.58
1021.08
1020.59
1020.09
1019.59
1019.09
1018.6
1018.1
1017.6
1017.11
1016.61
1016.12
1015.62
1015.13
1014.64
1014.14
1013.65
1013.16
1012.67
1012.18
1011.69
1011.2
1010.71
1010.22
1009.73
1009.25
1008.76
1008.27
1007.79
1007.3
1006.81
1006.33
1005.84
1005.36
1004.88
1004.39
1003.91
1003.43
1002.95
1002.47
1001.98
1001.5
1001.02
1000.55
1000.07
999.588
999.11
998.632
998.155
997.678
997.202
996.726
996.251
995.776
995.302
994.828
997.837
997.362
996.888
996.414
995.941
995.468
994.996
994.524
994.052
993.581
993.11
992.64
992.17
991.701
991.232
990.764
990.296
989.828
989.361
988.894
988.428
987.962
987.497
987.032
986.567
986.103
985.64
985.177
984.714
984.252
983.79
986.649
986.186
985.724
985.263
984.801
984.341
983.88
983.42
982.961
982.501
982.043
985.046
988.017
990.955
990.494
990.032
989.571
989.111
988.651
988.191
987.732
987.273
986.815
986.357
989.218
992.105
991.645
991.186
990.727
990.269
989.811
989.353
988.896
988.439
987.983
987.527
987.071
986.616
986.162
985.707
985.254
984.8
984.347
983.895
983.442
982.991
982.539
982.088
981.638
981.188
980.738
980.289
979.84
979.392
978.944
978.496
978.049
977.602
977.156
976.71
976.264
975.819
975.374
974.93
974.486
974.042
973.599
973.156
972.714
972.272
971.83
971.389
974.107
973.665
973.224
975.883
975.441
974.999
974.558
974.117
973.677
973.237
972.797
972.358
971.919
971.481
971.043
970.605
970.168
969.731
969.295
968.859
968.423
967.988
967.553
967.119
966.685
966.251
965.818
965.385
964.952
964.52
967.513
970.46
973.365
976.233
979.066
981.868
984.642
987.392
990.119
992.827
992.385
991.943
991.501
991.06
990.619
990.179
989.739
989.299
988.86
988.421
987.982
987.544
987.106
986.669
986.232
989.122
991.979
994.806
997.602
1000.37
1003.12
1005.85
1008.56
1011.27
1013.97
1013.52
1013.07
1012.63
1012.18
1011.74
1011.29
1010.85
1010.4
1009.96
1009.52
1009.07
1008.63
1008.19
1007.75
1007.3
1006.86
1006.42
1005.98
1005.54
1005.1
1004.66
1004.23
1003.79
1003.35
1002.91
1002.47
1002.04
1001.6
1001.16
1000.73
1000.29
999.859
999.425
998.99
998.557
998.123
997.69
997.258
996.825
999.485
1002.15
1004.81
1007.49
1010.18
1012.88
1012.45
1012.01
1011.57
1011.14
1010.7
1010.26
1009.83
1009.39
1008.96
1008.52
1008.09
1007.66
1007.22
1006.79
1006.36
1005.93
1008.87
1011.79
1011.36
1010.92
1010.49
1010.06
1009.62
1009.19
1011.99
1014.76
1014.33
1013.9
1013.46
1013.03
1015.79
1018.55
1021.3
1024.04
1023.61
1023.17
1022.74
1022.3
1021.87
1021.43
1021
1020.56
1020.13
1019.7
1019.27
1018.83
1018.4
1017.97
1020.95
1023.93
1026.89
1029.85
1032.8
1035.74
1038.67
1041.6
1044.52
1047.43
1046.99
1046.55
1046.11
1045.67
1045.23
1044.79
1044.35
1043.91
1043.47
1043.03
1042.59
1042.16
1041.72
1044.44
1047.15
1049.84
1049.4
1048.96
1048.52
1048.08
1047.64
1047.21
1046.77
1046.33
1045.9
1045.46
1047.8
1050.13
1052.47
1052.03
1051.59
1051.15
1050.72
1050.28
1049.84
1049.41
1048.97
1048.54
1048.1
1047.67
1047.23
1046.8
1046.36
1045.93
1045.5
1045.07
1044.63
1044.2
1043.77
1043.34
1042.91
1042.48
1042.05
1041.62
1041.19
1040.76
1040.33
1039.9
1039.47
1039.05
1038.62
1038.19
1037.77
1037.34
1036.91
1036.49
1036.06
1035.64
1035.21
1034.79
1034.37
1033.94
1033.52
1036.13
1035.71
1035.28
1034.86
1034.44
1034.02
1033.59
1033.17
1032.75
1032.33
1031.91
1031.49
1031.07
1030.65
1030.23
1029.81
1029.4
1028.98
1028.56
1028.14
1027.72
1027.31
1026.89
1026.48
1026.06
1025.64
1025.23
1024.81
1024.4
1023.99
1023.57
1023.16
1022.75
1025.57
1028.44
1031.34
1034.27
1037.24
1040.23
1043.25
1046.29
1049.35
1052.43
1052.01
1051.58
1051.16
1050.74
1050.32
1049.9
1049.48
1049.06
1048.64
1048.22
1047.8
1047.38
1046.96
1046.54
1046.12
1045.7
1045.28
1044.87
1044.45
1044.03
1043.62
1043.2
1042.79
1042.37
1041.96
1041.54
1041.13
1040.71
1040.3
1039.89
1039.47
1039.06
1038.65
1038.24
1037.82
1040.54
1043.34
1046.22
1049.2
1048.79
1048.37
1047.96
1047.54
1047.13
1046.71
1046.3
1045.89
1045.48
1045.06
1044.65
1044.24
1043.83
1043.42
1043.01
1042.6
1042.19
1041.78
1041.37
1040.96
1040.55
1040.14
1039.73
1039.33
1038.92
1038.51
1038.1
1037.7
1037.29
1036.89
1036.48
1036.08
1035.67
1035.27
1034.86
1034.46
1034.05
1033.65
1033.25
1032.84
1035.61
1038.36
1041.08
1043.79
1046.48
1049.16
1051.85
1054.55
1057.26
1056.85
1056.44
1059.24
1062.95
1066.83
1070.77
1074.75
1078.75
1082.76
1086.79
1086.37
1085.95
1085.53
1085.11
1084.69
1084.27
1083.86
1083.44
1083.02
1082.6
1082.19
1081.77
1081.35
1080.94
1080.52
1080.11
1079.69
1079.28
1078.86
1078.45
1078.03
1077.62
1077.21
1076.79
1076.38
1075.97
1075.56
1075.15
1074.73
1074.32
1073.91
1073.5
