22.8896
33.3555
43.6916
53.8995
63.9803
73.9355
83.7661
93.4733
103.058
112.522
122.858
133.669
144.431
155.07
165.57
175.924
186.13
196.184
206.084
215.829
205.552
216.364
227.432
238.538
228.997
238.605
229.768
239.133
248.387
257.534
266.576
275.53
284.399
293.186
301.894
310.526
318.981
310.587
320.048
329.289
338.319
347.146
355.78
364.231
372.509
380.627
372.529
364.768
375.368
386.023
396.682
407.358
418.058
428.782
439.529
450.293
442.393
434.766
427.397
420.274
430.779
441.239
451.657
462.032
472.367
482.664
492.926
503.158
513.363
523.545
516.172
524.171
516.99
510.004
518.218
526.303
534.267
542.117
549.862
557.509
565.066
572.54
579.937
587.263
580.354
588.373
596.385
604.387
612.374
620.342
628.285
636.195
644.07
651.903
659.691
652.819
659.999
653.265
661.073
654.463
662.244
669.88
663.377
656.998
650.741
644.602
653.879
647.825
641.881
648.845
642.999
637.258
644.873
652.47
660.05
667.613
675.158
682.684
690.192
684.44
678.784
673.22
667.747
662.362
657.063
666.632
676.215
685.804
695.403
705.019
714.646
724.287
733.813
743.212
752.485
746.952
757.155
767.318
777.439
787.519
797.562
791.945
786.407
780.946
775.56
782.954
790.3
797.599
804.856
812.074
806.696
801.389
810.5
819.557
828.564
837.523
846.437
855.31
864.146
872.947
881.719
890.464
885.001
892.176
886.769
881.427
890.134
898.863
907.618
916.406
925.23
934.096
943.008
951.972
960.991
955.531
950.133
944.795
939.517
934.297
929.135
924.03
918.981
913.986
909.046
904.158
899.323
894.54
889.807
885.123
880.489
875.903
871.365
866.873
862.428
858.028
853.672
860.577
856.253
851.972
847.733
843.536
839.381
835.266
831.192
827.157
836.327
845.448
854.512
863.515
872.45
881.312
890.096
898.797
907.411
915.933
911.712
918.48
925.227
931.936
938.604
945.21
951.741
947.492
943.281
950.078
956.808
963.467
970.051
976.555
982.966
989.278
985.032
991.795
998.462
1005.04
1011.55
1017.99
1024.37
1030.7
1036.98
1043.22
1049.43
1055.6
1061.74
1067.86
1063.54
1059.25
1054.99
1050.77
1046.59
1052.87
1048.71
1044.58
1050.79
1056.94
1063.04
1069.09
1075.06
1070.92
1066.82
1075.3
1071.21
1079.61
1087.94
1096.21
1104.42
1112.56
1108.42
1114.4
1110.29
1106.21
1102.16
1098.14
1106.24
1114.38
1122.55
1130.75
1138.97
1147.21
1155.46
1163.72
1171.98
1180.24
1189.29
1198.34
1207.42
1216.5
1225.6
1234.7
1243.82
1252.94
1248.67
1255.23
1250.97
1246.75
1242.55
1238.38
1234.24
1230.12
1226.04
1221.98
1230.45
1238.94
1247.46
1256.01
1264.59
1273.22
1281.89
1290.61
1299.38
1308.2
1304.02
1299.87
1295.74
1291.64
1287.56
1283.52
1279.49
1285.48
1291.41
1297.28
1303.09
1299.07
1295.07
1291.1
1287.15
1283.23
1279.33
1275.45
1271.6
1280.12
1288.57
1284.71
1280.87
1277.06
1273.27
1278.98
1284.66
1280.88
1277.12
1273.39
1269.68
1277.99
1286.27
1294.52
1302.73
1310.9
1319.04
1315.27
1311.52
1319.61
1327.74
1335.93
1344.18
1352.48
1360.83
1369.24
1377.71
1386.23
1394.81
1390.96
1387.13
1383.32
1379.53
1375.76
1372.01
1368.28
1375.09
1381.74
1388.2
1394.46
1400.49
1406.27
1411.75
1416.84
1421.33
1424.66
1432.32
1439.93
1447.5
1455.04
1462.53
1469.98
1477.38
1484.73
1492.02
1499.24
1506.39
1513.44
1520.38
1527.12
1533.56
1539.02
1544.48
