4.14869
4.14869
4.14869
3.11152
3.31895
3.45724
3.55602
3.63011
3.68773
3.73382
3.77154
3.80297
3.51043
3.55602
3.59553
3.63011
3.66061
3.68773
3.71199
3.73382
3.75358
3.77154
3.78794
3.63011
3.65085
3.67
3.68773
3.70419
3.71952
3.73382
3.74721
3.75975
3.77154
3.78263
3.79309
3.68773
3.70019
3.71199
3.72319
3.73382
3.74394
3.75358
3.76277
3.77154
3.77992
3.78794
3.79561
3.80297
3.81002
3.73382
3.74196
3.74978
3.75731
3.76456
3.77154
3.77827
3.78477
3.79105
3.79711
3.80297
3.80864
3.81412
3.81943
3.75975
3.76574
3.77154
3.77717
3.78263
3.78794
3.79309
3.73967
3.68773
3.69404
3.70019
3.70617
3.71199
3.71766
3.72319
3.72857
3.73382
3.73895
3.74394
3.69884
3.70419
3.70942
3.66629
3.62415
3.63011
3.58932
3.54944
3.51043
3.47228
3.43494
3.3984
3.36263
3.3276
3.29329
3.25969
3.22676
3.23598
3.20394
3.17253
3.14173
3.15141
3.16091
3.17023
3.17937
3.18835
3.19716
3.20581
3.2143
3.22265
3.23084
3.2025
3.17465
3.14728
3.15584
3.1291
3.13767
3.11152
3.08581
3.09452
3.06936
3.04461
3.02025
2.99628
2.97269
2.98187
2.99092
2.99982
3.00859
3.01723
3.02574
3.03412
3.04238
3.05051
3.02824
3.0063
3.01452
3.02262
3.03061
3.03848
3.04624
3.0539
3.06145
3.0689
3.07624
3.08349
3.09064
3.07003
3.0497
3.02964
3.00984
2.99029
2.971
2.95196
2.95958
2.9671
2.97453
2.98187
2.98912
2.99628
3.00335
3.01033
3.01723
3.02405
3.00594
2.98805
2.97037
2.9773
2.98415
2.99092
2.99761
3.00423
3.01077
3.01723
3.02362
3.02994
3.03619
3.04238
3.04849
3.05453
3.06051
3.06643
3.07228
3.07806
3.08379
3.08945
3.09506
3.1006
3.10609
3.11152
3.11689
3.12221
3.12748
3.13269
3.13784
3.14295
3.148
3.15301
3.15796
3.16287
3.16772
3.17253
3.17729
3.18201
3.18668
3.1913
3.19588
3.20042
