22.1795
32.7466
21.8311
29.5138
23.611
33.1416
43.001
53.0347
63.1722
73.3719
83.6069
76.6396
83.2291
93.8409
104.513
115.239
126.011
119.011
129.45
139.68
133.029
126.982
121.461
116.4
111.744
107.446
103.467
99.7715
108.434
104.82
101.439
109.981
118.695
127.578
136.613
145.795
155.113
151.031
147.158
143.479
139.98
136.647
133.469
130.436
127.537
124.764
122.11
119.566
117.126
114.783
112.533
110.369
108.286
106.281
104.348
102.485
100.687
98.9511
97.2739
95.6527
94.0846
92.5671
91.0978
89.6744
88.2948
86.957
85.6591
84.3995
83.1763
81.988
80.8333
79.7106
78.6187
82.718
88.3512
94.1319
92.9094
91.7183
97.5898
96.37
95.1802
94.0195
92.8867
98.895
97.7316
96.5952
95.4849
94.3998
93.3391
92.302
91.2877
90.2955
89.3246
88.3743
93.8132
99.4271
105.219
111.201
117.38
123.752
130.267
136.345
141.857
148.28
146.868
145.482
144.123
150.563
157.073
163.645
170.278
176.967
183.711
190.504
197.344
204.229
211.153
209.364
207.604
205.874
204.173
202.499
200.853
199.233
206.005
204.37
202.761
201.177
199.617
198.082
196.57
195.08
193.614
192.169
190.745
189.343
187.961
186.599
185.256
183.933
182.628
181.342
180.074
178.824
177.59
176.374
175.174
181.085
187.016
192.954
198.895
204.835
203.496
202.174
200.87
199.582
205.565
211.544
217.517
223.48
229.43
235.364
241.279
239.807
246.259
244.776
243.31
241.862
240.431
239.016
245.418
243.992
242.581
241.187
239.809
238.446
237.099
235.767
234.45
233.148
231.859
237.474
243.105
241.783
240.476
239.183
237.904
236.639
235.387
234.148
232.922
231.709
230.508
229.32
228.144
226.98
225.828
231.661
237.516
243.391
249.288
248.054
246.832
245.622
244.424
243.237
242.062
240.898
239.746
245.471
251.206
256.95
262.704
268.465
274.235
280.011
285.792
291.577
297.363
303.129
308.983
314.925
320.952
327.063
333.254
339.522
338.027
344.326
350.678
357.084
363.544
370.06
376.631
383.258
389.943
396.684
403.484
409.835
416.246
422.718
429.247
427.474
425.715
423.97
430.778
437.541
444.26
450.934
457.564
464.152
470.696
477.198
483.66
490.08
488.159
486.252
484.36
482.482
480.619
478.771
476.936
483.225
481.388
479.565
486.235
492.812
499.292
497.429
495.58
493.745
491.923
490.114
488.319
486.537
484.767
491.142
489.369
496.216
494.438
492.672
490.918
489.178
487.449
485.733
484.028
490.525
497.097
503.738
510.446
517.217
524.049
530.941
537.889
544.892
551.949
558.714
565.571
563.673
561.788
559.916
558.055
556.207
554.372
552.548
550.737
548.937
547.149
545.372
543.607
541.854
540.111
538.38
544.669
550.943
549.194
547.456
545.729
544.013
542.307
540.613
538.929
537.255
535.592
533.939
532.296
530.663
529.04
527.427
525.824
524.231
522.647
521.073
527.029
533.011
539.021
545.061
551.135
557.246
563.399
569.597
575.847
582.153
580.456
578.768
577.091
575.423
573.765
572.116
570.477
568.847
567.226
574.065
581.016
588.106
595.305
602.647
610.104
617.71
625.431
633.288
641.17
639.399
637.637
635.885
634.143
632.411
630.687
628.974
627.269
625.574
623.888
622.21
620.542
618.883
617.233
615.591
613.958
612.334
618.571
624.852
623.212
621.58
619.957
618.343
616.737
615.139
613.549
611.968
610.395
608.83
607.273
605.724
604.182
602.649
601.123
599.605
605.815
604.293
602.778
601.272
599.772
605.715
604.212
602.717
601.229
599.748
598.274
596.808
595.349
593.897
592.452
591.014
589.583
588.159
586.741
585.331
583.927
582.53
581.14
579.756
578.379
577.009
575.645
574.287
572.936
571.591
570.252
568.92
567.594
566.274
564.96
563.652
562.35
561.054
559.765
558.481
557.203
555.931
554.664
553.404
552.149
550.9
549.656
548.418
547.186
545.959
544.737
543.521
542.311
541.106
539.906
538.712
537.522
536.338
535.16
533.986
532.818
531.654
530.496
529.343
528.194
527.051
525.913
524.779
523.651
522.527
521.408
520.294
519.185
518.08
516.98
515.885
514.794
513.708
512.627
511.55
510.477
509.409
508.346
507.287
506.232
505.182
504.136
503.094
502.057
501.024
499.995
498.971
497.95
496.934
501.921
506.877
505.849
504.825
510.484
516.24
522.096
521.048
520.004
518.964
517.928
516.896
515.868
521.334
526.862
532.456
531.405
530.359
536.31
535.258
534.211
533.167
532.128
531.093
530.061
529.034
528.011
526.992
525.976
524.965
523.957
522.953
521.953
520.957
519.965
518.976
517.992
517.011
516.033
515.06
514.09
513.123
518.807
524.504
530.203
529.214
528.228
527.247
526.268
525.294
529.77
535.193
540.58
545.904
551.164
556.359
561.491
566.56
571.567
576.512
575.466
574.423
573.384
572.349
571.318
570.291
569.267
568.247
567.23
566.217
565.208
564.202
563.2
562.201
561.206
560.215
559.227
558.242
557.261
556.283
555.309
554.338
553.371
552.407
551.446
550.489
549.535
548.584
547.637
546.692
545.751
544.814
543.879
542.948
542.02
541.095
540.173
539.254
538.339
537.426
536.517
535.611
534.708
533.807
532.91
537.957
537.056
536.158
535.263
534.371
533.482
532.596
531.712
530.832
529.955
529.08
528.209
527.34
526.474
525.611
524.751
523.893
523.038
522.187
521.338
520.491
519.648
518.807
517.969
517.133
516.3
515.47
514.643
513.818
512.996
512.177
511.36
510.546
509.734
508.925
508.118
507.314
506.513
505.714
504.917
504.124
503.332
502.543
501.757
500.973
500.191
499.412
498.635
497.861
497.089
496.32
495.553
494.788
494.026
493.266
492.508
491.752
490.999
490.249
489.5
488.754
488.01
487.268
486.529
485.792
485.057
484.324
483.594
482.865
482.139
481.415
480.694
479.974
479.256
478.541
477.828
477.117
476.408
475.701
474.996
474.294
478.877
483.506
482.794
482.084
481.376
480.67
479.967
479.265
478.565
477.868
477.172
476.478
475.787
475.097
474.41
473.724
473.041
472.359
476.856
481.362
485.876
490.397
494.922
499.449
503.978
503.26
502.544
501.83
501.119
500.409
499.701
498.995
498.291
497.59
496.89
496.192
495.496
494.802
494.11
493.42
492.732
492.045
491.361
490.679
489.998
489.319
488.643
487.968
487.295
486.623
485.954
485.287
484.621
483.957
483.295
488.154
487.488
491.84
491.17
490.503
489.838
489.174
488.512
487.852
487.193
486.537
485.882
485.229
484.578
483.928
483.28
482.634
481.99
481.347
480.706
480.067
479.429
478.793
478.159
477.527
476.896
476.267
475.639
475.014
474.389
473.767
473.146
472.527
471.909
471.293
470.678
470.065
469.454
468.845
468.236
467.63
467.025
466.422
465.82
469.967
469.362
474.012
473.403
472.796
472.191
471.587
470.985
470.384
469.785
469.187
468.591
467.996
467.403
466.811
466.221
465.633
465.045
464.46
463.875
463.293
462.711
462.132
461.553
460.976
460.401
459.827
459.254
458.683
458.113
457.545
456.978
456.412
455.848
455.285
454.724
454.164
453.605
453.048
452.492
451.938
451.384
450.833
450.282
454.016
457.694
461.315
464.881
468.39
471.844
475.245
478.593
481.889
485.136
484.552
483.969
483.387
482.807
482.228
481.65
481.074
485.696
490.335
489.751
489.168
488.586
488.006
491.231
494.446
497.655
500.856
504.052
503.457
502.864
502.273
501.683
501.094
500.506
499.92
499.335
498.752
498.17
497.59
497.01
496.432
495.856
495.281
494.707
494.134
493.563
492.993
492.424
491.857
491.291
490.726
490.163
489.601
489.04
488.48
487.922
487.365
486.809
486.255
485.702
485.15
484.599
484.05
483.502
482.955
482.409
481.864
481.321
480.779
480.238
479.699
479.16
478.623
478.087
477.552
477.019
476.486
475.955
475.425
474.896
474.369
473.842
473.317
472.793
472.27
471.748
475.603
479.426
483.214
486.966
486.431
485.897
485.364
484.832
484.302
483.773
483.244
482.717
482.192
481.667
481.143
480.621
480.1
479.579
483.914
488.237
492.545
492.014
491.484
490.955
490.427
494.722
499.019
503.319
507.619
511.918
511.371
510.826
510.281
509.738
514.049
518.387
517.837
517.288
516.74
516.193
515.647
515.103
514.559
514.017
518.347
517.802
517.258
516.715
516.174
515.633
515.094
514.556
514.018
518.649
523.294
527.949
532.612
537.283
536.726
536.17
535.615
535.061
534.508
533.956
533.406
532.857
532.308
531.761
531.215
530.67
530.127
529.584
529.043
528.502
527.963
527.425
526.888
526.352
525.817
525.283
524.75
524.219
523.688
523.158
522.63
522.103
526.681
526.151
525.621
525.093
524.566
524.04
523.514
522.99
522.467
521.946
521.425
520.905
520.386
519.868
519.351
518.836
518.321
521.785
525.225
528.64
532.029
535.39
538.723
542.026
545.304
548.558
551.785
551.244
550.703
550.164
549.626
549.088
548.552
548.017
547.483
546.95
546.418
545.887
545.357
544.828
544.3
543.773
543.247
542.722
542.198
541.675
541.154
540.633
540.113
539.594
539.076
538.559
538.044
537.529
541.724
545.931
550.15
549.626
549.102
548.58
548.058
547.538
547.018
546.5
545.982
545.466
544.95
544.436
543.922
543.41
542.898
542.387
541.877
541.369
540.861
540.354
539.848
539.343
538.839
538.336
537.833
537.332
536.832
536.333
535.834
535.337
534.84
534.344
533.85
533.356
532.863
532.371
531.88
531.389
530.9
530.412
529.924
529.438
528.952
528.467
527.983
527.5
527.018
526.537
526.056
525.577
525.098
524.62
524.143
523.667
523.192
526.765
530.352
533.954
537.574
537.088
536.603
536.12
535.637
535.154
534.673
534.193
533.713
533.235
537.281
536.8
536.32
535.841
535.362
534.885
534.408
533.932
533.457
532.983
532.51
532.037
531.565
531.095
530.625
530.155
529.687
529.22
528.753
528.287
527.822
527.358
526.894
526.432
525.97
525.509
525.049
524.59
524.131
523.673
523.216
522.76
522.305
521.85
521.396
520.943
520.491
520.04
519.589
519.139
518.69
518.242
517.794
517.348
516.902
516.456
516.012
515.568
515.125
514.683
514.242
513.801
513.361
512.922
512.484
512.046
511.609
511.173
510.737
510.303
509.869
509.436
509.003
508.572
508.141
507.71
507.281
506.852
506.424
505.996
505.57
505.144
504.719
504.294
503.87
503.447
503.025
502.603
502.182
501.762
501.343
500.924
500.506
500.088
499.672
499.255
498.84
498.425
498.011
497.598
500.454
503.287
506.095
508.878
511.634
514.361
513.937
513.513
513.09
512.668
516.466
516.042
515.618
515.195
514.773
514.351
513.931
513.51
513.091
517.13
516.709
516.288
515.867
515.447
515.028
514.61
514.192
513.775
513.359
512.943
512.528
512.114
511.7
511.287
515.207
519.167
518.749
518.331
521.05
520.631
520.213
519.796
519.38
518.964
518.549
518.134
517.72
517.307
516.894
516.483
516.071
515.661
515.251
514.842
514.433
514.025
513.618
513.211
512.805
512.4
511.995
511.591
511.187
510.785
510.382
509.981
509.58
509.18
508.78
512.545
516.381
520.289
524.269
528.324
527.911
527.499
531.522
535.572
539.648
543.749
547.875
552.026
556.201
560.401
564.625
568.874
568.433
567.994
567.555
567.116
566.679
566.242
565.806
565.37
564.935
564.501
564.067
563.634
563.202
562.771
562.34
561.909
561.48
561.051
560.623
560.195
559.768
559.342
558.916
558.491
558.067
557.643
557.22
556.797
556.376
555.954
555.534
555.114
554.695
554.276
553.858
553.441
553.024
552.608
552.192
551.777
551.363
554.803
558.244
561.682
565.118
568.547
568.122
567.698
567.274
566.851
566.429
566.007
565.586
565.165
564.745
564.326
563.907
563.489
563.072
562.655
562.239
561.823
561.409
560.994
560.58
560.167
559.755
559.343
558.932
558.521
558.111
557.701
557.293
556.884
556.477
556.07
555.663
555.257
554.852
554.447
554.043
553.64
553.237
552.834
552.433
552.031
551.631
551.231
550.831
550.432
550.034
549.636
549.239
548.843
552.189
551.79
551.393
550.996
550.599
553.917
557.227
556.827
556.427
556.028
555.63
555.232
554.835
554.439
554.043
553.647
553.252
552.858
552.464
552.071
551.678
551.286
550.895
550.504
550.113
549.723
549.334
548.945
548.557
548.169
547.782
547.396
547.01
546.624
546.239
545.855
545.471
545.088
544.705
544.323
543.941
547.918
551.882
555.829
555.44
555.052
554.665
554.277
553.891
553.505
553.12
552.735
552.35
551.966
551.583
551.2
550.818
550.436
550.055
549.674
549.294
548.915
548.536
548.157
547.779
547.402
547.025
546.648
546.272
545.897
545.522
545.147
549.067
553.041
552.662
552.284
551.906
551.529
551.152
550.776
550.4
550.025
549.65
549.276
548.903
548.529
548.157
547.785
547.413
547.042
546.671
546.301
545.932
545.562
545.194
544.826
544.458
544.091
543.724
543.358
542.992
542.627
542.263
541.898
541.535
541.172
540.809
540.447
540.085
539.724
539.363
539.003
538.643
538.283
537.925
537.566
537.208
536.851
536.494
536.137
535.781
535.426
535.071
534.716
534.362
534.008
533.655
533.303
532.95
532.599
532.247
531.896
531.546
531.196
530.847
530.498
533.857
537.21
540.556
543.895
543.539
543.183
542.828
542.473
545.798
545.442
545.086
544.73
548.05
551.358
554.656
554.295
553.934
553.574
553.215
552.856
552.497
552.139
551.782
551.425
551.068
550.712
550.356
550.001
549.646
549.291
548.937
548.584
548.231
547.878
547.526
547.175
546.823
546.473
546.122
545.773
545.423
545.074
544.726
544.378
544.03
543.683
543.336
542.99
542.644
542.298
541.953
541.609
541.265
540.921
540.578
540.235
539.893
539.551
539.209
538.868
538.528
538.188
537.848
537.508
537.17
536.831
536.493
536.155
535.818
535.481
535.145
534.809
534.474
534.138
533.804
533.47
533.136
532.802
532.469
532.137
531.805
531.473
531.141
530.811
530.48
530.15
529.82
529.491
529.162
528.834
528.506
528.178
527.851
527.524
527.197
526.871
526.546
526.22
525.896
525.571
525.247
524.924
524.6
524.277
523.955
523.633
523.311
522.99
522.669
522.349
522.029
521.709
521.39
521.071
520.752
520.434
520.117
519.799
519.482
519.166
518.85
518.534
518.218
517.903
517.589
517.274
516.96
516.647
516.334
516.021
515.709
515.397
515.085
514.774
517.788
517.476
517.164
520.308
523.465
523.15
522.835
522.52
522.206
521.893
521.579
521.267
520.954
520.642
520.33
520.019
519.708
519.397
519.087
518.777
518.467
518.158
517.849
517.541
517.233
516.925
516.618
516.311
516.004
515.698
515.392
515.087
514.782
514.477
514.172
513.868
513.565
513.261
512.958
512.656
512.353
512.051
511.75
511.449
511.148
510.847
510.547
510.247
509.948
509.649
509.35
509.052
508.754
508.456
508.159
507.862
507.565
507.269
506.973
506.677
506.382
506.087
505.792
505.498
505.204
504.911
504.618
504.325
504.032
503.74
503.448
503.157
502.865
502.575
502.284
501.994
501.704
501.415
501.125
504.03
503.74
503.45
503.16
502.871
502.582
502.293
502.005
501.717
501.429
501.142
500.855
500.568
500.282
499.996
499.71
499.425
499.14
498.855
498.57
498.286
498.003
497.719
497.436
497.153
496.871
496.589
496.307
496.025
495.744
495.463
498.768
502.07
501.786
501.502
501.219
500.936
500.653
500.371
500.089
499.807
499.526
499.245
498.964
498.683
498.403
498.123
497.844
497.565
497.286
497.007
496.729
496.451
496.173
495.896
499.124
502.38
502.1
505.388
508.683
508.4
508.117
507.834
507.552
507.27
506.988
506.706
506.425
506.144
505.864
505.583
505.303
505.024
504.745
504.466
507.599
507.318
507.038
506.759
506.479
506.2
505.921
505.643
505.365
505.087
504.81
507.696
507.417
507.139
506.861
506.583
506.306
506.029
505.752
505.475
505.199
504.923
504.647
504.372
504.097
503.822
503.548
503.274
503
502.727
502.453
502.18
501.908
501.635
501.363
501.092
500.82
500.549
500.278
500.008
499.737
499.467
499.198
498.928
498.659
498.39
498.122
497.854
497.586
497.318
497.051
496.783
496.517
496.25
495.984
495.718
495.452
495.187
498.218
501.221
504.195
507.139
506.868
506.598
506.327
506.057
505.788
505.518
505.249
504.98
504.711
504.443
504.175
503.907
503.64
503.373
503.106
502.839
502.573
502.307
502.041
501.775
501.51
501.245
500.981
500.716
500.452
500.188
499.925
499.662
499.399
499.136
498.874
498.611
498.349
498.088
497.827
497.566
497.305
497.044
496.784
496.524
496.264
496.005
495.746
495.487
495.228
494.97
494.712
494.454
494.197
493.939
493.682
493.426
493.169
492.913
492.657
492.401
492.146
491.891
491.636
491.381
494.225
497.051
496.794
496.538
499.216
498.958
498.701
498.444
498.187
497.93
497.674
497.418
497.162
496.906
496.651
496.396
496.141
495.886
495.632
495.378
495.124
494.871
494.617
494.364
494.112
493.859
493.607
493.355
493.103
492.852
492.601
492.35
492.099
491.848
491.598
491.348
491.099
490.849
490.6
490.351
490.103
489.854
489.606
489.358
489.11
488.863
488.616
488.369
488.122
487.876
487.63
487.384
487.138
486.893
486.648
486.403
486.158
485.914
485.669
485.426
485.182
484.938
484.695
484.452
484.21
483.967
483.725
483.483
483.241
483
482.758
482.517
482.277
482.036
481.796
481.556
481.316
481.076
480.837
480.598
480.359
480.12
479.882
479.644
479.406
479.168
478.931
478.694
478.457
478.22
477.983
477.747
477.511
477.275
477.04
476.804
476.569
476.334
476.1
475.865
475.631
475.397
475.163
474.93
474.697
474.464
474.231
473.998
473.766
473.534
473.302
473.07
472.839
472.607
472.376
472.146
471.915
471.685
471.455
471.225
470.995
470.766
470.537
473.23
475.932
478.647
481.373
484.105
486.848
489.595
492.351
495.114
497.878
500.6
500.358
500.116
499.874
499.632
499.391
499.15
498.909
498.668
498.428
498.187
497.948
500.724
500.483
503.241
506.039
505.796
505.553
505.31
505.068
504.826
504.584
504.342
504.1
503.859
503.618
503.377
503.136
502.896
502.656
502.416
502.176
501.937
501.697
501.458
504.209
506.939
506.698
506.457
509.476
509.234
508.992
508.751
508.509
508.268
508.027
507.787
507.546
507.306
507.066
506.826
506.587
506.347
506.108
505.87
505.631
505.393
505.154
504.916
504.679
504.441
504.204
503.967
503.73
503.493
503.257
503.021
502.785
502.549
502.314
502.078
501.843
501.609
501.374
501.14
500.905
500.671
500.438
500.204
499.971
499.738
499.505
499.272
499.04
498.808
498.576
498.344
498.112
497.881
497.65
497.419
497.188
496.958
496.727
496.497
496.267
496.038
495.808
495.579
495.35
495.121
494.893
494.664
494.436
494.208
493.98
493.753
493.526
493.298
493.072
492.845
492.618
492.392
492.166
491.94
491.714
491.489
491.264
491.039
490.814
490.589
490.365
490.141
489.917
489.693
489.469
489.246
489.023
491.652
494.295
496.951
496.724
496.498
496.272
496.047
495.821
495.596
495.371
495.146
494.921
494.697
497.824
500.941
504.041
507.121
510.181
513.214
516.218
515.985
515.752
515.519
515.286
515.054
514.822
514.59
514.358
514.126
513.895
513.664
513.433
513.202
512.971
512.741
512.511
512.281
512.051
511.822
511.592
511.363
511.134
510.906
510.677
510.449
510.221
509.993
509.765
509.538
509.311
509.084
508.857
508.63
508.404
511.144
513.908
516.692
519.495
522.316
522.084
521.853
521.621
521.39
521.159
520.928
520.697
520.467
520.236
520.006
519.776
519.547
522.357
522.126
521.896
521.665
521.435
521.206
520.976
520.746
520.517
520.288
520.059
519.831
519.602
519.374
519.146
518.919
518.691
518.464
518.236
518.009
517.783
517.556
517.33
517.103
516.877
516.651
516.426
516.2
515.975
515.75
515.525
515.301
515.076
514.852
514.628
514.404
514.181
513.957
513.734
513.511
513.288
513.065
512.843
512.62
512.398
512.176
511.955
511.733
511.512
511.291
511.07
510.849
510.628
513.39
516.161
518.943
521.737
524.531
527.328
527.101
526.874
526.648
526.421
526.195
525.969
525.743
525.517
525.292
525.067
524.842
524.617
524.392
524.168
523.943
523.719
