20.5231
28.2788
35.8878
43.3506
50.679
57.8886
64.9967
72.0212
78.9799
85.8937
96.0142
106.293
116.516
108.193
117.992
127.517
136.855
146.02
155.014
163.835
172.482
180.95
189.235
197.331
204.539
211.974
204.124
213.736
224.164
234.713
245.273
255.811
266.336
276.856
287.377
279.394
289.718
299.12
291.45
299.578
292.271
285.312
278.677
272.344
266.292
260.503
267.392
274.188
280.898
287.527
294.081
300.566
294.895
289.434
284.171
279.097
274.2
269.473
264.906
260.49
256.22
252.088
248.086
244.21
240.453
236.81
233.275
229.845
226.513
223.278
231.572
239.937
248.369
256.865
265.423
274.037
282.703
291.414
300.166
308.951
305.136
301.415
297.784
294.239
290.777
287.396
284.092
280.864
277.708
274.623
271.605
279.776
287.988
296.232
304.502
312.79
321.089
329.39
337.683
345.96
342.535
339.177
345.265
351.44
357.707
364.076
360.673
357.334
354.055
350.837
347.676
344.572
341.523
338.527
346.711
354.81
362.825
370.758
378.607
386.373
394.055
401.651
409.16
416.581
413.248
409.968
406.74
413.991
421.149
428.194
424.925
421.706
418.535
415.412
412.335
409.303
406.315
403.371
410.05
407.121
404.234
401.387
398.58
395.812
393.082
390.39
397.424
394.739
392.09
389.476
386.896
384.351
381.839
379.359
376.912
374.496
380.743
386.954
393.135
399.296
405.447
411.601
409.075
406.581
404.117
401.682
399.277
396.901
394.552
392.231
389.937
387.67
385.429
383.214
381.024
378.86
386.033
383.865
381.72
379.6
377.502
375.428
373.377
371.347
369.34
367.354
365.39
363.446
361.523
359.621
357.738
363.442
369.266
375.212
381.282
387.477
393.799
391.81
389.842
396.776
403.729
410.692
417.657
424.617
431.564
438.49
445.387
452.249
459.067
456.881
462.597
460.414
458.253
456.112
453.99
451.888
449.806
447.742
445.698
451.315
456.96
462.63
468.321
466.23
464.158
462.104
460.068
465.666
463.633
461.617
468.211
466.192
464.192
462.208
460.241
467.098
465.128
463.173
461.235
459.313
457.408
455.517
453.643
451.784
458.807
456.942
462.666
460.801
458.95
457.114
463.457
461.618
459.793
457.983
456.187
454.405
452.637
450.883
449.142
447.414
445.7
451.733
457.815
463.946
470.127
476.357
482.637
488.967
495.346
501.774
508.249
506.381
512.777
519.208
525.673
532.169
530.248
536.747
543.259
549.794
547.837
545.894
552.464
559.085
565.74
563.761
561.797
559.846
557.909
555.985
554.075
552.177
550.293
548.421
546.562
544.715
550.08
548.234
546.4
544.579
542.77
540.972
539.187
545.6
543.812
542.034
540.269
538.515
536.772
535.04
533.32
531.611
529.912
528.225
526.548
524.881
523.226
521.58
519.945
518.32
524.536
522.907
521.288
519.68
518.081
516.491
514.912
513.342
511.782
510.231
508.689
507.157
505.634
504.12
502.615
501.12
499.633
498.154
496.685
502.63
501.157
499.691
498.234
496.786
502.803
508.942
515.202
513.721
512.249
518.403
524.561
523.071
521.589
520.116
518.651
517.194
515.745
514.305
512.872
518.756
524.683
530.65
536.66
535.185
533.719
532.261
530.81
529.368
527.933
526.507
525.087
523.676
522.272
527.54
532.909
531.492
530.082
528.68
527.285
525.897
524.517
523.144
521.778
520.419
519.068
517.723
516.385
515.054
513.73
512.413
511.102
509.798
508.501
507.211
505.927
504.649
503.378
502.113
500.855
499.602
498.357
504.451
510.587
509.323
508.066
506.814
505.569
504.33
503.097
501.87
500.649
499.434
498.224
497.021
495.823
494.631
493.445
492.265
491.09
496.146
501.263
506.437
511.669
516.955
522.293
527.682
533.12
538.603
544.131
542.866
541.606
540.352
539.104
537.862
536.626
535.395
540.802
546.153
551.447
556.678
555.416
554.159
552.908
551.663
550.423
549.189
555.038
560.911
566.807
572.724
578.66
584.613
590.58
596.56
602.549
608.545
607.213
612.961
618.722
624.494
630.273
636.058
641.846
647.634
653.42
659.2
664.977
671.16
669.729
668.304
666.885
673.276
671.852
670.435
669.023
667.618
666.218
664.824
663.436
662.054
660.678
659.307
657.942
656.583
655.229
653.881
652.538
651.201
649.869
648.543
647.222
645.907
644.597
643.292
641.992
640.698
639.409
638.125
643.95
649.695
655.358
660.936
659.622
665.245
670.881
669.555
668.235
666.919
672.907
678.924
684.966
691.019
696.999
702.893
708.686
714.366
719.906
725.308
723.91
722.518
721.132
719.75
718.374
724.105
722.726
721.352
719.983
718.62
717.261
715.908
714.56
713.217
711.878
710.545
709.217
707.894
706.576
705.262
703.954
702.65
701.352
700.058
698.768
697.484
696.204
694.929
693.659
692.393
691.132
689.875
688.623
687.375
686.132
684.894
683.66
682.43
681.205
679.984
678.768
677.556
676.348
675.144
680.203
685.211
690.179
695.087
699.932
704.71
703.472
702.237
707.835
713.389
718.873
724.272
729.574
734.768
739.848
744.806
749.641
754.355
759.831
758.525
757.224
755.928
754.636
753.348
758.591
763.986
769.442
774.946
780.496
786.087
791.715
797.376
796.036
802.315
808.646
807.294
805.946
804.603
809.89
815.151
820.38
825.562
830.697
835.786
840.825
839.442
838.064
836.69
835.32
833.955
832.595
838.311
844.046
842.676
841.31
839.949
838.592
837.239
835.891
834.547
840.798
846.958
853.005
858.939
864.763
870.482
869.098
867.719
866.344
864.973
863.606
862.244
860.886
859.533
865.533
864.177
862.824
861.476
860.132
858.792
857.457
856.125
854.798
853.475
852.156
850.84
849.529
848.222
846.92
845.621
850.423
849.122
847.826
846.534
845.245
850.688
849.397
848.11
846.827
845.548
844.272
843.001
841.733
840.469
845.194
849.943
848.673
847.406
846.143
844.884
843.629
842.377
841.129
839.885
844.604
843.359
842.117
840.878
839.643
838.412
837.185
835.961
834.74
833.523
832.31
838.033
843.798
849.607
855.464
861.371
867.333
873.358
879.454
885.633
891.907
890.63
889.356
888.085
886.818
885.555
884.295
883.039
881.787
880.538
879.292
878.05
883.588
889.145
894.721
900.313
899.05
897.791
896.535
895.283
894.035
892.789
891.548
897.078
895.834
901.287
906.686
912.027
917.306
922.52
921.251
919.985
918.723
917.465
916.21
914.958
913.71
912.465
911.223
909.985
908.751
907.519
906.291
905.066
903.845
902.627
901.412
900.2
898.992
897.787
896.585
895.387
900.04
904.695
909.351
914.006
912.792
911.582
910.374
909.17
907.969
906.771
905.576
904.385
903.196
902.011
900.829
899.65
898.474
897.301
896.131
894.964
899.514
898.346
897.181
896.019
894.86
893.704
892.55
891.4
890.253
889.109
887.967
886.829
885.693
890.367
895.046
899.746
904.483
909.253
914.058
918.9
923.78
928.698
933.654
939.064
937.88
936.699
935.521
934.345
933.173
932.004
930.837
929.674
928.513
927.355
926.2
925.048
923.899
922.753
921.61
920.469
919.331
918.196
917.064
915.935
914.808
913.684
912.563
917.097
915.974
914.855
913.737
912.623
911.512
910.403
915.665
914.554
913.446
912.34
911.237
910.136
909.038
907.943
906.85
905.76
904.673
903.588
902.506
901.427
900.35
899.275
898.203
897.134
896.067
895.003
893.942
892.882
891.826
896.685
901.67
906.775
911.988
910.915
909.845
908.777
907.711
906.648
905.588
904.53
903.475
902.422
901.371
900.323
899.277
898.234
897.193
896.155
895.119
894.085
893.054
892.025
890.999
889.974
888.953
894.051
899.143
904.221
909.277
914.306
919.303
918.256
917.211
916.169
921.238
926.313
925.264
931.131
937.088
943.136
949.287
955.548
961.928
968.429
975.055
981.804
988.673
993.878
999.207
1004.67
1010.28
1016.03
1021.93
1027.98
1034.18
1040.53
1047.02
1045.87
1044.71
1043.56
1042.41
1041.26
1040.11
1038.97
1045.99
1053.08
1060.23
1067.44
1074.72
1073.55
1080.2
1086.99
1093.9
1100.92
1108.05
1115.28
1122.61
1130.04
1128.82
1127.6
1126.38
1125.17
1123.96
1122.75
1121.54
1126.61
1131.64
1136.61
1141.54
1146.42
1151.21
1155.93
1160.55
1165.09
1169.56
1168.32
1167.08
1165.84
1164.61
1163.38
1162.15
1160.92
1159.7
1158.48
1157.26
1156.04
1154.83
1153.62
1152.41
1151.21
1150
1148.8
1147.6
1146.41
1145.22
1144.03
1142.84
1141.65
1140.47
1139.29
1138.11
1136.93
1135.76
1134.59
1133.42
1132.26
1131.09
1129.93
1128.77
1127.62
1126.46
1125.31
1124.16
1123.01
1121.87
1120.73
1125.26
1124.12
1122.98
1121.84
1120.7
1119.57
1118.44
1117.31
1116.18
1115.05
1113.93
1112.81
1111.69
1110.57
1109.46
1108.35
1107.24
1106.13
1105.03
1103.92
1102.82
1107.65
1112.44
1117.2
1121.9
1126.56
1131.16
1135.7
1140.18
1144.58
1143.45
1148.67
1147.54
1146.41
1145.28
1149.85
1148.72
1147.6
1152.52
1151.39
1150.27
1149.14
1148.02
1146.9
1145.79
1144.67
1143.56
1147.92
1152.2
1156.39
1160.51
1164.56
1168.54
1172.46
1176.34
1180.17
1183.96
1182.82
1181.68
1180.55
1179.42
1178.29
1177.16
1176.04
1181.22
1180.1
1178.97
1177.85
1176.73
1175.61
1174.49
1173.38
1172.27
1175.99
1179.68
1183.34
1186.98
1190.61
1194.22
1197.83
1201.41
1204.97
1208.43
1207.29
1206.16
1205.03
1203.9
1208.55
1207.42
1206.29
1205.17
1204.05
1202.93
1201.81
1200.69
1199.58
1198.47
1197.36
1196.25
1195.14
1194.04
1192.94
1191.84
1190.74
1189.65
1188.55
1187.46
1186.37
1185.28
1184.2
1183.12
1182.03
1180.95
1179.88
1178.8
1177.73
1176.66
1175.59
1174.52
1173.45
1172.39
1171.33
1170.27
1169.21
1168.15
1167.1
1166.05
1165
1163.95
1162.9
1161.86
1160.81
1159.77
1158.73
1157.69
1156.66
1155.63
1154.59
1153.56
1152.54
1151.51
1150.48
1149.46
1148.44
1147.42
1146.4
1145.39
1150.13
1154.88
1159.66
1164.45
1169.22
1173.93
1178.58
1183.15
1187.68
1192.13
1191.08
1190.04
1189
1187.96
1186.92
1185.88
1184.85
1189.17
1193.38
1197.51
1201.55
1205.51
1209.41
1213.25
1212.2
1211.15
1210.11
1209.06
1208.02
1206.97
1205.93
1204.89
1210.58
1214.04
1217.4
1220.72
1224.02
1227.31
1230.59
1233.87
1237.16
1240.47
1239.41
1238.35
1237.3
1236.24
1235.19
1234.14
1233.09
1232.05
1231
1236.17
1235.12
1234.08
1233.04
1232
1230.96
1229.92
1228.89
1227.85
1226.82
1225.79
1224.76
1223.74
1222.71
1221.69
1226.45
1231.19
1235.9
1240.57
1245.2
1244.16
1243.13
1242.1
1241.06
1246.59
1252.1
1257.61
1263.1
1268.57
1274
1279.4
1284.75
1290.06
1295.31
1294.24
1293.18
1292.11
1299.11
1306.1
1313.07
1311.99
1319.17
1326.44
1325.35
1324.27
1323.19
1322.11
1321.04
1319.96
1318.89
1317.82
1316.75
1315.68
1314.61
1319.73
1324.85
1329.99
1335.13
1340.28
1345.42
1350.56
1355.7
1360.82
1365.92
1364.83
1370.1
1369
1367.9
1366.81
1365.71
1364.62
1363.53
1362.44
1361.36
1368.74
1376.2
1383.73
1391.32
1398.96
1406.65
1414.4
1413.28
1420.31
1419.19
1418.06
1416.94
1415.83
1420.94
1426.02
1431.07
1436.09
1434.96
1433.84
1432.71
1431.59
1430.47
1429.35
1428.23
1427.11
1426
1424.88
1423.77
1422.66
1421.55
1420.45
1419.34
1418.24
1417.14
1416.04
1414.94
1413.85
1412.75
1416.64
1420.53
1424.41
1428.29
1432.18
1436.07
1439.98
1438.87
1437.76
1443.03
1441.92
1440.82
1439.71
1438.61
1437.51
1436.41
1435.31
1434.22
1433.12
1432.03
1430.94
1429.85
1428.76
1427.68
1426.59
1425.51
1433.21
1432.12
1431.04
1429.96
1437.6
1445.33
1453.09
