0.0165894 0.0317032 0.214665 0.172691 0.0165894 0.172691 0.362043
0.012644 0.00448424 0.115631 0.105215 0.0210736 0.277906 0.321416
0 0 0.0538642 0.0411088 0.0210736 0.319015 0.234146
0 0 0 0 0.0210736 0.319015 0.234146
0 0 0 0 0.0210736 0.319015 0.234146
0 0 0 0 0.0210736 0.319015 0.234146
0.154564 0.173847 0 0 0.175638 0.319015 0.234146
0 0 0 0 0.175638 0.319015 0.234146
0 0 0 0 0.175638 0.319015 0.234146
0.0151878 0.0153076 0 0 0.190825 0.319015 0.234146
0.119367 0.119346 0 0 0.310172 0.319015 0.234146
0.00496111 0.00418833 0 0 0.31436 0.319015 0.234146
0.16281 0.175016 0 0 0.47717 0.319015 0.234146
0 0 0 0 0.47717 0.319015 0.234146
0 0 0 0 0.47717 0.319015 0.234146
0 0 0 0 0.47717 0.319015 0.234146
0 0 0 0 0.47717 0.319015 0.234146
0.063181 0.079377 0 0 0.540351 0.319015 0.234146
0 0 0 0 0.540351 0.319015 0.234146
0 0 0 0 0.540351 0.319015 0.234146
0 0 0 0 0.540351 0.319015 0.234146
0 0 0 0 0.540351 0.319015 0.234146
0 0 0 0 0.540351 0.319015 0.234146
0 0 0 0 0.540351 0.319015 0.234146
0 0 0 0 0.540351 0.319015 0.234146
0.00486573 0.00380576 0 0 0.544156 0.319015 0.234146
0 0 0 0 0.544156 0.319015 0.234146
0 0 0 0 0.544156 0.319015 0.234146
0 0 0 0 0.544156 0.319015 0.234146
0 0 0 0 0.544156 0.319015 0.234146
0 0 0 0 0.544156 0.319015 0.234146
0 0 0 0 0.544156 0.319015 0.234146
0 0 0 0 0.544156 0.319015 0.234146
0 0 0 0 0.544156 0.319015 0.234146
0 0 0 0 0.544156 0.319015 0.234146
0 0 0 0 0.544156 0.319015 0.234146
0 0 0 0 0.544156 0.319015 0.234146
0 0 0 0 0.544156 0.319015 0.234146
0 0 0 0 0.544156 0.319015 0.234146
0 0 0 0 0.544156 0.319015 0.234146
0 0 0 0 0.544156 0.319015 0.234146
0 0 0 0 0.544156 0.319015 0.234146
0 0 0 0 0.544156 0.319015 0.234146
0 0 0 0 0.544156 0.319015 0.234146
0 0 0 0 0.544156 0.319015 0.234146
0.0267951 0.0777156 0 0 0.570951 0.319015 0.234146
0 0 0 0 0.570951 0.319015 0.234146
0 0 0 0 0.570951 0.319015 0.234146
0.168118 0.126276 0 0 0.697227 0.319015 0.234146
0 0 0 0 0.697227 0.319015 0.234146
0 0 0 0 0.697227 0.319015 0.234146
0 0 0 0 0.697227 0.319015 0.234146
0 0 0 0 0.697227 0.319015 0.234146
0 0 0 0 0.697227 0.319015 0.234146
0 0 0 0 0.697227 0.319015 0.234146
0 0 0 0 0.697227 0.319015 0.234146
0 0 0 0 0.697227 0.319015 0.234146
0 0 0 0 0.697227 0.319015 0.234146
0 0 0 0 0.697227 0.319015 0.234146
0 0 0 0 0.697227 0.319015 0.234146
0 0 0 0 0.697227 0.319015 0.234146
0 0 0 0 0.697227 0.319015 0.234146
0 0 0 0 0.697227 0.319015 0.234146
0 0 0 0 0.697227 0.319015 0.234146
0 0 0 0 0.697227 0.319015 0.234146
0 0 0 0 0.697227 0.319015 0.234146
0 0 0 0 0.697227 0.319015 0.234146
0 0 0 0 0.697227 0.319015 0.234146
0 0 0 0 0.697227 0.319015 0.234146
0 0 0 0 0.697227 0.319015 0.234146
0 0 0 0 0.697227 0.319015 0.234146
0 0 0 0 0.697227 0.319015 0.234146
0 0 0 0 0.697227 0.319015 0.234146
0 0 0 0 0.697227 0.319015 0.234146
0 0 0 0 0.697227 0.319015 0.234146
0 0 0 0 0.697227 0.319015 0.234146
0 0 0 0 0.697227 0.319015 0.234146
0 0 0 0 0.697227 0.319015 0.234146
0 0 0 0 0.697227 0.319015 0.234146
0 0 0 0 0.697227 0.319015 0.234146
0 0 0 0 0.697227 0.319015 0.234146
0 0 0 0 0.697227 0.319015 0.234146
0 0 0 0 0.697227 0.319015 0.234146
0 0 0 0 0.697227 0.319015 0.234146
0 0 0 0 0.697227 0.319015 0.234146
0 0 0 0 0.697227 0.319015 0.234146
0 0 0 0 0.697227 0.319015 0.234146
0 0 0 0 0.697227 0.319015 0.234146
0 0 0 0 0.697227 0.319015 0.234146
0.0300146 0.0138406 0 0 0.711068 0.319015 0.234146
0 0 0 0 0.711068 0.319015 0.234146
0 0 0 0 0.711068 0.319015 0.234146
0 0 0 0 0.711068 0.319015 0.234146
0 0 0 0 0.711068 0.319015 0.234146
0 0 0 0 0.711068 0.319015 0.234146
0 0 0 0 0.711068 0.319015 0.234146
0 0 0 0 0.711068 0.319015 0.234146
0 0 0 0 0.711068 0.319015 0.234146
0 0 0 0 0.711068 0.319015 0.234146
0 0 0 0 0.711068 0.319015 0.234146
0 0 0 0 0.711068 0.319015 0.234146
0 0 0 0 0.711068 0.319015 0.234146
0 0 0 0 0.711068 0.319015 0.234146
0 0 0 0 0.711068 0.319015 0.234146
0 0 0 0 0.711068 0.319015 0.234146
0 0 0 0 0.711068 0.319015 0.234146
0 0 0 0 0.711068 0.319015 0.234146
0 0 0 0 0.711068 0.319015 0.234146
0 0 0 0 0.711068 0.319015 0.234146
0 0 0 0 0.711068 0.319015 0.234146
0 0 0 0 0.711068 0.319015 0.234146
0 0 0 0 0.711068 0.319015 0.234146
0 0 0 0 0.711068 0.319015 0.234146
0 0 0 0 0.711068 0.319015 0.234146
0 0 0 0 0.711068 0.319015 0.234146
0 0 0 0 0.711068 0.319015 0.234146
0 0 0 0 0.711068 0.319015 0.234146
0 0 0 0 0.711068 0.319015 0.234146
0 0 0 0 0.711068 0.319015 0.234146
0 0 0 0 0.711068 0.319015 0.234146
0 0 0 0 0.711068 0.319015 0.234146
0 0 0 0 0.711068 0.319015 0.234146
0 0 0 0 0.711068 0.319015 0.234146
0 0 0 0 0.711068 0.319015 0.234146
0 0 0 0 0.711068 0.319015 0.234146
0 0 0 0 0.711068 0.319015 0.234146
0.268686 0.254007 0 0 0.965074 0.319015 0.234146
0.0553578 0.100319 0 0 1.02043 0.319015 0.234146
0 0 0 0 1.02043 0.319015 0.234146
0 0 0 0 1.02043 0.319015 0.234146
0.261843 0.207419 0 0 1.22785 0.319015 0.234146
0 0 0 0 1.22785 0.319015 0.234146
0 0 0 0 1.22785 0.319015 0.234146
0 0 0 0 1.22785 0.319015 0.234146
0 0 0 0 1.22785 0.319015 0.234146
0 0 0 0 1.22785 0.319015 0.234146
0 0 0 0 1.22785 0.319015 0.234146
0 0 0 0 1.22785 0.319015 0.234146
0 0 0 0 1.22785 0.319015 0.234146
0 0 0 0 1.22785 0.319015 0.234146
0 0 0 0 1.22785 0.319015 0.234146
0 0 0 0 1.22785 0.319015 0.234146
0.447186 0.0807722 0 0 1.30862 0.319015 0.234146
0 0 0 0 1.30862 0.319015 0.234146
0 0 0 0 1.30862 0.319015 0.234146
0 0 0 0 1.30862 0.319015 0.234146
0 0 0 0 1.30862 0.319015 0.234146
0 0 0 0 1.30862 0.319015 0.234146
0 0 0 0 1.30862 0.319015 0.234146
0 0 0 0 1.30862 0.319015 0.234146
0 0 0 0 1.30862 0.319015 0.234146
0 0 0 0 1.30862 0.319015 0.234146
0 0 0 0 1.30862 0.319015 0.234146
0 0 0 0 1.30862 0.319015 0.234146
0 0 0 0 1.30862 0.319015 0.234146
0 0 0 0 1.30862 0.319015 0.234146
0 0 0 0 1.30862 0.319015 0.234146
0 0 0 0 1.30862 0.319015 0.234146
0 0 0 0 1.30862 0.319015 0.234146
0 0 0 0 1.30862 0.319015 0.234146
0 0 0 0 1.30862 0.319015 0.234146
0 0 0 0 1.30862 0.319015 0.234146
0.302514 0.199574 0 0 1.5082 0.319015 0.234146
0 0 0 0 1.5082 0.319015 0.234146
0 0 0 0 1.5082 0.319015 0.234146
0 0 0 0 1.5082 0.319015 0.234146
0 0 0 0 1.5082 0.319015 0.234146
0 0 0 0 1.5082 0.319015 0.234146
0 0 0 0 1.5082 0.319015 0.234146
0 0 0 0 1.5082 0.319015 0.234146
0.310625 0.231032 0 0 1.73923 0.319015 0.234146
0 0 0 0 1.73923 0.319015 0.234146
0 0 0 0 1.73923 0.319015 0.234146
0 0 0 0 1.73923 0.319015 0.234146
0 0 0 0 1.73923 0.319015 0.234146
0.0277445 0.0351483 0 0 1.76697 0.319015 0.234146
0 0 0 0 1.76697 0.319015 0.234146
0 0 0 0 1.76697 0.319015 0.234146
0 0 0 0 1.76697 0.319015 0.234146
0 0 0 0 1.76697 0.319015 0.234146
0 0 0 0 1.76697 0.319015 0.234146
0 0 0 0 1.76697 0.319015 0.234146
0 0 0 0 1.76697 0.319015 0.234146
0 0 0 0 1.76697 0.319015 0.234146
0 0 0 0 1.76697 0.319015 0.234146
0 0 0 0 1.76697 0.319015 0.234146
0 0 0 0 1.76697 0.319015 0.234146
0 0 0 0 1.76697 0.319015 0.234146
0 0 0 0 1.76697 0.319015 0.234146
0 0 0 0 1.76697 0.319015 0.234146
0 0 0 0 1.76697 0.319015 0.234146
0.0441955 0.0350958 0 0 1.80207 0.319015 0.234146
0 0 0 0 1.80207 0.319015 0.234146
0 0 0 0 1.80207 0.319015 0.234146
0 0 0 0 1.80207 0.319015 0.234146
0 0 0 0 1.80207 0.319015 0.234146
0.348681 0.306904 0 0 2.10897 0.319015 0.234146
0 0 0 0 2.10897 0.319015 0.234146
0 0 0 0 2.10897 0.319015 0.234146
0 0 0 0 2.10897 0.319015 0.234146
0 0 0 0 2.10897 0.319015 0.234146
0 0 0 0 2.10897 0.319015 0.234146
0 0 0 0 2.10897 0.319015 0.234146
0 0 0 0 2.10897 0.319015 0.234146
0 0 0 0 2.10897 0.319015 0.234146
0 0 0 0 2.10897 0.319015 0.234146
0 0 0 0 2.10897 0.319015 0.234146
0 0 0 0 2.10897 0.319015 0.234146
0.326082 0.190527 0 0 2.2995 0.319015 0.234146
0 0 0 0 2.2995 0.319015 0.234146
0 0 0 0 2.2995 0.319015 0.234146
0 0 0 0 2.2995 0.319015 0.234146
0 0 0 0 2.2995 0.319015 0.234146
0 0 0 0 2.2995 0.319015 0.234146
0 0 0 0 2.2995 0.319015 0.234146
0 0 0 0 2.2995 0.319015 0.234146
0 0 0 0 2.2995 0.319015 0.234146
0 0 0 0 2.2995 0.319015 0.234146
0 0 0 0 2.2995 0.319015 0.234146
0 0 0 0 2.2995 0.319015 0.234146
0 0 0 0 2.2995 0.319015 0.234146
0 0 0 0 2.2995 0.319015 0.234146
0 0 0 0 2.2995 0.319015 0.234146
0 0 0 0 2.2995 0.319015 0.234146
0 0 0 0 2.2995 0.319015 0.234146
0 0 0 0 2.2995 0.319015 0.234146
0 0 0 0 2.2995 0.319015 0.234146
0 0 0 0 2.2995 0.319015 0.234146
0 0 0 0 2.2995 0.319015 0.234146
0 0 0 0 2.2995 0.319015 0.234146
0 0 0 0 2.2995 0.319015 0.234146
0 0 0 0 2.2995 0.319015 0.234146
0 0 0 0 2.2995 0.319015 0.234146
0 0 0 0 2.2995 0.319015 0.234146
0 0 0 0 2.2995 0.319015 0.234146
0 0 0 0 2.2995 0.319015 0.234146
0 0 0 0 2.2995 0.319015 0.234146
0 0 0 0 2.2995 0.319015 0.234146
0 0 0 0 2.2995 0.319015 0.234146
0 0 0 0 2.2995 0.319015 0.234146
0 0 0 0 2.2995 0.319015 0.234146
0 0 0 0 2.2995 0.319015 0.234146
0 0 0 0 2.2995 0.319015 0.234146
0 0 0 0 2.2995 0.319015 0.234146
0 0 0 0 2.2995 0.319015 0.234146
0 0 0 0 2.2995 0.319015 0.234146
0 0 0 0 2.2995 0.319015 0.234146
0 0 0 0 2.2995 0.319015 0.234146
0 0 0 0 2.2995 0.319015 0.234146
0 0 0 0 2.2995 0.319015 0.234146
0 0 0 0 2.2995 0.319015 0.234146
0 0 0 0 2.2995 0.319015 0.234146
0 0 0 0 2.2995 0.319015 0.234146
0 0 0 0 2.2995 0.319015 0.234146
0 0 0 0 2.2995 0.319015 0.234146
0 0 0 0 2.2995 0.319015 0.234146
0 0 0 0 2.2995 0.319015 0.234146
0 0 0 0 2.2995 0.319015 0.234146
0 0 0 0 2.2995 0.319015 0.234146
0 0 0 0 2.2995 0.319015 0.234146
0 0 0 0 2.2995 0.319015 0.234146
0 0 0 0 2.2995 0.319015 0.234146
0 0 0 0 2.2995 0.319015 0.234146
0 0 0 0 2.2995 0.319015 0.234146
0 0 0 0 2.2995 0.319015 0.234146
0 0 0 0 2.2995 0.319015 0.234146
0 0 0 0 2.2995 0.319015 0.234146
0 0 0 0 2.2995 0.319015 0.234146
0 0 0 0 2.2995 0.319015 0.234146
0 0 0 0 2.2995 0.319015 0.234146
0 0 0 0 2.2995 0.319015 0.234146
0 0 0 0 2.2995 0.319015 0.234146
0 0 0 0 2.2995 0.319015 0.234146
0 0 0 0 2.2995 0.319015 0.234146
0 0 0 0 2.2995 0.319015 0.234146
0 0 0 0 2.2995 0.319015 0.234146
0 0 0 0 2.2995 0.319015 0.234146
0 0 0 0 2.2995 0.319015 0.234146
0 0 0 0 2.2995 0.319015 0.234146
0 0 0 0 2.2995 0.319015 0.234146
0 0 0 0 2.2995 0.319015 0.234146
0.0181796 0.0756294 0 0 2.31768 0.319015 0.234146
0 0 0 0 2.31768 0.319015 0.234146
0.0269421 0.309444 0 0 2.34462 0.319015 0.234146
0 0 0 0 2.34462 0.319015 0.234146
0.0373668 0.0155602 0 0 2.36018 0.319015 0.234146
0 0 0 0 2.36018 0.319015 0.234146
0 0 0 0 2.36018 0.319015 0.234146
0 0 0 0 2.36018 0.319015 0.234146
0.0322416 0.0241742 0 0 2.38436 0.319015 0.234146
0 0 0 0 2.38436 0.319015 0.234146
0 0 0 0 2.38436 0.319015 0.234146
0 0 0 0 2.38436 0.319015 0.234146
0 0 0 0 2.38436 0.319015 0.234146
0 0 0 0 2.38436 0.319015 0.234146
0 0 0 0 2.38436 0.319015 0.234146
0 0 0 0 2.38436 0.319015 0.234146
0 0 0 0 2.38436 0.319015 0.234146
0 0 0 0 2.38436 0.319015 0.234146
0 0 0 0 2.38436 0.319015 0.234146
0 0 0 0 2.38436 0.319015 0.234146
0 0 0 0 2.38436 0.319015 0.234146
0 0 0 0 2.38436 0.319015 0.234146
0 0 0 0 2.38436 0.319015 0.234146
0 0 0 0 2.38436 0.319015 0.234146
0 0 0 0 2.38436 0.319015 0.234146
0 0 0 0 2.38436 0.319015 0.234146
0 0 0 0 2.38436 0.319015 0.234146
0 0 0 0 2.38436 0.319015 0.234146
0.0836992 0.376783 0.0575922 0.0505149 2.46806 0.36953 0.234146
0 0 0 0 2.46806 0.36953 0.234146
0 0 0 0 2.46806 0.36953 0.234146
0 0 0 0 2.46806 0.36953 0.234146
0 0 0 0 2.46806 0.36953 0.234146
0 0 0 0 2.46806 0.36953 0.234146
0 0 0 0 2.46806 0.36953 0.234146
0 0 0 0 2.46806 0.36953 0.234146
0 0 0 0 2.46806 0.36953 0.234146
0 0 0 0 2.46806 0.36953 0.234146
0 0 0 0 2.46806 0.36953 0.234146
0 0 0 0 2.46806 0.36953 0.234146
0 0 0 0 2.46806 0.36953 0.234146
0 0 0 0 2.46806 0.36953 0.234146
0 0 0 0 2.46806 0.36953 0.234146
0.151332 0.137296 0.0646517 0.381826 2.60535 0.434182 0.234146
0 0 0 0 2.60535 0.434182 0.234146
0 0 0 0 2.60535 0.434182 0.234146
0 0 0 0 2.60535 0.434182 0.234146
0 0 0 0 2.60535 0.434182 0.234146
0 0 0 0 2.60535 0.434182 0.234146
0 0 0 0 2.60535 0.434182 0.234146
0 0 0.078989 0.093871 2.60535 0.513171 0.234146
0 0 0 0 2.60535 0.513171 0.234146
0 0 0 0 2.60535 0.513171 0.234146
0 0 0 0 2.60535 0.513171 0.234146
0 0 0 0 2.60535 0.513171 0.234146
0 0 0 0 2.60535 0.513171 0.234146
0 0 0 0 2.60535 0.513171 0.234146
0 0 0 0 2.60535 0.513171 0.234146
0 0 0 0 2.60535 0.513171 0.234146
0 0 0 0 2.60535 0.513171 0.234146
0 0 0 0 2.60535 0.513171 0.234146
0 0 0 0 2.60535 0.513171 0.234146
0 0 0 0 2.60535 0.513171 0.234146
0 0 0 0 2.60535 0.513171 0.234146
0 0 0 0 2.60535 0.513171 0.234146
0 0 0 0 2.60535 0.513171 0.234146
0 0 0 0 2.60535 0.513171 0.234146
0 0 0 0 2.60535 0.513171 0.234146
0 0 0 0 2.60535 0.513171 0.234146
0.0443887 0.123049 0 0 2.64974 0.513171 0.234146
0 0 0 0 2.64974 0.513171 0.234146
0.0646305 0.0902975 0 0 2.71437 0.513171 0.234146
0 0 0 0 2.71437 0.513171 0.234146
0 0 0 0 2.71437 0.513171 0.234146
0 0 0 0 2.71437 0.513171 0.234146
0 0 0 0 2.71437 0.513171 0.234146
0 0 0 0 2.71437 0.513171 0.234146
0 0 0 0 2.71437 0.513171 0.234146
0 0 0 0 2.71437 0.513171 0.234146
0 0 0 0 2.71437 0.513171 0.234146
0 0 0 0 2.71437 0.513171 0.234146
0 0 0 0 2.71437 0.513171 0.234146
0 0 0 0 2.71437 0.513171 0.234146
0 0 0 0 2.71437 0.513171 0.234146
0 0 0 0 2.71437 0.513171 0.234146
0 0 0 0 2.71437 0.513171 0.234146
0 0 0 0 2.71437 0.513171 0.234146
0 0 0 0 2.71437 0.513171 0.234146
0 0 0 0 2.71437 0.513171 0.234146
0 0 0 0 2.71437 0.513171 0.234146
0 0 0 0 2.71437 0.513171 0.234146
0 0 0 0 2.71437 0.513171 0.234146
0 0 0 0 2.71437 0.513171 0.234146
0 0 0 0 2.71437 0.513171 0.234146
0 0 0 0 2.71437 0.513171 0.234146
0 0 0 0 2.71437 0.513171 0.234146
0 0 0 0 2.71437 0.513171 0.234146
0 0 0 0 2.71437 0.513171 0.234146
0 0 0 0 2.71437 0.513171 0.234146
0 0 0 0 2.71437 0.513171 0.234146
0 0 0 0 2.71437 0.513171 0.234146
0 0 0 0 2.71437 0.513171 0.234146
0 0 0 0 2.71437 0.513171 0.234146
0 0 0 0 2.71437 0.513171 0.234146
0 0 0 0 2.71437 0.513171 0.234146
0 0 0 0 2.71437 0.513171 0.234146
0 0 0 0 2.71437 0.513171 0.234146
0 0 0 0 2.71437 0.513171 0.234146
0 0 0 0 2.71437 0.513171 0.234146
0 0 0 0 2.71437 0.513171 0.234146
0 0 0 0 2.71437 0.513171 0.234146
0 0 0 0 2.71437 0.513171 0.234146
0 0 0 0 2.71437 0.513171 0.234146
0 0 0 0 2.71437 0.513171 0.234146
0 0 0 0 2.71437 0.513171 0.234146
0 0 0 0 2.71437 0.513171 0.234146
0 0 0 0 2.71437 0.513171 0.234146
0 0 0 0 2.71437 0.513171 0.234146
0 0 0 0 2.71437 0.513171 0.234146
0 0 0 0 2.71437 0.513171 0.234146
0 0 0 0 2.71437 0.513171 0.234146
0.529427 0.355162 0 0 3.06953 0.513171 0.234146
0 0 0 0 3.06953 0.513171 0.234146
0 0 0 0 3.06953 0.513171 0.234146
0 0 0 0 3.06953 0.513171 0.234146
0 0 0 0 3.06953 0.513171 0.234146
0 0 0 0 3.06953 0.513171 0.234146
0 0 0 0 3.06953 0.513171 0.234146
0 0 0 0 3.06953 0.513171 0.234146
0 0 0 0 3.06953 0.513171 0.234146
0 0 0 0 3.06953 0.513171 0.234146
0 0 0 0 3.06953 0.513171 0.234146
0 0 0 0 3.06953 0.513171 0.234146
0 0 0 0 3.06953 0.513171 0.234146
0 0 0 0 3.06953 0.513171 0.234146
0 0 0 0 3.06953 0.513171 0.234146
0 0 0 0 3.06953 0.513171 0.234146
0 0 0 0 3.06953 0.513171 0.234146
0 0 0 0 3.06953 0.513171 0.234146
0 0 0 0 3.06953 0.513171 0.234146
0 0 0 0 3.06953 0.513171 0.234146
0 0 0 0 3.06953 0.513171 0.234146
0 0 0 0 3.06953 0.513171 0.234146
0 0 0 0 3.06953 0.513171 0.234146
0 0 0 0 3.06953 0.513171 0.234146
0 0 0 0 3.06953 0.513171 0.234146
0 0 0 0 3.06953 0.513171 0.234146
0 0 0 0 3.06953 0.513171 0.234146
0 0 0 0 3.06953 0.513171 0.234146
0 0 0 0 3.06953 0.513171 0.234146
0 0 0 0 3.06953 0.513171 0.234146
0 0 0 0 3.06953 0.513171 0.234146
0 0 0 0 3.06953 0.513171 0.234146
0 0 0 0 3.06953 0.513171 0.234146
0 0 0 0 3.06953 0.513171 0.234146
0 0 0 0 3.06953 0.513171 0.234146
0 0 0 0 3.06953 0.513171 0.234146
0 0 0 0 3.06953 0.513171 0.234146
0.0408775 0.141712 0 0 3.11041 0.513171 0.234146
0 0 0 0 3.11041 0.513171 0.234146
0 0 0 0 3.11041 0.513171 0.234146
0 0 0 0 3.11041 0.513171 0.234146
0 0 0 0 3.11041 0.513171 0.234146
0 0 0 0 3.11041 0.513171 0.234146
0 0 0 0 3.11041 0.513171 0.234146
0 0 0 0 3.11041 0.513171 0.234146
0 0 0 0 3.11041 0.513171 0.234146
0 0 0 0 3.11041 0.513171 0.234146
0 0 0 0 3.11041 0.513171 0.234146
0 0 0 0 3.11041 0.513171 0.234146
0 0 0 0 3.11041 0.513171 0.234146
0 0 0 0 3.11041 0.513171 0.234146
0 0 0 0 3.11041 0.513171 0.234146
0 0 0 0 3.11041 0.513171 0.234146
0 0 0 0 3.11041 0.513171 0.234146
0 0 0 0 3.11041 0.513171 0.234146
0 0 0 0 3.11041 0.513171 0.234146
0 0 0 0 3.11041 0.513171 0.234146
0 0 0 0 3.11041 0.513171 0.234146
0 0 0 0 3.11041 0.513171 0.234146
0 0 0 0 3.11041 0.513171 0.234146
0 0 0 0 3.11041 0.513171 0.234146
0 0 0 0 3.11041 0.513171 0.234146
0 0 0 0 3.11041 0.513171 0.234146
0 0 0 0 3.11041 0.513171 0.234146
0 0 0 0 3.11041 0.513171 0.234146
0 0 0 0 3.11041 0.513171 0.234146
0 0 0 0 3.11041 0.513171 0.234146
0 0 0 0 3.11041 0.513171 0.234146
0 0 0 0 3.11041 0.513171 0.234146
0 0 0 0 3.11041 0.513171 0.234146
0 0 0 0 3.11041 0.513171 0.234146
0 0 0 0 3.11041 0.513171 0.234146
0 0 0 0 3.11041 0.513171 0.234146
0 0 0 0 3.11041 0.513171 0.234146
0 0 0 0 3.11041 0.513171 0.234146
0 0 0 0 3.11041 0.513171 0.234146
0 0 0 0 3.11041 0.513171 0.234146
0 0 0 0 3.11041 0.513171 0.234146
0 0 0 0 3.11041 0.513171 0.234146
0 0 0 0 3.11041 0.513171 0.234146
0 0 0 0 3.11041 0.513171 0.234146
0 0 0 0 3.11041 0.513171 0.234146
0 0 0 0 3.11041 0.513171 0.234146
0 0 0 0 3.11041 0.513171 0.234146
0 0 0 0 3.11041 0.513171 0.234146
0 0 0 0 3.11041 0.513171 0.234146
0 0 0 0 3.11041 0.513171 0.234146
0 0 0 0 3.11041 0.513171 0.234146
0 0 0 0 3.11041 0.513171 0.234146
0 0 0 0 3.11041 0.513171 0.234146
0 0 0 0 3.11041 0.513171 0.234146
0 0 0 0 3.11041 0.513171 0.234146
0 0 0 0 3.11041 0.513171 0.234146
0 0 0 0 3.11041 0.513171 0.234146
0 0 0 0 3.11041 0.513171 0.234146
0 0 0 0 3.11041 0.513171 0.234146
0 0 0 0 3.11041 0.513171 0.234146
0 0 0 0 3.11041 0.513171 0.234146
0 0 0 0 3.11041 0.513171 0.234146
0 0 0 0 3.11041 0.513171 0.234146
0 0 0 0 3.11041 0.513171 0.234146
0 0 0 0 3.11041 0.513171 0.234146
0.0652102 0.228513 0 0 3.17562 0.513171 0.188638
0 0 0.0952191 0.556444 3.17562 0.60839 0.188638
0 0 0 0 3.17562 0.60839 0.188638
0 0 0 0 3.17562 0.60839 0.188638
0 0 0 0 3.17562 0.60839 0.188638
0 0 0 0 3.17562 0.60839 0.188638
0 0 0 0 3.17562 0.60839 0.188638
0 0 0 0 3.17562 0.60839 0.188638
0 0 0 0 3.17562 0.60839 0.188638
0.0323755 0.22605 0 0 3.208 0.60839 0.188638
0 0 0 0 3.208 0.60839 0.174224
0 0 0 0 3.208 0.60839 0.174224
0 0 0 0 3.208 0.60839 0.174224
0 0 0 0 3.208 0.60839 0.174224
0.0450992 0.185213 0 0 3.2531 0.60839 0.174224
0 0 0 0 3.2531 0.60839 0.174224
0 0 0 0 3.2531 0.60839 0.174224
0 0 0 0 3.2531 0.60839 0.174224
0 0 0 0 3.2531 0.60839 0.174224
0 0 0 0 3.2531 0.60839 0.174224
0 0 0 0 3.2531 0.60839 0.174224
0 0 0 0 3.2531 0.60839 0.174224
0 0 0 0 3.2531 0.60839 0.174224
0.0339798 0.0101681 0 0 3.26326 0.60839 0.174224
0.378877 0.163913 0 0 3.42718 0.60839 0.174224
0 0 0 0 3.42718 0.60839 0.174224
0 0 0 0 3.42718 0.60839 0.174224
0 0 0 0 3.42718 0.60839 0.174224
0.052401 0.783747 0 0 3.47958 0.60839 0.174224
0 0 0 0 3.47958 0.60839 0.174224
0.168459 0.201262 0 0 3.64804 0.60839 0.174224
0 0 0 0 3.64804 0.60839 0.174224
0 0 0 0 3.64804 0.60839 0.174224
0.0146846 0.290943 0 0 3.66272 0.60839 0.174224
0 0 0 0 3.66272 0.60839 0.174224
0 0 0 0 3.66272 0.60839 0.174224
0 0 0 0 3.66272 0.60839 0.174224
0 0 0 0 3.66272 0.60839 0.174224
0.0656372 0.768046 0 0 3.72836 0.60839 0.174224
0 0 0 0 3.72836 0.60839 0.174224
0 0 0 0 3.72836 0.60839 0.174224
0 0 0 0 3.72836 0.60839 0.174224
0 0 0 0 3.72836 0.60839 0.174224
0 0 0 0 3.72836 0.60839 0.174224
0 0 0 0 3.72836 0.60839 0.174224
0 0 0 0 3.72836 0.60839 0.174224
0 0 0 0 3.72836 0.60839 0.174224
0 0 0 0 3.72836 0.60839 0.174224
0 0 0 0 3.72836 0.60839 0.174224
0 0 0 0 3.72836 0.60839 0.174224
0 0 0 0 3.72836 0.60839 0.174224
0 0 0 0 3.72836 0.60839 0.174224
0 0 0 0 3.72836 0.60839 0.174224
0 0 0 0 3.72836 0.60839 0.174224
0 0 0 0 3.72836 0.60839 0.174224
0 0 0 0 3.72836 0.60839 0.174224
0 0 0 0 3.72836 0.60839 0.174224
0 0 0 0 3.72836 0.60839 0.174224
0 0 0 0 3.72836 0.60839 0.174224
0 0 0 0 3.72836 0.60839 0.174224
0 0 0 0 3.72836 0.60839 0.174224
0 0 0 0 3.72836 0.60839 0.174224
0 0 0 0 3.72836 0.60839 0.174224
0 0 0 0 3.72836 0.60839 0.174224
0 0 0 0 3.72836 0.60839 0.174224
0 0 0 0 3.72836 0.60839 0.174224
0 0 0 0 3.72836 0.60839 0.174224
0 0 0 0 3.72836 0.60839 0.174224
0 0 0 0 3.72836 0.60839 0.174224
0 0 0 0 3.72836 0.60839 0.174224
0 0 0 0 3.72836 0.60839 0.174224
0 0 0 0 3.72836 0.60839 0.174224
0 0 0 0 3.72836 0.60839 0.174224
0 0 0 0 3.72836 0.60839 0.174224
0 0 0 0 3.72836 0.60839 0.174224
0 0 0 0 3.72836 0.60839 0.174224
0 0 0 0 3.72836 0.60839 0.174224
0 0 0 0 3.72836 0.60839 0.174224
0 0 0 0 3.72836 0.60839 0.174224
0 0 0 0 3.72836 0.60839 0.174224
0 0 0 0 3.72836 0.60839 0.174224
0 0 0 0 3.72836 0.60839 0.174224
0 0 0 0 3.72836 0.60839 0.174224
0 0 0 0 3.72836 0.60839 0.174224
0 0 0 0 3.72836 0.60839 0.174224
0 0 0 0 3.72836 0.60839 0.174224
0 0 0 0 3.72836 0.60839 0.174224
0 0 0 0 3.72836 0.60839 0.174224
0 0 0 0 3.72836 0.60839 0.174224
0 0 0 0 3.72836 0.60839 0.174224
0 0 0 0 3.72836 0.60839 0.174224
0 0 0 0 3.72836 0.60839 0.174224
0.166014 0.545599 0 0 3.89437 0.60839 0.174224
0 0 0 0 3.89437 0.60839 0.174224
0 0 0 0 3.89437 0.60839 0.174224
0 0 0 0 3.89437 0.60839 0.174224
0 0 0 0 3.89437 0.60839 0.174224
0 0 0 0 3.89437 0.60839 0.174224
0 0 0 0 3.89437 0.60839 0.174224
0 0 0 0 3.89437 0.60839 0.174224
0.331493 0.249263 0 0 4.14364 0.60839 0.174224
0.0133956 0.267561 0 0 4.15703 0.60839 0.174224
0 0 0 0 4.15703 0.60839 0.174224
0 0 0 0 4.15703 0.60839 0.174224
0 0 0 0 4.15703 0.60839 0.174224
0 0 0 0 4.15703 0.60839 0.174224
0 0 0 0 4.15703 0.60839 0.174224
0 0 0 0 4.15703 0.60839 0.174224
0 0 0 0 4.15703 0.60839 0.174224
0 0 0 0 4.15703 0.60839 0.174224
0 0 0 0 4.15703 0.60839 0.174224
0 0 0 0 4.15703 0.60839 0.174224
0 0 0 0 4.15703 0.60839 0.174224
0 0 0 0 4.15703 0.60839 0.174224
0 0 0 0 4.15703 0.60839 0.174224
0 0 0 0 4.15703 0.60839 0.174224
0 0 0 0 4.15703 0.60839 0.174224
0 0 0 0 4.15703 0.60839 0.174224
0 0 0 0 4.15703 0.60839 0.174224
0 0 0 0 4.15703 0.60839 0.174224
0 0 0 0 4.15703 0.60839 0.174224
0 0 0 0 4.15703 0.60839 0.174224
0 0 0 0 4.15703 0.60839 0.174224
0 0 0 0 4.15703 0.60839 0.174224
0 0 0 0 4.15703 0.60839 0.174224
0 0 0 0 4.15703 0.60839 0.174224
0 0 0 0 4.15703 0.60839 0.174224
0 0 0 0 4.15703 0.60839 0.174224
0 0 0 0 4.15703 0.60839 0.174224
0.0236284 0.728346 0 0 4.18066 0.60839 0.174224
0 0 0 0 4.18066 0.60839 0.174224
0 0 0 0 4.18066 0.60839 0.174224
0 0 0 0 4.18066 0.60839 0.174224
0 0 0 0 4.18066 0.60839 0.174224
0 0 0 0 4.18066 0.60839 0.174224
0 0 0 0 4.18066 0.60839 0.174224
0 0 0 0 4.18066 0.60839 0.174224
0 0 0 0 4.18066 0.60839 0.174224
0 0 0 0 4.18066 0.60839 0.174224
0 0 0 0 4.18066 0.60839 0.174224
0 0 0 0 4.18066 0.60839 0.174224
0 0 0 0 4.18066 0.60839 0.174224
0.0761397 0.075546 0 0 4.25621 0.60839 0.174224
0 0 0 0 4.25621 0.60839 0.174224
0 0 0 0 4.25621 0.60839 0.174224
0 0 0 0 4.25621 0.60839 0.174224
0 0 0 0 4.25621 0.60839 0.174224
0.0474578 0.245832 0 0 4.30366 0.60839 0.174224
0 0 0 0 4.30366 0.60839 0.174224
0 0 0 0 4.30366 0.60839 0.174224
0 0 0 0 4.30366 0.60839 0.174224
0 0 0 0 4.30366 0.60839 0.174224
0 0 0 0 4.30366 0.60839 0.174224
0 0 0 0 4.30366 0.60839 0.174224
0 0 0 0 4.30366 0.60839 0.174224
0 0 0 0 4.30366 0.60839 0.174224
0 0 0 0 4.30366 0.60839 0.174224
0 0 0 0 4.30366 0.60839 0.174224
0 0 0 0 4.30366 0.60839 0.174224
0 0 0 0 4.30366 0.60839 0.174224
0 0 0 0 4.30366 0.60839 0.174224
0.0462596 0.0810161 0 0 4.34992 0.60839 0.174224
0 0 0 0 4.34992 0.60839 0.174224
0 0 0 0 4.34992 0.60839 0.174224
0.13013 0.519589 0.0172357 0.76388 4.48005 0.625626 0.174224
0 0 0 0 4.48005 0.625626 0.174224
0 0 0 0 4.48005 0.625626 0.174224
0 0 0 0 4.48005 0.625626 0.174224
0 0 0 0 4.48005 0.625626 0.174224
0 0 0 0 4.48005 0.625626 0.174224
0 0 0 0 4.48005 0.625626 0.174224
0 0 0 0 4.48005 0.625626 0.174224
0 0 0 0 4.48005 0.625626 0.174224
0.0970221 0.631496 0 0 4.57708 0.625626 0.147989
0 0 0 0 4.57708 0.625626 0.147989
0 0 0 0 4.57708 0.625626 0.147989
0 0 0 0 4.57708 0.625626 0.147989
0 0 0 0 4.57708 0.625626 0.147989
0 0 0 0 4.57708 0.625626 0.147989
0 0 0 0 4.57708 0.625626 0.147989
0 0 0 0 4.57708 0.625626 0.147989
0 0 0 0 4.57708 0.625626 0.147989
0 0 0 0 4.57708 0.625626 0.147989
0 0 0 0 4.57708 0.625626 0.147989
0 0 0 0 4.57708 0.625626 0.147989
0 0 0 0 4.57708 0.625626 0.147989
0 0 0 0 4.57708 0.625626 0.147989
0 0 0 0 4.57708 0.625626 0.147989
0 0 0 0 4.57708 0.625626 0.147989
0.0305989 0.153613 0 0 4.60767 0.625626 0.147989
0.361639 0.616834 0 0 4.96931 0.625626 0.147989
0 0 0 0 4.96931 0.625626 0.147989
0 0 0 0 4.96931 0.625626 0.147989
0 0 0 0 4.96931 0.625626 0.147989
0 0 0 0 4.96931 0.625626 0.147989
0 0 0 0 4.96931 0.625626 0.147989
0 0 0 0 4.96931 0.625626 0.147989
0 0 0 0 4.96931 0.625626 0.147989
0 0 0 0 4.96931 0.625626 0.147989
0 0 0 0 4.96931 0.625626 0.147989
0 0 0 0 4.96931 0.625626 0.147989
0 0 0 0 4.96931 0.625626 0.147989
0 0 0 0 4.96931 0.625626 0.147989
0 0 0 0 4.96931 0.625626 0.147989
0 0 0 0 4.96931 0.625626 0.147989
0 0 0 0 4.96931 0.625626 0.147989
0 0 0 0 4.96931 0.625626 0.147989
0 0 0 0 4.96931 0.625626 0.147989
0 0 0 0 4.96931 0.625626 0.147989
0 0 0 0 4.96931 0.625626 0.147989
0 0 0 0 4.96931 0.625626 0.147989
0 0 0 0 4.96931 0.625626 0.147989
0 0 0 0 4.96931 0.625626 0.147989
0 0 0 0 4.96931 0.625626 0.147989
0 0 0 0 4.96931 0.625626 0.147989
0 0 0 0 4.96931 0.625626 0.147989
0 0 0 0 4.96931 0.625626 0.147989
0 0 0 0 4.96931 0.625626 0.147989
0 0 0 0 4.96931 0.625626 0.147989
0 0 0 0 4.96931 0.625626 0.147989
0 0 0 0 4.96931 0.625626 0.147989
0.112091 0.141295 0.0507788 0.790514 5.0814 0.676404 0.145459
0 0 0 0 5.0814 0.676404 0.145459
0 0 0 0 5.0814 0.676404 0.145459
0 0 0 0 5.0814 0.676404 0.145459
0 0 0 0 5.0814 0.676404 0.145459
0 0 0 0 5.0814 0.676404 0.145459
0 0 0 0 5.0814 0.676404 0.145459
0 0 0 0 5.0814 0.676404 0.145459
0 0 0 0 5.0814 0.676404 0.145459
0 0 0 0 5.0814 0.676404 0.145459
0 0 0 0 5.0814 0.676404 0.145459
0 0 0 0 5.0814 0.676404 0.145459
0 0 0 0 5.0814 0.676404 0.145459
0.429938 0.376745 0 0 5.45815 0.676404 0.145459
0.0263495 0.335043 0 0 5.4845 0.676404 0.145459
0 0 0 0 5.4845 0.676404 0.145459
0 0 0 0 5.4845 0.676404 0.145459
0 0 0 0 5.4845 0.676404 0.145459
0 0 0 0 5.4845 0.676404 0.145459
0 0 0 0 5.4845 0.676404 0.145459
0 0 0 0 5.4845 0.676404 0.145459
0.236464 0.405311 0 0 5.72096 0.676404 0.145459
0 0 0 0 5.72096 0.676404 0.145459
0 0 0 0 5.72096 0.676404 0.145459
0 0 0 0 5.72096 0.676404 0.145459
0.269462 0.1262 0 0 5.84716 0.676404 0.145459
0 0 0 0 5.84716 0.676404 0.145459
0 0 0 0 5.84716 0.676404 0.145459
0.102877 0.0940503 0 0 5.94121 0.676404 0.145459
0 0 0 0 5.94121 0.676404 0.145459
0 0 0 0 5.94121 0.676404 0.145459
0 0 0 0 5.94121 0.676404 0.145459
0 0 0 0 5.94121 0.676404 0.145459
0 0 0 0 5.94121 0.676404 0.132992
0 0 0 0 5.94121 0.676404 0.132992
0 0 0 0 5.94121 0.676404 0.132992
0 0 0 0 5.94121 0.676404 0.132992
0 0 0 0 5.94121 0.676404 0.132992
0 0 0 0 5.94121 0.676404 0.132992
0 0 0 0 5.94121 0.676404 0.132992
0 0 0 0 5.94121 0.676404 0.132992
0 0 0 0 5.94121 0.676404 0.132992
0 0 0 0 5.94121 0.676404 0.132992
0 0 0 0 5.94121 0.676404 0.132992
0 0 0 0 5.94121 0.676404 0.132992
0 0 0 0 5.94121 0.676404 0.132992
0 0 0 0 5.94121 0.676404 0.132992
0 0 0 0 5.94121 0.676404 0.132992
0 0 0 0 5.94121 0.676404 0.132992
0 0 0 0 5.94121 0.676404 0.132992
0 0 0 0 5.94121 0.676404 0.132992
0 0 0 0 5.94121 0.676404 0.132992
0 0 0 0 5.94121 0.676404 0.132992
0 0 0 0 5.94121 0.676404 0.132992
0 0 0 0 5.94121 0.676404 0.132992
0.220555 0.387646 0 0 6.16177 0.676404 0.132992
0 0 0 0 6.16177 0.676404 0.132992
0 0 0 0 6.16177 0.676404 0.132992
0 0 0 0 6.16177 0.676404 0.132992
0 0 0 0 6.16177 0.676404 0.132992
0 0 0 0 6.16177 0.676404 0.132992
0 0 0 0 6.16177 0.676404 0.132992
0 0 0 0 6.16177 0.676404 0.132992
0 0 0 0 6.16177 0.676404 0.132992
0 0 0 0 6.16177 0.676404 0.132992
0.206023 0.414575 0 0 6.36779 0.676404 0.132992
0 0 0 0 6.36779 0.676404 0.132992
0 0 0 0 6.36779 0.676404 0.132992
0 0 0 0 6.36779 0.676404 0.132992
0 0 0 0 6.36779 0.676404 0.132992
0 0 0 0 6.36779 0.676404 0.132992
0 0 0 0 6.36779 0.676404 0.132992
0 0 0 0 6.36779 0.676404 0.132992
0 0 0 0 6.36779 0.676404 0.132992
0 0 0 0 6.36779 0.676404 0.132992
0 0 0 0 6.36779 0.676404 0.132992
0 0 0 0 6.36779 0.676404 0.132992
0 0 0 0 6.36779 0.676404 0.132992
0 0 0 0 6.36779 0.676404 0.132992
0 0 0 0 6.36779 0.676404 0.132992
0 0 0 0 6.36779 0.676404 0.132992
0.16225 0.152461 0 0 6.52025 0.676404 0.132992
0 0 0 0 6.52025 0.676404 0.132992
0 0 0 0 6.52025 0.676404 0.132992
0 0 0 0 6.52025 0.676404 0.132992
0.360168 0.250139 0 0 6.77039 0.676404 0.132992
0 0 0 0 6.77039 0.676404 0.132992
0 0 0 0 6.77039 0.676404 0.132992
0.0261642 0.788523 0 0 6.79655 0.676404 0.132992
0 0 0 0 6.79655 0.676404 0.132992
0 0 0 0 6.79655 0.676404 0.132992
0 0 0 0 6.79655 0.676404 0.132992
0 0 0 0 6.79655 0.676404 0.132992
0 0 0 0 6.79655 0.676404 0.132992
0 0 0 0 6.79655 0.676404 0.132992
0 0 0 0 6.79655 0.676404 0.132992
0 0 0 0 6.79655 0.676404 0.132992
0 0 0 0 6.79655 0.676404 0.132992
0 0 0 0 6.79655 0.676404 0.132992
0 0 0 0 6.79655 0.676404 0.132992
0 0 0 0 6.79655 0.676404 0.132992
0 0 0 0 6.79655 0.676404 0.132992
0 0 0 0 6.79655 0.676404 0.132992
0 0 0 0 6.79655 0.676404 0.132992
0 0 0 0 6.79655 0.676404 0.132992
0 0 0 0 6.79655 0.676404 0.132992
0 0 0 0 6.79655 0.676404 0.132992
0 0 0 0 6.79655 0.676404 0.132992
0 0 0 0 6.79655 0.676404 0.132992
0 0 0 0 6.79655 0.676404 0.132992
0 0 0 0 6.79655 0.676404 0.132992
0 0 0 0 6.79655 0.676404 0.132992
0 0 0 0 6.79655 0.676404 0.132992
0.091809 0.0934999 0 0 6.88836 0.676404 0.132992
0 0 0 0 6.88836 0.676404 0.132992
0 0 0 0 6.88836 0.676404 0.132992
0 0 0 0 6.88836 0.676404 0.132992
0 0 0 0 6.88836 0.676404 0.132992
0 0 0 0 6.88836 0.676404 0.132992
0 0 0 0 6.88836 0.676404 0.132992
0.0219962 0.014781 0 0 6.90314 0.676404 0.132992
0 0 0 0 6.90314 0.676404 0.132992
0 0 0 0 6.90314 0.676404 0.132992
0 0 0 0 6.90314 0.676404 0.132992
0 0 0 0 6.90314 0.676404 0.132992
0 0 0 0 6.90314 0.676404 0.132992
0 0 0 0 6.90314 0.676404 0.132992
0 0 0 0 6.90314 0.676404 0.132992
0 0 0 0 6.90314 0.676404 0.132992
0 0 0 0 6.90314 0.676404 0.132992
0 0 0 0 6.90314 0.676404 0.132992
0 0 0 0 6.90314 0.676404 0.132992
0 0 0 0 6.90314 0.676404 0.132992
0 0 0 0 6.90314 0.676404 0.132992
0 0 0 0 6.90314 0.676404 0.132992
0 0 0 0 6.90314 0.676404 0.132992
0 0 0 0 6.90314 0.676404 0.132992
0 0 0 0 6.90314 0.676404 0.132992
0 0 0 0 6.90314 0.676404 0.132992
0 0 0 0 6.90314 0.676404 0.132992
0 0 0 0 6.90314 0.676404 0.132992
0 0 0 0 6.90314 0.676404 0.132992
0 0 0 0 6.90314 0.676404 0.132992
0 0 0 0 6.90314 0.676404 0.132992
0 0 0 0 6.90314 0.676404 0.132992
0 0 0 0 6.90314 0.676404 0.132992
0 0 0 0 6.90314 0.676404 0.132992
0 0 0 0 6.90314 0.676404 0.132992
0 0 0 0 6.90314 0.676404 0.132992
0 0 0 0 6.90314 0.676404 0.132992
0 0 0 0 6.90314 0.676404 0.132992
0 0 0 0 6.90314 0.676404 0.132992
0 0 0 0 6.90314 0.676404 0.132992
0 0 0 0 6.90314 0.676404 0.132992
0 0 0 0 6.90314 0.676404 0.132992
0 0 0 0 6.90314 0.676404 0.132992
0 0 0 0 6.90314 0.676404 0.132992
0 0 0 0 6.90314 0.676404 0.132992
0 0 0 0 6.90314 0.676404 0.132992
0 0 0 0 6.90314 0.676404 0.132992
0 0 0 0 6.90314 0.676404 0.132992
0 0 0 0 6.90314 0.676404 0.132992
0 0 0 0 6.90314 0.676404 0.132992
0 0 0 0 6.90314 0.676404 0.132992
0 0 0 0 6.90314 0.676404 0.132992
0 0 0 0 6.90314 0.676404 0.132992
0 0 0 0 6.90314 0.676404 0.132992
0 0 0 0 6.90314 0.676404 0.132992
0 0 0 0 6.90314 0.676404 0.132992
0 0 0 0 6.90314 0.676404 0.132992
0 0 0 0 6.90314 0.676404 0.132992
0 0 0 0 6.90314 0.676404 0.132992
0 0 0 0 6.90314 0.676404 0.132992
0 0 0 0 6.90314 0.676404 0.132992
0 0 0 0 6.90314 0.676404 0.132992
0 0 0 0 6.90314 0.676404 0.132992
0 0 0 0 6.90314 0.676404 0.132992
0 0 0 0 6.90314 0.676404 0.132992
0 0 0 0 6.90314 0.676404 0.132992
0 0 0 0 6.90314 0.676404 0.132992
0 0 0 0 6.90314 0.676404 0.132992
0 0 0 0 6.90314 0.676404 0.132992
0 0 0 0 6.90314 0.676404 0.132992
0 0 0 0 6.90314 0.676404 0.132992
0 0 0 0 6.90314 0.676404 0.132992
0 0 0 0 6.90314 0.676404 0.132992
0 0 0 0 6.90314 0.676404 0.132992
0 0 0 0 6.90314 0.676404 0.132992
0 0 0 0 6.90314 0.676404 0.132992
0 0 0 0 6.90314 0.676404 0.132992
0 0 0 0 6.90314 0.676404 0.132992
0 0 0 0 6.90314 0.676404 0.132992
0 0 0 0 6.90314 0.676404 0.132992
0 0 0 0 6.90314 0.676404 0.132992
0 0 0 0 6.90314 0.676404 0.132992
0 0 0 0 6.90314 0.676404 0.132992
0 0 0 0 6.90314 0.676404 0.132992
0 0 0 0 6.90314 0.676404 0.132992
0 0 0 0 6.90314 0.676404 0.132992
0.212322 0.320023 0 0 7.11547 0.676404 0.132992
0 0 0 0 7.11547 0.676404 0.132992
0 0 0 0 7.11547 0.676404 0.132992
0 0 0 0 7.11547 0.676404 0.132992
0 0 0 0 7.11547 0.676404 0.132992
0 0 0 0 7.11547 0.676404 0.132992
0 0 0 0 7.11547 0.676404 0.132992
0.111466 0.0747419 0 0 7.19021 0.676404 0.132992
0 0 0 0 7.19021 0.676404 0.132992
0 0 0 0 7.19021 0.676404 0.132992
0 0 0 0 7.19021 0.676404 0.132992
0 0 0 0 7.19021 0.676404 0.132992
0 0 0 0 7.19021 0.676404 0.132992
0 0 0 0 7.19021 0.676404 0.132992
0 0 0 0 7.19021 0.676404 0.132992
0 0 0 0 7.19021 0.676404 0.132992
0.276329 0.222828 0 0 7.41304 0.676404 0.132992
0 0 0 0 7.41304 0.676404 0.132992
0 0 0 0 7.41304 0.676404 0.132992
0 0 0 0 7.41304 0.676404 0.132992
0 0 0 0 7.41304 0.676404 0.132992
0 0 0 0 7.41304 0.676404 0.132992
0 0 0 0 7.41304 0.676404 0.132992
0 0 0 0 7.41304 0.676404 0.132992
0 0 0 0 7.41304 0.676404 0.132992
0 0 0 0 7.41304 0.676404 0.132992
0 0 0 0 7.41304 0.676404 0.132992
0 0 0 0 7.41304 0.676404 0.132992
0 0 0 0 7.41304 0.676404 0.132992
0 0 0 0 7.41304 0.676404 0.132992
0 0 0 0 7.41304 0.676404 0.132992
0 0 0 0 7.41304 0.676404 0.132992
0 0 0 0 7.41304 0.676404 0.132992
0 0 0 0 7.41304 0.676404 0.132992
0 0 0 0 7.41304 0.676404 0.132992
0 0 0 0 7.41304 0.676404 0.132992
0 0 0 0 7.41304 0.676404 0.132992
0 0 0 0 7.41304 0.676404 0.132992
0 0 0 0 7.41304 0.676404 0.132992
0.117861 0.0316686 0 0 7.44471 0.676404 0.132992
0.133526 0.156141 0 0 7.57823 0.676404 0.132992
0 0 0 0 7.57823 0.676404 0.132992
0 0 0 0 7.57823 0.676404 0.132992
0 0 0 0 7.57823 0.676404 0.132992
0 0 0 0 7.57823 0.676404 0.132992
0 0 0 0 7.57823 0.676404 0.132992
0 0 0 0 7.57823 0.676404 0.132992
0 0 0 0 7.57823 0.676404 0.132992
0 0 0.13075 0.0290738 7.57823 0.705478 0.132992
0 0 0 0 7.57823 0.705478 0.132992
0 0 0 0 7.57823 0.705478 0.132992
0 0 0 0 7.57823 0.705478 0.132992
0 0 0 0 7.57823 0.705478 0.132992
0 0 0 0 7.57823 0.705478 0.132992
0 0 0 0 7.57823 0.705478 0.132992
0 0 0 0 7.57823 0.705478 0.132992
0 0 0 0 7.57823 0.705478 0.132992
0 0 0 0 7.57823 0.705478 0.132992
0 0 0 0 7.57823 0.705478 0.132992
0 0 0 0 7.57823 0.705478 0.132992
0 0 0 0 7.57823 0.705478 0.132992
0 0 0 0 7.57823 0.705478 0.132992
0 0 0 0 7.57823 0.705478 0.132992
0 0 0 0 7.57823 0.705478 0.132992
0 0 0 0 7.57823 0.705478 0.132992
0.132827 0.0339498 0 0 7.61218 0.705478 0.132992
0 0 0 0 7.61218 0.705478 0.132992
0 0 0 0 7.61218 0.705478 0.132992
0 0 0 0 7.61218 0.705478 0.132992
0 0 0 0 7.61218 0.705478 0.132992
0 0 0 0 7.61218 0.705478 0.132992
0 0 0 0 7.61218 0.705478 0.132992
0 0 0 0 7.61218 0.705478 0.132992
0 0 0 0 7.61218 0.705478 0.132992
0 0 0 0 7.61218 0.705478 0.132992
0 0 0 0 7.61218 0.705478 0.132992
0 0 0 0 7.61218 0.705478 0.132992
