0.0103405 0.0088994 0.294368 0.327445 0.0088994 0.294368 0.361888
0.143692 0.283754 0.156401 0.175019 0.152591 0.450769 0.30539
0.298522 0.27858 0.461899 0.408067 0.431171 0.858837 0.30539
0.456384 0.0351506 0.119676 0.149499 0.466322 0.978513 0.300489
0 0 0 0 0.466322 0.978513 0.300489
0.497293 0.0450687 0 0 0.51139 0.978513 0.300489
0 0 0 0 0.51139 0.978513 0.300489
0 0 0 0 0.51139 0.978513 0.300489
0 0 0 0 0.51139 0.978513 0.300489
0 0 0 0 0.51139 0.978513 0.300489
0 0 0 0 0.51139 0.978513 0.123637
0 0 0 0 0.51139 0.978513 0.123637
0 0 0 0 0.51139 0.978513 0.123637
0 0 0 0 0.51139 0.978513 0.123637
0.111731 0.511688 0 0 0.623122 0.978513 0.123637
0 0 0 0 0.623122 0.978513 0.123637
0 0 0 0 0.623122 0.978513 0.123637
0.122994 0.245003 0 0 0.746115 0.978513 0.123637
0.0877518 0.507693 0 0 0.833867 0.978513 0.123637
0.11006 0.0146582 0 0 0.848525 0.978513 0.123637
0 0 0 0 0.848525 0.978513 0.123637
0 0 0 0 0.848525 0.978513 0.123637
0.287093 0.201741 0 0 1.05027 0.978513 0.123637
0 0 0 0 1.05027 0.978513 0.123637
0 0 0 0 1.05027 0.978513 0.123637
0 0 0 0 1.05027 0.978513 0.123637
0 0 0 0 1.05027 0.978513 0.123637
0.0825168 0.216014 0 0 1.13278 0.978513 0.123637
0 0 0 0 1.13278 0.978513 0.123637
0 0 0 0 1.13278 0.978513 0.123637
0 0 0 0 1.13278 0.978513 0.123637
0 0 0 0 1.13278 0.978513 0.123637
0 0 0 0 1.13278 0.978513 0.123637
0 0 0 0 1.13278 0.978513 0.123637
0 0 0 0 1.13278 0.978513 0.123637
0 0 0 0 1.13278 0.978513 0.123637
0 0 0 0 1.13278 0.978513 0.123637
0 0 0 0 1.13278 0.978513 0.123637
0 0 0 0 1.13278 0.978513 0.123637
0 0 0 0 1.13278 0.978513 0.123637
0 0 0 0 1.13278 0.978513 0.123637
0 0 0 0 1.13278 0.978513 0.123637
0 0 0 0 1.13278 0.978513 0.123637
0 0 0 0 1.13278 0.978513 0.123637
0 0 0 0 1.13278 0.978513 0.123637
0 0 0 0 1.13278 0.978513 0.123637
0 0 0 0 1.13278 0.978513 0.123637
0 0 0 0 1.13278 0.978513 0.123637
0 0 0 0 1.13278 0.978513 0.123637
0 0 0 0 1.13278 0.978513 0.123637
0.453474 0.412341 0 0 1.54512 0.978513 0.123637
0 0 0 0 1.54512 0.978513 0.123637
0 0 0 0 1.54512 0.978513 0.123637
0 0 0 0 1.54512 0.978513 0.123637
0 0 0 0 1.54512 0.978513 0.123637
0 0 0 0 1.54512 0.978513 0.123637
0 0 0 0 1.54512 0.978513 0.123637
0 0 0 0 1.54512 0.978513 0.123637
0 0 0 0 1.54512 0.978513 0.123637
0 0 0 0 1.54512 0.978513 0.123637
0 0 0 0 1.54512 0.978513 0.123637
0 0 0 0 1.54512 0.978513 0.123637
0.704277 0.248773 0 0 1.7939 0.978513 0.123637
0 0 0 0 1.7939 0.978513 0.123637
0.747501 0.467912 0 0 2.26181 0.978513 0.123637
0 0 0 0 2.26181 0.978513 0.123637
0 0 0 0 2.26181 0.978513 0.123637
0 0 0 0 2.26181 0.978513 0.123637
0 0 0 0 2.26181 0.978513 0.123637
0 0 0 0 2.26181 0.978513 0.123637
0.771878 0.463894 0 0 2.7257 0.978513 0.123637
0 0 0 0 2.7257 0.978513 0.123637
0 0 0 0 2.7257 0.978513 0.123637
0 0 0 0 2.7257 0.978513 0.123637
0.133993 0.50542 0 0 2.8597 0.978513 0.123637
0 0 0 0 2.8597 0.978513 0.123637
0 0 0 0 2.8597 0.978513 0.123637
0 0 0 0 2.8597 0.978513 0.123637
0.454855 0.241539 0 0 3.10123 0.978513 0.123637
0 0 0 0 3.10123 0.978513 0.123637
0.52175 0.268697 0 0 3.36993 0.978513 0.123637
0 0 0 0 3.36993 0.978513 0.123637
0.50493 0.253184 0 0 3.62312 0.978513 0.123637
0 0 0 0 3.62312 0.978513 0.123637
0 0 0 0 3.62312 0.978513 0.123637
0 0 0 0 3.62312 0.978513 0.123637
0.487606 0.218257 0 0 3.84137 0.978513 0.123637
0 0 0 0 3.84137 0.978513 0.123637
0 0 0 0 3.84137 0.978513 0.123637
0 0 0 0 3.84137 0.978513 0.123637
0 0 0 0 3.84137 0.978513 0.123637
0 0 0 0 3.84137 0.978513 0.123637
0 0 0 0 3.84137 0.978513 0.123637
0 0 0 0 3.84137 0.978513 0.123637
0 0 0 0 3.84137 0.978513 0.123637
0 0 0 0 3.84137 0.978513 0.123637
0 0 0 0 3.84137 0.978513 0.123637
0 0 0 0 3.84137 0.978513 0.123637
0 0 0 0 3.84137 0.978513 0.123637
0 0 0 0 3.84137 0.978513 0.123637
0.804084 0.410882 0 0 4.25225 0.978513 0.123637
0 0 0 0 4.25225 0.978513 0.123637
0 0 0 0 4.25225 0.978513 0.123637
0 0 0 0 4.25225 0.978513 0.123637
0 0 0 0 4.25225 0.978513 0.123637
0 0 0 0 4.25225 0.978513 0.123637
0 0 0 0 4.25225 0.978513 0.123637
0 0 0 0 4.25225 0.978513 0.123637
0 0 0 0 4.25225 0.978513 0.123637
0 0 0 0 4.25225 0.978513 0.123637
0 0 0 0 4.25225 0.978513 0.123637
0 0 0 0 4.25225 0.978513 0.123637
0 0 0 0 4.25225 0.978513 0.123637
0 0 0 0 4.25225 0.978513 0.123637
0 0 0 0 4.25225 0.978513 0.123637
0 0 0 0 4.25225 0.978513 0.123637
0 0 0 0 4.25225 0.978513 0.123637
0 0 0 0 4.25225 0.978513 0.123637
0 0 0 0 4.25225 0.978513 0.123637
0 0 0 0 4.25225 0.978513 0.123637
0 0 0 0 4.25225 0.978513 0.123637
0 0 0 0 4.25225 0.978513 0.123637
0 0 0 0 4.25225 0.978513 0.123637
0 0 0 0 4.25225 0.978513 0.123637
0 0 0 0 4.25225 0.978513 0.123637
0 0 0 0 4.25225 0.978513 0.123637
0.0642099 0.499091 0 0 4.31646 0.978513 0.123637
0 0 0 0 4.31646 0.978513 0.123637
0 0 0 0 4.31646 0.978513 0.123637
0 0 0 0 4.31646 0.978513 0.123637
0 0 0 0 4.31646 0.978513 0.123637
0 0 0 0 4.31646 0.978513 0.123637
0 0 0 0 4.31646 0.978513 0.123637
0 0 0 0 4.31646 0.978513 0.123637
0 0 0 0 4.31646 0.978513 0.123637
0 0 0 0 4.31646 0.978513 0.123637
0 0 0 0 4.31646 0.978513 0.123637
0 0 0 0 4.31646 0.978513 0.123637
0 0 0 0 4.31646 0.978513 0.123637
0 0 0 0 4.31646 0.978513 0.123637
0 0 0 0 4.31646 0.978513 0.123637
0 0 0 0 4.31646 0.978513 0.123637
0 0 0 0 4.31646 0.978513 0.123637
0 0 0 0 4.31646 0.978513 0.123637
0 0 0 0 4.31646 0.978513 0.123637
0 0 0 0 4.31646 0.978513 0.123637
0 0 0 0 4.31646 0.978513 0.123637
0.0450286 0.0490932 0 0 4.36149 0.978513 0.123637
0 0 0 0 4.36149 0.978513 0.123637
0 0 0 0 4.36149 0.978513 0.123637
0 0 0 0 4.36149 0.978513 0.123637
0 0 0 0 4.36149 0.978513 0.123637
0 0 0 0 4.36149 0.978513 0.123637
0 0 0 0 4.36149 0.978513 0.123637
0 0 0 0 4.36149 0.978513 0.123637
0 0 0 0 4.36149 0.978513 0.123637
0 0 0 0 4.36149 0.978513 0.123637
0 0 0 0 4.36149 0.978513 0.123637
0.66004 0.480966 0 0 4.84246 0.978513 0.123637
0 0 0 0 4.84246 0.978513 0.123637
0 0 0 0 4.84246 0.978513 0.123637
0 0 0 0 4.84246 0.978513 0.123637
0 0 0 0 4.84246 0.978513 0.123637
0 0 0 0 4.84246 0.978513 0.123637
0 0 0 0 4.84246 0.978513 0.123637
0 0 0 0 4.84246 0.978513 0.123637
0 0 0 0 4.84246 0.978513 0.123637
0 0 0 0 4.84246 0.978513 0.123637
0 0 0 0 4.84246 0.978513 0.123637
0 0 0 0 4.84246 0.978513 0.123637
0 0 0 0 4.84246 0.978513 0.123637
0 0 0 0 4.84246 0.978513 0.123637
0 0 0 0 4.84246 0.978513 0.123637
0 0 0 0 4.84246 0.978513 0.123637
0 0 0 0 4.84246 0.978513 0.123637
0 0 0 0 4.84246 0.978513 0.123637
0 0 0 0 4.84246 0.978513 0.123637
0 0 0 0 4.84246 0.978513 0.123637
0.62522 0.465201 0 0 5.30766 0.978513 0.123637
0 0 0 0 5.30766 0.978513 0.123637
0 0 0 0 5.30766 0.978513 0.123637
0 0 0 0 5.30766 0.978513 0.123637
0 0 0 0 5.30766 0.978513 0.123637
0 0 0 0 5.30766 0.978513 0.123637
0 0 0 0 5.30766 0.978513 0.123637
0 0 0 0 5.30766 0.978513 0.123637
0 0 0 0 5.30766 0.978513 0.123637
0 0 0 0 5.30766 0.978513 0.123637
0.488656 0.19916 0 0 5.50682 0.978513 0.123637
0 0 0 0 5.50682 0.978513 0.123637
0 0 0 0 5.50682 0.978513 0.123637
0 0 0 0 5.50682 0.978513 0.123637
0 0 0 0 5.50682 0.978513 0.123637
0 0 0 0 5.50682 0.978513 0.123637
0 0 0 0 5.50682 0.978513 0.123637
0 0 0 0 5.50682 0.978513 0.123637
0 0 0 0 5.50682 0.978513 0.123637
0 0 0 0 5.50682 0.978513 0.123637
0 0 0 0 5.50682 0.978513 0.123637
0 0 0 0 5.50682 0.978513 0.123637
0 0 0 0 5.50682 0.978513 0.123637
0 0 0 0 5.50682 0.978513 0.123637
0 0 0 0 5.50682 0.978513 0.123637
0 0 0 0 5.50682 0.978513 0.123637
0 0 0 0 5.50682 0.978513 0.123637
0.0875606 0.00820982 0 0 5.51503 0.978513 0.123637
0.349688 0.233042 0 0 5.74807 0.978513 0.123637
0.0814678 0.187199 0 0 5.82954 0.978513 0.123637
0 0 0 0 5.82954 0.978513 0.123637
0 0 0 0 5.82954 0.978513 0.123637
0 0 0 0 5.82954 0.978513 0.123637
0 0 0 0 5.82954 0.978513 0.123637
0 0 0 0 5.82954 0.978513 0.123637
0 0 0 0 5.82954 0.978513 0.123637
0 0 0 0 5.82954 0.978513 0.123637
0 0 0 0 5.82954 0.978513 0.123637
0 0 0 0 5.82954 0.978513 0.123637
0 0 0 0 5.82954 0.978513 0.123637
0 0 0 0 5.82954 0.978513 0.123637
0 0 0 0 5.82954 0.978513 0.123637
0 0 0 0 5.82954 0.978513 0.123637
0 0 0 0 5.82954 0.978513 0.123637
0 0 0 0 5.82954 0.978513 0.123637
0 0 0 0 5.82954 0.978513 0.123637
0 0 0 0 5.82954 0.978513 0.123637
1.10239 0.102419 0 0 5.93196 0.978513 0.123637
0 0 0 0 5.93196 0.978513 0.123637
0 0 0 0 5.93196 0.978513 0.123637
0 0 0 0 5.93196 0.978513 0.123637
1.12132 0.0564081 0 0 5.98837 0.978513 0.123637
0 0 0 0 5.98837 0.978513 0.123637
0 0 0 0 5.98837 0.978513 0.123637
0 0 0 0 5.98837 0.978513 0.123637
0 0 0 0 5.98837 0.978513 0.123637
0 0 0 0 5.98837 0.978513 0.123637
0 0 0 0 5.98837 0.978513 0.123637
0 0 0 0 5.98837 0.978513 0.123637
0 0 0 0 5.98837 0.978513 0.123637
0 0 0 0 5.98837 0.978513 0.123637
0 0 0 0 5.98837 0.978513 0.123637
0 0 0 0 5.98837 0.978513 0.123637
0 0 0 0 5.98837 0.978513 0.123637
0 0 0 0 5.98837 0.978513 0.123637
0 0 0 0 5.98837 0.978513 0.123637
0 0 0 0 5.98837 0.978513 0.123637
0 0 0 0 5.98837 0.978513 0.123637
0.459799 0.16137 0 0 6.14974 0.978513 0.123637
0 0 0 0 6.14974 0.978513 0.123637
0 0 0 0 6.14974 0.978513 0.123637
0 0 0 0 6.14974 0.978513 0.123637
0 0 0 0 6.14974 0.978513 0.123637
0 0 0 0 6.14974 0.978513 0.123637
0 0 0 0 6.14974 0.978513 0.123637
0 0 0 0 6.14974 0.978513 0.123637
0.432333 0.075573 0 0 6.22531 0.978513 0.123637
0.077326 0.0171399 0 0 6.24245 0.978513 0.123637
0 0 0 0 6.24245 0.978513 0.123637
0 0 0 0 6.24245 0.978513 0.123637
0 0 0 0 6.24245 0.978513 0.123637
0.122271 0.00283212 0 0 6.24528 0.978513 0.123637
0 0 0 0 6.24528 0.978513 0.123637
0 0 0 0 6.24528 0.978513 0.123637
0 0 0 0 6.24528 0.978513 0.123637
0 0 0 0 6.24528 0.978513 0.123637
0 0 0 0 6.24528 0.978513 0.123637
0 0 0 0 6.24528 0.978513 0.123637
0.477029 0.0422422 0 0 6.28752 0.978513 0.123637
0 0 0 0 6.28752 0.978513 0.123637
0 0 0 0 6.28752 0.978513 0.123637
0.121402 0.00160774 0 0 6.28913 0.978513 0.123637
0 0 0 0 6.28913 0.978513 0.123637
0 0 0 0 6.28913 0.978513 0.123637
0 0 0 0 6.28913 0.978513 0.123637
0 0 0 0 6.28913 0.978513 0.123637
0.73057 0.352104 0 0 6.64124 0.978513 0.123637
0 0 0 0 6.64124 0.978513 0.123637
1.00957 0.30037 0 0 6.94161 0.978513 0.123637
0 0 0 0 6.94161 0.978513 0.123637
0 0 0 0 6.94161 0.978513 0.123637
0 0 0 0 6.94161 0.978513 0.123637
0 0 0 0 6.94161 0.978513 0.123637
0 0 0 0 6.94161 0.978513 0.123637
0 0 0 0 6.94161 0.978513 0.123637
0 0 0 0 6.94161 0.978513 0.123637
0.584783 0.335544 0 0 7.27715 0.978513 0.123637
0 0 0 0 7.27715 0.978513 0.123637
0 0 0 0 7.27715 0.978513 0.123637
0 0 0 0 7.27715 0.978513 0.123637
0 0 0 0 7.27715 0.978513 0.123637
0 0 0 0 7.27715 0.978513 0.123637
0 0 0 0 7.27715 0.978513 0.123637
0 0 0 0 7.27715 0.978513 0.123637
0 0 0 0 7.27715 0.978513 0.123637
0 0 0 0 7.27715 0.978513 0.123637
0 0 0 0 7.27715 0.978513 0.123637
0 0 0 0 7.27715 0.978513 0.123637
0 0 0 0 7.27715 0.978513 0.123637
0 0 0 0 7.27715 0.978513 0.123637
0.283795 0.362072 0 0 7.56095 0.978513 0.123637
0 0 0 0 7.56095 0.978513 0.123637
0 0 0 0 7.56095 0.978513 0.123637
0 0 0 0 7.56095 0.978513 0.123637
0 0 0 0 7.56095 0.978513 0.123637
0 0 0 0 7.56095 0.978513 0.123637
0 0 0 0 7.56095 0.978513 0.123637
0 0 0 0 7.56095 0.978513 0.123637
0 0 0 0 7.56095 0.978513 0.123637
0 0 0 0 7.56095 0.978513 0.123637
0 0 0 0 7.56095 0.978513 0.123637
0 0 0 0 7.56095 0.978513 0.123637
0 0 0 0 7.56095 0.978513 0.123637
0 0 0 0 7.56095 0.978513 0.123637
0 0 0 0 7.56095 0.978513 0.123637
0 0 0 0 7.56095 0.978513 0.123637
0 0 0 0 7.56095 0.978513 0.123637
0 0 0 0 7.56095 0.978513 0.123637
0 0 0 0 7.56095 0.978513 0.123637
0.501377 0.0441286 0 0 7.60508 0.978513 0.123637
0.121828 0.16621 0 0 7.7269 0.978513 0.123637
0 0 0 0 7.7269 0.978513 0.123637
0 0 0 0 7.7269 0.978513 0.123637
0 0 0 0 7.7269 0.978513 0.123637
0 0 0 0 7.7269 0.978513 0.123637
0 0 0 0 7.7269 0.978513 0.123637
0 0 0 0 7.7269 0.978513 0.123637
0 0 0 0 7.7269 0.978513 0.123637
0 0 0 0 7.7269 0.978513 0.123637
0 0 0 0 7.7269 0.978513 0.123637
0 0 0 0 7.7269 0.978513 0.123637
0 0 0 0 7.7269 0.978513 0.123637
0 0 0 0 7.7269 0.978513 0.123637
0 0 0 0 7.7269 0.978513 0.123637
0 0 0 0 7.7269 0.978513 0.123637
0 0 0 0 7.7269 0.978513 0.123637
0.120673 0.168757 0 0 7.84758 0.978513 0.123637
0 0 0 0 7.84758 0.978513 0.123637
0 0 0 0 7.84758 0.978513 0.123637
0 0 0 0 7.84758 0.978513 0.123637
0.103952 0.0797825 0 0 7.92736 0.978513 0.123637
1.1054 0.110617 0 0 8.03798 0.978513 0.123637
0 0 0 0 8.03798 0.978513 0.123637
0 0 0 0 8.03798 0.978513 0.123637
0.0364926 0.0527184 0 0 8.07447 0.978513 0.123637
0 0 0 0 8.07447 0.978513 0.123637
0 0 0 0 8.07447 0.978513 0.123637
0 0 0 0 8.07447 0.978513 0.123637
0 0 0 0 8.07447 0.978513 0.123637
0 0 0 0 8.07447 0.978513 0.123637
0 0 0 0 8.07447 0.978513 0.123637
0 0 0 0 8.07447 0.978513 0.123637
0 0 0 0 8.07447 0.978513 0.123637
0 0 0 0 8.07447 0.978513 0.123637
0 0 0 0 8.07447 0.978513 0.123637
0 0 0 0 8.07447 0.978513 0.123637
0.255185 0.204536 0 0 8.279 0.978513 0.123637
0 0 0 0 8.279 0.978513 0.123637
0.0932994 0.0166407 0 0 8.29565 0.978513 0.123637
0 0 0 0 8.29565 0.978513 0.123637
0 0 0 0 8.29565 0.978513 0.123637
0 0 0 0 8.29565 0.978513 0.123637
0 0 0 0 8.29565 0.978513 0.123637
0 0 0 0 8.29565 0.978513 0.123637
0 0 0 0 8.29565 0.978513 0.123637
0 0 0 0 8.29565 0.978513 0.123637
0 0 0 0 8.29565 0.978513 0.123637
0 0 0 0 8.29565 0.978513 0.123637
0 0 0 0 8.29565 0.978513 0.123637
0 0 0 0 8.29565 0.978513 0.123637
0 0 0 0 8.29565 0.978513 0.123637
0 0 0 0 8.29565 0.978513 0.123637
0 0 0 0 8.29565 0.978513 0.123637
0 0 0 0 8.29565 0.978513 0.123637
0.60254 0.47439 0 0 8.77004 0.978513 0.123637
0 0 0 0 8.77004 0.978513 0.123637
0.335434 0.0787402 0 0 8.84878 0.978513 0.123637
0 0 0 0 8.84878 0.978513 0.123637
0 0 0 0 8.84878 0.978513 0.123637
0 0 0 0 8.84878 0.978513 0.123637
0 0 0 0 8.84878 0.978513 0.123637
0 0 0 0 8.84878 0.978513 0.123637
0 0 0 0 8.84878 0.978513 0.123637
0 0 0 0 8.84878 0.978513 0.123637
0 0 0 0 8.84878 0.978513 0.123637
0 0 0 0 8.84878 0.978513 0.123637
0 0 0 0 8.84878 0.978513 0.123637
0 0 0 0 8.84878 0.978513 0.123637
0.617801 0.462981 0 0 9.31176 0.978513 0.123637
0 0 0 0 9.31176 0.978513 0.123637
0.687367 0.301245 0 0 9.613 0.978513 0.123637
0 0 0 0 9.613 0.978513 0.123637
0 0 0 0 9.613 0.978513 0.123637
0 0 0 0 9.613 0.978513 0.123637
0 0 0 0 9.613 0.978513 0.123637
0 0 0 0 9.613 0.978513 0.123637
0 0 0 0 9.613 0.978513 0.123637
0 0 0 0 9.613 0.978513 0.123637
0 0 0 0 9.613 0.978513 0.123637
0 0 0 0 9.613 0.978513 0.123637
0 0 0 0 9.613 0.978513 0.123637
0 0 0 0 9.613 0.978513 0.123637
0 0 0 0 9.613 0.978513 0.123637
0 0 0 0 9.613 0.978513 0.123637
0 0 0 0 9.613 0.978513 0.123637
0 0 0 0 9.613 0.978513 0.123637
0 0 0 0 9.613 0.978513 0.123637
0 0 0 0 9.613 0.978513 0.123637
0 0 0 0 9.613 0.978513 0.123637
0 0 0 0 9.613 0.978513 0.123637
0 0 0 0 9.613 0.978513 0.123637
0 0 0 0 9.613 0.978513 0.123637
0 0 0 0 9.613 0.978513 0.123637
0 0 0 0 9.613 0.978513 0.123637
0 0 0 0 9.613 0.978513 0.123637
0 0 0 0 9.613 0.978513 0.123637
0 0 0 0 9.613 0.978513 0.123637
0 0 0 0 9.613 0.978513 0.123637
0 0 0 0 9.613 0.978513 0.123637
0 0 0 0 9.613 0.978513 0.123637
0 0 0 0 9.613 0.978513 0.123637
0 0 0 0 9.613 0.978513 0.123637
0.0511325 0.242339 0 0 9.66413 0.978513 0.123637
0 0 0 0 9.66413 0.978513 0.123637
0 0 0 0 9.66413 0.978513 0.123637
0 0 0 0 9.66413 0.978513 0.123637
0 0 0 0 9.66413 0.978513 0.123637
0 0 0 0 9.66413 0.978513 0.123637
0.0745278 0.155507 0 0 9.73866 0.978513 0.123637
0 0 0 0 9.73866 0.978513 0.123637
0 0 0 0 9.73866 0.978513 0.123637
0 0 0 0 9.73866 0.978513 0.123637
0 0 0 0 9.73866 0.978513 0.123637
0 0 0 0 9.73866 0.978513 0.123637
0 0 0 0 9.73866 0.978513 0.123637
0 0 0 0 9.73866 0.978513 0.123637
0 0 0 0 9.73866 0.978513 0.123637
0.347331 0.0105479 0 0 9.74921 0.978513 0.123637
0 0 0 0 9.74921 0.978513 0.123637
0 0 0 0 9.74921 0.978513 0.123637
0 0 0 0 9.74921 0.978513 0.123637
0 0 0 0 9.74921 0.978513 0.123637
0 0 0 0 9.74921 0.978513 0.123637
0 0 0 0 9.74921 0.978513 0.123637
0 0 0 0 9.74921 0.978513 0.123637
0 0 0 0 9.74921 0.978513 0.123637
0 0 0 0 9.74921 0.978513 0.123637
0 0 0 0 9.74921 0.978513 0.123637
0.22686 0.216217 0 0 9.96543 0.978513 0.123637
0 0 0 0 9.96543 0.978513 0.123637
0 0 0 0 9.96543 0.978513 0.123637
0 0 0 0 9.96543 0.978513 0.123637
0 0 0 0 9.96543 0.978513 0.123637
0 0 0 0 9.96543 0.978513 0.123637
0 0 0 0 9.96543 0.978513 0.123637
0 0 0 0 9.96543 0.978513 0.123637
0 0 0 0 9.96543 0.978513 0.123637
0 0 0 0 9.96543 0.978513 0.123637
0 0 0 0 9.96543 0.978513 0.123637
0 0 0 0 9.96543 0.978513 0.123637
0 0 0 0 9.96543 0.978513 0.123637
0 0 0 0 9.96543 0.978513 0.123637
0 0 0 0 9.96543 0.978513 0.123637
0 0 0 0 9.96543 0.978513 0.123637
0 0 0 0 9.96543 0.978513 0.123637
0 0 0 0 9.96543 0.978513 0.123637
0 0 0 0 9.96543 0.978513 0.123637
0 0 0 0 9.96543 0.978513 0.123637
0 0 0 0 9.96543 0.978513 0.123637
0 0 0 0 9.96543 0.978513 0.123637
0 0 0 0 9.96543 0.978513 0.123637
0 0 0 0 9.96543 0.978513 0.123637
0.172092 0.127441 0 0 10.0929 0.978513 0.123637
0 0 0 0 10.0929 0.978513 0.123637
0 0 0 0 10.0929 0.978513 0.123637
0 0 0 0 10.0929 0.978513 0.123637
0.128767 0.341772 0 0 10.2216 0.978513 0.123637
0 0 0 0 10.2216 0.978513 0.123637
0 0 0 0 10.2216 0.978513 0.123637
0.0692439 0.0134396 0 0 10.2351 0.978513 0.123637
0 0 0 0 10.2351 0.978513 0.123637
0 0 0 0 10.2351 0.978513 0.123637
0 0 0 0 10.2351 0.978513 0.123637
0.151996 0.0929223 0 0 10.328 0.978513 0.123637
0 0 0 0 10.328 0.978513 0.123637
0.626837 0.0882609 0.444158 0.441318 10.4163 1.41983 0.123637
0 0 0 0 10.4163 1.41983 0.123637
0 0 0 0 10.4163 1.41983 0.123637
0 0 0 0 10.4163 1.41983 0.123637
0 0 0 0 10.4163 1.41983 0.123637
0 0 0 0 10.4163 1.41983 0.123637
0 0 0 0 10.4163 1.41983 0.123637
0 0 0 0 10.4163 1.41983 0.123637
0 0 0 0 10.4163 1.41983 0.123637
0 0 0 0 10.4163 1.41983 0.123637
0 0 0 0 10.4163 1.41983 0.123637
0 0 0 0 10.4163 1.41983 0.123637
0.154294 0.190829 0 0 10.5706 1.41983 0.123637
0 0 0 0 10.5706 1.41983 0.123637
0 0 0 0 10.5706 1.41983 0.123637
0 0 0 0 10.5706 1.41983 0.123637
0 0 0 0 10.5706 1.41983 0.123637
0 0 0 0 10.5706 1.41983 0.123637
0 0 0 0 10.5706 1.41983 0.123637
0 0 0 0 10.5706 1.41983 0.123637
0 0 0 0 10.5706 1.41983 0.123637
0 0 0 0 10.5706 1.41983 0.123637
0 0 0 0 10.5706 1.41983 0.123637
0.212761 0.231661 0 0 10.7833 1.41983 0.123637
0 0 0 0 10.7833 1.41983 0.123637
0 0 0 0 10.7833 1.41983 0.123637
0 0 0 0 10.7833 1.41983 0.123637
0 0 0 0 10.7833 1.41983 0.123637
0 0 0 0 10.7833 1.41983 0.123637
0 0 0.565289 0.126726 10.7833 1.54656 0.123637
0 0 0 0 10.7833 1.54656 0.123637
0 0 0 0 10.7833 1.54656 0.123637
0 0 0 0 10.7833 1.54656 0.123637
0 0 0 0 10.7833 1.54656 0.123637
0 0 0 0 10.7833 1.54656 0.123637
0 0 0 0 10.7833 1.54656 0.123637
0 0 0 0 10.7833 1.54656 0.123637
0 0 0 0 10.7833 1.54656 0.123637
0 0 0 0 10.7833 1.54656 0.123637
0 0 0 0 10.7833 1.54656 0.123637
0 0 0 0 10.7833 1.54656 0.123637
0 0 0 0 10.7833 1.54656 0.123637
0 0 0 0 10.7833 1.54656 0.123637
0.147449 0.117825 0 0 10.9011 1.54656 0.123637
0 0 0 0 10.9011 1.54656 0.123637
0.0400965 0.104203 0 0 10.9412 1.54656 0.123637
0 0 0 0 10.9412 1.54656 0.123637
0.0789967 0.151633 0 0 11.0202 1.54656 0.123637
0 0 0 0 11.0202 1.54656 0.123637
0 0 0 0 11.0202 1.54656 0.123637
0 0 0 0 11.0202 1.54656 0.123637
0.0741121 0.06756 0 0 11.0878 1.54656 0.123637
0 0 0 0 11.0878 1.54656 0.123637
0 0 0 0 11.0878 1.54656 0.123637
0 0 0 0 11.0878 1.54656 0.123637
0 0 0 0 11.0878 1.54656 0.123637
0 0 0 0 11.0878 1.54656 0.123637
0.0840003 0.112994 0 0 11.1718 1.54656 0.123637
0 0 0 0 11.1718 1.54656 0.123637
0 0 0 0 11.1718 1.54656 0.123637
0 0 0 0 11.1718 1.54656 0.123637
0 0 0 0 11.1718 1.54656 0.123637
0 0 0 0 11.1718 1.54656 0.123637
0 0 0 0 11.1718 1.54656 0.123637
0 0 0 0 11.1718 1.54656 0.123637
0 0 0 0 11.1718 1.54656 0.123637
0 0 0 0 11.1718 1.54656 0.123637
0 0 0 0 11.1718 1.54656 0.123637
0 0 0 0 11.1718 1.54656 0.123637
0 0 0 0 11.1718 1.54656 0.123637
0 0 0 0 11.1718 1.54656 0.123637
0 0 0 0 11.1718 1.54656 0.123637
0 0 0 0 11.1718 1.54656 0.123637
0 0 0 0 11.1718 1.54656 0.123637
0 0 0 0 11.1718 1.54656 0.123637
0 0 0 0 11.1718 1.54656 0.123637
0 0 0 0 11.1718 1.54656 0.123637
0 0 0 0 11.1718 1.54656 0.123637
0 0 0 0 11.1718 1.54656 0.123637
0.12323 0.316492 0 0 11.295 1.54656 0.123637
0 0 0 0 11.295 1.54656 0.123637
0.106178 0.0577364 0 0 11.3528 1.54656 0.123637
0 0 0 0 11.3528 1.54656 0.123637
0 0 0 0 11.3528 1.54656 0.123637
0 0 0 0 11.3528 1.54656 0.123637
0 0 0 0 11.3528 1.54656 0.123637
0 0 0 0 11.3528 1.54656 0.123637
0 0 0 0 11.3528 1.54656 0.123637
0 0 0 0 11.3528 1.54656 0.123637
0 0 0 0 11.3528 1.54656 0.123637
0 0 0 0 11.3528 1.54656 0.123637
0 0 0 0 11.3528 1.54656 0.123637
0 0 0 0 11.3528 1.54656 0.123637
0 0 0 0 11.3528 1.54656 0.123637
0 0 0 0 11.3528 1.54656 0.123637
0 0 0 0 11.3528 1.54656 0.123637
0.290306 0.00803058 0 0 11.3608 1.54656 0.123637
0 0 0 0 11.3608 1.54656 0.123637
0 0 0 0 11.3608 1.54656 0.123637
0 0 0 0 11.3608 1.54656 0.123637
0 0 0 0 11.3608 1.54656 0.123637
0 0 0 0 11.3608 1.54656 0.123637
0 0 0 0 11.3608 1.54656 0.123637
0 0 0 0 11.3608 1.54656 0.123637
0 0 0 0 11.3608 1.54656 0.123637
0 0 0 0 11.3608 1.54656 0.123637
0.550734 0.496563 0 0 11.8574 1.54656 0.123637
0 0 0 0 11.8574 1.54656 0.123637
0 0 0 0 11.8574 1.54656 0.123637
0.110466 0.163645 0 0 11.9678 1.54656 0.123637
0 0 0 0 11.9678 1.54656 0.123637
0 0 0 0 11.9678 1.54656 0.123637
0 0 0 0 11.9678 1.54656 0.123637
0 0 0 0 11.9678 1.54656 0.123637
0 0 0 0 11.9678 1.54656 0.123637
0 0 0 0 11.9678 1.54656 0.123637
0 0 0 0 11.9678 1.54656 0.123637
0.120933 0.107989 0 0 12.0758 1.54656 0.123637
0 0 0 0 12.0758 1.54656 0.123637
0 0 0 0 12.0758 1.54656 0.123637
0 0 0 0 12.0758 1.54656 0.123637
0 0 0 0 12.0758 1.54656 0.123637
0 0 0 0 12.0758 1.54656 0.123637
0 0 0 0 12.0758 1.54656 0.123637
0 0 0 0 12.0758 1.54656 0.123637
0 0 0 0 12.0758 1.54656 0.123637
0 0 0 0 12.0758 1.54656 0.123637
0 0 0 0 12.0758 1.54656 0.123637
0 0 0 0 12.0758 1.54656 0.123637
0 0 0 0 12.0758 1.54656 0.123637
0 0 0 0 12.0758 1.54656 0.123637
0 0 0 0 12.0758 1.54656 0.123637
0 0 0 0 12.0758 1.54656 0.123637
0.0631703 0.11584 0 0 12.139 1.54656 0.123637
0 0 0 0 12.139 1.54656 0.123637
0 0 0 0 12.139 1.54656 0.123637
0 0 0 0 12.139 1.54656 0.123637
0 0 0 0 12.139 1.54656 0.123637
0 0 0 0 12.139 1.54656 0.123637
0 0 0 0 12.139 1.54656 0.123637
0 0 0 0 12.139 1.54656 0.123637
0 0 0 0 12.139 1.54656 0.123637
0 0 0 0 12.139 1.54656 0.123637
0 0 0 0 12.139 1.54656 0.123637
0 0 0 0 12.139 1.54656 0.123637
0 0 0 0 12.139 1.54656 0.123637
0 0 0 0 12.139 1.54656 0.123637
0 0 0 0 12.139 1.54656 0.123637
0 0 0 0 12.139 1.54656 0.123637
0 0 0 0 12.139 1.54656 0.123637
0 0 0 0 12.139 1.54656 0.123637
0 0 0 0 12.139 1.54656 0.123637
0 0 0 0 12.139 1.54656 0.123637
0 0 0 0 12.139 1.54656 0.123637
0 0 0 0 12.139 1.54656 0.123637
0.635783 0.44739 0 0 12.5864 1.54656 0.123637
0 0 0 0 12.5864 1.54656 0.123637
0 0 0 0 12.5864 1.54656 0.123637
0 0 0 0 12.5864 1.54656 0.123637
0 0 0 0 12.5864 1.54656 0.123637
0 0 0 0 12.5864 1.54656 0.123637
0 0 0 0 12.5864 1.54656 0.123637
0 0 0 0 12.5864 1.54656 0.123637
0 0 0 0 12.5864 1.54656 0.123637
0 0 0 0 12.5864 1.54656 0.123637
0 0 0 0 12.5864 1.54656 0.123637
0 0 0 0 12.5864 1.54656 0.123637
0 0 0 0 12.5864 1.54656 0.123637
0 0 0 0 12.5864 1.54656 0.123637
0 0 0 0 12.5864 1.54656 0.123637
0 0 0 0 12.5864 1.54656 0.123637
0.12517 0.266368 0 0 12.7115 1.54656 0.123637
0 0 0 0 12.7115 1.54656 0.123637
0 0 0 0 12.7115 1.54656 0.123637
0 0 0 0 12.7115 1.54656 0.123637
0 0 0 0 12.7115 1.54656 0.123637
0 0 0 0 12.7115 1.54656 0.123637
0 0 0 0 12.7115 1.54656 0.123637
0 0 0 0 12.7115 1.54656 0.123637
0 0 0 0 12.7115 1.54656 0.123637
0 0 0 0 12.7115 1.54656 0.123637
0 0 0 0 12.7115 1.54656 0.123637
0 0 0 0 12.7115 1.54656 0.123637
0 0 0 0 12.7115 1.54656 0.123637
0 0 0 0 12.7115 1.54656 0.123637
0 0 0 0 12.7115 1.54656 0.123637
0 0 0 0 12.7115 1.54656 0.123637
0 0 0 0 12.7115 1.54656 0.123637
0 0 0 0 12.7115 1.54656 0.123637
0 0 0 0 12.7115 1.54656 0.123637
0 0 0 0 12.7115 1.54656 0.123637
0 0 0 0 12.7115 1.54656 0.123637
0 0 0 0 12.7115 1.54656 0.123637
0 0 0 0 12.7115 1.54656 0.123637
0 0 0 0 12.7115 1.54656 0.123637
0 0 0 0 12.7115 1.54656 0.123637
0 0 0 0 12.7115 1.54656 0.123637
0.926065 0.641603 0 0 13.3531 1.54656 0.123637
0 0 0 0 13.3531 1.54656 0.123637
0 0 0 0 13.3531 1.54656 0.123637
0 0 0 0 13.3531 1.54656 0.123637
0 0 0 0 13.3531 1.54656 0.123637
0 0 0 0 13.3531 1.54656 0.123637
0 0 0 0 13.3531 1.54656 0.123637
0 0 0 0 13.3531 1.54656 0.123637
0 0 0 0 13.3531 1.54656 0.123637
0 0 0 0 13.3531 1.54656 0.123637
0 0 0 0 13.3531 1.54656 0.123637
0 0 0 0 13.3531 1.54656 0.123637
0 0 0 0 13.3531 1.54656 0.123637
0 0 0 0 13.3531 1.54656 0.123637
0 0 0 0 13.3531 1.54656 0.123637
0 0 0 0 13.3531 1.54656 0.123637
0 0 0 0 13.3531 1.54656 0.123637
0 0 0 0 13.3531 1.54656 0.123637
0 0 0 0 13.3531 1.54656 0.123637
0 0 0 0 13.3531 1.54656 0.123637
0 0 0 0 13.3531 1.54656 0.123637
0 0 0 0 13.3531 1.54656 0.123637
0 0 0 0 13.3531 1.54656 0.123637
0 0 0 0 13.3531 1.54656 0.123637
0 0 0 0 13.3531 1.54656 0.123637
0 0 0 0 13.3531 1.54656 0.123637
0 0 0 0 13.3531 1.54656 0.123637
0 0 0 0 13.3531 1.54656 0.123637
0 0 0 0 13.3531 1.54656 0.123637
0 0 0 0 13.3531 1.54656 0.123637
0 0 0 0 13.3531 1.54656 0.123637
0 0 0 0 13.3531 1.54656 0.123637
0 0 0 0 13.3531 1.54656 0.123637
0 0 0 0 13.3531 1.54656 0.123637
0.121868 0.137439 0 0 13.475 1.54656 0.123637
0 0 0 0 13.475 1.54656 0.123637
0 0 0 0 13.475 1.54656 0.123637
0 0 0 0 13.475 1.54656 0.123637
0 0 0 0 13.475 1.54656 0.123637
0 0 0 0 13.475 1.54656 0.123637
0 0 0 0 13.475 1.54656 0.123637
0 0 0 0 13.475 1.54656 0.123637
0 0 0 0 13.475 1.54656 0.123637
0 0 0 0 13.475 1.54656 0.123637
0 0 0 0 13.475 1.54656 0.123637
0 0 0 0 13.475 1.54656 0.123637
0.0889987 0.0993399 0 0 13.564 1.54656 0.123637
0 0 0 0 13.564 1.54656 0.123637
0 0 0 0 13.564 1.54656 0.123637
0 0 0 0 13.564 1.54656 0.123637
0 0 0 0 13.564 1.54656 0.123637
0 0 0 0 13.564 1.54656 0.123637
0 0 0 0 13.564 1.54656 0.123637
0 0 0 0 13.564 1.54656 0.123637
0 0 0 0 13.564 1.54656 0.123637
0 0 0 0 13.564 1.54656 0.123637
0 0 0 0 13.564 1.54656 0.123637
0 0 0 0 13.564 1.54656 0.123637
0 0 0 0 13.564 1.54656 0.123637
0 0 0 0 13.564 1.54656 0.123637
0 0 0 0 13.564 1.54656 0.123637
0 0 0 0 13.564 1.54656 0.123637
0.448488 0.218791 0 0 13.7828 1.54656 0.123637
0 0 0 0 13.7828 1.54656 0.123637
0 0 0 0 13.7828 1.54656 0.123637
0 0 0 0 13.7828 1.54656 0.123637
0 0 0 0 13.7828 1.54656 0.123637
0 0 0 0 13.7828 1.54656 0.123637
0 0 0 0 13.7828 1.54656 0.123637
0 0 0 0 13.7828 1.54656 0.123637
0 0 0 0 13.7828 1.54656 0.123637
0 0 0 0 13.7828 1.54656 0.123637
0 0 0 0 13.7828 1.54656 0.123637
0 0 0 0 13.7828 1.54656 0.123637
0 0 0 0 13.7828 1.54656 0.123637
0 0 0 0 13.7828 1.54656 0.123637
0 0 0 0 13.7828 1.54656 0.123637
0 0 0 0 13.7828 1.54656 0.123637
0 0 0 0 13.7828 1.54656 0.123637
0 0 0 0 13.7828 1.54656 0.123637
0 0 0 0 13.7828 1.54656 0.123637
0 0 0 0 13.7828 1.54656 0.123637
0 0 0 0 13.7828 1.54656 0.123637
0.289904 0.0303866 0 0 13.8132 1.54656 0.123637
0.747775 0.811855 0 0 14.561 1.54656 0.123637
0.20398 0.0206829 0 0 14.5816 1.54656 0.123637
0 0 0 0 14.5816 1.54656 0.123637
0.264319 0.110852 0 0 14.6925 1.54656 0.123637
0 0 0 0 14.6925 1.54656 0.123637
0.264441 0.146693 0 0 14.8392 1.54656 0.123637
0 0 0 0 14.8392 1.54656 0.123637
0 0 0 0 14.8392 1.54656 0.123637
0 0 0 0 14.8392 1.54656 0.123637
0 0 0 0 14.8392 1.54656 0.123637
0 0 0.242982 0.0861452 14.8392 1.6327 0.123637
0 0 0 0 14.8392 1.6327 0.123637
0 0 0 0 14.8392 1.6327 0.123637
0.45994 0.331532 0 0 15.1707 1.6327 0.123637
0 0 0 0 15.1707 1.6327 0.123637
0 0 0 0 15.1707 1.6327 0.123637
0 0 0 0 15.1707 1.6327 0.123637
0 0 0 0 15.1707 1.6327 0.123637
0 0 0 0 15.1707 1.6327 0.123637
0 0 0 0 15.1707 1.6327 0.123637
0 0 0 0 15.1707 1.6327 0.123637
0 0 0 0 15.1707 1.6327 0.123637
0 0 0 0 15.1707 1.6327 0.123637
0 0 0 0 15.1707 1.6327 0.123637
0 0 0 0 15.1707 1.6327 0.123637
0 0 0 0 15.1707 1.6327 0.123637
0 0 0 0 15.1707 1.6327 0.123637
0 0 0 0 15.1707 1.6327 0.123637
0 0 0 0 15.1707 1.6327 0.123637
0.236216 0.115385 0 0 15.2861 1.6327 0.123637
0 0 0 0 15.2861 1.6327 0.123637
0 0 0 0 15.2861 1.6327 0.123637
0 0 0 0 15.2861 1.6327 0.123637
0.269136 0.122952 0 0 15.4091 1.6327 0.123637
0 0 0 0 15.4091 1.6327 0.123637
0 0 0 0 15.4091 1.6327 0.123637
0 0 0 0 15.4091 1.6327 0.123637
0 0 0 0 15.4091 1.6327 0.123637
0 0 0 0 15.4091 1.6327 0.123637
0.034321 0.0567723 0 0 15.4434 1.6327 0.123637
0 0 0 0 15.4434 1.6327 0.123637
0 0 0 0 15.4434 1.6327 0.123637
0 0 0.110207 0.0264204 15.4434 1.65912 0.123637
0 0 0 0 15.4434 1.65912 0.123637
0 0 0 0 15.4434 1.65912 0.123637
0 0 0 0 15.4434 1.65912 0.123637
0 0 0 0 15.4434 1.65912 0.123637
0 0 0 0 15.4434 1.65912 0.123637
0 0 0 0 15.4434 1.65912 0.123637
0 0 0 0 15.4434 1.65912 0.123637
0 0 0 0 15.4434 1.65912 0.123637
0 0 0 0 15.4434 1.65912 0.123637
0 0 0 0 15.4434 1.65912 0.123637
0 0 0 0 15.4434 1.65912 0.123637
0 0 0 0 15.4434 1.65912 0.123637
0.250978 0.106705 0 0 15.5501 1.65912 0.123637
0 0 0 0 15.5501 1.65912 0.123637
0 0 0 0 15.5501 1.65912 0.123637
0 0 0 0 15.5501 1.65912 0.123637
0 0 0 0 15.5501 1.65912 0.123637
0.92114 0.690426 0 0 16.2405 1.65912 0.123637
0 0 0 0 16.2405 1.65912 0.123637
0 0 0 0 16.2405 1.65912 0.123637
0 0 0 0 16.2405 1.65912 0.123637
0 0 0 0 16.2405 1.65912 0.123637
0 0 0 0 16.2405 1.65912 0.123637
0 0 0 0 16.2405 1.65912 0.123637
0 0 0 0 16.2405 1.65912 0.123637
0 0 0 0 16.2405 1.65912 0.123637
0 0 0 0 16.2405 1.65912 0.123637
0 0 0 0 16.2405 1.65912 0.123637
0 0 0 0 16.2405 1.65912 0.123637
0 0 0 0 16.2405 1.65912 0.123637
0 0 0 0 16.2405 1.65912 0.123637
0 0 0 0 16.2405 1.65912 0.123637
0 0 0 0 16.2405 1.65912 0.123637
0 0 0 0 16.2405 1.65912 0.123637
0 0 0 0 16.2405 1.65912 0.123637
0.27785 0.306781 0 0 16.5184 1.65912 0.123637
0 0 0 0 16.5184 1.65912 0.123637
0 0 0 0 16.5184 1.65912 0.123637
0 0 0 0 16.5184 1.65912 0.123637
0 0 0 0 16.5184 1.65912 0.123637
0 0 0 0 16.5184 1.65912 0.123637
0 0 0 0 16.5184 1.65912 0.123637
0 0 0 0 16.5184 1.65912 0.123637
0 0 0 0 16.5184 1.65912 0.123637
0 0 0 0 16.5184 1.65912 0.123637
0 0 0 0 16.5184 1.65912 0.123637
0.253848 0.0343203 0 0 16.5527 1.65912 0.123637
0 0 0 0 16.5527 1.65912 0.123637
0 0 0 0 16.5527 1.65912 0.123637
0 0 0 0 16.5527 1.65912 0.123637
0 0 0 0 16.5527 1.65912 0.123637
0 0 0 0 16.5527 1.65912 0.123637
0 0 0 0 16.5527 1.65912 0.123637
0 0 0 0 16.5527 1.65912 0.123637
0 0 0 0 16.5527 1.65912 0.123637
0 0 0 0 16.5527 1.65912 0.123637
0 0 0 0 16.5527 1.65912 0.123637
0 0 0 0 16.5527 1.65912 0.123637
0 0 0 0 16.5527 1.65912 0.123637
0 0 0 0 16.5527 1.65912 0.123637
0 0 0 0 16.5527 1.65912 0.123637
0 0 0 0 16.5527 1.65912 0.123637
0 0 0 0 16.5527 1.65912 0.123637
0 0 0 0 16.5527 1.65912 0.123637
0.242687 0.0316609 0 0 16.5843 1.65912 0.123637
0 0 0 0 16.5843 1.65912 0.123637
0 0 0 0 16.5843 1.65912 0.123637
0 0 0 0 16.5843 1.65912 0.123637
0 0 0 0 16.5843 1.65912 0.123637
0.0721395 0.25769 0 0 16.6565 1.65912 0.123637
0 0 0 0 16.6565 1.65912 0.123637
0 0 0 0 16.6565 1.65912 0.123637
0 0 0 0 16.6565 1.65912 0.123637
0 0 0 0 16.6565 1.65912 0.123637
0 0 0 0 16.6565 1.65912 0.123637
0 0 0 0 16.6565 1.65912 0.123637
0 0 0 0 16.6565 1.65912 0.123637
0 0 0 0 16.6565 1.65912 0.123637
0 0 0 0 16.6565 1.65912 0.123637
0 0 0 0 16.6565 1.65912 0.123637
0 0 0 0 16.6565 1.65912 0.123637
0 0 0 0 16.6565 1.65912 0.123637
0 0 0 0 16.6565 1.65912 0.123637
0 0 0 0 16.6565 1.65912 0.123637
0 0 0 0 16.6565 1.65912 0.123637
0 0 0 0 16.6565 1.65912 0.123637
0 0 0 0 16.6565 1.65912 0.123637
0 0 0 0 16.6565 1.65912 0.123637
0 0 0 0 16.6565 1.65912 0.123637
0 0 0 0 16.6565 1.65912 0.123637
0.529174 0.0836436 0.0456383 0.0425938 16.7401 1.70172 0.123637
0 0 0 0 16.7401 1.70172 0.123637
0.152241 0.394427 0 0 16.8924 1.70172 0.123637
0 0 0 0 16.8924 1.70172 0.123637
0 0 0 0 16.8924 1.70172 0.123637
0 0 0 0 16.8924 1.70172 0.123637
0 0 0 0 16.8924 1.70172 0.123637
0 0 0 0 16.8924 1.70172 0.123637
0 0 0 0 16.8924 1.70172 0.123637
0 0 0 0 16.8924 1.70172 0.123637
0 0 0 0 16.8924 1.70172 0.123637
0 0 0 0 16.8924 1.70172 0.123637
0 0 0 0 16.8924 1.70172 0.123637
0 0 0 0 16.8924 1.70172 0.123637
0 0 0 0 16.8924 1.70172 0.123637
0 0 0 0 16.8924 1.70172 0.123637
0 0 0 0 16.8924 1.70172 0.123637
0 0 0 0 16.8924 1.70172 0.123637
0 0 0 0 16.8924 1.70172 0.123637
0 0 0 0 16.8924 1.70172 0.123637
0 0 0 0 16.8924 1.70172 0.123637
0 0 0 0 16.8924 1.70172 0.123637
0 0 0 0 16.8924 1.70172 0.123637
0 0 0 0 16.8924 1.70172 0.123637
0 0 0 0 16.8924 1.70172 0.123637
0.180859 0.152761 0 0 17.0451 1.70172 0.123637
0 0 0 0 17.0451 1.70172 0.123637
0 0 0 0 17.0451 1.70172 0.123637
0 0 0 0 17.0451 1.70172 0.123637
0 0 0 0 17.0451 1.70172 0.123637
0 0 0 0 17.0451 1.70172 0.123637
0 0 0 0 17.0451 1.70172 0.123637
0 0 0 0 17.0451 1.70172 0.123637
0 0 0 0 17.0451 1.70172 0.123637
0 0 0 0 17.0451 1.70172 0.123637
0 0 0 0 17.0451 1.70172 0.123637
0 0 0 0 17.0451 1.70172 0.123637
0 0 0 0 17.0451 1.70172 0.123637
0 0 0 0 17.0451 1.70172 0.123637
0 0 0 0 17.0451 1.70172 0.123637
0 0 0 0 17.0451 1.70172 0.123637
0 0 0 0 17.0451 1.70172 0.123637
0 0 0 0 17.0451 1.70172 0.123637
0 0 0 0 17.0451 1.70172 0.123637
0 0 0 0 17.0451 1.70172 0.123637
0 0 0 0 17.0451 1.70172 0.123637
0 0 0 0 17.0451 1.70172 0.123637
0 0 0 0 17.0451 1.70172 0.123637
0 0 0 0 17.0451 1.70172 0.123637
0 0 0 0 17.0451 1.70172 0.123637
0 0 0 0 17.0451 1.70172 0.123637
0 0 0 0 17.0451 1.70172 0.123637
0 0 0 0 17.0451 1.70172 0.123637
0 0 0 0 17.0451 1.70172 0.123637
0 0 0 0 17.0451 1.70172 0.123637
0 0 0 0 17.0451 1.70172 0.123637
0 0 0 0 17.0451 1.70172 0.123637
0 0 0 0 17.0451 1.70172 0.123637
0 0 0 0 17.0451 1.70172 0.123637
0 0 0 0 17.0451 1.70172 0.123637
0 0 0 0 17.0451 1.70172 0.123637
0 0 0 0 17.0451 1.70172 0.123637
0 0 0 0 17.0451 1.70172 0.123637
0.843676 1.16285 0 0 17.8888 1.70172 0.123637
0 0 0 0 17.8888 1.70172 0.123637
0 0 0 0 17.8888 1.70172 0.123637
0 0 0 0 17.8888 1.70172 0.123637
0 0 0 0 17.8888 1.70172 0.123637
0 0 0 0 17.8888 1.70172 0.123637
0 0 0 0 17.8888 1.70172 0.123637
0 0 0 0 17.8888 1.70172 0.123637
0 0 0 0 17.8888 1.70172 0.123637
0 0 0 0 17.8888 1.70172 0.123637
0 0 0 0 17.8888 1.70172 0.123637
0 0 0 0 17.8888 1.70172 0.123637
0 0 0 0 17.8888 1.70172 0.123637
0 0 0 0 17.8888 1.70172 0.123637
0 0 0 0 17.8888 1.70172 0.123637
0 0 0 0 17.8888 1.70172 0.123637
0 0 0 0 17.8888 1.70172 0.123637
0 0 0 0 17.8888 1.70172 0.123637
0 0 0 0 17.8888 1.70172 0.123637
0 0 0 0 17.8888 1.70172 0.123637
0 0 0 0 17.8888 1.70172 0.123637
0 0 0 0 17.8888 1.70172 0.123637
0 0 0 0 17.8888 1.70172 0.123637
0 0 0 0 17.8888 1.70172 0.123637
0 0 0 0 17.8888 1.70172 0.123637
0 0 0 0 17.8888 1.70172 0.123637
0 0 0 0 17.8888 1.70172 0.123637
0 0 0 0 17.8888 1.70172 0.123637
0 0 0 0 17.8888 1.70172 0.123637
0 0 0 0 17.8888 1.70172 0.123637
0.173943 0.0327588 0 0 17.9216 1.70172 0.123637
0 0 0 0 17.9216 1.70172 0.123637
0.0935804 0.011974 0.285328 0.0898514 17.9335 1.79157 0.123637
0.577823 0.0796076 0 0 18.0131 1.79157 0.123637
0.232636 0.25628 0 0 18.2458 1.79157 0.123637
0 0 0 0 18.2458 1.79157 0.123637
0 0 0 0 18.2458 1.79157 0.123637
0 0 0 0 18.2458 1.79157 0.123637
0.322158 0.259344 0 0 18.5051 1.79157 0.123637
0 0 0 0 18.5051 1.79157 0.123637
0 0 0 0 18.5051 1.79157 0.123637
