 0.163346 0.0726185   1.95303  0.608035 -0.295558   1.77746  -1.33729
 0.170283 0.0717568   1.95331  0.609522 -0.294855   1.78082   -1.3388
 0.175265 0.0711661   1.95347  0.609428 -0.294474     1.783  -1.34001
 0.179007 0.0707238   1.95356  0.608389 -0.294293   1.78451  -1.34102
 0.181952  0.070359   1.95361   0.60679 -0.294236   1.78566  -1.34189
 0.184374 0.0700317   1.95363  0.604864 -0.294256   1.78662  -1.34267
 0.186445 0.0697197   1.95364  0.602749 -0.294321   1.78749  -1.34339
 0.188274 0.0694111   1.95365   0.60053 -0.294412   1.78833  -1.34405
 0.189931 0.0690999   1.95366  0.598258 -0.294519   1.78917  -1.34467
  0.19146 0.0687835   1.95368  0.595962 -0.294632   1.79002  -1.34526
 0.192892  0.068461    1.9537  0.593661 -0.294747   1.79091  -1.34581
 0.194246 0.0681323   1.95372  0.591365 -0.294862   1.79182  -1.34634
 0.195538 0.0677978   1.95374   0.58908 -0.294975   1.79276  -1.34685
 0.196778 0.0674582   1.95378   0.58681 -0.295085   1.79372  -1.34734
 0.197974 0.0671141   1.95381  0.584555 -0.295192   1.79471  -1.34781
 0.199131 0.0667661   1.95385  0.582318 -0.295296   1.79571  -1.34826
 0.200255 0.0664148   1.95389  0.580097 -0.295396   1.79673   -1.3487
 0.201349 0.0660607   1.95394  0.577894 -0.295494   1.79777  -1.34912
 0.202417 0.0657044   1.95399  0.575708 -0.295588   1.79881  -1.34953
 0.203462 0.0653463   1.95404  0.573539  -0.29568   1.79987  -1.34993
 0.204485 0.0649867   1.95409  0.571386 -0.295769   1.80093  -1.35032
 0.205489  0.064626   1.95415   0.56925 -0.295856     1.802   -1.3507
 0.206475 0.0642645   1.95421  0.567129 -0.295941   1.80307  -1.35107
 0.207446 0.0639025   1.95426  0.565024 -0.296024   1.80415  -1.35143
 0.208401 0.0635403   1.95432  0.562934 -0.296106   1.80522  -1.35179
 0.209344  0.063178   1.95438  0.560858 -0.296186    1.8063  -1.35213
 0.210273 0.0628158   1.95444  0.558798 -0.296265   1.80737  -1.35247
 0.211191  0.062454    1.9545  0.556752 -0.296342   1.80844  -1.35281
 0.212098 0.0620928   1.95456   0.55472 -0.296419   1.80951  -1.35314
 0.212995 0.0617321   1.95463  0.552702 -0.296494   1.81058  -1.35346
 0.213883 0.0613723   1.95469  0.550698 -0.296569   1.81164  -1.35378
 0.214761 0.0610134   1.95475  0.548707 -0.296643    1.8127   -1.3541
 0.215631 0.0606555   1.95481   0.54673 -0.296716   1.81376  -1.35441
 0.216493 0.0602987   1.95487  0.544765 -0.296788   1.81481  -1.35471
 0.217346 0.0599431   1.95494  0.542814  -0.29686   1.81586  -1.35502
 0.218193 0.0595888     1.955  0.540876 -0.296931    1.8169  -1.35532
 0.219032 0.0592358   1.95506   0.53895 -0.297002   1.81793  -1.35561
 0.219865 0.0588843   1.95512  0.537037 -0.297073   1.81896   -1.3559
 0.220691 0.0585342   1.95518  0.535137 -0.297143   1.81999  -1.35619
  0.22151 0.0581856   1.95524  0.533248 -0.297212   1.82101  -1.35648
 0.222324 0.0578386    1.9553  0.531372 -0.297281   1.82202  -1.35677
 0.223131 0.0574932   1.95536  0.529508  -0.29735   1.82303  -1.35705
 0.223933 0.0571494   1.95542  0.527655 -0.297419   1.82403  -1.35733
 0.224728 0.0568073   1.95548  0.525814 -0.297487   1.82502   -1.3576
 0.225519 0.0564668   1.95554  0.523985 -0.297555   1.82601  -1.35788
 0.226303 0.0561281   1.95559  0.522167 -0.297623   1.82699  -1.35815
 0.227083  0.055791   1.95565  0.520361 -0.297691   1.82797  -1.35842
 0.227857 0.0554557   1.95571  0.518566 -0.297758   1.82894  -1.35869
 0.228626 0.0551221   1.95576  0.516782 -0.297825   1.82991  -1.35896
  0.22939 0.0547903   1.95582  0.515009 -0.297892   1.83087  -1.35922
 0.230149 0.0544603   1.95587  0.513247 -0.297959   1.83182  -1.35949
 0.230903 0.0541319   1.95593  0.511495 -0.298025   1.83277  -1.35975
 0.231652 0.0538054   1.95598  0.509755 -0.298092   1.83371  -1.36001
 0.232397 0.0534806   1.95604  0.508025 -0.298158   1.83465  -1.36026
 0.233137 0.0531576   1.95609  0.506305 -0.298224   1.83558  -1.36052
 0.233872 0.0528363   1.95614  0.504596  -0.29829   1.83651  -1.36077
 0.234603 0.0525168   1.95619  0.502897 -0.298356   1.83743  -1.36103
 0.235329 0.0521991   1.95625  0.501209 -0.298421   1.83834  -1.36128
 0.236051 0.0518831    1.9563   0.49953 -0.298487   1.83925  -1.36153
 0.236768 0.0515688   1.95635  0.497862 -0.298552   1.84015  -1.36177
 0.237481 0.0512563    1.9564  0.496203 -0.298617   1.84105  -1.36202
 0.238189 0.0509455   1.95645  0.494555 -0.298682   1.84194  -1.36227
 0.238894 0.0506365   1.95649  0.492916 -0.298747   1.84282  -1.36251
 0.239594 0.0503291   1.95654  0.491286 -0.298812    1.8437  -1.36275
  0.24029 0.0500235   1.95659  0.489667 -0.298876   1.84458  -1.36299
 0.240982 0.0497195   1.95664  0.488056 -0.298941   1.84545  -1.36323
 0.241669 0.0494172   1.95668  0.486456 -0.299005   1.84631  -1.36347
 0.242353 0.0491167   1.95673  0.484864 -0.299069   1.84717  -1.36371
 0.243033 0.0488177   1.95678  0.483282 -0.299133   1.84803  -1.36394
 0.243708 0.0485205   1.95682  0.481709 -0.299197   1.84888  -1.36418
  0.24438 0.0482248   1.95687  0.480145 -0.299261   1.84972  -1.36441
 0.245048 0.0479309   1.95691  0.478589 -0.299325   1.85056  -1.36464
 0.245712 0.0476385   1.95695  0.477043 -0.299388    1.8514  -1.36487
 0.246372 0.0473478     1.957  0.475506 -0.299452   1.85222   -1.3651
 0.247028 0.0470586   1.95704  0.473978 -0.299515   1.85305  -1.36533
 0.247681 0.0467711   1.95708  0.472458 -0.299578   1.85387  -1.36555
  0.24833 0.0464851   1.95713  0.470946 -0.299641   1.85468  -1.36578
 0.248975 0.0462007   1.95717  0.469444 -0.299704   1.85549    -1.366
 0.249616 0.0459178   1.95721   0.46795 -0.299767    1.8563  -1.36623
 0.250254 0.0456365   1.95725  0.466464 -0.299829    1.8571  -1.36645
 0.250888 0.0453568   1.95729  0.464986 -0.299892   1.85789  -1.36667
 0.251519 0.0450785   1.95733  0.463517 -0.299954   1.85868  -1.36689
 0.252146 0.0448018   1.95737  0.462056 -0.300016   1.85947  -1.36711
 0.252769 0.0445266   1.95741  0.460603 -0.300078   1.86025  -1.36733
  0.25339 0.0442528   1.95745  0.459159  -0.30014   1.86103  -1.36754
 0.254006 0.0439806   1.95749  0.457722 -0.300202    1.8618  -1.36776
 0.254619 0.0437098   1.95752  0.456293 -0.300264   1.86257  -1.36797
 0.255229 0.0434405   1.95756  0.454872 -0.300325   1.86334  -1.36818
 0.255836 0.0431726    1.9576  0.453459 -0.300386    1.8641   -1.3684
 0.256439 0.0429061   1.95763  0.452054 -0.300448   1.86485  -1.36861
 0.257038 0.0426411   1.95767  0.450656 -0.300509    1.8656  -1.36882
 0.257635 0.0423775   1.95771  0.449266  -0.30057   1.86635  -1.36903
 0.258228 0.0421153   1.95774  0.447883 -0.300631   1.86709  -1.36923
 0.258818 0.0418545   1.95778  0.446508 -0.300691   1.86783  -1.36944
 0.259405 0.0415951   1.95781  0.445141 -0.300752   1.86856  -1.36964
 0.259988 0.0413371   1.95785   0.44378 -0.300812    1.8693  -1.36985
 0.260569 0.0410804   1.95788  0.442428 -0.300873   1.87002  -1.37005
 0.261146 0.0408251   1.95791  0.441082 -0.300933   1.87074  -1.37026
  0.26172 0.0405711   1.95795  0.439744 -0.300993   1.87146  -1.37046
 0.262291 0.0403185   1.95798  0.438412 -0.301053   1.87218  -1.37066
 0.262859 0.0400671   1.95801  0.437088 -0.301113   1.87289  -1.37086
 0.263424 0.0398171   1.95805  0.435771 -0.301172   1.87359  -1.37106
 0.263986 0.0395684   1.95808  0.434461 -0.301232   1.87429  -1.37125
 0.264545  0.039321   1.95811  0.433158 -0.301291   1.87499  -1.37145
 0.265101 0.0390749   1.95814  0.431862  -0.30135   1.87569  -1.37165
 0.265654 0.0388301   1.95817  0.430572 -0.301409   1.87638  -1.37184
 0.266204 0.0385865    1.9582   0.42929 -0.301468   1.87707  -1.37203
 0.266751 0.0383442   1.95823  0.428014 -0.301527   1.87775  -1.37223
 0.267295 0.0381032   1.95827  0.426745 -0.301586   1.87843  -1.37242
 0.267836 0.0378634    1.9583  0.425482 -0.301644   1.87911  -1.37261
 0.268375 0.0376248   1.95832  0.424226 -0.301703   1.87978   -1.3728
 0.268911 0.0373874   1.95835  0.422977 -0.301761   1.88045  -1.37299
 0.269444 0.0371513   1.95838  0.421734 -0.301819   1.88111  -1.37318
 0.269974 0.0369163   1.95841  0.420497 -0.301877   1.88177  -1.37337
 0.270501 0.0366826   1.95844  0.419267 -0.301935   1.88243  -1.37355
 0.271026 0.0364501   1.95847  0.418044 -0.301993   1.88309  -1.37374
 0.271548 0.0362187    1.9585  0.416826  -0.30205   1.88374  -1.37392
 0.272067 0.0359885   1.95852  0.415615 -0.302108   1.88438  -1.37411
 0.272583 0.0357595   1.95855   0.41441 -0.302165   1.88503  -1.37429
 0.273097 0.0355316   1.95858  0.413211 -0.302222   1.88567  -1.37447
 0.273609 0.0353049   1.95861  0.412019 -0.302279   1.88631  -1.37465
 0.274117 0.0350793   1.95863  0.410832 -0.302336   1.88694  -1.37483
 0.274623 0.0348549   1.95866  0.409651 -0.302393   1.88757  -1.37501
 0.275127 0.0346315   1.95868  0.408477 -0.302449    1.8882  -1.37519
 0.275628 0.0344093   1.95871  0.407308 -0.302506   1.88882  -1.37537
 0.276126 0.0341882   1.95874  0.406146 -0.302562   1.88944  -1.37555
 0.276622 0.0339683   1.95876  0.404989 -0.302618   1.89006  -1.37572
 0.277115 0.0337494   1.95879  0.403838 -0.302674   1.89068   -1.3759
 0.277606 0.0335316   1.95881  0.402693  -0.30273   1.89129  -1.37607
 0.278094 0.0333148   1.95884  0.401553 -0.302786   1.89189  -1.37625
  0.27858 0.0330992   1.95886   0.40042 -0.302842    1.8925  -1.37642
 0.279063 0.0328846   1.95888  0.399292 -0.302897    1.8931  -1.37659
 0.279544 0.0326711   1.95891  0.398169 -0.302952    1.8937  -1.37676
 0.280023 0.0324586   1.95893  0.397052 -0.303008    1.8943  -1.37694
 0.280499 0.0322472   1.95896  0.395941 -0.303063   1.89489  -1.37711
 0.280973 0.0320368   1.95898  0.394835 -0.303118   1.89548  -1.37727
 0.281444 0.0318274     1.959  0.393735 -0.303172   1.89606  -1.37744
 0.281913 0.0316191   1.95902   0.39264 -0.303227   1.89665  -1.37761
  0.28238 0.0314118   1.95905  0.391551 -0.303282   1.89723  -1.37778
 0.282844 0.0312055   1.95907  0.390467 -0.303336   1.89781  -1.37794
 0.283307 0.0310002   1.95909  0.389388  -0.30339   1.89838  -1.37811
 0.283766 0.0307959   1.95911  0.388315 -0.303444   1.89895  -1.37827
 0.284224 0.0305926   1.95914  0.387247 -0.303498   1.89952  -1.37844
 0.284679 0.0303903   1.95916  0.386184 -0.303552   1.90009   -1.3786
 0.285132 0.0301889   1.95918  0.385126 -0.303606   1.90065  -1.37876
 0.285583 0.0299885    1.9592  0.384073  -0.30366   1.90121  -1.37892
 0.286032 0.0297891   1.95922  0.383026 -0.303713   1.90177  -1.37909
 0.286479 0.0295907   1.95924  0.381984 -0.303766   1.90232  -1.37925
 0.286923 0.0293932   1.95926  0.380946  -0.30382   1.90287  -1.37941
 0.287365 0.0291967   1.95928  0.379914 -0.303873   1.90342  -1.37956
 0.287805 0.0290011    1.9593  0.378887 -0.303925   1.90397  -1.37972
 0.288243 0.0288064   1.95932  0.377865 -0.303978   1.90451  -1.37988
 0.288679 0.0286127   1.95934  0.376847 -0.304031   1.90505  -1.38004
 0.289112 0.0284199   1.95936  0.375835 -0.304083   1.90559  -1.38019
 0.289544  0.028228   1.95938  0.374827 -0.304136   1.90613  -1.38035
 0.289973 0.0280371    1.9594  0.373825 -0.304188   1.90666   -1.3805
  0.2904 0.027847  1.95942 0.372827 -0.30424  1.90719 -1.38066
 0.290826 0.0276578   1.95944  0.371833 -0.304292   1.90772  -1.38081
 0.291249 0.0274696   1.95946  0.370845 -0.304344   1.90824  -1.38096
  0.29167 0.0272822   1.95948  0.369861 -0.304396   1.90877  -1.38111
 0.292089 0.0270957   1.95949  0.368882 -0.304447   1.90929  -1.38127
 0.292507 0.0269101   1.95951  0.367908 -0.304499    1.9098  -1.38142
 0.292922 0.0267254   1.95953  0.366938  -0.30455   1.91032  -1.38157
 0.293335 0.0265415   1.95955  0.365973 -0.304601   1.91083  -1.38172
 0.293746 0.0263585   1.95957  0.365013 -0.304652   1.91134  -1.38186
 0.294156 0.0261764   1.95958  0.364057 -0.304703   1.91185  -1.38201
 0.294563 0.0259951    1.9596  0.363105 -0.304754   1.91235  -1.38216
 0.294969 0.0258147   1.95962  0.362158 -0.304804   1.91286  -1.38231
 0.295372 0.0256351   1.95964  0.361215 -0.304855   1.91336  -1.38245
 0.295774 0.0254563   1.95965  0.360277 -0.304905   1.91385   -1.3826
 0.296174 0.0252784   1.95967  0.359344 -0.304955   1.91435  -1.38274
 0.296571 0.0251013   1.95969  0.358414 -0.305006   1.91484  -1.38289
 0.296967 0.0249251    1.9597  0.357489 -0.305056   1.91533  -1.38303
 0.297362 0.0247496   1.95972  0.356569 -0.305105   1.91582  -1.38317
 0.297754  0.024575   1.95974  0.355652 -0.305155   1.91631  -1.38332
 0.298144 0.0244012   1.95975   0.35474 -0.305205   1.91679  -1.38346
 0.298533 0.0242282   1.95977  0.353832 -0.305254   1.91727   -1.3836
  0.29892  0.024056   1.95978  0.352929 -0.305304   1.91775  -1.38374
 0.299305 0.0238845    1.9598  0.352029 -0.305353   1.91823  -1.38388
 0.299688 0.0237139   1.95982  0.351134 -0.305402    1.9187  -1.38402
 0.300069 0.0235441   1.95983  0.350243 -0.305451   1.91917  -1.38416
0.300449 0.023375  1.95985 0.349356  -0.3055  1.91964 -1.38429
 0.300827 0.0232067   1.95986  0.348473 -0.305548   1.92011  -1.38443
 0.301203 0.0230392   1.95988  0.347594 -0.305597   1.92058  -1.38457
 0.301577 0.0228725   1.95989   0.34672 -0.305645   1.92104  -1.38471
  0.30195 0.0227065   1.95991  0.345849 -0.305694    1.9215  -1.38484
 0.302321 0.0225413   1.95992  0.344982 -0.305742   1.92196  -1.38498
  0.30269 0.0223768   1.95994  0.344119  -0.30579   1.92242  -1.38511
 0.303058 0.0222131   1.95995  0.343261 -0.305838   1.92287  -1.38525
 0.303423 0.0220501   1.95997  0.342406 -0.305886   1.92332  -1.38538
 0.303788 0.0218879   1.95998  0.341555 -0.305933   1.92377  -1.38551
  0.30415 0.0217264   1.95999  0.340708 -0.305981   1.92422  -1.38564
 0.304511 0.0215657   1.96001  0.339865 -0.306028   1.92467  -1.38578
  0.30487 0.0214057   1.96002  0.339025 -0.306075   1.92511  -1.38591
 0.305228 0.0212464   1.96004   0.33819 -0.306123   1.92555  -1.38604
 0.305584 0.0210878   1.96005  0.337358  -0.30617   1.92599  -1.38617
 0.305938 0.0209299   1.96006   0.33653 -0.306217   1.92643   -1.3863
  0.30629 0.0207728   1.96008  0.335706 -0.306263   1.92687  -1.38643
 0.306641 0.0206164   1.96009  0.334886  -0.30631    1.9273  -1.38655
 0.306991 0.0204606    1.9601  0.334069 -0.306357   1.92773  -1.38668
 0.307339 0.0203056   1.96012  0.333256 -0.306403   1.92816  -1.38681
 0.307685 0.0201513   1.96013  0.332446 -0.306449   1.92859  -1.38694
  0.30803 0.0199976   1.96014  0.331641 -0.306496   1.92901  -1.38706
 0.308373 0.0198447   1.96015  0.330839 -0.306542   1.92944  -1.38719
 0.308715 0.0196924   1.96017   0.33004 -0.306588   1.92986  -1.38731
 0.309055 0.0195409   1.96018  0.329245 -0.306633   1.93028  -1.38744
 0.309393   0.01939   1.96019  0.328454 -0.306679    1.9307  -1.38756
  0.30973 0.0192398   1.96021  0.327666 -0.306725   1.93111  -1.38769
 0.310066 0.0190902   1.96022  0.326882  -0.30677   1.93153  -1.38781
   0.3104 0.0189413   1.96023  0.326101 -0.306815   1.93194  -1.38793
 0.310732 0.0187931   1.96024  0.325324 -0.306861   1.93235  -1.38806
 0.311063 0.0186456   1.96025   0.32455 -0.306906   1.93276  -1.38818
 0.311393 0.0184987   1.96027   0.32378 -0.306951   1.93317   -1.3883
 0.311721 0.0183524   1.96028  0.323013 -0.306996   1.93357  -1.38842
 0.312047 0.0182068   1.96029   0.32225  -0.30704   1.93397  -1.38854
 0.312373 0.0180619    1.9603   0.32149 -0.307085   1.93437  -1.38866
 0.312696 0.0179176   1.96031  0.320733 -0.307129   1.93477  -1.38878
 0.313018 0.0177739   1.96032   0.31998 -0.307174   1.93517   -1.3889
 0.313339 0.0176309   1.96034   0.31923 -0.307218   1.93557  -1.38901
 0.313659 0.0174885   1.96035  0.318483 -0.307262   1.93596  -1.38913
 0.313976 0.0173467   1.96036   0.31774 -0.307306   1.93635  -1.38925
 0.314293 0.0172056   1.96037     0.317  -0.30735   1.93674  -1.38937
 0.314608 0.0170651   1.96038  0.316263 -0.307394   1.93713  -1.38948
 0.314922 0.0169252   1.96039  0.315529 -0.307438   1.93752   -1.3896
 0.315234 0.0167859    1.9604  0.314799 -0.307481    1.9379  -1.38971
 0.315545 0.0166473   1.96041  0.314072 -0.307525   1.93829  -1.38983
 0.315855 0.0165092   1.96042  0.313348 -0.307568   1.93867  -1.38994
 0.316163 0.0163718   1.96044  0.312627 -0.307611   1.93905  -1.39006
  0.31647 0.0162349   1.96045   0.31191 -0.307654   1.93943  -1.39017
 0.316775 0.0160987   1.96046  0.311195 -0.307697    1.9398  -1.39028
 0.31708 0.015963  1.96047 0.310484 -0.30774  1.94018  -1.3904
 0.317382  0.015828   1.96048  0.309776 -0.307783   1.94055  -1.39051
 0.317684 0.0156935   1.96049  0.309071 -0.307826   1.94092  -1.39062
 0.317984 0.0155597    1.9605  0.308369 -0.307868   1.94129  -1.39073
 0.318283 0.0154264   1.96051   0.30767  -0.30791   1.94166  -1.39084
  0.31858 0.0152937   1.96052  0.306975 -0.307953   1.94203  -1.39095
 0.318877 0.0151616   1.96053  0.306282 -0.307995   1.94239  -1.39106
 0.319172   0.01503   1.96054  0.305592 -0.308037   1.94275  -1.39117
 0.319465  0.014899   1.96055  0.304905 -0.308079   1.94312  -1.39128
 0.319758 0.0147686   1.96056  0.304222 -0.308121   1.94348  -1.39139
 0.320049 0.0146388   1.96057  0.303541 -0.308163   1.94383   -1.3915
 0.320339 0.0145095   1.96058  0.302863 -0.308204   1.94419   -1.3916
 0.320627 0.0143808   1.96059  0.302188 -0.308246   1.94455  -1.39171
 0.320914 0.0142527    1.9606  0.301516 -0.308287    1.9449  -1.39182
 0.321201 0.0141251   1.96061  0.300847 -0.308328   1.94525  -1.39192
0.321485 0.013998  1.96062 0.300181 -0.30837   1.9456 -1.39203
 0.321769 0.0138716   1.96063  0.299518 -0.308411   1.94595  -1.39214
 0.322051 0.0137456   1.96063  0.298857 -0.308452    1.9463  -1.39224
 0.322332 0.0136202   1.96064    0.2982 -0.308492   1.94664  -1.39234
 0.322612 0.0134954   1.96065  0.297545 -0.308533   1.94699  -1.39245
 0.322891  0.013371   1.96066  0.296893 -0.308574   1.94733  -1.39255
 0.323169 0.0132473   1.96067  0.296244 -0.308614   1.94767  -1.39266
 0.323445  0.013124   1.96068  0.295598 -0.308655   1.94801  -1.39276
  0.32372 0.0130013   1.96069  0.294954 -0.308695   1.94835  -1.39286
 0.323994 0.0128791    1.9607  0.294314 -0.308735   1.94869  -1.39296
 0.324267 0.0127575   1.96071  0.293676 -0.308775   1.94902  -1.39306
 0.324538 0.0126363   1.96072  0.293041 -0.308815   1.94936  -1.39317
 0.324809 0.0125157   1.96072  0.292408 -0.308855   1.94969  -1.39327
 0.325078 0.0123956   1.96073  0.291778 -0.308895   1.95002  -1.39337
 0.325346 0.0122761   1.96074  0.291151 -0.308935   1.95035  -1.39347
 0.325613  0.012157   1.96075  0.290527 -0.308974   1.95068  -1.39357
 0.325879 0.0120384   1.96076  0.289905 -0.309014     1.951  -1.39367
 0.326143 0.0119204   1.96077  0.289286 -0.309053   1.95133  -1.39377
 0.326407 0.0118029   1.96078   0.28867 -0.309092   1.95165  -1.39386
 0.326669 0.0116858   1.96078  0.288056 -0.309132   1.95198  -1.39396
  0.32693 0.0115693   1.96079  0.287445 -0.309171    1.9523  -1.39406
 0.327191 0.0114533    1.9608  0.286836 -0.309209   1.95262  -1.39416
  0.32745 0.0113377   1.96081   0.28623 -0.309248   1.95293  -1.39425
 0.327707 0.0112227   1.96082  0.285627 -0.309287   1.95325  -1.39435
 0.327964 0.0111081   1.96083  0.285026 -0.309326   1.95357  -1.39445
  0.32822  0.010994   1.96083  0.284428 -0.309364   1.95388  -1.39454
 0.328475 0.0108805   1.96084  0.283832 -0.309403   1.95419  -1.39464
 0.328728 0.0107674   1.96085  0.283239 -0.309441    1.9545  -1.39473
 0.328981 0.0106548   1.96086  0.282648 -0.309479   1.95481  -1.39483
 0.329232 0.0105426   1.96087   0.28206 -0.309517   1.95512  -1.39492
 0.329482  0.010431   1.96087  0.281475 -0.309555   1.95543  -1.39501
 0.329732 0.0103198   1.96088  0.280892 -0.309593   1.95574  -1.39511
  0.32998 0.0102091   1.96089  0.280311 -0.309631   1.95604   -1.3952
 0.330227 0.0100988    1.9609  0.279733 -0.309669   1.95634  -1.39529
  0.330473 0.00998907     1.9609   0.279157  -0.309706    1.95665   -1.39539
  0.330718 0.00987976    1.96091   0.278583  -0.309744    1.95695   -1.39548
  0.330962 0.00977092    1.96092   0.278013  -0.309781    1.95725   -1.39557
  0.331205 0.00966254    1.96093   0.277444  -0.309819    1.95755   -1.39566
  0.331447 0.00955462    1.96094   0.276878  -0.309856    1.95784   -1.39575
  0.331688 0.00944716    1.96094   0.276314  -0.309893    1.95814   -1.39584
  0.331928 0.00934015    1.96095   0.275753   -0.30993    1.95843   -1.39593
  0.332167 0.00923359    1.96096   0.275194  -0.309967    1.95873   -1.39602
  0.332405 0.00912749    1.96096   0.274637  -0.310004    1.95902   -1.39611
  0.332642 0.00902183    1.96097   0.274083   -0.31004    1.95931    -1.3962
  0.332878 0.00891662    1.96098   0.273531  -0.310077     1.9596   -1.39629
  0.333113 0.00881185    1.96099   0.272981  -0.310113    1.95989   -1.39638
  0.333346 0.00870753    1.96099   0.272434   -0.31015    1.96017   -1.39647
  0.333579 0.00860365      1.961   0.271889  -0.310186    1.96046   -1.39655
 0.333811 0.0085002   1.96101  0.271346 -0.310222   1.96074  -1.39664
  0.334042 0.00839719    1.96102   0.270806  -0.310259    1.96103   -1.39673
  0.334272 0.00829461    1.96102   0.270267  -0.310295    1.96131   -1.39681
  0.334501 0.00819247    1.96103   0.269731  -0.310331    1.96159    -1.3969
  0.334729 0.00809076    1.96104   0.269198  -0.310366    1.96187   -1.39699
  0.334957 0.00798947    1.96104   0.268666  -0.310402    1.96215   -1.39707
  0.335183 0.00788861    1.96105   0.268137  -0.310438    1.96242   -1.39716
  0.335408 0.00778817    1.96106    0.26761  -0.310473     1.9627   -1.39724
  0.335632 0.00768816    1.96106   0.267085  -0.310509    1.96298   -1.39733
  0.335856 0.00758857    1.96107   0.266562  -0.310544    1.96325   -1.39741
  0.336078 0.00748939    1.96108   0.266042   -0.31058    1.96352    -1.3975
    0.3363 0.00739063    1.96109   0.265524  -0.310615    1.96379   -1.39758
   0.33652 0.00729228    1.96109   0.265008   -0.31065    1.96406   -1.39766
   0.33674 0.00719435     1.9611   0.264494  -0.310685    1.96433   -1.39775
  0.336959 0.00709683    1.96111   0.263982   -0.31072     1.9646   -1.39783
  0.337176 0.00699971    1.96111   0.263472  -0.310755    1.96487   -1.39791
 0.337393  0.006903   1.96112  0.262964 -0.310789   1.96513  -1.39799
 0.337609 0.0068067   1.96113  0.262459 -0.310824    1.9654  -1.39807
 0.337824 0.0067108   1.96113  0.261955 -0.310859   1.96566  -1.39816
 0.338039 0.0066153   1.96114  0.261454 -0.310893   1.96592  -1.39824
 0.338252 0.0065202   1.96115  0.260955 -0.310927   1.96618  -1.39832
 0.338464 0.0064255   1.96115  0.260458 -0.310962   1.96644   -1.3984
  0.338676 0.00633119    1.96116   0.259963  -0.310996     1.9667   -1.39848
  0.338887 0.00623728    1.96116    0.25947   -0.31103    1.96696   -1.39856
  0.339096 0.00614376    1.96117   0.258979  -0.311064    1.96722   -1.39864
  0.339305 0.00605063    1.96118    0.25849  -0.311098    1.96747   -1.39872
  0.339513 0.00595788    1.96118   0.258003  -0.311132    1.96773    -1.3988
  0.339721 0.00586553    1.96119   0.257518  -0.311165    1.96798   -1.39887
  0.339927 0.00577356     1.9612   0.257035  -0.311199    1.96824   -1.39895
  0.340132 0.00568197     1.9612   0.256554  -0.311233    1.96849   -1.39903
  0.340337 0.00559076    1.96121   0.256075  -0.311266    1.96874   -1.39911
  0.340541 0.00549994    1.96122   0.255598  -0.311299    1.96899   -1.39919
  0.340744 0.00540949    1.96122   0.255123  -0.311333    1.96924   -1.39926
  0.340946 0.00531941    1.96123    0.25465  -0.311366    1.96948   -1.39934
  0.341147 0.00522972    1.96123   0.254179  -0.311399    1.96973   -1.39942
  0.341348 0.00514039    1.96124    0.25371  -0.311432    1.96997   -1.39949
  0.341547 0.00505144    1.96125   0.253243  -0.311465    1.97022   -1.39957
  0.341746 0.00496285    1.96125   0.252778  -0.311498    1.97046   -1.39964
  0.341944 0.00487464    1.96126   0.252314  -0.311531     1.9707   -1.39972
  0.342141 0.00478679    1.96127   0.251853  -0.311563    1.97095   -1.39979
 0.342337 0.0046993   1.96127  0.251394 -0.311596   1.97119  -1.39987
  0.342533 0.00461218    1.96128   0.250936  -0.311629    1.97142   -1.39994
  0.342728 0.00452542    1.96128    0.25048  -0.311661    1.97166   -1.40002
  0.342922 0.00443902    1.96129   0.250026  -0.311693     1.9719   -1.40009
  0.343115 0.00435297     1.9613   0.249574  -0.311726    1.97214   -1.40016
  0.343307 0.00426729     1.9613   0.249124  -0.311758    1.97237   -1.40024
  0.343499 0.00418196    1.96131   0.248676   -0.31179    1.97261   -1.40031
  0.343689 0.00409698    1.96131   0.248229  -0.311822    1.97284   -1.40038
  0.343879 0.00401235    1.96132   0.247785  -0.311854    1.97307   -1.40045
  0.344069 0.00392807    1.96133   0.247342  -0.311886     1.9733   -1.40053
  0.344257 0.00384415    1.96133   0.246901  -0.311917    1.97353    -1.4006
  0.344445 0.00376057    1.96134   0.246462  -0.311949    1.97376   -1.40067
  0.344631 0.00367733    1.96134   0.246024  -0.311981    1.97399   -1.40074
  0.344818 0.00359444    1.96135   0.245589  -0.312012    1.97422   -1.40081
  0.345003 0.00351189    1.96136   0.245155  -0.312044    1.97445   -1.40088
  0.345187 0.00342969    1.96136   0.244723  -0.312075    1.97467   -1.40095
  0.345371 0.00334782    1.96137   0.244293  -0.312106     1.9749   -1.40102
  0.345554 0.00326629    1.96137   0.243864  -0.312138    1.97512   -1.40109
 0.345737 0.0031851   1.96138  0.243437 -0.312169   1.97534  -1.40116
  0.345918 0.00310424    1.96138   0.243012    -0.3122    1.97556   -1.40123
  0.346099 0.00302371    1.96139   0.242589  -0.312231    1.97578    -1.4013
  0.346279 0.00294352     1.9614   0.242168  -0.312262    1.97601   -1.40137
  0.346459 0.00286366     1.9614   0.241748  -0.312292    1.97622   -1.40144
  0.346637 0.00278413    1.96141    0.24133  -0.312323    1.97644   -1.40151
  0.346815 0.00270492    1.96141   0.240913  -0.312354    1.97666   -1.40157
  0.346992 0.00262605    1.96142   0.240499  -0.312384    1.97688   -1.40164
  0.347169 0.00254749    1.96142   0.240086  -0.312415    1.97709   -1.40171
  0.347344 0.00246926    1.96143   0.239674  -0.312445    1.97731   -1.40178
  0.347519 0.00239136    1.96144   0.239265  -0.312475    1.97752   -1.40184
  0.347694 0.00231377    1.96144   0.238857  -0.312506    1.97773   -1.40191
 0.347867 0.0022365   1.96145   0.23845 -0.312536   1.97795  -1.40198
   0.34804 0.00215955    1.96145   0.238046  -0.312566    1.97816   -1.40204
  0.348212 0.00208292    1.96146   0.237643  -0.312596    1.97837   -1.40211
 0.348384 0.0020066   1.96146  0.237241 -0.312626   1.97858  -1.40218
 0.348555 0.0019306   1.96147  0.236842 -0.312656   1.97878  -1.40224
  0.348725 0.00185491    1.96147   0.236443  -0.312685    1.97899   -1.40231
  0.348894 0.00177953    1.96148   0.236047  -0.312715     1.9792   -1.40237
  0.349063 0.00170446    1.96149   0.235652  -0.312745    1.97941   -1.40244
  0.349231 0.00162969    1.96149   0.235259  -0.312774    1.97961    -1.4025
  0.349398 0.00155524     1.9615   0.234867  -0.312804    1.97981   -1.40256
  0.349565 0.00148109     1.9615   0.234477  -0.312833    1.98002   -1.40263
  0.349731 0.00140724    1.96151   0.234088  -0.312863    1.98022   -1.40269
 0.349896 0.0013337   1.96151  0.233702 -0.312892   1.98042  -1.40275
  0.350061 0.00126046    1.96152   0.233316  -0.312921    1.98062   -1.40282
  0.350225 0.00118752    1.96152   0.232932   -0.31295    1.98082   -1.40288
  0.350388 0.00111488    1.96153    0.23255  -0.312979    1.98102   -1.40294
  0.350551 0.00104254    1.96154   0.232169  -0.313008    1.98122   -1.40301
   0.350713 0.000970493     1.96154     0.23179   -0.313037     1.98142    -1.40307
   0.350874 0.000898742     1.96155    0.231413   -0.313066     1.98162    -1.40313
   0.351035 0.000827286     1.96155    0.231037   -0.313094     1.98181    -1.40319
   0.351195 0.000756122     1.96156    0.230662   -0.313123     1.98201    -1.40325
   0.351354 0.000685249     1.96156    0.230289   -0.313152      1.9822    -1.40331
   0.351513 0.000614667     1.96157    0.229917    -0.31318      1.9824    -1.40338
   0.351671 0.000544375     1.96157    0.229547   -0.313209     1.98259    -1.40344
  0.351828 0.00047437    1.96158   0.229179  -0.313237    1.98278    -1.4035
   0.351985 0.000404651     1.96158    0.228812   -0.313265     1.98297    -1.40356
   0.352141 0.000335218     1.96159    0.228446   -0.313294     1.98316    -1.40362
   0.352297 0.000266069     1.96159    0.228082   -0.313322     1.98335    -1.40368
   0.352452 0.000197203      1.9616     0.22772    -0.31335     1.98354    -1.40374
   0.352606 0.000128619     1.96161    0.227358   -0.313378     1.98373     -1.4038
    0.35276 6.03154e-05     1.96161    0.226999   -0.313406     1.98392    -1.40386
    0.352913 -7.70893e-06      1.96162      0.22664    -0.313434       1.9841     -1.40391
    0.353065 -7.54551e-05      1.96162     0.226284    -0.313461      1.98429     -1.40397
    0.353217 -0.000142924      1.96163     0.225928    -0.313489      1.98447     -1.40403
    0.353368 -0.000210118      1.96163     0.225574    -0.313517      1.98466     -1.40409
    0.353519 -0.000277036      1.96164     0.225222    -0.313544      1.98484     -1.40415
    0.353669 -0.000343682      1.96164     0.224871    -0.313572      1.98502     -1.40421
    0.353818 -0.000410055      1.96165     0.224521    -0.313599      1.98521     -1.40426
    0.353967 -0.000476157      1.96165     0.224173    -0.313627      1.98539     -1.40432
    0.354115 -0.000541988      1.96166     0.223826    -0.313654      1.98557     -1.40438
    0.354263 -0.000607551      1.96166     0.223481    -0.313681      1.98575     -1.40443
     0.35441 -0.000672847      1.96167     0.223137    -0.313708      1.98593     -1.40449
    0.354556 -0.000737875      1.96167     0.222794    -0.313736      1.98611     -1.40455
    0.354702 -0.000802639      1.96168     0.222453    -0.313763      1.98628      -1.4046
    0.354847 -0.000867137      1.96168     0.222113     -0.31379      1.98646     -1.40466
    0.354992 -0.000931373      1.96169     0.221774    -0.313817      1.98664     -1.40472
    0.355136 -0.000995347       1.9617     0.221437    -0.313843      1.98681     -1.40477
    0.35528 -0.00105906      1.9617    0.221101    -0.31387     1.98699    -1.40483
   0.355422 -0.00112251     1.96171    0.220767   -0.313897     1.98716    -1.40488
   0.355565 -0.00118571     1.96171    0.220433   -0.313923     1.98734    -1.40494
   0.355707 -0.00124864     1.96172    0.220102    -0.31395     1.98751    -1.40499
   0.355848 -0.00131132     1.96172    0.219771   -0.313977     1.98768    -1.40505
   0.355988 -0.00137374     1.96173    0.219442   -0.314003     1.98785     -1.4051
   0.356128 -0.00143591     1.96173    0.219114   -0.314029     1.98802    -1.40515
   0.356268 -0.00149783     1.96174    0.218788   -0.314056     1.98819    -1.40521
   0.356407 -0.00155949     1.96174    0.218463   -0.314082     1.98836    -1.40526
   0.356545 -0.00162091     1.96175    0.218139   -0.314108     1.98853    -1.40532
   0.356683 -0.00168207     1.96175    0.217816   -0.314134      1.9887    -1.40537
    0.35682 -0.00174298     1.96176    0.217495    -0.31416     1.98886    -1.40542
   0.356957 -0.00180365     1.96176    0.217175   -0.314186     1.98903    -1.40547
   0.357093 -0.00186406     1.96177    0.216856   -0.314212      1.9892    -1.40553
   0.357229 -0.00192423     1.96177    0.216539   -0.314238     1.98936    -1.40558
   0.357364 -0.00198416     1.96178    0.216223   -0.314264     1.98953    -1.40563
   0.357499 -0.00204384     1.96178    0.215908    -0.31429     1.98969    -1.40568
   0.357633 -0.00210328     1.96179    0.215594   -0.314315     1.98985    -1.40574
   0.357766 -0.00216248     1.96179    0.215282   -0.314341     1.99002    -1.40579
   0.357899 -0.00222144      1.9618     0.21497   -0.314366     1.99018    -1.40584
   0.358031 -0.00228015      1.9618    0.214661   -0.314392     1.99034    -1.40589
   0.358163 -0.00233863     1.96181    0.214352   -0.314417      1.9905    -1.40594
   0.358295 -0.00239687     1.96182    0.214045   -0.314443     1.99066    -1.40599
   0.358425 -0.00245487     1.96182    0.213738   -0.314468     1.99082    -1.40604
   0.358556 -0.00251264     1.96183    0.213433   -0.314493     1.99098    -1.40609
   0.358685 -0.00257017     1.96183     0.21313   -0.314518     1.99114    -1.40614
   0.358815 -0.00262747     1.96184    0.212827   -0.314543     1.99129    -1.40619
   0.358943 -0.00268453     1.96184    0.212526   -0.314569     1.99145    -1.40624
   0.359072 -0.00274136     1.96185    0.212226   -0.314593     1.99161    -1.40629
   0.359199 -0.00279796     1.96185    0.211927   -0.314618     1.99176    -1.40634
   0.359327 -0.00285434     1.96186    0.211629   -0.314643     1.99192    -1.40639
   0.359453 -0.00291048     1.96186    0.211333   -0.314668     1.99207    -1.40644
   0.359579 -0.00296639     1.96187    0.211037   -0.314693     1.99222    -1.40649
   0.359705 -0.00302208     1.96187    0.210743   -0.314718     1.99238    -1.40654
    0.35983 -0.00307754     1.96188     0.21045   -0.314742     1.99253    -1.40659
   0.359955 -0.00313277     1.96188    0.210159   -0.314767     1.99268    -1.40664
   0.360079 -0.00318778     1.96189    0.209868   -0.314791     1.99283    -1.40669
   0.360203 -0.00324257     1.96189    0.209578   -0.314816     1.99298    -1.40673
   0.360326 -0.00329713      1.9619     0.20929    -0.31484     1.99313    -1.40678
   0.360449 -0.00335147      1.9619    0.209003   -0.314864     1.99328    -1.40683
   0.360571 -0.00340559     1.96191    0.208717   -0.314889     1.99343    -1.40688
   0.360693 -0.00345949     1.96191    0.208432   -0.314913     1.99358    -1.40692
   0.360814 -0.00351317     1.96192    0.208148   -0.314937     1.99373    -1.40697
   0.360935 -0.00356664     1.96192    0.207866   -0.314961     1.99387    -1.40702
   0.361055 -0.00361988     1.96193    0.207584   -0.314985     1.99402    -1.40706
   0.361175 -0.00367291     1.96193    0.207304   -0.315009     1.99416    -1.40711
   0.361294 -0.00372573     1.96194    0.207025   -0.315033     1.99431    -1.40716
   0.361413 -0.00377833     1.96194    0.206747   -0.315057     1.99445     -1.4072
   0.361531 -0.00383071     1.96195     0.20647   -0.315081      1.9946    -1.40725
   0.361649 -0.00388289     1.96195    0.206194   -0.315104     1.99474     -1.4073
   0.361767 -0.00393485     1.96196    0.205919   -0.315128     1.99488    -1.40734
  0.361884 -0.0039866    1.96197   0.205645  -0.315152    1.99503   -1.40739
      0.362 -0.00403814     1.96197    0.205372   -0.315175     1.99517    -1.40743
   0.362116 -0.00408947     1.96198    0.205101   -0.315199     1.99531    -1.40748
   0.362232 -0.00414059     1.96198     0.20483   -0.315222     1.99545    -1.40752
   0.362347 -0.00419151     1.96199    0.204561   -0.315246     1.99559    -1.40757
   0.362462 -0.00424222     1.96199    0.204293   -0.315269     1.99573    -1.40761
   0.362576 -0.00429272       1.962    0.204026   -0.315292     1.99587    -1.40766
    0.36269 -0.00434302       1.962    0.203759   -0.315316     1.99601     -1.4077
   0.362803 -0.00439311     1.96201    0.203494   -0.315339     1.99614    -1.40774
 0.362916 -0.004443   1.96201   0.20323 -0.315362   1.99628  -1.40779
   0.363028 -0.00449269     1.96202    0.202967   -0.315385     1.99642    -1.40783
    0.36314 -0.00454217     1.96202    0.202705   -0.315408     1.99655    -1.40788
   0.363252 -0.00459146     1.96203    0.202444   -0.315431     1.99669    -1.40792
   0.363363 -0.00464054     1.96203    0.202184   -0.315454     1.99682    -1.40796
   0.363473 -0.00468943     1.96204    0.201926   -0.315477     1.99696    -1.40801
   0.363583 -0.00473812     1.96204    0.201668     -0.3155     1.99709    -1.40805
  0.363693 -0.0047866    1.96205   0.201411  -0.315523    1.99723   -1.40809
  0.363802 -0.0048349    1.96205   0.201155  -0.315545    1.99736   -1.40813
   0.363911 -0.00488299     1.96206    0.200901   -0.315568     1.99749    -1.40818
    0.36402 -0.00493089     1.96206    0.200647   -0.315591     1.99762    -1.40822
  0.364128 -0.0049786    1.96207   0.200394  -0.315613    1.99775   -1.40826
   0.364235 -0.00502611     1.96207    0.200142   -0.315636     1.99788     -1.4083
   0.364343 -0.00507344     1.96208    0.199892   -0.315658     1.99801    -1.40835
   0.364449 -0.00512056     1.96208    0.199642    -0.31568     1.99814    -1.40839
  0.364556 -0.0051675    1.96209   0.199393  -0.315703    1.99827   -1.40843
   0.364662 -0.00521425      1.9621    0.199145   -0.315725      1.9984    -1.40847
  0.364767 -0.0052608     1.9621   0.198899  -0.315747    1.99853   -1.40851
   0.364872 -0.00530717     1.96211    0.198653   -0.315769     1.99866    -1.40855
   0.364977 -0.00535335     1.96211    0.198408   -0.315792     1.99878    -1.40859
   0.365081 -0.00539934     1.96212    0.198164   -0.315814     1.99891    -1.40863
   0.365185 -0.00544515     1.96212    0.197921   -0.315836     1.99904    -1.40867
   0.365288 -0.00549077     1.96213    0.197679   -0.315858     1.99916    -1.40872
  0.365391 -0.0055362    1.96213   0.197439   -0.31588    1.99929   -1.40876
   0.365494 -0.00558145     1.96214    0.197199   -0.315902     1.99941     -1.4088
   0.365596 -0.00562652     1.96214     0.19696   -0.315923     1.99954    -1.40884
  0.365698 -0.0056714    1.96215   0.196721  -0.315945    1.99966   -1.40888
   0.365799 -0.00571611     1.96215    0.196484   -0.315967     1.99978    -1.40891
     0.3659 -0.00576063     1.96216    0.196248   -0.315989     1.99991    -1.40895
   0.366001 -0.00580497     1.96216    0.196013    -0.31601     2.00003    -1.40899
   0.366101 -0.00584912     1.96217    0.195778   -0.316032     2.00015    -1.40903
   0.366201 -0.00589311     1.96217    0.195545   -0.316053     2.00027    -1.40907
     0.3663 -0.00593691     1.96218    0.195313   -0.316075     2.00039    -1.40911
   0.366399 -0.00598053     1.96218    0.195081   -0.316096     2.00051    -1.40915
   0.366497 -0.00602398     1.96219     0.19485   -0.316118     2.00063    -1.40919
   0.366596 -0.00606725     1.96219    0.194621   -0.316139     2.00075    -1.40923
   0.366693 -0.00611034      1.9622    0.194392    -0.31616     2.00087    -1.40927
   0.366791 -0.00615326     1.96221    0.194164   -0.316181     2.00099     -1.4093
   0.366888 -0.00619601     1.96221    0.193937   -0.316203      2.0011    -1.40934
   0.366985 -0.00623858     1.96222    0.193711   -0.316224     2.00122    -1.40938
   0.367081 -0.00628098     1.96222    0.193486   -0.316245     2.00134    -1.40942
   0.367177 -0.00632321     1.96223    0.193261   -0.316266     2.00145    -1.40945
   0.367272 -0.00636527     1.96223    0.193038   -0.316287     2.00157    -1.40949
   0.367367 -0.00640715     1.96224    0.192815   -0.316308     2.00169    -1.40953
   0.367462 -0.00644887     1.96224    0.192594   -0.316329      2.0018    -1.40957
   0.367557 -0.00649041     1.96225    0.192373    -0.31635     2.00192     -1.4096
   0.367651 -0.00653179     1.96225    0.192153    -0.31637     2.00203    -1.40964
 0.367744 -0.006573   1.96226  0.191934 -0.316391   2.00214  -1.40968
   0.367838 -0.00661404     1.96226    0.191716   -0.316412     2.00226    -1.40971
    0.36793 -0.00665492     1.96227    0.191499   -0.316433     2.00237    -1.40975
   0.368023 -0.00669563     1.96227    0.191282   -0.316453     2.00248    -1.40979
   0.368115 -0.00673617     1.96228    0.191067   -0.316474     2.00259    -1.40982
   0.368207 -0.00677655     1.96228    0.190852   -0.316494      2.0027    -1.40986
   0.368298 -0.00681677     1.96229    0.190638   -0.316515     2.00282    -1.40989
    0.36839 -0.00685682      1.9623    0.190425   -0.316535     2.00293    -1.40993
    0.36848 -0.00689671      1.9623    0.190213   -0.316556     2.00304    -1.40997
   0.368571 -0.00693644     1.96231    0.190001   -0.316576     2.00315       -1.41
   0.368661 -0.00697601     1.96231    0.189791   -0.316596     2.00325    -1.41004
    0.36875 -0.00701541     1.96232    0.189581   -0.316617     2.00336    -1.41007
    0.36884 -0.00705466     1.96232    0.189372   -0.316637     2.00347    -1.41011
   0.368929 -0.00709375     1.96233    0.189164   -0.316657     2.00358    -1.41014
   0.369017 -0.00713267     1.96233    0.188957   -0.316677     2.00369    -1.41018
   0.369105 -0.00717144     1.96234    0.188751   -0.316697     2.00379    -1.41021
   0.369193 -0.00721006     1.96234    0.188545   -0.316717      2.0039    -1.41025
   0.369281 -0.00724851     1.96235     0.18834   -0.316737     2.00401    -1.41028
   0.369368 -0.00728681     1.96235    0.188137   -0.316757     2.00411    -1.41031
   0.369455 -0.00732495     1.96236    0.187933   -0.316777     2.00422    -1.41035
   0.369542 -0.00736294     1.96237    0.187731   -0.316797     2.00432    -1.41038
   0.369628 -0.00740078     1.96237     0.18753   -0.316817     2.00443    -1.41042
   0.369714 -0.00743846     1.96238    0.187329   -0.316837     2.00453    -1.41045
   0.369799 -0.00747599     1.96238    0.187129   -0.316856     2.00463    -1.41048
   0.369884 -0.00751336     1.96239     0.18693   -0.316876     2.00474    -1.41052
   0.369969 -0.00755058     1.96239    0.186731   -0.316896     2.00484    -1.41055
   0.370054 -0.00758766      1.9624    0.186534   -0.316915     2.00494    -1.41058
   0.370138 -0.00762458      1.9624    0.186337   -0.316935     2.00504    -1.41062
   0.370222 -0.00766135     1.96241    0.186141   -0.316955     2.00515    -1.41065
   0.370305 -0.00769797     1.96241    0.185946   -0.316974     2.00525    -1.41068
   0.370388 -0.00773444     1.96242    0.185751   -0.316993     2.00535    -1.41072
   0.370471 -0.00777077     1.96243    0.185557   -0.317013     2.00545    -1.41075
   0.370554 -0.00780695     1.96243    0.185365   -0.317032     2.00555    -1.41078
   0.370636 -0.00784298     1.96244    0.185172   -0.317052     2.00565    -1.41081
   0.370718 -0.00787886     1.96244    0.184981   -0.317071     2.00575    -1.41085
  0.370799 -0.0079146    1.96245    0.18479   -0.31709    2.00585   -1.41088
   0.370881 -0.00795019     1.96245      0.1846   -0.317109     2.00594    -1.41091
   0.370962 -0.00798564     1.96246    0.184411   -0.317128     2.00604    -1.41094
   0.371042 -0.00802094     1.96246    0.184223   -0.317148     2.00614    -1.41097
  0.371122 -0.0080561    1.96247   0.184035  -0.317167    2.00624   -1.41101
   0.371202 -0.00809112     1.96247    0.183848   -0.317186     2.00633    -1.41104
   0.371282 -0.00812599     1.96248    0.183662   -0.317205     2.00643    -1.41107
   0.371361 -0.00816072     1.96249    0.183476   -0.317224     2.00653     -1.4111
    0.37144 -0.00819532     1.96249    0.183292   -0.317242     2.00662    -1.41113
   0.371519 -0.00822977      1.9625    0.183108   -0.317261     2.00672    -1.41116
   0.371598 -0.00826408      1.9625    0.182925    -0.31728     2.00681    -1.41119
   0.371676 -0.00829825     1.96251    0.182742   -0.317299     2.00691    -1.41122
   0.371753 -0.00833228     1.96251     0.18256   -0.317318       2.007    -1.41125
   0.371831 -0.00836617     1.96252    0.182379   -0.317336     2.00709    -1.41128
   0.371908 -0.00839993     1.96252    0.182199   -0.317355     2.00719    -1.41132
   0.371985 -0.00843354     1.96253    0.182019   -0.317374     2.00728    -1.41135
   0.372062 -0.00846703     1.96254     0.18184   -0.317392     2.00737    -1.41138
   0.372138 -0.00850037     1.96254    0.181662   -0.317411     2.00747    -1.41141
   0.372214 -0.00853358     1.96255    0.181484   -0.317429     2.00756    -1.41144
    0.37229 -0.00856665     1.96255    0.181307   -0.317448     2.00765    -1.41147
   0.372365 -0.00859959     1.96256    0.181131   -0.317466     2.00774     -1.4115
   0.37244 -0.0086324    1.96256   0.180956  -0.317485    2.00783   -1.41153
   0.372515 -0.00866507     1.96257    0.180781   -0.317503     2.00792    -1.41155
   0.372589 -0.00869761     1.96257    0.180607   -0.317521     2.00801    -1.41158
   0.372663 -0.00873001     1.96258    0.180433    -0.31754      2.0081    -1.41161
   0.372737 -0.00876229     1.96259    0.180261   -0.317558     2.00819    -1.41164
   0.372811 -0.00879443     1.96259    0.180089   -0.317576     2.00828    -1.41167
   0.372884 -0.00882644      1.9626    0.179917   -0.317594     2.00837     -1.4117
   0.372957 -0.00885832      1.9626    0.179747   -0.317613     2.00846    -1.41173
    0.37303 -0.00889007     1.96261    0.179577   -0.317631     2.00855    -1.41176
   0.373103 -0.00892169     1.96261    0.179407   -0.317649     2.00863    -1.41179
   0.373175 -0.00895318     1.96262    0.179239   -0.317667     2.00872    -1.41182
   0.373247 -0.00898455     1.96262    0.179071   -0.317685     2.00881    -1.41184
   0.373318 -0.00901578     1.96263    0.178903   -0.317703     2.00889    -1.41187
    0.37339 -0.00904689     1.96264    0.178736   -0.317721     2.00898     -1.4119
   0.373461 -0.00907788     1.96264     0.17857   -0.317738     2.00907    -1.41193
   0.373532 -0.00910873     1.96265    0.178405   -0.317756     2.00915    -1.41196
   0.373602 -0.00913946     1.96265     0.17824   -0.317774     2.00924    -1.41198
   0.373672 -0.00917007     1.96266    0.178076   -0.317792     2.00932    -1.41201
   0.373742 -0.00920054     1.96266    0.177913    -0.31781     2.00941    -1.41204
  0.373812 -0.0092309    1.96267    0.17775  -0.317827    2.00949   -1.41207
   0.373881 -0.00926113     1.96268    0.177588   -0.317845     2.00958     -1.4121
    0.37395 -0.00929124     1.96268    0.177426   -0.317863     2.00966    -1.41212
   0.374019 -0.00932122     1.96269    0.177266    -0.31788     2.00974    -1.41215
   0.374088 -0.00935109     1.96269    0.177105   -0.317898     2.00983    -1.41218
   0.374156 -0.00938083      1.9627    0.176946   -0.317915     2.00991     -1.4122
   0.374224 -0.00941045      1.9627    0.176787   -0.317933     2.00999    -1.41223
   0.374292 -0.00943995     1.96271    0.176628    -0.31795     2.01007    -1.41226
    0.37436 -0.00946932     1.96272    0.176471   -0.317968     2.01015    -1.41228
   0.374427 -0.00949858     1.96272    0.176314   -0.317985     2.01023    -1.41231
   0.374494 -0.00952772     1.96273    0.176157   -0.318002     2.01032    -1.41234
   0.374561 -0.00955674     1.96273    0.176001    -0.31802      2.0104    -1.41236
   0.374627 -0.00958564     1.96274    0.175846   -0.318037     2.01048    -1.41239
   0.374693 -0.00961442     1.96274    0.175691   -0.318054     2.01056    -1.41242
   0.374759 -0.00964309     1.96275    0.175537   -0.318072     2.01064    -1.41244
   0.374825 -0.00967164     1.96276    0.175384   -0.318089     2.01072    -1.41247
    0.37489 -0.00970007     1.96276    0.175231   -0.318106      2.0108    -1.41249
   0.374956 -0.00972838     1.96277    0.175079   -0.318123     2.01087    -1.41252
    0.37502 -0.00975658     1.96277    0.174927    -0.31814     2.01095    -1.41255
   0.375085 -0.00978467     1.96278    0.174776   -0.318157     2.01103    -1.41257
    0.37515 -0.00981263     1.96278    0.174626   -0.318174     2.01111     -1.4126
   0.375214 -0.00984049     1.96279    0.174476   -0.318191     2.01119    -1.41262
   0.375278 -0.00986823      1.9628    0.174327   -0.318208     2.01126    -1.41265
   0.375341 -0.00989586      1.9628    0.174178   -0.318225     2.01134    -1.41267
   0.375405 -0.00992337     1.96281     0.17403   -0.318242     2.01142     -1.4127
   0.375468 -0.00995077     1.96281    0.173882   -0.318259     2.01149    -1.41272
   0.375531 -0.00997806     1.96282    0.173736   -0.318276     2.01157    -1.41275
  0.375593 -0.0100052    1.96283   0.173589  -0.318292    2.01164   -1.41277
  0.375656 -0.0100323    1.96283   0.173443  -0.318309    2.01172    -1.4128
  0.375718 -0.0100593    1.96284   0.173298  -0.318326    2.01179   -1.41282
   0.37578 -0.0100861    1.96284   0.173154  -0.318342    2.01187   -1.41285
  0.375842 -0.0101128    1.96285    0.17301  -0.318359    2.01194   -1.41287
  0.375903 -0.0101395    1.96285   0.172866  -0.318376    2.01202    -1.4129
 0.375964 -0.010166   1.96286  0.172723 -0.318392   2.01209  -1.41292
  0.376025 -0.0101924    1.96287   0.172581  -0.318409    2.01217   -1.41295
  0.376086 -0.0102187    1.96287   0.172439  -0.318425    2.01224   -1.41297
  0.376147 -0.0102449    1.96288   0.172298  -0.318442    2.01231   -1.41299
 0.376207 -0.010271   1.96288  0.172157 -0.318458   2.01239  -1.41302
  0.376267 -0.0102969    1.96289   0.172017  -0.318475    2.01246   -1.41304
  0.376327 -0.0103228     1.9629   0.171878  -0.318491    2.01253   -1.41306
  0.376386 -0.0103486     1.9629   0.171739  -0.318508     2.0126   -1.41309
  0.376446 -0.0103742    1.96291     0.1716  -0.318524    2.01267   -1.41311
  0.376505 -0.0103998    1.96291   0.171462   -0.31854    2.01274   -1.41314
  0.376564 -0.0104252    1.96292   0.171325  -0.318557    2.01282   -1.41316
  0.376622 -0.0104506    1.96293   0.171188  -0.318573    2.01289   -1.41318
  0.376681 -0.0104758    1.96293   0.171052  -0.318589    2.01296   -1.41321
 0.376739 -0.010501   1.96294  0.170916 -0.318605   2.01303  -1.41323
 0.376797 -0.010526   1.96294  0.170781 -0.318621    2.0131  -1.41325
  0.376854 -0.0105509    1.96295   0.170646  -0.318638    2.01317   -1.41327
  0.376912 -0.0105758    1.96295   0.170512  -0.318654    2.01324    -1.4133
  0.376969 -0.0106005    1.96296   0.170378   -0.31867    2.01331   -1.41332
  0.377026 -0.0106251    1.96297   0.170245  -0.318686    2.01337   -1.41334
  0.377083 -0.0106496    1.96297   0.170112  -0.318702    2.01344   -1.41337
   0.37714 -0.0106741    1.96298    0.16998  -0.318718    2.01351   -1.41339
  0.377196 -0.0106984    1.96298   0.169849  -0.318734    2.01358   -1.41341
  0.377252 -0.0107226    1.96299   0.169718   -0.31875    2.01365   -1.41343
  0.377308 -0.0107467      1.963   0.169587  -0.318766    2.01371   -1.41345
  0.377364 -0.0107708      1.963   0.169457  -0.318781    2.01378   -1.41348
  0.377419 -0.0107947    1.96301   0.169328  -0.318797    2.01385    -1.4135
  0.377475 -0.0108185    1.96301   0.169199  -0.318813    2.01391   -1.41352
   0.37753 -0.0108422    1.96302    0.16907  -0.318829    2.01398   -1.41354
  0.377585 -0.0108659    1.96303   0.168942  -0.318845    2.01405   -1.41356
  0.377639 -0.0108894    1.96303   0.168815   -0.31886    2.01411   -1.41359
  0.377694 -0.0109128    1.96304   0.168688  -0.318876    2.01418   -1.41361
  0.377748 -0.0109362    1.96304   0.168561  -0.318892    2.01424   -1.41363
  0.377802 -0.0109594    1.96305   0.168435  -0.318907    2.01431   -1.41365
  0.377856 -0.0109826    1.96306    0.16831  -0.318923    2.01437   -1.41367
  0.377909 -0.0110056    1.96306   0.168185  -0.318938    2.01444   -1.41369
  0.377963 -0.0110286    1.96307    0.16806  -0.318954     2.0145   -1.41372
  0.378016 -0.0110514    1.96307   0.167936   -0.31897    2.01457   -1.41374
  0.378069 -0.0110742    1.96308   0.167813  -0.318985    2.01463   -1.41376
  0.378122 -0.0110969    1.96309    0.16769  -0.319001    2.01469   -1.41378
  0.378174 -0.0111195    1.96309   0.167567  -0.319016    2.01476    -1.4138
 0.378226 -0.011142    1.9631  0.167445 -0.319031   2.01482  -1.41382
  0.378279 -0.0111644    1.96311   0.167324  -0.319047    2.01488   -1.41384
   0.37833 -0.0111867    1.96311   0.167203  -0.319062    2.01495   -1.41386
  0.378382 -0.0112089    1.96312   0.167082  -0.319077    2.01501   -1.41388
 0.378434 -0.011231   1.96312  0.166962 -0.319093   2.01507   -1.4139
 0.378485 -0.011253   1.96313  0.166842 -0.319108   2.01513  -1.41392
 0.378536 -0.011275   1.96314  0.166723 -0.319123   2.01519  -1.41394
  0.378587 -0.0112968    1.96314   0.166604  -0.319139    2.01526   -1.41396
  0.378638 -0.0113186    1.96315   0.166486  -0.319154    2.01532   -1.41398
  0.378688 -0.0113402    1.96315   0.166368  -0.319169    2.01538     -1.414
  0.378739 -0.0113618    1.96316   0.166251  -0.319184    2.01544   -1.41402
  0.378789 -0.0113833    1.96317   0.166134  -0.319199     2.0155   -1.41404
  0.378839 -0.0114047    1.96317   0.166017  -0.319214    2.01556   -1.41406
 0.378889 -0.011426   1.96318  0.165901 -0.319229   2.01562  -1.41408
  0.378938 -0.0114472    1.96318   0.165786  -0.319244    2.01568    -1.4141
  0.378987 -0.0114684    1.96319   0.165671  -0.319259    2.01574   -1.41412
  0.379037 -0.0114894     1.9632   0.165556  -0.319274     2.0158   -1.41414
  0.379086 -0.0115104     1.9632   0.165442  -0.319289    2.01586   -1.41416
  0.379134 -0.0115312    1.96321   0.165328  -0.319304    2.01591   -1.41418
 0.379183 -0.011552   1.96322  0.165215 -0.319319   2.01597   -1.4142
  0.379231 -0.0115727    1.96322   0.165102  -0.319334    2.01603   -1.41422
   0.37928 -0.0115933    1.96323    0.16499  -0.319349    2.01609   -1.41424
  0.379328 -0.0116139    1.96323   0.164878  -0.319364    2.01615   -1.41426
  0.379376 -0.0116343    1.96324   0.164766  -0.319379    2.01621   -1.41428
  0.379423 -0.0116547    1.96325   0.164655  -0.319393    2.01626    -1.4143
 0.379471 -0.011675   1.96325  0.164545 -0.319408   2.01632  -1.41432
  0.379518 -0.0116952    1.96326   0.164435  -0.319423    2.01638   -1.41434
  0.379565 -0.0117153    1.96327   0.164325  -0.319438    2.01643   -1.41435
  0.379612 -0.0117353    1.96327   0.164215  -0.319452    2.01649   -1.41437
  0.379659 -0.0117552    1.96328   0.164107  -0.319467    2.01655   -1.41439
  0.379705 -0.0117751    1.96328   0.163998  -0.319482     2.0166   -1.41441
  0.379752 -0.0117949    1.96329    0.16389  -0.319496    2.01666   -1.41443
  0.379798 -0.0118146     1.9633   0.163782  -0.319511    2.01671   -1.41445
  0.379844 -0.0118342     1.9633   0.163675  -0.319525    2.01677   -1.41447
   0.37989 -0.0118537    1.96331   0.163569   -0.31954    2.01682   -1.41448
  0.379935 -0.0118731    1.96331   0.163462  -0.319554    2.01688    -1.4145
  0.379981 -0.0118925    1.96332   0.163356  -0.319569    2.01693   -1.41452
  0.380026 -0.0119118    1.96333   0.163251  -0.319583    2.01699   -1.41454
 0.380071 -0.011931   1.96333  0.163146 -0.319598   2.01704  -1.41456
  0.380116 -0.0119501    1.96334   0.163041  -0.319612     2.0171   -1.41457
  0.380161 -0.0119692    1.96335   0.162937  -0.319627    2.01715   -1.41459
  0.380205 -0.0119882    1.96335   0.162833  -0.319641     2.0172   -1.41461
   0.38025 -0.0120071    1.96336   0.162729  -0.319655    2.01726   -1.41463
  0.380294 -0.0120259    1.96337   0.162626   -0.31967    2.01731   -1.41465
  0.380338 -0.0120446    1.96337   0.162524  -0.319684    2.01736   -1.41466
  0.380382 -0.0120633    1.96338   0.162421  -0.319698    2.01742   -1.41468
  0.380426 -0.0120818    1.96338    0.16232  -0.319713    2.01747    -1.4147
  0.380469 -0.0121003    1.96339   0.162218  -0.319727    2.01752   -1.41472
  0.380513 -0.0121188     1.9634   0.162117  -0.319741    2.01757   -1.41473
  0.380556 -0.0121371     1.9634   0.162016  -0.319755    2.01763   -1.41475
  0.380599 -0.0121554    1.96341   0.161916  -0.319769    2.01768   -1.41477
  0.380642 -0.0121736    1.96342   0.161816  -0.319784    2.01773   -1.41479
  0.380685 -0.0121917    1.96342   0.161717  -0.319798    2.01778    -1.4148
  0.380727 -0.0122097    1.96343   0.161618  -0.319812    2.01783   -1.41482
   0.38077 -0.0122277    1.96343   0.161519  -0.319826    2.01788   -1.41484
  0.380812 -0.0122456    1.96344   0.161421   -0.31984    2.01793   -1.41485
  0.380854 -0.0122634    1.96345   0.161323  -0.319854    2.01798   -1.41487
  0.380896 -0.0122812    1.96345   0.161225  -0.319868    2.01803   -1.41489
  0.380938 -0.0122988    1.96346   0.161128  -0.319882    2.01808    -1.4149
  0.380979 -0.0123164    1.96347   0.161031  -0.319896    2.01813   -1.41492
  0.381021 -0.0123339    1.96347   0.160935   -0.31991    2.01818   -1.41494
  0.381062 -0.0123514    1.96348   0.160839  -0.319924    2.01823   -1.41495
  0.381103 -0.0123688    1.96349   0.160743  -0.319938    2.01828   -1.41497
  0.381144 -0.0123861    1.96349   0.160648  -0.319951    2.01833   -1.41499
  0.381185 -0.0124033     1.9635   0.160553  -0.319965    2.01838     -1.415
  0.381225 -0.0124205    1.96351   0.160459  -0.319979    2.01843   -1.41502
  0.381266 -0.0124375    1.96351   0.160365  -0.319993    2.01848   -1.41503
  0.381306 -0.0124546    1.96352   0.160271  -0.320007    2.01853   -1.41505
  0.381346 -0.0124715    1.96352   0.160178  -0.320021    2.01857   -1.41507
  0.381386 -0.0124884    1.96353   0.160085  -0.320034    2.01862   -1.41508
  0.381426 -0.0125052    1.96354   0.159992  -0.320048    2.01867    -1.4151
  0.381466 -0.0125219    1.96354     0.1599  -0.320062    2.01872   -1.41511
  0.381505 -0.0125386    1.96355   0.159808  -0.320075    2.01877   -1.41513
  0.381545 -0.0125552    1.96356   0.159716  -0.320089    2.01881   -1.41515
  0.381584 -0.0125717    1.96356   0.159625  -0.320103    2.01886   -1.41516
  0.381623 -0.0125881    1.96357   0.159534  -0.320116    2.01891   -1.41518
  0.381662 -0.0126045    1.96358   0.159443   -0.32013    2.01895   -1.41519
    0.3817 -0.0126208    1.96358   0.159353  -0.320144      2.019   -1.41521
  0.381739 -0.0126371    1.96359   0.159264  -0.320157    2.01905   -1.41522
  0.381778 -0.0126533     1.9636   0.159174  -0.320171    2.01909   -1.41524
  0.381816 -0.0126694     1.9636   0.159085  -0.320184    2.01914   -1.41526
  0.381854 -0.0126854    1.96361   0.158996  -0.320198    2.01918   -1.41527
  0.381892 -0.0127014    1.96361   0.158908  -0.320211    2.01923   -1.41529
   0.38193 -0.0127173    1.96362    0.15882  -0.320225    2.01928    -1.4153
  0.381968 -0.0127331    1.96363   0.158732  -0.320238    2.01932   -1.41532
  0.382005 -0.0127489    1.96363   0.158645  -0.320251    2.01937   -1.41533
  0.382043 -0.0127646    1.96364   0.158558  -0.320265    2.01941   -1.41535
   0.38208 -0.0127803    1.96365   0.158471  -0.320278    2.01946   -1.41536
  0.382117 -0.0127958    1.96365   0.158385  -0.320292     2.0195   -1.41538
  0.382154 -0.0128114    1.96366   0.158299  -0.320305    2.01954   -1.41539
  0.382191 -0.0128268    1.96367   0.158213  -0.320318    2.01959   -1.41541
  0.382228 -0.0128422    1.96367   0.158128  -0.320332    2.01963   -1.41542
  0.382264 -0.0128575    1.96368   0.158043  -0.320345    2.01968   -1.41544
    0.3823 -0.0128727    1.96369   0.157958  -0.320358    2.01972   -1.41545
  0.382337 -0.0128879    1.96369   0.157874  -0.320371    2.01976   -1.41546
  0.382373 -0.0129031     1.9637    0.15779  -0.320385    2.01981   -1.41548
  0.382409 -0.0129181    1.96371   0.157706  -0.320398    2.01985   -1.41549
  0.382445 -0.0129331    1.96371   0.157623  -0.320411    2.01989   -1.41551
  0.38248 -0.012948   1.96372   0.15754 -0.320424   2.01994  -1.41552
  0.382516 -0.0129629    1.96373   0.157457  -0.320437    2.01998   -1.41554
  0.382551 -0.0129777    1.96373   0.157375   -0.32045    2.02002   -1.41555
  0.382587 -0.0129925    1.96374   0.157293  -0.320463    2.02006   -1.41556
  0.382622 -0.0130071    1.96375   0.157211  -0.320477    2.02011   -1.41558
  0.382657 -0.0130217    1.96375    0.15713   -0.32049    2.02015   -1.41559
  0.382692 -0.0130363    1.96376   0.157049  -0.320503    2.02019   -1.41561
  0.382727 -0.0130508    1.96377   0.156968  -0.320516    2.02023   -1.41562
  0.382761 -0.0130652    1.96377   0.156888  -0.320529    2.02027   -1.41563
  0.382796 -0.0130796    1.96378   0.156808  -0.320542    2.02031   -1.41565
   0.38283 -0.0130939    1.96379   0.156728  -0.320555    2.02036   -1.41566
  0.382864 -0.0131082    1.96379   0.156648  -0.320568     2.0204   -1.41568
  0.382898 -0.0131224     1.9638   0.156569  -0.320581    2.02044   -1.41569
  0.382932 -0.0131365    1.96381    0.15649  -0.320594    2.02048    -1.4157
  0.382966 -0.0131506    1.96381   0.156412  -0.320606    2.02052   -1.41572
     0.383 -0.0131646    1.96382   0.156334  -0.320619    2.02056   -1.41573
  0.383033 -0.0131785    1.96383   0.156256  -0.320632     2.0206   -1.41574
  0.383067 -0.0131924    1.96383   0.156178  -0.320645    2.02064   -1.41576
    0.3831 -0.0132062    1.96384   0.156101  -0.320658    2.02068   -1.41577
 0.383133  -0.01322   1.96384  0.156024 -0.320671   2.02072  -1.41578
  0.383166 -0.0132337    1.96385   0.155947  -0.320684    2.02076    -1.4158
  0.383199 -0.0132474    1.96386   0.155871  -0.320696     2.0208   -1.41581
 0.383232 -0.013261   1.96386  0.155794 -0.320709   2.02084  -1.41582
  0.383265 -0.0132745    1.96387   0.155719  -0.320722    2.02088   -1.41584
 0.383297 -0.013288   1.96388  0.155643 -0.320735   2.02091  -1.41585
   0.38333 -0.0133014    1.96388   0.155568  -0.320747    2.02095   -1.41586
  0.383362 -0.0133148    1.96389   0.155493   -0.32076    2.02099   -1.41588
  0.383394 -0.0133281     1.9639   0.155418  -0.320773    2.02103   -1.41589
  0.383426 -0.0133414    1.96391   0.155344  -0.320785    2.02107    -1.4159
  0.383458 -0.0133546    1.96391    0.15527  -0.320798    2.02111   -1.41592
   0.38349 -0.0133677    1.96392   0.155196  -0.320811    2.02115   -1.41593
  0.383522 -0.0133808    1.96393   0.155123  -0.320823    2.02118   -1.41594
  0.383553 -0.0133938    1.96393    0.15505  -0.320836    2.02122   -1.41595
  0.383584 -0.0134068    1.96394   0.154977  -0.320848    2.02126   -1.41597
  0.383616 -0.0134197    1.96395   0.154904  -0.320861     2.0213   -1.41598
  0.383647 -0.0134326    1.96395   0.154832  -0.320873    2.02133   -1.41599
  0.383678 -0.0134454    1.96396    0.15476  -0.320886    2.02137     -1.416
  0.383709 -0.0134581    1.96397   0.154688  -0.320898    2.02141   -1.41602
   0.38374 -0.0134708    1.96397   0.154617  -0.320911    2.02144   -1.41603
   0.38377 -0.0134835    1.96398   0.154545  -0.320923    2.02148   -1.41604
  0.383801 -0.0134961    1.96399   0.154474  -0.320936    2.02152   -1.41605
  0.383831 -0.0135086    1.96399   0.154404  -0.320948    2.02155   -1.41607
  0.383862 -0.0135211      1.964   0.154334  -0.320961    2.02159   -1.41608
  0.383892 -0.0135335    1.96401   0.154263  -0.320973    2.02163   -1.41609
  0.383922 -0.0135459    1.96401   0.154194  -0.320986    2.02166    -1.4161
  0.383952 -0.0135582    1.96402   0.154124  -0.320998     2.0217   -1.41611
  0.383982 -0.0135705    1.96403   0.154055   -0.32101    2.02173   -1.41613
  0.384012 -0.0135827    1.96403   0.153986  -0.321023    2.02177   -1.41614
  0.384041 -0.0135949    1.96404   0.153917  -0.321035     2.0218   -1.41615
 0.384071 -0.013607   1.96405  0.153849 -0.321047   2.02184  -1.41616
   0.3841 -0.013619   1.96405  0.153781  -0.32106   2.02188  -1.41617
   0.38413 -0.0136311    1.96406   0.153713  -0.321072    2.02191   -1.41619
 0.384159 -0.013643   1.96407  0.153645 -0.321084   2.02195   -1.4162
  0.384188 -0.0136549    1.96407   0.153578  -0.321096    2.02198   -1.41621
  0.384217 -0.0136668    1.96408   0.153511  -0.321109    2.02201   -1.41622
  0.384246 -0.0136786    1.96409   0.153444  -0.321121    2.02205   -1.41623
  0.384274 -0.0136903    1.96409   0.153377  -0.321133    2.02208   -1.41624
 0.384303 -0.013702    1.9641  0.153311 -0.321145   2.02212  -1.41626
  0.384332 -0.0137137    1.96411   0.153245  -0.321157    2.02215   -1.41627
   0.38436 -0.0137253    1.96411   0.153179   -0.32117    2.02219   -1.41628
  0.384388 -0.0137368    1.96412   0.153113  -0.321182    2.02222   -1.41629
  0.384416 -0.0137483    1.96413   0.153048  -0.321194    2.02225    -1.4163
  0.384445 -0.0137598    1.96414   0.152983  -0.321206    2.02229   -1.41631
  0.384472 -0.0137712    1.96414   0.152918  -0.321218    2.02232   -1.41632
    0.3845 -0.0137825    1.96415   0.152854   -0.32123    2.02235   -1.41633
  0.384528 -0.0137938    1.96416    0.15279  -0.321242    2.02239   -1.41635
  0.384556 -0.0138051    1.96416   0.152726  -0.321254    2.02242   -1.41636
  0.384583 -0.0138163    1.96417   0.152662  -0.321266    2.02245   -1.41637
  0.384611 -0.0138275    1.96418   0.152598  -0.321278    2.02248   -1.41638
  0.384638 -0.0138386    1.96418   0.152535   -0.32129    2.02252   -1.41639
  0.384665 -0.0138496    1.96419   0.152472  -0.321302    2.02255    -1.4164
  0.384692 -0.0138606     1.9642   0.152409  -0.321314    2.02258   -1.41641
  0.384719 -0.0138716     1.9642   0.152347  -0.321326    2.02261   -1.41642
  0.384746 -0.0138825    1.96421   0.152285  -0.321338    2.02265   -1.41643
  0.384773 -0.0138934    1.96422   0.152223   -0.32135    2.02268   -1.41644
    0.3848 -0.0139042    1.96422   0.152161  -0.321362    2.02271   -1.41646
 0.384826 -0.013915   1.96423  0.152099 -0.321374   2.02274  -1.41647
  0.384853 -0.0139257    1.96424   0.152038  -0.321386    2.02277   -1.41648
  0.384879 -0.0139364    1.96424   0.151977  -0.321398    2.02281   -1.41649
 0.384906 -0.013947   1.96425  0.151916  -0.32141   2.02284   -1.4165
  0.384932 -0.0139576    1.96426   0.151855  -0.321422    2.02287   -1.41651
  0.384958 -0.0139682    1.96427   0.151795  -0.321433     2.0229   -1.41652
  0.384984 -0.0139787    1.96427   0.151735  -0.321445    2.02293   -1.41653
   0.38501 -0.0139891    1.96428   0.151675  -0.321457    2.02296   -1.41654
  0.385035 -0.0139995    1.96429   0.151616  -0.321469    2.02299   -1.41655
  0.385061 -0.0140099    1.96429   0.151556  -0.321481    2.02302   -1.41656
  0.385087 -0.0140202     1.9643   0.151497  -0.321492    2.02305   -1.41657
  0.385112 -0.0140305    1.96431   0.151438  -0.321504    2.02308   -1.41658
  0.385138 -0.0140407    1.96431   0.151379  -0.321516    2.02311   -1.41659
  0.385163 -0.0140509    1.96432   0.151321  -0.321528    2.02314    -1.4166
 0.385188 -0.014061   1.96433  0.151263 -0.321539   2.02317  -1.41661
  0.385213 -0.0140711    1.96433   0.151205  -0.321551     2.0232   -1.41662
  0.385238 -0.0140811    1.96434   0.151147  -0.321563    2.02323   -1.41663
  0.385263 -0.0140911    1.96435   0.151089  -0.321574    2.02326   -1.41664
  0.385288 -0.0141011    1.96436   0.151032  -0.321586    2.02329   -1.41665
 0.385313 -0.014111   1.96436  0.150975 -0.321598   2.02332  -1.41666
  0.385337 -0.0141209    1.96437   0.150918  -0.321609    2.02335   -1.41667
  0.385362 -0.0141307    1.96438   0.150861  -0.321621    2.02338   -1.41668
  0.385386 -0.0141405    1.96438   0.150805  -0.321633    2.02341   -1.41669
   0.38541 -0.0141503    1.96439   0.150749  -0.321644    2.02344    -1.4167
 0.385435  -0.01416    1.9644  0.150693 -0.321656   2.02347  -1.41671
  0.385459 -0.0141696     1.9644   0.150637  -0.321667     2.0235   -1.41672
  0.385483 -0.0141792    1.96441   0.150581  -0.321679    2.02352   -1.41673
  0.385507 -0.0141888    1.96442   0.150526   -0.32169    2.02355   -1.41674
  0.385531 -0.0141983    1.96443   0.150471  -0.321702    2.02358   -1.41675
  0.385554 -0.0142078    1.96443   0.150416  -0.321713    2.02361   -1.41676
  0.385578 -0.0142173    1.96444   0.150361  -0.321725    2.02364   -1.41677
  0.385602 -0.0142267    1.96445   0.150307  -0.321736    2.02367   -1.41678
 0.385625 -0.014236   1.96445  0.150253 -0.321748   2.02369  -1.41679
  0.385649 -0.0142454    1.96446   0.150199  -0.321759    2.02372    -1.4168
  0.385672 -0.0142546    1.96447   0.150145  -0.321771    2.02375   -1.41681
  0.385695 -0.0142639    1.96447   0.150091  -0.321782    2.02378   -1.41682
  0.385718 -0.0142731    1.96448   0.150038  -0.321794     2.0238   -1.41683
  0.385741 -0.0142822    1.96449   0.149985  -0.321805    2.02383   -1.41684
  0.385764 -0.0142913     1.9645   0.149932  -0.321817    2.02386   -1.41685
  0.385787 -0.0143004     1.9645   0.149879  -0.321828    2.02389   -1.41685
   0.38581 -0.0143095    1.96451   0.149826  -0.321839    2.02391   -1.41686
  0.385833 -0.0143185    1.96452   0.149774  -0.321851    2.02394   -1.41687
  0.385855 -0.0143274    1.96452   0.149722  -0.321862    2.02397   -1.41688
  0.385878 -0.0143363    1.96453    0.14967  -0.321873    2.02399   -1.41689
    0.3859 -0.0143452    1.96454   0.149618  -0.321885    2.02402    -1.4169
 0.385923 -0.014354   1.96454  0.149566 -0.321896   2.02405  -1.41691
  0.385945 -0.0143628    1.96455   0.149515  -0.321907    2.02407   -1.41692
  0.385967 -0.0143716    1.96456   0.149464  -0.321919     2.0241   -1.41693
  0.385989 -0.0143803    1.96457   0.149413   -0.32193    2.02413   -1.41694
 0.386011 -0.014389   1.96457  0.149362 -0.321941   2.02415  -1.41695
  0.386033 -0.0143977    1.96458   0.149312  -0.321952    2.02418   -1.41695
  0.386055 -0.0144063    1.96459   0.149261  -0.321964     2.0242   -1.41696
  0.386077 -0.0144148    1.96459   0.149211  -0.321975    2.02423   -1.41697
  0.386098 -0.0144234     1.9646   0.149161  -0.321986    2.02426   -1.41698
   0.38612 -0.0144318    1.96461   0.149112  -0.321997    2.02428   -1.41699
  0.386141 -0.0144403    1.96462   0.149062  -0.322009    2.02431     -1.417
  0.386163 -0.0144487    1.96462   0.149013   -0.32202    2.02433   -1.41701
  0.386184 -0.0144571    1.96463   0.148963  -0.322031    2.02436   -1.41702
  0.386205 -0.0144654    1.96464   0.148915  -0.322042    2.02438   -1.41702
  0.386226 -0.0144737    1.96464   0.148866  -0.322053    2.02441   -1.41703
 0.386248 -0.014482   1.96465  0.148817 -0.322064   2.02443  -1.41704
  0.386269 -0.0144902    1.96466   0.148769  -0.322075    2.02446   -1.41705
  0.386289 -0.0144984    1.96467   0.148721  -0.322087    2.02448   -1.41706
   0.38631 -0.0145066    1.96467   0.148673  -0.322098    2.02451   -1.41707
  0.386331 -0.0145147    1.96468   0.148625  -0.322109    2.02453   -1.41708
  0.386352 -0.0145228    1.96469   0.148577   -0.32212    2.02456   -1.41708
  0.386372 -0.0145308    1.96469    0.14853  -0.322131    2.02458   -1.41709
  0.386393 -0.0145388     1.9647   0.148482  -0.322142    2.02461    -1.4171
  0.386413 -0.0145468    1.96471   0.148435  -0.322153    2.02463   -1.41711
  0.386434 -0.0145547    1.96472   0.148388  -0.322164    2.02465   -1.41712
  0.386454 -0.0145626    1.96472   0.148342  -0.322175    2.02468   -1.41712
  0.386474 -0.0145705    1.96473   0.148295  -0.322186     2.0247   -1.41713
  0.386494 -0.0145783    1.96474   0.148249  -0.322197    2.02473   -1.41714
  0.386514 -0.0145861    1.96474   0.148203  -0.322208    2.02475   -1.41715
  0.386534 -0.0145939    1.96475   0.148157  -0.322219    2.02477   -1.41716
  0.386554 -0.0146016    1.96476   0.148111   -0.32223     2.0248   -1.41717
  0.386574 -0.0146093    1.96477   0.148065  -0.322241    2.02482   -1.41717
  0.386594 -0.0146169    1.96477    0.14802  -0.322252    2.02484   -1.41718
  0.386614 -0.0146246    1.96478   0.147975  -0.322263    2.02487   -1.41719
  0.386633 -0.0146321    1.96479   0.147929  -0.322274    2.02489    -1.4172
  0.386653 -0.0146397    1.96479   0.147885  -0.322285    2.02491   -1.41721
  0.386672 -0.0146472     1.9648    0.14784  -0.322296    2.02494   -1.41721
  0.386691 -0.0146547    1.96481   0.147795  -0.322307    2.02496   -1.41722
  0.386711 -0.0146621    1.96482   0.147751  -0.322318    2.02498   -1.41723
   0.38673 -0.0146695    1.96482   0.147707  -0.322329    2.02501   -1.41724
  0.386749 -0.0146769    1.96483   0.147663  -0.322339    2.02503   -1.41724
  0.386768 -0.0146843    1.96484   0.147619   -0.32235    2.02505   -1.41725
  0.386787 -0.0146916    1.96484   0.147575  -0.322361    2.02507   -1.41726
  0.386806 -0.0146989    1.96485   0.147532  -0.322372     2.0251   -1.41727
  0.386825 -0.0147061    1.96486   0.147488  -0.322383    2.02512   -1.41728
  0.386844 -0.0147133    1.96487   0.147445  -0.322394    2.02514   -1.41728
  0.386863 -0.0147205    1.96487   0.147402  -0.322404    2.02516   -1.41729
  0.386881 -0.0147277    1.96488   0.147359  -0.322415    2.02518    -1.4173
    0.3869 -0.0147348    1.96489   0.147317  -0.322426    2.02521   -1.41731
  0.386918 -0.0147419    1.96489   0.147274  -0.322437    2.02523   -1.41731
  0.386937 -0.0147489     1.9649   0.147232  -0.322448    2.02525   -1.41732
  0.386955 -0.0147559    1.96491    0.14719  -0.322458    2.02527   -1.41733
  0.386973 -0.0147629    1.96492   0.147148  -0.322469    2.02529   -1.41734
  0.386992 -0.0147699    1.96492   0.147106   -0.32248    2.02531   -1.41734
   0.38701 -0.0147768    1.96493   0.147064  -0.322491    2.02534   -1.41735
  0.387028 -0.0147837    1.96494   0.147023  -0.322501    2.02536   -1.41736
  0.387046 -0.0147905    1.96494   0.146981  -0.322512    2.02538   -1.41736
  0.387064 -0.0147974    1.96495    0.14694  -0.322523     2.0254   -1.41737
  0.387082 -0.0148041    1.96496   0.146899  -0.322533    2.02542   -1.41738
  0.387099 -0.0148109    1.96497   0.146858  -0.322544    2.02544   -1.41739
  0.387117 -0.0148176    1.96497   0.146817  -0.322555    2.02546   -1.41739
  0.387135 -0.0148243    1.96498   0.146777  -0.322565    2.02548    -1.4174
 0.387152 -0.014831   1.96499  0.146737 -0.322576    2.0255  -1.41741
   0.38717 -0.0148377      1.965   0.146696  -0.322587    2.02553   -1.41742
  0.387187 -0.0148443      1.965   0.146656  -0.322597    2.02555   -1.41742
  0.387205 -0.0148508    1.96501   0.146616  -0.322608    2.02557   -1.41743
  0.387222 -0.0148574    1.96502   0.146577  -0.322619    2.02559   -1.41744
  0.387239 -0.0148639    1.96502   0.146537  -0.322629    2.02561   -1.41744
  0.387257 -0.0148704    1.96503   0.146498   -0.32264    2.02563   -1.41745
  0.387274 -0.0148769    1.96504   0.146458   -0.32265    2.02565   -1.41746
  0.387291 -0.0148833    1.96505   0.146419  -0.322661    2.02567   -1.41746
  0.387308 -0.0148897    1.96505    0.14638  -0.322672    2.02569   -1.41747
 0.387325 -0.014896   1.96506  0.146341 -0.322682   2.02571  -1.41748
  0.387342 -0.0149024    1.96507   0.146303  -0.322693    2.02573   -1.41749
  0.387358 -0.0149087    1.96508   0.146264  -0.322703    2.02575   -1.41749
 0.387375 -0.014915   1.96508  0.146226 -0.322714   2.02577   -1.4175
  0.387392 -0.0149212    1.96509   0.146188  -0.322724    2.02579   -1.41751
  0.387408 -0.0149274     1.9651    0.14615  -0.322735    2.02581   -1.41751
  0.387425 -0.0149336     1.9651   0.146112  -0.322745    2.02583   -1.41752
  0.387441 -0.0149398    1.96511   0.146074  -0.322756    2.02585   -1.41753
  0.387458 -0.0149459    1.96512   0.146036  -0.322766    2.02587   -1.41753
 0.387474 -0.014952   1.96513  0.145999 -0.322777   2.02588  -1.41754
  0.387491 -0.0149581    1.96513   0.145962  -0.322787     2.0259   -1.41755
  0.387507 -0.0149641    1.96514   0.145924  -0.322798    2.02592   -1.41755
  0.387523 -0.0149702    1.96515   0.145887  -0.322808    2.02594   -1.41756
  0.387539 -0.0149762    1.96516   0.145851  -0.322819    2.02596   -1.41757
  0.387555 -0.0149821    1.96516   0.145814  -0.322829    2.02598   -1.41757
  0.387571 -0.0149881    1.96517   0.145777  -0.322839      2.026   -1.41758
 0.387587 -0.014994   1.96518  0.145741  -0.32285   2.02602  -1.41758
  0.387603 -0.0149998    1.96518   0.145705   -0.32286    2.02604   -1.41759
  0.387619 -0.0150057    1.96519   0.145668  -0.322871    2.02605    -1.4176
  0.387634 -0.0150115     1.9652   0.145632  -0.322881    2.02607    -1.4176
   0.38765 -0.0150173    1.96521   0.145597  -0.322892    2.02609   -1.41761
  0.387666 -0.0150231    1.96521   0.145561  -0.322902    2.02611   -1.41762
  0.387681 -0.0150288    1.96522   0.145525  -0.322912    2.02613   -1.41762
  0.387697 -0.0150345    1.96523    0.14549  -0.322923    2.02615   -1.41763
  0.387712 -0.0150402    1.96524   0.145454  -0.322933    2.02616   -1.41764
  0.387728 -0.0150459    1.96524   0.145419  -0.322943    2.02618   -1.41764
  0.387743 -0.0150515    1.96525   0.145384  -0.322954     2.0262   -1.41765
  0.387758 -0.0150571    1.96526   0.145349  -0.322964    2.02622   -1.41765
  0.387773 -0.0150627    1.96527   0.145315  -0.322974    2.02624   -1.41766
  0.387789 -0.0150682    1.96527    0.14528  -0.322985    2.02625   -1.41767
  0.387804 -0.0150738    1.96528   0.145246  -0.322995    2.02627   -1.41767
  0.387819 -0.0150793    1.96529   0.145211  -0.323005    2.02629   -1.41768
  0.387834 -0.0150847    1.96529   0.145177  -0.323016    2.02631   -1.41769
  0.387849 -0.0150902     1.9653   0.145143  -0.323026    2.02632   -1.41769
  0.387863 -0.0150956    1.96531   0.145109  -0.323036    2.02634    -1.4177
 0.387878 -0.015101   1.96532  0.145075 -0.323046   2.02636   -1.4177
  0.387893 -0.0151064    1.96532   0.145041  -0.323057    2.02638   -1.41771
  0.387908 -0.0151117    1.96533   0.145008  -0.323067    2.02639   -1.41772
 0.387922 -0.015117   1.96534  0.144974 -0.323077   2.02641  -1.41772
  0.387937 -0.0151223    1.96535   0.144941  -0.323087    2.02643   -1.41773
  0.387951 -0.0151276    1.96535   0.144908  -0.323098    2.02645   -1.41773
  0.387966 -0.0151328    1.96536   0.144875  -0.323108    2.02646   -1.41774
  0.38798 -0.015138   1.96537  0.144842 -0.323118   2.02648  -1.41775
  0.387995 -0.0151432    1.96538   0.144809  -0.323128     2.0265   -1.41775
