 0.0396828 -0.0232023  0.0253416
  2.70032 -0.309068   2.71882
  2.70103 -0.279685   2.71925
  2.78445 -0.243163   2.79815
 2.89518 -0.21925  2.90207
-0.145231 0.0162697 -0.143269
-0.0679429 0.00926005 -0.0691362
 0.0416242 0.00634555  0.0332255
 0.0829838 0.00389403  0.0748409
 0.535258 0.0111725  0.486605
   0.35953 0.00175344   0.330854
    0.230009 -0.000732401     0.212296
    0.167456 -0.000275291     0.154634
 1.88543 0.171928  1.60509
   1.6883 0.0626118   1.53489
    1.25786 -0.00125508     1.17007
  0.721494 -0.0181858   0.670415
  0.377829 -0.0149638   0.347661
   0.21902 -0.0091085   0.200231
   0.248033 0.000683028    0.228092
  0.136658 0.00128393   0.126176
  0.108037 0.00194705   0.100463
 0.272584 0.0264731  0.248974
 0.121565 0.0160953  0.110665
0.0618773 0.0100549 0.0561175
 0.0442286 0.00641196  0.0401595
 0.0924105 0.00478447  0.0852059
   0.11974 0.00304744   0.112023
 0.189583 0.0038135  0.176952
  0.148095 0.00144823   0.138902
  0.24746 0.0102794  0.230561
 0.131388 0.0064497  0.122591
 0.0849669 0.00450101  0.0792098
   0.21996 0.00476768   0.204483
  0.164289 0.00154253   0.153764
  0.159139 0.00166908   0.149156
  0.156289 0.00267399   0.146418
  0.148282 0.00188192   0.139227
  0.229079 0.00362269   0.214265
  0.166963 0.00106944   0.156729
  0.189406 0.00309838    0.17753
  0.120153 0.00270374   0.112718
 0.878153 0.0210928  0.810683
  0.612276 0.00144049   0.572747
   0.376494 -0.00404361    0.352614
   0.231758 -0.00381139    0.216585
   0.186258 -0.00139356    0.173758
   0.17982 0.00115048   0.168636
   0.153303 0.000713757    0.143966
 0.508042 0.0070919  0.474385
      0.3378 -6.95079e-05     0.317212
   0.218613 -0.00159112    0.205302
    0.176753 -0.000487241     0.165727
  0.228432 0.00218609   0.214559
   0.166218 0.000400038    0.156405
  0.234289 0.00625624   0.219421
  0.129377 0.00419781   0.121404
 0.0988395 0.00340334  0.0926797
-0.196394  0.176103 -0.230851
 2.81836 -0.32148  2.80557
  2.84241 -0.266657   2.84292
  2.91545 -0.232278   2.91734
-0.142896 0.0233463 -0.142789
-0.0732327  0.0130081  -0.074917
