  0.011143 -0.0377192  0.0245054
  0.014547 -0.0378103  0.0232421
 0.0172131 -0.0372486  0.0222389
 0.0193629 -0.0363646  0.0214015
 0.0211394 -0.0353497  0.0206749
 0.0226365 -0.0343127  0.0200267
 0.0239172 -0.0333128  0.0194377
 0.0250249 -0.0323801  0.0188962
 0.0259906 -0.0315275  0.0183948
 0.0268375 -0.0307583  0.0179288
 0.0275831 -0.0300701  0.0174949
 0.0282413 -0.0294579  0.0170907
 0.0288236 -0.0289154  0.0167139
 0.0293394 -0.0284358   0.016363
 0.0297967 -0.0280125  0.0160362
 0.0302026 -0.0276393  0.0157322
 0.0305629 -0.0273104  0.0154495
 0.0308829 -0.0270206  0.0151868
 0.0311671 -0.0267653  0.0149429
 0.0314196 -0.0265403  0.0147165
 0.031644 -0.026342 0.0145065
0.0318433 -0.026167 0.0143117
 0.0320205 -0.0260126  0.0141313
 0.0321778 -0.0258763  0.0139641
 0.0323175 -0.0257557  0.0138093
 0.0324416 -0.0256491   0.013666
 0.0325517 -0.0255546  0.0135334
 0.0326493 -0.0254709  0.0134108
 0.0327359 -0.0253965  0.0132973
 0.0328126 -0.0253304  0.0131923
 0.0328805 -0.0252715  0.0130953
 0.0329405 -0.0252189  0.0130056
 0.0329935 -0.0251719  0.0129227
 0.0330402 -0.0251299  0.0128461
 0.0330813 -0.0250921  0.0127752
 0.0331174 -0.0250581  0.0127097
  0.033149 -0.0250274  0.0126492
 0.0331766 -0.0249997  0.0125933
 0.0332007 -0.0249745  0.0125415
 0.0332215 -0.0249516  0.0124937
 0.0332394 -0.0249307  0.0124495
 0.0332547 -0.0249115  0.0124086
 0.0332677 -0.0248938  0.0123708
 0.0332787 -0.0248776  0.0123358
 0.0332878 -0.0248625  0.0123034
 0.0332953 -0.0248485  0.0122734
 0.0333012 -0.0248354  0.0122456
 0.0333058 -0.0248231  0.0122198
 0.0333092 -0.0248116  0.0121959
 0.0333116 -0.0248007  0.0121738
 0.0333129 -0.0247904  0.0121532
 0.0333134 -0.0247806  0.0121341
 0.0333131 -0.0247712  0.0121164
 0.0333121 -0.0247623  0.0120998
 0.0333105 -0.0247537  0.0120845
 0.0333084 -0.0247454  0.0120702
 0.0333057 -0.0247374  0.0120568
 0.0333026 -0.0247297  0.0120444
 0.0332991 -0.0247222  0.0120327
 0.0332952 -0.0247148  0.0120219
  0.033291 -0.0247077  0.0120117
 0.0332865 -0.0247007  0.0120021
 0.0332817 -0.0246939  0.0119932
 0.0332767 -0.0246873  0.0119848
 0.0332715 -0.0246807  0.0119768
 0.0332662 -0.0246743  0.0119694
 0.0332606 -0.0246679  0.0119623
  0.033255 -0.0246617  0.0119557
 0.0332492 -0.0246555  0.0119494
 0.0332433 -0.0246495  0.0119435
 0.0332373 -0.0246435  0.0119378
 0.0332312 -0.0246375  0.0119324
  0.033225 -0.0246317  0.0119273
 0.0332188 -0.0246259  0.0119224
 0.0332125 -0.0246201  0.0119178
 0.0332062 -0.0246144  0.0119133
 0.0331999 -0.0246088  0.0119091
 0.0331935 -0.0246032   0.011905
 0.0331871 -0.0245977   0.011901
 0.0331806 -0.0245922  0.0118973
 0.0331742 -0.0245868  0.0118936
 0.0331678 -0.0245813  0.0118901
0.0331613 -0.024576 0.0118867
 0.0331548 -0.0245707  0.0118834
 0.0331484 -0.0245654  0.0118802
 0.0331419 -0.0245601  0.0118771
 0.0331355 -0.0245549  0.0118741
 0.0331291 -0.0245497  0.0118711
 0.0331227 -0.0245446  0.0118683
 0.0331163 -0.0245395  0.0118655
 0.0331099 -0.0245344  0.0118628
 0.0331035 -0.0245293  0.0118601
 0.0330972 -0.0245243  0.0118575
 0.0330909 -0.0245193   0.011855
 0.0330846 -0.0245144  0.0118524
 0.0330783 -0.0245095    0.01185
  0.033072 -0.0245046  0.0118476
 0.0330658 -0.0244997  0.0118452
 0.0330596 -0.0244949  0.0118429
 0.0330534 -0.0244901  0.0118406
 0.0330473 -0.0244853  0.0118383
 0.0330412 -0.0244806  0.0118361
 0.0330351 -0.0244758  0.0118339
  0.033029 -0.0244712  0.0118317
  0.033023 -0.0244665  0.0118296
  0.033017 -0.0244619  0.0118274
  0.033011 -0.0244573  0.0118254
 0.0330051 -0.0244527  0.0118233
 0.0329992 -0.0244481  0.0118212
 0.0329933 -0.0244436  0.0118192
 0.0329874 -0.0244391  0.0118172
 0.0329816 -0.0244346  0.0118152
 0.0329758 -0.0244302  0.0118133
 0.0329701 -0.0244258  0.0118113
 0.0329643 -0.0244214  0.0118094
0.0329586 -0.024417 0.0118075
  0.032953 -0.0244126  0.0118056
 0.0329473 -0.0244083  0.0118037
0.0329417 -0.024404 0.0118019
 0.0329362 -0.0243998     0.0118
 0.0329306 -0.0243955  0.0117982
 0.0329251 -0.0243913  0.0117964
 0.0329196 -0.0243871  0.0117946
 0.0329142 -0.0243829  0.0117928
 0.0329088 -0.0243788   0.011791
 0.0329034 -0.0243747  0.0117893
  0.032898 -0.0243706  0.0117875
 0.0328927 -0.0243665  0.0117858
 0.0328874 -0.0243624  0.0117841
 0.0328821 -0.0243584  0.0117824
 0.0328768 -0.0243544  0.0117807
 0.0328716 -0.0243504   0.011779
 0.0328665 -0.0243464  0.0117773
 0.0328613 -0.0243425  0.0117756
 0.0328562 -0.0243386   0.011774
 0.0328511 -0.0243347  0.0117723
  0.032846 -0.0243308  0.0117707
 0.032841 -0.024327 0.0117691
  0.032836 -0.0243231  0.0117675
  0.032831 -0.0243193  0.0117659
  0.032826 -0.0243156  0.0117643
 0.0328211 -0.0243118  0.0117627
 0.0328162 -0.0243081  0.0117612
 0.0328113 -0.0243043  0.0117596
 0.0328065 -0.0243006  0.0117581
0.0328017 -0.024297 0.0117565
 0.0327969 -0.0242933   0.011755
 0.0327921 -0.0242897  0.0117535
 0.0327874 -0.0242861   0.011752
 0.0327827 -0.0242825  0.0117505
  0.032778 -0.0242789   0.011749
 0.0327733 -0.0242753  0.0117475
 0.0327687 -0.0242718  0.0117461
 0.0327641 -0.0242683  0.0117446
 0.0327595 -0.0242648  0.0117432
  0.032755 -0.0242613  0.0117417
 0.0327505 -0.0242579  0.0117403
  0.032746 -0.0242544  0.0117389
0.0327415 -0.024251 0.0117375
  0.032737 -0.0242476  0.0117361
 0.0327326 -0.0242443  0.0117347
 0.0327282 -0.0242409  0.0117333
 0.0327238 -0.0242376  0.0117319
 0.0327195 -0.0242342  0.0117306
 0.0327152 -0.0242309  0.0117292
 0.0327109 -0.0242277  0.0117278
 0.0327066 -0.0242244  0.0117265
 0.0327024 -0.0242212  0.0117252
 0.0326981 -0.0242179  0.0117238
 0.0326939 -0.0242147  0.0117225
 0.0326897 -0.0242115  0.0117212
 0.0326856 -0.0242084  0.0117199
 0.0326815 -0.0242052  0.0117186
 0.0326774 -0.0242021  0.0117173
0.0326733 -0.024199 0.0117161
 0.0326692 -0.0241959  0.0117148
 0.0326652 -0.0241928  0.0117135
 0.0326612 -0.0241897  0.0117123
 0.0326572 -0.0241867   0.011711
 0.0326532 -0.0241836  0.0117098
 0.0326492 -0.0241806  0.0117086
 0.0326453 -0.0241776  0.0117074
 0.0326414 -0.0241747  0.0117061
 0.0326375 -0.0241717  0.0117049
 0.0326337 -0.0241688  0.0117037
 0.0326298 -0.0241658  0.0117025
  0.032626 -0.0241629  0.0117014
0.0326222  -0.02416 0.0117002
 0.0326185 -0.0241571   0.011699
 0.0326147 -0.0241543  0.0116979
  0.032611 -0.0241514  0.0116967
 0.0326073 -0.0241486  0.0116956
 0.0326036 -0.0241458  0.0116944
0.0325999 -0.024143 0.0116933
 0.0325963 -0.0241402  0.0116922
 0.0325926 -0.0241374   0.011691
  0.032589 -0.0241347  0.0116899
0.0325854 -0.024132 0.0116888
 0.0325819 -0.0241292  0.0116877
 0.0325783 -0.0241265  0.0116866
 0.0325748 -0.0241238  0.0116856
 0.0325713 -0.0241212  0.0116845
 0.0325678 -0.0241185  0.0116834
 0.0325644 -0.0241159  0.0116823
 0.0325609 -0.0241132  0.0116813
 0.0325575 -0.0241106  0.0116802
0.0325541 -0.024108 0.0116792
 0.0325507 -0.0241054  0.0116782
 0.0325473 -0.0241029  0.0116771
  0.032544 -0.0241003  0.0116761
 0.0325406 -0.0240978  0.0116751
 0.0325373 -0.0240952  0.0116741
  0.032534 -0.0240927  0.0116731
 0.0325308 -0.0240902  0.0116721
 0.0325275 -0.0240877  0.0116711
 0.0325243 -0.0240853  0.0116701
  0.032521 -0.0240828  0.0116691
 0.0325178 -0.0240804  0.0116681
 0.0325146 -0.0240779  0.0116672
 0.0325115 -0.0240755  0.0116662
 0.0325083 -0.0240731  0.0116653
 0.0325052 -0.0240707  0.0116643
 0.0325021 -0.0240683  0.0116634
 0.032499 -0.024066 0.0116624
 0.0324959 -0.0240636  0.0116615
 0.0324928 -0.0240613  0.0116606
0.0324898 -0.024059 0.0116597
 0.0324868 -0.0240567  0.0116587
 0.0324838 -0.0240544  0.0116578
 0.0324808 -0.0240521  0.0116569
 0.0324778 -0.0240498   0.011656
 0.0324748 -0.0240476  0.0116551
 0.0324719 -0.0240453  0.0116543
  0.032469 -0.0240431  0.0116534
 0.0324661 -0.0240409  0.0116525
 0.0324632 -0.0240386  0.0116516
 0.0324603 -0.0240364  0.0116508
 0.0324574 -0.0240343  0.0116499
 0.0324546 -0.0240321  0.0116491
 0.0324517 -0.0240299  0.0116482
 0.0324489 -0.0240278  0.0116474
 0.0324461 -0.0240257  0.0116465
 0.0324433 -0.0240235  0.0116457
 0.0324406 -0.0240214  0.0116449
 0.0324378 -0.0240193  0.0116441
 0.0324351 -0.0240172  0.0116432
 0.0324324 -0.0240152  0.0116424
 0.0324297 -0.0240131  0.0116416
 0.032427 -0.024011 0.0116408
0.0324243 -0.024009   0.01164
0.0324216 -0.024007 0.0116392
  0.032419 -0.0240049  0.0116385
 0.0324164 -0.0240029  0.0116377
 0.0324137 -0.0240009  0.0116369
0.0324111 -0.023999 0.0116361
0.0324086 -0.023997 0.0116354
 0.032406 -0.023995 0.0116346
 0.0324034 -0.0239931  0.0116339
 0.0324009 -0.0239911  0.0116331
 0.0323984 -0.0239892  0.0116324
 0.0323958 -0.0239873  0.0116316
 0.0323933 -0.0239854  0.0116309
 0.0323908 -0.0239835  0.0116302
 0.0323884 -0.0239816  0.0116294
 0.0323859 -0.0239797  0.0116287
 0.0323835 -0.0239778   0.011628
 0.032381 -0.023976 0.0116273
 0.0323786 -0.0239741  0.0116266
 0.0323762 -0.0239723  0.0116259
 0.0323738 -0.0239705  0.0116252
 0.0323714 -0.0239687  0.0116245
 0.0323691 -0.0239669  0.0116238
 0.0323667 -0.0239651  0.0116231
 0.0323644 -0.0239633  0.0116224
 0.0323621 -0.0239615  0.0116217
 0.0323597 -0.0239597  0.0116211
0.0323574 -0.023958 0.0116204
 0.0323552 -0.0239562  0.0116197
 0.0323529 -0.0239545  0.0116191
 0.0323506 -0.0239528  0.0116184
 0.0323484 -0.0239511  0.0116178
 0.0323461 -0.0239494  0.0116171
 0.0323439 -0.0239477  0.0116165
0.0323417 -0.023946 0.0116158
 0.0323395 -0.0239443  0.0116152
 0.0323373 -0.0239426  0.0116146
0.0323351 -0.023941 0.0116139
  0.032333 -0.0239393  0.0116133
 0.0323308 -0.0239377  0.0116127
0.0323287 -0.023936 0.0116121
 0.0323266 -0.0239344  0.0116115
 0.0323244 -0.0239328  0.0116109
 0.0323223 -0.0239312  0.0116103
 0.0323202 -0.0239296  0.0116097
0.0323182 -0.023928 0.0116091
 0.0323161 -0.0239264  0.0116085
  0.032314 -0.0239249  0.0116079
  0.032312 -0.0239233  0.0116073
   0.03231 -0.0239218  0.0116067
 0.0323079 -0.0239202  0.0116062
 0.0323059 -0.0239187  0.0116056
 0.0323039 -0.0239172   0.011605
 0.0323019 -0.0239156  0.0116045
    0.0323 -0.0239141  0.0116039
  0.032298 -0.0239126  0.0116033
  0.032296 -0.0239111  0.0116028
 0.0322941 -0.0239096  0.0116022
 0.0322922 -0.0239082  0.0116017
 0.0322902 -0.0239067  0.0116012
 0.0322883 -0.0239052  0.0116006
 0.0322864 -0.0239038  0.0116001
 0.0322845 -0.0239023  0.0115995
 0.0322826 -0.0239009   0.011599
 0.0322808 -0.0238995  0.0115985
 0.0322789 -0.0238981   0.011598
 0.0322771 -0.0238967  0.0115975
 0.0322752 -0.0238952  0.0115969
 0.0322734 -0.0238939  0.0115964
 0.0322716 -0.0238925  0.0115959
 0.0322698 -0.0238911  0.0115954
  0.032268 -0.0238897  0.0115949
 0.0322662 -0.0238883  0.0115944
0.0322644 -0.023887 0.0115939
 0.0322626 -0.0238856  0.0115934
 0.0322609 -0.0238843  0.0115929
0.0322591 -0.023883 0.0115925
 0.0322574 -0.0238816   0.011592
 0.0322556 -0.0238803  0.0115915
0.0322539 -0.023879  0.011591
 0.0322522 -0.0238777  0.0115905
 0.0322505 -0.0238764  0.0115901
 0.0322488 -0.0238751  0.0115896
 0.0322471 -0.0238738  0.0115891
 0.0322455 -0.0238725  0.0115887
 0.0322438 -0.0238713  0.0115882
0.0322421  -0.02387 0.0115878
 0.0322405 -0.0238688  0.0115873
 0.0322389 -0.0238675  0.0115869
 0.0322372 -0.0238663  0.0115864
0.0322356 -0.023865  0.011586
  0.032234 -0.0238638  0.0115856
 0.0322324 -0.0238626  0.0115851
 0.0322308 -0.0238614  0.0115847
 0.0322292 -0.0238602  0.0115843
0.0322277 -0.023859 0.0115838
 0.0322261 -0.0238578  0.0115834
 0.0322245 -0.0238566   0.011583
  0.032223 -0.0238554  0.0115826
 0.0322215 -0.0238542  0.0115821
0.0322199 -0.023853 0.0115817
 0.0322184 -0.0238519  0.0115813
 0.0322169 -0.0238507  0.0115809
 0.0322154 -0.0238496  0.0115805
 0.0322139 -0.0238484  0.0115801
 0.0322124 -0.0238473  0.0115797
 0.0322109 -0.0238462  0.0115793
0.0322094 -0.023845 0.0115789
  0.032208 -0.0238439  0.0115785
 0.0322065 -0.0238428  0.0115781
 0.0322051 -0.0238417  0.0115777
 0.0322036 -0.0238406  0.0115774
 0.0322022 -0.0238395   0.011577
 0.0322008 -0.0238384  0.0115766
 0.0321994 -0.0238374  0.0115762
  0.032198 -0.0238363  0.0115759
 0.0321966 -0.0238352  0.0115755
 0.0321952 -0.0238341  0.0115751
 0.0321938 -0.0238331  0.0115747
0.0321924 -0.023832 0.0115744
 0.032191 -0.023831  0.011574
0.0321897  -0.02383 0.0115737
 0.0321883 -0.0238289  0.0115733
  0.032187 -0.0238279   0.011573
 0.0321856 -0.0238269  0.0115726
 0.0321843 -0.0238259  0.0115723
  0.032183 -0.0238248  0.0115719
 0.0321816 -0.0238238  0.0115716
 0.0321803 -0.0238228  0.0115712
  0.032179 -0.0238218  0.0115709
 0.0321777 -0.0238209  0.0115705
 0.0321765 -0.0238199  0.0115702
 0.0321752 -0.0238189  0.0115699
 0.0321739 -0.0238179  0.0115695
0.0321726 -0.023817 0.0115692
0.0321714 -0.023816 0.0115689
0.0321701 -0.023815 0.0115686
 0.0321689 -0.0238141  0.0115682
 0.0321676 -0.0238131  0.0115679
 0.0321664 -0.0238122  0.0115676
 0.0321652 -0.0238113  0.0115673
  0.032164 -0.0238103   0.011567
 0.0321627 -0.0238094  0.0115667
 0.0321615 -0.0238085  0.0115664
 0.0321603 -0.0238076  0.0115661
 0.0321591 -0.0238067  0.0115658
  0.032158 -0.0238058  0.0115655
 0.0321568 -0.0238049  0.0115652
0.0321556 -0.023804 0.0115649
 0.0321544 -0.0238031  0.0115646
 0.0321533 -0.0238022  0.0115643
 0.0321521 -0.0238013   0.011564
  0.032151 -0.0238004  0.0115637
 0.0321498 -0.0237996  0.0115634
 0.0321487 -0.0237987  0.0115631
 0.0321476 -0.0237978  0.0115628
0.0321465 -0.023797 0.0115625
 0.0321453 -0.0237961  0.0115623
 0.0321442 -0.0237953   0.011562
 0.0321431 -0.0237944  0.0115617
  0.032142 -0.0237936  0.0115614
 0.0321409 -0.0237928  0.0115612
 0.0321399 -0.0237919  0.0115609
 0.0321388 -0.0237911  0.0115606
 0.0321377 -0.0237903  0.0115604
 0.0321366 -0.0237895  0.0115601
 0.0321356 -0.0237887  0.0115598
 0.0321345 -0.0237879  0.0115596
 0.0321335 -0.0237871  0.0115593
 0.0321324 -0.0237863  0.0115591
 0.0321314 -0.0237855  0.0115588
 0.0321304 -0.0237847  0.0115586
 0.0321293 -0.0237839  0.0115583
 0.0321283 -0.0237831  0.0115581
 0.0321273 -0.0237824  0.0115578
 0.0321263 -0.0237816  0.0115576
 0.0321253 -0.0237808  0.0115573
 0.0321243 -0.0237801  0.0115571
 0.0321233 -0.0237793  0.0115568
 0.0321223 -0.0237786  0.0115566
 0.0321213 -0.0237778  0.0115564
 0.0321204 -0.0237771  0.0115561
 0.0321194 -0.0237763  0.0115559
 0.0321184 -0.0237756  0.0115557
 0.0321175 -0.0237748  0.0115554
 0.0321165 -0.0237741  0.0115552
 0.0321156 -0.0237734   0.011555
 0.0321146 -0.0237727  0.0115547
0.0321137 -0.023772 0.0115545
 0.0321127 -0.0237712  0.0115543
 0.0321118 -0.0237705  0.0115541
 0.0321109 -0.0237698  0.0115539
   0.03211 -0.0237691  0.0115536
 0.0321091 -0.0237684  0.0115534
 0.0321082 -0.0237677  0.0115532
0.0321073 -0.023767  0.011553
 0.0321064 -0.0237664  0.0115528
 0.0321055 -0.0237657  0.0115526
0.0321046 -0.023765 0.0115524
 0.0321037 -0.0237643  0.0115522
 0.0321028 -0.0237637   0.011552
0.0321019 -0.023763 0.0115518
 0.0321011 -0.0237623  0.0115515
 0.0321002 -0.0237617  0.0115513
0.0320993 -0.023761 0.0115511
 0.0320985 -0.0237604   0.011551
 0.0320976 -0.0237597  0.0115508
 0.0320968 -0.0237591  0.0115506
  0.032096 -0.0237584  0.0115504
 0.0320951 -0.0237578  0.0115502
 0.0320943 -0.0237572    0.01155
 0.0320935 -0.0237565  0.0115498
 0.0320926 -0.0237559  0.0115496
 0.0320918 -0.0237553  0.0115494
  0.032091 -0.0237547  0.0115492
0.0320902 -0.023754 0.0115491
 0.0320894 -0.0237534  0.0115489
 0.0320886 -0.0237528  0.0115487
 0.0320878 -0.0237522  0.0115485
  0.032087 -0.0237516  0.0115483
0.0320862 -0.023751 0.0115482
 0.0320855 -0.0237504   0.011548
 0.0320847 -0.0237498  0.0115478
 0.0320839 -0.0237492  0.0115476
 0.0320831 -0.0237486  0.0115475
0.0320824 -0.023748 0.0115473
 0.0320816 -0.0237475  0.0115471
 0.0320809 -0.0237469   0.011547
 0.0320801 -0.0237463  0.0115468
 0.0320794 -0.0237457  0.0115466
 0.0320786 -0.0237452  0.0115465
 0.0320779 -0.0237446  0.0115463
 0.0320771 -0.0237441  0.0115461
 0.0320764 -0.0237435   0.011546
 0.0320757 -0.0237429  0.0115458
  0.032075 -0.0237424  0.0115457
 0.0320742 -0.0237418  0.0115455
 0.0320735 -0.0237413  0.0115453
 0.0320728 -0.0237407  0.0115452
 0.0320721 -0.0237402   0.011545
 0.0320714 -0.0237397  0.0115449
 0.0320707 -0.0237391  0.0115447
   0.03207 -0.0237386  0.0115446
 0.0320693 -0.0237381  0.0115444
 0.0320686 -0.0237376  0.0115443
0.0320679 -0.023737 0.0115441
 0.0320673 -0.0237365   0.011544
0.0320666 -0.023736 0.0115439
 0.0320659 -0.0237355  0.0115437
0.0320652 -0.023735 0.0115436
 0.0320646 -0.0237345  0.0115434
0.0320639 -0.023734 0.0115433
 0.0320633 -0.0237335  0.0115432
0.0320626 -0.023733  0.011543
  0.032062 -0.0237325  0.0115429
0.0320613 -0.023732 0.0115428
 0.0320607 -0.0237315  0.0115426
  0.03206 -0.023731 0.0115425
 0.0320594 -0.0237305  0.0115424
0.0320588  -0.02373 0.0115422
 0.0320581 -0.0237295  0.0115421
 0.0320575 -0.0237291   0.011542
 0.0320569 -0.0237286  0.0115418
 0.0320563 -0.0237281  0.0115417
 0.0320556 -0.0237276  0.0115416
  0.032055 -0.0237272  0.0115415
 0.0320544 -0.0237267  0.0115413
 0.0320538 -0.0237262  0.0115412
 0.0320532 -0.0237258  0.0115411
 0.0320526 -0.0237253   0.011541
  0.032052 -0.0237249  0.0115409
 0.0320514 -0.0237244  0.0115407
0.0320508 -0.023724 0.0115406
 0.0320503 -0.0237235  0.0115405
 0.0320497 -0.0237231  0.0115404
 0.0320491 -0.0237226  0.0115403
 0.0320485 -0.0237222  0.0115402
  0.032048 -0.0237218    0.01154
 0.0320474 -0.0237213  0.0115399
 0.0320468 -0.0237209  0.0115398
 0.0320463 -0.0237205  0.0115397
0.0320457  -0.02372 0.0115396
 0.0320451 -0.0237196  0.0115395
 0.0320446 -0.0237192  0.0115394
  0.032044 -0.0237188  0.0115393
 0.0320435 -0.0237183  0.0115392
 0.0320429 -0.0237179  0.0115391
 0.0320424 -0.0237175   0.011539
 0.0320419 -0.0237171  0.0115389
 0.0320413 -0.0237167  0.0115388
 0.0320408 -0.0237163  0.0115387
 0.0320403 -0.0237159  0.0115386
 0.0320397 -0.0237155  0.0115385
 0.0320392 -0.0237151  0.0115384
 0.0320387 -0.0237147  0.0115383
 0.0320382 -0.0237143  0.0115382
 0.0320377 -0.0237139  0.0115381
 0.0320371 -0.0237135   0.011538
 0.0320366 -0.0237131  0.0115379
 0.0320361 -0.0237127  0.0115378
 0.0320356 -0.0237123  0.0115377
0.0320351 -0.023712 0.0115376
 0.0320346 -0.0237116  0.0115375
 0.0320341 -0.0237112  0.0115374
 0.0320336 -0.0237108  0.0115373
 0.0320332 -0.0237105  0.0115372
 0.0320327 -0.0237101  0.0115372
 0.0320322 -0.0237097  0.0115371
 0.0320317 -0.0237093   0.011537
0.0320312 -0.023709 0.0115369
 0.0320307 -0.0237086  0.0115368
 0.0320303 -0.0237082  0.0115367
 0.0320298 -0.0237079  0.0115366
 0.0320293 -0.0237075  0.0115366
 0.0320289 -0.0237072  0.0115365
 0.0320284 -0.0237068  0.0115364
 0.0320279 -0.0237065  0.0115363
 0.0320275 -0.0237061  0.0115362
  0.032027 -0.0237058  0.0115362
 0.0320266 -0.0237054  0.0115361
 0.0320261 -0.0237051   0.011536
 0.0320257 -0.0237047  0.0115359
 0.0320252 -0.0237044  0.0115359
 0.0320248 -0.0237041  0.0115358
 0.0320243 -0.0237037  0.0115357
 0.0320239 -0.0237034  0.0115356
 0.0320235 -0.0237031  0.0115356
  0.032023 -0.0237027  0.0115355
 0.0320226 -0.0237024  0.0115354
 0.0320222 -0.0237021  0.0115353
 0.0320218 -0.0237017  0.0115353
 0.0320213 -0.0237014  0.0115352
 0.0320209 -0.0237011  0.0115351
 0.0320205 -0.0237008  0.0115351
 0.0320201 -0.0237005   0.011535
 0.0320197 -0.0237001  0.0115349
 0.0320192 -0.0236998  0.0115349
 0.0320188 -0.0236995  0.0115348
 0.0320184 -0.0236992  0.0115347
  0.032018 -0.0236989  0.0115347
 0.0320176 -0.0236986  0.0115346
 0.0320172 -0.0236983  0.0115345
0.0320168 -0.023698 0.0115345
 0.0320164 -0.0236977  0.0115344
  0.032016 -0.0236974  0.0115343
 0.0320156 -0.0236971  0.0115343
 0.0320152 -0.0236968  0.0115342
 0.0320149 -0.0236965  0.0115342
 0.0320145 -0.0236962  0.0115341
 0.0320141 -0.0236959   0.011534
 0.0320137 -0.0236956   0.011534
 0.0320133 -0.0236953  0.0115339
 0.032013 -0.023695 0.0115339
 0.0320126 -0.0236947  0.0115338
 0.0320122 -0.0236944  0.0115338
 0.0320118 -0.0236942  0.0115337
 0.0320115 -0.0236939  0.0115336
 0.0320111 -0.0236936  0.0115336
 0.0320107 -0.0236933  0.0115335
0.0320104 -0.023693 0.0115335
   0.03201 -0.0236928  0.0115334
 0.0320097 -0.0236925  0.0115334
 0.0320093 -0.0236922  0.0115333
 0.0320089 -0.0236919  0.0115333
 0.0320086 -0.0236917  0.0115332
 0.0320082 -0.0236914  0.0115332
 0.0320079 -0.0236911  0.0115331
 0.0320075 -0.0236909  0.0115331
 0.0320072 -0.0236906   0.011533
 0.0320069 -0.0236904   0.011533
 0.0320065 -0.0236901  0.0115329
 0.0320062 -0.0236898  0.0115329
 0.0320058 -0.0236896  0.0115328
 0.0320055 -0.0236893  0.0115328
 0.0320052 -0.0236891  0.0115327
 0.0320048 -0.0236888  0.0115327
 0.0320045 -0.0236886  0.0115327
 0.0320042 -0.0236883  0.0115326
 0.0320039 -0.0236881  0.0115326
 0.0320035 -0.0236878  0.0115325
 0.0320032 -0.0236876  0.0115325
 0.0320029 -0.0236873  0.0115324
 0.0320026 -0.0236871  0.0115324
 0.0320023 -0.0236868  0.0115324
 0.0320019 -0.0236866  0.0115323
 0.0320016 -0.0236863  0.0115323
 0.0320013 -0.0236861  0.0115322
  0.032001 -0.0236859  0.0115322
 0.0320007 -0.0236856  0.0115322
 0.0320004 -0.0236854  0.0115321
 0.0320001 -0.0236852  0.0115321
 0.0319998 -0.0236849   0.011532
 0.0319995 -0.0236847   0.011532
 0.0319992 -0.0236845   0.011532
 0.0319989 -0.0236843  0.0115319
0.0319986 -0.023684 0.0115319
 0.0319983 -0.0236838  0.0115319
  0.031998 -0.0236836  0.0115318
 0.0319977 -0.0236834  0.0115318
 0.0319974 -0.0236831  0.0115318
 0.0319971 -0.0236829  0.0115317
 0.0319968 -0.0236827  0.0115317
 0.0319966 -0.0236825  0.0115317
 0.0319963 -0.0236823  0.0115316
 0.031996 -0.023682 0.0115316
 0.0319957 -0.0236818  0.0115316
 0.0319954 -0.0236816  0.0115315
 0.0319952 -0.0236814  0.0115315
 0.0319949 -0.0236812  0.0115315
0.0319946 -0.023681 0.0115314
 0.0319943 -0.0236808  0.0115314
 0.0319941 -0.0236806  0.0115314
 0.0319938 -0.0236804  0.0115314
 0.0319935 -0.0236802  0.0115313
 0.0319933 -0.0236799  0.0115313
  0.031993 -0.0236797  0.0115313
 0.0319927 -0.0236795  0.0115312
 0.0319925 -0.0236793  0.0115312
 0.0319922 -0.0236791  0.0115312
 0.0319919 -0.0236789  0.0115312
 0.0319917 -0.0236787  0.0115311
 0.0319914 -0.0236786  0.0115311
 0.0319912 -0.0236784  0.0115311
 0.0319909 -0.0236782  0.0115311
0.0319907 -0.023678  0.011531
 0.0319904 -0.0236778   0.011531
 0.0319902 -0.0236776   0.011531
 0.0319899 -0.0236774   0.011531
 0.0319897 -0.0236772  0.0115309
0.0319894 -0.023677 0.0115309
 0.0319892 -0.0236768  0.0115309
 0.0319889 -0.0236766  0.0115309
 0.0319887 -0.0236765  0.0115308
 0.0319885 -0.0236763  0.0115308
 0.0319882 -0.0236761  0.0115308
  0.031988 -0.0236759  0.0115308
 0.0319878 -0.0236757  0.0115308
 0.0319875 -0.0236756  0.0115307
 0.0319873 -0.0236754  0.0115307
 0.0319871 -0.0236752  0.0115307
0.0319868 -0.023675 0.0115307
 0.0319866 -0.0236749  0.0115307
 0.0319864 -0.0236747  0.0115306
 0.0319861 -0.0236745  0.0115306
 0.0319859 -0.0236743  0.0115306
 0.0319857 -0.0236742  0.0115306
0.0319855 -0.023674 0.0115306
 0.0319853 -0.0236738  0.0115306
  0.031985 -0.0236736  0.0115305
 0.0319848 -0.0236735  0.0115305
 0.0319846 -0.0236733  0.0115305
 0.0319844 -0.0236731  0.0115305
0.0319842 -0.023673 0.0115305
 0.0319839 -0.0236728  0.0115305
 0.0319837 -0.0236727  0.0115304
 0.0319835 -0.0236725  0.0115304
 0.0319833 -0.0236723  0.0115304
 0.0319831 -0.0236722  0.0115304
0.0319829 -0.023672 0.0115304
 0.0319827 -0.0236719  0.0115304
 0.0319825 -0.0236717  0.0115304
 0.0319823 -0.0236715  0.0115303
 0.0319821 -0.0236714  0.0115303
 0.0319819 -0.0236712  0.0115303
 0.0319817 -0.0236711  0.0115303
 0.0319815 -0.0236709  0.0115303
 0.0319813 -0.0236708  0.0115303
 0.0319811 -0.0236706  0.0115303
 0.0319809 -0.0236705  0.0115303
 0.0319807 -0.0236703  0.0115302
 0.0319805 -0.0236702  0.0115302
0.0319803  -0.02367 0.0115302
 0.0319801 -0.0236699  0.0115302
 0.0319799 -0.0236697  0.0115302
 0.0319797 -0.0236696  0.0115302
 0.0319795 -0.0236694  0.0115302
 0.0319793 -0.0236693  0.0115302
 0.0319792 -0.0236691  0.0115302
 0.031979 -0.023669 0.0115302
 0.0319788 -0.0236689  0.0115301
 0.0319786 -0.0236687  0.0115301
 0.0319784 -0.0236686  0.0115301
 0.0319782 -0.0236684  0.0115301
 0.0319781 -0.0236683  0.0115301
 0.0319779 -0.0236682  0.0115301
0.0319777 -0.023668 0.0115301
 0.0319775 -0.0236679  0.0115301
 0.0319773 -0.0236678  0.0115301
 0.0319772 -0.0236676  0.0115301
  0.031977 -0.0236675  0.0115301
 0.0319768 -0.0236674  0.0115301
 0.0319766 -0.0236672  0.0115301
 0.0319765 -0.0236671  0.0115301
0.0319763 -0.023667   0.01153
 0.0319761 -0.0236668    0.01153
  0.031976 -0.0236667    0.01153
 0.0319758 -0.0236666    0.01153
 0.0319756 -0.0236664    0.01153
 0.0319755 -0.0236663    0.01153
 0.0319753 -0.0236662    0.01153
 0.0319751 -0.0236661    0.01153
  0.031975 -0.0236659    0.01153
 0.0319748 -0.0236658    0.01153
 0.0319746 -0.0236657    0.01153
 0.0319745 -0.0236656    0.01153
 0.0319743 -0.0236654    0.01153
 0.0319742 -0.0236653    0.01153
  0.031974 -0.0236652    0.01153
 0.0319738 -0.0236651    0.01153
0.0319737 -0.023665   0.01153
 0.0319735 -0.0236648    0.01153
 0.0319734 -0.0236647    0.01153
 0.0319732 -0.0236646    0.01153
 0.0319731 -0.0236645    0.01153
 0.0319729 -0.0236644    0.01153
 0.0319728 -0.0236643    0.01153
 0.0319726 -0.0236641    0.01153
0.0319725 -0.023664   0.01153
 0.0319723 -0.0236639    0.01153
 0.0319722 -0.0236638    0.01153
  0.031972 -0.0236637    0.01153
 0.0319719 -0.0236636    0.01153
 0.0319717 -0.0236635    0.01153
 0.0319716 -0.0236634    0.01153
 0.0319714 -0.0236632    0.01153
 0.0319713 -0.0236631    0.01153
0.0319712 -0.023663   0.01153
  0.031971 -0.0236629    0.01153
 0.0319709 -0.0236628    0.01153
 0.0319707 -0.0236627    0.01153
 0.0319706 -0.0236626    0.01153
 0.0319705 -0.0236625    0.01153
 0.0319703 -0.0236624    0.01153
 0.0319702 -0.0236623    0.01153
 0.0319701 -0.0236622    0.01153
 0.0319699 -0.0236621    0.01153
0.0319698 -0.023662   0.01153
 0.0319697 -0.0236619    0.01153
 0.0319695 -0.0236618    0.01153
 0.0319694 -0.0236617    0.01153
 0.0319693 -0.0236616    0.01153
 0.0319691 -0.0236615    0.01153
  0.031969 -0.0236614    0.01153
 0.0319689 -0.0236613    0.01153
 0.0319687 -0.0236612    0.01153
 0.0319686 -0.0236611    0.01153
0.0319685 -0.023661   0.01153
 0.0319684 -0.0236609    0.01153
 0.0319682 -0.0236608    0.01153
 0.0319681 -0.0236607    0.01153
  0.031968 -0.0236606    0.01153
 0.0319679 -0.0236605    0.01153
 0.0319677 -0.0236604    0.01153
 0.0319676 -0.0236603    0.01153
 0.0319675 -0.0236602    0.01153
 0.0319674 -0.0236601    0.01153
0.0319673  -0.02366 0.0115301
 0.0319671 -0.0236599  0.0115301
  0.031967 -0.0236598  0.0115301
 0.0319669 -0.0236598  0.0115301
 0.0319668 -0.0236597  0.0115301
 0.0319667 -0.0236596  0.0115301
 0.0319665 -0.0236595  0.0115301
 0.0319664 -0.0236594  0.0115301
 0.0319663 -0.0236593  0.0115301
 0.0319662 -0.0236592  0.0115301
 0.0319661 -0.0236591  0.0115301
 0.031966 -0.023659 0.0115301
0.0319659 -0.023659 0.0115301
 0.0319658 -0.0236589  0.0115301
 0.0319656 -0.0236588  0.0115301
 0.0319655 -0.0236587  0.0115301
 0.0319654 -0.0236586  0.0115301
 0.0319653 -0.0236585  0.0115301
 0.0319652 -0.0236585  0.0115302
 0.0319651 -0.0236584  0.0115302
  0.031965 -0.0236583  0.0115302
 0.0319649 -0.0236582  0.0115302
 0.0319648 -0.0236581  0.0115302
0.0319647 -0.023658 0.0115302
0.0319646 -0.023658 0.0115302
 0.0319645 -0.0236579  0.0115302
 0.0319644 -0.0236578  0.0115302
 0.0319643 -0.0236577  0.0115302
 0.0319642 -0.0236577  0.0115302
 0.0319641 -0.0236576  0.0115302
  0.031964 -0.0236575  0.0115302
 0.0319639 -0.0236574  0.0115303
 0.0319638 -0.0236573  0.0115303
 0.0319637 -0.0236573  0.0115303
 0.0319636 -0.0236572  0.0115303
 0.0319635 -0.0236571  0.0115303
0.0319634 -0.023657 0.0115303
0.0319633 -0.023657 0.0115303
 0.0319632 -0.0236569  0.0115303
 0.0319631 -0.0236568  0.0115303
  0.031963 -0.0236567  0.0115303
 0.0319629 -0.0236567  0.0115303
 0.0319628 -0.0236566  0.0115303
 0.0319627 -0.0236565  0.0115304
 0.0319626 -0.0236565  0.0115304
 0.0319625 -0.0236564  0.0115304
 0.0319624 -0.0236563  0.0115304
 0.0319623 -0.0236562  0.0115304
 0.0319622 -0.0236562  0.0115304
 0.0319621 -0.0236561  0.0115304
 0.031962 -0.023656 0.0115304
 0.031962 -0.023656 0.0115304
 0.0319619 -0.0236559  0.0115304
 0.0319618 -0.0236558  0.0115305
 0.0319617 -0.0236558  0.0115305
 0.0319616 -0.0236557  0.0115305
 0.0319615 -0.0236556  0.0115305
 0.0319614 -0.0236556  0.0115305
 0.0319613 -0.0236555  0.0115305
 0.0319613 -0.0236554  0.0115305
 0.0319612 -0.0236554  0.0115305
 0.0319611 -0.0236553  0.0115305
  0.031961 -0.0236552  0.0115305
 0.0319609 -0.0236552  0.0115306
 0.0319608 -0.0236551  0.0115306
0.0319608 -0.023655 0.0115306
0.0319607 -0.023655 0.0115306
 0.0319606 -0.0236549  0.0115306
 0.0319605 -0.0236548  0.0115306
 0.0319604 -0.0236548  0.0115306
 0.0319603 -0.0236547  0.0115306
 0.0319603 -0.0236547  0.0115306
 0.0319602 -0.0236546  0.0115307
 0.0319601 -0.0236545  0.0115307
   0.03196 -0.0236545  0.0115307
 0.0319599 -0.0236544  0.0115307
 0.0319599 -0.0236544  0.0115307
 0.0319598 -0.0236543  0.0115307
 0.0319597 -0.0236542  0.0115307
 0.0319596 -0.0236542  0.0115307
 0.0319596 -0.0236541  0.0115307
 0.0319595 -0.0236541  0.0115308
0.0319594 -0.023654 0.0115308
 0.0319593 -0.0236539  0.0115308
 0.0319593 -0.0236539  0.0115308
 0.0319592 -0.0236538  0.0115308
 0.0319591 -0.0236538  0.0115308
  0.031959 -0.0236537  0.0115308
  0.031959 -0.0236537  0.0115308
 0.0319589 -0.0236536  0.0115309
 0.0319588 -0.0236536  0.0115309
 0.0319588 -0.0236535  0.0115309
 0.0319587 -0.0236534  0.0115309
 0.0319586 -0.0236534  0.0115309
 0.0319585 -0.0236533  0.0115309
 0.0319585 -0.0236533  0.0115309
 0.0319584 -0.0236532  0.0115309
 0.0319583 -0.0236532   0.011531
 0.0319583 -0.0236531   0.011531
 0.0319582 -0.0236531   0.011531
0.0319581 -0.023653  0.011531
0.0319581 -0.023653  0.011531
  0.031958 -0.0236529   0.011531
 0.0319579 -0.0236529   0.011531
 0.0319579 -0.0236528   0.011531
 0.0319578 -0.0236528  0.0115311
 0.0319577 -0.0236527  0.0115311
 0.0319577 -0.0236527  0.0115311
 0.0319576 -0.0236526  0.0115311
 0.0319575 -0.0236526  0.0115311
 0.0319575 -0.0236525  0.0115311
 0.0319574 -0.0236525  0.0115311
 0.0319573 -0.0236524  0.0115311
 0.0319573 -0.0236524  0.0115312
 0.0319572 -0.0236523  0.0115312
 0.0319571 -0.0236523  0.0115312
 0.0319571 -0.0236522  0.0115312
  0.031957 -0.0236522  0.0115312
  0.031957 -0.0236521  0.0115312
 0.0319569 -0.0236521  0.0115312
0.0319568 -0.023652 0.0115313
0.0319568 -0.023652 0.0115313
 0.0319567 -0.0236519  0.0115313
 0.0319567 -0.0236519  0.0115313
 0.0319566 -0.0236518  0.0115313
 0.0319565 -0.0236518  0.0115313
 0.0319565 -0.0236518  0.0115313
 0.0319564 -0.0236517  0.0115314
 0.0319564 -0.0236517  0.0115314
 0.0319563 -0.0236516  0.0115314
 0.0319563 -0.0236516  0.0115314
 0.0319562 -0.0236515  0.0115314
 0.0319561 -0.0236515  0.0115314
 0.0319561 -0.0236514  0.0115314
  0.031956 -0.0236514  0.0115314
  0.031956 -0.0236514  0.0115315
 0.0319559 -0.0236513  0.0115315
 0.0319559 -0.0236513  0.0115315
 0.0319558 -0.0236512  0.0115315
 0.0319558 -0.0236512  0.0115315
 0.0319557 -0.0236511  0.0115315
 0.0319556 -0.0236511  0.0115315
 0.0319556 -0.0236511  0.0115316
0.0319555 -0.023651 0.0115316
0.0319555 -0.023651 0.0115316
 0.0319554 -0.0236509  0.0115316
 0.0319554 -0.0236509  0.0115316
 0.0319553 -0.0236509  0.0115316
 0.0319553 -0.0236508  0.0115316
 0.0319552 -0.0236508  0.0115317
 0.0319552 -0.0236507  0.0115317
 0.0319551 -0.0236507  0.0115317
 0.0319551 -0.0236507  0.0115317
  0.031955 -0.0236506  0.0115317
  0.031955 -0.0236506  0.0115317
 0.0319549 -0.0236505  0.0115317
 0.0319549 -0.0236505  0.0115318
 0.0319548 -0.0236505  0.0115318
 0.0319548 -0.0236504  0.0115318
 0.0319547 -0.0236504  0.0115318
 0.0319547 -0.0236504  0.0115318
 0.0319546 -0.0236503  0.0115318
 0.0319546 -0.0236503  0.0115319
 0.0319545 -0.0236502  0.0115319
 0.0319545 -0.0236502  0.0115319
 0.0319544 -0.0236502  0.0115319
 0.0319544 -0.0236501  0.0115319
 0.0319543 -0.0236501  0.0115319
 0.0319543 -0.0236501  0.0115319
0.0319543  -0.02365  0.011532
0.0319542  -0.02365  0.011532
0.0319542  -0.02365  0.011532
 0.0319541 -0.0236499   0.011532
 0.0319541 -0.0236499   0.011532
  0.031954 -0.0236499   0.011532
  0.031954 -0.0236498   0.011532
 0.0319539 -0.0236498  0.0115321
 0.0319539 -0.0236498  0.0115321
 0.0319538 -0.0236497  0.0115321
 0.0319538 -0.0236497  0.0115321
 0.0319538 -0.0236497  0.0115321
 0.0319537 -0.0236496  0.0115321
 0.0319537 -0.0236496  0.0115321
 0.0319536 -0.0236496  0.0115322
 0.0319536 -0.0236495  0.0115322
 0.0319536 -0.0236495  0.0115322
 0.0319535 -0.0236495  0.0115322
 0.0319535 -0.0236494  0.0115322
 0.0319534 -0.0236494  0.0115322
 0.0319534 -0.0236494  0.0115322
 0.0319533 -0.0236493  0.0115323
 0.0319533 -0.0236493  0.0115323
 0.0319533 -0.0236493  0.0115323
 0.0319532 -0.0236492  0.0115323
 0.0319532 -0.0236492  0.0115323
