 0.0272197 -0.0189146  0.0128398
 0.030098 -0.024106 0.0135693
 0.0320238 -0.0271065  0.0140825
 0.0333461 -0.0287899  0.0144236
 0.0342842 -0.0296826  0.0146346
 0.0349745 -0.0301045  0.0147504
 0.0355017 -0.0302499  0.0147984
 0.0359182 -0.0302372  0.0147992
  0.036257 -0.0301382  0.0147682
 0.0365391 -0.0299959  0.0147163
 0.0367782 -0.0298358  0.0146515
0.0369833 -0.029673 0.0145793
 0.0371608 -0.0295156  0.0145036
 0.0373154 -0.0293679   0.014427
 0.0374504 -0.0292319  0.0143514
 0.0375687 -0.0291082  0.0142778
 0.0376722 -0.0289964  0.0142071
  0.037763 -0.0288959  0.0141396
 0.0378424 -0.0288059  0.0140756
 0.0379119 -0.0287253  0.0140152
 0.0379726 -0.0286532  0.0139584
 0.0380254 -0.0285888  0.0139051
0.0380714 -0.028531 0.0138551
 0.0381112 -0.0284793  0.0138083
 0.0381456 -0.0284328  0.0137646
 0.0381751 -0.0283911  0.0137238
 0.0382004 -0.0283534  0.0136857
 0.0382218 -0.0283193  0.0136502
 0.0382399 -0.0282885   0.013617
  0.038255 -0.0282604  0.0135861
 0.0382674 -0.0282348  0.0135573
 0.0382775 -0.0282114  0.0135304
 0.0382854 -0.0281899  0.0135054
 0.0382915 -0.0281701   0.013482
 0.0382959 -0.0281518  0.0134602
 0.0382989 -0.0281348  0.0134399
 0.0383005 -0.0281189  0.0134209
  0.038301 -0.0281041  0.0134031
 0.0383005 -0.0280901  0.0133865
 0.038299 -0.028077  0.013371
 0.0382967 -0.0280646  0.0133565
 0.0382937 -0.0280528  0.0133428
 0.0382901 -0.0280415  0.0133301
 0.0382859 -0.0280308  0.0133181
 0.0382812 -0.0280204  0.0133069
  0.038276 -0.0280105  0.0132963
 0.0382705 -0.0280009  0.0132863
 0.0382646 -0.0279917  0.0132769
 0.0382584 -0.0279827  0.0132681
0.0382519 -0.027974 0.0132597
 0.0382452 -0.0279655  0.0132518
 0.0382383 -0.0279572  0.0132443
 0.0382313 -0.0279491  0.0132372
  0.038224 -0.0279411  0.0132305
 0.0382167 -0.0279333  0.0132241
 0.0382092 -0.0279257   0.013218
 0.0382016 -0.0279182  0.0132122
 0.0381939 -0.0279108  0.0132066
 0.0381862 -0.0279035  0.0132013
 0.0381784 -0.0278963  0.0131962
 0.0381705 -0.0278892  0.0131913
 0.0381627 -0.0278822  0.0131866
 0.0381548 -0.0278752  0.0131821
 0.0381468 -0.0278684  0.0131777
 0.0381389 -0.0278616  0.0131736
 0.0381309 -0.0278549  0.0131695
  0.038123 -0.0278483  0.0131656
  0.038115 -0.0278417  0.0131618
 0.0381071 -0.0278352  0.0131581
 0.0380992 -0.0278287  0.0131545
 0.0380913 -0.0278223   0.013151
0.0380834 -0.027816 0.0131477
 0.0380755 -0.0278097  0.0131444
 0.0380677 -0.0278035  0.0131411
 0.0380598 -0.0277973   0.013138
 0.0380521 -0.0277911  0.0131349
0.0380443 -0.027785 0.0131319
0.0380366 -0.027779  0.013129
0.0380289 -0.027773 0.0131261
0.0380212 -0.027767 0.0131232
 0.0380136 -0.0277611  0.0131205
  0.038006 -0.0277552  0.0131177
 0.0379985 -0.0277494   0.013115
  0.037991 -0.0277436  0.0131124
 0.0379835 -0.0277378  0.0131098
 0.0379761 -0.0277321  0.0131072
 0.0379687 -0.0277264  0.0131047
 0.0379613 -0.0277208  0.0131022
  0.037954 -0.0277152  0.0130998
 0.0379468 -0.0277096  0.0130973
 0.0379396 -0.0277041  0.0130949
 0.0379324 -0.0276986  0.0130926
 0.0379252 -0.0276932  0.0130902
 0.0379182 -0.0276878  0.0130879
 0.0379111 -0.0276824  0.0130856
 0.0379041 -0.0276771  0.0130834
 0.0378971 -0.0276717  0.0130811
 0.0378902 -0.0276665  0.0130789
 0.0378833 -0.0276612  0.0130767
0.0378765 -0.027656 0.0130746
 0.0378697 -0.0276509  0.0130724
  0.037863 -0.0276458  0.0130703
 0.0378563 -0.0276407  0.0130682
 0.0378496 -0.0276356  0.0130661
  0.037843 -0.0276306   0.013064
 0.0378364 -0.0276256   0.013062
 0.0378298 -0.0276206  0.0130599
 0.0378233 -0.0276157  0.0130579
 0.0378169 -0.0276108  0.0130559
 0.0378105 -0.0276059  0.0130539
 0.0378041 -0.0276011   0.013052
 0.0377978 -0.0275963    0.01305
 0.0377915 -0.0275915  0.0130481
 0.0377852 -0.0275868  0.0130462
  0.037779 -0.0275821  0.0130443
 0.0377728 -0.0275774  0.0130424
 0.0377667 -0.0275727  0.0130405
 0.0377606 -0.0275681  0.0130387
 0.0377545 -0.0275635  0.0130368
0.0377485 -0.027559  0.013035
 0.0377425 -0.0275545  0.0130332
0.0377366  -0.02755 0.0130314
 0.0377307 -0.0275455  0.0130296
0.0377248 -0.027541 0.0130278
  0.037719 -0.0275366  0.0130261
 0.0377132 -0.0275323  0.0130243
 0.0377075 -0.0275279  0.0130226
 0.0377018 -0.0275236  0.0130209
 0.0376961 -0.0275193  0.0130192
0.0376904 -0.027515 0.0130175
 0.0376848 -0.0275108  0.0130158
 0.0376793 -0.0275066  0.0130141
 0.0376737 -0.0275024  0.0130125
 0.0376682 -0.0274982  0.0130108
 0.0376628 -0.0274941  0.0130092
0.0376574  -0.02749 0.0130076
  0.037652 -0.0274859   0.013006
 0.0376466 -0.0274818  0.0130044
 0.0376413 -0.0274778  0.0130028
  0.037636 -0.0274738  0.0130012
 0.0376308 -0.0274698  0.0129997
 0.0376255 -0.0274659  0.0129981
0.0376204 -0.027462 0.0129966
 0.0376152 -0.0274581   0.012995
 0.0376101 -0.0274542  0.0129935
  0.037605 -0.0274504   0.012992
    0.0376 -0.0274465  0.0129905
 0.0375949 -0.0274427  0.0129891
  0.03759 -0.027439 0.0129876
  0.037585 -0.0274352  0.0129861
 0.0375801 -0.0274315  0.0129847
 0.0375752 -0.0274278  0.0129832
 0.0375703 -0.0274241  0.0129818
 0.0375655 -0.0274205  0.0129804
 0.0375607 -0.0274168   0.012979
  0.037556 -0.0274132  0.0129776
 0.0375512 -0.0274097  0.0129762
 0.0375465 -0.0274061  0.0129748
 0.0375418 -0.0274026  0.0129734
0.0375372 -0.027399 0.0129721
 0.0375326 -0.0273956  0.0129707
  0.037528 -0.0273921  0.0129694
 0.0375235 -0.0273886  0.0129681
 0.0375189 -0.0273852  0.0129668
 0.0375144 -0.0273818  0.0129654
   0.03751 -0.0273784  0.0129641
 0.0375055 -0.0273751  0.0129629
 0.0375011 -0.0273717  0.0129616
 0.0374967 -0.0273684  0.0129603
 0.0374924 -0.0273651   0.012959
 0.0374881 -0.0273619  0.0129578
 0.0374838 -0.0273586  0.0129565
 0.0374795 -0.0273554  0.0129553
 0.0374753 -0.0273522  0.0129541
 0.037471 -0.027349 0.0129529
 0.0374669 -0.0273458  0.0129517
 0.0374627 -0.0273427  0.0129505
 0.0374586 -0.0273395  0.0129493
 0.0374545 -0.0273364  0.0129481
 0.0374504 -0.0273333  0.0129469
 0.0374463 -0.0273303  0.0129458
 0.0374423 -0.0273272  0.0129446
 0.0374383 -0.0273242  0.0129435
 0.0374343 -0.0273212  0.0129423
 0.0374304 -0.0273182  0.0129412
 0.0374264 -0.0273152  0.0129401
 0.0374225 -0.0273123   0.012939
 0.0374187 -0.0273093  0.0129379
 0.0374148 -0.0273064  0.0129368
  0.037411 -0.0273035  0.0129357
 0.0374072 -0.0273007  0.0129346
 0.0374034 -0.0272978  0.0129335
0.0373997 -0.027295 0.0129324
 0.0373959 -0.0272921  0.0129314
 0.0373922 -0.0272893  0.0129303
 0.0373886 -0.0272866  0.0129293
 0.0373849 -0.0272838  0.0129283
0.0373813 -0.027281 0.0129272
 0.0373777 -0.0272783  0.0129262
 0.0373741 -0.0272756  0.0129252
 0.0373705 -0.0272729  0.0129242
  0.037367 -0.0272702  0.0129232
 0.0373634 -0.0272675  0.0129222
 0.0373599 -0.0272649  0.0129212
 0.0373565 -0.0272623  0.0129203
  0.037353 -0.0272597  0.0129193
 0.0373496 -0.0272571  0.0129183
 0.0373462 -0.0272545  0.0129174
 0.0373428 -0.0272519  0.0129164
 0.0373394 -0.0272494  0.0129155
 0.0373361 -0.0272468  0.0129146
 0.0373328 -0.0272443  0.0129136
 0.0373295 -0.0272418  0.0129127
 0.0373262 -0.0272394  0.0129118
 0.0373229 -0.0272369  0.0129109
 0.0373197 -0.0272344    0.01291
0.0373165 -0.027232 0.0129091
 0.0373133 -0.0272296  0.0129082
 0.0373101 -0.0272272  0.0129074
  0.037307 -0.0272248  0.0129065
 0.0373038 -0.0272224  0.0129056
 0.0373007 -0.0272201  0.0129048
 0.0372976 -0.0272177  0.0129039
 0.0372945 -0.0272154  0.0129031
 0.0372915 -0.0272131  0.0129022
 0.0372885 -0.0272108  0.0129014
 0.0372854 -0.0272085  0.0129006
 0.0372824 -0.0272062  0.0128998
0.0372795 -0.027204 0.0128989
 0.0372765 -0.0272017  0.0128981
 0.0372736 -0.0271995  0.0128973
 0.0372706 -0.0271973  0.0128965
 0.0372677 -0.0271951  0.0128958
 0.0372649 -0.0271929   0.012895
  0.037262 -0.0271908  0.0128942
 0.0372592 -0.0271886  0.0128934
 0.0372563 -0.0271865  0.0128927
 0.0372535 -0.0271843  0.0128919
 0.0372507 -0.0271822  0.0128911
 0.0372479 -0.0271801  0.0128904
0.0372452 -0.027178 0.0128896
0.0372424 -0.027176 0.0128889
 0.0372397 -0.0271739  0.0128882
  0.037237 -0.0271718  0.0128874
 0.0372343 -0.0271698  0.0128867
 0.0372317 -0.0271678   0.012886
  0.037229 -0.0271658  0.0128853
 0.0372264 -0.0271638  0.0128846
 0.0372238 -0.0271618  0.0128839
 0.0372212 -0.0271598  0.0128832
 0.0372186 -0.0271579  0.0128825
  0.037216 -0.0271559  0.0128818
0.0372134 -0.027154 0.0128812
 0.0372109 -0.0271521  0.0128805
 0.0372084 -0.0271502  0.0128798
 0.0372059 -0.0271483  0.0128792
 0.0372034 -0.0271464  0.0128785
 0.0372009 -0.0271445  0.0128778
 0.0371985 -0.0271427  0.0128772
  0.037196 -0.0271408  0.0128766
0.0371936 -0.027139 0.0128759
 0.0371912 -0.0271371  0.0128753
 0.0371888 -0.0271353  0.0128747
 0.0371864 -0.0271335   0.012874
  0.037184 -0.0271317  0.0128734
0.0371817  -0.02713 0.0128728
 0.0371794 -0.0271282  0.0128722
  0.037177 -0.0271264  0.0128716
 0.0371747 -0.0271247   0.012871
0.0371724 -0.027123 0.0128704
 0.0371702 -0.0271212  0.0128698
 0.0371679 -0.0271195  0.0128692
 0.0371657 -0.0271178  0.0128686
 0.0371634 -0.0271161  0.0128681
 0.0371612 -0.0271144  0.0128675
  0.037159 -0.0271128  0.0128669
 0.0371568 -0.0271111  0.0128664
 0.0371546 -0.0271095  0.0128658
 0.0371525 -0.0271078  0.0128652
 0.0371503 -0.0271062  0.0128647
 0.0371482 -0.0271046  0.0128641
0.0371461 -0.027103 0.0128636
  0.037144 -0.0271014  0.0128631
 0.0371419 -0.0270998  0.0128625
 0.0371398 -0.0270982   0.012862
 0.0371377 -0.0270967  0.0128615
 0.0371357 -0.0270951   0.012861
 0.0371336 -0.0270935  0.0128604
0.0371316 -0.027092 0.0128599
 0.0371296 -0.0270905  0.0128594
0.0371276 -0.027089 0.0128589
 0.0371256 -0.0270875  0.0128584
0.0371236 -0.027086 0.0128579
 0.0371216 -0.0270845  0.0128574
0.0371197 -0.027083 0.0128569
 0.0371178 -0.0270815  0.0128565
 0.0371158 -0.0270801   0.012856
 0.0371139 -0.0270786  0.0128555
  0.037112 -0.0270772   0.012855
 0.0371101 -0.0270757  0.0128546
 0.0371082 -0.0270743  0.0128541
 0.0371064 -0.0270729  0.0128536
 0.0371045 -0.0270715  0.0128532
 0.0371027 -0.0270701  0.0128527
 0.0371008 -0.0270687  0.0128523
  0.037099 -0.0270673  0.0128518
0.0370972 -0.027066 0.0128514
 0.0370954 -0.0270646  0.0128509
 0.0370936 -0.0270632  0.0128505
 0.0370919 -0.0270619  0.0128501
 0.0370901 -0.0270606  0.0128496
 0.0370883 -0.0270592  0.0128492
 0.0370866 -0.0270579  0.0128488
 0.0370849 -0.0270566  0.0128484
 0.0370831 -0.0270553  0.0128479
0.0370814 -0.027054 0.0128475
 0.0370797 -0.0270527  0.0128471
 0.0370781 -0.0270515  0.0128467
 0.0370764 -0.0270502  0.0128463
 0.0370747 -0.0270489  0.0128459
 0.0370731 -0.0270477  0.0128455
 0.0370714 -0.0270464  0.0128451
 0.0370698 -0.0270452  0.0128447
0.0370682 -0.027044 0.0128443
 0.0370666 -0.0270427   0.012844
  0.037065 -0.0270415  0.0128436
 0.0370634 -0.0270403  0.0128432
 0.0370618 -0.0270391  0.0128428
 0.0370602 -0.0270379  0.0128425
 0.0370586 -0.0270367  0.0128421
 0.0370571 -0.0270356  0.0128417
 0.0370556 -0.0270344  0.0128414
  0.037054 -0.0270332   0.012841
 0.0370525 -0.0270321  0.0128406
  0.037051 -0.0270309  0.0128403
 0.0370495 -0.0270298  0.0128399
  0.037048 -0.0270287  0.0128396
 0.0370465 -0.0270275  0.0128393
  0.037045 -0.0270264  0.0128389
 0.0370436 -0.0270253  0.0128386
 0.0370421 -0.0270242  0.0128382
 0.0370407 -0.0270231  0.0128379
0.0370392 -0.027022 0.0128376
 0.0370378 -0.0270209  0.0128372
 0.0370364 -0.0270199  0.0128369
  0.037035 -0.0270188  0.0128366
 0.0370336 -0.0270177  0.0128363
 0.0370322 -0.0270167   0.012836
 0.0370308 -0.0270156  0.0128356
 0.0370294 -0.0270146  0.0128353
  0.037028 -0.0270135   0.012835
 0.0370267 -0.0270125  0.0128347
 0.0370253 -0.0270115  0.0128344
  0.037024 -0.0270105  0.0128341
 0.0370227 -0.0270095  0.0128338
 0.0370213 -0.0270085  0.0128335
   0.03702 -0.0270075  0.0128332
 0.0370187 -0.0270065  0.0128329
 0.0370174 -0.0270055  0.0128326
 0.0370161 -0.0270045  0.0128324
 0.0370149 -0.0270035  0.0128321
 0.0370136 -0.0270026  0.0128318
 0.0370123 -0.0270016  0.0128315
 0.0370111 -0.0270007  0.0128312
 0.0370098 -0.0269997   0.012831
 0.0370086 -0.0269988  0.0128307
 0.0370073 -0.0269978  0.0128304
 0.0370061 -0.0269969  0.0128302
0.0370049 -0.026996 0.0128299
 0.0370037 -0.0269951  0.0128296
 0.0370025 -0.0269942  0.0128294
 0.0370013 -0.0269932  0.0128291
 0.0370001 -0.0269923  0.0128289
 0.0369989 -0.0269915  0.0128286
 0.0369977 -0.0269906  0.0128284
 0.0369966 -0.0269897  0.0128281
 0.0369954 -0.0269888  0.0128279
 0.0369943 -0.0269879  0.0128276
 0.0369931 -0.0269871  0.0128274
  0.036992 -0.0269862  0.0128271
 0.0369909 -0.0269853  0.0128269
 0.0369898 -0.0269845  0.0128267
 0.0369886 -0.0269836  0.0128264
 0.0369875 -0.0269828  0.0128262
0.0369864 -0.026982  0.012826
 0.0369853 -0.0269811  0.0128257
 0.0369843 -0.0269803  0.0128255
 0.0369832 -0.0269795  0.0128253
 0.0369821 -0.0269787  0.0128251
  0.036981 -0.0269779  0.0128248
   0.03698 -0.0269771  0.0128246
 0.0369789 -0.0269763  0.0128244
 0.0369779 -0.0269755  0.0128242
 0.0369768 -0.0269747   0.012824
 0.0369758 -0.0269739  0.0128238
 0.0369748 -0.0269731  0.0128236
 0.0369738 -0.0269724  0.0128234
 0.0369728 -0.0269716  0.0128232
 0.0369718 -0.0269708   0.012823
 0.0369708 -0.0269701  0.0128228
 0.0369698 -0.0269693  0.0128226
 0.0369688 -0.0269686  0.0128224
 0.0369678 -0.0269678  0.0128222
 0.0369668 -0.0269671   0.012822
 0.0369658 -0.0269664  0.0128218
 0.0369649 -0.0269656  0.0128216
 0.0369639 -0.0269649  0.0128214
  0.036963 -0.0269642  0.0128212
  0.036962 -0.0269635   0.012821
 0.0369611 -0.0269627  0.0128209
0.0369602 -0.026962 0.0128207
 0.0369592 -0.0269613  0.0128205
 0.0369583 -0.0269606  0.0128203
 0.0369574 -0.0269599  0.0128201
 0.0369565 -0.0269593    0.01282
 0.0369556 -0.0269586  0.0128198
 0.0369547 -0.0269579  0.0128196
 0.0369538 -0.0269572  0.0128195
 0.0369529 -0.0269565  0.0128193
  0.036952 -0.0269559  0.0128191
 0.0369512 -0.0269552   0.012819
 0.0369503 -0.0269546  0.0128188
 0.0369494 -0.0269539  0.0128186
 0.0369486 -0.0269532  0.0128185
 0.0369477 -0.0269526  0.0128183
0.0369469 -0.026952 0.0128182
  0.036946 -0.0269513   0.012818
 0.0369452 -0.0269507  0.0128178
 0.0369444 -0.0269501  0.0128177
 0.0369436 -0.0269494  0.0128175
 0.0369427 -0.0269488  0.0128174
 0.0369419 -0.0269482  0.0128172
 0.0369411 -0.0269476  0.0128171
0.0369403 -0.026947  0.012817
 0.0369395 -0.0269464  0.0128168
 0.0369387 -0.0269457  0.0128167
 0.0369379 -0.0269452  0.0128165
 0.0369371 -0.0269446  0.0128164
0.0369364 -0.026944 0.0128163
 0.0369356 -0.0269434  0.0128161
 0.0369348 -0.0269428   0.012816
 0.0369341 -0.0269422  0.0128158
 0.0369333 -0.0269416  0.0128157
 0.0369325 -0.0269411  0.0128156
 0.0369318 -0.0269405  0.0128155
  0.036931 -0.0269399  0.0128153
 0.0369303 -0.0269394  0.0128152
 0.0369296 -0.0269388  0.0128151
 0.0369288 -0.0269382  0.0128149
 0.0369281 -0.0269377  0.0128148
 0.0369274 -0.0269371  0.0128147
 0.0369267 -0.0269366  0.0128146
  0.036926 -0.0269361  0.0128145
 0.0369253 -0.0269355  0.0128143
0.0369246 -0.026935 0.0128142
 0.0369239 -0.0269345  0.0128141
 0.0369232 -0.0269339   0.012814
 0.0369225 -0.0269334  0.0128139
 0.0369218 -0.0269329  0.0128138
 0.0369211 -0.0269324  0.0128137
 0.0369204 -0.0269319  0.0128136
 0.0369198 -0.0269313  0.0128134
 0.0369191 -0.0269308  0.0128133
 0.0369184 -0.0269303  0.0128132
 0.0369178 -0.0269298  0.0128131
 0.0369171 -0.0269293   0.012813
 0.0369165 -0.0269288  0.0128129
 0.0369158 -0.0269283  0.0128128
 0.0369152 -0.0269279  0.0128127
 0.0369145 -0.0269274  0.0128126
 0.0369139 -0.0269269  0.0128125
 0.0369133 -0.0269264  0.0128124
 0.0369126 -0.0269259  0.0128123
  0.036912 -0.0269255  0.0128122
0.0369114 -0.026925 0.0128121
 0.0369108 -0.0269245   0.012812
 0.0369102 -0.0269241   0.012812
 0.0369096 -0.0269236  0.0128119
  0.036909 -0.0269231  0.0128118
 0.0369084 -0.0269227  0.0128117
 0.0369078 -0.0269222  0.0128116
 0.0369072 -0.0269218  0.0128115
 0.0369066 -0.0269213  0.0128114
  0.036906 -0.0269209  0.0128113
 0.0369054 -0.0269204  0.0128113
0.0369048  -0.02692 0.0128112
 0.0369043 -0.0269196  0.0128111
 0.0369037 -0.0269191   0.012811
 0.0369031 -0.0269187  0.0128109
 0.0369026 -0.0269183  0.0128108
  0.036902 -0.0269179  0.0128108
 0.0369015 -0.0269174  0.0128107
0.0369009 -0.026917 0.0128106
 0.0369004 -0.0269166  0.0128105
 0.0368998 -0.0269162  0.0128105
 0.0368993 -0.0269158  0.0128104
 0.0368987 -0.0269154  0.0128103
0.0368982 -0.026915 0.0128102
 0.0368977 -0.0269146  0.0128102
 0.0368972 -0.0269141  0.0128101
 0.0368966 -0.0269138    0.01281
 0.0368961 -0.0269134    0.01281
0.0368956 -0.026913 0.0128099
 0.0368951 -0.0269126  0.0128098
 0.0368946 -0.0269122  0.0128098
 0.0368941 -0.0269118  0.0128097
 0.0368936 -0.0269114  0.0128096
0.0368931 -0.026911 0.0128096
 0.0368926 -0.0269107  0.0128095
 0.0368921 -0.0269103  0.0128095
 0.0368916 -0.0269099  0.0128094
 0.0368911 -0.0269095  0.0128093
 0.0368906 -0.0269092  0.0128093
 0.0368901 -0.0269088  0.0128092
 0.0368896 -0.0269084  0.0128092
 0.0368892 -0.0269081  0.0128091
 0.0368887 -0.0269077   0.012809
 0.0368882 -0.0269074   0.012809
0.0368878 -0.026907 0.0128089
 0.0368873 -0.0269066  0.0128089
 0.0368868 -0.0269063  0.0128088
 0.0368864 -0.0269059  0.0128088
 0.0368859 -0.0269056  0.0128087
 0.0368855 -0.0269053  0.0128087
  0.036885 -0.0269049  0.0128086
 0.0368846 -0.0269046  0.0128086
 0.0368841 -0.0269042  0.0128085
 0.0368837 -0.0269039  0.0128085
 0.0368833 -0.0269036  0.0128084
 0.0368828 -0.0269032  0.0128084
 0.0368824 -0.0269029  0.0128083
  0.036882 -0.0269026  0.0128083
 0.0368815 -0.0269023  0.0128083
 0.0368811 -0.0269019  0.0128082
 0.0368807 -0.0269016  0.0128082
 0.0368803 -0.0269013  0.0128081
0.0368799 -0.026901 0.0128081
 0.0368794 -0.0269007   0.012808
  0.036879 -0.0269003   0.012808
0.0368786   -0.0269  0.012808
 0.0368782 -0.0268997  0.0128079
 0.0368778 -0.0268994  0.0128079
 0.0368774 -0.0268991  0.0128078
  0.036877 -0.0268988  0.0128078
 0.0368766 -0.0268985  0.0128078
 0.0368762 -0.0268982  0.0128077
 0.0368758 -0.0268979  0.0128077
 0.0368755 -0.0268976  0.0128077
 0.0368751 -0.0268973  0.0128076
0.0368747 -0.026897 0.0128076
 0.0368743 -0.0268968  0.0128076
 0.0368739 -0.0268965  0.0128075
 0.0368736 -0.0268962  0.0128075
 0.0368732 -0.0268959  0.0128075
 0.0368728 -0.0268956  0.0128074
 0.0368725 -0.0268953  0.0128074
 0.0368721 -0.0268951  0.0128074
 0.0368717 -0.0268948  0.0128073
 0.0368714 -0.0268945  0.0128073
  0.036871 -0.0268942  0.0128073
0.0368707 -0.026894 0.0128073
 0.0368703 -0.0268937  0.0128072
 0.0368699 -0.0268934  0.0128072
 0.0368696 -0.0268932  0.0128072
 0.0368692 -0.0268929  0.0128072
 0.0368689 -0.0268926  0.0128071
 0.0368686 -0.0268924  0.0128071
 0.0368682 -0.0268921  0.0128071
 0.0368679 -0.0268918  0.0128071
 0.0368675 -0.0268916   0.012807
 0.0368672 -0.0268913   0.012807
 0.0368669 -0.0268911   0.012807
 0.0368666 -0.0268908   0.012807
 0.0368662 -0.0268906   0.012807
 0.0368659 -0.0268903  0.0128069
 0.0368656 -0.0268901  0.0128069
 0.0368653 -0.0268898  0.0128069
 0.0368649 -0.0268896  0.0128069
 0.0368646 -0.0268894  0.0128069
 0.0368643 -0.0268891  0.0128068
  0.036864 -0.0268889  0.0128068
 0.0368637 -0.0268886  0.0128068
 0.0368634 -0.0268884  0.0128068
 0.0368631 -0.0268882  0.0128068
 0.0368628 -0.0268879  0.0128068
 0.0368625 -0.0268877  0.0128067
 0.0368622 -0.0268875  0.0128067
 0.0368619 -0.0268872  0.0128067
0.0368616 -0.026887 0.0128067
 0.0368613 -0.0268868  0.0128067
  0.036861 -0.0268866  0.0128067
 0.0368607 -0.0268863  0.0128067
 0.0368604 -0.0268861  0.0128066
 0.0368601 -0.0268859  0.0128066
 0.0368598 -0.0268857  0.0128066
 0.0368595 -0.0268855  0.0128066
 0.0368593 -0.0268853  0.0128066
 0.036859 -0.026885 0.0128066
 0.0368587 -0.0268848  0.0128066
 0.0368584 -0.0268846  0.0128066
 0.0368581 -0.0268844  0.0128066
 0.0368579 -0.0268842  0.0128065
0.0368576 -0.026884 0.0128065
 0.0368573 -0.0268838  0.0128065
 0.0368571 -0.0268836  0.0128065
 0.0368568 -0.0268834  0.0128065
 0.0368565 -0.0268832  0.0128065
0.0368563 -0.026883 0.0128065
  0.036856 -0.0268828  0.0128065
 0.0368558 -0.0268826  0.0128065
 0.0368555 -0.0268824  0.0128065
 0.0368552 -0.0268822  0.0128065
 0.036855 -0.026882 0.0128065
 0.0368547 -0.0268818  0.0128065
 0.0368545 -0.0268816  0.0128065
 0.0368542 -0.0268814  0.0128065
  0.036854 -0.0268812  0.0128065
0.0368537 -0.026881 0.0128065
 0.0368535 -0.0268809  0.0128065
 0.0368533 -0.0268807  0.0128064
  0.036853 -0.0268805  0.0128064
 0.0368528 -0.0268803  0.0128064
 0.0368525 -0.0268801  0.0128064
 0.0368523 -0.0268799  0.0128064
 0.0368521 -0.0268798  0.0128064
 0.0368518 -0.0268796  0.0128064
 0.0368516 -0.0268794  0.0128064
 0.0368514 -0.0268792  0.0128064
0.0368511 -0.026879 0.0128064
 0.0368509 -0.0268789  0.0128064
 0.0368507 -0.0268787  0.0128064
 0.0368505 -0.0268785  0.0128064
 0.0368502 -0.0268784  0.0128064
   0.03685 -0.0268782  0.0128064
0.0368498 -0.026878 0.0128064
 0.0368496 -0.0268779  0.0128064
 0.0368494 -0.0268777  0.0128064
 0.0368491 -0.0268775  0.0128065
 0.0368489 -0.0268774  0.0128065
 0.0368487 -0.0268772  0.0128065
0.0368485 -0.026877 0.0128065
 0.0368483 -0.0268769  0.0128065
 0.0368481 -0.0268767  0.0128065
 0.0368479 -0.0268765  0.0128065
 0.0368477 -0.0268764  0.0128065
 0.0368475 -0.0268762  0.0128065
 0.0368473 -0.0268761  0.0128065
 0.0368471 -0.0268759  0.0128065
 0.0368469 -0.0268758  0.0128065
 0.0368467 -0.0268756  0.0128065
 0.0368465 -0.0268755  0.0128065
 0.0368463 -0.0268753  0.0128065
 0.0368461 -0.0268752  0.0128065
0.0368459 -0.026875 0.0128065
 0.0368457 -0.0268749  0.0128065
 0.0368455 -0.0268747  0.0128065
 0.0368453 -0.0268746  0.0128066
 0.0368451 -0.0268744  0.0128066
 0.0368449 -0.0268743  0.0128066
 0.0368447 -0.0268741  0.0128066
0.0368445 -0.026874 0.0128066
 0.0368444 -0.0268739  0.0128066
 0.0368442 -0.0268737  0.0128066
  0.036844 -0.0268736  0.0128066
 0.0368438 -0.0268734  0.0128066
 0.0368436 -0.0268733  0.0128066
 0.0368435 -0.0268732  0.0128066
0.0368433 -0.026873 0.0128066
 0.0368431 -0.0268729  0.0128067
 0.0368429 -0.0268728  0.0128067
 0.0368427 -0.0268726  0.0128067
 0.0368426 -0.0268725  0.0128067
 0.0368424 -0.0268724  0.0128067
 0.0368422 -0.0268722  0.0128067
 0.0368421 -0.0268721  0.0128067
0.0368419 -0.026872 0.0128067
 0.0368417 -0.0268718  0.0128067
 0.0368416 -0.0268717  0.0128068
 0.0368414 -0.0268716  0.0128068
 0.0368412 -0.0268715  0.0128068
 0.0368411 -0.0268713  0.0128068
 0.0368409 -0.0268712  0.0128068
 0.0368407 -0.0268711  0.0128068
0.0368406 -0.026871 0.0128068
 0.0368404 -0.0268708  0.0128068
 0.0368403 -0.0268707  0.0128069
 0.0368401 -0.0268706  0.0128069
   0.03684 -0.0268705  0.0128069
 0.0368398 -0.0268704  0.0128069
 0.0368396 -0.0268702  0.0128069
 0.0368395 -0.0268701  0.0128069
0.0368393  -0.02687 0.0128069
 0.0368392 -0.0268699   0.012807
  0.036839 -0.0268698   0.012807
 0.0368389 -0.0268697   0.012807
 0.0368387 -0.0268695   0.012807
 0.0368386 -0.0268694   0.012807
 0.0368385 -0.0268693   0.012807
 0.0368383 -0.0268692   0.012807
 0.0368382 -0.0268691  0.0128071
 0.036838 -0.026869 0.0128071
 0.0368379 -0.0268689  0.0128071
 0.0368377 -0.0268688  0.0128071
 0.0368376 -0.0268687  0.0128071
 0.0368375 -0.0268686  0.0128071
 0.0368373 -0.0268684  0.0128072
 0.0368372 -0.0268683  0.0128072
  0.036837 -0.0268682  0.0128072
 0.0368369 -0.0268681  0.0128072
0.0368368 -0.026868 0.0128072
 0.0368366 -0.0268679  0.0128072
 0.0368365 -0.0268678  0.0128072
 0.0368364 -0.0268677  0.0128073
 0.0368362 -0.0268676  0.0128073
 0.0368361 -0.0268675  0.0128073
  0.036836 -0.0268674  0.0128073
 0.0368359 -0.0268673  0.0128073
 0.0368357 -0.0268672  0.0128074
 0.0368356 -0.0268671  0.0128074
0.0368355 -0.026867 0.0128074
 0.0368353 -0.0268669  0.0128074
 0.0368352 -0.0268668  0.0128074
 0.0368351 -0.0268667  0.0128074
  0.036835 -0.0268666  0.0128075
 0.0368349 -0.0268666  0.0128075
 0.0368347 -0.0268665  0.0128075
 0.0368346 -0.0268664  0.0128075
 0.0368345 -0.0268663  0.0128075
 0.0368344 -0.0268662  0.0128076
 0.0368343 -0.0268661  0.0128076
0.0368341 -0.026866 0.0128076
  0.036834 -0.0268659  0.0128076
 0.0368339 -0.0268658  0.0128076
 0.0368338 -0.0268657  0.0128076
 0.0368337 -0.0268656  0.0128077
 0.0368336 -0.0268656  0.0128077
 0.0368334 -0.0268655  0.0128077
 0.0368333 -0.0268654  0.0128077
 0.0368332 -0.0268653  0.0128077
 0.0368331 -0.0268652  0.0128078
  0.036833 -0.0268651  0.0128078
0.0368329 -0.026865 0.0128078
0.0368328 -0.026865 0.0128078
 0.0368327 -0.0268649  0.0128078
 0.0368326 -0.0268648  0.0128079
 0.0368325 -0.0268647  0.0128079
 0.0368324 -0.0268646  0.0128079
 0.0368323 -0.0268645  0.0128079
 0.0368321 -0.0268645  0.0128079
  0.036832 -0.0268644   0.012808
 0.0368319 -0.0268643   0.012808
 0.0368318 -0.0268642   0.012808
 0.0368317 -0.0268641   0.012808
 0.0368316 -0.0268641  0.0128081
0.0368315 -0.026864 0.0128081
 0.0368314 -0.0268639  0.0128081
 0.0368313 -0.0268638  0.0128081
 0.0368312 -0.0268638  0.0128081
 0.0368311 -0.0268637  0.0128082
  0.036831 -0.0268636  0.0128082
 0.0368309 -0.0268635  0.0128082
 0.0368309 -0.0268635  0.0128082
 0.0368308 -0.0268634  0.0128082
 0.0368307 -0.0268633  0.0128083
 0.0368306 -0.0268632  0.0128083
 0.0368305 -0.0268632  0.0128083
 0.0368304 -0.0268631  0.0128083
0.0368303 -0.026863 0.0128084
0.0368302 -0.026863 0.0128084
 0.0368301 -0.0268629  0.0128084
   0.03683 -0.0268628  0.0128084
 0.0368299 -0.0268628  0.0128084
 0.0368298 -0.0268627  0.0128085
 0.0368297 -0.0268626  0.0128085
 0.0368297 -0.0268625  0.0128085
 0.0368296 -0.0268625  0.0128085
 0.0368295 -0.0268624  0.0128086
 0.0368294 -0.0268623  0.0128086
 0.0368293 -0.0268623  0.0128086
 0.0368292 -0.0268622  0.0128086
 0.0368291 -0.0268621  0.0128086
 0.0368291 -0.0268621  0.0128087
 0.036829 -0.026862 0.0128087
0.0368289 -0.026862 0.0128087
 0.0368288 -0.0268619  0.0128087
 0.0368287 -0.0268618  0.0128088
 0.0368287 -0.0268618  0.0128088
 0.0368286 -0.0268617  0.0128088
 0.0368285 -0.0268616  0.0128088
 0.0368284 -0.0268616  0.0128088
 0.0368283 -0.0268615  0.0128089
 0.0368283 -0.0268615  0.0128089
 0.0368282 -0.0268614  0.0128089
 0.0368281 -0.0268613  0.0128089
  0.036828 -0.0268613   0.012809
 0.0368279 -0.0268612   0.012809
 0.0368279 -0.0268612   0.012809
 0.0368278 -0.0268611   0.012809
0.0368277 -0.026861 0.0128091
0.0368276 -0.026861 0.0128091
 0.0368276 -0.0268609  0.0128091
 0.0368275 -0.0268609  0.0128091
 0.0368274 -0.0268608  0.0128091
 0.0368274 -0.0268608  0.0128092
 0.0368273 -0.0268607  0.0128092
 0.0368272 -0.0268606  0.0128092
 0.0368271 -0.0268606  0.0128092
 0.0368271 -0.0268605  0.0128093
  0.036827 -0.0268605  0.0128093
 0.0368269 -0.0268604  0.0128093
 0.0368269 -0.0268604  0.0128093
 0.0368268 -0.0268603  0.0128094
 0.0368267 -0.0268603  0.0128094
 0.0368267 -0.0268602  0.0128094
 0.0368266 -0.0268602  0.0128094
 0.0368265 -0.0268601  0.0128094
 0.0368265 -0.0268601  0.0128095
0.0368264  -0.02686 0.0128095
0.0368263  -0.02686 0.0128095
 0.0368263 -0.0268599  0.0128095
 0.0368262 -0.0268599  0.0128096
 0.0368261 -0.0268598  0.0128096
 0.0368261 -0.0268598  0.0128096
  0.036826 -0.0268597  0.0128096
 0.0368259 -0.0268597  0.0128097
 0.0368259 -0.0268596  0.0128097
 0.0368258 -0.0268596  0.0128097
 0.0368257 -0.0268595  0.0128097
 0.0368257 -0.0268595  0.0128098
 0.0368256 -0.0268594  0.0128098
 0.0368256 -0.0268594  0.0128098
 0.0368255 -0.0268593  0.0128098
 0.0368254 -0.0268593  0.0128099
 0.0368254 -0.0268592  0.0128099
 0.0368253 -0.0268592  0.0128099
 0.0368253 -0.0268591  0.0128099
 0.0368252 -0.0268591  0.0128099
0.0368252 -0.026859   0.01281
0.0368251 -0.026859   0.01281
 0.036825 -0.026859   0.01281
  0.036825 -0.0268589    0.01281
 0.0368249 -0.0268589  0.0128101
 0.0368249 -0.0268588  0.0128101
 0.0368248 -0.0268588  0.0128101
 0.0368248 -0.0268587  0.0128101
 0.0368247 -0.0268587  0.0128102
 0.0368246 -0.0268587  0.0128102
 0.0368246 -0.0268586  0.0128102
 0.0368245 -0.0268586  0.0128102
 0.0368245 -0.0268585  0.0128103
 0.0368244 -0.0268585  0.0128103
 0.0368244 -0.0268584  0.0128103
 0.0368243 -0.0268584  0.0128103
 0.0368243 -0.0268584  0.0128104
 0.0368242 -0.0268583  0.0128104
 0.0368242 -0.0268583  0.0128104
 0.0368241 -0.0268582  0.0128104
 0.0368241 -0.0268582  0.0128104
  0.036824 -0.0268582  0.0128105
  0.036824 -0.0268581  0.0128105
 0.0368239 -0.0268581  0.0128105
 0.0368239 -0.0268581  0.0128105
0.0368238 -0.026858 0.0128106
0.0368238 -0.026858 0.0128106
 0.0368237 -0.0268579  0.0128106
 0.0368237 -0.0268579  0.0128106
 0.0368236 -0.0268579  0.0128107
 0.0368236 -0.0268578  0.0128107
 0.0368235 -0.0268578  0.0128107
 0.0368235 -0.0268578  0.0128107
 0.0368234 -0.0268577  0.0128108
 0.0368234 -0.0268577  0.0128108
 0.0368234 -0.0268576  0.0128108
 0.0368233 -0.0268576  0.0128108
 0.0368233 -0.0268576  0.0128109
 0.0368232 -0.0268575  0.0128109
 0.0368232 -0.0268575  0.0128109
 0.0368231 -0.0268575  0.0128109
 0.0368231 -0.0268574  0.0128109
  0.036823 -0.0268574   0.012811
  0.036823 -0.0268574   0.012811
  0.036823 -0.0268573   0.012811
 0.0368229 -0.0268573   0.012811
 0.0368229 -0.0268573  0.0128111
 0.0368228 -0.0268572  0.0128111
 0.0368228 -0.0268572  0.0128111
 0.0368227 -0.0268572  0.0128111
 0.0368227 -0.0268571  0.0128112
 0.0368227 -0.0268571  0.0128112
 0.0368226 -0.0268571  0.0128112
0.0368226 -0.026857 0.0128112
0.0368225 -0.026857 0.0128113
0.0368225 -0.026857 0.0128113
 0.0368225 -0.0268569  0.0128113
 0.0368224 -0.0268569  0.0128113
 0.0368224 -0.0268569  0.0128113
 0.0368223 -0.0268569  0.0128114
 0.0368223 -0.0268568  0.0128114
 0.0368223 -0.0268568  0.0128114
 0.0368222 -0.0268568  0.0128114
 0.0368222 -0.0268567  0.0128115
 0.0368221 -0.0268567  0.0128115
 0.0368221 -0.0268567  0.0128115
 0.0368221 -0.0268566  0.0128115
  0.036822 -0.0268566  0.0128116
  0.036822 -0.0268566  0.0128116
  0.036822 -0.0268566  0.0128116
 0.0368219 -0.0268565  0.0128116
 0.0368219 -0.0268565  0.0128116
 0.0368219 -0.0268565  0.0128117
 0.0368218 -0.0268564  0.0128117
 0.0368218 -0.0268564  0.0128117
 0.0368218 -0.0268564  0.0128117
 0.0368217 -0.0268564  0.0128118
 0.0368217 -0.0268563  0.0128118
 0.0368216 -0.0268563  0.0128118
 0.0368216 -0.0268563  0.0128118
 0.0368216 -0.0268563  0.0128119
 0.0368215 -0.0268562  0.0128119
 0.0368215 -0.0268562  0.0128119
 0.0368215 -0.0268562  0.0128119
 0.0368214 -0.0268561  0.0128119
 0.0368214 -0.0268561   0.012812
 0.0368214 -0.0268561   0.012812
 0.0368213 -0.0268561   0.012812
0.0368213 -0.026856  0.012812
0.0368213 -0.026856 0.0128121
0.0368213 -0.026856 0.0128121
0.0368212 -0.026856 0.0128121
 0.0368212 -0.0268559  0.0128121
 0.0368212 -0.0268559  0.0128121
 0.0368211 -0.0268559  0.0128122
 0.0368211 -0.0268559  0.0128122
 0.0368211 -0.0268558  0.0128122
  0.036821 -0.0268558  0.0128122
  0.036821 -0.0268558  0.0128123
  0.036821 -0.0268558  0.0128123
 0.0368209 -0.0268558  0.0128123
 0.0368209 -0.0268557  0.0128123
 0.0368209 -0.0268557  0.0128124
 0.0368209 -0.0268557  0.0128124
 0.0368208 -0.0268557  0.0128124
 0.0368208 -0.0268556  0.0128124
 0.0368208 -0.0268556  0.0128124
 0.0368207 -0.0268556  0.0128125
 0.0368207 -0.0268556  0.0128125
 0.0368207 -0.0268555  0.0128125
 0.0368207 -0.0268555  0.0128125
 0.0368206 -0.0268555  0.0128126
 0.0368206 -0.0268555  0.0128126
 0.0368206 -0.0268555  0.0128126
 0.0368205 -0.0268554  0.0128126
 0.0368205 -0.0268554  0.0128126
 0.0368205 -0.0268554  0.0128127
 0.0368205 -0.0268554  0.0128127
 0.0368204 -0.0268554  0.0128127
 0.0368204 -0.0268553  0.0128127
 0.0368204 -0.0268553  0.0128127
 0.0368204 -0.0268553  0.0128128
 0.0368203 -0.0268553  0.0128128
 0.0368203 -0.0268553  0.0128128
 0.0368203 -0.0268552  0.0128128
 0.0368203 -0.0268552  0.0128129
 0.0368202 -0.0268552  0.0128129
 0.0368202 -0.0268552  0.0128129
 0.0368202 -0.0268552  0.0128129
 0.0368202 -0.0268551  0.0128129
 0.0368201 -0.0268551   0.012813
 0.0368201 -0.0268551   0.012813
 0.0368201 -0.0268551   0.012813
 0.0368201 -0.0268551   0.012813
  0.03682 -0.026855  0.012813
  0.03682 -0.026855 0.0128131
  0.03682 -0.026855 0.0128131
  0.03682 -0.026855 0.0128131
  0.03682 -0.026855 0.0128131
 0.0368199 -0.0268549  0.0128132
 0.0368199 -0.0268549  0.0128132
 0.0368199 -0.0268549  0.0128132
 0.0368199 -0.0268549  0.0128132
 0.0368198 -0.0268549  0.0128132
 0.0368198 -0.0268549  0.0128133
 0.0368198 -0.0268548  0.0128133
 0.0368198 -0.0268548  0.0128133
 0.0368197 -0.0268548  0.0128133
 0.0368197 -0.0268548  0.0128133
 0.0368197 -0.0268548  0.0128134
 0.0368197 -0.0268548  0.0128134
 0.0368197 -0.0268547  0.0128134
 0.0368196 -0.0268547  0.0128134
 0.0368196 -0.0268547  0.0128134
 0.0368196 -0.0268547  0.0128135
 0.0368196 -0.0268547  0.0128135
 0.0368196 -0.0268547  0.0128135
 0.0368195 -0.0268546  0.0128135
 0.0368195 -0.0268546  0.0128136
 0.0368195 -0.0268546  0.0128136
 0.0368195 -0.0268546  0.0128136
 0.0368195 -0.0268546  0.0128136
 0.0368194 -0.0268546  0.0128136
