-0.0764056  -0.162285    2.10582   0.305066  -0.259436    2.10593   -1.14402
-0.0788996  -0.170432    2.11287   0.308623  -0.255075    2.11173   -1.15286
-0.0815261    -0.1756    2.11738   0.310569  -0.252442    2.11634   -1.15862
-0.0840256   -0.17885    2.12028   0.311539  -0.250851    2.12015   -1.16241
-0.0862841  -0.180869    2.12216   0.311912  -0.249888    2.12337   -1.16492
-0.0882645    -0.1821     2.1234   0.311917  -0.249304    2.12616   -1.16662
-0.0899688  -0.182831    2.12423   0.311692  -0.248949     2.1286   -1.16777
-0.0914168  -0.183249     2.1248   0.311322  -0.248732    2.13076   -1.16858
-0.0926355  -0.183474     2.1252   0.310859  -0.248602    2.13268   -1.16916
-0.0936531  -0.183585    2.12548   0.310335  -0.248524    2.13441   -1.16959
-0.0944963   -0.18363    2.12569   0.309772  -0.248481    2.13596   -1.16992
-0.0951891  -0.183642    2.12585   0.309181  -0.248461    2.13736   -1.17018
-0.0957524  -0.183641    2.12598   0.308572  -0.248457    2.13863    -1.1704
-0.0962046  -0.183638    2.12608   0.307949  -0.248465    2.13979   -1.17058
-0.0965611  -0.183642    2.12616   0.307317  -0.248482    2.14085   -1.17074
-0.0968354  -0.183657    2.12622   0.306679  -0.248507    2.14182   -1.17088
-0.0970388  -0.183683    2.12627   0.306036  -0.248538    2.14271   -1.17102
-0.097181 -0.183723   2.12631  0.305389 -0.248575   2.14354  -1.17114
-0.0972704  -0.183775    2.12635   0.304741  -0.248617    2.14431   -1.17126
-0.0973141  -0.183839    2.12638    0.30409  -0.248664    2.14502   -1.17137
-0.0973182  -0.183914     2.1264   0.303439  -0.248714    2.14569   -1.17148
-0.0972881     -0.184    2.12642   0.302788  -0.248767    2.14631   -1.17159
-0.0972284  -0.184095    2.12643   0.302137  -0.248824    2.14691   -1.17169
-0.097143 -0.184198   2.12644  0.301486 -0.248883   2.14747  -1.17179
-0.0970353  -0.184308    2.12644   0.300836  -0.248944      2.148   -1.17189
-0.0969084  -0.184425    2.12645   0.300187  -0.249007    2.14851   -1.17199
-0.0967648  -0.184547    2.12645    0.29954  -0.249072      2.149   -1.17208
-0.0966068  -0.184674    2.12645   0.298894  -0.249138    2.14946   -1.17218
-0.0964364  -0.184805    2.12645   0.298249  -0.249206    2.14992   -1.17227
-0.0962552   -0.18494    2.12644   0.297607  -0.249275    2.15035   -1.17236
-0.0960648  -0.185078    2.12644   0.296966  -0.249344    2.15078   -1.17245
-0.0958665  -0.185219    2.12643   0.296328  -0.249414    2.15119   -1.17254
-0.0956614  -0.185362    2.12642   0.295691  -0.249485    2.15159   -1.17263
-0.0954505  -0.185507    2.12641   0.295057  -0.249557    2.15198   -1.17272
-0.0952347  -0.185653     2.1264   0.294425  -0.249629    2.15236   -1.17281
-0.0950147  -0.185801    2.12639   0.293795  -0.249701    2.15274    -1.1729
-0.0947912   -0.18595    2.12638   0.293168  -0.249773    2.15311   -1.17298
-0.0945647  -0.186099    2.12637   0.292543  -0.249846    2.15347   -1.17307
-0.0943358  -0.186249    2.12636    0.29192  -0.249919    2.15383   -1.17315
-0.0941049    -0.1864    2.12635     0.2913  -0.249992    2.15418   -1.17324
-0.0938724  -0.186551    2.12634   0.290682  -0.250065    2.15453   -1.17332
-0.0936386  -0.186703    2.12632   0.290067  -0.250138    2.15488    -1.1734
-0.0934039  -0.186854    2.12631   0.289454  -0.250211    2.15522   -1.17349
-0.0931684  -0.187006     2.1263   0.288843  -0.250284    2.15555   -1.17357
-0.0929323  -0.187157    2.12629   0.288236  -0.250357    2.15589   -1.17365
-0.092696 -0.187308   2.12627   0.28763 -0.250429   2.15622  -1.17373
-0.0924595   -0.18746    2.12626   0.287027  -0.250502    2.15655   -1.17381
-0.0922231   -0.18761    2.12625   0.286427  -0.250575    2.15687   -1.17389
-0.0919867  -0.187761    2.12623   0.285829  -0.250647     2.1572   -1.17398
-0.0917506  -0.187911    2.12622   0.285234  -0.250719    2.15752   -1.17406
-0.0915148  -0.188061    2.12621   0.284641  -0.250791    2.15784   -1.17413
-0.0912794  -0.188211     2.1262   0.284051  -0.250863    2.15815   -1.17421
-0.0910445   -0.18836    2.12618   0.283463  -0.250935    2.15847   -1.17429
-0.0908102  -0.188508    2.12617   0.282878  -0.251007    2.15878   -1.17437
-0.0905765  -0.188656    2.12616   0.282295  -0.251078    2.15909   -1.17445
-0.0903434  -0.188804    2.12614   0.281714  -0.251149     2.1594   -1.17453
-0.090111 -0.188951   2.12613  0.281136  -0.25122   2.15971  -1.17461
-0.0898793  -0.189097    2.12612   0.280561  -0.251291    2.16001   -1.17468
-0.0896484  -0.189244     2.1261   0.279988  -0.251362    2.16032   -1.17476
-0.0894183  -0.189389    2.12609   0.279417  -0.251432    2.16062   -1.17484
-0.0891889  -0.189534    2.12608   0.278849  -0.251502    2.16092   -1.17491
-0.0889604  -0.189678    2.12606   0.278283  -0.251572    2.16122   -1.17499
-0.0887327  -0.189822    2.12605    0.27772  -0.251642    2.16152   -1.17506
-0.0885059  -0.189965    2.12604   0.277159  -0.251711    2.16182   -1.17514
 -0.08828 -0.190108   2.12602    0.2766 -0.251781   2.16211  -1.17521
-0.0880549   -0.19025    2.12601   0.276044   -0.25185    2.16241   -1.17529
-0.0878306  -0.190392      2.126    0.27549  -0.251919     2.1627   -1.17536
-0.0876073  -0.190533    2.12598   0.274938  -0.251988    2.16299   -1.17544
-0.0873848  -0.190673    2.12597   0.274389  -0.252056    2.16328   -1.17551
-0.0871633  -0.190813    2.12596   0.273842  -0.252124    2.16357   -1.17559
-0.0869426  -0.190952    2.12595   0.273298  -0.252193    2.16386   -1.17566
-0.0867228  -0.191091    2.12593   0.272755   -0.25226    2.16414   -1.17573
-0.0865039  -0.191229    2.12592   0.272215  -0.252328    2.16443   -1.17581
-0.0862859  -0.191367    2.12591   0.271678  -0.252396    2.16471   -1.17588
-0.0860688  -0.191504     2.1259   0.271142  -0.252463    2.16499   -1.17595
-0.0858526   -0.19164    2.12588   0.270609   -0.25253    2.16527   -1.17602
-0.0856373  -0.191776    2.12587   0.270078  -0.252597    2.16555   -1.17609
-0.0854228  -0.191911    2.12586    0.26955  -0.252663    2.16583   -1.17617
-0.0852093  -0.192046    2.12585   0.269023   -0.25273    2.16611   -1.17624
-0.0849966   -0.19218    2.12583   0.268499  -0.252796    2.16639   -1.17631
-0.0847849  -0.192314    2.12582   0.267977  -0.252862    2.16666   -1.17638
-0.084574 -0.192447   2.12581  0.267457 -0.252928   2.16693  -1.17645
-0.0843639  -0.192579     2.1258    0.26694  -0.252993    2.16721   -1.17652
-0.0841548  -0.192711    2.12579   0.266424  -0.253059    2.16748   -1.17659
-0.0839465  -0.192842    2.12577   0.265911  -0.253124    2.16775   -1.17666
-0.0837391  -0.192973    2.12576     0.2654  -0.253189    2.16802   -1.17673
-0.0835326  -0.193103    2.12575   0.264891  -0.253254    2.16829    -1.1768
-0.0833269  -0.193233    2.12574   0.264384  -0.253319    2.16855   -1.17687
-0.083122 -0.193362   2.12573  0.263879 -0.253383   2.16882  -1.17694
-0.0829181  -0.193491    2.12571   0.263377  -0.253447    2.16908     -1.177
-0.0827149  -0.193619     2.1257   0.262876  -0.253511    2.16935   -1.17707
-0.0825127  -0.193746    2.12569   0.262378  -0.253575    2.16961   -1.17714
-0.0823112  -0.193873    2.12568   0.261882  -0.253639    2.16987   -1.17721
-0.0821106  -0.193999    2.12567   0.261388  -0.253702    2.17013   -1.17728
-0.0819109  -0.194125    2.12566   0.260896  -0.253765    2.17039   -1.17734
-0.0817119  -0.194251    2.12564   0.260406  -0.253828    2.17065   -1.17741
-0.0815138  -0.194376    2.12563   0.259918  -0.253891     2.1709   -1.17748
-0.0813166    -0.1945    2.12562   0.259432  -0.253954    2.17116   -1.17754
-0.0811201  -0.194624    2.12561   0.258948  -0.254016    2.17141   -1.17761
-0.0809245  -0.194747     2.1256   0.258466  -0.254079    2.17167   -1.17768
-0.0807296   -0.19487    2.12559   0.257986  -0.254141    2.17192   -1.17774
-0.0805356  -0.194992    2.12558   0.257508  -0.254203    2.17217   -1.17781
-0.0803424  -0.195113    2.12557   0.257032  -0.254264    2.17242   -1.17787
 -0.08015 -0.195235   2.12555  0.256558 -0.254326   2.17267  -1.17794
-0.0799584  -0.195355    2.12554   0.256087  -0.254387    2.17292     -1.178
-0.0797676  -0.195476    2.12553   0.255617  -0.254448    2.17316   -1.17807
-0.0795775  -0.195595    2.12552   0.255149  -0.254509    2.17341   -1.17813
-0.0793883  -0.195714    2.12551   0.254683   -0.25457    2.17366    -1.1782
-0.0791999  -0.195833     2.1255   0.254219  -0.254631     2.1739   -1.17826
-0.0790122  -0.195951    2.12549   0.253756  -0.254691    2.17414   -1.17832
-0.0788253  -0.196069    2.12548   0.253296  -0.254751    2.17438   -1.17839
-0.0786392  -0.196186    2.12547   0.252838  -0.254811    2.17463   -1.17845
-0.0784538  -0.196303    2.12546   0.252382  -0.254871    2.17487   -1.17851
-0.0782692  -0.196419    2.12545   0.251927  -0.254931     2.1751   -1.17858
-0.0780854  -0.196535    2.12544   0.251474   -0.25499    2.17534   -1.17864
-0.0779024   -0.19665    2.12543   0.251024   -0.25505    2.17558    -1.1787
-0.0777201  -0.196765    2.12542   0.250575  -0.255109    2.17581   -1.17876
-0.0775385  -0.196879    2.12541   0.250128  -0.255168    2.17605   -1.17882
-0.0773577  -0.196993     2.1254   0.249683  -0.255226    2.17628   -1.17889
-0.0771777  -0.197106    2.12539   0.249239  -0.255285    2.17652   -1.17895
-0.0769983  -0.197219    2.12538   0.248798  -0.255343    2.17675   -1.17901
-0.0768198  -0.197331    2.12537   0.248358  -0.255402    2.17698   -1.17907
-0.0766419  -0.197443    2.12536    0.24792   -0.25546    2.17721   -1.17913
-0.0764648  -0.197554    2.12535   0.247485  -0.255518    2.17744   -1.17919
-0.0762885  -0.197665    2.12534    0.24705  -0.255575    2.17767   -1.17925
-0.0761128  -0.197776    2.12533   0.246618  -0.255633    2.17789   -1.17931
-0.0759379  -0.197886    2.12532   0.246187   -0.25569    2.17812   -1.17937
-0.0757637  -0.197995    2.12531   0.245758  -0.255747    2.17834   -1.17943
-0.0755902  -0.198104     2.1253   0.245331  -0.255805    2.17857   -1.17949
-0.0754174  -0.198213    2.12529   0.244906  -0.255861    2.17879   -1.17955
-0.0752453  -0.198321    2.12528   0.244483  -0.255918    2.17901   -1.17961
-0.075074 -0.198429   2.12527  0.244061 -0.255975   2.17924  -1.17967
-0.0749033  -0.198536    2.12526   0.243641  -0.256031    2.17946   -1.17973
-0.0747334  -0.198643    2.12525   0.243222  -0.256087    2.17968   -1.17978
-0.0745641   -0.19875    2.12524   0.242806  -0.256143    2.17989   -1.17984
-0.0743955  -0.198856    2.12523   0.242391  -0.256199    2.18011    -1.1799
-0.0742276  -0.198961    2.12522   0.241978  -0.256255    2.18033   -1.17996
-0.0740605  -0.199066    2.12521   0.241566   -0.25631    2.18055   -1.18002
-0.073894 -0.199171    2.1252  0.241157 -0.256366   2.18076  -1.18007
-0.0737281  -0.199275    2.12519   0.240749  -0.256421    2.18097   -1.18013
-0.073563 -0.199379   2.12519  0.240342 -0.256476   2.18119  -1.18019
-0.0733985  -0.199482    2.12518   0.239937  -0.256531     2.1814   -1.18024
-0.0732347  -0.199585    2.12517   0.239534  -0.256585    2.18161    -1.1803
-0.0730716  -0.199687    2.12516   0.239133   -0.25664    2.18182   -1.18036
-0.0729091  -0.199789    2.12515   0.238733  -0.256694    2.18203   -1.18041
-0.0727473  -0.199891    2.12514   0.238335  -0.256749    2.18224   -1.18047
-0.0725862  -0.199992    2.12513   0.237939  -0.256803    2.18245   -1.18052
-0.0724257  -0.200093    2.12512   0.237544  -0.256857    2.18266   -1.18058
-0.0722659  -0.200193    2.12512   0.237151   -0.25691    2.18286   -1.18063
-0.0721067  -0.200293    2.12511   0.236759  -0.256964    2.18307   -1.18069
-0.0719482  -0.200393     2.1251   0.236369  -0.257017    2.18327   -1.18074
-0.0717904  -0.200492    2.12509   0.235981  -0.257071    2.18348    -1.1808
-0.0716331  -0.200591    2.12508   0.235594  -0.257124    2.18368   -1.18085
-0.0714765  -0.200689    2.12507   0.235208  -0.257177    2.18388   -1.18091
-0.0713206  -0.200787    2.12506   0.234825   -0.25723    2.18408   -1.18096
-0.0711653  -0.200884    2.12506   0.234443  -0.257282    2.18428   -1.18102
-0.0710106  -0.200981    2.12505   0.234062  -0.257335    2.18448   -1.18107
-0.0708565  -0.201078    2.12504   0.233683  -0.257387    2.18468   -1.18112
-0.0707031  -0.201174    2.12503   0.233306  -0.257439    2.18488   -1.18118
-0.0705503   -0.20127    2.12502    0.23293  -0.257491    2.18508   -1.18123
-0.0703981  -0.201366    2.12502   0.232556  -0.257543    2.18527   -1.18128
-0.0702465  -0.201461    2.12501   0.232183  -0.257595    2.18547   -1.18134
-0.0700956  -0.201555      2.125   0.231812  -0.257647    2.18566   -1.18139
-0.0699453   -0.20165    2.12499   0.231442  -0.257698    2.18586   -1.18144
-0.0697955  -0.201744    2.12499   0.231074  -0.257749    2.18605   -1.18149
-0.0696464  -0.201837    2.12498   0.230707    -0.2578    2.18624   -1.18154
-0.0694979   -0.20193    2.12497   0.230342  -0.257851    2.18643    -1.1816
 -0.06935 -0.202023   2.12496  0.229978 -0.257902   2.18662  -1.18165
-0.0692027  -0.202115    2.12495   0.229616  -0.257953    2.18681    -1.1817
-0.069056 -0.202207   2.12495  0.229255 -0.258003     2.187  -1.18175
-0.0689099  -0.202299    2.12494   0.228896  -0.258054    2.18719    -1.1818
-0.0687643   -0.20239    2.12493   0.228538  -0.258104    2.18738   -1.18185
-0.0686194  -0.202481    2.12493   0.228181  -0.258154    2.18756    -1.1819
-0.0684751  -0.202572    2.12492   0.227826  -0.258204    2.18775   -1.18195
-0.0683313  -0.202662    2.12491   0.227473  -0.258254    2.18794     -1.182
-0.0681881  -0.202751     2.1249   0.227121  -0.258304    2.18812   -1.18205
-0.0680455  -0.202841     2.1249    0.22677  -0.258353     2.1883    -1.1821
-0.0679035   -0.20293    2.12489   0.226421  -0.258403    2.18849   -1.18215
-0.067762 -0.203018   2.12488  0.226073 -0.258452   2.18867   -1.1822
-0.0676211  -0.203106    2.12488   0.225727  -0.258501    2.18885   -1.18225
-0.0674808  -0.203194    2.12487   0.225382   -0.25855    2.18903    -1.1823
-0.0673411  -0.203282    2.12486   0.225038  -0.258599    2.18921   -1.18235
-0.0672019  -0.203369    2.12485   0.224696  -0.258648    2.18939    -1.1824
-0.0670633  -0.203456    2.12485   0.224355  -0.258696    2.18957   -1.18245
-0.0669252  -0.203542    2.12484   0.224016  -0.258744    2.18975    -1.1825
-0.0667877  -0.203628    2.12483   0.223678  -0.258793    2.18992   -1.18255
-0.0666508  -0.203714    2.12483   0.223341  -0.258841     2.1901   -1.18259
-0.0665144  -0.203799    2.12482   0.223006  -0.258889    2.19028   -1.18264
-0.0663786  -0.203884    2.12482   0.222672  -0.258937    2.19045   -1.18269
-0.0662433  -0.203969    2.12481    0.22234  -0.258984    2.19062   -1.18274
-0.0661085  -0.204053     2.1248   0.222009  -0.259032     2.1908   -1.18278
-0.0659743  -0.204137     2.1248   0.221679   -0.25908    2.19097   -1.18283
-0.0658406  -0.204221    2.12479    0.22135  -0.259127    2.19114   -1.18288
-0.0657075  -0.204304    2.12478   0.221023  -0.259174    2.19131   -1.18293
-0.0655749  -0.204387    2.12478   0.220697  -0.259221    2.19148   -1.18297
-0.0654429   -0.20447    2.12477   0.220373  -0.259268    2.19165   -1.18302
-0.0653113  -0.204552    2.12477   0.220049  -0.259315    2.19182   -1.18307
-0.0651803  -0.204634    2.12476   0.219728  -0.259361    2.19199   -1.18311
-0.0650499  -0.204716    2.12475   0.219407  -0.259408    2.19216   -1.18316
-0.0649199  -0.204797    2.12475   0.219088  -0.259454    2.19233    -1.1832
-0.0647905  -0.204878    2.12474    0.21877  -0.259501    2.19249   -1.18325
-0.0646616  -0.204958    2.12474   0.218453  -0.259547    2.19266   -1.18329
-0.0645332  -0.205039    2.12473   0.218138  -0.259593    2.19282   -1.18334
-0.0644054  -0.205118    2.12472   0.217823  -0.259639    2.19299   -1.18339
-0.064278 -0.205198   2.12472   0.21751 -0.259684   2.19315  -1.18343
-0.0641512  -0.205277    2.12471   0.217199   -0.25973    2.19331   -1.18348
-0.0640248  -0.205356    2.12471   0.216889  -0.259776    2.19348   -1.18352
-0.063899 -0.205435    2.1247  0.216579 -0.259821   2.19364  -1.18356
-0.0637737  -0.205513     2.1247   0.216272  -0.259866     2.1938   -1.18361
-0.0636489  -0.205591    2.12469   0.215965  -0.259911    2.19396   -1.18365
-0.0635245  -0.205669    2.12469    0.21566  -0.259956    2.19412    -1.1837
-0.0634007  -0.205746    2.12468   0.215355  -0.260001    2.19428   -1.18374
-0.0632774  -0.205823    2.12468   0.215053  -0.260046    2.19444   -1.18379
-0.0631546    -0.2059    2.12467   0.214751   -0.26009     2.1946   -1.18383
-0.0630322  -0.205976    2.12466    0.21445  -0.260135    2.19475   -1.18387
-0.0629104  -0.206052    2.12466   0.214151  -0.260179    2.19491   -1.18392
-0.062789 -0.206128   2.12465  0.213853 -0.260223   2.19507  -1.18396
-0.0626682  -0.206203    2.12465   0.213556  -0.260268    2.19522     -1.184
-0.0625478  -0.206278    2.12464   0.213261  -0.260312    2.19537   -1.18404
-0.0624279  -0.206353    2.12464   0.212966  -0.260355    2.19553   -1.18409
-0.0623085  -0.206428    2.12464   0.212673  -0.260399    2.19568   -1.18413
-0.0621895  -0.206502    2.12463   0.212381  -0.260443    2.19583   -1.18417
-0.062071 -0.206576   2.12463   0.21209 -0.260486   2.19599  -1.18421
-0.0619531  -0.206649    2.12462     0.2118   -0.26053    2.19614   -1.18426
-0.0618355  -0.206723    2.12462   0.211512  -0.260573    2.19629    -1.1843
-0.0617185  -0.206796    2.12461   0.211224  -0.260616    2.19644   -1.18434
-0.0616019  -0.206868    2.12461   0.210938  -0.260659    2.19659   -1.18438
-0.0614858  -0.206941     2.1246   0.210653  -0.260702    2.19674   -1.18442
-0.0613701  -0.207013     2.1246   0.210369  -0.260745    2.19689   -1.18446
-0.0612549  -0.207085    2.12459   0.210086  -0.260788    2.19703   -1.18451
-0.0611402  -0.207156    2.12459   0.209804   -0.26083    2.19718   -1.18455
-0.0610259  -0.207227    2.12458   0.209524  -0.260873    2.19733   -1.18459
-0.0609121  -0.207298    2.12458   0.209245  -0.260915    2.19747   -1.18463
-0.0607987  -0.207369    2.12458   0.208966  -0.260957    2.19762   -1.18467
-0.0606858  -0.207439    2.12457   0.208689  -0.260999    2.19776   -1.18471
-0.0605734  -0.207509    2.12457   0.208413  -0.261041    2.19791   -1.18475
-0.0604613  -0.207579    2.12456   0.208138  -0.261083    2.19805   -1.18479
-0.0603498  -0.207649    2.12456   0.207864  -0.261125     2.1982   -1.18483
-0.0602387  -0.207718    2.12456   0.207592  -0.261166    2.19834   -1.18487
-0.060128 -0.207787   2.12455   0.20732 -0.261208   2.19848  -1.18491
-0.0600178  -0.207855    2.12455   0.207049  -0.261249    2.19862   -1.18495
-0.059908 -0.207924   2.12454   0.20678 -0.261291   2.19876  -1.18499
-0.0597986  -0.207992    2.12454   0.206512  -0.261332     2.1989   -1.18503
-0.0596897  -0.208059    2.12454   0.206244  -0.261373    2.19904   -1.18507
-0.0595812  -0.208127    2.12453   0.205978  -0.261414    2.19918   -1.18511
-0.0594731  -0.208194    2.12453   0.205713  -0.261455    2.19932   -1.18514
-0.0593655  -0.208261    2.12453   0.205449  -0.261496    2.19946   -1.18518
-0.0592583  -0.208328    2.12452   0.205186  -0.261536     2.1996   -1.18522
-0.0591515  -0.208394    2.12452   0.204924  -0.261577    2.19973   -1.18526
-0.0590452   -0.20846    2.12452   0.204663  -0.261617    2.19987    -1.1853
-0.0589393  -0.208526    2.12451   0.204403  -0.261658        2.2   -1.18534
-0.0588338  -0.208592    2.12451   0.204144  -0.261698    2.20014   -1.18537
-0.0587287  -0.208657    2.12451   0.203887  -0.261738    2.20027   -1.18541
-0.058624 -0.208722    2.1245   0.20363 -0.261778   2.20041  -1.18545
-0.0585198  -0.208787     2.1245   0.203374  -0.261818    2.20054   -1.18549
-0.058416 -0.208851    2.1245   0.20312 -0.261857   2.20067  -1.18552
-0.0583125  -0.208916    2.12449   0.202866  -0.261897    2.20081   -1.18556
-0.0582095   -0.20898    2.12449   0.202613  -0.261937    2.20094    -1.1856
-0.0581069  -0.209043    2.12449   0.202362  -0.261976    2.20107   -1.18564
-0.0580047  -0.209107    2.12448   0.202111  -0.262016     2.2012   -1.18567
-0.057903  -0.20917   2.12448  0.201861 -0.262055   2.20133  -1.18571
-0.0578016  -0.209233    2.12448   0.201613  -0.262094    2.20146   -1.18575
-0.0577006  -0.209296    2.12447   0.201365  -0.262133    2.20159   -1.18578
  -0.0576 -0.209358   2.12447  0.201118 -0.262172   2.20172  -1.18582
-0.0574999   -0.20942    2.12447   0.200873  -0.262211    2.20185   -1.18585
-0.0574001  -0.209482    2.12447   0.200628  -0.262249    2.20198   -1.18589
-0.0573007  -0.209544    2.12446   0.200384  -0.262288     2.2021   -1.18593
-0.0572017  -0.209605    2.12446   0.200142  -0.262327    2.20223   -1.18596
-0.0571031  -0.209667    2.12446     0.1999  -0.262365    2.20236     -1.186
-0.0570049  -0.209727    2.12446   0.199659  -0.262403    2.20248   -1.18603
-0.0569071  -0.209788    2.12445    0.19942  -0.262442    2.20261   -1.18607
-0.0568097  -0.209849    2.12445   0.199181   -0.26248    2.20273    -1.1861
-0.0567126  -0.209909    2.12445   0.198943  -0.262518    2.20286   -1.18614
-0.056616 -0.209969   2.12445  0.198706 -0.262556   2.20298  -1.18617
-0.0565197  -0.210028    2.12444    0.19847  -0.262594     2.2031   -1.18621
-0.0564238  -0.210088    2.12444   0.198235  -0.262631    2.20323   -1.18624
-0.0563283  -0.210147    2.12444   0.198001  -0.262669    2.20335   -1.18628
-0.0562332  -0.210206    2.12444   0.197768  -0.262706    2.20347   -1.18631
-0.0561384  -0.210265    2.12443   0.197535  -0.262744    2.20359   -1.18635
-0.056044 -0.210323   2.12443  0.197304 -0.262781   2.20371  -1.18638
 -0.05595 -0.210381   2.12443  0.197074 -0.262818   2.20383  -1.18642
-0.0558564  -0.210439    2.12443   0.196844  -0.262856    2.20395   -1.18645
-0.0557631  -0.210497    2.12443   0.196616  -0.262893    2.20407   -1.18648
-0.0556702  -0.210555    2.12442   0.196388   -0.26293    2.20419   -1.18652
-0.0555777  -0.210612    2.12442   0.196161  -0.262966    2.20431   -1.18655
-0.0554856  -0.210669    2.12442   0.195936  -0.263003    2.20443   -1.18658
-0.0553938  -0.210726    2.12442   0.195711   -0.26304    2.20454   -1.18662
-0.0553023  -0.210782    2.12442   0.195487  -0.263076    2.20466   -1.18665
-0.0552113  -0.210839    2.12442   0.195264  -0.263113    2.20478   -1.18668
-0.0551206  -0.210895    2.12441   0.195041  -0.263149    2.20489   -1.18672
-0.0550302  -0.210951    2.12441    0.19482  -0.263186    2.20501   -1.18675
-0.0549402  -0.211006    2.12441     0.1946  -0.263222    2.20512   -1.18678
-0.0548506  -0.211062    2.12441    0.19438  -0.263258    2.20524   -1.18682
-0.0547613  -0.211117    2.12441   0.194161  -0.263294    2.20535   -1.18685
-0.0546724  -0.211172    2.12441   0.193943   -0.26333    2.20546   -1.18688
-0.0545838  -0.211227     2.1244   0.193727  -0.263366    2.20558   -1.18691
-0.0544956  -0.211281     2.1244    0.19351  -0.263401    2.20569   -1.18695
-0.0544077  -0.211335     2.1244   0.193295  -0.263437     2.2058   -1.18698
-0.0543201  -0.211389     2.1244   0.193081  -0.263473    2.20591   -1.18701
-0.054233 -0.211443    2.1244  0.192867 -0.263508   2.20603  -1.18704
-0.0541461  -0.211497     2.1244   0.192655  -0.263544    2.20614   -1.18707
-0.0540596   -0.21155     2.1244   0.192443  -0.263579    2.20625    -1.1871
-0.0539735  -0.211604     2.1244   0.192232  -0.263614    2.20636   -1.18714
-0.0538876  -0.211657    2.12439   0.192022  -0.263649    2.20647   -1.18717
-0.0538022  -0.211709    2.12439   0.191813  -0.263684    2.20658    -1.1872
-0.053717 -0.211762   2.12439  0.191604 -0.263719   2.20668  -1.18723
-0.0536322  -0.211814    2.12439   0.191397  -0.263754    2.20679   -1.18726
-0.0535478  -0.211866    2.12439    0.19119  -0.263789     2.2069   -1.18729
-0.0534636  -0.211918    2.12439   0.190984  -0.263823    2.20701   -1.18732
-0.0533798   -0.21197    2.12439   0.190779  -0.263858    2.20712   -1.18735
-0.0532963  -0.212021    2.12439   0.190574  -0.263892    2.20722   -1.18738
-0.0532132  -0.212073    2.12439   0.190371  -0.263927    2.20733   -1.18741
-0.0531304  -0.212124    2.12439   0.190168  -0.263961    2.20743   -1.18744
-0.0530479  -0.212175    2.12439   0.189966  -0.263995    2.20754   -1.18747
-0.0529657  -0.212225    2.12438   0.189765   -0.26403    2.20764    -1.1875
-0.0528839  -0.212276    2.12438   0.189565  -0.264064    2.20775   -1.18753
-0.0528024  -0.212326    2.12438   0.189365  -0.264098    2.20785   -1.18756
-0.0527212  -0.212376    2.12438   0.189167  -0.264132    2.20796   -1.18759
-0.0526403  -0.212426    2.12438   0.188969  -0.264165    2.20806   -1.18762
-0.0525597  -0.212475    2.12438   0.188772  -0.264199    2.20816   -1.18765
-0.0524795  -0.212525    2.12438   0.188575  -0.264233    2.20826   -1.18768
-0.0523996  -0.212574    2.12438    0.18838  -0.264266    2.20837   -1.18771
 -0.05232 -0.212623   2.12438  0.188185   -0.2643   2.20847  -1.18774
-0.0522407  -0.212672    2.12438   0.187991  -0.264333    2.20857   -1.18777
-0.0521617   -0.21272    2.12438   0.187798  -0.264367    2.20867    -1.1878
-0.052083 -0.212769   2.12438  0.187606   -0.2644   2.20877  -1.18783
-0.0520046  -0.212817    2.12438   0.187414  -0.264433    2.20887   -1.18786
-0.0519266  -0.212865    2.12438   0.187223  -0.264466    2.20897   -1.18789
-0.0518488  -0.212913    2.12438   0.187033  -0.264499    2.20907   -1.18791
-0.0517714   -0.21296    2.12438   0.186843  -0.264532    2.20917   -1.18794
-0.0516943  -0.213008    2.12438   0.186655  -0.264565    2.20926   -1.18797
-0.0516174  -0.213055    2.12438   0.186467  -0.264597    2.20936     -1.188
-0.0515409  -0.213102    2.12438    0.18628   -0.26463    2.20946   -1.18803
-0.0514647  -0.213149    2.12438   0.186093  -0.264663    2.20956   -1.18806
-0.0513887  -0.213195    2.12438   0.185908  -0.264695    2.20965   -1.18808
-0.0513131  -0.213242    2.12438   0.185723  -0.264728    2.20975   -1.18811
-0.0512378  -0.213288    2.12438   0.185539   -0.26476    2.20985   -1.18814
-0.0511627  -0.213334    2.12438   0.185355  -0.264792    2.20994   -1.18817
-0.051088  -0.21338   2.12438  0.185172 -0.264825   2.21004  -1.18819
-0.0510135  -0.213426    2.12438    0.18499  -0.264857    2.21013   -1.18822
-0.0509394  -0.213471    2.12438   0.184809  -0.264889    2.21023   -1.18825
-0.0508655  -0.213517    2.12438   0.184629  -0.264921    2.21032   -1.18828
-0.0507919  -0.213562    2.12438   0.184449  -0.264953    2.21041    -1.1883
-0.0507186  -0.213607    2.12438    0.18427  -0.264984    2.21051   -1.18833
-0.0506456  -0.213651    2.12438   0.184091  -0.265016     2.2106   -1.18836
-0.0505729  -0.213696    2.12438   0.183914  -0.265048    2.21069   -1.18838
-0.0505005   -0.21374    2.12438   0.183737  -0.265079    2.21079   -1.18841
-0.0504284  -0.213785    2.12439    0.18356  -0.265111    2.21088   -1.18844
-0.0503565  -0.213829    2.12439   0.183385  -0.265142    2.21097   -1.18846
-0.0502849  -0.213872    2.12439    0.18321  -0.265174    2.21106   -1.18849
-0.0502136  -0.213916    2.12439   0.183036  -0.265205    2.21115   -1.18852
-0.0501426   -0.21396    2.12439   0.182862  -0.265236    2.21124   -1.18854
-0.0500719  -0.214003    2.12439   0.182689  -0.265267    2.21133   -1.18857
-0.0500014  -0.214046    2.12439   0.182517  -0.265298    2.21142   -1.18859
-0.0499312  -0.214089    2.12439   0.182346  -0.265329    2.21151   -1.18862
-0.0498613  -0.214132    2.12439   0.182175   -0.26536     2.2116   -1.18865
-0.0497917  -0.214174    2.12439   0.182005  -0.265391    2.21169   -1.18867
-0.0497223  -0.214217    2.12439   0.181836  -0.265422    2.21178    -1.1887
-0.0496533  -0.214259    2.12439   0.181667  -0.265453    2.21186   -1.18872
-0.0495844  -0.214301     2.1244   0.181499  -0.265483    2.21195   -1.18875
-0.0495159  -0.214343     2.1244   0.181331  -0.265514    2.21204   -1.18877
-0.0494476  -0.214385     2.1244   0.181165  -0.265544    2.21213    -1.1888
-0.0493796  -0.214426     2.1244   0.180999  -0.265575    2.21221   -1.18882
-0.0493119  -0.214468     2.1244   0.180833  -0.265605     2.2123   -1.18885
-0.0492444  -0.214509     2.1244   0.180669  -0.265635    2.21238   -1.18887
-0.0491772   -0.21455     2.1244   0.180504  -0.265666    2.21247    -1.1889
-0.0491102  -0.214591     2.1244   0.180341  -0.265696    2.21255   -1.18892
-0.0490435  -0.214632     2.1244   0.180178  -0.265726    2.21264   -1.18895
-0.0489771  -0.214672    2.12441   0.180016  -0.265756    2.21272   -1.18897
-0.0489109  -0.214713    2.12441   0.179855  -0.265786    2.21281     -1.189
-0.048845 -0.214753   2.12441  0.179694 -0.265815   2.21289  -1.18902
-0.0487794  -0.214793    2.12441   0.179534  -0.265845    2.21297   -1.18905
-0.048714 -0.214833   2.12441  0.179374 -0.265875   2.21306  -1.18907
-0.0486489  -0.214872    2.12441   0.179215  -0.265905    2.21314    -1.1891
-0.048584 -0.214912   2.12442  0.179057 -0.265934   2.21322  -1.18912
-0.0485194  -0.214951    2.12442   0.178899  -0.265964     2.2133   -1.18914
-0.048455 -0.214991   2.12442  0.178742 -0.265993   2.21339  -1.18917
-0.0483909   -0.21503    2.12442   0.178585  -0.266023    2.21347   -1.18919
-0.048327 -0.215069   2.12442   0.17843 -0.266052   2.21355  -1.18922
-0.0482634  -0.215107    2.12442   0.178274  -0.266081    2.21363   -1.18924
  -0.0482 -0.215146   2.12443   0.17812  -0.26611   2.21371  -1.18926
-0.0481369  -0.215184    2.12443   0.177966  -0.266139    2.21379   -1.18929
-0.048074 -0.215223   2.12443  0.177813 -0.266168   2.21387  -1.18931
-0.0480114  -0.215261    2.12443    0.17766  -0.266197    2.21395   -1.18933
-0.047949 -0.215299   2.12443  0.177508 -0.266226   2.21403  -1.18936
-0.0478868  -0.215337    2.12443   0.177356  -0.266255    2.21411   -1.18938
-0.0478249  -0.215374    2.12444   0.177205  -0.266284    2.21419    -1.1894
-0.0477633  -0.215412    2.12444   0.177055  -0.266313    2.21426   -1.18943
-0.0477019  -0.215449    2.12444   0.176905  -0.266341    2.21434   -1.18945
-0.0476407  -0.215486    2.12444   0.176756   -0.26637    2.21442   -1.18947
-0.0475798  -0.215523    2.12444   0.176607  -0.266398     2.2145   -1.18949
-0.0475191   -0.21556    2.12445   0.176459  -0.266427    2.21457   -1.18952
-0.0474586  -0.215597    2.12445   0.176312  -0.266455    2.21465   -1.18954
-0.0473984  -0.215633    2.12445   0.176165  -0.266484    2.21473   -1.18956
-0.0473384   -0.21567    2.12445   0.176019  -0.266512     2.2148   -1.18958
-0.0472786  -0.215706    2.12446   0.175873   -0.26654    2.21488   -1.18961
-0.0472191  -0.215742    2.12446   0.175728  -0.266568    2.21496   -1.18963
-0.0471598  -0.215778    2.12446   0.175584  -0.266596    2.21503   -1.18965
-0.0471008  -0.215814    2.12446    0.17544  -0.266624    2.21511   -1.18967
-0.0470419   -0.21585    2.12447   0.175297  -0.266652    2.21518   -1.18969
-0.0469834  -0.215885    2.12447   0.175154   -0.26668    2.21525   -1.18972
-0.046925 -0.215921   2.12447  0.175012 -0.266708   2.21533  -1.18974
-0.0468668  -0.215956    2.12447    0.17487  -0.266736     2.2154   -1.18976
-0.0468089  -0.215991    2.12447   0.174729  -0.266764    2.21548   -1.18978
-0.0467512  -0.216026    2.12448   0.174588  -0.266791    2.21555    -1.1898
-0.0466938  -0.216061    2.12448   0.174448  -0.266819    2.21562   -1.18982
-0.0466365  -0.216095    2.12448   0.174309  -0.266846    2.21569   -1.18985
-0.0465795   -0.21613    2.12449    0.17417  -0.266874    2.21577   -1.18987
-0.0465227  -0.216164    2.12449   0.174032  -0.266901    2.21584   -1.18989
-0.0464662  -0.216198    2.12449   0.173894  -0.266929    2.21591   -1.18991
-0.0464098  -0.216232    2.12449   0.173757  -0.266956    2.21598   -1.18993
-0.0463537  -0.216266     2.1245    0.17362  -0.266983    2.21605   -1.18995
-0.0462978    -0.2163     2.1245   0.173484   -0.26701    2.21612   -1.18997
-0.0462421  -0.216334     2.1245   0.173349  -0.267037    2.21619   -1.18999
-0.0461866  -0.216367     2.1245   0.173214  -0.267064    2.21626   -1.19001
-0.0461314  -0.216401    2.12451   0.173079  -0.267091    2.21633   -1.19003
-0.0460763  -0.216434    2.12451   0.172945  -0.267118     2.2164   -1.19005
-0.0460215  -0.216467    2.12451   0.172812  -0.267145    2.21647   -1.19008
-0.0459669    -0.2165    2.12452   0.172679  -0.267172    2.21654    -1.1901
-0.0459125  -0.216533    2.12452   0.172546  -0.267199    2.21661   -1.19012
-0.0458583  -0.216566    2.12452   0.172414  -0.267226    2.21668   -1.19014
-0.0458043  -0.216598    2.12453   0.172283  -0.267252    2.21675   -1.19016
-0.0457505  -0.216631    2.12453   0.172152  -0.267279    2.21682   -1.19018
-0.045697 -0.216663   2.12453  0.172022 -0.267305   2.21688   -1.1902
-0.0456436  -0.216695    2.12453   0.171892  -0.267332    2.21695   -1.19022
-0.0455905  -0.216727    2.12454   0.171763  -0.267358    2.21702   -1.19024
-0.0455375  -0.216759    2.12454   0.171634  -0.267385    2.21709   -1.19026
-0.0454848  -0.216791    2.12454   0.171506  -0.267411    2.21715   -1.19028
-0.0454323  -0.216822    2.12455   0.171378  -0.267437    2.21722    -1.1903
 -0.04538 -0.216854   2.12455  0.171251 -0.267464   2.21728  -1.19032
-0.0453279  -0.216885    2.12455   0.171124   -0.26749    2.21735   -1.19034
-0.045276 -0.216917   2.12456  0.170998 -0.267516   2.21742  -1.19035
-0.0452242  -0.216948    2.12456   0.170872  -0.267542    2.21748   -1.19037
-0.0451727  -0.216979    2.12456   0.170747  -0.267568    2.21755   -1.19039
-0.0451214  -0.217009    2.12457   0.170622  -0.267594    2.21761   -1.19041
-0.0450703   -0.21704    2.12457   0.170498   -0.26762    2.21768   -1.19043
-0.0450194  -0.217071    2.12457   0.170374  -0.267645    2.21774   -1.19045
-0.0449687  -0.217101    2.12458   0.170251  -0.267671     2.2178   -1.19047
-0.0449182  -0.217132    2.12458   0.170128  -0.267697    2.21787   -1.19049
-0.0448679  -0.217162    2.12459   0.170006  -0.267723    2.21793   -1.19051
-0.0448177  -0.217192    2.12459   0.169884  -0.267748      2.218   -1.19053
-0.0447678  -0.217222    2.12459   0.169763  -0.267774    2.21806   -1.19055
-0.0447181  -0.217252     2.1246   0.169642  -0.267799    2.21812   -1.19056
-0.0446685  -0.217281     2.1246   0.169522  -0.267825    2.21818   -1.19058
-0.0446192  -0.217311     2.1246   0.169402   -0.26785    2.21825    -1.1906
 -0.04457  -0.21734   2.12461  0.169282 -0.267875   2.21831  -1.19062
-0.0445211   -0.21737    2.12461   0.169163  -0.267901    2.21837   -1.19064
-0.0444723  -0.217399    2.12461   0.169045  -0.267926    2.21843   -1.19066
-0.0444237  -0.217428    2.12462   0.168927  -0.267951    2.21849   -1.19067
-0.0443753  -0.217457    2.12462   0.168809  -0.267976    2.21855   -1.19069
-0.0443271  -0.217486    2.12463   0.168692  -0.268001    2.21862   -1.19071
-0.0442791  -0.217515    2.12463   0.168576  -0.268027    2.21868   -1.19073
-0.0442313  -0.217543    2.12463    0.16846  -0.268052    2.21874   -1.19075
-0.0441836  -0.217572    2.12464   0.168344  -0.268076     2.2188   -1.19077
-0.0441362    -0.2176    2.12464   0.168229  -0.268101    2.21886   -1.19078
-0.0440889  -0.217628    2.12465   0.168114  -0.268126    2.21892    -1.1908
-0.0440418  -0.217657    2.12465      0.168  -0.268151    2.21898   -1.19082
-0.0439949  -0.217685    2.12465   0.167886  -0.268176    2.21903   -1.19084
-0.0439481  -0.217713    2.12466   0.167772    -0.2682    2.21909   -1.19085
-0.0439016   -0.21774    2.12466   0.167659  -0.268225    2.21915   -1.19087
-0.0438552  -0.217768    2.12467   0.167547   -0.26825    2.21921   -1.19089
-0.043809 -0.217796   2.12467  0.167435 -0.268274   2.21927  -1.19091
-0.043763 -0.217823   2.12467  0.167323 -0.268299   2.21933  -1.19092
-0.0437172   -0.21785    2.12468   0.167212  -0.268323    2.21938   -1.19094
-0.0436716  -0.217878    2.12468   0.167101  -0.268348    2.21944   -1.19096
-0.0436261  -0.217905    2.12469   0.166991  -0.268372     2.2195   -1.19098
-0.0435808  -0.217932    2.12469   0.166881  -0.268396    2.21956   -1.19099
-0.0435357  -0.217959     2.1247   0.166772   -0.26842    2.21961   -1.19101
-0.0434907  -0.217985     2.1247   0.166663  -0.268445    2.21967   -1.19103
-0.0434459  -0.218012     2.1247   0.166554  -0.268469    2.21973   -1.19104
-0.0434013  -0.218039    2.12471   0.166446  -0.268493    2.21978   -1.19106
-0.0433569  -0.218065    2.12471   0.166338  -0.268517    2.21984   -1.19108
-0.0433127  -0.218091    2.12472   0.166231  -0.268541    2.21989   -1.19109
-0.0432686  -0.218118    2.12472   0.166124  -0.268565    2.21995   -1.19111
-0.0432247  -0.218144    2.12473   0.166018  -0.268589    2.22001   -1.19113
-0.0431809   -0.21817    2.12473   0.165912  -0.268613    2.22006   -1.19114
-0.0431374  -0.218196    2.12474   0.165806  -0.268637    2.22012   -1.19116
-0.043094 -0.218221   2.12474  0.165701  -0.26866   2.22017  -1.19118
-0.0430507  -0.218247    2.12475   0.165596  -0.268684    2.22022   -1.19119
-0.0430077  -0.218273    2.12475   0.165492  -0.268708    2.22028   -1.19121
-0.0429648  -0.218298    2.12475   0.165388  -0.268732    2.22033   -1.19123
-0.042922 -0.218323   2.12476  0.165284 -0.268755   2.22039  -1.19124
-0.0428795  -0.218349    2.12476   0.165181  -0.268779    2.22044   -1.19126
-0.0428371  -0.218374    2.12477   0.165078  -0.268802    2.22049   -1.19127
-0.0427948  -0.218399    2.12477   0.164976  -0.268826    2.22055   -1.19129
-0.0427527  -0.218424    2.12478   0.164874  -0.268849     2.2206   -1.19131
-0.0427108  -0.218448    2.12478   0.164773  -0.268872    2.22065   -1.19132
-0.0426691  -0.218473    2.12479   0.164672  -0.268896    2.22071   -1.19134
-0.0426275  -0.218498    2.12479   0.164571  -0.268919    2.22076   -1.19135
-0.0425861  -0.218522     2.1248   0.164471  -0.268942    2.22081   -1.19137
-0.0425448  -0.218547     2.1248   0.164371  -0.268966    2.22086   -1.19138
-0.0425037  -0.218571    2.12481   0.164271  -0.268989    2.22091    -1.1914
-0.0424627  -0.218595    2.12481   0.164172  -0.269012    2.22096   -1.19142
-0.042422 -0.218619   2.12482  0.164074 -0.269035   2.22102  -1.19143
-0.0423813  -0.218643    2.12482   0.163975  -0.269058    2.22107   -1.19145
-0.0423408  -0.218667    2.12483   0.163877  -0.269081    2.22112   -1.19146
-0.0423005  -0.218691    2.12483    0.16378  -0.269104    2.22117   -1.19148
-0.0422604  -0.218715    2.12484   0.163683  -0.269127    2.22122   -1.19149
-0.0422204  -0.218738    2.12484   0.163586   -0.26915    2.22127   -1.19151
-0.0421805  -0.218762    2.12485   0.163489  -0.269172    2.22132   -1.19152
-0.0421408  -0.218785    2.12485   0.163393  -0.269195    2.22137   -1.19154
-0.0421013  -0.218808    2.12486   0.163298  -0.269218    2.22142   -1.19155
-0.0420619  -0.218832    2.12486   0.163203  -0.269241    2.22147   -1.19157
-0.0420226  -0.218855    2.12487   0.163108  -0.269263    2.22152   -1.19158
-0.0419835  -0.218878    2.12487   0.163013  -0.269286    2.22157    -1.1916
-0.0419446  -0.218901    2.12488   0.162919  -0.269309    2.22162   -1.19161
-0.0419058  -0.218923    2.12488   0.162825  -0.269331    2.22166   -1.19163
-0.0418672  -0.218946    2.12489   0.162732  -0.269354    2.22171   -1.19164
-0.0418287  -0.218969    2.12489   0.162639  -0.269376    2.22176   -1.19166
-0.0417904  -0.218991     2.1249   0.162546  -0.269398    2.22181   -1.19167
-0.0417522  -0.219014     2.1249   0.162454  -0.269421    2.22186   -1.19168
-0.0417141  -0.219036    2.12491   0.162362  -0.269443    2.22191    -1.1917
-0.0416762  -0.219058    2.12492    0.16227  -0.269465    2.22195   -1.19171
-0.0416385   -0.21908    2.12492   0.162179  -0.269488      2.222   -1.19173
-0.0416009  -0.219103    2.12493   0.162088   -0.26951    2.22205   -1.19174
-0.0415634  -0.219125    2.12493   0.161998  -0.269532    2.22209   -1.19176
-0.0415261  -0.219146    2.12494   0.161908  -0.269554    2.22214   -1.19177
-0.041489 -0.219168   2.12494  0.161818 -0.269576   2.22219  -1.19178
-0.0414519   -0.21919    2.12495   0.161729  -0.269598    2.22223    -1.1918
-0.041415 -0.219211   2.12495   0.16164  -0.26962   2.22228  -1.19181
-0.0413783  -0.219233    2.12496   0.161551  -0.269642    2.22233   -1.19183
-0.0413417  -0.219254    2.12496   0.161463  -0.269664    2.22237   -1.19184
-0.0413052  -0.219276    2.12497   0.161375  -0.269686    2.22242   -1.19185
-0.0412689  -0.219297    2.12498   0.161287  -0.269708    2.22246   -1.19187
-0.0412328  -0.219318    2.12498     0.1612   -0.26973    2.22251   -1.19188
-0.0411967  -0.219339    2.12499   0.161113  -0.269751    2.22255    -1.1919
-0.0411608   -0.21936    2.12499   0.161026  -0.269773     2.2226   -1.19191
-0.0411251  -0.219381      2.125    0.16094  -0.269795    2.22264   -1.19192
-0.0410894  -0.219402      2.125   0.160854  -0.269817    2.22269   -1.19194
-0.041054 -0.219422   2.12501  0.160768 -0.269838   2.22273  -1.19195
-0.0410186  -0.219443    2.12502   0.160683   -0.26986    2.22278   -1.19196
-0.0409834  -0.219463    2.12502   0.160598  -0.269881    2.22282   -1.19198
-0.0409483  -0.219484    2.12503   0.160514  -0.269903    2.22287   -1.19199
-0.0409134  -0.219504    2.12503   0.160429  -0.269924    2.22291     -1.192
-0.0408786  -0.219524    2.12504   0.160346  -0.269946    2.22295   -1.19202
-0.0408439  -0.219545    2.12505   0.160262  -0.269967      2.223   -1.19203
-0.0408094  -0.219565    2.12505   0.160179  -0.269988    2.22304   -1.19204
-0.040775 -0.219585   2.12506  0.160096  -0.27001   2.22308  -1.19206
-0.0407407  -0.219605    2.12506   0.160013  -0.270031    2.22312   -1.19207
-0.0407065  -0.219624    2.12507   0.159931  -0.270052    2.22317   -1.19208
-0.0406725  -0.219644    2.12507   0.159849  -0.270074    2.22321    -1.1921
-0.0406387  -0.219664    2.12508   0.159767  -0.270095    2.22325   -1.19211
-0.0406049  -0.219683    2.12509   0.159686  -0.270116    2.22329   -1.19212
-0.0405713  -0.219703    2.12509   0.159605  -0.270137    2.22334   -1.19213
-0.0405378  -0.219722     2.1251   0.159525  -0.270158    2.22338   -1.19215
-0.0405044  -0.219742     2.1251   0.159444  -0.270179    2.22342   -1.19216
-0.0404712  -0.219761    2.12511   0.159364    -0.2702    2.22346   -1.19217
-0.0404381   -0.21978    2.12512   0.159285  -0.270221     2.2235   -1.19218
-0.0404051  -0.219799    2.12512   0.159205  -0.270242    2.22354    -1.1922
-0.0403723  -0.219818    2.12513   0.159126  -0.270263    2.22359   -1.19221
-0.0403396  -0.219837    2.12514   0.159047  -0.270284    2.22363   -1.19222
-0.040307 -0.219856   2.12514  0.158969 -0.270305   2.22367  -1.19224
-0.0402745  -0.219875    2.12515   0.158891  -0.270325    2.22371   -1.19225
-0.0402422  -0.219893    2.12515   0.158813  -0.270346    2.22375   -1.19226
-0.0402099  -0.219912    2.12516   0.158735  -0.270367    2.22379   -1.19227
-0.0401778   -0.21993    2.12517   0.158658  -0.270388    2.22383   -1.19228
-0.0401459  -0.219949    2.12517   0.158581  -0.270408    2.22387    -1.1923
-0.040114 -0.219967   2.12518  0.158505 -0.270429   2.22391  -1.19231
-0.0400823  -0.219985    2.12519   0.158428  -0.270449    2.22395   -1.19232
-0.0400507  -0.220004    2.12519   0.158352   -0.27047    2.22399   -1.19233
-0.0400192  -0.220022     2.1252   0.158277   -0.27049    2.22403   -1.19234
-0.0399878   -0.22004     2.1252   0.158201  -0.270511    2.22407   -1.19236
-0.0399566  -0.220058    2.12521   0.158126  -0.270531     2.2241   -1.19237
-0.0399255  -0.220076    2.12522   0.158052  -0.270552    2.22414   -1.19238
-0.0398945  -0.220094    2.12522   0.157977  -0.270572    2.22418   -1.19239
-0.0398636  -0.220111    2.12523   0.157903  -0.270593    2.22422    -1.1924
-0.0398328  -0.220129    2.12524   0.157829  -0.270613    2.22426   -1.19242
-0.0398021  -0.220147    2.12524   0.157755  -0.270633     2.2243   -1.19243
-0.0397716  -0.220164    2.12525   0.157682  -0.270653    2.22434   -1.19244
-0.0397412  -0.220181    2.12526   0.157609  -0.270674    2.22437   -1.19245
-0.0397109  -0.220199    2.12526   0.157536  -0.270694    2.22441   -1.19246
-0.0396807  -0.220216    2.12527   0.157464  -0.270714    2.22445   -1.19247
-0.0396507  -0.220233    2.12528   0.157392  -0.270734    2.22449   -1.19249
-0.0396207   -0.22025    2.12528    0.15732  -0.270754    2.22452    -1.1925
-0.0395909  -0.220267    2.12529   0.157248  -0.270774    2.22456   -1.19251
-0.0395612  -0.220284     2.1253   0.157177  -0.270794     2.2246   -1.19252
-0.0395315  -0.220301     2.1253   0.157106  -0.270814    2.22463   -1.19253
-0.0395021  -0.220318    2.12531   0.157035  -0.270834    2.22467   -1.19254
-0.0394727  -0.220335    2.12532   0.156964  -0.270854    2.22471   -1.19255
-0.0394434  -0.220352    2.12532   0.156894  -0.270874    2.22474   -1.19257
-0.0394143  -0.220368    2.12533   0.156824  -0.270894    2.22478   -1.19258
-0.0393852  -0.220385    2.12534   0.156755  -0.270914    2.22482   -1.19259
-0.0393563  -0.220401    2.12534   0.156685  -0.270934    2.22485    -1.1926
-0.0393275  -0.220418    2.12535   0.156616  -0.270954    2.22489   -1.19261
-0.0392987  -0.220434    2.12536   0.156547  -0.270973    2.22492   -1.19262
-0.0392701   -0.22045    2.12536   0.156479  -0.270993    2.22496   -1.19263
-0.0392417  -0.220467    2.12537   0.156411  -0.271013      2.225   -1.19264
-0.0392133  -0.220483    2.12538   0.156343  -0.271032    2.22503   -1.19265
-0.039185 -0.220499   2.12538  0.156275 -0.271052   2.22507  -1.19266
-0.0391568  -0.220515    2.12539   0.156207  -0.271072     2.2251   -1.19267
-0.0391288  -0.220531     2.1254    0.15614  -0.271091    2.22514   -1.19269
-0.0391008  -0.220546     2.1254   0.156073  -0.271111    2.22517    -1.1927
-0.039073 -0.220562   2.12541  0.156007  -0.27113    2.2252  -1.19271
-0.0390452  -0.220578    2.12542    0.15594   -0.27115    2.22524   -1.19272
-0.0390176  -0.220594    2.12543   0.155874  -0.271169    2.22527   -1.19273
-0.0389901  -0.220609    2.12543   0.155808  -0.271189    2.22531   -1.19274
-0.0389627  -0.220625    2.12544   0.155743  -0.271208    2.22534   -1.19275
-0.0389354   -0.22064    2.12545   0.155677  -0.271227    2.22538   -1.19276
-0.0389082  -0.220655    2.12545   0.155612  -0.271247    2.22541   -1.19277
-0.038881 -0.220671   2.12546  0.155547 -0.271266   2.22544  -1.19278
-0.038854 -0.220686   2.12547  0.155483 -0.271285   2.22548  -1.19279
-0.0388271  -0.220701    2.12547   0.155418  -0.271305    2.22551    -1.1928
-0.0388004  -0.220716    2.12548   0.155354  -0.271324    2.22554   -1.19281
-0.0387737  -0.220731    2.12549    0.15529  -0.271343    2.22558   -1.19282
-0.0387471  -0.220746     2.1255   0.155227  -0.271362    2.22561   -1.19283
-0.0387206  -0.220761     2.1255   0.155164  -0.271381    2.22564   -1.19284
-0.0386942  -0.220776    2.12551     0.1551    -0.2714    2.22568   -1.19285
-0.0386679  -0.220791    2.12552   0.155038   -0.27142    2.22571   -1.19286
-0.0386417  -0.220806    2.12552   0.154975  -0.271439    2.22574   -1.19287
-0.0386156   -0.22082    2.12553   0.154913  -0.271458    2.22577   -1.19288
-0.0385896  -0.220835    2.12554   0.154851  -0.271477     2.2258   -1.19289
-0.0385638  -0.220849    2.12555   0.154789  -0.271496    2.22584    -1.1929
-0.038538 -0.220864   2.12555  0.154727 -0.271515   2.22587  -1.19291
-0.0385123  -0.220878    2.12556   0.154666  -0.271533     2.2259   -1.19292
-0.0384867  -0.220892    2.12557   0.154605  -0.271552    2.22593   -1.19293
-0.0384612  -0.220907    2.12558   0.154544  -0.271571    2.22596   -1.19294
-0.0384358  -0.220921    2.12558   0.154483   -0.27159      2.226   -1.19295
-0.0384105  -0.220935    2.12559   0.154423  -0.271609    2.22603   -1.19296
-0.0383853  -0.220949     2.1256   0.154363  -0.271628    2.22606   -1.19297
-0.0383602  -0.220963     2.1256   0.154303  -0.271646    2.22609   -1.19298
-0.0383352  -0.220977    2.12561   0.154243  -0.271665    2.22612   -1.19299
-0.0383102  -0.220991    2.12562   0.154184  -0.271684    2.22615     -1.193
-0.0382854  -0.221005    2.12563   0.154125  -0.271703    2.22618   -1.19301
-0.0382607  -0.221019    2.12563   0.154066  -0.271721    2.22621   -1.19302
-0.0382361  -0.221032    2.12564   0.154007   -0.27174    2.22624   -1.19303
-0.0382115  -0.221046    2.12565   0.153948  -0.271758    2.22627   -1.19304
-0.0381871   -0.22106    2.12566    0.15389  -0.271777     2.2263   -1.19305
-0.0381627  -0.221073    2.12566   0.153832  -0.271796    2.22633   -1.19306
-0.0381385  -0.221087    2.12567   0.153774  -0.271814    2.22636   -1.19307
-0.0381143    -0.2211    2.12568   0.153717  -0.271833    2.22639   -1.19307
-0.0380902  -0.221113    2.12569   0.153659  -0.271851    2.22642   -1.19308
-0.0380662  -0.221127    2.12569   0.153602  -0.271869    2.22645   -1.19309
-0.0380423   -0.22114     2.1257   0.153545  -0.271888    2.22648    -1.1931
-0.0380185  -0.221153    2.12571   0.153489  -0.271906    2.22651   -1.19311
-0.0379948  -0.221166    2.12572   0.153432  -0.271925    2.22654   -1.19312
-0.0379712  -0.221179    2.12572   0.153376  -0.271943    2.22657   -1.19313
-0.0379477  -0.221192    2.12573    0.15332  -0.271961     2.2266   -1.19314
-0.0379242  -0.221205    2.12574   0.153264   -0.27198    2.22663   -1.19315
-0.0379009  -0.221218    2.12575   0.153209  -0.271998    2.22666   -1.19316
-0.0378776  -0.221231    2.12575   0.153153  -0.272016    2.22669   -1.19317
-0.0378544  -0.221244    2.12576   0.153098  -0.272034    2.22671   -1.19317
-0.0378314  -0.221256    2.12577   0.153043  -0.272053    2.22674   -1.19318
-0.0378084  -0.221269    2.12578   0.152989  -0.272071    2.22677   -1.19319
-0.0377855  -0.221282    2.12579   0.152934  -0.272089     2.2268    -1.1932
-0.0377626  -0.221294    2.12579    0.15288  -0.272107    2.22683   -1.19321
-0.0377399  -0.221307     2.1258   0.152826  -0.272125    2.22686   -1.19322
-0.0377172  -0.221319    2.12581   0.152772  -0.272143    2.22688   -1.19323
-0.0376947  -0.221332    2.12582   0.152719  -0.272161    2.22691   -1.19324
-0.0376722  -0.221344    2.12582   0.152665  -0.272179    2.22694   -1.19325
-0.0376498  -0.221356    2.12583   0.152612  -0.272197    2.22697   -1.19325
-0.0376275  -0.221368    2.12584   0.152559  -0.272215    2.22699   -1.19326
-0.0376053  -0.221381    2.12585   0.152506  -0.272233    2.22702   -1.19327
-0.0375831  -0.221393    2.12586   0.152454  -0.272251    2.22705   -1.19328
-0.0375611  -0.221405    2.12586   0.152401  -0.272269    2.22708   -1.19329
-0.0375391  -0.221417    2.12587   0.152349  -0.272287     2.2271    -1.1933
-0.0375172  -0.221429    2.12588   0.152297  -0.272305    2.22713    -1.1933
-0.0374954  -0.221441    2.12589   0.152246  -0.272323    2.22716   -1.19331
-0.0374737  -0.221452    2.12589   0.152194   -0.27234    2.22718   -1.19332
-0.037452 -0.221464    2.1259  0.152143 -0.272358   2.22721  -1.19333
-0.0374305  -0.221476    2.12591   0.152092  -0.272376    2.22724   -1.19334
-0.037409 -0.221488   2.12592  0.152041 -0.272394   2.22726  -1.19335
-0.0373876  -0.221499    2.12593    0.15199  -0.272412    2.22729   -1.19335
-0.0373663  -0.221511    2.12593    0.15194  -0.272429    2.22732   -1.19336
-0.0373451  -0.221522    2.12594   0.151889  -0.272447    2.22734   -1.19337
-0.0373239  -0.221534    2.12595   0.151839  -0.272465    2.22737   -1.19338
-0.0373028  -0.221545    2.12596   0.151789  -0.272482    2.22739   -1.19339
-0.0372819  -0.221557    2.12597   0.151739    -0.2725    2.22742    -1.1934
-0.0372609  -0.221568    2.12597    0.15169  -0.272517    2.22744    -1.1934
-0.0372401  -0.221579    2.12598   0.151641  -0.272535    2.22747   -1.19341
-0.0372193   -0.22159    2.12599   0.151592  -0.272553     2.2275   -1.19342
-0.0371987  -0.221602      2.126   0.151543   -0.27257    2.22752   -1.19343
-0.0371781  -0.221613    2.12601   0.151494  -0.272588    2.22755   -1.19344
-0.0371576  -0.221624    2.12601   0.151445  -0.272605    2.22757   -1.19344
-0.0371371  -0.221635    2.12602   0.151397  -0.272623     2.2276   -1.19345
-0.0371167  -0.221646    2.12603   0.151349   -0.27264    2.22762   -1.19346
-0.0370965  -0.221657    2.12604   0.151301  -0.272657    2.22765   -1.19347
-0.0370762  -0.221668    2.12605   0.151253  -0.272675    2.22767   -1.19347
-0.0370561  -0.221678    2.12606   0.151205  -0.272692     2.2277   -1.19348
-0.0370361  -0.221689    2.12606   0.151158   -0.27271    2.22772   -1.19349
-0.0370161    -0.2217    2.12607   0.151111  -0.272727    2.22774    -1.1935
-0.0369962   -0.22171    2.12608   0.151064  -0.272744    2.22777   -1.19351
-0.0369763  -0.221721    2.12609   0.151017  -0.272761    2.22779   -1.19351
-0.0369566  -0.221732     2.1261    0.15097  -0.272779    2.22782   -1.19352
-0.0369369  -0.221742     2.1261   0.150924  -0.272796    2.22784   -1.19353
-0.0369173  -0.221753    2.12611   0.150878  -0.272813    2.22787   -1.19354
-0.0368977  -0.221763    2.12612   0.150831   -0.27283    2.22789   -1.19354
-0.0368783  -0.221773    2.12613   0.150786  -0.272848    2.22791   -1.19355
-0.0368589  -0.221784    2.12614    0.15074  -0.272865    2.22794   -1.19356
-0.0368396  -0.221794    2.12615   0.150694  -0.272882    2.22796   -1.19357
-0.0368203  -0.221804    2.12615   0.150649  -0.272899    2.22798   -1.19357
-0.0368012  -0.221815    2.12616   0.150604  -0.272916    2.22801   -1.19358
-0.0367821  -0.221825    2.12617   0.150559  -0.272933    2.22803   -1.19359
-0.0367631  -0.221835    2.12618   0.150514   -0.27295    2.22805    -1.1936
-0.0367441  -0.221845    2.12619   0.150469  -0.272967    2.22808    -1.1936
-0.0367252  -0.221855     2.1262   0.150425  -0.272984     2.2281   -1.19361
-0.0367064  -0.221865     2.1262    0.15038  -0.273001    2.22812   -1.19362
-0.0366877  -0.221875    2.12621   0.150336  -0.273018    2.22815   -1.19362
-0.036669 -0.221885   2.12622  0.150292 -0.273035   2.22817  -1.19363
-0.0366504  -0.221894    2.12623   0.150249  -0.273052    2.22819   -1.19364
-0.0366319  -0.221904    2.12624   0.150205  -0.273069    2.22821   -1.19365
-0.0366134  -0.221914    2.12625   0.150162  -0.273086    2.22824   -1.19365
-0.036595 -0.221924   2.12626  0.150118 -0.273103   2.22826  -1.19366
-0.0365767  -0.221933    2.12626   0.150075   -0.27312    2.22828   -1.19367
-0.0365585  -0.221943    2.12627   0.150032  -0.273137     2.2283   -1.19367
-0.0365403  -0.221952    2.12628   0.149989  -0.273154    2.22833   -1.19368
-0.0365222  -0.221962    2.12629   0.149947   -0.27317    2.22835   -1.19369
-0.0365041  -0.221971     2.1263   0.149905  -0.273187    2.22837    -1.1937
-0.0364862  -0.221981    2.12631   0.149862  -0.273204    2.22839    -1.1937
-0.0364682   -0.22199    2.12631    0.14982  -0.273221    2.22841   -1.19371
-0.0364504     -0.222    2.12632   0.149778  -0.273237    2.22844   -1.19372
-0.0364326  -0.222009    2.12633   0.149737  -0.273254    2.22846   -1.19372
-0.0364149  -0.222018    2.12634   0.149695  -0.273271    2.22848   -1.19373
-0.0363973  -0.222027    2.12635   0.149654  -0.273288     2.2285   -1.19374
-0.0363797  -0.222037    2.12636   0.149612  -0.273304    2.22852   -1.19374
-0.0363622  -0.222046    2.12637   0.149571  -0.273321    2.22854   -1.19375
-0.0363448  -0.222055    2.12637    0.14953  -0.273337    2.22856   -1.19376
-0.0363274  -0.222064    2.12638    0.14949  -0.273354    2.22859   -1.19376
-0.0363101  -0.222073    2.12639   0.149449  -0.273371    2.22861   -1.19377
-0.0362928  -0.222082     2.1264   0.149409  -0.273387    2.22863   -1.19378
-0.0362756  -0.222091    2.12641   0.149368  -0.273404    2.22865   -1.19378
-0.0362585  -0.222099    2.12642   0.149328   -0.27342    2.22867   -1.19379
-0.0362415  -0.222108    2.12643   0.149288  -0.273437    2.22869    -1.1938
-0.0362245  -0.222117    2.12643   0.149248  -0.273453    2.22871    -1.1938
-0.0362075  -0.222126    2.12644   0.149209   -0.27347    2.22873   -1.19381
-0.0361907  -0.222135    2.12645   0.149169  -0.273486    2.22875   -1.19382
-0.0361739  -0.222143    2.12646    0.14913  -0.273503    2.22877   -1.19382
-0.0361572  -0.222152    2.12647   0.149091  -0.273519    2.22879   -1.19383
-0.0361405   -0.22216    2.12648   0.149052  -0.273536    2.22881   -1.19384
-0.0361239  -0.222169    2.12649   0.149013  -0.273552    2.22883   -1.19384
-0.0361073  -0.222177     2.1265   0.148974  -0.273568    2.22885   -1.19385
-0.0360908  -0.222186     2.1265   0.148936  -0.273585    2.22887   -1.19386
-0.0360744  -0.222194    2.12651   0.148897  -0.273601    2.22889   -1.19386
-0.036058 -0.222203   2.12652  0.148859 -0.273617   2.22891  -1.19387
-0.0360417  -0.222211    2.12653   0.148821  -0.273634    2.22893   -1.19387
-0.0360255  -0.222219    2.12654   0.148783   -0.27365    2.22895   -1.19388
-0.0360093  -0.222228    2.12655   0.148745  -0.273666    2.22897   -1.19389
-0.0359932  -0.222236    2.12656   0.148707  -0.273682    2.22899   -1.19389
-0.0359771  -0.222244    2.12657    0.14867  -0.273699    2.22901    -1.1939
-0.0359611  -0.222252    2.12657   0.148633  -0.273715    2.22903   -1.19391
-0.0359452   -0.22226    2.12658   0.148595  -0.273731    2.22905   -1.19391
-0.0359293  -0.222268    2.12659   0.148558  -0.273747    2.22907   -1.19392
-0.0359135  -0.222276     2.1266   0.148521  -0.273764    2.22909   -1.19392
-0.0358977  -0.222284    2.12661   0.148485   -0.27378    2.22911   -1.19393
-0.035882 -0.222292   2.12662  0.148448 -0.273796   2.22913  -1.19394
-0.0358664    -0.2223    2.12663   0.148412  -0.273812    2.22914   -1.19394
-0.0358508  -0.222308    2.12664   0.148375  -0.273828    2.22916   -1.19395
-0.0358353  -0.222316    2.12665   0.148339  -0.273844    2.22918   -1.19395
-0.0358198  -0.222324    2.12665   0.148303   -0.27386     2.2292   -1.19396
-0.0358044  -0.222332    2.12666   0.148267  -0.273876    2.22922   -1.19397
-0.035789 -0.222339   2.12667  0.148232 -0.273892   2.22924  -1.19397
-0.0357737  -0.222347    2.12668   0.148196  -0.273908    2.22926   -1.19398
-0.0357585  -0.222355    2.12669    0.14816  -0.273924    2.22927   -1.19398
-0.0357433  -0.222362     2.1267   0.148125   -0.27394    2.22929   -1.19399
-0.0357282   -0.22237    2.12671    0.14809  -0.273956    2.22931     -1.194
-0.0357131  -0.222378    2.12672   0.148055  -0.273972    2.22933     -1.194
-0.0356981  -0.222385    2.12673    0.14802  -0.273988    2.22935   -1.19401
-0.0356832  -0.222393    2.12674   0.147985  -0.274004    2.22937   -1.19401
-0.0356683    -0.2224    2.12674   0.147951   -0.27402    2.22938   -1.19402
-0.0356534  -0.222407    2.12675   0.147916  -0.274036     2.2294   -1.19403
-0.0356386  -0.222415    2.12676   0.147882  -0.274052    2.22942   -1.19403
-0.0356239  -0.222422    2.12677   0.147848  -0.274068    2.22944   -1.19404
-0.0356092  -0.222429    2.12678   0.147813  -0.274084    2.22945   -1.19404
-0.0355946  -0.222437    2.12679    0.14778  -0.274099    2.22947   -1.19405
 -0.03558 -0.222444    2.1268  0.147746 -0.274115   2.22949  -1.19405
-0.0355655  -0.222451    2.12681   0.147712  -0.274131    2.22951   -1.19406
-0.035551 -0.222458   2.12682  0.147678 -0.274147   2.22952  -1.19406
-0.0355366  -0.222465    2.12683   0.147645  -0.274163    2.22954   -1.19407
-0.0355222  -0.222472    2.12684   0.147612  -0.274178    2.22956   -1.19408
-0.0355079  -0.222479    2.12684   0.147579  -0.274194    2.22958   -1.19408
-0.0354937  -0.222487    2.12685   0.147546   -0.27421    2.22959   -1.19409
-0.0354795  -0.222493    2.12686   0.147513  -0.274226    2.22961   -1.19409
-0.0354654    -0.2225    2.12687    0.14748  -0.274241    2.22963    -1.1941
-0.0354513  -0.222507    2.12688   0.147447  -0.274257    2.22964    -1.1941
-0.0354372  -0.222514    2.12689   0.147415  -0.274273    2.22966   -1.19411
-0.0354232  -0.222521     2.1269   0.147383  -0.274288    2.22968   -1.19411
-0.0354093  -0.222528    2.12691    0.14735  -0.274304    2.22969   -1.19412
-0.0353954  -0.222535    2.12692   0.147318   -0.27432    2.22971   -1.19413
-0.0353816  -0.222541    2.12693   0.147286  -0.274335    2.22973   -1.19413
-0.0353678  -0.222548    2.12694   0.147254  -0.274351    2.22974   -1.19414
-0.0353541  -0.222555    2.12695   0.147223  -0.274366    2.22976   -1.19414
-0.0353404  -0.222562    2.12695   0.147191  -0.274382    2.22978   -1.19415
-0.0353268  -0.222568    2.12696    0.14716  -0.274398    2.22979   -1.19415
-0.0353132  -0.222575    2.12697   0.147128  -0.274413    2.22981   -1.19416
-0.0352997  -0.222581    2.12698   0.147097  -0.274429    2.22983   -1.19416
-0.0352862  -0.222588    2.12699   0.147066  -0.274444    2.22984   -1.19417
-0.0352727  -0.222594      2.127   0.147035   -0.27446    2.22986   -1.19417
-0.0352594  -0.222601    2.12701   0.147004  -0.274475    2.22987   -1.19418
-0.035246 -0.222607   2.12702  0.146973 -0.274491   2.22989  -1.19418
-0.0352328  -0.222614    2.12703   0.146943  -0.274506    2.22991   -1.19419
-0.0352195   -0.22262    2.12704   0.146912  -0.274522    2.22992   -1.19419
-0.0352064  -0.222626    2.12705   0.146882  -0.274537    2.22994    -1.1942
-0.0351932  -0.222633    2.12706   0.146852  -0.274552    2.22995    -1.1942
-0.0351801  -0.222639    2.12707   0.146822  -0.274568    2.22997   -1.19421
-0.0351671  -0.222645    2.12708   0.146792  -0.274583    2.22998   -1.19421
-0.0351541  -0.222651    2.12708   0.146762  -0.274599       2.23   -1.19422
-0.0351412  -0.222657    2.12709   0.146732  -0.274614    2.23001   -1.19422
-0.0351283  -0.222664     2.1271   0.146702  -0.274629    2.23003   -1.19423
-0.0351154   -0.22267    2.12711   0.146673  -0.274645    2.23005   -1.19423
-0.0351026  -0.222676    2.12712   0.146643   -0.27466    2.23006   -1.19424
-0.0350899  -0.222682    2.12713   0.146614  -0.274675    2.23008   -1.19424
-0.0350772  -0.222688    2.12714   0.146585  -0.274691    2.23009   -1.19425
-0.0350645  -0.222694    2.12715   0.146556  -0.274706    2.23011   -1.19425
-0.0350519    -0.2227    2.12716   0.146527  -0.274721    2.23012   -1.19426
-0.0350394  -0.222706    2.12717   0.146498  -0.274736    2.23014   -1.19426
-0.0350268  -0.222712    2.12718   0.146469  -0.274752    2.23015   -1.19427
-0.0350144  -0.222718    2.12719   0.146441  -0.274767    2.23017   -1.19427
-0.035002 -0.222723    2.1272  0.146412 -0.274782   2.23018  -1.19428
-0.0349896  -0.222729    2.12721   0.146384  -0.274797     2.2302   -1.19428
-0.0349772  -0.222735    2.12722   0.146356  -0.274812    2.23021   -1.19429
-0.034965 -0.222741   2.12723  0.146327 -0.274828   2.23022  -1.19429
-0.0349527  -0.222746    2.12724   0.146299  -0.274843    2.23024    -1.1943
-0.0349405  -0.222752    2.12724   0.146272  -0.274858    2.23025    -1.1943
-0.0349284  -0.222758    2.12725   0.146244  -0.274873    2.23027   -1.19431
-0.0349163  -0.222763    2.12726   0.146216  -0.274888    2.23028   -1.19431
-0.0349042  -0.222769    2.12727   0.146188  -0.274903     2.2303   -1.19432
-0.0348922  -0.222775    2.12728   0.146161  -0.274919    2.23031   -1.19432
-0.0348802   -0.22278    2.12729   0.146134  -0.274934    2.23033   -1.19433
-0.0348683  -0.222786     2.1273   0.146106  -0.274949    2.23034   -1.19433
-0.0348564  -0.222791    2.12731   0.146079  -0.274964    2.23035   -1.19433
-0.0348445  -0.222797    2.12732   0.146052  -0.274979    2.23037   -1.19434
-0.0348327  -0.222802    2.12733   0.146025  -0.274994    2.23038   -1.19434
-0.034821 -0.222808   2.12734  0.145998 -0.275009    2.2304  -1.19435
-0.0348093  -0.222813    2.12735   0.145972  -0.275024    2.23041   -1.19435
-0.0347976  -0.222818    2.12736   0.145945  -0.275039    2.23042   -1.19436
-0.034786 -0.222824   2.12737  0.145918 -0.275054   2.23044  -1.19436
-0.0347744  -0.222829    2.12738   0.145892  -0.275069    2.23045   -1.19437
-0.0347628  -0.222834    2.12739   0.145866  -0.275084    2.23046   -1.19437
-0.0347513  -0.222839     2.1274    0.14584  -0.275099    2.23048   -1.19438
-0.0347399  -0.222845    2.12741   0.145814  -0.275114    2.23049   -1.19438
-0.0347285   -0.22285    2.12742   0.145788  -0.275129     2.2305   -1.19438
-0.0347171  -0.222855    2.12743   0.145762  -0.275144    2.23052   -1.19439
-0.0347058   -0.22286    2.12744   0.145736  -0.275159    2.23053   -1.19439
-0.0346945  -0.222865    2.12745    0.14571  -0.275174    2.23054    -1.1944
-0.0346832   -0.22287    2.12745   0.145685  -0.275188    2.23056    -1.1944
-0.034672 -0.222875   2.12746  0.145659 -0.275203   2.23057  -1.19441
-0.0346608   -0.22288    2.12747   0.145634  -0.275218    2.23058   -1.19441
-0.0346497  -0.222885    2.12748   0.145608  -0.275233     2.2306   -1.19441
-0.0346386   -0.22289    2.12749   0.145583  -0.275248    2.23061   -1.19442
-0.0346276  -0.222895     2.1275   0.145558  -0.275263    2.23062   -1.19442
-0.0346166    -0.2229    2.12751   0.145533  -0.275278    2.23064   -1.19443
-0.0346056  -0.222905    2.12752   0.145508  -0.275292    2.23065   -1.19443
-0.0345947   -0.22291    2.12753   0.145484  -0.275307    2.23066   -1.19444
-0.0345838  -0.222915    2.12754   0.145459  -0.275322    2.23067   -1.19444
-0.0345729   -0.22292    2.12755   0.145434  -0.275337    2.23069   -1.19444
-0.0345621  -0.222924    2.12756    0.14541  -0.275351     2.2307   -1.19445
-0.0345514  -0.222929    2.12757   0.145386  -0.275366    2.23071   -1.19445
-0.0345406  -0.222934    2.12758   0.145361  -0.275381    2.23073   -1.19446
 -0.03453 -0.222939   2.12759  0.145337 -0.275396   2.23074  -1.19446
-0.0345193  -0.222943     2.1276   0.145313   -0.27541    2.23075   -1.19447
-0.0345087  -0.222948    2.12761   0.145289  -0.275425    2.23076   -1.19447
-0.0344981  -0.222953    2.12762   0.145265   -0.27544    2.23078   -1.19447
-0.0344876  -0.222957    2.12763   0.145241  -0.275455    2.23079   -1.19448
-0.0344771  -0.222962    2.12764   0.145218  -0.275469     2.2308   -1.19448
-0.0344666  -0.222966    2.12765   0.145194  -0.275484    2.23081   -1.19449
-0.0344562  -0.222971    2.12766    0.14517  -0.275499    2.23082   -1.19449
-0.0344458  -0.222976    2.12767   0.145147  -0.275513    2.23084   -1.19449
-0.0344355   -0.22298    2.12768   0.145124  -0.275528    2.23085    -1.1945
-0.0344252  -0.222985    2.12769     0.1451  -0.275543    2.23086    -1.1945
-0.0344149  -0.222989     2.1277   0.145077  -0.275557    2.23087   -1.19451
-0.0344047  -0.222993    2.12771   0.145054  -0.275572    2.23088   -1.19451
-0.0343945  -0.222998    2.12772   0.145031  -0.275586     2.2309   -1.19451
-0.0343843  -0.223002    2.12773   0.145008  -0.275601    2.23091   -1.19452
-0.0343742  -0.223007    2.12774   0.144986  -0.275615    2.23092   -1.19452
-0.0343641  -0.223011    2.12775   0.144963   -0.27563    2.23093   -1.19453
-0.0343541  -0.223015    2.12776    0.14494  -0.275645    2.23094   -1.19453
-0.0343441  -0.223019    2.12777   0.144918  -0.275659    2.23095   -1.19453
-0.0343341  -0.223024    2.12778   0.144895  -0.275674    2.23097   -1.19454
-0.0343241  -0.223028    2.12779   0.144873  -0.275688    2.23098   -1.19454
-0.0343142  -0.223032     2.1278   0.144851  -0.275703    2.23099   -1.19455
-0.0343044  -0.223036    2.12781   0.144829  -0.275717      2.231   -1.19455
-0.0342945  -0.223041    2.12782   0.144807  -0.275732    2.23101   -1.19455
-0.0342847  -0.223045    2.12783   0.144785  -0.275746    2.23102   -1.19456
-0.034275 -0.223049   2.12784  0.144763 -0.275761   2.23104  -1.19456
-0.0342653  -0.223053    2.12785   0.144741  -0.275775    2.23105   -1.19456
-0.0342556  -0.223057    2.12786   0.144719   -0.27579    2.23106   -1.19457
-0.0342459  -0.223061    2.12787   0.144698  -0.275804    2.23107   -1.19457
-0.0342363  -0.223065    2.12788   0.144676  -0.275819    2.23108   -1.19458
-0.0342267  -0.223069    2.12789   0.144655  -0.275833    2.23109   -1.19458
-0.0342172  -0.223073     2.1279   0.144633  -0.275847     2.2311   -1.19458
-0.0342076  -0.223077    2.12791   0.144612  -0.275862    2.23111   -1.19459
-0.0341982  -0.223081    2.12792   0.144591  -0.275876    2.23112   -1.19459
-0.0341887  -0.223085    2.12792    0.14457  -0.275891    2.23114   -1.19459
-0.0341793  -0.223089    2.12793   0.144549  -0.275905    2.23115    -1.1946
-0.0341699  -0.223093    2.12794   0.144528  -0.275919    2.23116    -1.1946
-0.0341606  -0.223096    2.12795   0.144507  -0.275934    2.23117    -1.1946
-0.0341512    -0.2231    2.12796   0.144486  -0.275948    2.23118   -1.19461
-0.034142 -0.223104   2.12797  0.144466 -0.275962   2.23119  -1.19461
-0.0341327  -0.223108    2.12798   0.144445  -0.275977     2.2312   -1.19462
-0.0341235  -0.223112    2.12799   0.144424  -0.275991    2.23121   -1.19462
-0.0341143  -0.223115      2.128   0.144404  -0.276005    2.23122   -1.19462
-0.0341052  -0.223119    2.12801   0.144384   -0.27602    2.23123   -1.19463
-0.0340961  -0.223123    2.12802   0.144363  -0.276034    2.23124   -1.19463
-0.034087 -0.223126   2.12803  0.144343 -0.276048   2.23125  -1.19463
-0.0340779   -0.22313    2.12804   0.144323  -0.276062    2.23126   -1.19464
-0.0340689  -0.223134    2.12805   0.144303  -0.276077    2.23127   -1.19464
-0.0340599  -0.223137    2.12806   0.144283  -0.276091    2.23128   -1.19464
-0.034051 -0.223141   2.12807  0.144263 -0.276105   2.23129  -1.19465
-0.0340421  -0.223145    2.12808   0.144243   -0.27612     2.2313   -1.19465
-0.0340332  -0.223148    2.12809   0.144224  -0.276134    2.23131   -1.19465
-0.0340243  -0.223152     2.1281   0.144204  -0.276148    2.23132   -1.19466
-0.0340155  -0.223155    2.12811   0.144184  -0.276162    2.23133   -1.19466
-0.0340067  -0.223159    2.12812   0.144165  -0.276176    2.23135   -1.19466
-0.0339979  -0.223162    2.12814   0.144146  -0.276191    2.23136   -1.19467
-0.0339892  -0.223166    2.12815   0.144126  -0.276205    2.23137   -1.19467
-0.0339805  -0.223169    2.12816   0.144107  -0.276219    2.23138   -1.19467
-0.0339718  -0.223172    2.12817   0.144088  -0.276233    2.23139   -1.19468
-0.0339632  -0.223176    2.12818   0.144069  -0.276247    2.23139   -1.19468
-0.0339546  -0.223179    2.12819    0.14405  -0.276261     2.2314   -1.19468
-0.033946 -0.223183    2.1282  0.144031 -0.276276   2.23141  -1.19469
-0.0339375  -0.223186    2.12821   0.144012   -0.27629    2.23142   -1.19469
-0.033929 -0.223189   2.12822  0.143993 -0.276304   2.23143  -1.19469
-0.0339205  -0.223192    2.12823   0.143974  -0.276318    2.23144    -1.1947
-0.033912 -0.223196   2.12824  0.143956 -0.276332   2.23145   -1.1947
-0.0339036  -0.223199    2.12825   0.143937  -0.276346    2.23146    -1.1947
-0.0338952  -0.223202    2.12826   0.143919   -0.27636    2.23147   -1.19471
-0.0338868  -0.223205    2.12827     0.1439  -0.276374    2.23148   -1.19471
-0.0338785  -0.223209    2.12828   0.143882  -0.276388    2.23149   -1.19471
-0.0338702  -0.223212    2.12829   0.143864  -0.276402     2.2315   -1.19472
-0.0338619  -0.223215     2.1283   0.143845  -0.276417    2.23151   -1.19472
-0.0338537  -0.223218    2.12831   0.143827  -0.276431    2.23152   -1.19472
-0.0338455  -0.223221    2.12832   0.143809  -0.276445    2.23153   -1.19473
-0.0338373  -0.223224    2.12833   0.143791  -0.276459    2.23154   -1.19473
-0.0338291  -0.223227    2.12834   0.143773  -0.276473    2.23155   -1.19473
-0.033821  -0.22323   2.12835  0.143756 -0.276487   2.23156  -1.19474
-0.0338129  -0.223233    2.12836   0.143738  -0.276501    2.23157   -1.19474
-0.0338048  -0.223237    2.12837    0.14372  -0.276515    2.23158   -1.19474
-0.0337968   -0.22324    2.12838   0.143702  -0.276529    2.23158   -1.19475
-0.0337888  -0.223243    2.12839   0.143685  -0.276543    2.23159   -1.19475
-0.0337808  -0.223245     2.1284   0.143667  -0.276557     2.2316   -1.19475
-0.0337728  -0.223248    2.12841    0.14365  -0.276571    2.23161   -1.19476
-0.0337649  -0.223251    2.12842   0.143633  -0.276585    2.23162   -1.19476
-0.033757 -0.223254   2.12843  0.143615 -0.276599   2.23163  -1.19476
-0.0337491  -0.223257    2.12844   0.143598  -0.276613    2.23164   -1.19476
-0.0337413   -0.22326    2.12845   0.143581  -0.276626    2.23165   -1.19477
-0.0337335  -0.223263    2.12846   0.143564   -0.27664    2.23166   -1.19477
-0.0337257  -0.223266    2.12847   0.143547  -0.276654    2.23167   -1.19477
-0.0337179  -0.223269    2.12848    0.14353  -0.276668    2.23167   -1.19478
-0.0337102  -0.223271    2.12849   0.143513  -0.276682    2.23168   -1.19478
-0.0337025  -0.223274     2.1285   0.143496  -0.276696    2.23169   -1.19478
-0.0336948  -0.223277    2.12851    0.14348   -0.27671     2.2317   -1.19479
-0.0336871   -0.22328    2.12852   0.143463  -0.276724    2.23171   -1.19479
-0.0336795  -0.223282    2.12853   0.143447  -0.276738    2.23172   -1.19479
-0.0336719  -0.223285    2.12854    0.14343  -0.276752    2.23173   -1.19479
-0.0336643  -0.223288    2.12855   0.143414  -0.276765    2.23173    -1.1948
-0.0336568  -0.223291    2.12856   0.143397  -0.276779    2.23174    -1.1948
-0.0336493  -0.223293    2.12857   0.143381  -0.276793    2.23175    -1.1948
-0.0336418  -0.223296    2.12858   0.143365  -0.276807    2.23176   -1.19481
-0.0336343  -0.223298    2.12859   0.143348  -0.276821    2.23177   -1.19481
-0.0336268  -0.223301     2.1286   0.143332  -0.276835    2.23178   -1.19481
-0.0336194  -0.223304    2.12861   0.143316  -0.276848    2.23178   -1.19482
-0.033612 -0.223306   2.12862    0.1433 -0.276862   2.23179  -1.19482
-0.0336047  -0.223309    2.12863   0.143284  -0.276876     2.2318   -1.19482
-0.0335973  -0.223311    2.12864   0.143268   -0.27689    2.23181   -1.19482
 -0.03359 -0.223314   2.12865  0.143253 -0.276904   2.23182  -1.19483
-0.0335827  -0.223316    2.12867   0.143237  -0.276917    2.23183   -1.19483
-0.0335755  -0.223319    2.12868   0.143221  -0.276931    2.23183   -1.19483
-0.0335682  -0.223321    2.12869   0.143206  -0.276945    2.23184   -1.19483
-0.033561 -0.223324    2.1287   0.14319 -0.276959   2.23185  -1.19484
-0.0335539  -0.223326    2.12871   0.143175  -0.276973    2.23186   -1.19484
-0.0335467  -0.223329    2.12872   0.143159  -0.276986    2.23187   -1.19484
-0.0335396  -0.223331    2.12873   0.143144     -0.277    2.23187   -1.19485
-0.0335324  -0.223334    2.12874   0.143128  -0.277014    2.23188   -1.19485
-0.0335254  -0.223336    2.12875   0.143113  -0.277027    2.23189   -1.19485
-0.0335183  -0.223338    2.12876   0.143098  -0.277041     2.2319   -1.19485
-0.0335113  -0.223341    2.12877   0.143083  -0.277055    2.23191   -1.19486
-0.0335043  -0.223343    2.12878   0.143068  -0.277069    2.23191   -1.19486
-0.0334973  -0.223345    2.12879   0.143053  -0.277082    2.23192   -1.19486
-0.0334903  -0.223348     2.1288   0.143038  -0.277096    2.23193   -1.19487
-0.0334834   -0.22335    2.12881   0.143023   -0.27711    2.23194   -1.19487
-0.0334765  -0.223352    2.12882   0.143008  -0.277123    2.23194   -1.19487
-0.0334696  -0.223354    2.12883   0.142993  -0.277137    2.23195   -1.19487
-0.0334627  -0.223357    2.12884   0.142979  -0.277151    2.23196   -1.19488
-0.0334559  -0.223359    2.12885   0.142964  -0.277164    2.23197   -1.19488
-0.033449 -0.223361   2.12886  0.142949 -0.277178   2.23197  -1.19488
-0.0334422  -0.223363    2.12887   0.142935  -0.277192    2.23198   -1.19488
-0.0334355  -0.223366    2.12888   0.142921  -0.277205    2.23199   -1.19489
-0.0334287  -0.223368    2.12889   0.142906  -0.277219      2.232   -1.19489
-0.033422  -0.22337    2.1289  0.142892 -0.277233     2.232  -1.19489
-0.0334153  -0.223372    2.12891   0.142877  -0.277246    2.23201   -1.19489
-0.0334086  -0.223374    2.12892   0.142863   -0.27726    2.23202    -1.1949
-0.033402 -0.223376   2.12893  0.142849 -0.277273   2.23203   -1.1949
-0.0333953  -0.223378    2.12895   0.142835  -0.277287    2.23203    -1.1949
-0.0333887   -0.22338    2.12896   0.142821  -0.277301    2.23204    -1.1949
-0.0333821  -0.223382    2.12897   0.142807  -0.277314    2.23205   -1.19491
-0.0333756  -0.223384    2.12898   0.142793  -0.277328    2.23206   -1.19491
-0.033369 -0.223387   2.12899  0.142779 -0.277341   2.23206  -1.19491
-0.0333625  -0.223389      2.129   0.142765  -0.277355    2.23207   -1.19491
-0.033356 -0.223391   2.12901  0.142751 -0.277368   2.23208  -1.19492
-0.0333496  -0.223393    2.12902   0.142738  -0.277382    2.23208   -1.19492
-0.0333431  -0.223394    2.12903   0.142724  -0.277396    2.23209   -1.19492
-0.0333367  -0.223396    2.12904    0.14271  -0.277409     2.2321   -1.19492
-0.0333303  -0.223398    2.12905   0.142697  -0.277423    2.23211   -1.19493
-0.0333239    -0.2234    2.12906   0.142683  -0.277436    2.23211   -1.19493
-0.0333175  -0.223402    2.12907    0.14267   -0.27745    2.23212   -1.19493
-0.0333112  -0.223404    2.12908   0.142657  -0.277463    2.23213   -1.19493
-0.0333049  -0.223406    2.12909   0.142643  -0.277477    2.23213   -1.19494
-0.0332986  -0.223408     2.1291    0.14263   -0.27749    2.23214   -1.19494
-0.0332923   -0.22341    2.12911   0.142617  -0.277504    2.23215   -1.19494
-0.033286 -0.223412   2.12912  0.142603 -0.277517   2.23215  -1.19494
-0.0332798  -0.223413    2.12913    0.14259  -0.277531    2.23216   -1.19495
