-0.0746174  -0.196165     2.1209   0.292114  -0.247463    2.09902   -1.07199
-0.0713442  -0.196106    2.12156   0.293247  -0.246276     2.1004   -1.06985
-0.0691016  -0.196241    2.12208   0.293768  -0.245413    2.10116   -1.06805
-0.0675324  -0.196519    2.12252   0.293922  -0.244774    2.10156   -1.06654
-0.0664073  -0.196895    2.12289   0.293858  -0.244292    2.10175   -1.06524
-0.065578 -0.197334   2.12322  0.293664 -0.243923   2.10183  -1.06412
-0.0649482  -0.197807     2.1235   0.293397  -0.243634    2.10185   -1.06314
-0.0644548  -0.198294    2.12375   0.293086  -0.243404    2.10184   -1.06228
-0.0640562  -0.198781    2.12398   0.292753  -0.243219    2.10183   -1.06152
-0.0637245  -0.199258    2.12418   0.292408  -0.243066    2.10182   -1.06085
-0.063441 -0.199719   2.12437  0.292059  -0.24294   2.10182  -1.06024
-0.0631927  -0.200159    2.12453   0.291708  -0.242834    2.10184    -1.0597
-0.0629709  -0.200577    2.12468   0.291358  -0.242745    2.10187   -1.05922
-0.0627691  -0.200971    2.12482    0.29101  -0.242669    2.10191   -1.05878
-0.0625827  -0.201343    2.12495   0.290665  -0.242605    2.10197   -1.05838
-0.0624086  -0.201692    2.12506   0.290323  -0.242551    2.10204   -1.05802
-0.0622442   -0.20202    2.12517   0.289984  -0.242505    2.10212    -1.0577
-0.0620876  -0.202328    2.12526   0.289648  -0.242466    2.10221   -1.05741
-0.0619374  -0.202617    2.12535   0.289314  -0.242434     2.1023   -1.05714
-0.0617924  -0.202888    2.12543   0.288983  -0.242408    2.10241   -1.05691
-0.0616518  -0.203142     2.1255   0.288655  -0.242387    2.10252   -1.05669
-0.0615148  -0.203382    2.12557   0.288329  -0.242371    2.10264    -1.0565
-0.0613808  -0.203608    2.12563   0.288005  -0.242359    2.10276   -1.05632
-0.0612493  -0.203821    2.12568   0.287682  -0.242351    2.10289   -1.05617
-0.0611199  -0.204022    2.12573   0.287362  -0.242347    2.10302   -1.05603
-0.0609923  -0.204213    2.12578   0.287044  -0.242346    2.10316    -1.0559
-0.0608661  -0.204393    2.12582   0.286727  -0.242348     2.1033   -1.05579
-0.0607413  -0.204565    2.12586   0.286412  -0.242353    2.10344   -1.05569
-0.0606175  -0.204729    2.12589   0.286098   -0.24236    2.10358   -1.05561
-0.0604946  -0.204885    2.12592   0.285786  -0.242369    2.10373   -1.05553
-0.0603725  -0.205034    2.12595   0.285475  -0.242381    2.10387   -1.05546
-0.060251 -0.205176   2.12597  0.285165 -0.242395   2.10402   -1.0554
-0.0601301  -0.205313      2.126   0.284856   -0.24241    2.10417   -1.05535
-0.0600096  -0.205445    2.12602   0.284549  -0.242427    2.10432   -1.05531
-0.0598896  -0.205572    2.12603   0.284243  -0.242445    2.10447   -1.05527
-0.0597699  -0.205694    2.12605   0.283938  -0.242465    2.10462   -1.05524
-0.0596505  -0.205812    2.12606   0.283634  -0.242486    2.10478   -1.05521
-0.0595314  -0.205926    2.12608   0.283331  -0.242509    2.10493   -1.05519
-0.0594125  -0.206037    2.12609   0.283029  -0.242532    2.10508   -1.05518
-0.0592938  -0.206145     2.1261   0.282728  -0.242556    2.10523   -1.05517
-0.0591754   -0.20625     2.1261   0.282428  -0.242581    2.10539   -1.05516
-0.0590571  -0.206352    2.12611   0.282129  -0.242607    2.10554   -1.05515
-0.058939 -0.206452   2.12612   0.28183 -0.242634   2.10569  -1.05515
-0.0588211   -0.20655    2.12612   0.281533  -0.242661    2.10585   -1.05516
-0.0587033  -0.206645    2.12612   0.281236  -0.242689      2.106   -1.05516
-0.0585857  -0.206739    2.12613   0.280941  -0.242717    2.10615   -1.05517
-0.0584683  -0.206831    2.12613   0.280646  -0.242746    2.10631   -1.05518
-0.058351 -0.206921   2.12613  0.280352 -0.242776   2.10646  -1.05519
-0.0582338   -0.20701    2.12613   0.280058  -0.242806    2.10661   -1.05521
-0.0581169  -0.207097    2.12613   0.279766  -0.242836    2.10677   -1.05522
   -0.058 -0.207183   2.12613  0.279474 -0.242867   2.10692  -1.05524
-0.0578834  -0.207268    2.12613   0.279183  -0.242897    2.10707   -1.05526
-0.0577669  -0.207352    2.12613   0.278892  -0.242929    2.10722   -1.05528
-0.0576506  -0.207434    2.12613   0.278603   -0.24296    2.10737    -1.0553
-0.0575345  -0.207516    2.12613   0.278314  -0.242992    2.10753   -1.05532
-0.0574185  -0.207597    2.12612   0.278026  -0.243023    2.10768   -1.05534
-0.0573028  -0.207677    2.12612   0.277738  -0.243055    2.10783   -1.05537
-0.0571872  -0.207756    2.12612   0.277452  -0.243088    2.10798   -1.05539
-0.0570718  -0.207835    2.12612   0.277166   -0.24312    2.10813   -1.05542
-0.0569566  -0.207913    2.12611    0.27688  -0.243152    2.10828   -1.05545
-0.0568416   -0.20799    2.12611   0.276596  -0.243185    2.10843   -1.05547
-0.0567268  -0.208067     2.1261   0.276312  -0.243217    2.10858    -1.0555
-0.0566122  -0.208143     2.1261   0.276029   -0.24325    2.10873   -1.05553
-0.0564978  -0.208219     2.1261   0.275746  -0.243283    2.10887   -1.05556
-0.0563836  -0.208294    2.12609   0.275464  -0.243316    2.10902   -1.05559
-0.0562696  -0.208369    2.12609   0.275183  -0.243349    2.10917   -1.05562
-0.0561559  -0.208443    2.12608   0.274902  -0.243382    2.10932   -1.05565
-0.0560423  -0.208517    2.12608   0.274622  -0.243415    2.10947   -1.05568
-0.055929  -0.20859   2.12607  0.274343 -0.243448   2.10961  -1.05571
-0.0558159  -0.208663    2.12607   0.274064  -0.243481    2.10976   -1.05574
-0.055703 -0.208736   2.12606  0.273786 -0.243514   2.10991  -1.05577
-0.0555904  -0.208809    2.12606   0.273509  -0.243547    2.11005    -1.0558
-0.055478 -0.208881   2.12605  0.273232  -0.24358    2.1102  -1.05583
-0.0553658  -0.208953    2.12605   0.272956  -0.243613    2.11034   -1.05587
-0.0552538  -0.209024    2.12604   0.272681  -0.243646    2.11049    -1.0559
-0.055142 -0.209095   2.12604  0.272406 -0.243679   2.11063  -1.05593
-0.0550305  -0.209166    2.12603   0.272132  -0.243712    2.11078   -1.05596
-0.0549192  -0.209237    2.12603   0.271858  -0.243745    2.11092   -1.05599
-0.0548082  -0.209307    2.12602   0.271585  -0.243778    2.11106   -1.05602
-0.0546974  -0.209378    2.12601   0.271313  -0.243811    2.11121   -1.05606
-0.0545868  -0.209448    2.12601   0.271041  -0.243844    2.11135   -1.05609
-0.0544764  -0.209517      2.126    0.27077  -0.243877    2.11149   -1.05612
-0.0543663  -0.209587      2.126     0.2705   -0.24391    2.11164   -1.05615
-0.0542564  -0.209656    2.12599    0.27023  -0.243943    2.11178   -1.05619
-0.0541468  -0.209725    2.12599   0.269961  -0.243975    2.11192   -1.05622
-0.0540373  -0.209794    2.12598   0.269692  -0.244008    2.11206   -1.05625
-0.0539282  -0.209863    2.12598   0.269424  -0.244041     2.1122   -1.05628
-0.0538192  -0.209931    2.12597   0.269156  -0.244074    2.11234   -1.05632
-0.0537105      -0.21    2.12596    0.26889  -0.244106    2.11248   -1.05635
-0.053602 -0.210068   2.12596  0.268623 -0.244139   2.11262  -1.05638
-0.0534938  -0.210136    2.12595   0.268358  -0.244172    2.11276   -1.05641
-0.0533858  -0.210204    2.12595   0.268093  -0.244204     2.1129   -1.05645
-0.053278 -0.210271   2.12594  0.267828 -0.244237   2.11304  -1.05648
-0.0531705  -0.210339    2.12594   0.267565  -0.244269    2.11318   -1.05651
-0.0530632  -0.210406    2.12593   0.267301  -0.244302    2.11332   -1.05654
-0.0529561  -0.210473    2.12592   0.267039  -0.244334    2.11346   -1.05657
-0.0528493   -0.21054    2.12592   0.266777  -0.244366     2.1136   -1.05661
-0.0527427  -0.210606    2.12591   0.266515  -0.244399    2.11373   -1.05664
-0.0526363  -0.210673    2.12591   0.266254  -0.244431    2.11387   -1.05667
-0.0525302  -0.210739     2.1259   0.265994  -0.244463    2.11401    -1.0567
-0.0524243  -0.210806     2.1259   0.265734  -0.244495    2.11414   -1.05674
-0.0523186  -0.210872    2.12589   0.265475  -0.244527    2.11428   -1.05677
-0.0522131  -0.210938    2.12589   0.265216  -0.244559    2.11442    -1.0568
-0.0521079  -0.211003    2.12588   0.264958  -0.244591    2.11455   -1.05683
-0.052003 -0.211069   2.12587  0.264701 -0.244623   2.11469  -1.05686
-0.0518982  -0.211134    2.12587   0.264444  -0.244655    2.11482   -1.05689
-0.0517937    -0.2112    2.12586   0.264188  -0.244687    2.11496   -1.05693
-0.0516894  -0.211265    2.12586   0.263932  -0.244719    2.11509   -1.05696
-0.0515853   -0.21133    2.12585   0.263677   -0.24475    2.11523   -1.05699
-0.0514815  -0.211395    2.12585   0.263422  -0.244782    2.11536   -1.05702
-0.0513779  -0.211459    2.12584   0.263168  -0.244814    2.11549   -1.05705
-0.0512745  -0.211524    2.12583   0.262915  -0.244845    2.11563   -1.05708
-0.0511714  -0.211588    2.12583   0.262662  -0.244877    2.11576   -1.05712
-0.0510685  -0.211652    2.12582    0.26241  -0.244908    2.11589   -1.05715
-0.0509658  -0.211716    2.12582   0.262158   -0.24494    2.11603   -1.05718
-0.0508633   -0.21178    2.12581   0.261907  -0.244971    2.11616   -1.05721
-0.0507611  -0.211844    2.12581   0.261656  -0.245002    2.11629   -1.05724
-0.050659 -0.211908    2.1258  0.261406 -0.245034   2.11642  -1.05727
-0.0505572  -0.211971     2.1258   0.261156  -0.245065    2.11655    -1.0573
-0.0504557  -0.212035    2.12579   0.260907  -0.245096    2.11668   -1.05734
-0.0503543  -0.212098    2.12579   0.260659  -0.245127    2.11681   -1.05737
-0.0502532  -0.212161    2.12578   0.260411  -0.245158    2.11694    -1.0574
-0.0501523  -0.212224    2.12577   0.260164  -0.245189    2.11707   -1.05743
-0.0500516  -0.212287    2.12577   0.259917   -0.24522     2.1172   -1.05746
-0.0499511  -0.212349    2.12576    0.25967  -0.245251    2.11733   -1.05749
-0.0498508  -0.212412    2.12576   0.259425  -0.245282    2.11746   -1.05752
-0.0497508  -0.212474    2.12575   0.259179  -0.245313    2.11759   -1.05755
-0.049651 -0.212537   2.12575  0.258935 -0.245344   2.11772  -1.05758
-0.0495514  -0.212599    2.12574   0.258691  -0.245375    2.11785   -1.05761
-0.049452 -0.212661   2.12574  0.258447 -0.245405   2.11798  -1.05764
-0.0493529  -0.212722    2.12573   0.258204  -0.245436     2.1181   -1.05767
-0.0492539  -0.212784    2.12573   0.257962  -0.245467    2.11823    -1.0577
-0.0491552  -0.212846    2.12572    0.25772  -0.245497    2.11836   -1.05773
-0.0490567  -0.212907    2.12572   0.257478  -0.245528    2.11849   -1.05776
-0.0489584  -0.212968    2.12571   0.257237  -0.245558    2.11861   -1.05779
-0.0488603  -0.213029    2.12571   0.256997  -0.245589    2.11874   -1.05782
-0.0487624   -0.21309     2.1257   0.256757  -0.245619    2.11886   -1.05786
-0.0486648  -0.213151     2.1257   0.256518  -0.245649    2.11899   -1.05789
-0.0485673  -0.213212    2.12569   0.256279  -0.245679    2.11912   -1.05792
-0.0484701  -0.213273    2.12568    0.25604   -0.24571    2.11924   -1.05795
-0.0483731  -0.213333    2.12568   0.255803   -0.24574    2.11937   -1.05798
-0.0482763  -0.213393    2.12567   0.255565   -0.24577    2.11949     -1.058
-0.0481797  -0.213454    2.12567   0.255329    -0.2458    2.11962   -1.05803
-0.0480833  -0.213514    2.12566   0.255092   -0.24583    2.11974   -1.05806
-0.0479871  -0.213574    2.12566   0.254857   -0.24586    2.11986   -1.05809
-0.0478911  -0.213633    2.12565   0.254622   -0.24589    2.11999   -1.05812
-0.0477954  -0.213693    2.12565   0.254387   -0.24592    2.12011   -1.05815
-0.0476998  -0.213753    2.12564   0.254153   -0.24595    2.12023   -1.05818
-0.0476045  -0.213812    2.12564   0.253919  -0.245979    2.12036   -1.05821
-0.0475093  -0.213871    2.12563   0.253686  -0.246009    2.12048   -1.05824
-0.0474144   -0.21393    2.12563   0.253453  -0.246039     2.1206   -1.05827
-0.0473197  -0.213989    2.12562   0.253221  -0.246068    2.12072    -1.0583
-0.0472251  -0.214048    2.12562   0.252989  -0.246098    2.12084   -1.05833
-0.0471308  -0.214107    2.12561   0.252758  -0.246128    2.12097   -1.05836
-0.0470367  -0.214166    2.12561   0.252528  -0.246157    2.12109   -1.05839
-0.0469428  -0.214224     2.1256   0.252298  -0.246187    2.12121   -1.05842
-0.0468491  -0.214283     2.1256   0.252068  -0.246216    2.12133   -1.05845
-0.0467556  -0.214341    2.12559   0.251839  -0.246245    2.12145   -1.05848
-0.0466623  -0.214399    2.12559    0.25161  -0.246275    2.12157    -1.0585
-0.0465692  -0.214457    2.12558   0.251382  -0.246304    2.12169   -1.05853
-0.0464763  -0.214515    2.12558   0.251154  -0.246333    2.12181   -1.05856
-0.0463836  -0.214572    2.12557   0.250927  -0.246362    2.12193   -1.05859
-0.0462911   -0.21463    2.12557   0.250701  -0.246391    2.12205   -1.05862
-0.0461987  -0.214688    2.12557   0.250474   -0.24642    2.12217   -1.05865
-0.0461066  -0.214745    2.12556   0.250249  -0.246449    2.12228   -1.05868
-0.0460147  -0.214802    2.12556   0.250024  -0.246478     2.1224    -1.0587
-0.045923 -0.214859   2.12555  0.249799 -0.246507   2.12252  -1.05873
-0.0458315  -0.214916    2.12555   0.249575  -0.246536    2.12264   -1.05876
-0.0457402  -0.214973    2.12554   0.249351  -0.246565    2.12276   -1.05879
-0.0456491   -0.21503    2.12554   0.249128  -0.246594    2.12287   -1.05882
-0.0455582  -0.215086    2.12553   0.248905  -0.246623    2.12299   -1.05885
-0.0454674  -0.215143    2.12553   0.248683  -0.246651    2.12311   -1.05887
-0.0453769  -0.215199    2.12552   0.248461   -0.24668    2.12322    -1.0589
-0.0452866  -0.215256    2.12552    0.24824  -0.246709    2.12334   -1.05893
-0.0451964  -0.215312    2.12551   0.248019  -0.246737    2.12346   -1.05896
-0.0451065  -0.215368    2.12551   0.247798  -0.246766    2.12357   -1.05899
-0.0450167  -0.215423     2.1255   0.247578  -0.246794    2.12369   -1.05902
-0.0449271  -0.215479     2.1255   0.247359  -0.246823     2.1238   -1.05904
-0.0448378  -0.215535    2.12549    0.24714  -0.246851    2.12392   -1.05907
-0.0447486   -0.21559    2.12549   0.246922  -0.246879    2.12403    -1.0591
-0.0446596  -0.215646    2.12549   0.246704  -0.246908    2.12415   -1.05913
-0.0445708  -0.215701    2.12548   0.246486  -0.246936    2.12426   -1.05915
-0.0444822  -0.215756    2.12548   0.246269  -0.246964    2.12437   -1.05918
-0.0443938  -0.215811    2.12547   0.246052  -0.246992    2.12449   -1.05921
-0.0443055  -0.215866    2.12547   0.245836  -0.247021     2.1246   -1.05924
-0.0442175  -0.215921    2.12546    0.24562  -0.247049    2.12471   -1.05926
-0.0441296  -0.215976    2.12546   0.245405  -0.247077    2.12483   -1.05929
-0.0440419   -0.21603    2.12545    0.24519  -0.247105    2.12494   -1.05932
-0.0439545  -0.216085    2.12545   0.244976  -0.247133    2.12505   -1.05935
-0.0438672  -0.216139    2.12544   0.244762  -0.247161    2.12516   -1.05937
-0.0437801  -0.216193    2.12544   0.244549  -0.247188    2.12528    -1.0594
-0.0436931  -0.216247    2.12544   0.244336  -0.247216    2.12539   -1.05943
-0.0436064  -0.216301    2.12543   0.244124  -0.247244     2.1255   -1.05946
-0.0435198  -0.216355    2.12543   0.243912  -0.247272    2.12561   -1.05948
-0.0434335  -0.216409    2.12542     0.2437  -0.247299    2.12572   -1.05951
-0.0433473  -0.216462    2.12542   0.243489  -0.247327    2.12583   -1.05954
-0.0432613  -0.216516    2.12541   0.243278  -0.247355    2.12594   -1.05956
-0.0431755  -0.216569    2.12541   0.243068  -0.247382    2.12605   -1.05959
-0.0430898  -0.216623    2.12541   0.242858   -0.24741    2.12616   -1.05962
-0.0430044  -0.216676     2.1254   0.242649  -0.247437    2.12627   -1.05964
-0.0429191  -0.216729     2.1254    0.24244  -0.247465    2.12638   -1.05967
-0.042834 -0.216782   2.12539  0.242232 -0.247492   2.12649   -1.0597
-0.0427491  -0.216834    2.12539   0.242024   -0.24752     2.1266   -1.05972
-0.0426644  -0.216887    2.12538   0.241816  -0.247547    2.12671   -1.05975
-0.0425798   -0.21694    2.12538   0.241609  -0.247574    2.12682   -1.05978
-0.0424954  -0.216992    2.12538   0.241403  -0.247601    2.12693    -1.0598
-0.0424112  -0.217045    2.12537   0.241196  -0.247629    2.12704   -1.05983
-0.0423272  -0.217097    2.12537   0.240991  -0.247656    2.12714   -1.05986
-0.0422434  -0.217149    2.12536   0.240785  -0.247683    2.12725   -1.05988
-0.0421597  -0.217201    2.12536    0.24058   -0.24771    2.12736   -1.05991
-0.0420762  -0.217253    2.12535   0.240376  -0.247737    2.12747   -1.05993
-0.0419929  -0.217305    2.12535   0.240172  -0.247764    2.12757   -1.05996
-0.0419098  -0.217356    2.12535   0.239968  -0.247791    2.12768   -1.05999
-0.0418269  -0.217408    2.12534   0.239765  -0.247818    2.12779   -1.06001
-0.0417441  -0.217459    2.12534   0.239562  -0.247845    2.12789   -1.06004
-0.0416615  -0.217511    2.12533    0.23936  -0.247871      2.128   -1.06006
-0.041579 -0.217562   2.12533  0.239158 -0.247898    2.1281  -1.06009
-0.0414968  -0.217613    2.12533   0.238957  -0.247925    2.12821   -1.06012
-0.0414147  -0.217664    2.12532   0.238756  -0.247952    2.12832   -1.06014
-0.0413328  -0.217715    2.12532   0.238555  -0.247978    2.12842   -1.06017
-0.0412511  -0.217766    2.12531   0.238355  -0.248005    2.12853   -1.06019
-0.0411695  -0.217817    2.12531   0.238155  -0.248031    2.12863   -1.06022
-0.0410881  -0.217867    2.12531   0.237956  -0.248058    2.12874   -1.06024
-0.0410069  -0.217918     2.1253   0.237757  -0.248084    2.12884   -1.06027
-0.0409259  -0.217968     2.1253   0.237559  -0.248111    2.12894    -1.0603
-0.040845 -0.218018   2.12529  0.237361 -0.248137   2.12905  -1.06032
-0.0407643  -0.218068    2.12529   0.237163  -0.248164    2.12915   -1.06035
-0.0406837  -0.218119    2.12529   0.236966   -0.24819    2.12925   -1.06037
-0.0406034  -0.218168    2.12528   0.236769  -0.248216    2.12936    -1.0604
-0.0405232  -0.218218    2.12528   0.236573  -0.248242    2.12946   -1.06042
-0.0404431  -0.218268    2.12527   0.236377  -0.248269    2.12956   -1.06045
-0.0403633  -0.218318    2.12527   0.236181  -0.248295    2.12967   -1.06047
-0.0402836  -0.218367    2.12527   0.235986  -0.248321    2.12977    -1.0605
-0.0402041  -0.218417    2.12526   0.235792  -0.248347    2.12987   -1.06052
-0.0401247  -0.218466    2.12526   0.235597  -0.248373    2.12997   -1.06055
-0.0400455  -0.218515    2.12525   0.235403  -0.248399    2.13007   -1.06057
-0.0399665  -0.218564    2.12525    0.23521  -0.248425    2.13017    -1.0606
-0.0398876  -0.218613    2.12525   0.235017  -0.248451    2.13028   -1.06062
-0.0398089  -0.218662    2.12524   0.234824  -0.248477    2.13038   -1.06065
-0.0397304  -0.218711    2.12524   0.234632  -0.248503    2.13048   -1.06067
-0.039652  -0.21876   2.12524   0.23444 -0.248529   2.13058   -1.0607
-0.0395738  -0.218808    2.12523   0.234249  -0.248554    2.13068   -1.06072
-0.0394958  -0.218857    2.12523   0.234058   -0.24858    2.13078   -1.06075
-0.0394179  -0.218905    2.12522   0.233867  -0.248606    2.13088   -1.06077
-0.0393402  -0.218953    2.12522   0.233677  -0.248631    2.13098    -1.0608
-0.0392627  -0.219001    2.12522   0.233487  -0.248657    2.13108   -1.06082
-0.0391853  -0.219049    2.12521   0.233297  -0.248683    2.13118   -1.06085
-0.0391081  -0.219097    2.12521   0.233108  -0.248708    2.13128   -1.06087
-0.039031 -0.219145   2.12521   0.23292 -0.248734   2.13138  -1.06089
-0.0389541  -0.219193     2.1252   0.232732  -0.248759    2.13147   -1.06092
-0.0388774  -0.219241     2.1252   0.232544  -0.248785    2.13157   -1.06094
-0.0388008  -0.219288     2.1252   0.232356   -0.24881    2.13167   -1.06097
-0.0387244  -0.219336    2.12519   0.232169  -0.248835    2.13177   -1.06099
-0.0386481  -0.219383    2.12519   0.231982  -0.248861    2.13187   -1.06102
-0.038572  -0.21943   2.12518  0.231796 -0.248886   2.13196  -1.06104
-0.0384961  -0.219477    2.12518    0.23161  -0.248911    2.13206   -1.06106
-0.0384203  -0.219524    2.12518   0.231425  -0.248936    2.13216   -1.06109
-0.0383447  -0.219571    2.12517    0.23124  -0.248962    2.13226   -1.06111
-0.0382692  -0.219618    2.12517   0.231055  -0.248987    2.13235   -1.06114
-0.0381939  -0.219665    2.12517   0.230871  -0.249012    2.13245   -1.06116
-0.0381187  -0.219712    2.12516   0.230687  -0.249037    2.13255   -1.06118
-0.0380437  -0.219758    2.12516   0.230503  -0.249062    2.13264   -1.06121
-0.0379689  -0.219805    2.12516    0.23032  -0.249087    2.13274   -1.06123
-0.0378942  -0.219851    2.12515   0.230137  -0.249112    2.13283   -1.06126
-0.0378197  -0.219897    2.12515   0.229955  -0.249137    2.13293   -1.06128
-0.0377453  -0.219943    2.12515   0.229773  -0.249161    2.13302    -1.0613
-0.0376711  -0.219989    2.12514   0.229591  -0.249186    2.13312   -1.06133
-0.037597 -0.220035   2.12514   0.22941 -0.249211   2.13321  -1.06135
-0.0375231  -0.220081    2.12514   0.229229  -0.249236    2.13331   -1.06137
-0.0374494  -0.220127    2.12513   0.229048  -0.249261     2.1334    -1.0614
-0.0373757  -0.220173    2.12513   0.228868  -0.249285     2.1335   -1.06142
-0.0373023  -0.220218    2.12513   0.228689   -0.24931    2.13359   -1.06144
-0.037229 -0.220264   2.12512  0.228509 -0.249334   2.13369  -1.06147
-0.0371559  -0.220309    2.12512    0.22833  -0.249359    2.13378   -1.06149
-0.0370829  -0.220354    2.12512   0.228152  -0.249384    2.13387   -1.06151
 -0.03701   -0.2204   2.12511  0.227973 -0.249408   2.13397  -1.06154
-0.0369373  -0.220445    2.12511   0.227795  -0.249433    2.13406   -1.06156
-0.0368648   -0.22049    2.12511   0.227618  -0.249457    2.13415   -1.06158
-0.0367924  -0.220535     2.1251   0.227441  -0.249481    2.13425   -1.06161
-0.0367202  -0.220579     2.1251   0.227264  -0.249506    2.13434   -1.06163
-0.0366481  -0.220624     2.1251   0.227088   -0.24953    2.13443   -1.06165
-0.0365761  -0.220669    2.12509   0.226912  -0.249554    2.13452   -1.06167
-0.0365043  -0.220713    2.12509   0.226736  -0.249579    2.13461    -1.0617
-0.0364327  -0.220758    2.12509   0.226561  -0.249603    2.13471   -1.06172
-0.0363612  -0.220802    2.12508   0.226386  -0.249627     2.1348   -1.06174
-0.0362899  -0.220846    2.12508   0.226211  -0.249651    2.13489   -1.06177
-0.0362187   -0.22089    2.12508   0.226037  -0.249675    2.13498   -1.06179
-0.0361476  -0.220934    2.12507   0.225863  -0.249699    2.13507   -1.06181
-0.0360767  -0.220978    2.12507    0.22569  -0.249723    2.13516   -1.06183
-0.0360059  -0.221022    2.12507   0.225517  -0.249747    2.13525   -1.06186
-0.0359353  -0.221066    2.12506   0.225344  -0.249771    2.13534   -1.06188
-0.0358649   -0.22111    2.12506   0.225171  -0.249795    2.13543    -1.0619
-0.0357946  -0.221153    2.12506   0.224999  -0.249819    2.13552   -1.06192
-0.0357244  -0.221197    2.12506   0.224828  -0.249843    2.13561   -1.06195
-0.0356543   -0.22124    2.12505   0.224656  -0.249867     2.1357   -1.06197
-0.0355845  -0.221284    2.12505   0.224485   -0.24989    2.13579   -1.06199
-0.0355147  -0.221327    2.12505   0.224315  -0.249914    2.13588   -1.06201
-0.0354451   -0.22137    2.12504   0.224144  -0.249938    2.13597   -1.06204
-0.0353757  -0.221413    2.12504   0.223975  -0.249962    2.13606   -1.06206
-0.0353064  -0.221456    2.12504   0.223805  -0.249985    2.13615   -1.06208
-0.0352372  -0.221499    2.12503   0.223636  -0.250009    2.13624    -1.0621
-0.0351682  -0.221542    2.12503   0.223467  -0.250032    2.13633   -1.06212
-0.0350993  -0.221584    2.12503   0.223298  -0.250056    2.13641   -1.06215
-0.0350306  -0.221627    2.12503    0.22313   -0.25008     2.1365   -1.06217
-0.034962 -0.221669   2.12502  0.222962 -0.250103   2.13659  -1.06219
-0.0348935  -0.221712    2.12502   0.222795  -0.250126    2.13668   -1.06221
-0.0348252  -0.221754    2.12502   0.222628   -0.25015    2.13676   -1.06223
-0.034757 -0.221796   2.12501  0.222461 -0.250173   2.13685  -1.06226
-0.034689 -0.221838   2.12501  0.222295 -0.250197   2.13694  -1.06228
-0.0346211   -0.22188    2.12501   0.222129   -0.25022    2.13703    -1.0623
-0.0345533  -0.221922    2.12501   0.221963  -0.250243    2.13711   -1.06232
-0.0344857  -0.221964      2.125   0.221797  -0.250266     2.1372   -1.06234
-0.0344182  -0.222006      2.125   0.221632   -0.25029    2.13729   -1.06236
-0.0343509  -0.222048      2.125   0.221468  -0.250313    2.13737   -1.06239
-0.0342837  -0.222089    2.12499   0.221303  -0.250336    2.13746   -1.06241
-0.0342166  -0.222131    2.12499   0.221139  -0.250359    2.13754   -1.06243
-0.0341497  -0.222172    2.12499   0.220976  -0.250382    2.13763   -1.06245
-0.0340829  -0.222214    2.12499   0.220812  -0.250405    2.13771   -1.06247
-0.0340163  -0.222255    2.12498   0.220649  -0.250428     2.1378   -1.06249
-0.0339498  -0.222296    2.12498   0.220487  -0.250451    2.13789   -1.06252
-0.0338834  -0.222337    2.12498   0.220324  -0.250474    2.13797   -1.06254
-0.0338171  -0.222378    2.12498   0.220162  -0.250497    2.13805   -1.06256
-0.033751 -0.222419   2.12497  0.220001  -0.25052   2.13814  -1.06258
-0.0336851   -0.22246    2.12497   0.219839  -0.250543    2.13822    -1.0626
-0.0336192  -0.222501    2.12497   0.219678  -0.250565    2.13831   -1.06262
-0.0335535  -0.222542    2.12496   0.219518  -0.250588    2.13839   -1.06264
-0.033488 -0.222582   2.12496  0.219357 -0.250611   2.13848  -1.06266
-0.0334225  -0.222623    2.12496   0.219197  -0.250634    2.13856   -1.06268
-0.0333573  -0.222663    2.12496   0.219038  -0.250656    2.13864   -1.06271
-0.0332921  -0.222703    2.12495   0.218878  -0.250679    2.13873   -1.06273
-0.0332271  -0.222744    2.12495   0.218719  -0.250702    2.13881   -1.06275
-0.0331622  -0.222784    2.12495   0.218561  -0.250724    2.13889   -1.06277
-0.0330974  -0.222824    2.12495   0.218402  -0.250747    2.13898   -1.06279
-0.0330328  -0.222864    2.12494   0.218244  -0.250769    2.13906   -1.06281
-0.0329683  -0.222904    2.12494   0.218087  -0.250792    2.13914   -1.06283
-0.0329039  -0.222944    2.12494   0.217929  -0.250814    2.13922   -1.06285
-0.0328397  -0.222983    2.12494   0.217772  -0.250837    2.13931   -1.06287
-0.0327756  -0.223023    2.12493   0.217615  -0.250859    2.13939   -1.06289
-0.0327116  -0.223063    2.12493   0.217459  -0.250881    2.13947   -1.06291
-0.0326478  -0.223102    2.12493   0.217303  -0.250904    2.13955   -1.06293
-0.0325841  -0.223141    2.12493   0.217147  -0.250926    2.13963   -1.06295
-0.0325205  -0.223181    2.12492   0.216992  -0.250948    2.13971   -1.06298
-0.032457  -0.22322   2.12492  0.216836  -0.25097   2.13979    -1.063
-0.0323937  -0.223259    2.12492   0.216682  -0.250993    2.13988   -1.06302
-0.0323305  -0.223298    2.12492   0.216527  -0.251015    2.13996   -1.06304
-0.0322675  -0.223337    2.12491   0.216373  -0.251037    2.14004   -1.06306
-0.0322045  -0.223376    2.12491   0.216219  -0.251059    2.14012   -1.06308
-0.0321417  -0.223415    2.12491   0.216066  -0.251081     2.1402    -1.0631
-0.032079 -0.223454   2.12491  0.215912 -0.251103   2.14028  -1.06312
-0.0320165  -0.223492    2.12491   0.215759  -0.251125    2.14036   -1.06314
-0.0319541  -0.223531     2.1249   0.215607  -0.251147    2.14044   -1.06316
-0.0318918   -0.22357     2.1249   0.215455  -0.251169    2.14052   -1.06318
-0.0318296  -0.223608     2.1249   0.215303  -0.251191     2.1406    -1.0632
-0.0317676  -0.223646     2.1249   0.215151  -0.251213    2.14068   -1.06322
-0.0317057  -0.223685    2.12489      0.215  -0.251235    2.14076   -1.06324
-0.0316439  -0.223723    2.12489   0.214849  -0.251257    2.14083   -1.06326
-0.0315822  -0.223761    2.12489   0.214698  -0.251278    2.14091   -1.06328
-0.0315207  -0.223799    2.12489   0.214547    -0.2513    2.14099    -1.0633
-0.0314593  -0.223837    2.12488   0.214397  -0.251322    2.14107   -1.06332
-0.031398 -0.223875   2.12488  0.214247 -0.251344   2.14115  -1.06334
-0.0313368  -0.223913    2.12488   0.214098  -0.251365    2.14123   -1.06336
-0.0312758   -0.22395    2.12488   0.213949  -0.251387     2.1413   -1.06338
-0.0312149  -0.223988    2.12488     0.2138  -0.251408    2.14138    -1.0634
-0.0311541  -0.224026    2.12487   0.213651   -0.25143    2.14146   -1.06342
-0.0310934  -0.224063    2.12487   0.213503  -0.251452    2.14154   -1.06344
-0.0310329    -0.2241    2.12487   0.213355  -0.251473    2.14161   -1.06346
-0.0309725  -0.224138    2.12487   0.213207  -0.251495    2.14169   -1.06348
-0.0309122  -0.224175    2.12487    0.21306  -0.251516    2.14177    -1.0635
-0.030852 -0.224212   2.12486  0.212913 -0.251538   2.14185  -1.06351
-0.0307919  -0.224249    2.12486   0.212766  -0.251559    2.14192   -1.06353
-0.030732 -0.224286   2.12486   0.21262  -0.25158     2.142  -1.06355
-0.0306722  -0.224323    2.12486   0.212474  -0.251602    2.14208   -1.06357
-0.0306125   -0.22436    2.12485   0.212328  -0.251623    2.14215   -1.06359
-0.0305529  -0.224397    2.12485   0.212182  -0.251644    2.14223   -1.06361
-0.0304935  -0.224434    2.12485   0.212037  -0.251665     2.1423   -1.06363
-0.0304342   -0.22447    2.12485   0.211892  -0.251687    2.14238   -1.06365
-0.030375 -0.224507   2.12485  0.211747 -0.251708   2.14246  -1.06367
-0.0303159  -0.224543    2.12484   0.211603  -0.251729    2.14253   -1.06369
-0.0302569   -0.22458    2.12484   0.211459   -0.25175    2.14261   -1.06371
-0.0301981  -0.224616    2.12484   0.211315  -0.251771    2.14268   -1.06373
-0.0301394  -0.224652    2.12484   0.211172  -0.251792    2.14276   -1.06375
-0.0300808  -0.224688    2.12484   0.211028  -0.251813    2.14283   -1.06377
-0.0300223  -0.224725    2.12483   0.210885  -0.251834    2.14291   -1.06378
-0.0299639  -0.224761    2.12483   0.210743  -0.251855    2.14298    -1.0638
-0.0299057  -0.224797    2.12483     0.2106  -0.251876    2.14305   -1.06382
-0.0298475  -0.224832    2.12483   0.210458  -0.251897    2.14313   -1.06384
-0.0297895  -0.224868    2.12483   0.210317  -0.251918     2.1432   -1.06386
-0.0297316  -0.224904    2.12483   0.210175  -0.251939    2.14328   -1.06388
-0.0296738   -0.22494    2.12482   0.210034   -0.25196    2.14335    -1.0639
-0.0296162  -0.224975    2.12482   0.209893  -0.251981    2.14342   -1.06392
-0.0295586  -0.225011    2.12482   0.209753  -0.252001     2.1435   -1.06394
-0.0295012  -0.225046    2.12482   0.209612  -0.252022    2.14357   -1.06395
-0.0294439  -0.225082    2.12482   0.209472  -0.252043    2.14364   -1.06397
-0.0293867  -0.225117    2.12481   0.209332  -0.252064    2.14372   -1.06399
-0.0293296  -0.225152    2.12481   0.209193  -0.252084    2.14379   -1.06401
-0.0292726  -0.225187    2.12481   0.209054  -0.252105    2.14386   -1.06403
-0.0292158  -0.225222    2.12481   0.208915  -0.252126    2.14393   -1.06405
-0.029159 -0.225257   2.12481  0.208776 -0.252146   2.14401  -1.06407
-0.0291024  -0.225292    2.12481   0.208638  -0.252167    2.14408   -1.06408
-0.0290459  -0.225327     2.1248     0.2085  -0.252187    2.14415    -1.0641
-0.0289895  -0.225362     2.1248   0.208362  -0.252208    2.14422   -1.06412
-0.0289332  -0.225397     2.1248   0.208225  -0.252228     2.1443   -1.06414
-0.0288771  -0.225431     2.1248   0.208088  -0.252249    2.14437   -1.06416
-0.028821 -0.225466    2.1248  0.207951 -0.252269   2.14444  -1.06418
-0.0287651    -0.2255    2.12479   0.207814  -0.252289    2.14451   -1.06419
-0.0287093  -0.225535    2.12479   0.207678   -0.25231    2.14458   -1.06421
-0.0286536  -0.225569    2.12479   0.207542   -0.25233    2.14465   -1.06423
-0.028598 -0.225603   2.12479  0.207406  -0.25235   2.14472  -1.06425
-0.0285425  -0.225637    2.12479    0.20727  -0.252371    2.14479   -1.06427
-0.0284871  -0.225672    2.12479   0.207135  -0.252391    2.14486   -1.06428
-0.0284318  -0.225706    2.12479      0.207  -0.252411    2.14494    -1.0643
-0.0283767   -0.22574    2.12478   0.206865  -0.252431    2.14501   -1.06432
-0.0283216  -0.225774    2.12478   0.206731  -0.252451    2.14508   -1.06434
-0.0282667  -0.225807    2.12478   0.206597  -0.252472    2.14515   -1.06436
-0.0282119  -0.225841    2.12478   0.206463  -0.252492    2.14522   -1.06437
-0.0281572  -0.225875    2.12478   0.206329  -0.252512    2.14529   -1.06439
-0.0281026  -0.225909    2.12478   0.206196  -0.252532    2.14536   -1.06441
-0.0280481  -0.225942    2.12477   0.206063  -0.252552    2.14542   -1.06443
-0.0279937  -0.225976    2.12477    0.20593  -0.252572    2.14549   -1.06445
-0.0279394  -0.226009    2.12477   0.205797  -0.252592    2.14556   -1.06446
-0.0278853  -0.226042    2.12477   0.205665  -0.252612    2.14563   -1.06448
-0.0278312  -0.226076    2.12477   0.205533  -0.252632     2.1457    -1.0645
-0.0277773  -0.226109    2.12477   0.205401  -0.252652    2.14577   -1.06452
-0.0277234  -0.226142    2.12477    0.20527  -0.252671    2.14584   -1.06453
-0.0276697  -0.226175    2.12476   0.205139  -0.252691    2.14591   -1.06455
-0.0276161  -0.226208    2.12476   0.205008  -0.252711    2.14598   -1.06457
-0.0275626  -0.226241    2.12476   0.204877  -0.252731    2.14604   -1.06459
-0.0275092  -0.226274    2.12476   0.204747  -0.252751    2.14611    -1.0646
-0.0274559  -0.226307    2.12476   0.204617   -0.25277    2.14618   -1.06462
-0.0274027   -0.22634    2.12476   0.204487   -0.25279    2.14625   -1.06464
-0.0273496  -0.226372    2.12476   0.204357   -0.25281    2.14632   -1.06466
-0.0272966  -0.226405    2.12475   0.204228  -0.252829    2.14638   -1.06467
-0.0272437  -0.226438    2.12475   0.204099  -0.252849    2.14645   -1.06469
-0.027191  -0.22647   2.12475   0.20397 -0.252869   2.14652  -1.06471
-0.0271383  -0.226502    2.12475   0.203841  -0.252888    2.14658   -1.06473
-0.0270858  -0.226535    2.12475   0.203713  -0.252908    2.14665   -1.06474
-0.0270333  -0.226567    2.12475   0.203585  -0.252927    2.14672   -1.06476
-0.026981 -0.226599   2.12475  0.203457 -0.252947   2.14679  -1.06478
-0.0269287  -0.226631    2.12474    0.20333  -0.252966    2.14685   -1.06479
-0.0268766  -0.226663    2.12474   0.203202  -0.252986    2.14692   -1.06481
-0.0268246  -0.226696    2.12474   0.203075  -0.253005    2.14698   -1.06483
-0.0267727  -0.226727    2.12474   0.202949  -0.253025    2.14705   -1.06485
-0.0267209  -0.226759    2.12474   0.202822  -0.253044    2.14712   -1.06486
-0.0266691  -0.226791    2.12474   0.202696  -0.253063    2.14718   -1.06488
-0.0266175  -0.226823    2.12474    0.20257  -0.253083    2.14725    -1.0649
-0.026566 -0.226855   2.12474  0.202444 -0.253102   2.14731  -1.06491
-0.0265146  -0.226886    2.12473   0.202319  -0.253121    2.14738   -1.06493
-0.0264633  -0.226918    2.12473   0.202194   -0.25314    2.14744   -1.06495
-0.0264121  -0.226949    2.12473   0.202069   -0.25316    2.14751   -1.06496
-0.026361 -0.226981   2.12473  0.201944 -0.253179   2.14758  -1.06498
 -0.02631 -0.227012   2.12473  0.201819 -0.253198   2.14764    -1.065
-0.0262591  -0.227043    2.12473   0.201695  -0.253217     2.1477   -1.06501
-0.0262084  -0.227075    2.12473   0.201571  -0.253236    2.14777   -1.06503
-0.0261577  -0.227106    2.12473   0.201448  -0.253255    2.14783   -1.06505
-0.0261071  -0.227137    2.12473   0.201324  -0.253274     2.1479   -1.06506
-0.0260566  -0.227168    2.12472   0.201201  -0.253293    2.14796   -1.06508
-0.0260062  -0.227199    2.12472   0.201078  -0.253312    2.14803    -1.0651
-0.0259559   -0.22723    2.12472   0.200955  -0.253331    2.14809   -1.06511
-0.0259058  -0.227261    2.12472   0.200833   -0.25335    2.14816   -1.06513
-0.0258557  -0.227291    2.12472   0.200711  -0.253369    2.14822   -1.06515
-0.0258057  -0.227322    2.12472   0.200589  -0.253388    2.14828   -1.06516
-0.0257558  -0.227353    2.12472   0.200467  -0.253407    2.14835   -1.06518
-0.025706 -0.227383   2.12472  0.200345 -0.253426   2.14841   -1.0652
-0.0256563  -0.227414    2.12472   0.200224  -0.253445    2.14847   -1.06521
-0.0256068  -0.227444    2.12471   0.200103  -0.253463    2.14854   -1.06523
-0.0255573  -0.227475    2.12471   0.199982  -0.253482     2.1486   -1.06524
-0.0255079  -0.227505    2.12471   0.199862  -0.253501    2.14866   -1.06526
-0.0254586  -0.227535    2.12471   0.199742   -0.25352    2.14872   -1.06528
-0.0254094  -0.227566    2.12471   0.199622  -0.253538    2.14879   -1.06529
-0.0253603  -0.227596    2.12471   0.199502  -0.253557    2.14885   -1.06531
-0.0253113  -0.227626    2.12471   0.199382  -0.253576    2.14891   -1.06533
-0.0252625  -0.227656    2.12471   0.199263  -0.253594    2.14897   -1.06534
-0.0252137  -0.227686    2.12471   0.199144  -0.253613    2.14904   -1.06536
-0.025165 -0.227716   2.12471  0.199025 -0.253632    2.1491  -1.06537
-0.0251164  -0.227746    2.12471   0.198907   -0.25365    2.14916   -1.06539
-0.0250679  -0.227775     2.1247   0.198788  -0.253669    2.14922   -1.06541
-0.0250194  -0.227805     2.1247    0.19867  -0.253687    2.14928   -1.06542
-0.0249711  -0.227835     2.1247   0.198552  -0.253706    2.14934   -1.06544
-0.0249229  -0.227864     2.1247   0.198435  -0.253724    2.14941   -1.06545
-0.0248748  -0.227894     2.1247   0.198317  -0.253743    2.14947   -1.06547
-0.0248268  -0.227923     2.1247     0.1982  -0.253761    2.14953   -1.06549
-0.0247789  -0.227953     2.1247   0.198083  -0.253779    2.14959    -1.0655
-0.024731 -0.227982    2.1247  0.197967 -0.253798   2.14965  -1.06552
-0.0246833  -0.228011     2.1247    0.19785  -0.253816    2.14971   -1.06553
-0.0246357  -0.228041     2.1247   0.197734  -0.253834    2.14977   -1.06555
-0.0245881   -0.22807     2.1247   0.197618  -0.253853    2.14983   -1.06556
-0.0245407  -0.228099     2.1247   0.197502  -0.253871    2.14989   -1.06558
-0.0244933  -0.228128    2.12469   0.197387  -0.253889    2.14995    -1.0656
-0.024446 -0.228157   2.12469  0.197271 -0.253907   2.15001  -1.06561
-0.0243989  -0.228186    2.12469   0.197156  -0.253926    2.15007   -1.06563
-0.0243518  -0.228215    2.12469   0.197042  -0.253944    2.15013   -1.06564
-0.0243048  -0.228244    2.12469   0.196927  -0.253962    2.15019   -1.06566
-0.0242579  -0.228272    2.12469   0.196813   -0.25398    2.15025   -1.06567
-0.0242112  -0.228301    2.12469   0.196698  -0.253998    2.15031   -1.06569
-0.0241645   -0.22833    2.12469   0.196585  -0.254016    2.15037    -1.0657
-0.0241179  -0.228358    2.12469   0.196471  -0.254034    2.15043   -1.06572
-0.0240713  -0.228387    2.12469   0.196357  -0.254052    2.15049   -1.06574
-0.0240249  -0.228415    2.12469   0.196244   -0.25407    2.15055   -1.06575
-0.0239786  -0.228444    2.12469   0.196131  -0.254088    2.15061   -1.06577
-0.0239324  -0.228472    2.12469   0.196019  -0.254106    2.15067   -1.06578
-0.0238862    -0.2285    2.12469   0.195906  -0.254124    2.15073    -1.0658
-0.0238402  -0.228529    2.12469   0.195794  -0.254142    2.15078   -1.06581
-0.0237942  -0.228557    2.12468   0.195682   -0.25416    2.15084   -1.06583
-0.0237483  -0.228585    2.12468    0.19557  -0.254178     2.1509   -1.06584
-0.0237026  -0.228613    2.12468   0.195458  -0.254196    2.15096   -1.06586
-0.0236569  -0.228641    2.12468   0.195347  -0.254214    2.15102   -1.06587
-0.0236113  -0.228669    2.12468   0.195236  -0.254231    2.15107   -1.06589
-0.0235658  -0.228697    2.12468   0.195125  -0.254249    2.15113    -1.0659
-0.0235204  -0.228725    2.12468   0.195014  -0.254267    2.15119   -1.06592
-0.023475 -0.228752   2.12468  0.194903 -0.254285   2.15125  -1.06593
-0.0234298   -0.22878    2.12468   0.194793  -0.254302    2.15131   -1.06595
-0.0233847  -0.228808    2.12468   0.194683   -0.25432    2.15136   -1.06596
-0.0233396  -0.228835    2.12468   0.194573  -0.254338    2.15142   -1.06598
-0.0232946  -0.228863    2.12468   0.194464  -0.254355    2.15148   -1.06599
-0.0232498   -0.22889    2.12468   0.194354  -0.254373    2.15153   -1.06601
-0.023205 -0.228918   2.12468  0.194245 -0.254391   2.15159  -1.06602
-0.0231603  -0.228945    2.12468   0.194136  -0.254408    2.15165   -1.06604
-0.0231157  -0.228972    2.12468   0.194027  -0.254426    2.15171   -1.06605
-0.0230711     -0.229    2.12468   0.193919  -0.254443    2.15176   -1.06607
-0.0230267  -0.229027    2.12468    0.19381  -0.254461    2.15182   -1.06608
-0.0229824  -0.229054    2.12468   0.193702  -0.254478    2.15187    -1.0661
-0.0229381  -0.229081    2.12467   0.193595  -0.254496    2.15193   -1.06611
-0.0228939  -0.229108    2.12467   0.193487  -0.254513    2.15199   -1.06613
-0.0228499  -0.229135    2.12467   0.193379  -0.254531    2.15204   -1.06614
-0.0228059  -0.229162    2.12467   0.193272  -0.254548     2.1521   -1.06615
-0.022762 -0.229189   2.12467  0.193165 -0.254566   2.15215  -1.06617
-0.0227181  -0.229216    2.12467   0.193058  -0.254583    2.15221   -1.06618
-0.0226744  -0.229242    2.12467   0.192952    -0.2546    2.15227    -1.0662
-0.0226308  -0.229269    2.12467   0.192845  -0.254618    2.15232   -1.06621
-0.0225872  -0.229296    2.12467   0.192739  -0.254635    2.15238   -1.06623
-0.0225437  -0.229322    2.12467   0.192633  -0.254652    2.15243   -1.06624
-0.0225004  -0.229349    2.12467   0.192528  -0.254669    2.15249   -1.06626
-0.0224571  -0.229375    2.12467   0.192422  -0.254687    2.15254   -1.06627
-0.0224138  -0.229402    2.12467   0.192317  -0.254704     2.1526   -1.06628
-0.0223707  -0.229428    2.12467   0.192212  -0.254721    2.15265    -1.0663
-0.0223277  -0.229455    2.12467   0.192107  -0.254738    2.15271   -1.06631
-0.0222847  -0.229481    2.12467   0.192002  -0.254755    2.15276   -1.06633
-0.0222418  -0.229507    2.12467   0.191898  -0.254772    2.15282   -1.06634
-0.0221991  -0.229533    2.12467   0.191793  -0.254789    2.15287   -1.06636
-0.0221564  -0.229559    2.12467   0.191689  -0.254807    2.15292   -1.06637
-0.0221137  -0.229585    2.12467   0.191585  -0.254824    2.15298   -1.06638
-0.0220712  -0.229611    2.12467   0.191482  -0.254841    2.15303    -1.0664
-0.0220287  -0.229637    2.12467   0.191378  -0.254858    2.15309   -1.06641
-0.0219864  -0.229663    2.12467   0.191275  -0.254875    2.15314   -1.06643
-0.0219441  -0.229689    2.12467   0.191172  -0.254892    2.15319   -1.06644
-0.0219019  -0.229715    2.12467   0.191069  -0.254909    2.15325   -1.06645
-0.0218598  -0.229741    2.12467   0.190967  -0.254925     2.1533   -1.06647
-0.0218178  -0.229766    2.12467   0.190864  -0.254942    2.15335   -1.06648
-0.0217758  -0.229792    2.12467   0.190762  -0.254959    2.15341    -1.0665
-0.0217339  -0.229817    2.12467    0.19066  -0.254976    2.15346   -1.06651
-0.0216922  -0.229843    2.12467   0.190558  -0.254993    2.15351   -1.06652
-0.0216505  -0.229868    2.12467   0.190457   -0.25501    2.15357   -1.06654
-0.0216088  -0.229894    2.12467   0.190355  -0.255027    2.15362   -1.06655
-0.0215673  -0.229919    2.12467   0.190254  -0.255043    2.15367   -1.06657
-0.0215259  -0.229945    2.12467   0.190153   -0.25506    2.15372   -1.06658
-0.0214845   -0.22997    2.12467   0.190052  -0.255077    2.15378   -1.06659
-0.0214432  -0.229995    2.12467   0.189952  -0.255094    2.15383   -1.06661
-0.021402  -0.23002   2.12467  0.189851  -0.25511   2.15388  -1.06662
-0.0213609  -0.230045    2.12467   0.189751  -0.255127    2.15393   -1.06664
-0.0213198   -0.23007    2.12467   0.189651  -0.255144    2.15399   -1.06665
-0.0212789  -0.230095    2.12467   0.189552   -0.25516    2.15404   -1.06666
-0.021238  -0.23012   2.12467  0.189452 -0.255177   2.15409  -1.06668
-0.0211972  -0.230145    2.12467   0.189353  -0.255193    2.15414   -1.06669
-0.0211565   -0.23017    2.12467   0.189253   -0.25521    2.15419    -1.0667
-0.0211158  -0.230195    2.12467   0.189154  -0.255227    2.15424   -1.06672
-0.0210753   -0.23022    2.12467   0.189056  -0.255243     2.1543   -1.06673
-0.0210348  -0.230244    2.12467   0.188957   -0.25526    2.15435   -1.06674
-0.0209944  -0.230269    2.12467   0.188859  -0.255276     2.1544   -1.06676
-0.0209541  -0.230294    2.12467   0.188761  -0.255293    2.15445   -1.06677
-0.0209138  -0.230318    2.12467   0.188663  -0.255309     2.1545   -1.06678
-0.0208737  -0.230343    2.12467   0.188565  -0.255325    2.15455    -1.0668
-0.0208336  -0.230367    2.12467   0.188467  -0.255342     2.1546   -1.06681
-0.0207936  -0.230391    2.12467    0.18837  -0.255358    2.15465   -1.06682
-0.0207536  -0.230416    2.12467   0.188273  -0.255375     2.1547   -1.06684
-0.0207138   -0.23044    2.12467   0.188176  -0.255391    2.15476   -1.06685
-0.020674 -0.230464   2.12467  0.188079 -0.255407   2.15481  -1.06686
-0.0206343  -0.230489    2.12467   0.187982  -0.255424    2.15486   -1.06688
-0.0205947  -0.230513    2.12467   0.187886   -0.25544    2.15491   -1.06689
-0.0205552  -0.230537    2.12467   0.187789  -0.255456    2.15496    -1.0669
-0.0205157  -0.230561    2.12467   0.187693  -0.255472    2.15501   -1.06692
-0.0204764  -0.230585    2.12467   0.187597  -0.255489    2.15506   -1.06693
-0.0204371  -0.230609    2.12467   0.187502  -0.255505    2.15511   -1.06694
-0.0203979  -0.230633    2.12467   0.187406  -0.255521    2.15516   -1.06696
-0.0203587  -0.230656    2.12467   0.187311  -0.255537    2.15521   -1.06697
-0.0203196   -0.23068    2.12467   0.187216  -0.255553    2.15525   -1.06698
-0.0202807  -0.230704    2.12467   0.187121   -0.25557     2.1553     -1.067
-0.0202417  -0.230728    2.12467   0.187026  -0.255586    2.15535   -1.06701
-0.0202029  -0.230751    2.12467   0.186932  -0.255602     2.1554   -1.06702
-0.0201641  -0.230775    2.12467   0.186837  -0.255618    2.15545   -1.06704
-0.0201255  -0.230799    2.12467   0.186743  -0.255634     2.1555   -1.06705
-0.0200869  -0.230822    2.12467   0.186649   -0.25565    2.15555   -1.06706
-0.0200483  -0.230846    2.12467   0.186556  -0.255666     2.1556   -1.06707
-0.0200099  -0.230869    2.12467   0.186462  -0.255682    2.15565   -1.06709
-0.0199715  -0.230892    2.12467   0.186368  -0.255698     2.1557    -1.0671
-0.0199332  -0.230916    2.12467   0.186275  -0.255714    2.15574   -1.06711
-0.019895 -0.230939   2.12467  0.186182  -0.25573   2.15579  -1.06713
-0.0198568  -0.230962    2.12467   0.186089  -0.255746    2.15584   -1.06714
-0.0198187  -0.230985    2.12467   0.185997  -0.255762    2.15589   -1.06715
-0.0197807  -0.231008    2.12467   0.185904  -0.255778    2.15594   -1.06716
-0.0197428  -0.231031    2.12467   0.185812  -0.255793    2.15599   -1.06718
-0.0197049  -0.231055    2.12467    0.18572  -0.255809    2.15603   -1.06719
-0.0196672  -0.231077    2.12467   0.185628  -0.255825    2.15608    -1.0672
-0.0196295    -0.2311    2.12467   0.185536  -0.255841    2.15613   -1.06721
-0.0195918  -0.231123    2.12467   0.185445  -0.255857    2.15618   -1.06723
-0.0195543  -0.231146    2.12467   0.185353  -0.255872    2.15623   -1.06724
-0.0195168  -0.231169    2.12467   0.185262  -0.255888    2.15627   -1.06725
-0.0194794  -0.231192    2.12468   0.185171  -0.255904    2.15632   -1.06726
-0.019442 -0.231214   2.12468   0.18508  -0.25592   2.15637  -1.06728
-0.0194048  -0.231237    2.12468   0.184989  -0.255935    2.15641   -1.06729
-0.0193676   -0.23126    2.12468   0.184899  -0.255951    2.15646    -1.0673
-0.0193305  -0.231282    2.12468   0.184809  -0.255967    2.15651   -1.06731
-0.0192934  -0.231305    2.12468   0.184719  -0.255982    2.15656   -1.06733
-0.0192565  -0.231327    2.12468   0.184629  -0.255998     2.1566   -1.06734
-0.0192196   -0.23135    2.12468   0.184539  -0.256013    2.15665   -1.06735
-0.0191828  -0.231372    2.12468   0.184449  -0.256029     2.1567   -1.06736
-0.019146 -0.231394   2.12468   0.18436 -0.256045   2.15674  -1.06738
-0.0191093  -0.231417    2.12468   0.184271   -0.25606    2.15679   -1.06739
-0.0190727  -0.231439    2.12468   0.184182  -0.256076    2.15684    -1.0674
-0.0190362  -0.231461    2.12468   0.184093  -0.256091    2.15688   -1.06741
-0.0189997  -0.231483    2.12468   0.184004  -0.256107    2.15693   -1.06743
-0.0189633  -0.231505    2.12468   0.183916  -0.256122    2.15697   -1.06744
-0.018927 -0.231527   2.12468  0.183827 -0.256138   2.15702  -1.06745
-0.0188908  -0.231549    2.12468   0.183739  -0.256153    2.15707   -1.06746
-0.0188546  -0.231571    2.12468   0.183651  -0.256168    2.15711   -1.06747
-0.0188185  -0.231593    2.12468   0.183563  -0.256184    2.15716   -1.06749
-0.0187824  -0.231615    2.12468   0.183476  -0.256199     2.1572    -1.0675
-0.0187465  -0.231637    2.12469   0.183388  -0.256215    2.15725   -1.06751
-0.0187106  -0.231659    2.12469   0.183301   -0.25623    2.15729   -1.06752
-0.0186747  -0.231681    2.12469   0.183214  -0.256245    2.15734   -1.06753
-0.018639 -0.231702   2.12469  0.183127 -0.256261   2.15738  -1.06755
-0.0186033  -0.231724    2.12469    0.18304  -0.256276    2.15743   -1.06756
-0.0185677  -0.231746    2.12469   0.182953  -0.256291    2.15747   -1.06757
-0.0185321  -0.231767    2.12469   0.182867  -0.256306    2.15752   -1.06758
-0.0184967  -0.231789    2.12469   0.182781  -0.256322    2.15756   -1.06759
-0.0184613   -0.23181    2.12469   0.182695  -0.256337    2.15761   -1.06761
-0.0184259  -0.231832    2.12469   0.182609  -0.256352    2.15765   -1.06762
-0.0183907  -0.231853    2.12469   0.182523  -0.256367     2.1577   -1.06763
-0.0183555  -0.231874    2.12469   0.182437  -0.256382    2.15774   -1.06764
-0.0183203  -0.231896    2.12469   0.182352  -0.256397    2.15779   -1.06765
-0.0182853  -0.231917    2.12469   0.182267  -0.256413    2.15783   -1.06767
-0.0182503  -0.231938    2.12469   0.182182  -0.256428    2.15788   -1.06768
-0.0182154  -0.231959    2.12469   0.182097  -0.256443    2.15792   -1.06769
-0.0181805   -0.23198     2.1247   0.182012  -0.256458    2.15796    -1.0677
-0.0181457  -0.232001     2.1247   0.181928  -0.256473    2.15801   -1.06771
-0.018111 -0.232022    2.1247  0.181843 -0.256488   2.15805  -1.06772
-0.0180764  -0.232043     2.1247   0.181759  -0.256503     2.1581   -1.06774
-0.0180418  -0.232064     2.1247   0.181675  -0.256518    2.15814   -1.06775
-0.0180073  -0.232085     2.1247   0.181591  -0.256533    2.15818   -1.06776
-0.0179728  -0.232106     2.1247   0.181507  -0.256548    2.15823   -1.06777
-0.0179385  -0.232127     2.1247   0.181424  -0.256563    2.15827   -1.06778
-0.0179041  -0.232148     2.1247    0.18134  -0.256578    2.15831   -1.06779
-0.0178699  -0.232169     2.1247   0.181257  -0.256593    2.15836   -1.06781
-0.0178357  -0.232189     2.1247   0.181174  -0.256608     2.1584   -1.06782
-0.0178016   -0.23221     2.1247   0.181091  -0.256623    2.15844   -1.06783
-0.0177676   -0.23223     2.1247   0.181008  -0.256637    2.15849   -1.06784
-0.0177336  -0.232251    2.12471   0.180926  -0.256652    2.15853   -1.06785
-0.0176997  -0.232272    2.12471   0.180843  -0.256667    2.15857   -1.06786
-0.0176658  -0.232292    2.12471   0.180761  -0.256682    2.15862   -1.06787
-0.0176321  -0.232313    2.12471   0.180679  -0.256697    2.15866   -1.06789
-0.0175984  -0.232333    2.12471   0.180597  -0.256712     2.1587    -1.0679
-0.0175647  -0.232353    2.12471   0.180515  -0.256726    2.15874   -1.06791
-0.0175311  -0.232374    2.12471   0.180434  -0.256741    2.15879   -1.06792
-0.0174976  -0.232394    2.12471   0.180352  -0.256756    2.15883   -1.06793
-0.0174642  -0.232414    2.12471   0.180271   -0.25677    2.15887   -1.06794
-0.0174308  -0.232434    2.12471    0.18019  -0.256785    2.15891   -1.06795
-0.0173975  -0.232454    2.12471   0.180109    -0.2568    2.15896   -1.06796
-0.0173642  -0.232475    2.12472   0.180028  -0.256814      2.159   -1.06798
-0.017331 -0.232495   2.12472  0.179948 -0.256829   2.15904  -1.06799
-0.0172979  -0.232515    2.12472   0.179867  -0.256844    2.15908     -1.068
-0.0172649  -0.232535    2.12472   0.179787  -0.256858    2.15912   -1.06801
-0.0172319  -0.232555    2.12472   0.179707  -0.256873    2.15916   -1.06802
-0.017199 -0.232574   2.12472  0.179627 -0.256888   2.15921  -1.06803
-0.0171661  -0.232594    2.12472   0.179547  -0.256902    2.15925   -1.06804
-0.0171333  -0.232614    2.12472   0.179467  -0.256917    2.15929   -1.06805
-0.0171006  -0.232634    2.12472   0.179388  -0.256931    2.15933   -1.06807
-0.0170679  -0.232654    2.12472   0.179308  -0.256946    2.15937   -1.06808
-0.0170353  -0.232673    2.12472   0.179229   -0.25696    2.15941   -1.06809
-0.0170027  -0.232693    2.12473    0.17915  -0.256975    2.15945    -1.0681
-0.0169703  -0.232713    2.12473   0.179071  -0.256989     2.1595   -1.06811
-0.0169378  -0.232732    2.12473   0.178993  -0.257004    2.15954   -1.06812
-0.0169055  -0.232752    2.12473   0.178914  -0.257018    2.15958   -1.06813
-0.0168732  -0.232771    2.12473   0.178836  -0.257032    2.15962   -1.06814
-0.016841 -0.232791   2.12473  0.178757 -0.257047   2.15966  -1.06815
-0.0168088   -0.23281    2.12473   0.178679  -0.257061     2.1597   -1.06816
-0.0167767   -0.23283    2.12473   0.178601  -0.257076    2.15974   -1.06817
-0.0167447  -0.232849    2.12473   0.178523   -0.25709    2.15978   -1.06819
-0.0167127  -0.232868    2.12474   0.178446  -0.257104    2.15982    -1.0682
-0.0166808  -0.232887    2.12474   0.178368  -0.257119    2.15986   -1.06821
-0.0166489  -0.232907    2.12474   0.178291  -0.257133     2.1599   -1.06822
-0.0166172  -0.232926    2.12474   0.178214  -0.257147    2.15994   -1.06823
-0.0165854  -0.232945    2.12474   0.178137  -0.257161    2.15998   -1.06824
-0.0165538  -0.232964    2.12474    0.17806  -0.257176    2.16002   -1.06825
-0.0165222  -0.232983    2.12474   0.177983   -0.25719    2.16006   -1.06826
-0.0164906  -0.233002    2.12474   0.177907  -0.257204     2.1601   -1.06827
-0.0164591  -0.233021    2.12474    0.17783  -0.257218    2.16014   -1.06828
-0.0164277   -0.23304    2.12475   0.177754  -0.257233    2.16018   -1.06829
-0.0163964  -0.233059    2.12475   0.177678  -0.257247    2.16022    -1.0683
-0.0163651  -0.233078    2.12475   0.177602  -0.257261    2.16026   -1.06831
-0.0163338  -0.233097    2.12475   0.177526  -0.257275     2.1603   -1.06832
-0.0163027  -0.233116    2.12475    0.17745  -0.257289    2.16034   -1.06834
-0.0162716  -0.233134    2.12475   0.177375  -0.257303    2.16038   -1.06835
-0.0162405  -0.233153    2.12475     0.1773  -0.257317    2.16042   -1.06836
-0.0162095  -0.233172    2.12475   0.177224  -0.257331    2.16046   -1.06837
-0.0161786   -0.23319    2.12475   0.177149  -0.257346     2.1605   -1.06838
-0.0161477  -0.233209    2.12476   0.177074   -0.25736    2.16053   -1.06839
-0.0161169  -0.233227    2.12476      0.177  -0.257374    2.16057    -1.0684
-0.0160862  -0.233246    2.12476   0.176925  -0.257388    2.16061   -1.06841
-0.0160555  -0.233264    2.12476    0.17685  -0.257402    2.16065   -1.06842
-0.0160248  -0.233283    2.12476   0.176776  -0.257416    2.16069   -1.06843
-0.0159943  -0.233301    2.12476   0.176702   -0.25743    2.16073   -1.06844
-0.0159638   -0.23332    2.12476   0.176628  -0.257444    2.16077   -1.06845
-0.0159333  -0.233338    2.12476   0.176554  -0.257457    2.16081   -1.06846
-0.0159029  -0.233356    2.12477    0.17648  -0.257471    2.16084   -1.06847
-0.0158726  -0.233375    2.12477   0.176407  -0.257485    2.16088   -1.06848
-0.0158423  -0.233393    2.12477   0.176333  -0.257499    2.16092   -1.06849
-0.0158121  -0.233411    2.12477    0.17626  -0.257513    2.16096    -1.0685
-0.0157819  -0.233429    2.12477   0.176187  -0.257527      2.161   -1.06851
-0.0157519  -0.233447    2.12477   0.176114  -0.257541    2.16103   -1.06852
-0.0157218  -0.233465    2.12477   0.176041  -0.257555    2.16107   -1.06853
-0.0156918  -0.233483    2.12477   0.175968  -0.257568    2.16111   -1.06854
-0.0156619  -0.233501    2.12478   0.175896  -0.257582    2.16115   -1.06855
-0.0156321  -0.233519    2.12478   0.175823  -0.257596    2.16119   -1.06856
-0.0156022  -0.233537    2.12478   0.175751   -0.25761    2.16122   -1.06857
-0.0155725  -0.233555    2.12478   0.175679  -0.257624    2.16126   -1.06858
-0.0155428  -0.233573    2.12478   0.175607  -0.257637     2.1613   -1.06859
-0.0155132  -0.233591    2.12478   0.175535  -0.257651    2.16134    -1.0686
-0.0154836  -0.233609    2.12478   0.175463  -0.257665    2.16137   -1.06861
-0.0154541  -0.233626    2.12479   0.175391  -0.257678    2.16141   -1.06862
-0.0154246  -0.233644    2.12479    0.17532  -0.257692    2.16145   -1.06863
-0.0153952  -0.233662    2.12479   0.175249  -0.257706    2.16148   -1.06864
-0.0153659  -0.233679    2.12479   0.175178  -0.257719    2.16152   -1.06865
-0.0153366  -0.233697    2.12479   0.175107  -0.257733    2.16156   -1.06866
-0.0153074  -0.233714    2.12479   0.175036  -0.257747     2.1616   -1.06867
-0.0152782  -0.233732    2.12479   0.174965   -0.25776    2.16163   -1.06868
-0.0152491  -0.233749     2.1248   0.174894  -0.257774    2.16167   -1.06869
 -0.01522 -0.233767    2.1248  0.174824 -0.257787   2.16171   -1.0687
-0.015191 -0.233784    2.1248  0.174754 -0.257801   2.16174  -1.06871
-0.0151621  -0.233802     2.1248   0.174683  -0.257815    2.16178   -1.06872
-0.0151332  -0.233819     2.1248   0.174613  -0.257828    2.16181   -1.06873
-0.0151044  -0.233836     2.1248   0.174543  -0.257842    2.16185   -1.06874
-0.0150756  -0.233854     2.1248   0.174474  -0.257855    2.16189   -1.06875
-0.0150469  -0.233871    2.12481   0.174404  -0.257869    2.16192   -1.06876
-0.0150182  -0.233888    2.12481   0.174335  -0.257882    2.16196   -1.06877
-0.0149896  -0.233905    2.12481   0.174265  -0.257896      2.162   -1.06878
-0.014961 -0.233922   2.12481  0.174196 -0.257909   2.16203  -1.06879
-0.0149325  -0.233939    2.12481   0.174127  -0.257922    2.16207    -1.0688
-0.0149041  -0.233956    2.12481   0.174058  -0.257936     2.1621   -1.06881
-0.0148757  -0.233973    2.12482   0.173989  -0.257949    2.16214   -1.06882
-0.0148474   -0.23399    2.12482    0.17392  -0.257963    2.16218   -1.06883
-0.0148191  -0.234007    2.12482   0.173852  -0.257976    2.16221   -1.06884
-0.0147909  -0.234024    2.12482   0.173784  -0.257989    2.16225   -1.06885
-0.0147627  -0.234041    2.12482   0.173715  -0.258003    2.16228   -1.06886
-0.0147346  -0.234058    2.12482   0.173647  -0.258016    2.16232   -1.06887
-0.0147066  -0.234075    2.12482   0.173579  -0.258029    2.16235   -1.06888
-0.0146786  -0.234092    2.12483   0.173511  -0.258043    2.16239   -1.06889
-0.0146506  -0.234108    2.12483   0.173444  -0.258056    2.16242    -1.0689
-0.0146227  -0.234125    2.12483   0.173376  -0.258069    2.16246   -1.06891
-0.0145949  -0.234142    2.12483   0.173309  -0.258083    2.16249   -1.06892
-0.0145671  -0.234158    2.12483   0.173241  -0.258096    2.16253   -1.06892
-0.0145394  -0.234175    2.12483   0.173174  -0.258109    2.16256   -1.06893
-0.0145117  -0.234192    2.12484   0.173107  -0.258122     2.1626   -1.06894
-0.014484 -0.234208   2.12484   0.17304 -0.258135   2.16263  -1.06895
-0.0144565  -0.234225    2.12484   0.172973  -0.258149    2.16267   -1.06896
-0.014429 -0.234241   2.12484  0.172907 -0.258162    2.1627  -1.06897
-0.0144015  -0.234258    2.12484    0.17284  -0.258175    2.16274   -1.06898
-0.0143741  -0.234274    2.12484   0.172774  -0.258188    2.16277   -1.06899
-0.0143467   -0.23429    2.12485   0.172707  -0.258201    2.16281     -1.069
-0.0143194  -0.234307    2.12485   0.172641  -0.258214    2.16284   -1.06901
-0.0142922  -0.234323    2.12485   0.172575  -0.258228    2.16287   -1.06902
-0.014265 -0.234339   2.12485  0.172509 -0.258241   2.16291  -1.06903
-0.0142378  -0.234355    2.12485   0.172444  -0.258254    2.16294   -1.06904
-0.0142107  -0.234372    2.12485   0.172378  -0.258267    2.16298   -1.06905
-0.0141837  -0.234388    2.12486   0.172312   -0.25828    2.16301   -1.06906
-0.0141567  -0.234404    2.12486   0.172247  -0.258293    2.16305   -1.06906
-0.0141298   -0.23442    2.12486   0.172182  -0.258306    2.16308   -1.06907
-0.0141029  -0.234436    2.12486   0.172117  -0.258319    2.16311   -1.06908
-0.0140761  -0.234452    2.12486   0.172052  -0.258332    2.16315   -1.06909
-0.0140493  -0.234468    2.12486   0.171987  -0.258345    2.16318    -1.0691
-0.0140226  -0.234484    2.12487   0.171922  -0.258358    2.16321   -1.06911
-0.0139959    -0.2345    2.12487   0.171858  -0.258371    2.16325   -1.06912
-0.0139693  -0.234516    2.12487   0.171793  -0.258384    2.16328   -1.06913
-0.0139427  -0.234532    2.12487   0.171729  -0.258397    2.16331   -1.06914
-0.0139162  -0.234548    2.12487   0.171665   -0.25841    2.16335   -1.06915
-0.0138897  -0.234563    2.12488   0.171601  -0.258423    2.16338   -1.06916
-0.0138633  -0.234579    2.12488   0.171537  -0.258435    2.16341   -1.06916
-0.0138369  -0.234595    2.12488   0.171473  -0.258448    2.16345   -1.06917
-0.0138106  -0.234611    2.12488   0.171409  -0.258461    2.16348   -1.06918
-0.0137843  -0.234626    2.12488   0.171345  -0.258474    2.16351   -1.06919
-0.0137581  -0.234642    2.12488   0.171282  -0.258487    2.16355    -1.0692
-0.013732 -0.234658   2.12489  0.171219   -0.2585   2.16358  -1.06921
-0.0137059  -0.234673    2.12489   0.171155  -0.258512    2.16361   -1.06922
-0.0136798  -0.234689    2.12489   0.171092  -0.258525    2.16365   -1.06923
-0.0136538  -0.234704    2.12489   0.171029  -0.258538    2.16368   -1.06924
-0.0136278   -0.23472    2.12489   0.170967  -0.258551    2.16371   -1.06925
-0.0136019  -0.234735     2.1249   0.170904  -0.258564    2.16374   -1.06925
-0.0135761  -0.234751     2.1249   0.170841  -0.258576    2.16378   -1.06926
-0.0135503  -0.234766     2.1249   0.170779  -0.258589    2.16381   -1.06927
-0.0135245  -0.234781     2.1249   0.170717  -0.258602    2.16384   -1.06928
-0.0134988  -0.234797     2.1249   0.170654  -0.258615    2.16387   -1.06929
-0.0134731  -0.234812     2.1249   0.170592  -0.258627    2.16391    -1.0693
-0.0134475  -0.234827    2.12491    0.17053   -0.25864    2.16394   -1.06931
-0.013422 -0.234842   2.12491  0.170468 -0.258653   2.16397  -1.06932
-0.0133965  -0.234858    2.12491   0.170407  -0.258665      2.164   -1.06932
-0.013371 -0.234873   2.12491  0.170345 -0.258678   2.16403  -1.06933
-0.0133456  -0.234888    2.12491   0.170284   -0.25869    2.16407   -1.06934
-0.0133202  -0.234903    2.12492   0.170222  -0.258703     2.1641   -1.06935
-0.0132949  -0.234918    2.12492   0.170161  -0.258716    2.16413   -1.06936
-0.0132696  -0.234933    2.12492     0.1701  -0.258728    2.16416   -1.06937
-0.0132444  -0.234948    2.12492   0.170039  -0.258741    2.16419   -1.06938
-0.0132193  -0.234963    2.12492   0.169978  -0.258753    2.16422   -1.06938
-0.0131942  -0.234978    2.12493   0.169917  -0.258766    2.16426   -1.06939
-0.0131691  -0.234993    2.12493   0.169857  -0.258779    2.16429    -1.0694
-0.0131441  -0.235008    2.12493   0.169796  -0.258791    2.16432   -1.06941
-0.0131191  -0.235023    2.12493   0.169736  -0.258804    2.16435   -1.06942
-0.0130942  -0.235037    2.12493   0.169675  -0.258816    2.16438   -1.06943
-0.0130693  -0.235052    2.12494   0.169615  -0.258829    2.16441   -1.06944
-0.0130445  -0.235067    2.12494   0.169555  -0.258841    2.16444   -1.06944
-0.0130197  -0.235082    2.12494   0.169495  -0.258854    2.16448   -1.06945
-0.012995 -0.235096   2.12494  0.169436 -0.258866   2.16451  -1.06946
-0.0129703  -0.235111    2.12494   0.169376  -0.258878    2.16454   -1.06947
-0.0129456  -0.235126    2.12495   0.169316  -0.258891    2.16457   -1.06948
-0.0129211   -0.23514    2.12495   0.169257  -0.258903     2.1646   -1.06949
-0.0128965  -0.235155    2.12495   0.169197  -0.258916    2.16463    -1.0695
-0.012872 -0.235169   2.12495  0.169138 -0.258928   2.16466   -1.0695
-0.0128476  -0.235184    2.12495   0.169079   -0.25894    2.16469   -1.06951
-0.0128232  -0.235198    2.12496    0.16902  -0.258953    2.16472   -1.06952
-0.0127988  -0.235213    2.12496   0.168961  -0.258965    2.16475   -1.06953
-0.0127745  -0.235227    2.12496   0.168903  -0.258977    2.16478   -1.06954
-0.0127503  -0.235242    2.12496   0.168844   -0.25899    2.16481   -1.06955
-0.0127261  -0.235256    2.12497   0.168785  -0.259002    2.16484   -1.06955
-0.0127019   -0.23527    2.12497   0.168727  -0.259014    2.16487   -1.06956
-0.0126778  -0.235285    2.12497   0.168669  -0.259027    2.16491   -1.06957
-0.0126537  -0.235299    2.12497   0.168611  -0.259039    2.16494   -1.06958
-0.0126297  -0.235313    2.12497   0.168552  -0.259051    2.16497   -1.06959
-0.0126057  -0.235328    2.12498   0.168495  -0.259063      2.165    -1.0696
-0.0125818  -0.235342    2.12498   0.168437  -0.259076    2.16503    -1.0696
-0.0125579  -0.235356    2.12498   0.168379  -0.259088    2.16506   -1.06961
-0.0125341   -0.23537    2.12498   0.168321    -0.2591    2.16509   -1.06962
-0.0125103  -0.235384    2.12498   0.168264  -0.259112    2.16512   -1.06963
-0.0124865  -0.235398    2.12499   0.168207  -0.259125    2.16515   -1.06964
-0.0124628  -0.235412    2.12499   0.168149  -0.259137    2.16518   -1.06964
-0.0124392  -0.235426    2.12499   0.168092  -0.259149     2.1652   -1.06965
-0.0124156   -0.23544    2.12499   0.168035  -0.259161    2.16523   -1.06966
-0.012392 -0.235454     2.125  0.167978 -0.259173   2.16526  -1.06967
-0.0123685  -0.235468      2.125   0.167921  -0.259185    2.16529   -1.06968
-0.012345 -0.235482     2.125  0.167865 -0.259198   2.16532  -1.06968
-0.0123216  -0.235496      2.125   0.167808   -0.25921    2.16535   -1.06969
-0.0122982   -0.23551      2.125   0.167752  -0.259222    2.16538    -1.0697
-0.0122749  -0.235524    2.12501   0.167695  -0.259234    2.16541   -1.06971
-0.0122516  -0.235537    2.12501   0.167639  -0.259246    2.16544   -1.06972
-0.0122283  -0.235551    2.12501   0.167583  -0.259258    2.16547   -1.06972
-0.0122051  -0.235565    2.12501   0.167527   -0.25927     2.1655   -1.06973
-0.012182 -0.235578   2.12502  0.167471 -0.259282   2.16553  -1.06974
-0.0121589  -0.235592    2.12502   0.167415  -0.259294    2.16556   -1.06975
-0.0121358  -0.235606    2.12502   0.167359  -0.259306    2.16559   -1.06976
-0.0121128  -0.235619    2.12502   0.167304  -0.259318    2.16561   -1.06976
-0.0120898  -0.235633    2.12502   0.167248   -0.25933    2.16564   -1.06977
-0.0120669  -0.235647    2.12503   0.167193  -0.259342    2.16567   -1.06978
-0.012044  -0.23566   2.12503  0.167138 -0.259354    2.1657  -1.06979
-0.0120211  -0.235674    2.12503   0.167082  -0.259366    2.16573    -1.0698
-0.0119983  -0.235687    2.12503   0.167027  -0.259378    2.16576    -1.0698
-0.0119756    -0.2357    2.12504   0.166972   -0.25939    2.16579   -1.06981
-0.0119529  -0.235714    2.12504   0.166918  -0.259402    2.16582   -1.06982
-0.0119302  -0.235727    2.12504   0.166863  -0.259414    2.16584   -1.06983
-0.0119076  -0.235741    2.12504   0.166808  -0.259426    2.16587   -1.06983
-0.011885 -0.235754   2.12504  0.166754 -0.259437    2.1659  -1.06984
-0.0118625  -0.235767    2.12505   0.166699  -0.259449    2.16593   -1.06985
 -0.01184 -0.235781   2.12505  0.166645 -0.259461   2.16596  -1.06986
-0.0118175  -0.235794    2.12505   0.166591  -0.259473    2.16598   -1.06987
-0.0117951  -0.235807    2.12505   0.166537  -0.259485    2.16601   -1.06987
-0.0117727   -0.23582    2.12506   0.166483  -0.259497    2.16604   -1.06988
-0.0117504  -0.235833    2.12506   0.166429  -0.259509    2.16607   -1.06989
-0.0117281  -0.235847    2.12506   0.166375   -0.25952     2.1661    -1.0699
-0.0117059   -0.23586    2.12506   0.166321  -0.259532    2.16612    -1.0699
-0.0116837  -0.235873    2.12507   0.166268  -0.259544    2.16615   -1.06991
-0.0116616  -0.235886    2.12507   0.166214  -0.259556    2.16618   -1.06992
-0.0116395  -0.235899    2.12507   0.166161  -0.259567    2.16621   -1.06993
-0.0116174  -0.235912    2.12507   0.166108  -0.259579    2.16624   -1.06993
-0.0115954  -0.235925    2.12508   0.166055  -0.259591    2.16626   -1.06994
-0.0115734  -0.235938    2.12508   0.166002  -0.259603    2.16629   -1.06995
-0.0115515  -0.235951    2.12508   0.165949  -0.259614    2.16632   -1.06996
-0.0115296  -0.235964    2.12508   0.165896  -0.259626    2.16635   -1.06996
-0.0115077  -0.235976    2.12509   0.165843  -0.259638    2.16637   -1.06997
-0.0114859  -0.235989    2.12509   0.165791   -0.25965     2.1664   -1.06998
-0.0114641  -0.236002    2.12509   0.165738  -0.259661    2.16643   -1.06999
-0.0114424  -0.236015    2.12509   0.165686  -0.259673    2.16645   -1.06999
-0.0114207  -0.236028    2.12509   0.165633  -0.259685    2.16648      -1.07
-0.0113991   -0.23604     2.1251   0.165581  -0.259696    2.16651   -1.07001
-0.0113775  -0.236053     2.1251   0.165529  -0.259708    2.16654   -1.07002
-0.0113559  -0.236066     2.1251   0.165477  -0.259719    2.16656   -1.07002
-0.0113344  -0.236078     2.1251   0.165425  -0.259731    2.16659   -1.07003
-0.0113129  -0.236091    2.12511   0.165373  -0.259743    2.16662   -1.07004
-0.0112915  -0.236104    2.12511   0.165322  -0.259754    2.16664   -1.07005
-0.0112701  -0.236116    2.12511    0.16527  -0.259766    2.16667   -1.07005
-0.0112487  -0.236129    2.12511   0.165219  -0.259777     2.1667   -1.07006
-0.0112274  -0.236141    2.12512   0.165167  -0.259789    2.16672   -1.07007
-0.0112062  -0.236154    2.12512   0.165116    -0.2598    2.16675   -1.07008
-0.0111849  -0.236166    2.12512   0.165065  -0.259812    2.16678   -1.07008
-0.0111638  -0.236179    2.12512   0.165014  -0.259824     2.1668   -1.07009
-0.0111426  -0.236191    2.12513   0.164963  -0.259835    2.16683    -1.0701
-0.0111215  -0.236204    2.12513   0.164912  -0.259847    2.16686   -1.07011
-0.0111004  -0.236216    2.12513   0.164861  -0.259858    2.16688   -1.07011
-0.0110794  -0.236228    2.12513    0.16481  -0.259869    2.16691   -1.07012
-0.0110584  -0.236241    2.12514    0.16476  -0.259881    2.16694   -1.07013
-0.0110375  -0.236253    2.12514   0.164709  -0.259892    2.16696   -1.07013
-0.0110166  -0.236265    2.12514   0.164659  -0.259904    2.16699   -1.07014
-0.0109957  -0.236277    2.12515   0.164609  -0.259915    2.16701   -1.07015
-0.0109749   -0.23629    2.12515   0.164559  -0.259927    2.16704   -1.07016
-0.0109541  -0.236302    2.12515   0.164508  -0.259938    2.16707   -1.07016
-0.0109334  -0.236314    2.12515   0.164458   -0.25995    2.16709   -1.07017
-0.0109127  -0.236326    2.12516   0.164409  -0.259961    2.16712   -1.07018
-0.010892 -0.236338   2.12516  0.164359 -0.259972   2.16714  -1.07018
-0.0108714   -0.23635    2.12516   0.164309  -0.259984    2.16717   -1.07019
-0.0108508  -0.236362    2.12516    0.16426  -0.259995     2.1672    -1.0702
-0.0108302  -0.236374    2.12517    0.16421  -0.260006    2.16722   -1.07021
-0.0108097  -0.236386    2.12517   0.164161  -0.260018    2.16725   -1.07021
-0.0107893  -0.236398    2.12517   0.164111  -0.260029    2.16727   -1.07022
-0.0107688   -0.23641    2.12517   0.164062   -0.26004     2.1673   -1.07023
-0.0107485  -0.236422    2.12518   0.164013  -0.260052    2.16732   -1.07023
-0.0107281  -0.236434    2.12518   0.163964  -0.260063    2.16735   -1.07024
-0.0107078  -0.236446    2.12518   0.163915  -0.260074    2.16737   -1.07025
-0.0106875  -0.236458    2.12518   0.163866  -0.260086     2.1674   -1.07025
-0.0106673   -0.23647    2.12519   0.163818  -0.260097    2.16743   -1.07026
-0.0106471  -0.236482    2.12519   0.163769  -0.260108    2.16745   -1.07027
-0.010627 -0.236493   2.12519   0.16372 -0.260119   2.16748  -1.07028
-0.0106068  -0.236505    2.12519   0.163672  -0.260131     2.1675   -1.07028
-0.0105868  -0.236517     2.1252   0.163624  -0.260142    2.16753   -1.07029
-0.0105667  -0.236529     2.1252   0.163575  -0.260153    2.16755    -1.0703
-0.0105467   -0.23654     2.1252   0.163527  -0.260164    2.16758    -1.0703
-0.0105268  -0.236552    2.12521   0.163479  -0.260175     2.1676   -1.07031
-0.0105068  -0.236564    2.12521   0.163431  -0.260187    2.16763   -1.07032
-0.010487 -0.236575   2.12521  0.163383 -0.260198   2.16765  -1.07032
-0.0104671  -0.236587    2.12521   0.163336  -0.260209    2.16768   -1.07033
-0.0104473  -0.236598    2.12522   0.163288   -0.26022     2.1677   -1.07034
-0.0104275   -0.23661    2.12522    0.16324  -0.260231    2.16772   -1.07034
-0.0104078  -0.236621    2.12522   0.163193  -0.260242    2.16775   -1.07035
-0.0103881  -0.236633    2.12522   0.163145  -0.260254    2.16777   -1.07036
-0.0103685  -0.236644    2.12523   0.163098  -0.260265     2.1678   -1.07037
-0.0103488  -0.236656    2.12523   0.163051  -0.260276    2.16782   -1.07037
-0.0103293  -0.236667    2.12523   0.163004  -0.260287    2.16785   -1.07038
-0.0103097  -0.236679    2.12524   0.162957  -0.260298    2.16787   -1.07039
-0.0102902   -0.23669    2.12524    0.16291  -0.260309     2.1679   -1.07039
-0.0102708  -0.236701    2.12524   0.162863   -0.26032    2.16792    -1.0704
-0.0102513  -0.236713    2.12524   0.162816  -0.260331    2.16795   -1.07041
-0.0102319  -0.236724    2.12525    0.16277  -0.260342    2.16797   -1.07041
-0.0102126  -0.236735    2.12525   0.162723  -0.260353    2.16799   -1.07042
-0.0101933  -0.236747    2.12525   0.162677  -0.260364    2.16802   -1.07043
-0.010174 -0.236758   2.12525   0.16263 -0.260375   2.16804  -1.07043
-0.0101547  -0.236769    2.12526   0.162584  -0.260386    2.16807   -1.07044
-0.0101355   -0.23678    2.12526   0.162538  -0.260397    2.16809   -1.07045
-0.0101164  -0.236791    2.12526   0.162492  -0.260408    2.16811   -1.07045
-0.0100972  -0.236802    2.12527   0.162446  -0.260419    2.16814   -1.07046
-0.0100781  -0.236814    2.12527     0.1624   -0.26043    2.16816   -1.07047
-0.0100591  -0.236825    2.12527   0.162354  -0.260441    2.16819   -1.07047
 -0.01004 -0.236836   2.12527  0.162308 -0.260452   2.16821  -1.07048
-0.0100211  -0.236847    2.12528   0.162262  -0.260463    2.16823   -1.07049
-0.0100021  -0.236858    2.12528   0.162217  -0.260474    2.16826   -1.07049
-0.0099832  -0.236869    2.12528   0.162171  -0.260485    2.16828    -1.0705
-0.00996432    -0.23688     2.12529    0.162126   -0.260496      2.1683     -1.0705
-0.00994548   -0.236891     2.12529    0.162081   -0.260507     2.16833    -1.07051
-0.00992668   -0.236902     2.12529    0.162035   -0.260518     2.16835    -1.07052
-0.00990791   -0.236913     2.12529     0.16199   -0.260529     2.16837    -1.07052
-0.00988917   -0.236923      2.1253    0.161945   -0.260539      2.1684    -1.07053
-0.00987048   -0.236934      2.1253      0.1619    -0.26055     2.16842    -1.07054
-0.00985182   -0.236945      2.1253    0.161855   -0.260561     2.16844    -1.07054
-0.00983319   -0.236956     2.12531    0.161811   -0.260572     2.16847    -1.07055
-0.0098146  -0.236967    2.12531   0.161766  -0.260583    2.16849   -1.07056
-0.00979605   -0.236978     2.12531    0.161721   -0.260594     2.16851    -1.07056
-0.00977753   -0.236988     2.12531    0.161677   -0.260605     2.16854    -1.07057
-0.00975904   -0.236999     2.12532    0.161632   -0.260615     2.16856    -1.07058
-0.0097406   -0.23701    2.12532   0.161588  -0.260626    2.16858   -1.07058
-0.00972219    -0.23702     2.12532    0.161544   -0.260637     2.16861    -1.07059
-0.00970381   -0.237031     2.12533      0.1615   -0.260648     2.16863    -1.07059
-0.00968547   -0.237042     2.12533    0.161456   -0.260658     2.16865     -1.0706
-0.00966716   -0.237052     2.12533    0.161412   -0.260669     2.16867    -1.07061
-0.00964889   -0.237063     2.12533    0.161368    -0.26068      2.1687    -1.07061
-0.00963065   -0.237073     2.12534    0.161324   -0.260691     2.16872    -1.07062
-0.00961245   -0.237084     2.12534     0.16128   -0.260701     2.16874    -1.07063
-0.00959429   -0.237095     2.12534    0.161237   -0.260712     2.16877    -1.07063
-0.00957615   -0.237105     2.12535    0.161193   -0.260723     2.16879    -1.07064
-0.00955806   -0.237116     2.12535     0.16115   -0.260734     2.16881    -1.07065
 -0.00954 -0.237126   2.12535  0.161106 -0.260744   2.16883  -1.07065
-0.00952197   -0.237136     2.12536    0.161063   -0.260755     2.16886    -1.07066
-0.00950398   -0.237147     2.12536     0.16102   -0.260766     2.16888    -1.07066
-0.00948602   -0.237157     2.12536    0.160977   -0.260776      2.1689    -1.07067
-0.00946809   -0.237168     2.12536    0.160934   -0.260787     2.16892    -1.07068
-0.0094502  -0.237178    2.12537   0.160891  -0.260798    2.16894   -1.07068
-0.00943235   -0.237188     2.12537    0.160848   -0.260808     2.16897    -1.07069
-0.00941453   -0.237199     2.12537    0.160805   -0.260819     2.16899     -1.0707
-0.00939674   -0.237209     2.12538    0.160762    -0.26083     2.16901     -1.0707
-0.00937899   -0.237219     2.12538     0.16072    -0.26084     2.16903    -1.07071
-0.00936127   -0.237229     2.12538    0.160677   -0.260851     2.16906    -1.07071
-0.00934358    -0.23724     2.12539    0.160635   -0.260861     2.16908    -1.07072
-0.00932593    -0.23725     2.12539    0.160592   -0.260872      2.1691    -1.07073
-0.00930831    -0.23726     2.12539     0.16055   -0.260883     2.16912    -1.07073
-0.00929073    -0.23727     2.12539    0.160508   -0.260893     2.16914    -1.07074
-0.00927318    -0.23728      2.1254    0.160466   -0.260904     2.16917    -1.07074
-0.00925566    -0.23729      2.1254    0.160424   -0.260914     2.16919    -1.07075
-0.00923818     -0.2373      2.1254    0.160382   -0.260925     2.16921    -1.07076
-0.00922073    -0.23731     2.12541     0.16034   -0.260935     2.16923    -1.07076
