 -0.0125308 0.000832606  -0.0577143
-0.00130822 0.000339678  -0.0347503
 0.00770025 0.000297359  -0.0185997
  0.0146653 0.000444721 -0.00730023
  0.0199503 0.000650063  0.00060505
   0.023925 0.000851845  0.00615358
 0.0269048 0.00102526  0.0100692
 0.0291402 0.00116376  0.0128521
 0.0308232 0.00126916  0.0148471
 0.0320978 0.00134645  0.0162917
 0.0330708 0.00140133  0.0173501
 0.0338209 0.00143906  0.0181356
 0.0344056 0.00146403  0.0187272
 0.0348671 0.00147973  0.0191797
 0.0352361 0.00148885  0.0195317
 0.0355349 0.00149338    0.01981
   0.03578 0.00149477  0.0200339
 0.0359834 0.00149407  0.0202167
 0.0361541 0.00149204  0.0203683
 0.0362987 0.00148918  0.0204956
 0.0364222 0.00148586  0.0206037
 0.0365284 0.00148232  0.0206964
 0.0366202 0.00147873  0.0207766
 0.0366999 0.00147518  0.0208464
 0.0367693 0.00147175  0.0209075
   0.03683 0.00146846  0.0209611
  0.036883 0.00146535  0.0210083
 0.0369293 0.00146242  0.0210499
 0.0369699 0.00145967  0.0210867
0.0370053 0.0014571 0.0211192
 0.0370363 0.00145469   0.021148
 0.0370632 0.00145243  0.0211734
 0.0370866 0.00145033  0.0211958
 0.0371068 0.00144836  0.0212155
 0.0371242 0.00144651  0.0212328
 0.0371391 0.00144478  0.0212481
 0.0371518 0.00144315  0.0212614
 0.0371624 0.00144162   0.021273
 0.0371713 0.00144017   0.021283
 0.0371786 0.00143881  0.0212917
 0.0371844 0.00143752  0.0212992
 0.037189 0.0014363 0.0213055
 0.0371924 0.00143514  0.0213108
 0.0371948 0.00143403  0.0213152
 0.0371963 0.00143297  0.0213188
 0.0371969 0.00143196  0.0213217
0.0371968  0.001431 0.0213239
 0.0371961 0.00143007  0.0213255
 0.0371948 0.00142917  0.0213266
 0.0371929 0.00142831  0.0213272
 0.0371906 0.00142748  0.0213274
 0.0371879 0.00142667  0.0213272
 0.0371848 0.00142589  0.0213266
 0.0371814 0.00142513  0.0213257
 0.0371776 0.00142439  0.0213246
 0.0371736 0.00142367  0.0213232
 0.0371694 0.00142297  0.0213216
  0.037165 0.00142228  0.0213198
 0.0371603 0.00142161  0.0213178
 0.0371556 0.00142095  0.0213156
0.0371506 0.0014203 0.0213133
 0.0371456 0.00141967  0.0213109
 0.0371404 0.00141904  0.0213083
 0.0371352 0.00141843  0.0213057
 0.0371298 0.00141782   0.021303
 0.0371244 0.00141722  0.0213001
 0.0371189 0.00141663  0.0212973
 0.0371134 0.00141605  0.0212943
 0.0371078 0.00141548  0.0212913
 0.0371022 0.00141491  0.0212883
 0.0370965 0.00141434  0.0212852
 0.0370908 0.00141378  0.0212821
 0.0370852 0.00141323  0.0212789
 0.0370794 0.00141268  0.0212757
 0.0370737 0.00141214  0.0212725
 0.037068 0.0014116 0.0212693
 0.0370622 0.00141107   0.021266
 0.0370565 0.00141053  0.0212628
 0.0370508 0.00141001  0.0212595
  0.037045 0.00140948  0.0212563
 0.0370393 0.00140896   0.021253
 0.0370336 0.00140845  0.0212497
 0.0370279 0.00140793  0.0212464
 0.0370222 0.00140742  0.0212432
 0.0370165 0.00140691  0.0212399
 0.0370109 0.00140641  0.0212366
 0.0370052 0.00140591  0.0212334
 0.0369996 0.00140541  0.0212301
  0.036994 0.00140491  0.0212268
 0.0369884 0.00140442  0.0212236
 0.0369828 0.00140392  0.0212203
 0.0369773 0.00140343  0.0212171
 0.0369717 0.00140295  0.0212139
 0.0369662 0.00140246  0.0212107
 0.0369607 0.00140198  0.0212075
0.0369553 0.0014015 0.0212043
 0.0369498 0.00140102  0.0212011
 0.0369444 0.00140054  0.0211979
  0.036939 0.00140007  0.0211948
0.0369336 0.0013996 0.0211916
 0.0369283 0.00139912  0.0211885
 0.0369229 0.00139866  0.0211854
 0.0369176 0.00139819  0.0211823
 0.0369123 0.00139772  0.0211792
 0.0369071 0.00139726  0.0211761
0.0369018 0.0013968  0.021173
 0.0368966 0.00139634    0.02117
 0.0368914 0.00139588  0.0211669
 0.0368863 0.00139543  0.0211639
 0.0368811 0.00139498  0.0211609
  0.036876 0.00139452  0.0211579
 0.0368709 0.00139407  0.0211549
 0.0368659 0.00139363  0.0211519
 0.0368608 0.00139318  0.0211489
 0.0368558 0.00139273   0.021146
 0.0368508 0.00139229   0.021143
 0.0368458 0.00139185  0.0211401
 0.0368409 0.00139141  0.0211372
  0.036836 0.00139097  0.0211343
 0.0368311 0.00139053  0.0211314
0.0368262 0.0013901 0.0211285
 0.0368213 0.00138967  0.0211257
 0.0368165 0.00138924  0.0211228
 0.0368117 0.00138881    0.02112
 0.0368069 0.00138838  0.0211172
 0.0368021 0.00138795  0.0211144
 0.0367974 0.00138753  0.0211116
0.0367927 0.0013871 0.0211088
  0.036788 0.00138668   0.021106
 0.0367833 0.00138626  0.0211033
 0.0367786 0.00138584  0.0211005
  0.036774 0.00138543  0.0210978
 0.0367694 0.00138501  0.0210951
0.0367648 0.0013846 0.0210924
 0.0367603 0.00138418  0.0210897
 0.0367557 0.00138377   0.021087
 0.0367512 0.00138336  0.0210843
 0.0367467 0.00138296  0.0210817
 0.0367422 0.00138255   0.021079
 0.0367378 0.00138214  0.0210764
 0.0367333 0.00138174  0.0210738
 0.0367289 0.00138134  0.0210712
 0.0367245 0.00138094  0.0210686
 0.0367201 0.00138054   0.021066
 0.0367158 0.00138014  0.0210634
 0.0367115 0.00137975  0.0210609
 0.0367071 0.00137935  0.0210583
 0.0367029 0.00137896  0.0210558
 0.0366986 0.00137857  0.0210533
 0.0366943 0.00137818  0.0210508
 0.0366901 0.00137779  0.0210483
0.0366859 0.0013774 0.0210458
 0.0366817 0.00137702  0.0210433
 0.0366775 0.00137663  0.0210408
 0.0366734 0.00137625  0.0210384
 0.0366693 0.00137587  0.0210359
 0.0366651 0.00137549  0.0210335
  0.036661 0.00137511  0.0210311
  0.036657 0.00137473  0.0210287
 0.0366529 0.00137435  0.0210263
 0.0366489 0.00137398  0.0210239
 0.0366449 0.00137361  0.0210215
 0.0366409 0.00137323  0.0210191
 0.0366369 0.00137286  0.0210168
 0.0366329 0.00137249  0.0210145
  0.036629 0.00137213  0.0210121
 0.0366251 0.00137176  0.0210098
 0.0366212 0.00137139  0.0210075
 0.0366173 0.00137103  0.0210052
 0.0366134 0.00137067  0.0210029
 0.0366096 0.00137031  0.0210006
 0.0366057 0.00136995  0.0209983
 0.0366019 0.00136959  0.0209961
 0.0365981 0.00136923  0.0209938
 0.0365944 0.00136887  0.0209916
 0.0365906 0.00136852  0.0209894
 0.0365869 0.00136816  0.0209871
 0.0365831 0.00136781  0.0209849
 0.0365794 0.00136746  0.0209827
 0.0365757 0.00136711  0.0209805
 0.0365721 0.00136676  0.0209784
 0.0365684 0.00136642  0.0209762
 0.0365648 0.00136607   0.020974
 0.0365611 0.00136572  0.0209719
 0.0365575 0.00136538  0.0209698
 0.0365539 0.00136504  0.0209676
0.0365504 0.0013647 0.0209655
 0.0365468 0.00136436  0.0209634
 0.0365433 0.00136402  0.0209613
 0.0365398 0.00136368  0.0209592
 0.0365363 0.00136334  0.0209571
 0.0365328 0.00136301   0.020955
 0.0365293 0.00136267   0.020953
 0.0365258 0.00136234  0.0209509
 0.0365224 0.00136201  0.0209489
  0.036519 0.00136168  0.0209468
 0.0365156 0.00136135  0.0209448
 0.0365122 0.00136102  0.0209428
0.0365088 0.0013607 0.0209408
 0.0365054 0.00136037  0.0209388
 0.0365021 0.00136005  0.0209368
 0.0364987 0.00135972  0.0209348
0.0364954 0.0013594 0.0209328
 0.0364921 0.00135908  0.0209309
 0.0364888 0.00135876  0.0209289
 0.0364856 0.00135844   0.020927
 0.0364823 0.00135812   0.020925
0.0364791 0.0013578 0.0209231
 0.0364758 0.00135749  0.0209212
 0.0364726 0.00135717  0.0209193
 0.0364694 0.00135686  0.0209174
 0.0364662 0.00135655  0.0209155
 0.0364631 0.00135624  0.0209136
 0.0364599 0.00135593  0.0209117
 0.0364568 0.00135562  0.0209098
 0.0364537 0.00135531   0.020908
0.0364505  0.001355 0.0209061
0.0364474 0.0013547 0.0209043
 0.0364444 0.00135439  0.0209024
 0.0364413 0.00135409  0.0209006
 0.0364382 0.00135379  0.0208988
 0.0364352 0.00135349   0.020897
 0.0364322 0.00135319  0.0208952
 0.0364292 0.00135289  0.0208934
 0.0364262 0.00135259  0.0208916
 0.0364232 0.00135229  0.0208898
 0.0364202 0.00135199   0.020888
0.0364172 0.0013517 0.0208863
0.0364143 0.0013514 0.0208845
 0.0364114 0.00135111  0.0208828
 0.0364084 0.00135082   0.020881
 0.0364055 0.00135053  0.0208793
 0.0364026 0.00135024  0.0208776
 0.0363998 0.00134995  0.0208758
 0.0363969 0.00134966  0.0208741
  0.036394 0.00134937  0.0208724
 0.0363912 0.00134909  0.0208707
0.0363884 0.0013488  0.020869
 0.0363856 0.00134852  0.0208674
 0.0363828 0.00134823  0.0208657
   0.03638 0.00134795   0.020864
 0.0363772 0.00134767  0.0208624
 0.0363744 0.00134739  0.0208607
 0.0363717 0.00134711  0.0208591
 0.0363689 0.00134683  0.0208574
 0.0363662 0.00134655  0.0208558
 0.0363635 0.00134628  0.0208542
0.0363608  0.001346 0.0208525
 0.0363581 0.00134573  0.0208509
 0.0363554 0.00134545  0.0208493
 0.0363528 0.00134518  0.0208477
 0.0363501 0.00134491  0.0208461
 0.0363475 0.00134464  0.0208446
 0.0363448 0.00134437   0.020843
0.0363422 0.0013441 0.0208414
 0.0363396 0.00134383  0.0208399
  0.036337 0.00134357  0.0208383
0.0363344 0.0013433 0.0208368
 0.0363318 0.00134303  0.0208352
 0.0363293 0.00134277  0.0208337
 0.0363267 0.00134251  0.0208322
 0.0363242 0.00134224  0.0208306
 0.0363217 0.00134198  0.0208291
 0.0363191 0.00134172  0.0208276
 0.0363166 0.00134146  0.0208261
0.0363141 0.0013412 0.0208246
 0.0363117 0.00134094  0.0208231
 0.0363092 0.00134069  0.0208216
 0.0363067 0.00134043  0.0208202
 0.0363043 0.00134017  0.0208187
 0.0363018 0.00133992  0.0208172
 0.0362994 0.00133967  0.0208158
  0.036297 0.00133941  0.0208143
 0.0362946 0.00133916  0.0208129
 0.0362922 0.00133891  0.0208114
 0.0362898 0.00133866    0.02081
 0.0362874 0.00133841  0.0208086
 0.0362851 0.00133816  0.0208072
 0.0362827 0.00133791  0.0208057
 0.0362804 0.00133767  0.0208043
  0.036278 0.00133742  0.0208029
 0.0362757 0.00133717  0.0208015
 0.0362734 0.00133693  0.0208002
 0.0362711 0.00133669  0.0207988
 0.0362688 0.00133644  0.0207974
0.0362665 0.0013362  0.020796
 0.0362642 0.00133596  0.0207947
  0.036262 0.00133572  0.0207933
 0.0362597 0.00133548  0.0207919
 0.0362575 0.00133524  0.0207906
0.0362552  0.001335 0.0207892
  0.036253 0.00133477  0.0207879
 0.0362508 0.00133453  0.0207866
 0.0362486 0.00133429  0.0207852
 0.0362464 0.00133406  0.0207839
 0.0362442 0.00133382  0.0207826
  0.036242 0.00133359  0.0207813
 0.0362399 0.00133336    0.02078
 0.0362377 0.00133313  0.0207787
0.0362356 0.0013329 0.0207774
 0.0362334 0.00133267  0.0207761
 0.0362313 0.00133244  0.0207748
 0.0362292 0.00133221  0.0207736
 0.0362271 0.00133198  0.0207723
  0.036225 0.00133175   0.020771
 0.0362229 0.00133153  0.0207698
0.0362208 0.0013313 0.0207685
 0.0362187 0.00133108  0.0207673
 0.0362166 0.00133085   0.020766
 0.0362146 0.00133063  0.0207648
 0.0362125 0.00133041  0.0207635
 0.0362105 0.00133018  0.0207623
 0.0362085 0.00132996  0.0207611
 0.0362064 0.00132974  0.0207599
 0.0362044 0.00132952  0.0207587
0.0362024 0.0013293 0.0207574
 0.0362004 0.00132908  0.0207562
 0.0361984 0.00132887   0.020755
 0.0361965 0.00132865  0.0207538
 0.0361945 0.00132843  0.0207527
 0.0361925 0.00132822  0.0207515
0.0361906  0.001328 0.0207503
 0.0361886 0.00132779  0.0207491
 0.0361867 0.00132758   0.020748
 0.0361848 0.00132736  0.0207468
 0.0361829 0.00132715  0.0207456
 0.0361809 0.00132694  0.0207445
  0.036179 0.00132673  0.0207433
 0.0361772 0.00132652  0.0207422
 0.0361753 0.00132631   0.020741
0.0361734 0.0013261 0.0207399
0.0361715 0.0013259 0.0207388
 0.0361697 0.00132569  0.0207376
 0.0361678 0.00132548  0.0207365
  0.036166 0.00132528  0.0207354
 0.0361641 0.00132507  0.0207343
 0.0361623 0.00132487  0.0207332
 0.0361605 0.00132466  0.0207321
 0.0361586 0.00132446   0.020731
 0.0361568 0.00132426  0.0207299
  0.036155 0.00132406  0.0207288
 0.0361532 0.00132386  0.0207277
 0.0361515 0.00132366  0.0207266
 0.0361497 0.00132346  0.0207256
 0.0361479 0.00132326  0.0207245
 0.0361461 0.00132306  0.0207234
 0.0361444 0.00132286  0.0207224
 0.0361426 0.00132266  0.0207213
 0.0361409 0.00132247  0.0207203
 0.0361392 0.00132227  0.0207192
 0.0361375 0.00132208  0.0207182
 0.0361357 0.00132188  0.0207171
  0.036134 0.00132169  0.0207161
0.0361323 0.0013215 0.0207151
0.0361306 0.0013213  0.020714
 0.0361289 0.00132111   0.020713
 0.0361273 0.00132092   0.020712
 0.0361256 0.00132073   0.020711
 0.0361239 0.00132054    0.02071
 0.0361222 0.00132035  0.0207089
 0.0361206 0.00132016  0.0207079
 0.0361189 0.00131997  0.0207069
 0.0361173 0.00131978   0.020706
0.0361157 0.0013196  0.020705
  0.036114 0.00131941   0.020704
 0.0361124 0.00131923   0.020703
 0.0361108 0.00131904   0.020702
 0.0361092 0.00131886   0.020701
 0.0361076 0.00131867  0.0207001
  0.036106 0.00131849  0.0206991
 0.0361044 0.00131831  0.0206981
 0.0361029 0.00131812  0.0206972
 0.0361013 0.00131794  0.0206962
 0.0360997 0.00131776  0.0206953
 0.0360982 0.00131758  0.0206943
0.0360966 0.0013174 0.0206934
 0.0360951 0.00131722  0.0206924
 0.0360935 0.00131704  0.0206915
  0.036092 0.00131686  0.0206906
 0.0360905 0.00131669  0.0206896
 0.0360889 0.00131651  0.0206887
 0.0360874 0.00131633  0.0206878
 0.0360859 0.00131616  0.0206869
 0.0360844 0.00131598   0.020686
 0.0360829 0.00131581  0.0206851
 0.0360814 0.00131563  0.0206842
 0.0360799 0.00131546  0.0206832
 0.0360785 0.00131529  0.0206823
  0.036077 0.00131511  0.0206815
 0.0360755 0.00131494  0.0206806
 0.0360741 0.00131477  0.0206797
0.0360726 0.0013146 0.0206788
 0.0360712 0.00131443  0.0206779
 0.0360697 0.00131426   0.020677
 0.0360683 0.00131409  0.0206762
 0.0360669 0.00131392  0.0206753
 0.0360654 0.00131375  0.0206744
  0.036064 0.00131359  0.0206736
 0.0360626 0.00131342  0.0206727
 0.0360612 0.00131325  0.0206718
 0.0360598 0.00131309   0.020671
 0.0360584 0.00131292  0.0206701
  0.036057 0.00131276  0.0206693
 0.0360556 0.00131259  0.0206684
 0.0360543 0.00131243  0.0206676
 0.0360529 0.00131226  0.0206668
0.0360515 0.0013121 0.0206659
 0.0360502 0.00131194  0.0206651
 0.0360488 0.00131178  0.0206643
 0.0360475 0.00131162  0.0206635
 0.0360461 0.00131146  0.0206626
0.0360448 0.0013113 0.0206618
 0.0360435 0.00131114   0.020661
 0.0360421 0.00131098  0.0206602
 0.0360408 0.00131082  0.0206594
 0.0360395 0.00131066  0.0206586
0.0360382 0.0013105 0.0206578
 0.0360369 0.00131035   0.020657
 0.0360356 0.00131019  0.0206562
 0.0360343 0.00131003  0.0206554
  0.036033 0.00130988  0.0206546
 0.0360317 0.00130972  0.0206538
 0.0360304 0.00130957  0.0206531
 0.0360292 0.00130941  0.0206523
 0.0360279 0.00130926  0.0206515
 0.0360266 0.00130911  0.0206507
 0.0360254 0.00130895    0.02065
0.0360241 0.0013088 0.0206492
 0.0360229 0.00130865  0.0206484
0.0360216 0.0013085 0.0206477
 0.0360204 0.00130835  0.0206469
0.0360191 0.0013082 0.0206462
 0.0360179 0.00130805  0.0206454
0.0360167 0.0013079 0.0206447
 0.0360155 0.00130775  0.0206439
0.0360143 0.0013076 0.0206432
 0.0360131 0.00130745  0.0206424
0.0360119 0.0013073 0.0206417
 0.0360107 0.00130716   0.020641
 0.0360095 0.00130701  0.0206402
 0.0360083 0.00130686  0.0206395
 0.0360071 0.00130672  0.0206388
 0.0360059 0.00130657  0.0206381
 0.0360047 0.00130643  0.0206373
 0.0360036 0.00130628  0.0206366
 0.0360024 0.00130614  0.0206359
0.0360012  0.001306 0.0206352
 0.0360001 0.00130585  0.0206345
 0.0359989 0.00130571  0.0206338
 0.0359978 0.00130557  0.0206331
 0.0359966 0.00130543  0.0206324
 0.0359955 0.00130529  0.0206317
 0.0359944 0.00130515   0.020631
 0.0359932 0.00130501  0.0206303
 0.0359921 0.00130487  0.0206296
  0.035991 0.00130473  0.0206289
 0.0359899 0.00130459  0.0206282
 0.0359888 0.00130445  0.0206275
 0.0359877 0.00130431  0.0206269
 0.0359866 0.00130417  0.0206262
 0.0359855 0.00130404  0.0206255
0.0359844 0.0013039 0.0206248
 0.0359833 0.00130376  0.0206242
 0.0359822 0.00130363  0.0206235
 0.0359811 0.00130349  0.0206228
   0.03598 0.00130336  0.0206222
  0.035979 0.00130322  0.0206215
 0.0359779 0.00130309  0.0206209
 0.0359768 0.00130295  0.0206202
 0.0359758 0.00130282  0.0206196
 0.0359747 0.00130269  0.0206189
 0.0359737 0.00130256  0.0206183
 0.0359726 0.00130242  0.0206176
 0.0359716 0.00130229   0.020617
 0.0359706 0.00130216  0.0206164
 0.0359695 0.00130203  0.0206157
0.0359685 0.0013019 0.0206151
 0.0359675 0.00130177  0.0206145
 0.0359664 0.00130164  0.0206138
 0.0359654 0.00130151  0.0206132
 0.0359644 0.00130138  0.0206126
 0.0359634 0.00130125   0.020612
 0.0359624 0.00130112  0.0206113
0.0359614  0.001301 0.0206107
 0.0359604 0.00130087  0.0206101
 0.0359594 0.00130074  0.0206095
 0.0359584 0.00130062  0.0206089
 0.0359574 0.00130049  0.0206083
 0.0359565 0.00130036  0.0206077
 0.0359555 0.00130024  0.0206071
 0.0359545 0.00130011  0.0206065
 0.0359535 0.00129999  0.0206059
 0.0359526 0.00129987  0.0206053
 0.0359516 0.00129974  0.0206047
 0.0359506 0.00129962  0.0206041
 0.0359497 0.00129949  0.0206035
 0.0359487 0.00129937  0.0206029
 0.0359478 0.00129925  0.0206023
 0.0359468 0.00129913  0.0206018
 0.0359459 0.00129901  0.0206012
  0.035945 0.00129889  0.0206006
  0.035944 0.00129876     0.0206
 0.0359431 0.00129864  0.0205994
 0.0359422 0.00129852  0.0205989
0.0359413 0.0012984 0.0205983
 0.0359403 0.00129829  0.0205977
 0.0359394 0.00129817  0.0205972
 0.0359385 0.00129805  0.0205966
 0.0359376 0.00129793  0.0205961
 0.0359367 0.00129781  0.0205955
 0.0359358 0.00129769  0.0205949
 0.0359349 0.00129758  0.0205944
  0.035934 0.00129746  0.0205938
 0.0359331 0.00129734  0.0205933
 0.0359322 0.00129723  0.0205927
 0.0359313 0.00129711  0.0205922
0.0359305  0.001297 0.0205916
 0.0359296 0.00129688  0.0205911
 0.0359287 0.00129677  0.0205906
 0.0359278 0.00129665    0.02059
  0.035927 0.00129654  0.0205895
 0.0359261 0.00129643   0.020589
 0.0359253 0.00129631  0.0205884
0.0359244 0.0012962 0.0205879
 0.0359235 0.00129609  0.0205874
 0.0359227 0.00129598  0.0205868
 0.0359218 0.00129586  0.0205863
  0.035921 0.00129575  0.0205858
 0.0359202 0.00129564  0.0205853
 0.0359193 0.00129553  0.0205848
 0.0359185 0.00129542  0.0205842
 0.0359177 0.00129531  0.0205837
0.0359168 0.0012952 0.0205832
  0.035916 0.00129509  0.0205827
 0.0359152 0.00129498  0.0205822
 0.0359144 0.00129487  0.0205817
 0.0359136 0.00129477  0.0205812
 0.0359127 0.00129466  0.0205807
 0.0359119 0.00129455  0.0205802
 0.0359111 0.00129444  0.0205797
 0.0359103 0.00129434  0.0205792
 0.0359095 0.00129423  0.0205787
 0.0359087 0.00129412  0.0205782
 0.0359079 0.00129402  0.0205777
 0.0359071 0.00129391  0.0205772
 0.0359064 0.00129381  0.0205767
0.0359056 0.0012937 0.0205762
0.0359048 0.0012936 0.0205758
  0.035904 0.00129349  0.0205753
 0.0359032 0.00129339  0.0205748
 0.0359025 0.00129328  0.0205743
 0.0359017 0.00129318  0.0205738
 0.0359009 0.00129308  0.0205734
 0.0359002 0.00129297  0.0205729
 0.0358994 0.00129287  0.0205724
 0.0358986 0.00129277   0.020572
 0.0358979 0.00129267  0.0205715
 0.0358971 0.00129257   0.020571
 0.0358964 0.00129246  0.0205706
 0.0358956 0.00129236  0.0205701
 0.0358949 0.00129226  0.0205696
 0.0358942 0.00129216  0.0205692
 0.0358934 0.00129206  0.0205687
 0.0358927 0.00129196  0.0205683
  0.035892 0.00129186  0.0205678
 0.0358912 0.00129176  0.0205673
 0.0358905 0.00129167  0.0205669
 0.0358898 0.00129157  0.0205664
 0.0358891 0.00129147   0.020566
 0.0358883 0.00129137  0.0205655
 0.0358876 0.00129127  0.0205651
 0.0358869 0.00129118  0.0205647
 0.0358862 0.00129108  0.0205642
 0.0358855 0.00129098  0.0205638
 0.0358848 0.00129089  0.0205633
 0.0358841 0.00129079  0.0205629
 0.0358834 0.00129069  0.0205625
0.0358827 0.0012906  0.020562
 0.035882 0.0012905 0.0205616
 0.0358813 0.00129041  0.0205612
 0.0358806 0.00129031  0.0205607
 0.0358799 0.00129022  0.0205603
 0.0358792 0.00129012  0.0205599
 0.0358786 0.00129003  0.0205595
 0.0358779 0.00128994   0.020559
 0.0358772 0.00128984  0.0205586
 0.0358765 0.00128975  0.0205582
 0.0358758 0.00128966  0.0205578
 0.0358752 0.00128957  0.0205574
 0.0358745 0.00128947   0.020557
 0.0358738 0.00128938  0.0205565
 0.0358732 0.00128929  0.0205561
0.0358725 0.0012892 0.0205557
 0.0358719 0.00128911  0.0205553
 0.0358712 0.00128902  0.0205549
 0.0358706 0.00128893  0.0205545
 0.0358699 0.00128884  0.0205541
 0.0358693 0.00128875  0.0205537
 0.0358686 0.00128866  0.0205533
  0.035868 0.00128857  0.0205529
 0.0358673 0.00128848  0.0205525
 0.0358667 0.00128839  0.0205521
0.0358661 0.0012883 0.0205517
 0.0358654 0.00128821  0.0205513
 0.0358648 0.00128812  0.0205509
 0.0358642 0.00128804  0.0205505
 0.0358636 0.00128795  0.0205501
 0.0358629 0.00128786  0.0205497
 0.0358623 0.00128777  0.0205493
 0.0358617 0.00128769   0.020549
0.0358611 0.0012876 0.0205486
 0.0358605 0.00128751  0.0205482
 0.0358598 0.00128743  0.0205478
 0.0358592 0.00128734  0.0205474
 0.0358586 0.00128726  0.0205471
  0.035858 0.00128717  0.0205467
 0.0358574 0.00128709  0.0205463
0.0358568  0.001287 0.0205459
 0.0358562 0.00128692  0.0205455
 0.0358556 0.00128683  0.0205452
  0.035855 0.00128675  0.0205448
 0.0358544 0.00128667  0.0205444
 0.0358538 0.00128658  0.0205441
0.0358533 0.0012865 0.0205437
 0.0358527 0.00128642  0.0205433
 0.0358521 0.00128633   0.020543
 0.0358515 0.00128625  0.0205426
 0.0358509 0.00128617  0.0205422
 0.0358504 0.00128609  0.0205419
 0.0358498 0.00128601  0.0205415
 0.0358492 0.00128592  0.0205412
 0.0358486 0.00128584  0.0205408
 0.0358481 0.00128576  0.0205405
 0.0358475 0.00128568  0.0205401
0.0358469 0.0012856 0.0205397
 0.0358464 0.00128552  0.0205394
 0.0358458 0.00128544   0.020539
 0.0358453 0.00128536  0.0205387
 0.0358447 0.00128528  0.0205383
0.0358441 0.0012852  0.020538
 0.0358436 0.00128512  0.0205377
  0.035843 0.00128504  0.0205373
 0.0358425 0.00128497   0.020537
 0.0358419 0.00128489  0.0205366
 0.0358414 0.00128481  0.0205363
 0.0358409 0.00128473  0.0205359
 0.0358403 0.00128465  0.0205356
 0.0358398 0.00128458  0.0205353
0.0358392 0.0012845 0.0205349
 0.0358387 0.00128442  0.0205346
 0.0358382 0.00128435  0.0205343
 0.0358376 0.00128427  0.0205339
 0.0358371 0.00128419  0.0205336
 0.0358366 0.00128412  0.0205333
 0.0358361 0.00128404  0.0205329
 0.0358355 0.00128397  0.0205326
  0.035835 0.00128389  0.0205323
 0.0358345 0.00128382   0.020532
  0.035834 0.00128374  0.0205316
 0.0358335 0.00128367  0.0205313
  0.035833 0.00128359   0.020531
 0.0358324 0.00128352  0.0205307
 0.0358319 0.00128344  0.0205304
 0.0358314 0.00128337    0.02053
0.0358309 0.0012833 0.0205297
 0.0358304 0.00128322  0.0205294
 0.0358299 0.00128315  0.0205291
 0.0358294 0.00128308  0.0205288
 0.0358289 0.00128301  0.0205285
 0.0358284 0.00128293  0.0205282
 0.0358279 0.00128286  0.0205278
 0.0358274 0.00128279  0.0205275
 0.0358269 0.00128272  0.0205272
 0.0358264 0.00128265  0.0205269
  0.035826 0.00128257  0.0205266
0.0358255 0.0012825 0.0205263
  0.035825 0.00128243   0.020526
 0.0358245 0.00128236  0.0205257
  0.035824 0.00128229  0.0205254
 0.0358235 0.00128222  0.0205251
 0.0358231 0.00128215  0.0205248
 0.0358226 0.00128208  0.0205245
 0.0358221 0.00128201  0.0205242
 0.0358216 0.00128194  0.0205239
 0.0358212 0.00128187  0.0205236
0.0358207 0.0012818 0.0205233
 0.0358202 0.00128173   0.020523
 0.0358198 0.00128167  0.0205227
0.0358193 0.0012816 0.0205224
 0.0358188 0.00128153  0.0205221
 0.0358184 0.00128146  0.0205218
 0.0358179 0.00128139  0.0205216
 0.0358175 0.00128132  0.0205213
  0.035817 0.00128126   0.020521
 0.0358165 0.00128119  0.0205207
 0.0358161 0.00128112  0.0205204
 0.0358156 0.00128106  0.0205201
 0.0358152 0.00128099  0.0205198
 0.0358147 0.00128092  0.0205196
 0.0358143 0.00128086  0.0205193
 0.0358139 0.00128079   0.020519
 0.0358134 0.00128073  0.0205187
  0.035813 0.00128066  0.0205184
 0.0358125 0.00128059  0.0205182
 0.0358121 0.00128053  0.0205179
 0.0358117 0.00128046  0.0205176
0.0358112 0.0012804 0.0205173
 0.0358108 0.00128033  0.0205171
 0.0358103 0.00128027  0.0205168
 0.0358099 0.00128021  0.0205165
 0.0358095 0.00128014  0.0205163
 0.0358091 0.00128008   0.020516
 0.0358086 0.00128001  0.0205157
 0.0358082 0.00127995  0.0205155
 0.0358078 0.00127989  0.0205152
 0.0358074 0.00127982  0.0205149
 0.0358069 0.00127976  0.0205147
0.0358065 0.0012797 0.0205144
 0.0358061 0.00127964  0.0205141
 0.0358057 0.00127957  0.0205139
 0.0358053 0.00127951  0.0205136
 0.0358049 0.00127945  0.0205133
 0.0358044 0.00127939  0.0205131
  0.035804 0.00127933  0.0205128
 0.0358036 0.00127926  0.0205126
0.0358032 0.0012792 0.0205123
 0.0358028 0.00127914  0.0205121
 0.0358024 0.00127908  0.0205118
  0.035802 0.00127902  0.0205115
 0.0358016 0.00127896  0.0205113
0.0358012 0.0012789  0.020511
 0.0358008 0.00127884  0.0205108
 0.0358004 0.00127878  0.0205105
    0.0358 0.00127872  0.0205103
 0.0357996 0.00127866    0.02051
0.0357992 0.0012786 0.0205098
 0.0357988 0.00127854  0.0205095
 0.0357984 0.00127848  0.0205093
 0.0357981 0.00127842  0.0205091
 0.0357977 0.00127836  0.0205088
0.0357973 0.0012783 0.0205086
 0.0357969 0.00127825  0.0205083
 0.0357965 0.00127819  0.0205081
 0.0357961 0.00127813  0.0205078
 0.0357957 0.00127807  0.0205076
 0.0357954 0.00127801  0.0205074
  0.035795 0.00127796  0.0205071
0.0357946 0.0012779 0.0205069
 0.0357942 0.00127784  0.0205066
 0.0357939 0.00127778  0.0205064
 0.0357935 0.00127773  0.0205062
 0.0357931 0.00127767  0.0205059
 0.0357927 0.00127761  0.0205057
 0.0357924 0.00127756  0.0205055
 0.035792 0.0012775 0.0205052
 0.0357916 0.00127744   0.020505
 0.0357913 0.00127739  0.0205048
 0.0357909 0.00127733  0.0205045
 0.0357905 0.00127728  0.0205043
 0.0357902 0.00127722  0.0205041
 0.0357898 0.00127717  0.0205039
 0.0357895 0.00127711  0.0205036
 0.0357891 0.00127706  0.0205034
0.0357887  0.001277 0.0205032
 0.0357884 0.00127695   0.020503
  0.035788 0.00127689  0.0205027
 0.0357877 0.00127684  0.0205025
 0.0357873 0.00127678  0.0205023
  0.035787 0.00127673  0.0205021
 0.0357866 0.00127668  0.0205018
 0.0357863 0.00127662  0.0205016
 0.0357859 0.00127657  0.0205014
 0.0357856 0.00127652  0.0205012
 0.0357852 0.00127646   0.020501
 0.0357849 0.00127641  0.0205007
 0.0357846 0.00127636  0.0205005
0.0357842 0.0012763 0.0205003
 0.0357839 0.00127625  0.0205001
0.0357835 0.0012762 0.0204999
 0.0357832 0.00127615  0.0204997
 0.0357829 0.00127609  0.0204995
 0.0357825 0.00127604  0.0204992
 0.0357822 0.00127599   0.020499
 0.0357819 0.00127594  0.0204988
 0.0357815 0.00127589  0.0204986
 0.0357812 0.00127584  0.0204984
 0.0357809 0.00127578  0.0204982
 0.0357805 0.00127573   0.020498
 0.0357802 0.00127568  0.0204978
 0.0357799 0.00127563  0.0204976
 0.0357796 0.00127558  0.0204974
 0.0357792 0.00127553  0.0204972
 0.0357789 0.00127548   0.020497
 0.0357786 0.00127543  0.0204967
 0.0357783 0.00127538  0.0204965
 0.0357779 0.00127533  0.0204963
 0.0357776 0.00127528  0.0204961
 0.0357773 0.00127523  0.0204959
  0.035777 0.00127518  0.0204957
 0.0357767 0.00127513  0.0204955
 0.0357764 0.00127508  0.0204953
  0.035776 0.00127503  0.0204951
 0.0357757 0.00127499  0.0204949
 0.0357754 0.00127494  0.0204947
 0.0357751 0.00127489  0.0204945
 0.0357748 0.00127484  0.0204944
 0.0357745 0.00127479  0.0204942
 0.0357742 0.00127474   0.020494
0.0357739 0.0012747 0.0204938
 0.0357736 0.00127465  0.0204936
0.0357733 0.0012746 0.0204934
  0.035773 0.00127455  0.0204932
0.0357727 0.0012745  0.020493
 0.0357724 0.00127446  0.0204928
 0.0357721 0.00127441  0.0204926
 0.0357718 0.00127436  0.0204924
 0.0357715 0.00127432  0.0204922
 0.0357712 0.00127427  0.0204921
 0.0357709 0.00127422  0.0204919
 0.0357706 0.00127418  0.0204917
 0.0357703 0.00127413  0.0204915
   0.03577 0.00127408  0.0204913
 0.0357697 0.00127404  0.0204911
 0.0357694 0.00127399  0.0204909
 0.0357691 0.00127395  0.0204908
0.0357688 0.0012739 0.0204906
 0.0357685 0.00127385  0.0204904
 0.0357683 0.00127381  0.0204902
  0.035768 0.00127376    0.02049
 0.0357677 0.00127372  0.0204898
 0.0357674 0.00127367  0.0204897
 0.0357671 0.00127363  0.0204895
 0.0357668 0.00127358  0.0204893
 0.0357666 0.00127354  0.0204891
0.0357663 0.0012735 0.0204889
  0.035766 0.00127345  0.0204888
 0.0357657 0.00127341  0.0204886
 0.0357654 0.00127336  0.0204884
 0.0357652 0.00127332  0.0204882
 0.0357649 0.00127327  0.0204881
 0.0357646 0.00127323  0.0204879
 0.0357643 0.00127319  0.0204877
 0.0357641 0.00127314  0.0204875
0.0357638 0.0012731 0.0204874
 0.0357635 0.00127306  0.0204872
 0.0357633 0.00127301   0.020487
  0.035763 0.00127297  0.0204869
 0.0357627 0.00127293  0.0204867
 0.0357624 0.00127289  0.0204865
 0.0357622 0.00127284  0.0204863
0.0357619 0.0012728 0.0204862
 0.0357616 0.00127276   0.020486
 0.0357614 0.00127272  0.0204858
 0.0357611 0.00127267  0.0204857
 0.0357609 0.00127263  0.0204855
 0.0357606 0.00127259  0.0204853
 0.0357603 0.00127255  0.0204852
 0.0357601 0.00127251   0.020485
 0.0357598 0.00127247  0.0204848
 0.0357596 0.00127242  0.0204847
 0.0357593 0.00127238  0.0204845
  0.035759 0.00127234  0.0204844
0.0357588 0.0012723 0.0204842
 0.0357585 0.00127226   0.020484
 0.0357583 0.00127222  0.0204839
  0.035758 0.00127218  0.0204837
 0.0357578 0.00127214  0.0204835
0.0357575 0.0012721 0.0204834
 0.0357573 0.00127206  0.0204832
  0.035757 0.00127202  0.0204831
 0.0357568 0.00127198  0.0204829
 0.0357565 0.00127194  0.0204828
0.0357563 0.0012719 0.0204826
  0.035756 0.00127186  0.0204824
 0.0357558 0.00127182  0.0204823
 0.0357555 0.00127178  0.0204821
 0.0357553 0.00127174   0.020482
0.0357551 0.0012717 0.0204818
 0.0357548 0.00127166  0.0204817
 0.0357546 0.00127162  0.0204815
 0.0357543 0.00127158  0.0204814
 0.0357541 0.00127154  0.0204812
0.0357539 0.0012715  0.020481
 0.0357536 0.00127147  0.0204809
 0.0357534 0.00127143  0.0204807
 0.0357531 0.00127139  0.0204806
 0.0357529 0.00127135  0.0204804
 0.0357527 0.00127131  0.0204803
 0.0357524 0.00127128  0.0204801
 0.0357522 0.00127124    0.02048
 0.035752 0.0012712 0.0204798
 0.0357517 0.00127116  0.0204797
 0.0357515 0.00127112  0.0204796
 0.0357513 0.00127109  0.0204794
 0.0357511 0.00127105  0.0204793
 0.0357508 0.00127101  0.0204791
 0.0357506 0.00127098   0.020479
 0.0357504 0.00127094  0.0204788
0.0357501 0.0012709 0.0204787
 0.0357499 0.00127086  0.0204785
 0.0357497 0.00127083  0.0204784
 0.0357495 0.00127079  0.0204782
 0.0357492 0.00127075  0.0204781
  0.035749 0.00127072   0.020478
 0.0357488 0.00127068  0.0204778
 0.0357486 0.00127065  0.0204777
 0.0357484 0.00127061  0.0204775
 0.0357481 0.00127057  0.0204774
 0.0357479 0.00127054  0.0204773
0.0357477 0.0012705 0.0204771
 0.0357475 0.00127047   0.020477
 0.0357473 0.00127043  0.0204768
 0.035747 0.0012704 0.0204767
 0.0357468 0.00127036  0.0204766
 0.0357466 0.00127032  0.0204764
 0.0357464 0.00127029  0.0204763
 0.0357462 0.00127025  0.0204762
  0.035746 0.00127022   0.020476
 0.0357458 0.00127018  0.0204759
 0.0357455 0.00127015  0.0204758
 0.0357453 0.00127012  0.0204756
 0.0357451 0.00127008  0.0204755
 0.0357449 0.00127005  0.0204753
 0.0357447 0.00127001  0.0204752
 0.0357445 0.00126998  0.0204751
 0.0357443 0.00126994  0.0204749
 0.0357441 0.00126991  0.0204748
 0.0357439 0.00126988  0.0204747
 0.0357437 0.00126984  0.0204746
 0.0357435 0.00126981  0.0204744
 0.0357433 0.00126977  0.0204743
 0.0357431 0.00126974  0.0204742
 0.0357429 0.00126971   0.020474
 0.0357427 0.00126967  0.0204739
 0.0357424 0.00126964  0.0204738
 0.0357422 0.00126961  0.0204736
  0.035742 0.00126957  0.0204735
 0.0357418 0.00126954  0.0204734
 0.0357416 0.00126951  0.0204733
 0.0357415 0.00126948  0.0204731
 0.0357413 0.00126944   0.020473
 0.0357411 0.00126941  0.0204729
 0.0357409 0.00126938  0.0204728
 0.0357407 0.00126935  0.0204726
 0.0357405 0.00126931  0.0204725
 0.0357403 0.00126928  0.0204724
 0.0357401 0.00126925  0.0204723
 0.0357399 0.00126922  0.0204721
 0.0357397 0.00126918   0.020472
 0.0357395 0.00126915  0.0204719
 0.0357393 0.00126912  0.0204718
 0.0357391 0.00126909  0.0204716
 0.0357389 0.00126906  0.0204715
 0.0357387 0.00126903  0.0204714
 0.0357385 0.00126899  0.0204713
 0.0357384 0.00126896  0.0204712
 0.0357382 0.00126893   0.020471
 0.035738 0.0012689 0.0204709
 0.0357378 0.00126887  0.0204708
 0.0357376 0.00126884  0.0204707
 0.0357374 0.00126881  0.0204706
 0.0357372 0.00126878  0.0204705
 0.0357371 0.00126875  0.0204703
 0.0357369 0.00126872  0.0204702
 0.0357367 0.00126869  0.0204701
 0.0357365 0.00126866    0.02047
 0.0357363 0.00126863  0.0204699
 0.0357361 0.00126859  0.0204698
  0.035736 0.00126856  0.0204696
 0.0357358 0.00126853  0.0204695
0.0357356 0.0012685 0.0204694
 0.0357354 0.00126847  0.0204693
 0.0357352 0.00126844  0.0204692
 0.0357351 0.00126842  0.0204691
 0.0357349 0.00126839   0.020469
 0.0357347 0.00126836  0.0204688
 0.0357345 0.00126833  0.0204687
0.0357344 0.0012683 0.0204686
 0.0357342 0.00126827  0.0204685
  0.035734 0.00126824  0.0204684
 0.0357338 0.00126821  0.0204683
 0.0357337 0.00126818  0.0204682
 0.0357335 0.00126815  0.0204681
 0.0357333 0.00126812  0.0204679
 0.0357331 0.00126809  0.0204678
  0.035733 0.00126807  0.0204677
 0.0357328 0.00126804  0.0204676
 0.0357326 0.00126801  0.0204675
 0.0357325 0.00126798  0.0204674
 0.0357323 0.00126795  0.0204673
 0.0357321 0.00126792  0.0204672
  0.035732 0.00126789  0.0204671
 0.0357318 0.00126787   0.020467
 0.0357316 0.00126784  0.0204669
 0.0357315 0.00126781  0.0204668
 0.0357313 0.00126778  0.0204667
 0.0357311 0.00126775  0.0204665
  0.035731 0.00126773  0.0204664
0.0357308 0.0012677 0.0204663
 0.0357306 0.00126767  0.0204662
