  0.036197 0.00941493 0.00537526
 0.0394423 0.00432336 0.00482974
  0.0413551 0.000989802  0.00453622
  0.0424579 -0.00125139  0.00438529
  0.0430724 -0.00280297  0.00431449
  0.0433953 -0.00391148  0.00428815
  0.0435461 -0.00472946  0.00428594
   0.043597 -0.00535229  0.00429633
  0.0435918 -0.00584041  0.00431286
  0.0435563 -0.00623266  0.00433195
  0.043506 -0.0065545 0.00435167
  0.0434498 -0.00682299  0.00437098
  0.0433928 -0.00704984   0.0043894
  0.0433378 -0.00724337   0.0044067
  0.0432861 -0.00740964  0.00442281
  0.0432384 -0.00755321  0.00443773
  0.0431948 -0.00767765  0.00445151
  0.0431551 -0.00778578  0.00446421
 0.0431191 -0.0078799  0.0044759
  0.0430866 -0.00796192  0.00448664
  0.0430571 -0.00803345   0.0044965
  0.0430304 -0.00809585  0.00450555
 0.0430061 -0.0081503 0.00451384
   0.042984 -0.00819781  0.00452143
  0.0429639 -0.00823925  0.00452837
  0.0429454 -0.00827539  0.00453471
  0.0429285 -0.00830688  0.00454049
  0.0429129 -0.00833431  0.00454576
  0.0428985 -0.00835818  0.00455055
  0.0428852 -0.00837894   0.0045549
  0.0428727 -0.00839697  0.00455885
  0.0428611 -0.00841261  0.00456243
  0.0428502 -0.00842615  0.00456566
  0.0428399 -0.00843786  0.00456858
  0.0428302 -0.00844797   0.0045712
   0.042821 -0.00845666  0.00457356
  0.0428122 -0.00846413  0.00457568
  0.0428038 -0.00847051  0.00457757
  0.0427958 -0.00847595  0.00457925
  0.0427881 -0.00848056  0.00458075
  0.0427806 -0.00848445  0.00458208
  0.0427735 -0.00848771  0.00458324
 0.0427665 -0.0084904 0.00458426
  0.0427597 -0.00849262  0.00458515
 0.0427531 -0.0084944 0.00458592
  0.0427467 -0.00849582  0.00458658
  0.0427404 -0.00849691  0.00458714
  0.0427343 -0.00849771   0.0045876
  0.0427283 -0.00849827  0.00458799
  0.0427223 -0.00849861   0.0045883
  0.0427165 -0.00849876  0.00458853
  0.0427108 -0.00849875  0.00458871
  0.0427052 -0.00849859  0.00458883
  0.0426996 -0.00849831   0.0045889
  0.0426941 -0.00849792  0.00458892
  0.0426887 -0.00849743  0.00458889
  0.0426833 -0.00849686  0.00458883
   0.042678 -0.00849622  0.00458874
  0.0426728 -0.00849552  0.00458861
  0.0426676 -0.00849477  0.00458845
  0.0426624 -0.00849397  0.00458827
  0.0426574 -0.00849312  0.00458806
  0.0426523 -0.00849225  0.00458784
  0.0426473 -0.00849135  0.00458759
  0.0426423 -0.00849042  0.00458733
  0.0426374 -0.00848947  0.00458706
 0.0426325 -0.0084885 0.00458677
  0.0426277 -0.00848752  0.00458646
  0.0426228 -0.00848653  0.00458615
  0.0426181 -0.00848552  0.00458583
  0.0426133 -0.00848451   0.0045855
  0.0426086 -0.00848349  0.00458516
  0.0426039 -0.00848247  0.00458482
  0.0425993 -0.00848145  0.00458447
  0.0425946 -0.00848042  0.00458411
  0.0425901 -0.00847939  0.00458375
  0.0425855 -0.00847836  0.00458339
   0.042581 -0.00847733  0.00458303
 0.0425765 -0.0084763 0.00458266
   0.042572 -0.00847528  0.00458229
  0.0425675 -0.00847425  0.00458192
  0.0425631 -0.00847323  0.00458154
  0.0425587 -0.00847221  0.00458117
 0.0425544 -0.0084712  0.0045808
  0.0425501 -0.00847018  0.00458042
  0.0425457 -0.00846918  0.00458005
  0.0425415 -0.00846817  0.00457967
  0.0425372 -0.00846717   0.0045793
   0.042533 -0.00846618  0.00457893
  0.0425288 -0.00846519  0.00457856
 0.0425246 -0.0084642 0.00457818
  0.0425205 -0.00846322  0.00457781
  0.0425163 -0.00846224  0.00457745
  0.0425122 -0.00846127  0.00457708
 0.0425082 -0.0084603 0.00457671
  0.0425041 -0.00845934  0.00457635
  0.0425001 -0.00845838  0.00457598
  0.0424961 -0.00845743  0.00457562
  0.0424921 -0.00845648  0.00457526
  0.0424882 -0.00845554   0.0045749
 0.0424842 -0.0084546 0.00457455
  0.0424803 -0.00845367  0.00457419
  0.0424764 -0.00845274  0.00457384
  0.0424726 -0.00845182  0.00457349
 0.0424687 -0.0084509 0.00457314
  0.0424649 -0.00844999   0.0045728
  0.0424611 -0.00844908  0.00457245
  0.0424574 -0.00844818  0.00457211
  0.0424536 -0.00844728  0.00457177
  0.0424499 -0.00844639  0.00457143
 0.0424462 -0.0084455 0.00457109
  0.0424425 -0.00844462  0.00457076
  0.0424389 -0.00844374  0.00457043
  0.0424352 -0.00844287   0.0045701
 0.0424316  -0.008442 0.00456977
   0.042428 -0.00844114  0.00456944
  0.0424245 -0.00844028  0.00456912
  0.0424209 -0.00843942   0.0045688
  0.0424174 -0.00843857  0.00456848
  0.0424139 -0.00843773  0.00456816
  0.0424104 -0.00843689  0.00456784
   0.042407 -0.00843606  0.00456753
  0.0424035 -0.00843523  0.00456722
 0.0424001 -0.0084344 0.00456691
  0.0423967 -0.00843358   0.0045666
  0.0423933 -0.00843276  0.00456629
  0.0423899 -0.00843195  0.00456599
  0.0423866 -0.00843114  0.00456569
  0.0423833 -0.00843034  0.00456539
    0.04238 -0.00842954  0.00456509
  0.0423767 -0.00842875   0.0045648
  0.0423734 -0.00842796   0.0045645
  0.0423702 -0.00842717  0.00456421
   0.042367 -0.00842639  0.00456392
  0.0423638 -0.00842561  0.00456363
  0.0423606 -0.00842484  0.00456335
  0.0423574 -0.00842407  0.00456307
  0.0423543 -0.00842331  0.00456278
  0.0423512 -0.00842255   0.0045625
  0.042348 -0.0084218 0.00456223
   0.042345 -0.00842104  0.00456195
 0.0423419 -0.0084203 0.00456168
  0.0423388 -0.00841955   0.0045614
  0.0423358 -0.00841882  0.00456113
  0.0423328 -0.00841808  0.00456086
  0.0423298 -0.00841735   0.0045606
  0.0423268 -0.00841662  0.00456033
 0.0423238 -0.0084159 0.00456007
  0.0423209 -0.00841518  0.00455981
   0.042318 -0.00841447  0.00455955
  0.0423151 -0.00841376  0.00455929
  0.0423122 -0.00841305  0.00455903
  0.0423093 -0.00841235  0.00455878
  0.0423064 -0.00841165  0.00455853
  0.0423036 -0.00841096  0.00455828
  0.0423008 -0.00841026  0.00455803
   0.042298 -0.00840958  0.00455778
  0.0422952 -0.00840889  0.00455753
  0.0422924 -0.00840821  0.00455729
  0.0422896 -0.00840754  0.00455705
  0.0422869 -0.00840687  0.00455681
 0.0422842 -0.0084062 0.00455657
  0.0422815 -0.00840553  0.00455633
  0.0422788 -0.00840487   0.0045561
  0.0422761 -0.00840421  0.00455586
  0.0422734 -0.00840356  0.00455563
  0.0422708 -0.00840291   0.0045554
  0.0422682 -0.00840226  0.00455517
  0.0422655 -0.00840162  0.00455494
  0.0422629 -0.00840098  0.00455472
  0.0422604 -0.00840034  0.00455449
  0.0422578 -0.00839971  0.00455427
  0.0422552 -0.00839908  0.00455405
  0.0422527 -0.00839846  0.00455383
  0.0422502 -0.00839783  0.00455361
  0.0422477 -0.00839722  0.00455339
 0.0422452 -0.0083966 0.00455318
  0.0422427 -0.00839599  0.00455296
  0.0422403 -0.00839538  0.00455275
  0.0422378 -0.00839477  0.00455254
  0.0422354 -0.00839417  0.00455233
   0.042233 -0.00839357  0.00455212
  0.0422306 -0.00839298  0.00455192
  0.0422282 -0.00839239  0.00455171
 0.0422258 -0.0083918 0.00455151
  0.0422234 -0.00839121  0.00455131
  0.0422211 -0.00839063  0.00455111
  0.0422188 -0.00839005  0.00455091
  0.0422164 -0.00838947  0.00455071
 0.0422141 -0.0083889 0.00455051
  0.0422118 -0.00838833  0.00455032
  0.0422096 -0.00838776  0.00455012
 0.0422073 -0.0083872 0.00454993
  0.0422051 -0.00838664  0.00454974
  0.0422028 -0.00838608  0.00454955
  0.0422006 -0.00838553  0.00454936
  0.0421984 -0.00838498  0.00454918
  0.0421962 -0.00838443  0.00454899
   0.042194 -0.00838388  0.00454881
  0.0421918 -0.00838334  0.00454862
 0.0421897 -0.0083828 0.00454844
  0.0421875 -0.00838227  0.00454826
  0.0421854 -0.00838173  0.00454808
 0.0421833 -0.0083812  0.0045479
  0.0421812 -0.00838067  0.00454773
  0.0421791 -0.00838015  0.00454755
   0.042177 -0.00837963  0.00454738
  0.0421749 -0.00837911   0.0045472
  0.0421729 -0.00837859  0.00454703
  0.0421708 -0.00837808  0.00454686
  0.0421688 -0.00837757  0.00454669
  0.0421668 -0.00837706  0.00454653
  0.0421648 -0.00837655  0.00454636
  0.0421628 -0.00837605  0.00454619
  0.0421608 -0.00837555  0.00454603
  0.0421588 -0.00837506  0.00454587
  0.0421569 -0.00837456   0.0045457
  0.0421549 -0.00837407  0.00454554
   0.042153 -0.00837358  0.00454538
 0.0421511 -0.0083731 0.00454522
  0.0421492 -0.00837261  0.00454507
  0.0421473 -0.00837213  0.00454491
  0.0421454 -0.00837165  0.00454476
  0.0421435 -0.00837118   0.0045446
 0.0421416 -0.0083707 0.00454445
  0.0421398 -0.00837023   0.0045443
  0.0421379 -0.00836977  0.00454415
 0.0421361 -0.0083693   0.004544
  0.0421343 -0.00836884  0.00454385
  0.0421324 -0.00836838   0.0045437
  0.0421306 -0.00836792  0.00454355
  0.0421288 -0.00836746  0.00454341
  0.0421271 -0.00836701  0.00454326
  0.0421253 -0.00836656  0.00454312
  0.0421235 -0.00836611  0.00454298
  0.0421218 -0.00836567  0.00454284
  0.0421201 -0.00836522   0.0045427
  0.0421183 -0.00836478  0.00454256
  0.0421166 -0.00836434  0.00454242
  0.0421149 -0.00836391  0.00454228
  0.0421132 -0.00836347  0.00454215
  0.0421115 -0.00836304  0.00454201
  0.0421098 -0.00836261  0.00454188
  0.0421082 -0.00836219  0.00454175
  0.0421065 -0.00836176  0.00454161
  0.0421049 -0.00836134  0.00454148
  0.0421032 -0.00836092  0.00454135
 0.0421016 -0.0083605 0.00454122
     0.0421 -0.00836009   0.0045411
  0.0420984 -0.00835967  0.00454097
  0.0420968 -0.00835926  0.00454084
  0.0420952 -0.00835885  0.00454072
  0.0420936 -0.00835845  0.00454059
   0.042092 -0.00835804  0.00454047
  0.0420905 -0.00835764  0.00454035
  0.0420889 -0.00835724  0.00454022
  0.0420874 -0.00835684   0.0045401
  0.0420859 -0.00835645  0.00453998
  0.0420843 -0.00835605  0.00453987
  0.0420828 -0.00835566  0.00453975
  0.0420813 -0.00835527  0.00453963
  0.0420798 -0.00835489  0.00453951
 0.0420783 -0.0083545  0.0045394
  0.0420769 -0.00835412  0.00453928
  0.0420754 -0.00835374  0.00453917
  0.0420739 -0.00835336  0.00453906
  0.0420725 -0.00835298  0.00453894
   0.042071 -0.00835261  0.00453883
  0.0420696 -0.00835223  0.00453872
  0.0420682 -0.00835186  0.00453861
  0.0420668 -0.00835149  0.00453851
  0.0420653 -0.00835113   0.0045384
  0.0420639 -0.00835076  0.00453829
 0.0420626 -0.0083504 0.00453818
  0.0420612 -0.00835004  0.00453808
  0.0420598 -0.00834968  0.00453797
  0.0420584 -0.00834932  0.00453787
  0.0420571 -0.00834897  0.00453777
  0.0420557 -0.00834861  0.00453766
  0.0420544 -0.00834826  0.00453756
   0.042053 -0.00834791  0.00453746
  0.0420517 -0.00834756  0.00453736
  0.0420504 -0.00834722  0.00453726
  0.0420491 -0.00834687  0.00453717
  0.0420478 -0.00834653  0.00453707
  0.0420465 -0.00834619  0.00453697
  0.0420452 -0.00834585  0.00453687
  0.0420439 -0.00834552  0.00453678
  0.0420427 -0.00834518  0.00453668
  0.0420414 -0.00834485  0.00453659
  0.0420401 -0.00834452   0.0045365
  0.0420389 -0.00834419  0.00453641
  0.0420376 -0.00834386  0.00453631
  0.0420364 -0.00834353  0.00453622
  0.0420352 -0.00834321  0.00453613
   0.042034 -0.00834289  0.00453604
  0.0420328 -0.00834257  0.00453595
  0.0420315 -0.00834225  0.00453587
  0.0420304 -0.00834193  0.00453578
  0.0420292 -0.00834161  0.00453569
  0.042028 -0.0083413  0.0045356
  0.0420268 -0.00834099  0.00453552
  0.0420256 -0.00834068  0.00453543
  0.0420245 -0.00834037  0.00453535
  0.0420233 -0.00834006  0.00453527
  0.0420222 -0.00833975  0.00453518
   0.042021 -0.00833945   0.0045351
  0.0420199 -0.00833915  0.00453502
  0.0420188 -0.00833885  0.00453494
  0.0420176 -0.00833855  0.00453486
  0.0420165 -0.00833825  0.00453478
  0.0420154 -0.00833795   0.0045347
  0.0420143 -0.00833766  0.00453462
  0.0420132 -0.00833737  0.00453455
  0.0420121 -0.00833707  0.00453447
  0.0420111 -0.00833678  0.00453439
   0.04201 -0.0083365 0.00453432
  0.0420089 -0.00833621  0.00453424
  0.0420079 -0.00833592  0.00453417
  0.0420068 -0.00833564  0.00453409
  0.0420058 -0.00833536  0.00453402
  0.0420047 -0.00833508  0.00453395
 0.0420037 -0.0083348 0.00453387
  0.0420027 -0.00833452   0.0045338
  0.0420016 -0.00833424  0.00453373
  0.0420006 -0.00833397  0.00453366
  0.0419996 -0.00833369  0.00453359
  0.0419986 -0.00833342  0.00453352
  0.0419976 -0.00833315  0.00453345
  0.0419966 -0.00833288  0.00453338
  0.0419956 -0.00833262  0.00453332
  0.0419946 -0.00833235  0.00453325
  0.0419937 -0.00833208  0.00453318
  0.0419927 -0.00833182  0.00453312
  0.0419917 -0.00833156  0.00453305
 0.0419908 -0.0083313 0.00453299
  0.0419898 -0.00833104  0.00453292
  0.0419889 -0.00833078  0.00453286
  0.0419879 -0.00833052  0.00453279
   0.041987 -0.00833027  0.00453273
  0.0419861 -0.00833001  0.00453267
  0.0419852 -0.00832976  0.00453261
  0.0419842 -0.00832951  0.00453255
  0.0419833 -0.00832926  0.00453249
  0.0419824 -0.00832901  0.00453243
  0.0419815 -0.00832876  0.00453237
  0.0419806 -0.00832852  0.00453231
  0.0419797 -0.00832827  0.00453225
  0.0419788 -0.00832803  0.00453219
   0.041978 -0.00832779  0.00453213
  0.0419771 -0.00832755  0.00453208
  0.0419762 -0.00832731  0.00453202
  0.0419754 -0.00832707  0.00453196
  0.0419745 -0.00832683  0.00453191
 0.0419737 -0.0083266 0.00453185
  0.0419728 -0.00832636   0.0045318
   0.041972 -0.00832613  0.00453174
 0.0419711 -0.0083259 0.00453169
  0.0419703 -0.00832567  0.00453163
  0.0419695 -0.00832544  0.00453158
  0.0419686 -0.00832521  0.00453153
  0.0419678 -0.00832498  0.00453148
   0.041967 -0.00832475  0.00453143
  0.0419662 -0.00832453  0.00453137
 0.0419654 -0.0083243 0.00453132
  0.0419646 -0.00832408  0.00453127
  0.0419638 -0.00832386  0.00453122
   0.041963 -0.00832364  0.00453117
  0.0419622 -0.00832342  0.00453113
 0.0419615 -0.0083232 0.00453108
  0.0419607 -0.00832299  0.00453103
  0.0419599 -0.00832277  0.00453098
  0.0419592 -0.00832256  0.00453093
  0.0419584 -0.00832234  0.00453089
  0.0419576 -0.00832213  0.00453084
  0.0419569 -0.00832192   0.0045308
  0.0419561 -0.00832171  0.00453075
 0.0419554 -0.0083215  0.0045307
  0.0419547 -0.00832129  0.00453066
  0.0419539 -0.00832109  0.00453062
  0.0419532 -0.00832088  0.00453057
  0.0419525 -0.00832068  0.00453053
  0.0419518 -0.00832047  0.00453049
   0.041951 -0.00832027  0.00453044
  0.0419503 -0.00832007   0.0045304
  0.0419496 -0.00831987  0.00453036
  0.0419489 -0.00831967  0.00453032
  0.0419482 -0.00831947  0.00453028
  0.0419475 -0.00831927  0.00453023
  0.0419468 -0.00831908  0.00453019
  0.0419462 -0.00831888  0.00453015
  0.0419455 -0.00831869  0.00453011
  0.0419448 -0.00831849  0.00453007
 0.0419441 -0.0083183 0.00453004
  0.0419435 -0.00831811     0.00453
  0.0419428 -0.00831792  0.00452996
  0.0419421 -0.00831773  0.00452992
  0.0419415 -0.00831754  0.00452988
  0.0419408 -0.00831735  0.00452985
  0.0419402 -0.00831717  0.00452981
  0.0419395 -0.00831698  0.00452977
 0.0419389 -0.0083168 0.00452974
  0.0419383 -0.00831661   0.0045297
  0.0419376 -0.00831643  0.00452967
   0.041937 -0.00831625  0.00452963
  0.0419364 -0.00831607   0.0045296
  0.0419358 -0.00831589  0.00452956
  0.0419351 -0.00831571  0.00452953
  0.0419345 -0.00831553  0.00452949
  0.0419339 -0.00831536  0.00452946
  0.0419333 -0.00831518  0.00452943
  0.0419327 -0.00831501  0.00452939
  0.0419321 -0.00831483  0.00452936
  0.0419315 -0.00831466  0.00452933
  0.0419309 -0.00831449   0.0045293
  0.0419303 -0.00831431  0.00452927
  0.0419297 -0.00831414  0.00452924
  0.0419292 -0.00831397   0.0045292
  0.0419286 -0.00831381  0.00452917
   0.041928 -0.00831364  0.00452914
  0.0419274 -0.00831347  0.00452911
 0.0419269 -0.0083133 0.00452908
  0.0419263 -0.00831314  0.00452906
  0.0419258 -0.00831297  0.00452903
  0.0419252 -0.00831281    0.004529
  0.0419247 -0.00831265  0.00452897
  0.0419241 -0.00831249  0.00452894
  0.0419236 -0.00831232  0.00452891
   0.041923 -0.00831216  0.00452889
 0.0419225  -0.008312 0.00452886
  0.0419219 -0.00831185  0.00452883
  0.0419214 -0.00831169   0.0045288
  0.0419209 -0.00831153  0.00452878
  0.0419204 -0.00831137  0.00452875
  0.0419198 -0.00831122  0.00452873
  0.0419193 -0.00831106   0.0045287
  0.0419188 -0.00831091  0.00452867
  0.0419183 -0.00831076  0.00452865
  0.0419178 -0.00831061  0.00452862
  0.0419173 -0.00831045   0.0045286
 0.0419168 -0.0083103 0.00452858
  0.0419163 -0.00831015  0.00452855
 0.0419158   -0.00831 0.00452853
  0.0419153 -0.00830986   0.0045285
  0.0419148 -0.00830971  0.00452848
  0.0419143 -0.00830956  0.00452846
  0.0419138 -0.00830942  0.00452844
  0.0419133 -0.00830927  0.00452841
  0.0419128 -0.00830913  0.00452839
  0.0419124 -0.00830898  0.00452837
  0.0419119 -0.00830884  0.00452835
 0.0419114 -0.0083087 0.00452833
  0.0419109 -0.00830855   0.0045283
  0.0419105 -0.00830841  0.00452828
    0.04191 -0.00830827  0.00452826
  0.0419096 -0.00830813  0.00452824
  0.0419091 -0.00830799  0.00452822
  0.0419087 -0.00830786   0.0045282
  0.0419082 -0.00830772  0.00452818
  0.0419078 -0.00830758  0.00452816
  0.0419073 -0.00830745  0.00452814
  0.0419069 -0.00830731  0.00452812
  0.0419064 -0.00830718   0.0045281
   0.041906 -0.00830704  0.00452809
  0.0419056 -0.00830691  0.00452807
  0.0419051 -0.00830678  0.00452805
  0.0419047 -0.00830664  0.00452803
  0.0419043 -0.00830651  0.00452801
  0.0419038 -0.00830638    0.004528
  0.0419034 -0.00830625  0.00452798
   0.041903 -0.00830612  0.00452796
  0.0419026 -0.00830599  0.00452794
  0.0419022 -0.00830587  0.00452793
  0.0419018 -0.00830574  0.00452791
  0.0419014 -0.00830561  0.00452789
   0.041901 -0.00830549  0.00452788
  0.0419006 -0.00830536  0.00452786
  0.0419002 -0.00830524  0.00452785
  0.0418998 -0.00830511  0.00452783
  0.0418994 -0.00830499  0.00452782
   0.041899 -0.00830487   0.0045278
  0.0418986 -0.00830474  0.00452779
  0.0418982 -0.00830462  0.00452777
 0.0418978 -0.0083045 0.00452776
  0.0418974 -0.00830438  0.00452774
   0.041897 -0.00830426  0.00452773
  0.0418967 -0.00830414  0.00452771
  0.0418963 -0.00830402   0.0045277
  0.0418959 -0.00830391  0.00452769
  0.0418955 -0.00830379  0.00452767
  0.0418952 -0.00830367  0.00452766
  0.0418948 -0.00830356  0.00452765
  0.0418944 -0.00830344  0.00452763
  0.0418941 -0.00830333  0.00452762
  0.0418937 -0.00830321  0.00452761
 0.0418934 -0.0083031  0.0045276
   0.041893 -0.00830298  0.00452759
  0.0418926 -0.00830287  0.00452757
  0.0418923 -0.00830276  0.00452756
  0.0418919 -0.00830265  0.00452755
  0.0418916 -0.00830254  0.00452754
  0.0418913 -0.00830243  0.00452753
  0.0418909 -0.00830232  0.00452752
  0.0418906 -0.00830221  0.00452751
 0.0418902 -0.0083021 0.00452749
  0.0418899 -0.00830199  0.00452748
  0.0418896 -0.00830188  0.00452747
  0.0418892 -0.00830178  0.00452746
  0.0418889 -0.00830167  0.00452745
  0.0418886 -0.00830156  0.00452744
  0.0418882 -0.00830146  0.00452743
  0.0418879 -0.00830135  0.00452742
  0.0418876 -0.00830125  0.00452741
  0.0418873 -0.00830114   0.0045274
   0.041887 -0.00830104   0.0045274
  0.0418866 -0.00830094  0.00452739
  0.0418863 -0.00830083  0.00452738
   0.041886 -0.00830073  0.00452737
  0.0418857 -0.00830063  0.00452736
  0.0418854 -0.00830053  0.00452735
  0.0418851 -0.00830043  0.00452734
  0.0418848 -0.00830033  0.00452734
  0.0418845 -0.00830023  0.00452733
  0.0418842 -0.00830013  0.00452732
  0.0418839 -0.00830003  0.00452731
  0.0418836 -0.00829994   0.0045273
  0.0418833 -0.00829984   0.0045273
   0.041883 -0.00829974  0.00452729
  0.0418827 -0.00829965  0.00452728
  0.0418824 -0.00829955  0.00452728
  0.0418821 -0.00829945  0.00452727
  0.0418819 -0.00829936  0.00452726
  0.0418816 -0.00829926  0.00452726
  0.0418813 -0.00829917  0.00452725
   0.041881 -0.00829908  0.00452724
  0.0418807 -0.00829898  0.00452724
  0.0418805 -0.00829889  0.00452723
 0.0418802 -0.0082988 0.00452722
  0.0418799 -0.00829871  0.00452722
  0.0418796 -0.00829862  0.00452721
  0.0418794 -0.00829853  0.00452721
  0.0418791 -0.00829844   0.0045272
  0.0418788 -0.00829835   0.0045272
  0.0418786 -0.00829826  0.00452719
  0.0418783 -0.00829817  0.00452719
  0.0418781 -0.00829808  0.00452718
  0.0418778 -0.00829799  0.00452718
 0.0418775 -0.0082979 0.00452717
  0.0418773 -0.00829782  0.00452717
   0.041877 -0.00829773  0.00452716
  0.0418768 -0.00829764  0.00452716
  0.0418765 -0.00829756  0.00452715
  0.0418763 -0.00829747  0.00452715
   0.041876 -0.00829739  0.00452715
 0.0418758 -0.0082973 0.00452714
  0.0418755 -0.00829722  0.00452714
  0.0418753 -0.00829713  0.00452714
   0.041875 -0.00829705  0.00452713
  0.0418748 -0.00829697  0.00452713
  0.0418746 -0.00829688  0.00452713
 0.0418743 -0.0082968 0.00452712
  0.0418741 -0.00829672  0.00452712
  0.0418739 -0.00829664  0.00452712
  0.0418736 -0.00829656  0.00452711
  0.0418734 -0.00829648  0.00452711
 0.0418732 -0.0082964 0.00452711
  0.0418729 -0.00829632   0.0045271
  0.0418727 -0.00829624   0.0045271
  0.0418725 -0.00829616   0.0045271
  0.0418723 -0.00829608   0.0045271
 0.041872 -0.008296 0.0045271
  0.0418718 -0.00829592  0.00452709
  0.0418716 -0.00829585  0.00452709
  0.0418714 -0.00829577  0.00452709
  0.0418712 -0.00829569  0.00452709
  0.0418709 -0.00829562  0.00452709
  0.0418707 -0.00829554  0.00452708
  0.0418705 -0.00829546  0.00452708
  0.0418703 -0.00829539  0.00452708
  0.0418701 -0.00829531  0.00452708
  0.0418699 -0.00829524  0.00452708
  0.0418697 -0.00829517  0.00452708
  0.0418695 -0.00829509  0.00452708
  0.0418693 -0.00829502  0.00452708
  0.0418691 -0.00829495  0.00452707
  0.0418689 -0.00829487  0.00452707
 0.0418687 -0.0082948 0.00452707
  0.0418685 -0.00829473  0.00452707
  0.0418683 -0.00829466  0.00452707
  0.0418681 -0.00829459  0.00452707
  0.0418679 -0.00829451  0.00452707
  0.0418677 -0.00829444  0.00452707
  0.0418675 -0.00829437  0.00452707
 0.0418673 -0.0082943 0.00452707
  0.0418671 -0.00829423  0.00452707
  0.0418669 -0.00829417  0.00452707
 0.0418667 -0.0082941 0.00452707
  0.0418665 -0.00829403  0.00452707
  0.0418664 -0.00829396  0.00452707
  0.0418662 -0.00829389  0.00452707
   0.041866 -0.00829382  0.00452707
  0.0418658 -0.00829376  0.00452707
  0.0418656 -0.00829369  0.00452707
  0.0418654 -0.00829362  0.00452707
  0.0418653 -0.00829356  0.00452707
  0.0418651 -0.00829349  0.00452708
  0.0418649 -0.00829343  0.00452708
  0.0418647 -0.00829336  0.00452708
 0.0418646 -0.0082933 0.00452708
  0.0418644 -0.00829323  0.00452708
  0.0418642 -0.00829317  0.00452708
 0.0418641 -0.0082931 0.00452708
  0.0418639 -0.00829304  0.00452708
  0.0418637 -0.00829298  0.00452708
  0.0418635 -0.00829291  0.00452709
  0.0418634 -0.00829285  0.00452709
  0.0418632 -0.00829279  0.00452709
   0.041863 -0.00829273  0.00452709
  0.0418629 -0.00829266  0.00452709
 0.0418627 -0.0082926 0.00452709
  0.0418626 -0.00829254   0.0045271
  0.0418624 -0.00829248   0.0045271
  0.0418622 -0.00829242   0.0045271
  0.0418621 -0.00829236   0.0045271
 0.0418619 -0.0082923  0.0045271
  0.0418618 -0.00829224  0.00452711
  0.0418616 -0.00829218  0.00452711
  0.0418615 -0.00829212  0.00452711
  0.0418613 -0.00829206  0.00452711
 0.0418612  -0.008292 0.00452712
   0.041861 -0.00829194  0.00452712
  0.0418609 -0.00829189  0.00452712
  0.0418607 -0.00829183  0.00452712
  0.0418606 -0.00829177  0.00452713
  0.0418604 -0.00829171  0.00452713
  0.0418603 -0.00829166  0.00452713
 0.0418601 -0.0082916 0.00452713
    0.04186 -0.00829154  0.00452714
  0.0418598 -0.00829149  0.00452714
  0.0418597 -0.00829143  0.00452714
  0.0418596 -0.00829138  0.00452715
  0.0418594 -0.00829132  0.00452715
  0.0418593 -0.00829126  0.00452715
  0.0418591 -0.00829121  0.00452715
   0.041859 -0.00829116  0.00452716
 0.0418589 -0.0082911 0.00452716
  0.0418587 -0.00829105  0.00452716
  0.0418586 -0.00829099  0.00452717
  0.0418585 -0.00829094  0.00452717
  0.0418583 -0.00829089  0.00452717
  0.0418582 -0.00829083  0.00452718
  0.0418581 -0.00829078  0.00452718
  0.0418579 -0.00829073  0.00452719
  0.0418578 -0.00829068  0.00452719
  0.0418577 -0.00829062  0.00452719
  0.0418576 -0.00829057   0.0045272
  0.0418574 -0.00829052   0.0045272
  0.0418573 -0.00829047   0.0045272
  0.0418572 -0.00829042  0.00452721
   0.041857 -0.00829037  0.00452721
  0.0418569 -0.00829032  0.00452722
  0.0418568 -0.00829027  0.00452722
  0.0418567 -0.00829022  0.00452722
  0.0418566 -0.00829017  0.00452723
  0.0418564 -0.00829012  0.00452723
  0.0418563 -0.00829007  0.00452724
  0.0418562 -0.00829002  0.00452724
  0.0418561 -0.00828997  0.00452724
   0.041856 -0.00828992  0.00452725
  0.0418558 -0.00828987  0.00452725
  0.0418557 -0.00828982  0.00452726
  0.0418556 -0.00828978  0.00452726
  0.0418555 -0.00828973  0.00452727
  0.0418554 -0.00828968  0.00452727
  0.0418553 -0.00828963  0.00452728
  0.0418552 -0.00828959  0.00452728
  0.0418551 -0.00828954  0.00452729
  0.0418549 -0.00828949  0.00452729
  0.0418548 -0.00828945  0.00452729
 0.0418547 -0.0082894  0.0045273
  0.0418546 -0.00828935   0.0045273
  0.0418545 -0.00828931  0.00452731
  0.0418544 -0.00828926  0.00452731
  0.0418543 -0.00828922  0.00452732
  0.0418542 -0.00828917  0.00452732
  0.0418541 -0.00828913  0.00452733
   0.041854 -0.00828908  0.00452733
  0.0418539 -0.00828904  0.00452734
  0.0418538 -0.00828899  0.00452734
  0.0418537 -0.00828895  0.00452735
  0.0418536 -0.00828891  0.00452735
  0.0418535 -0.00828886  0.00452736
  0.0418534 -0.00828882  0.00452736
  0.0418533 -0.00828878  0.00452737
  0.0418532 -0.00828873  0.00452737
  0.0418531 -0.00828869  0.00452738
   0.041853 -0.00828865  0.00452738
  0.0418529 -0.00828861  0.00452739
  0.0418528 -0.00828856   0.0045274
  0.0418527 -0.00828852   0.0045274
  0.0418526 -0.00828848  0.00452741
  0.0418525 -0.00828844  0.00452741
 0.0418524 -0.0082884 0.00452742
  0.0418523 -0.00828835  0.00452742
  0.0418522 -0.00828831  0.00452743
  0.0418521 -0.00828827  0.00452743
  0.0418521 -0.00828823  0.00452744
   0.041852 -0.00828819  0.00452745
  0.0418519 -0.00828815  0.00452745
  0.0418518 -0.00828811  0.00452746
  0.0418517 -0.00828807  0.00452746
  0.0418516 -0.00828803  0.00452747
  0.0418515 -0.00828799  0.00452747
  0.0418514 -0.00828795  0.00452748
  0.0418514 -0.00828791  0.00452748
  0.0418513 -0.00828787  0.00452749
  0.0418512 -0.00828784   0.0045275
 0.0418511 -0.0082878  0.0045275
   0.041851 -0.00828776  0.00452751
  0.0418509 -0.00828772  0.00452751
  0.0418509 -0.00828768  0.00452752
  0.0418508 -0.00828764  0.00452753
  0.0418507 -0.00828761  0.00452753
  0.0418506 -0.00828757  0.00452754
  0.0418505 -0.00828753  0.00452754
  0.0418504 -0.00828749  0.00452755
  0.0418504 -0.00828746  0.00452756
  0.0418503 -0.00828742  0.00452756
  0.0418502 -0.00828738  0.00452757
  0.0418501 -0.00828735  0.00452757
  0.0418501 -0.00828731  0.00452758
    0.04185 -0.00828727  0.00452759
  0.0418499 -0.00828724  0.00452759
 0.0418498 -0.0082872  0.0045276
  0.0418498 -0.00828717   0.0045276
  0.0418497 -0.00828713  0.00452761
 0.0418496 -0.0082871 0.00452762
  0.0418495 -0.00828706  0.00452762
  0.0418495 -0.00828702  0.00452763
  0.0418494 -0.00828699  0.00452764
  0.0418493 -0.00828696  0.00452764
  0.0418492 -0.00828692  0.00452765
  0.0418492 -0.00828689  0.00452766
  0.0418491 -0.00828685  0.00452766
   0.041849 -0.00828682  0.00452767
   0.041849 -0.00828678  0.00452767
  0.0418489 -0.00828675  0.00452768
  0.0418488 -0.00828672  0.00452769
  0.0418488 -0.00828668  0.00452769
  0.0418487 -0.00828665   0.0045277
  0.0418486 -0.00828662  0.00452771
  0.0418486 -0.00828658  0.00452771
  0.0418485 -0.00828655  0.00452772
  0.0418484 -0.00828652  0.00452773
  0.0418484 -0.00828648  0.00452773
  0.0418483 -0.00828645  0.00452774
  0.0418482 -0.00828642  0.00452775
  0.0418482 -0.00828639  0.00452775
  0.0418481 -0.00828636  0.00452776
  0.0418481 -0.00828632  0.00452776
   0.041848 -0.00828629  0.00452777
  0.0418479 -0.00828626  0.00452778
  0.0418479 -0.00828623  0.00452778
 0.0418478 -0.0082862 0.00452779
  0.0418477 -0.00828617   0.0045278
  0.0418477 -0.00828614   0.0045278
 0.0418476 -0.0082861 0.00452781
  0.0418476 -0.00828607  0.00452782
  0.0418475 -0.00828604  0.00452782
  0.0418475 -0.00828601  0.00452783
  0.0418474 -0.00828598  0.00452784
  0.0418473 -0.00828595  0.00452784
  0.0418473 -0.00828592  0.00452785
  0.0418472 -0.00828589  0.00452786
  0.0418472 -0.00828586  0.00452786
  0.0418471 -0.00828583  0.00452787
 0.0418471 -0.0082858 0.00452788
   0.041847 -0.00828577  0.00452789
  0.0418469 -0.00828575  0.00452789
  0.0418469 -0.00828572   0.0045279
  0.0418468 -0.00828569  0.00452791
  0.0418468 -0.00828566  0.00452791
  0.0418467 -0.00828563  0.00452792
 0.0418467 -0.0082856 0.00452793
  0.0418466 -0.00828557  0.00452793
  0.0418466 -0.00828554  0.00452794
  0.0418465 -0.00828552  0.00452795
  0.0418465 -0.00828549  0.00452795
  0.0418464 -0.00828546  0.00452796
  0.0418464 -0.00828543  0.00452797
 0.0418463 -0.0082854 0.00452797
  0.0418463 -0.00828538  0.00452798
  0.0418462 -0.00828535  0.00452799
  0.0418462 -0.00828532  0.00452799
  0.0418461 -0.00828529    0.004528
  0.0418461 -0.00828527  0.00452801
   0.041846 -0.00828524  0.00452801
   0.041846 -0.00828521  0.00452802
  0.0418459 -0.00828519  0.00452803
  0.0418459 -0.00828516  0.00452804
  0.0418458 -0.00828513  0.00452804
  0.0418458 -0.00828511  0.00452805
  0.0418457 -0.00828508  0.00452806
  0.0418457 -0.00828506  0.00452806
  0.0418457 -0.00828503  0.00452807
 0.0418456  -0.008285 0.00452808
  0.0418456 -0.00828498  0.00452808
  0.0418455 -0.00828495  0.00452809
  0.0418455 -0.00828493   0.0045281
 0.0418454 -0.0082849  0.0045281
  0.0418454 -0.00828488  0.00452811
  0.0418453 -0.00828485  0.00452812
  0.0418453 -0.00828482  0.00452813
 0.0418453 -0.0082848 0.00452813
  0.0418452 -0.00828478  0.00452814
  0.0418452 -0.00828475  0.00452815
  0.0418451 -0.00828473  0.00452815
 0.0418451 -0.0082847 0.00452816
  0.0418451 -0.00828468  0.00452817
   0.041845 -0.00828465  0.00452817
   0.041845 -0.00828463  0.00452818
 0.0418449 -0.0082846 0.00452819
  0.0418449 -0.00828458   0.0045282
  0.0418449 -0.00828456   0.0045282
  0.0418448 -0.00828453  0.00452821
  0.0418448 -0.00828451  0.00452822
  0.0418447 -0.00828448  0.00452822
  0.0418447 -0.00828446  0.00452823
  0.0418447 -0.00828444  0.00452824
  0.0418446 -0.00828441  0.00452824
  0.0418446 -0.00828439  0.00452825
  0.0418446 -0.00828437  0.00452826
  0.0418445 -0.00828435  0.00452827
  0.0418445 -0.00828432  0.00452827
 0.0418444 -0.0082843 0.00452828
  0.0418444 -0.00828428  0.00452829
  0.0418444 -0.00828425  0.00452829
  0.0418443 -0.00828423   0.0045283
  0.0418443 -0.00828421  0.00452831
  0.0418443 -0.00828419  0.00452831
  0.0418442 -0.00828416  0.00452832
  0.0418442 -0.00828414  0.00452833
  0.0418442 -0.00828412  0.00452834
 0.0418441 -0.0082841 0.00452834
  0.0418441 -0.00828408  0.00452835
  0.0418441 -0.00828406  0.00452836
   0.041844 -0.00828403  0.00452836
   0.041844 -0.00828401  0.00452837
   0.041844 -0.00828399  0.00452838
  0.0418439 -0.00828397  0.00452838
  0.0418439 -0.00828395  0.00452839
  0.0418439 -0.00828393   0.0045284
  0.0418438 -0.00828391   0.0045284
  0.0418438 -0.00828388  0.00452841
  0.0418438 -0.00828386  0.00452842
  0.0418437 -0.00828384  0.00452843
  0.0418437 -0.00828382  0.00452843
 0.0418437 -0.0082838 0.00452844
  0.0418437 -0.00828378  0.00452845
  0.0418436 -0.00828376  0.00452845
  0.0418436 -0.00828374  0.00452846
  0.0418436 -0.00828372  0.00452847
 0.0418435 -0.0082837 0.00452847
  0.0418435 -0.00828368  0.00452848
  0.0418435 -0.00828366  0.00452849
  0.0418435 -0.00828364   0.0045285
  0.0418434 -0.00828362   0.0045285
 0.0418434 -0.0082836 0.00452851
  0.0418434 -0.00828358  0.00452852
  0.0418433 -0.00828356  0.00452852
  0.0418433 -0.00828354  0.00452853
  0.0418433 -0.00828352  0.00452854
 0.0418433 -0.0082835 0.00452854
  0.0418432 -0.00828348  0.00452855
  0.0418432 -0.00828346  0.00452856
  0.0418432 -0.00828344  0.00452856
  0.0418432 -0.00828343  0.00452857
  0.0418431 -0.00828341  0.00452858
  0.0418431 -0.00828339  0.00452858
  0.0418431 -0.00828337  0.00452859
  0.0418431 -0.00828335   0.0045286
   0.041843 -0.00828333  0.00452861
   0.041843 -0.00828331  0.00452861
  0.041843 -0.0082833 0.00452862
   0.041843 -0.00828328  0.00452863
  0.0418429 -0.00828326  0.00452863
  0.0418429 -0.00828324  0.00452864
  0.0418429 -0.00828322  0.00452865
 0.0418429 -0.0082832 0.00452865
  0.0418428 -0.00828319  0.00452866
  0.0418428 -0.00828317  0.00452867
  0.0418428 -0.00828315  0.00452867
  0.0418428 -0.00828313  0.00452868
  0.0418427 -0.00828311  0.00452869
 0.0418427 -0.0082831 0.00452869
  0.0418427 -0.00828308   0.0045287
  0.0418427 -0.00828306  0.00452871
  0.0418427 -0.00828304  0.00452871
  0.0418426 -0.00828303  0.00452872
  0.0418426 -0.00828301  0.00452873
  0.0418426 -0.00828299  0.00452874
  0.0418426 -0.00828298  0.00452874
  0.0418425 -0.00828296  0.00452875
  0.0418425 -0.00828294  0.00452876
  0.0418425 -0.00828292  0.00452876
  0.0418425 -0.00828291  0.00452877
  0.0418425 -0.00828289  0.00452878
  0.0418424 -0.00828287  0.00452878
  0.0418424 -0.00828286  0.00452879
  0.0418424 -0.00828284   0.0045288
  0.0418424 -0.00828283   0.0045288
  0.0418424 -0.00828281  0.00452881
  0.0418423 -0.00828279  0.00452882
  0.0418423 -0.00828278  0.00452882
  0.0418423 -0.00828276  0.00452883
  0.0418423 -0.00828274  0.00452884
  0.0418423 -0.00828273  0.00452884
  0.0418422 -0.00828271  0.00452885
 0.0418422 -0.0082827 0.00452886
  0.0418422 -0.00828268  0.00452886
  0.0418422 -0.00828266  0.00452887
  0.0418422 -0.00828265  0.00452888
  0.0418422 -0.00828263  0.00452888
  0.0418421 -0.00828262  0.00452889
 0.0418421 -0.0082826  0.0045289
  0.0418421 -0.00828259   0.0045289
  0.0418421 -0.00828257  0.00452891
  0.0418421 -0.00828256  0.00452892
  0.0418421 -0.00828254  0.00452892
   0.041842 -0.00828252  0.00452893
   0.041842 -0.00828251  0.00452893
   0.041842 -0.00828249  0.00452894
   0.041842 -0.00828248  0.00452895
   0.041842 -0.00828246  0.00452895
   0.041842 -0.00828245  0.00452896
  0.0418419 -0.00828243  0.00452897
  0.0418419 -0.00828242  0.00452897
  0.0418419 -0.00828241  0.00452898
  0.0418419 -0.00828239  0.00452899
  0.0418419 -0.00828238  0.00452899
  0.0418419 -0.00828236    0.004529
  0.0418418 -0.00828235  0.00452901
  0.0418418 -0.00828233  0.00452901
  0.0418418 -0.00828232  0.00452902
 0.0418418 -0.0082823 0.00452903
  0.0418418 -0.00828229  0.00452903
  0.0418418 -0.00828228  0.00452904
  0.0418418 -0.00828226  0.00452905
  0.0418417 -0.00828225  0.00452905
  0.0418417 -0.00828223  0.00452906
  0.0418417 -0.00828222  0.00452906
  0.0418417 -0.00828221  0.00452907
  0.0418417 -0.00828219  0.00452908
  0.0418417 -0.00828218  0.00452908
  0.0418417 -0.00828216  0.00452909
  0.0418416 -0.00828215   0.0045291
  0.0418416 -0.00828214   0.0045291
  0.0418416 -0.00828212  0.00452911
  0.0418416 -0.00828211  0.00452912
 0.0418416 -0.0082821 0.00452912
  0.0418416 -0.00828208  0.00452913
  0.0418416 -0.00828207  0.00452913
  0.0418416 -0.00828206  0.00452914
  0.0418415 -0.00828204  0.00452915
  0.0418415 -0.00828203  0.00452915
  0.0418415 -0.00828202  0.00452916
 0.0418415  -0.008282 0.00452917
  0.0418415 -0.00828199  0.00452917
  0.0418415 -0.00828198  0.00452918
  0.0418415 -0.00828196  0.00452918
  0.0418415 -0.00828195  0.00452919
  0.0418414 -0.00828194   0.0045292
  0.0418414 -0.00828193   0.0045292
  0.0418414 -0.00828191  0.00452921
 0.0418414 -0.0082819 0.00452922
  0.0418414 -0.00828189  0.00452922
  0.0418414 -0.00828188  0.00452923
  0.0418414 -0.00828186  0.00452923
  0.0418414 -0.00828185  0.00452924
  0.0418414 -0.00828184  0.00452925
  0.0418413 -0.00828183  0.00452925
  0.0418413 -0.00828181  0.00452926
 0.0418413 -0.0082818 0.00452926
  0.0418413 -0.00828179  0.00452927
  0.0418413 -0.00828178  0.00452928
  0.0418413 -0.00828176  0.00452928
  0.0418413 -0.00828175  0.00452929
  0.0418413 -0.00828174  0.00452929
  0.0418413 -0.00828173   0.0045293
  0.0418413 -0.00828172  0.00452931
 0.0418412 -0.0082817 0.00452931
  0.0418412 -0.00828169  0.00452932
  0.0418412 -0.00828168  0.00452932
  0.0418412 -0.00828167  0.00452933
  0.0418412 -0.00828166  0.00452934
  0.0418412 -0.00828165  0.00452934
  0.0418412 -0.00828163  0.00452935
  0.0418412 -0.00828162  0.00452935
  0.0418412 -0.00828161  0.00452936
 0.0418412 -0.0082816 0.00452937
