  0.0200229 -0.00620891   0.0322673
  0.0219253 -0.00949154   0.0285342
 0.0230756 -0.0116893  0.0258504
 0.0237669 -0.0132085  0.0238483
 0.0241814 -0.0142955  0.0222993
 0.0244307 -0.0151013  0.0210593
  0.024583 -0.0157193  0.0200365
 0.0246792 -0.0162078  0.0191715
0.0247437 -0.016604 0.0184253
 0.0247908 -0.0169321  0.0177718
  0.024829 -0.0172081  0.0171928
 0.0248628 -0.0174429  0.0166757
 0.0248948 -0.0176444   0.016211
 0.0249261 -0.0178183  0.0157917
0.0249573 -0.017969 0.0154121
 0.0249884 -0.0180999  0.0150677
 0.0250195 -0.0182136  0.0147548
 0.0250502 -0.0183127  0.0144701
 0.0250804 -0.0183988  0.0142108
   0.02511 -0.0184738  0.0139745
 0.0251386 -0.0185389  0.0137591
 0.0251662 -0.0185955  0.0135626
 0.0251926 -0.0186445  0.0133832
 0.0252178 -0.0186869  0.0132195
 0.0252416 -0.0187236    0.01307
 0.0252641 -0.0187551  0.0129334
 0.0252852 -0.0187822  0.0128085
 0.0253049 -0.0188054  0.0126944
 0.0253232 -0.0188252    0.01259
0.0253401 -0.018842 0.0124946
 0.0253558 -0.0188561  0.0124072
 0.0253701 -0.0188679  0.0123272
 0.0253833 -0.0188777   0.012254
 0.0253952 -0.0188857  0.0121869
 0.0254061 -0.0188922  0.0121254
 0.0254158 -0.0188973  0.0120691
 0.0254245 -0.0189012  0.0120174
 0.0254323 -0.0189041  0.0119699
0.0254391 -0.018906 0.0119264
 0.0254451 -0.0189072  0.0118864
 0.0254503 -0.0189077  0.0118496
 0.0254547 -0.0189075  0.0118158
 0.0254584 -0.0189069  0.0117847
 0.0254614 -0.0189057  0.0117561
 0.0254638 -0.0189042  0.0117297
 0.0254657 -0.0189023  0.0117054
 0.0254669 -0.0189002   0.011683
 0.0254677 -0.0188977  0.0116623
 0.0254681 -0.0188951  0.0116431
  0.025468 -0.0188922  0.0116254
 0.0254675 -0.0188892  0.0116091
0.0254666 -0.018886 0.0115939
 0.0254654 -0.0188827  0.0115798
 0.0254639 -0.0188793  0.0115667
  0.025462 -0.0188758  0.0115546
   0.02546 -0.0188723  0.0115433
 0.0254576 -0.0188686  0.0115328
0.0254551 -0.018865 0.0115229
 0.0254523 -0.0188612  0.0115138
 0.0254494 -0.0188575  0.0115052
 0.0254463 -0.0188537  0.0114971
  0.025443 -0.0188499  0.0114896
0.0254396 -0.018846 0.0114825
  0.025436 -0.0188422  0.0114758
 0.0254323 -0.0188384  0.0114696
 0.0254285 -0.0188345  0.0114636
 0.0254247 -0.0188306   0.011458
 0.0254207 -0.0188268  0.0114527
 0.0254166 -0.0188229  0.0114476
 0.0254125 -0.0188191  0.0114429
 0.0254083 -0.0188152  0.0114383
 0.0254041 -0.0188114  0.0114339
 0.0253998 -0.0188076  0.0114298
 0.0253954 -0.0188038  0.0114258
0.025391  -0.0188 0.011422
 0.0253866 -0.0187962  0.0114183
 0.0253822 -0.0187924  0.0114147
 0.0253777 -0.0187886  0.0114113
 0.0253732 -0.0187849  0.0114081
 0.0253687 -0.0187811  0.0114049
 0.0253641 -0.0187774  0.0114018
 0.0253596 -0.0187737  0.0113988
 0.025355  -0.01877 0.0113959
 0.0253505 -0.0187663  0.0113931
 0.0253459 -0.0187627  0.0113903
0.0253413 -0.018759 0.0113877
 0.0253368 -0.0187554   0.011385
 0.0253322 -0.0187518  0.0113825
 0.0253276 -0.0187482    0.01138
  0.025323 -0.0187446  0.0113775
 0.0253185 -0.0187411  0.0113751
 0.0253139 -0.0187375  0.0113727
0.0253094 -0.018734 0.0113704
 0.0253048 -0.0187305  0.0113681
0.0253003 -0.018727 0.0113659
 0.0252958 -0.0187235  0.0113636
0.0252913  -0.01872 0.0113615
 0.0252868 -0.0187166  0.0113593
 0.0252823 -0.0187131  0.0113572
 0.0252778 -0.0187097  0.0113551
 0.0252734 -0.0187063   0.011353
 0.0252689 -0.0187029  0.0113509
 0.0252645 -0.0186995  0.0113489
 0.0252601 -0.0186962  0.0113469
 0.0252557 -0.0186928  0.0113449
 0.0252513 -0.0186895  0.0113429
 0.0252469 -0.0186862   0.011341
 0.0252425 -0.0186829   0.011339
 0.0252382 -0.0186796  0.0113371
 0.0252339 -0.0186763  0.0113352
 0.0252296 -0.0186731  0.0113333
 0.0252253 -0.0186698  0.0113314
  0.025221 -0.0186666  0.0113295
 0.0252168 -0.0186634  0.0113277
 0.0252125 -0.0186602  0.0113259
0.0252083 -0.018657  0.011324
 0.0252041 -0.0186539  0.0113222
 0.0251999 -0.0186507  0.0113204
 0.0251958 -0.0186476  0.0113186
 0.0251916 -0.0186445  0.0113168
 0.0251875 -0.0186413  0.0113151
 0.0251834 -0.0186382  0.0113133
 0.0251793 -0.0186352  0.0113116
 0.0251752 -0.0186321  0.0113098
0.0251711 -0.018629 0.0113081
0.0251671 -0.018626 0.0113064
 0.025163 -0.018623 0.0113047
0.025159 -0.01862 0.011303
 0.025155 -0.018617 0.0113013
0.0251511 -0.018614 0.0112996
0.0251471 -0.018611 0.0112979
 0.0251432 -0.0186081  0.0112963
 0.0251392 -0.0186051  0.0112946
 0.0251353 -0.0186022   0.011293
 0.0251314 -0.0185993  0.0112913
 0.0251276 -0.0185963  0.0112897
 0.0251237 -0.0185935  0.0112881
 0.0251199 -0.0185906  0.0112865
  0.025116 -0.0185877  0.0112849
 0.0251122 -0.0185849  0.0112833
0.0251084 -0.018582 0.0112817
 0.0251047 -0.0185792  0.0112801
 0.0251009 -0.0185764  0.0112785
 0.0250972 -0.0185736   0.011277
 0.0250934 -0.0185708  0.0112754
0.0250897 -0.018568 0.0112739
  0.025086 -0.0185652  0.0112723
 0.0250824 -0.0185625  0.0112708
 0.0250787 -0.0185597  0.0112693
0.0250751 -0.018557 0.0112677
 0.0250714 -0.0185543  0.0112662
 0.0250678 -0.0185516  0.0112647
 0.0250642 -0.0185489  0.0112632
 0.0250607 -0.0185462  0.0112617
 0.0250571 -0.0185435  0.0112602
 0.0250535 -0.0185409  0.0112588
   0.02505 -0.0185382  0.0112573
 0.0250465 -0.0185356  0.0112558
 0.025043 -0.018533 0.0112544
 0.0250395 -0.0185304  0.0112529
  0.025036 -0.0185278  0.0112515
 0.0250326 -0.0185252    0.01125
 0.0250292 -0.0185226  0.0112486
 0.0250257 -0.0185201  0.0112472
 0.0250223 -0.0185175  0.0112458
0.0250189 -0.018515 0.0112444
 0.0250156 -0.0185124   0.011243
 0.0250122 -0.0185099  0.0112416
 0.0250088 -0.0185074  0.0112402
 0.0250055 -0.0185049  0.0112388
 0.0250022 -0.0185024  0.0112374
0.0249989   -0.0185 0.0112361
 0.0249956 -0.0184975  0.0112347
0.0249923 -0.018495 0.0112333
 0.0249891 -0.0184926   0.011232
 0.0249858 -0.0184902  0.0112306
 0.0249826 -0.0184878  0.0112293
 0.0249794 -0.0184854   0.011228
0.0249762 -0.018483 0.0112266
  0.024973 -0.0184806  0.0112253
 0.0249698 -0.0184782   0.011224
 0.0249666 -0.0184758  0.0112227
 0.0249635 -0.0184735  0.0112214
 0.0249603 -0.0184711  0.0112201
 0.0249572 -0.0184688  0.0112188
 0.0249541 -0.0184665  0.0112175
  0.024951 -0.0184642  0.0112163
  0.024948 -0.0184619   0.011215
 0.0249449 -0.0184596  0.0112137
 0.0249418 -0.0184573  0.0112125
0.0249388 -0.018455 0.0112112
 0.0249358 -0.0184527    0.01121
 0.0249328 -0.0184505  0.0112087
 0.0249298 -0.0184482  0.0112075
0.0249268 -0.018446 0.0112063
 0.0249238 -0.0184438   0.011205
 0.0249208 -0.0184416  0.0112038
 0.0249179 -0.0184394  0.0112026
  0.024915 -0.0184372  0.0112014
 0.024912 -0.018435 0.0112002
 0.0249091 -0.0184328   0.011199
 0.0249062 -0.0184307  0.0111978
 0.0249034 -0.0184285  0.0111966
 0.0249005 -0.0184264  0.0111954
 0.0248976 -0.0184242  0.0111943
 0.0248948 -0.0184221  0.0111931
0.0248919  -0.01842 0.0111919
 0.0248891 -0.0184179  0.0111908
 0.0248863 -0.0184158  0.0111896
 0.0248835 -0.0184137  0.0111885
 0.0248807 -0.0184116  0.0111873
  0.024878 -0.0184095  0.0111862
 0.0248752 -0.0184075  0.0111851
 0.0248725 -0.0184054  0.0111839
 0.0248697 -0.0184034  0.0111828
  0.024867 -0.0184013  0.0111817
 0.0248643 -0.0183993  0.0111806
 0.0248616 -0.0183973  0.0111795
 0.0248589 -0.0183953  0.0111784
 0.0248562 -0.0183933  0.0111773
 0.0248536 -0.0183913  0.0111762
 0.0248509 -0.0183893  0.0111751
 0.0248483 -0.0183873   0.011174
 0.0248457 -0.0183854   0.011173
  0.024843 -0.0183834  0.0111719
 0.0248404 -0.0183815  0.0111708
 0.0248378 -0.0183795  0.0111698
 0.0248352 -0.0183776  0.0111687
 0.0248327 -0.0183757  0.0111677
 0.0248301 -0.0183738  0.0111666
 0.0248276 -0.0183719  0.0111656
 0.024825  -0.01837 0.0111645
 0.0248225 -0.0183681  0.0111635
   0.02482 -0.0183662  0.0111625
 0.0248175 -0.0183643  0.0111615
  0.024815 -0.0183625  0.0111605
 0.0248125 -0.0183606  0.0111594
   0.02481 -0.0183588  0.0111584
 0.0248076 -0.0183569  0.0111574
 0.0248051 -0.0183551  0.0111564
 0.0248027 -0.0183533  0.0111554
 0.0248002 -0.0183515  0.0111545
 0.0247978 -0.0183497  0.0111535
 0.0247954 -0.0183479  0.0111525
  0.024793 -0.0183461  0.0111515
 0.0247906 -0.0183443  0.0111505
 0.0247882 -0.0183425  0.0111496
 0.0247859 -0.0183407  0.0111486
0.0247835 -0.018339 0.0111477
 0.0247812 -0.0183372  0.0111467
 0.0247788 -0.0183355  0.0111458
 0.0247765 -0.0183338  0.0111448
0.0247742 -0.018332 0.0111439
 0.0247719 -0.0183303   0.011143
 0.0247696 -0.0183286   0.011142
 0.0247673 -0.0183269  0.0111411
  0.024765 -0.0183252  0.0111402
 0.0247628 -0.0183235  0.0111393
 0.0247605 -0.0183218  0.0111383
 0.0247583 -0.0183201  0.0111374
  0.024756 -0.0183185  0.0111365
 0.0247538 -0.0183168  0.0111356
 0.0247516 -0.0183152  0.0111347
 0.0247494 -0.0183135  0.0111338
 0.0247472 -0.0183119   0.011133
  0.024745 -0.0183102  0.0111321
 0.0247428 -0.0183086  0.0111312
0.0247406 -0.018307 0.0111303
 0.0247385 -0.0183054  0.0111294
 0.0247363 -0.0183038  0.0111286
 0.0247342 -0.0183022  0.0111277
  0.024732 -0.0183006  0.0111269
0.0247299 -0.018299  0.011126
 0.0247278 -0.0182974  0.0111252
 0.0247257 -0.0182959  0.0111243
 0.0247236 -0.0182943  0.0111235
 0.0247215 -0.0182927  0.0111226
 0.0247194 -0.0182912  0.0111218
 0.0247174 -0.0182896   0.011121
 0.0247153 -0.0182881  0.0111201
 0.0247133 -0.0182866  0.0111193
 0.0247112 -0.0182851  0.0111185
 0.0247092 -0.0182835  0.0111177
0.0247072 -0.018282 0.0111169
 0.0247051 -0.0182805   0.011116
0.0247031 -0.018279 0.0111152
 0.0247011 -0.0182775  0.0111144
 0.0246991 -0.0182761  0.0111136
 0.0246972 -0.0182746  0.0111128
 0.0246952 -0.0182731  0.0111121
 0.0246932 -0.0182716  0.0111113
 0.0246913 -0.0182702  0.0111105
 0.0246893 -0.0182687  0.0111097
 0.0246874 -0.0182673  0.0111089
 0.0246855 -0.0182659  0.0111082
 0.0246835 -0.0182644  0.0111074
0.0246816 -0.018263 0.0111066
 0.0246797 -0.0182616  0.0111059
 0.0246778 -0.0182602  0.0111051
 0.0246759 -0.0182588  0.0111044
  0.024674 -0.0182574  0.0111036
0.0246722 -0.018256 0.0111029
 0.0246703 -0.0182546  0.0111021
 0.0246684 -0.0182532  0.0111014
 0.0246666 -0.0182518  0.0111006
 0.0246648 -0.0182504  0.0110999
 0.0246629 -0.0182491  0.0110992
 0.0246611 -0.0182477  0.0110985
 0.0246593 -0.0182464  0.0110977
0.0246575 -0.018245  0.011097
 0.0246557 -0.0182437  0.0110963
 0.0246539 -0.0182423  0.0110956
0.0246521 -0.018241 0.0110949
 0.0246503 -0.0182397  0.0110942
 0.0246485 -0.0182384  0.0110935
 0.0246468 -0.0182371  0.0110928
  0.024645 -0.0182357  0.0110921
 0.0246433 -0.0182344  0.0110914
 0.0246415 -0.0182331  0.0110907
 0.0246398 -0.0182319    0.01109
 0.0246381 -0.0182306  0.0110893
 0.0246364 -0.0182293  0.0110886
0.0246346 -0.018228  0.011088
 0.0246329 -0.0182268  0.0110873
 0.0246312 -0.0182255  0.0110866
 0.0246296 -0.0182242  0.0110859
0.0246279 -0.018223 0.0110853
 0.0246262 -0.0182217  0.0110846
 0.0246245 -0.0182205   0.011084
 0.0246229 -0.0182193  0.0110833
0.0246212 -0.018218 0.0110827
 0.0246196 -0.0182168   0.011082
 0.0246179 -0.0182156  0.0110814
 0.0246163 -0.0182144  0.0110807
 0.0246147 -0.0182132  0.0110801
0.0246131 -0.018212 0.0110794
 0.0246114 -0.0182108  0.0110788
 0.0246098 -0.0182096  0.0110782
 0.0246082 -0.0182084  0.0110775
 0.0246067 -0.0182072  0.0110769
0.0246051 -0.018206 0.0110763
 0.0246035 -0.0182049  0.0110757
 0.0246019 -0.0182037  0.0110751
 0.0246004 -0.0182025  0.0110745
 0.0245988 -0.0182014  0.0110738
 0.0245973 -0.0182002  0.0110732
 0.0245957 -0.0181991  0.0110726
 0.0245942 -0.0181979   0.011072
 0.0245926 -0.0181968  0.0110714
 0.0245911 -0.0181957  0.0110708
 0.0245896 -0.0181945  0.0110702
 0.0245881 -0.0181934  0.0110696
 0.0245866 -0.0181923  0.0110691
 0.0245851 -0.0181912  0.0110685
 0.0245836 -0.0181901  0.0110679
0.0245821 -0.018189 0.0110673
 0.0245806 -0.0181879  0.0110667
 0.0245792 -0.0181868  0.0110662
 0.0245777 -0.0181857  0.0110656
 0.0245762 -0.0181846   0.011065
 0.0245748 -0.0181835  0.0110645
 0.0245733 -0.0181824  0.0110639
 0.0245719 -0.0181814  0.0110633
 0.0245705 -0.0181803  0.0110628
  0.024569 -0.0181793  0.0110622
 0.0245676 -0.0181782  0.0110617
 0.0245662 -0.0181771  0.0110611
 0.0245648 -0.0181761  0.0110606
 0.0245634 -0.0181751    0.01106
 0.024562 -0.018174 0.0110595
0.0245606 -0.018173 0.0110589
0.0245592 -0.018172 0.0110584
 0.0245578 -0.0181709  0.0110579
 0.0245565 -0.0181699  0.0110573
 0.0245551 -0.0181689  0.0110568
 0.0245537 -0.0181679  0.0110563
 0.0245524 -0.0181669  0.0110557
  0.024551 -0.0181659  0.0110552
 0.0245497 -0.0181649  0.0110547
 0.0245483 -0.0181639  0.0110542
  0.024547 -0.0181629  0.0110537
 0.0245457 -0.0181619  0.0110532
 0.0245443 -0.0181609  0.0110526
  0.024543 -0.0181599  0.0110521
0.0245417 -0.018159 0.0110516
0.0245404 -0.018158 0.0110511
0.0245391 -0.018157 0.0110506
 0.0245378 -0.0181561  0.0110501
 0.0245365 -0.0181551  0.0110496
 0.0245352 -0.0181542  0.0110491
  0.024534 -0.0181532  0.0110486
 0.0245327 -0.0181523  0.0110482
 0.0245314 -0.0181513  0.0110477
 0.0245302 -0.0181504  0.0110472
 0.0245289 -0.0181495  0.0110467
 0.0245277 -0.0181485  0.0110462
 0.0245264 -0.0181476  0.0110457
 0.0245252 -0.0181467  0.0110453
 0.0245239 -0.0181458  0.0110448
 0.0245227 -0.0181449  0.0110443
0.0245215 -0.018144 0.0110438
 0.0245203 -0.0181431  0.0110434
 0.0245191 -0.0181422  0.0110429
 0.0245178 -0.0181413  0.0110425
 0.0245166 -0.0181404   0.011042
 0.0245154 -0.0181395  0.0110415
 0.0245143 -0.0181386  0.0110411
 0.0245131 -0.0181377  0.0110406
 0.0245119 -0.0181368  0.0110402
0.0245107 -0.018136 0.0110397
 0.0245095 -0.0181351  0.0110393
 0.0245084 -0.0181342  0.0110388
 0.0245072 -0.0181334  0.0110384
  0.024506 -0.0181325   0.011038
 0.0245049 -0.0181317  0.0110375
 0.0245037 -0.0181308  0.0110371
0.0245026  -0.01813 0.0110366
 0.0245015 -0.0181291  0.0110362
 0.0245003 -0.0181283  0.0110358
 0.0244992 -0.0181274  0.0110353
 0.0244981 -0.0181266  0.0110349
 0.0244969 -0.0181258  0.0110345
0.0244958 -0.018125 0.0110341
 0.0244947 -0.0181241  0.0110337
 0.0244936 -0.0181233  0.0110332
 0.0244925 -0.0181225  0.0110328
 0.0244914 -0.0181217  0.0110324
 0.0244903 -0.0181209   0.011032
 0.0244892 -0.0181201  0.0110316
 0.0244882 -0.0181193  0.0110312
 0.0244871 -0.0181185  0.0110308
  0.024486 -0.0181177  0.0110304
 0.0244849 -0.0181169    0.01103
 0.0244839 -0.0181161  0.0110296
 0.0244828 -0.0181153  0.0110292
 0.0244818 -0.0181145  0.0110288
 0.0244807 -0.0181138  0.0110284
0.0244797 -0.018113  0.011028
 0.0244786 -0.0181122  0.0110276
 0.0244776 -0.0181115  0.0110272
 0.0244766 -0.0181107  0.0110268
 0.0244755 -0.0181099  0.0110264
 0.0244745 -0.0181092   0.011026
 0.0244735 -0.0181084  0.0110256
 0.0244725 -0.0181077  0.0110253
 0.0244715 -0.0181069  0.0110249
 0.0244705 -0.0181062  0.0110245
 0.0244695 -0.0181054  0.0110241
 0.0244685 -0.0181047  0.0110238
0.0244675 -0.018104 0.0110234
 0.0244665 -0.0181032   0.011023
 0.0244655 -0.0181025  0.0110227
 0.0244645 -0.0181018  0.0110223
 0.0244635 -0.0181011  0.0110219
 0.0244626 -0.0181003  0.0110216
 0.0244616 -0.0180996  0.0110212
 0.0244606 -0.0180989  0.0110208
 0.0244597 -0.0180982  0.0110205
 0.0244587 -0.0180975  0.0110201
 0.0244578 -0.0180968  0.0110198
 0.0244568 -0.0180961  0.0110194
 0.0244559 -0.0180954  0.0110191
 0.0244549 -0.0180947  0.0110187
 0.024454 -0.018094 0.0110184
 0.0244531 -0.0180933   0.011018
 0.0244521 -0.0180926  0.0110177
 0.0244512 -0.0180919  0.0110173
 0.0244503 -0.0180913   0.011017
 0.0244494 -0.0180906  0.0110167
 0.0244485 -0.0180899  0.0110163
 0.0244476 -0.0180892   0.011016
 0.0244467 -0.0180886  0.0110157
 0.0244458 -0.0180879  0.0110153
 0.0244449 -0.0180873   0.011015
  0.024444 -0.0180866  0.0110147
 0.0244431 -0.0180859  0.0110143
 0.0244422 -0.0180853   0.011014
 0.0244413 -0.0180846  0.0110137
0.0244404 -0.018084 0.0110134
 0.0244396 -0.0180833   0.011013
 0.0244387 -0.0180827  0.0110127
 0.0244378 -0.0180821  0.0110124
  0.024437 -0.0180814  0.0110121
 0.0244361 -0.0180808  0.0110118
 0.0244352 -0.0180802  0.0110115
 0.0244344 -0.0180795  0.0110111
 0.0244335 -0.0180789  0.0110108
 0.0244327 -0.0180783  0.0110105
 0.0244318 -0.0180777  0.0110102
 0.024431 -0.018077 0.0110099
 0.0244302 -0.0180764  0.0110096
 0.0244293 -0.0180758  0.0110093
 0.0244285 -0.0180752   0.011009
 0.0244277 -0.0180746  0.0110087
0.0244269 -0.018074 0.0110084
 0.0244261 -0.0180734  0.0110081
 0.0244252 -0.0180728  0.0110078
 0.0244244 -0.0180722  0.0110075
 0.0244236 -0.0180716  0.0110072
0.0244228 -0.018071 0.0110069
  0.024422 -0.0180704  0.0110066
 0.0244212 -0.0180698  0.0110063
 0.0244204 -0.0180692  0.0110061
 0.0244196 -0.0180687  0.0110058
 0.0244189 -0.0180681  0.0110055
 0.0244181 -0.0180675  0.0110052
 0.0244173 -0.0180669  0.0110049
 0.0244165 -0.0180663  0.0110046
 0.0244157 -0.0180658  0.0110044
  0.024415 -0.0180652  0.0110041
 0.0244142 -0.0180646  0.0110038
 0.0244134 -0.0180641  0.0110035
 0.0244127 -0.0180635  0.0110033
0.0244119 -0.018063  0.011003
 0.0244112 -0.0180624  0.0110027
 0.0244104 -0.0180619  0.0110024
 0.0244097 -0.0180613  0.0110022
 0.0244089 -0.0180608  0.0110019
 0.0244082 -0.0180602  0.0110016
 0.0244075 -0.0180597  0.0110014
 0.0244067 -0.0180591  0.0110011
  0.024406 -0.0180586  0.0110008
 0.0244053 -0.0180581  0.0110006
 0.0244045 -0.0180575  0.0110003
0.0244038 -0.018057 0.0110001
 0.0244031 -0.0180565  0.0109998
 0.0244024 -0.0180559  0.0109996
 0.0244017 -0.0180554  0.0109993
  0.024401 -0.0180549   0.010999
 0.0244002 -0.0180544  0.0109988
 0.0243995 -0.0180538  0.0109985
 0.0243988 -0.0180533  0.0109983
 0.0243981 -0.0180528   0.010998
 0.0243975 -0.0180523  0.0109978
 0.0243968 -0.0180518  0.0109976
 0.0243961 -0.0180513  0.0109973
 0.0243954 -0.0180508  0.0109971
 0.0243947 -0.0180503  0.0109968
  0.024394 -0.0180498  0.0109966
 0.0243933 -0.0180493  0.0109963
 0.0243927 -0.0180488  0.0109961
  0.024392 -0.0180483  0.0109959
 0.0243913 -0.0180478  0.0109956
 0.0243907 -0.0180473  0.0109954
   0.02439 -0.0180468  0.0109952
 0.0243893 -0.0180463  0.0109949
 0.0243887 -0.0180459  0.0109947
  0.024388 -0.0180454  0.0109945
 0.0243874 -0.0180449  0.0109942
 0.0243867 -0.0180444   0.010994
 0.0243861 -0.0180439  0.0109938
 0.0243854 -0.0180435  0.0109935
0.0243848 -0.018043 0.0109933
 0.0243841 -0.0180425  0.0109931
 0.0243835 -0.0180421  0.0109929
 0.0243829 -0.0180416  0.0109927
 0.0243822 -0.0180411  0.0109924
 0.0243816 -0.0180407  0.0109922
  0.024381 -0.0180402   0.010992
 0.0243804 -0.0180398  0.0109918
 0.0243798 -0.0180393  0.0109916
 0.0243791 -0.0180388  0.0109913
 0.0243785 -0.0180384  0.0109911
 0.0243779 -0.0180379  0.0109909
 0.0243773 -0.0180375  0.0109907
 0.0243767 -0.0180371  0.0109905
 0.0243761 -0.0180366  0.0109903
 0.0243755 -0.0180362  0.0109901
 0.0243749 -0.0180357  0.0109899
 0.0243743 -0.0180353  0.0109897
 0.0243737 -0.0180349  0.0109895
 0.0243731 -0.0180344  0.0109892
0.0243725 -0.018034  0.010989
 0.0243719 -0.0180336  0.0109888
 0.0243713 -0.0180331  0.0109886
 0.0243708 -0.0180327  0.0109884
 0.0243702 -0.0180323  0.0109882
 0.0243696 -0.0180318   0.010988
  0.024369 -0.0180314  0.0109878
0.0243685 -0.018031 0.0109876
 0.0243679 -0.0180306  0.0109874
 0.0243673 -0.0180302  0.0109873
 0.0243668 -0.0180298  0.0109871
 0.0243662 -0.0180293  0.0109869
 0.0243656 -0.0180289  0.0109867
 0.0243651 -0.0180285  0.0109865
 0.0243645 -0.0180281  0.0109863
  0.024364 -0.0180277  0.0109861
 0.0243634 -0.0180273  0.0109859
 0.0243629 -0.0180269  0.0109857
 0.0243623 -0.0180265  0.0109855
 0.0243618 -0.0180261  0.0109854
 0.0243612 -0.0180257  0.0109852
 0.0243607 -0.0180253   0.010985
 0.0243602 -0.0180249  0.0109848
 0.0243596 -0.0180245  0.0109846
 0.0243591 -0.0180241  0.0109844
 0.0243586 -0.0180238  0.0109843
  0.024358 -0.0180234  0.0109841
0.0243575 -0.018023 0.0109839
  0.024357 -0.0180226  0.0109837
 0.0243565 -0.0180222  0.0109836
 0.0243559 -0.0180218  0.0109834
 0.0243554 -0.0180215  0.0109832
 0.0243549 -0.0180211   0.010983
 0.0243544 -0.0180207  0.0109829
 0.0243539 -0.0180203  0.0109827
0.0243534  -0.01802 0.0109825
 0.0243529 -0.0180196  0.0109823
 0.0243524 -0.0180192  0.0109822
 0.0243519 -0.0180189   0.010982
 0.0243514 -0.0180185  0.0109818
 0.0243509 -0.0180181  0.0109817
 0.0243504 -0.0180178  0.0109815
 0.0243499 -0.0180174  0.0109813
0.0243494 -0.018017 0.0109812
 0.0243489 -0.0180167   0.010981
 0.0243484 -0.0180163  0.0109808
0.0243479 -0.018016 0.0109807
 0.0243474 -0.0180156  0.0109805
  0.024347 -0.0180153  0.0109804
 0.0243465 -0.0180149  0.0109802
  0.024346 -0.0180146    0.01098
 0.0243455 -0.0180142  0.0109799
 0.0243451 -0.0180139  0.0109797
 0.0243446 -0.0180135  0.0109796
 0.0243441 -0.0180132  0.0109794
 0.0243437 -0.0180129  0.0109793
 0.0243432 -0.0180125  0.0109791
 0.0243427 -0.0180122   0.010979
 0.0243423 -0.0180118  0.0109788
 0.0243418 -0.0180115  0.0109787
 0.0243413 -0.0180112  0.0109785
 0.0243409 -0.0180108  0.0109784
 0.0243404 -0.0180105  0.0109782
   0.02434 -0.0180102  0.0109781
 0.0243395 -0.0180098  0.0109779
 0.0243391 -0.0180095  0.0109778
 0.0243386 -0.0180092  0.0109776
 0.0243382 -0.0180089  0.0109775
 0.0243378 -0.0180085  0.0109773
 0.0243373 -0.0180082  0.0109772
 0.0243369 -0.0180079   0.010977
 0.0243364 -0.0180076  0.0109769
  0.024336 -0.0180073  0.0109768
0.0243356 -0.018007 0.0109766
 0.0243351 -0.0180066  0.0109765
 0.0243347 -0.0180063  0.0109763
0.0243343 -0.018006 0.0109762
 0.0243339 -0.0180057  0.0109761
 0.0243334 -0.0180054  0.0109759
  0.024333 -0.0180051  0.0109758
 0.0243326 -0.0180048  0.0109756
 0.0243322 -0.0180045  0.0109755
 0.0243318 -0.0180042  0.0109754
 0.0243313 -0.0180039  0.0109752
 0.0243309 -0.0180036  0.0109751
 0.0243305 -0.0180033   0.010975
0.0243301 -0.018003 0.0109748
 0.0243297 -0.0180027  0.0109747
 0.0243293 -0.0180024  0.0109746
 0.0243289 -0.0180021  0.0109745
 0.0243285 -0.0180018  0.0109743
 0.0243281 -0.0180015  0.0109742
 0.0243277 -0.0180012  0.0109741
 0.0243273 -0.0180009  0.0109739
 0.0243269 -0.0180006  0.0109738
 0.0243265 -0.0180003  0.0109737
 0.0243261 -0.0180001  0.0109736
 0.0243257 -0.0179998  0.0109734
 0.0243253 -0.0179995  0.0109733
 0.0243249 -0.0179992  0.0109732
 0.0243246 -0.0179989  0.0109731
 0.0243242 -0.0179986   0.010973
 0.0243238 -0.0179984  0.0109728
 0.0243234 -0.0179981  0.0109727
  0.024323 -0.0179978  0.0109726
 0.0243226 -0.0179975  0.0109725
 0.0243223 -0.0179973  0.0109724
0.0243219 -0.017997 0.0109722
 0.0243215 -0.0179967  0.0109721
 0.0243211 -0.0179964   0.010972
 0.0243208 -0.0179962  0.0109719
 0.0243204 -0.0179959  0.0109718
   0.02432 -0.0179956  0.0109717
 0.0243197 -0.0179954  0.0109715
 0.0243193 -0.0179951  0.0109714
  0.024319 -0.0179949  0.0109713
 0.0243186 -0.0179946  0.0109712
 0.0243182 -0.0179943  0.0109711
 0.0243179 -0.0179941   0.010971
 0.0243175 -0.0179938  0.0109709
 0.0243172 -0.0179936  0.0109708
 0.0243168 -0.0179933  0.0109706
0.0243165 -0.017993 0.0109705
 0.0243161 -0.0179928  0.0109704
 0.0243158 -0.0179925  0.0109703
 0.0243154 -0.0179923  0.0109702
0.0243151 -0.017992 0.0109701
 0.0243147 -0.0179918    0.01097
 0.0243144 -0.0179915  0.0109699
  0.024314 -0.0179913  0.0109698
0.0243137 -0.017991 0.0109697
 0.0243134 -0.0179908  0.0109696
  0.024313 -0.0179905  0.0109695
 0.0243127 -0.0179903  0.0109694
 0.0243123 -0.0179901  0.0109693
  0.024312 -0.0179898  0.0109692
 0.0243117 -0.0179896  0.0109691
 0.0243114 -0.0179893   0.010969
  0.024311 -0.0179891  0.0109689
 0.0243107 -0.0179889  0.0109688
 0.0243104 -0.0179886  0.0109687
   0.02431 -0.0179884  0.0109686
 0.0243097 -0.0179882  0.0109685
 0.0243094 -0.0179879  0.0109684
 0.0243091 -0.0179877  0.0109683
 0.0243088 -0.0179875  0.0109682
 0.0243084 -0.0179872  0.0109681
0.0243081 -0.017987  0.010968
 0.0243078 -0.0179868  0.0109679
 0.0243075 -0.0179865  0.0109678
 0.0243072 -0.0179863  0.0109677
 0.0243069 -0.0179861  0.0109676
 0.0243066 -0.0179859  0.0109675
 0.0243063 -0.0179856  0.0109674
 0.0243059 -0.0179854  0.0109673
 0.0243056 -0.0179852  0.0109672
0.0243053 -0.017985 0.0109672
  0.024305 -0.0179848  0.0109671
 0.0243047 -0.0179845   0.010967
 0.0243044 -0.0179843  0.0109669
 0.0243041 -0.0179841  0.0109668
 0.0243038 -0.0179839  0.0109667
 0.0243035 -0.0179837  0.0109666
 0.0243032 -0.0179835  0.0109665
 0.0243029 -0.0179832  0.0109664
0.0243026 -0.017983 0.0109664
 0.0243024 -0.0179828  0.0109663
 0.0243021 -0.0179826  0.0109662
 0.0243018 -0.0179824  0.0109661
 0.0243015 -0.0179822   0.010966
0.0243012 -0.017982 0.0109659
 0.0243009 -0.0179818  0.0109659
 0.0243006 -0.0179816  0.0109658
 0.0243003 -0.0179814  0.0109657
 0.0243001 -0.0179812  0.0109656
0.0242998 -0.017981 0.0109655
 0.0242995 -0.0179808  0.0109654
 0.0242992 -0.0179806  0.0109654
 0.0242989 -0.0179804  0.0109653
 0.0242987 -0.0179802  0.0109652
0.0242984  -0.01798 0.0109651
 0.0242981 -0.0179798   0.010965
 0.0242978 -0.0179796   0.010965
 0.0242976 -0.0179794  0.0109649
 0.0242973 -0.0179792  0.0109648
 0.024297 -0.017979 0.0109647
 0.0242968 -0.0179788  0.0109647
 0.0242965 -0.0179786  0.0109646
 0.0242962 -0.0179784  0.0109645
  0.024296 -0.0179782  0.0109644
0.0242957 -0.017978 0.0109643
 0.0242954 -0.0179778  0.0109643
 0.0242952 -0.0179776  0.0109642
 0.0242949 -0.0179774  0.0109641
 0.0242946 -0.0179773   0.010964
 0.0242944 -0.0179771   0.010964
 0.0242941 -0.0179769  0.0109639
 0.0242939 -0.0179767  0.0109638
 0.0242936 -0.0179765  0.0109638
 0.0242934 -0.0179763  0.0109637
 0.0242931 -0.0179761  0.0109636
0.0242929 -0.017976 0.0109635
 0.0242926 -0.0179758  0.0109635
 0.0242924 -0.0179756  0.0109634
 0.0242921 -0.0179754  0.0109633
 0.0242919 -0.0179752  0.0109633
 0.0242916 -0.0179751  0.0109632
 0.0242914 -0.0179749  0.0109631
 0.0242911 -0.0179747  0.0109631
 0.0242909 -0.0179745   0.010963
 0.0242906 -0.0179744  0.0109629
 0.0242904 -0.0179742  0.0109629
0.0242902 -0.017974 0.0109628
 0.0242899 -0.0179738  0.0109627
 0.0242897 -0.0179737  0.0109627
 0.0242894 -0.0179735  0.0109626
 0.0242892 -0.0179733  0.0109625
  0.024289 -0.0179732  0.0109625
0.0242887 -0.017973 0.0109624
 0.0242885 -0.0179728  0.0109623
 0.0242883 -0.0179727  0.0109623
  0.024288 -0.0179725  0.0109622
 0.0242878 -0.0179723  0.0109621
 0.0242876 -0.0179722  0.0109621
0.0242873 -0.017972  0.010962
 0.0242871 -0.0179718   0.010962
 0.0242869 -0.0179717  0.0109619
 0.0242867 -0.0179715  0.0109618
 0.0242864 -0.0179713  0.0109618
 0.0242862 -0.0179712  0.0109617
 0.024286 -0.017971 0.0109617
 0.0242858 -0.0179709  0.0109616
 0.0242855 -0.0179707  0.0109615
 0.0242853 -0.0179705  0.0109615
 0.0242851 -0.0179704  0.0109614
 0.0242849 -0.0179702  0.0109614
 0.0242847 -0.0179701  0.0109613
 0.0242844 -0.0179699  0.0109612
 0.0242842 -0.0179698  0.0109612
  0.024284 -0.0179696  0.0109611
 0.0242838 -0.0179695  0.0109611
 0.0242836 -0.0179693   0.010961
 0.0242834 -0.0179692   0.010961
0.0242832 -0.017969 0.0109609
  0.024283 -0.0179689  0.0109609
 0.0242827 -0.0179687  0.0109608
 0.0242825 -0.0179686  0.0109607
 0.0242823 -0.0179684  0.0109607
 0.0242821 -0.0179683  0.0109606
 0.0242819 -0.0179681  0.0109606
0.0242817 -0.017968 0.0109605
 0.0242815 -0.0179678  0.0109605
 0.0242813 -0.0179677  0.0109604
 0.0242811 -0.0179675  0.0109604
 0.0242809 -0.0179674  0.0109603
 0.0242807 -0.0179672  0.0109603
 0.0242805 -0.0179671  0.0109602
 0.0242803 -0.0179669  0.0109602
 0.0242801 -0.0179668  0.0109601
 0.0242799 -0.0179667  0.0109601
 0.0242797 -0.0179665    0.01096
 0.0242795 -0.0179664    0.01096
 0.0242793 -0.0179662  0.0109599
 0.0242791 -0.0179661  0.0109599
0.0242789 -0.017966 0.0109598
 0.0242787 -0.0179658  0.0109598
 0.0242785 -0.0179657  0.0109597
 0.0242784 -0.0179656  0.0109597
 0.0242782 -0.0179654  0.0109596
  0.024278 -0.0179653  0.0109596
 0.0242778 -0.0179652  0.0109595
0.0242776 -0.017965 0.0109595
 0.0242774 -0.0179649  0.0109594
 0.0242772 -0.0179648  0.0109594
  0.024277 -0.0179646  0.0109593
 0.0242769 -0.0179645  0.0109593
 0.0242767 -0.0179644  0.0109593
 0.0242765 -0.0179642  0.0109592
 0.0242763 -0.0179641  0.0109592
0.0242761 -0.017964 0.0109591
 0.0242759 -0.0179638  0.0109591
 0.0242758 -0.0179637   0.010959
 0.0242756 -0.0179636   0.010959
 0.0242754 -0.0179635  0.0109589
 0.0242752 -0.0179633  0.0109589
  0.024275 -0.0179632  0.0109589
 0.0242749 -0.0179631  0.0109588
 0.0242747 -0.0179629  0.0109588
 0.0242745 -0.0179628  0.0109587
 0.0242743 -0.0179627  0.0109587
 0.0242742 -0.0179626  0.0109586
  0.024274 -0.0179625  0.0109586
 0.0242738 -0.0179623  0.0109586
 0.0242737 -0.0179622  0.0109585
 0.0242735 -0.0179621  0.0109585
0.0242733 -0.017962 0.0109584
 0.0242731 -0.0179618  0.0109584
  0.024273 -0.0179617  0.0109584
 0.0242728 -0.0179616  0.0109583
 0.0242726 -0.0179615  0.0109583
 0.0242725 -0.0179614  0.0109582
 0.0242723 -0.0179613  0.0109582
 0.0242721 -0.0179611  0.0109582
 0.024272 -0.017961 0.0109581
 0.0242718 -0.0179609  0.0109581
 0.0242717 -0.0179608   0.010958
 0.0242715 -0.0179607   0.010958
 0.0242713 -0.0179606   0.010958
 0.0242712 -0.0179604  0.0109579
  0.024271 -0.0179603  0.0109579
 0.0242708 -0.0179602  0.0109579
 0.0242707 -0.0179601  0.0109578
0.0242705  -0.01796 0.0109578
 0.0242704 -0.0179599  0.0109577
 0.0242702 -0.0179598  0.0109577
 0.0242701 -0.0179597  0.0109577
 0.0242699 -0.0179595  0.0109576
 0.0242698 -0.0179594  0.0109576
 0.0242696 -0.0179593  0.0109576
 0.0242694 -0.0179592  0.0109575
 0.0242693 -0.0179591  0.0109575
0.0242691 -0.017959 0.0109575
  0.024269 -0.0179589  0.0109574
 0.0242688 -0.0179588  0.0109574
 0.0242687 -0.0179587  0.0109574
 0.0242685 -0.0179586  0.0109573
 0.0242684 -0.0179585  0.0109573
 0.0242682 -0.0179584  0.0109573
 0.0242681 -0.0179583  0.0109572
 0.0242679 -0.0179582  0.0109572
0.0242678 -0.017958 0.0109572
 0.0242677 -0.0179579  0.0109571
 0.0242675 -0.0179578  0.0109571
 0.0242674 -0.0179577  0.0109571
 0.0242672 -0.0179576   0.010957
 0.0242671 -0.0179575   0.010957
 0.0242669 -0.0179574   0.010957
 0.0242668 -0.0179573  0.0109569
 0.0242666 -0.0179572  0.0109569
 0.0242665 -0.0179571  0.0109569
0.0242664 -0.017957 0.0109569
 0.0242662 -0.0179569  0.0109568
 0.0242661 -0.0179568  0.0109568
 0.0242659 -0.0179567  0.0109568
 0.0242658 -0.0179566  0.0109567
 0.0242657 -0.0179565  0.0109567
 0.0242655 -0.0179564  0.0109567
 0.0242654 -0.0179564  0.0109566
 0.0242653 -0.0179563  0.0109566
 0.0242651 -0.0179562  0.0109566
  0.024265 -0.0179561  0.0109566
0.0242649 -0.017956 0.0109565
 0.0242647 -0.0179559  0.0109565
 0.0242646 -0.0179558  0.0109565
 0.0242645 -0.0179557  0.0109565
 0.0242643 -0.0179556  0.0109564
 0.0242642 -0.0179555  0.0109564
 0.0242641 -0.0179554  0.0109564
 0.0242639 -0.0179553  0.0109563
 0.0242638 -0.0179552  0.0109563
 0.0242637 -0.0179551  0.0109563
0.0242635 -0.017955 0.0109563
0.0242634 -0.017955 0.0109562
 0.0242633 -0.0179549  0.0109562
 0.0242632 -0.0179548  0.0109562
  0.024263 -0.0179547  0.0109562
 0.0242629 -0.0179546  0.0109561
 0.0242628 -0.0179545  0.0109561
 0.0242627 -0.0179544  0.0109561
 0.0242625 -0.0179543  0.0109561
 0.0242624 -0.0179542   0.010956
 0.0242623 -0.0179542   0.010956
 0.0242622 -0.0179541   0.010956
 0.024262 -0.017954  0.010956
 0.0242619 -0.0179539  0.0109559
 0.0242618 -0.0179538  0.0109559
 0.0242617 -0.0179537  0.0109559
 0.0242616 -0.0179536  0.0109559
 0.0242614 -0.0179536  0.0109558
 0.0242613 -0.0179535  0.0109558
 0.0242612 -0.0179534  0.0109558
 0.0242611 -0.0179533  0.0109558
  0.024261 -0.0179532  0.0109558
 0.0242608 -0.0179531  0.0109557
 0.0242607 -0.0179531  0.0109557
0.0242606 -0.017953 0.0109557
 0.0242605 -0.0179529  0.0109557
 0.0242604 -0.0179528  0.0109556
 0.0242603 -0.0179527  0.0109556
 0.0242601 -0.0179527  0.0109556
   0.02426 -0.0179526  0.0109556
 0.0242599 -0.0179525  0.0109556
 0.0242598 -0.0179524  0.0109555
 0.0242597 -0.0179523  0.0109555
 0.0242596 -0.0179523  0.0109555
 0.0242595 -0.0179522  0.0109555
 0.0242594 -0.0179521  0.0109555
0.0242592 -0.017952 0.0109554
0.0242591 -0.017952 0.0109554
  0.024259 -0.0179519  0.0109554
 0.0242589 -0.0179518  0.0109554
 0.0242588 -0.0179517  0.0109554
 0.0242587 -0.0179516  0.0109553
 0.0242586 -0.0179516  0.0109553
 0.0242585 -0.0179515  0.0109553
 0.0242584 -0.0179514  0.0109553
 0.0242583 -0.0179513  0.0109553
 0.0242582 -0.0179513  0.0109552
 0.0242581 -0.0179512  0.0109552
  0.024258 -0.0179511  0.0109552
 0.0242579 -0.0179511  0.0109552
0.0242577 -0.017951 0.0109552
 0.0242576 -0.0179509  0.0109552
 0.0242575 -0.0179508  0.0109551
 0.0242574 -0.0179508  0.0109551
 0.0242573 -0.0179507  0.0109551
 0.0242572 -0.0179506  0.0109551
 0.0242571 -0.0179505  0.0109551
  0.024257 -0.0179505   0.010955
 0.0242569 -0.0179504   0.010955
 0.0242568 -0.0179503   0.010955
 0.0242567 -0.0179503   0.010955
 0.0242566 -0.0179502   0.010955
 0.0242565 -0.0179501   0.010955
 0.0242564 -0.0179501  0.0109549
0.0242563  -0.01795 0.0109549
 0.0242562 -0.0179499  0.0109549
 0.0242561 -0.0179499  0.0109549
