 0.0908916 0.00576867  0.0614158
 0.0849067 0.00201691  0.0631995
  0.0815182 -7.1291e-05   0.0645434
  0.0795529 -0.00117255   0.0654532
  0.0783258 -0.00169421    0.065965
  0.0774601 -0.00188063   0.0661434
  0.0767598 -0.00187767   0.0660627
  0.0761295 -0.00177187   0.0657935
  0.0755276 -0.00161411   0.0653955
  0.0749391 -0.00143394   0.0649161
  0.0743617 -0.00124819   0.0643912
  0.0737982 -0.00106614    0.063847
   0.0732527 -0.000892673    0.0633016
   0.0727291 -0.000730065    0.0627678
   0.0722303 -0.000579139    0.0622535
    0.071758 -0.000439898    0.0617636
   0.0713134 -0.000311909     0.061301
   0.0708963 -0.000194523    0.0608668
   0.0705065 -8.70046e-05     0.060461
  0.070143 1.1401e-05   0.060083
  0.0698048 0.000101428   0.0597317
 0.0694904 0.00018377  0.0594058
  0.0691985 0.000259077   0.0591039
  0.0689276 0.000327946   0.0588244
  0.0686764 0.000390926   0.0585658
  0.0684434 0.000448522   0.0583265
  0.0682274 0.000501193   0.0581052
  0.068027 0.00054936  0.0579004
  0.0678411 0.000593408    0.057711
  0.0676686 0.000633687   0.0575356
  0.0675084 0.000670519   0.0573732
  0.0673596 0.000704195   0.0572227
  0.0672212 0.000734986   0.0570832
  0.0670925 0.000763134   0.0569538
  0.0669727 0.000788865   0.0568337
   0.066861 0.000812383    0.056722
  0.0667568 0.000833875   0.0566182
  0.0666595 0.000853513   0.0565216
  0.0665686 0.000871454   0.0564316
  0.0664836 0.000887841   0.0563477
  0.0664039 0.000902806   0.0562693
  0.0663292 0.000916469    0.056196
  0.066259 0.00092894  0.0561275
   0.066193 0.000940319   0.0560632
  0.0661308 0.000950699   0.0560029
  0.0660722 0.000960164   0.0559463
  0.0660168 0.000968792   0.0558929
  0.0659645 0.000976652   0.0558427
  0.0659148 0.000983811   0.0557953
  0.0658678 0.000990327   0.0557505
   0.065823 0.000996254    0.055708
 0.0657804 0.00100164  0.0556677
 0.0657397 0.00100654  0.0556295
 0.0657009 0.00101098  0.0555931
 0.0656638 0.00101501  0.0555584
 0.0656282 0.00101866  0.0555253
  0.065594 0.00102197  0.0554936
 0.0655611 0.00102495  0.0554632
 0.0655294 0.00102765  0.0554341
 0.0654989 0.00103008  0.0554061
 0.0654694 0.00103227  0.0553791
 0.0654408 0.00103423  0.0553531
 0.0654131 0.00103599   0.055328
 0.0653862 0.00103756  0.0553036
   0.06536 0.00103897  0.0552801
 0.0653346 0.00104021  0.0552572
 0.0653098 0.00104131  0.0552349
 0.0652855 0.00104229  0.0552133
 0.0652619 0.00104314  0.0551922
 0.0652387 0.00104388  0.0551716
  0.065216 0.00104452  0.0551514
 0.0651938 0.00104507  0.0551317
 0.0651719 0.00104554  0.0551125
 0.0651505 0.00104592  0.0550935
 0.0651294 0.00104624   0.055075
0.0651086 0.0010465 0.0550567
 0.0650882 0.00104669  0.0550388
  0.065068 0.00104684  0.0550211
 0.0650481 0.00104693  0.0550037
 0.0650284 0.00104698  0.0549866
  0.065009 0.00104699  0.0549697
 0.0649899 0.00104696   0.054953
 0.0649709 0.00104689  0.0549365
0.0649521 0.0010468 0.0549202
 0.0649335 0.00104667   0.054904
 0.0649151 0.00104653  0.0548881
 0.0648969 0.00104635  0.0548723
 0.0648788 0.00104616  0.0548566
 0.0648609 0.00104594  0.0548411
 0.0648431 0.00104571  0.0548257
 0.0648255 0.00104547  0.0548105
 0.064808 0.0010452 0.0547954
 0.0647906 0.00104493  0.0547804
 0.0647733 0.00104464  0.0547655
 0.0647562 0.00104434  0.0547507
 0.0647392 0.00104403   0.054736
 0.0647222 0.00104372  0.0547214
 0.0647054 0.00104339  0.0547069
 0.0646887 0.00104306  0.0546925
 0.0646721 0.00104272  0.0546782
 0.0646555 0.00104237   0.054664
 0.0646391 0.00104202  0.0546499
 0.0646228 0.00104167  0.0546358
 0.0646065 0.00104131  0.0546218
 0.0645903 0.00104094  0.0546079
 0.0645743 0.00104058  0.0545941
 0.0645582 0.00104021  0.0545803
 0.0645423 0.00103983  0.0545666
 0.0645265 0.00103946   0.054553
 0.0645107 0.00103908  0.0545394
 0.064495 0.0010387 0.0545259
 0.0644794 0.00103832  0.0545125
 0.0644638 0.00103794  0.0544992
 0.0644483 0.00103756  0.0544859
 0.0644329 0.00103718  0.0544726
0.0644176 0.0010368 0.0544594
 0.0644023 0.00103641  0.0544463
 0.0643871 0.00103603  0.0544332
 0.0643719 0.00103564  0.0544202
 0.0643568 0.00103526  0.0544073
 0.0643418 0.00103488  0.0543944
 0.0643269 0.00103449  0.0543815
  0.064312 0.00103411  0.0543688
 0.0642972 0.00103373   0.054356
 0.0642824 0.00103334  0.0543433
 0.0642677 0.00103296  0.0543307
 0.0642531 0.00103258  0.0543182
0.0642385 0.0010322 0.0543056
  0.064224 0.00103182  0.0542932
 0.0642095 0.00103144  0.0542807
 0.0641951 0.00103106  0.0542684
 0.0641808 0.00103068  0.0542561
 0.0641665 0.00103031  0.0542438
 0.0641523 0.00102993  0.0542316
 0.0641381 0.00102955  0.0542194
  0.064124 0.00102918  0.0542073
 0.0641099 0.00102881  0.0541952
 0.0640959 0.00102843  0.0541832
  0.064082 0.00102806  0.0541712
 0.0640681 0.00102769  0.0541593
 0.0640543 0.00102732  0.0541474
 0.0640405 0.00102695  0.0541356
 0.0640268 0.00102659  0.0541238
 0.0640131 0.00102622  0.0541121
 0.0639995 0.00102586  0.0541004
 0.0639859 0.00102549  0.0540887
 0.0639724 0.00102513  0.0540771
  0.063959 0.00102477  0.0540656
 0.0639456 0.00102441   0.054054
 0.0639322 0.00102405  0.0540426
 0.0639189 0.00102369  0.0540312
 0.0639057 0.00102333  0.0540198
 0.0638925 0.00102297  0.0540084
 0.0638794 0.00102262  0.0539972
 0.0638663 0.00102226  0.0539859
 0.0638533 0.00102191  0.0539747
 0.0638403 0.00102156  0.0539636
 0.0638273 0.00102121  0.0539524
 0.0638145 0.00102086  0.0539414
 0.0638016 0.00102051  0.0539303
 0.0637888 0.00102016  0.0539193
 0.0637761 0.00101982  0.0539084
 0.0637634 0.00101947  0.0538975
 0.0637508 0.00101913  0.0538866
 0.0637382 0.00101878  0.0538758
 0.0637257 0.00101844   0.053865
0.0637132 0.0010181 0.0538543
 0.0637007 0.00101776  0.0538436
 0.0636883 0.00101742   0.053833
  0.063676 0.00101709  0.0538224
 0.0636637 0.00101675  0.0538118
 0.0636515 0.00101641  0.0538012
 0.0636393 0.00101608  0.0537908
 0.0636271 0.00101575  0.0537803
  0.063615 0.00101541  0.0537699
 0.0636029 0.00101508  0.0537595
 0.0635909 0.00101475  0.0537492
  0.063579 0.00101442  0.0537389
 0.063567 0.0010141 0.0537286
 0.0635552 0.00101377  0.0537184
 0.0635433 0.00101344  0.0537083
 0.0635315 0.00101312  0.0536981
0.0635198 0.0010128  0.053688
 0.0635081 0.00101247   0.053678
 0.0634964 0.00101215  0.0536679
 0.0634848 0.00101183   0.053658
 0.0634733 0.00101151   0.053648
 0.0634618 0.00101119  0.0536381
 0.0634503 0.00101088  0.0536282
 0.0634389 0.00101056  0.0536184
 0.0634275 0.00101024  0.0536086
 0.0634161 0.00100993  0.0535988
 0.0634048 0.00100962  0.0535891
0.0633936 0.0010093 0.0535794
 0.0633824 0.00100899  0.0535698
 0.0633712 0.00100868  0.0535602
 0.0633601 0.00100837  0.0535506
  0.063349 0.00100807   0.053541
 0.0633379 0.00100776  0.0535315
 0.0633269 0.00100745  0.0535221
  0.063316 0.00100715  0.0535126
  0.063305 0.00100684  0.0535032
 0.0632942 0.00100654  0.0534939
 0.0632833 0.00100624  0.0534845
 0.0632725 0.00100593  0.0534752
 0.0632618 0.00100563   0.053466
 0.0632511 0.00100533  0.0534568
 0.0632404 0.00100504  0.0534476
 0.0632298 0.00100474  0.0534384
 0.0632192 0.00100444  0.0534293
 0.0632086 0.00100415  0.0534202
 0.0631981 0.00100385  0.0534112
 0.0631876 0.00100356  0.0534021
 0.0631772 0.00100326  0.0533932
 0.0631668 0.00100297  0.0533842
 0.0631564 0.00100268  0.0533753
 0.0631461 0.00100239  0.0533664
0.0631358 0.0010021 0.0533575
 0.0631256 0.00100181  0.0533487
 0.0631154 0.00100153  0.0533399
 0.0631052 0.00100124  0.0533312
 0.0630951 0.00100095  0.0533225
  0.063085 0.00100067  0.0533138
  0.063075 0.00100038  0.0533051
0.0630649 0.0010001 0.0532965
  0.063055 0.00099982  0.0532879
   0.063045 0.000999538   0.0532793
  0.0630351 0.000999258   0.0532708
  0.0630253 0.000998979   0.0532623
0.0630154 0.0009987 0.0532538
  0.0630056 0.000998422   0.0532454
  0.0629959 0.000998146    0.053237
 0.0629862 0.00099787  0.0532286
  0.0629765 0.000997594   0.0532203
 0.0629669 0.00099732   0.053212
  0.0629572 0.000997047   0.0532037
  0.0629477 0.000996774   0.0531954
  0.0629381 0.000996503   0.0531872
  0.0629286 0.000996232    0.053179
  0.0629192 0.000995962   0.0531709
  0.0629097 0.000995692   0.0531627
  0.0629003 0.000995424   0.0531546
   0.062891 0.000995157   0.0531466
 0.0628816 0.00099489  0.0531385
  0.0628723 0.000994624   0.0531305
  0.0628631 0.000994359   0.0531225
  0.0628539 0.000994095   0.0531146
  0.0628447 0.000993831   0.0531067
  0.0628355 0.000993569   0.0530988
  0.0628264 0.000993307   0.0530909
  0.0628173 0.000993046   0.0530831
  0.0628082 0.000992786   0.0530752
  0.0627992 0.000992526   0.0530675
  0.0627902 0.000992268   0.0530597
 0.0627813 0.00099201   0.053052
  0.0627723 0.000991753   0.0530443
  0.0627635 0.000991497   0.0530366
  0.0627546 0.000991241    0.053029
  0.0627458 0.000990987   0.0530214
   0.062737 0.000990733   0.0530138
 0.0627282 0.00099048  0.0530062
  0.0627195 0.000990228   0.0529987
  0.0627108 0.000989976   0.0529912
  0.0627021 0.000989725   0.0529837
  0.0626935 0.000989475   0.0529763
  0.0626849 0.000989226   0.0529689
  0.0626763 0.000988977   0.0529615
 0.0626678 0.00098873  0.0529541
  0.0626593 0.000988483   0.0529467
  0.0626508 0.000988237   0.0529394
  0.0626424 0.000987991   0.0529321
  0.0626339 0.000987746   0.0529249
  0.0626256 0.000987502   0.0529176
  0.0626172 0.000987259   0.0529104
  0.0626089 0.000987017   0.0529033
  0.0626006 0.000986775   0.0528961
  0.0625923 0.000986534    0.052889
  0.0625841 0.000986293   0.0528819
  0.0625759 0.000986054   0.0528748
  0.0625677 0.000985815   0.0528677
  0.0625596 0.000985577   0.0528607
  0.0625515 0.000985339   0.0528537
  0.0625434 0.000985102   0.0528467
  0.0625353 0.000984866   0.0528398
  0.0625273 0.000984631   0.0528328
  0.0625193 0.000984397   0.0528259
  0.0625113 0.000984163    0.052819
  0.0625034 0.000983929   0.0528122
  0.0624955 0.000983697   0.0528054
  0.0624876 0.000983465   0.0527986
  0.0624797 0.000983234   0.0527918
  0.0624719 0.000983004    0.052785
  0.0624641 0.000982774   0.0527783
  0.0624564 0.000982545   0.0527716
  0.0624486 0.000982316   0.0527649
  0.0624409 0.000982089   0.0527582
  0.0624332 0.000981862   0.0527516
  0.0624256 0.000981635    0.052745
 0.0624179 0.00098141  0.0527384
  0.0624103 0.000981185   0.0527318
  0.0624028 0.000980961   0.0527253
  0.0623952 0.000980737   0.0527187
  0.0623877 0.000980514   0.0527122
  0.0623802 0.000980292   0.0527058
 0.0623727 0.00098007  0.0526993
  0.0623653 0.000979849   0.0526929
  0.0623579 0.000979629   0.0526865
  0.0623505 0.000979409   0.0526801
 0.0623431 0.00097919  0.0526737
  0.0623358 0.000978971   0.0526674
  0.0623285 0.000978754   0.0526611
  0.0623212 0.000978537   0.0526548
 0.0623139 0.00097832  0.0526485
  0.0623067 0.000978104   0.0526423
  0.0622995 0.000977889    0.052636
  0.0622923 0.000977674   0.0526298
  0.0622852 0.000977461   0.0526237
   0.062278 0.000977247   0.0526175
  0.0622709 0.000977035   0.0526114
  0.0622639 0.000976823   0.0526052
  0.0622568 0.000976611   0.0525991
0.0622498 0.0009764 0.0525931
 0.0622428 0.00097619   0.052587
 0.0622358 0.00097598   0.052581
  0.0622289 0.000975772    0.052575
  0.0622219 0.000975563    0.052569
   0.062215 0.000975355    0.052563
  0.0622082 0.000975148   0.0525571
  0.0622013 0.000974942   0.0525511
  0.0621945 0.000974736   0.0525452
 0.0621877 0.00097453  0.0525393
  0.0621809 0.000974326   0.0525335
  0.0621741 0.000974122   0.0525276
  0.0621674 0.000973918   0.0525218
  0.0621607 0.000973715    0.052516
   0.062154 0.000973513   0.0525102
  0.0621473 0.000973311   0.0525044
 0.0621407 0.00097311  0.0524987
  0.0621341 0.000972909    0.052493
  0.0621275 0.000972709   0.0524873
 0.0621209 0.00097251  0.0524816
  0.0621144 0.000972311   0.0524759
  0.0621079 0.000972113   0.0524703
  0.0621014 0.000971915   0.0524647
  0.0620949 0.000971718   0.0524591
  0.0620884 0.000971521   0.0524535
   0.062082 0.000971325   0.0524479
 0.0620756 0.00097113  0.0524424
  0.0620692 0.000970935   0.0524368
 0.0620628 0.00097074  0.0524313
  0.0620565 0.000970547   0.0524258
  0.0620502 0.000970353   0.0524204
  0.0620439 0.000970161   0.0524149
  0.0620376 0.000969969   0.0524095
  0.0620313 0.000969777   0.0524041
  0.0620251 0.000969586   0.0523987
  0.0620189 0.000969396   0.0523933
  0.0620127 0.000969206   0.0523879
  0.0620065 0.000969016   0.0523826
  0.0620004 0.000968828   0.0523773
  0.0619943 0.000968639    0.052372
  0.0619882 0.000968452   0.0523667
  0.0619821 0.000968264   0.0523614
   0.061976 0.000968078   0.0523562
    0.06197 0.000967892   0.0523509
   0.061964 0.000967706   0.0523457
   0.061958 0.000967521   0.0523405
   0.061952 0.000967336   0.0523354
  0.0619461 0.000967152   0.0523302
  0.0619401 0.000966969   0.0523251
  0.0619342 0.000966786   0.0523199
  0.0619283 0.000966603   0.0523148
  0.0619224 0.000966421   0.0523097
 0.0619166 0.00096624  0.0523047
  0.0619108 0.000966059   0.0522996
  0.0619049 0.000965879   0.0522946
  0.0618992 0.000965699   0.0522896
  0.0618934 0.000965519   0.0522846
 0.0618876 0.00096534  0.0522796
  0.0618819 0.000965162   0.0522746
  0.0618762 0.000964984   0.0522696
  0.0618705 0.000964807   0.0522647
 0.0618648 0.00096463  0.0522598
  0.0618592 0.000964454   0.0522549
  0.0618535 0.000964278     0.05225
  0.0618479 0.000964102   0.0522451
  0.0618423 0.000963928   0.0522403
  0.0618367 0.000963753   0.0522355
  0.0618312 0.000963579   0.0522306
  0.0618257 0.000963406   0.0522258
  0.0618201 0.000963233   0.0522211
  0.0618146 0.000963061   0.0522163
  0.0618092 0.000962889   0.0522115
  0.0618037 0.000962717   0.0522068
  0.0617983 0.000962546   0.0522021
  0.0617928 0.000962376   0.0521974
  0.0617874 0.000962206   0.0521927
   0.061782 0.000962036    0.052188
  0.0617767 0.000961867   0.0521834
  0.0617713 0.000961698   0.0521787
  0.061766 0.00096153  0.0521741
  0.0617607 0.000961363   0.0521695
  0.0617554 0.000961195   0.0521649
  0.0617501 0.000961029   0.0521603
  0.0617448 0.000960862   0.0521558
  0.0617396 0.000960697   0.0521512
  0.0617344 0.000960531   0.0521467
  0.0617292 0.000960366   0.0521422
   0.061724 0.000960202   0.0521377
  0.0617188 0.000960038   0.0521332
  0.0617137 0.000959875   0.0521287
  0.0617085 0.000959712   0.0521242
  0.0617034 0.000959549   0.0521198
  0.0616983 0.000959387   0.0521154
  0.0616932 0.000959225    0.052111
  0.0616881 0.000959064   0.0521066
  0.0616831 0.000958903   0.0521022
  0.0616781 0.000958743   0.0520978
  0.0616731 0.000958583   0.0520935
  0.0616681 0.000958423   0.0520891
  0.0616631 0.000958264   0.0520848
  0.0616581 0.000958106   0.0520805
  0.0616532 0.000957948   0.0520762
 0.0616482 0.00095779  0.0520719
  0.0616433 0.000957633   0.0520676
  0.0616384 0.000957476   0.0520634
  0.0616335 0.000957319   0.0520592
  0.0616287 0.000957163   0.0520549
  0.0616238 0.000957008   0.0520507
   0.061619 0.000956853   0.0520465
  0.0616142 0.000956698   0.0520423
  0.0616094 0.000956544   0.0520382
 0.0616046 0.00095639   0.052034
  0.0615998 0.000956236   0.0520299
  0.0615951 0.000956083   0.0520258
  0.0615904 0.000955931   0.0520216
  0.0615856 0.000955778   0.0520175
  0.0615809 0.000955627   0.0520135
  0.0615763 0.000955475   0.0520094
  0.0615716 0.000955324   0.0520053
  0.0615669 0.000955174   0.0520013
  0.0615623 0.000955024   0.0519973
  0.0615577 0.000954874   0.0519932
  0.0615531 0.000954725   0.0519892
  0.0615485 0.000954576   0.0519852
  0.0615439 0.000954427   0.0519813
  0.0615393 0.000954279   0.0519773
  0.0615348 0.000954132   0.0519734
  0.0615302 0.000953984   0.0519694
  0.0615257 0.000953838   0.0519655
  0.0615212 0.000953691   0.0519616
  0.0615167 0.000953545   0.0519577
  0.0615123 0.000953399   0.0519538
  0.0615078 0.000953254   0.0519499
  0.0615034 0.000953109   0.0519461
  0.0614989 0.000952965   0.0519422
  0.0614945 0.000952821   0.0519384
  0.0614901 0.000952677   0.0519345
  0.0614857 0.000952534   0.0519307
  0.0614814 0.000952391   0.0519269
   0.061477 0.000952248   0.0519231
  0.0614727 0.000952106   0.0519194
  0.0614684 0.000951964   0.0519156
  0.0614641 0.000951823   0.0519119
  0.0614598 0.000951682   0.0519081
  0.0614555 0.000951541   0.0519044
  0.0614512 0.000951401   0.0519007
   0.061447 0.000951261    0.051897
  0.0614427 0.000951122   0.0518933
  0.0614385 0.000950982   0.0518896
  0.0614343 0.000950844    0.051886
  0.0614301 0.000950705   0.0518823
  0.0614259 0.000950567   0.0518787
 0.0614217 0.00095043   0.051875
  0.0614176 0.000950292   0.0518714
  0.0614134 0.000950156   0.0518678
  0.0614093 0.000950019   0.0518642
  0.0614052 0.000949883   0.0518607
  0.0614011 0.000949747   0.0518571
   0.061397 0.000949612   0.0518535
  0.0613929 0.000949477     0.05185
  0.0613889 0.000949342   0.0518464
  0.0613848 0.000949208   0.0518429
  0.0613808 0.000949074   0.0518394
 0.0613768 0.00094894  0.0518359
  0.0613728 0.000948807   0.0518324
  0.0613688 0.000948674   0.0518289
  0.0613648 0.000948541   0.0518255
  0.0613608 0.000948409    0.051822
  0.0613569 0.000948277   0.0518186
  0.0613529 0.000948146   0.0518152
   0.061349 0.000948015   0.0518117
  0.0613451 0.000947884   0.0518083
  0.0613412 0.000947753   0.0518049
  0.0613373 0.000947623   0.0518015
  0.0613334 0.000947493   0.0517982
  0.0613295 0.000947364   0.0517948
  0.0613257 0.000947235   0.0517914
  0.0613218 0.000947106   0.0517881
   0.061318 0.000946978   0.0517848
 0.0613142 0.00094685  0.0517814
  0.0613104 0.000946722   0.0517781
  0.0613066 0.000946595   0.0517748
  0.0613028 0.000946468   0.0517715
  0.0612991 0.000946341   0.0517682
  0.0612953 0.000946215    0.051765
  0.0612916 0.000946089   0.0517617
  0.0612878 0.000945963   0.0517585
  0.0612841 0.000945838   0.0517552
  0.0612804 0.000945712    0.051752
  0.0612767 0.000945588   0.0517488
   0.061273 0.000945463   0.0517456
  0.0612694 0.000945339   0.0517424
  0.0612657 0.000945216   0.0517392
  0.0612621 0.000945092    0.051736
  0.0612584 0.000944969   0.0517328
  0.0612548 0.000944846   0.0517297
  0.0612512 0.000944724   0.0517265
  0.0612476 0.000944602   0.0517234
  0.061244 0.00094448  0.0517203
  0.0612404 0.000944359   0.0517172
  0.0612369 0.000944238   0.0517141
  0.0612333 0.000944117    0.051711
  0.0612298 0.000943996   0.0517079
  0.0612263 0.000943876   0.0517048
  0.0612227 0.000943756   0.0517017
  0.0612192 0.000943637   0.0516987
  0.0612157 0.000943517   0.0516956
  0.0612123 0.000943398   0.0516926
 0.0612088 0.00094328  0.0516896
  0.0612053 0.000943162   0.0516865
  0.0612019 0.000943044   0.0516835
  0.0611984 0.000942926   0.0516805
   0.061195 0.000942808   0.0516776
  0.0611916 0.000942691   0.0516746
  0.0611882 0.000942575   0.0516716
  0.0611848 0.000942458   0.0516686
  0.0611814 0.000942342   0.0516657
   0.061178 0.000942226   0.0516627
  0.0611747 0.000942111   0.0516598
  0.0611713 0.000941995   0.0516569
  0.061168 0.00094188   0.051654
  0.0611647 0.000941766   0.0516511
  0.0611613 0.000941651   0.0516482
   0.061158 0.000941537   0.0516453
  0.0611547 0.000941424   0.0516424
 0.0611515 0.00094131  0.0516395
  0.0611482 0.000941197   0.0516367
  0.0611449 0.000941084   0.0516338
  0.0611417 0.000940971    0.051631
  0.0611384 0.000940859   0.0516282
  0.0611352 0.000940747   0.0516253
  0.0611319 0.000940635   0.0516225
  0.0611287 0.000940524   0.0516197
  0.0611255 0.000940413   0.0516169
  0.0611223 0.000940302   0.0516141
  0.0611192 0.000940191   0.0516113
   0.061116 0.000940081   0.0516086
  0.0611128 0.000939971   0.0516058
  0.0611097 0.000939861   0.0516031
  0.0611065 0.000939752   0.0516003
  0.0611034 0.000939643   0.0515976
  0.0611003 0.000939534   0.0515948
  0.0610971 0.000939425   0.0515921
   0.061094 0.000939317   0.0515894
   0.061091 0.000939209   0.0515867
  0.0610879 0.000939101    0.051584
  0.0610848 0.000938994   0.0515813
  0.0610817 0.000938887   0.0515787
 0.0610787 0.00093878   0.051576
  0.0610756 0.000938673   0.0515733
  0.0610726 0.000938567   0.0515707
  0.0610696 0.000938461    0.051568
  0.0610666 0.000938355   0.0515654
  0.0610635 0.000938249   0.0515628
  0.0610605 0.000938144   0.0515602
  0.0610576 0.000938039   0.0515575
  0.0610546 0.000937934   0.0515549
 0.0610516 0.00093783  0.0515523
  0.0610487 0.000937726   0.0515498
  0.0610457 0.000937622   0.0515472
  0.0610428 0.000937518   0.0515446
  0.0610398 0.000937415    0.051542
  0.0610369 0.000937311   0.0515395
   0.061034 0.000937208   0.0515369
  0.0610311 0.000937106   0.0515344
  0.0610282 0.000937004   0.0515319
  0.0610253 0.000936901   0.0515294
0.0610224 0.0009368 0.0515268
  0.0610196 0.000936698   0.0515243
  0.0610167 0.000936597   0.0515218
  0.0610139 0.000936496   0.0515193
   0.061011 0.000936395   0.0515169
  0.0610082 0.000936294   0.0515144
  0.0610054 0.000936194   0.0515119
  0.0610025 0.000936094   0.0515094
  0.0609997 0.000935994    0.051507
  0.0609969 0.000935895   0.0515045
  0.0609942 0.000935795   0.0515021
  0.0609914 0.000935696   0.0514997
  0.0609886 0.000935598   0.0514973
  0.0609858 0.000935499   0.0514948
  0.0609831 0.000935401   0.0514924
  0.0609803 0.000935303     0.05149
  0.0609776 0.000935205   0.0514876
  0.0609749 0.000935108   0.0514853
 0.0609722 0.00093501  0.0514829
  0.0609695 0.000934913   0.0514805
  0.0609668 0.000934816   0.0514781
 0.0609641 0.00093472  0.0514758
  0.0609614 0.000934624   0.0514734
  0.0609587 0.000934528   0.0514711
   0.060956 0.000934432   0.0514688
  0.0609534 0.000934336   0.0514664
  0.0609507 0.000934241   0.0514641
  0.0609481 0.000934146   0.0514618
  0.0609454 0.000934051   0.0514595
  0.0609428 0.000933956   0.0514572
  0.0609402 0.000933862   0.0514549
  0.0609376 0.000933768   0.0514526
   0.060935 0.000933674   0.0514503
 0.0609324 0.00093358   0.051448
  0.0609298 0.000933487   0.0514458
  0.0609272 0.000933394   0.0514435
  0.0609246 0.000933301   0.0514413
  0.0609221 0.000933208    0.051439
  0.0609195 0.000933116   0.0514368
   0.060917 0.000933023   0.0514346
  0.0609144 0.000932931   0.0514323
 0.0609119 0.00093284  0.0514301
  0.0609094 0.000932748   0.0514279
  0.0609069 0.000932657   0.0514257
  0.0609044 0.000932566   0.0514235
  0.0609019 0.000932475   0.0514213
  0.0608994 0.000932384   0.0514191
  0.0608969 0.000932294    0.051417
  0.0608944 0.000932203   0.0514148
  0.0608919 0.000932113   0.0514126
  0.0608895 0.000932024   0.0514105
   0.060887 0.000931934   0.0514083
  0.0608846 0.000931845   0.0514062
  0.0608821 0.000931756    0.051404
  0.0608797 0.000931667   0.0514019
  0.0608773 0.000931578   0.0513998
 0.0608749 0.00093149  0.0513977
  0.0608724 0.000931402   0.0513955
    0.06087 0.000931314   0.0513934
  0.0608676 0.000931226   0.0513913
  0.0608653 0.000931139   0.0513892
  0.0608629 0.000931051   0.0513872
  0.0608605 0.000930964   0.0513851
  0.0608581 0.000930877    0.051383
  0.0608558 0.000930791   0.0513809
  0.0608534 0.000930704   0.0513789
  0.0608511 0.000930618   0.0513768
  0.0608487 0.000930532   0.0513748
  0.0608464 0.000930446   0.0513727
  0.0608441 0.000930361   0.0513707
  0.0608418 0.000930275   0.0513687
 0.0608395 0.00093019  0.0513666
  0.0608372 0.000930105   0.0513646
 0.0608349 0.00093002  0.0513626
  0.0608326 0.000929936   0.0513606
  0.0608303 0.000929852   0.0513586
   0.060828 0.000929768   0.0513566
  0.0608258 0.000929684   0.0513546
0.0608235 0.0009296 0.0513526
  0.0608212 0.000929516   0.0513507
   0.060819 0.000929433   0.0513487
 0.0608168 0.00092935  0.0513467
  0.0608145 0.000929267   0.0513448
  0.0608123 0.000929185   0.0513428
  0.0608101 0.000929102   0.0513409
 0.0608079 0.00092902  0.0513389
  0.0608057 0.000928938    0.051337
  0.0608035 0.000928856   0.0513351
  0.0608013 0.000928774   0.0513331
  0.0607991 0.000928693   0.0513312
  0.0607969 0.000928612   0.0513293
  0.0607947 0.000928531   0.0513274
 0.0607926 0.00092845  0.0513255
  0.0607904 0.000928369   0.0513236
  0.0607883 0.000928289   0.0513217
  0.0607861 0.000928208   0.0513198
   0.060784 0.000928128   0.0513179
  0.0607818 0.000928049   0.0513161
  0.0607797 0.000927969   0.0513142
  0.0607776 0.000927889   0.0513123
 0.0607755 0.00092781  0.0513105
  0.0607734 0.000927731   0.0513086
  0.0607713 0.000927652   0.0513068
  0.0607692 0.000927574   0.0513049
  0.0607671 0.000927495   0.0513031
   0.060765 0.000927417   0.0513013
  0.0607629 0.000927339   0.0512995
  0.0607608 0.000927261   0.0512976
  0.0607588 0.000927183   0.0512958
  0.0607567 0.000927106    0.051294
  0.0607547 0.000927028   0.0512922
  0.0607526 0.000926951   0.0512904
  0.0607506 0.000926874   0.0512886
  0.0607485 0.000926797   0.0512868
  0.0607465 0.000926721   0.0512851
  0.0607445 0.000926644   0.0512833
  0.0607425 0.000926568   0.0512815
  0.0607405 0.000926492   0.0512797
  0.0607385 0.000926416    0.051278
  0.0607365 0.000926341   0.0512762
  0.0607345 0.000926265   0.0512745
 0.0607325 0.00092619  0.0512727
  0.0607305 0.000926115    0.051271
 0.0607285 0.00092604  0.0512693
  0.0607266 0.000925965   0.0512675
  0.0607246 0.000925891   0.0512658
  0.0607227 0.000925816   0.0512641
  0.0607207 0.000925742   0.0512624
  0.0607188 0.000925668   0.0512607
  0.0607168 0.000925594    0.051259
 0.0607149 0.00092552  0.0512573
   0.060713 0.000925447   0.0512556
   0.060711 0.000925374   0.0512539
  0.0607091 0.000925301   0.0512522
  0.0607072 0.000925228   0.0512505
  0.0607053 0.000925155   0.0512488
  0.0607034 0.000925082   0.0512472
 0.0607015 0.00092501  0.0512455
  0.0606996 0.000924938   0.0512438
  0.0606977 0.000924866   0.0512422
  0.0606959 0.000924794   0.0512405
   0.060694 0.000924722   0.0512389
  0.0606921 0.000924651   0.0512373
  0.0606903 0.000924579   0.0512356
  0.0606884 0.000924508    0.051234
  0.0606866 0.000924437   0.0512324
  0.0606847 0.000924366   0.0512307
  0.0606829 0.000924295   0.0512291
  0.0606811 0.000924225   0.0512275
  0.0606792 0.000924155   0.0512259
  0.0606774 0.000924084   0.0512243
  0.0606756 0.000924014   0.0512227
  0.0606738 0.000923945   0.0512211
   0.060672 0.000923875   0.0512195
  0.0606702 0.000923806   0.0512179
  0.0606684 0.000923736   0.0512164
  0.0606666 0.000923667   0.0512148
  0.0606648 0.000923598   0.0512132
   0.060663 0.000923529   0.0512116
  0.0606613 0.000923461   0.0512101
  0.0606595 0.000923392   0.0512085
  0.0606577 0.000923324    0.051207
   0.060656 0.000923256   0.0512054
  0.0606542 0.000923188   0.0512039
 0.0606525 0.00092312  0.0512023
  0.0606507 0.000923052   0.0512008
   0.060649 0.000922985   0.0511993
  0.0606472 0.000922917   0.0511978
 0.0606455 0.00092285  0.0511962
  0.0606438 0.000922783   0.0511947
  0.0606421 0.000922716   0.0511932
 0.0606404 0.00092265  0.0511917
  0.0606387 0.000922583   0.0511902
   0.060637 0.000922517   0.0511887
  0.0606353 0.000922451   0.0511872
  0.0606336 0.000922384   0.0511857
  0.0606319 0.000922319   0.0511842
  0.0606302 0.000922253   0.0511827
  0.0606285 0.000922187   0.0511813
  0.0606268 0.000922122   0.0511798
  0.0606252 0.000922057   0.0511783
  0.0606235 0.000921991   0.0511768
  0.0606218 0.000921927   0.0511754
  0.0606202 0.000921862   0.0511739
  0.0606185 0.000921797   0.0511725
  0.0606169 0.000921733    0.051171
  0.0606153 0.000921668   0.0511696
  0.0606136 0.000921604   0.0511681
  0.060612 0.00092154  0.0511667
  0.0606104 0.000921476   0.0511653
  0.0606087 0.000921412   0.0511638
  0.0606071 0.000921349   0.0511624
  0.0606055 0.000921285    0.051161
  0.0606039 0.000921222   0.0511596
  0.0606023 0.000921159   0.0511582
  0.0606007 0.000921096   0.0511568
  0.0605991 0.000921033   0.0511554
  0.0605975 0.000920971    0.051154
  0.0605959 0.000920908   0.0511526
  0.0605944 0.000920846   0.0511512
  0.0605928 0.000920784   0.0511498
  0.0605912 0.000920721   0.0511484
 0.0605897 0.00092066   0.051147
  0.0605881 0.000920598   0.0511456
  0.0605865 0.000920536   0.0511443
   0.060585 0.000920475   0.0511429
  0.0605834 0.000920413   0.0511415
  0.0605819 0.000920352   0.0511402
  0.0605804 0.000920291   0.0511388
 0.0605788 0.00092023  0.0511375
  0.0605773 0.000920169   0.0511361
  0.0605758 0.000920109   0.0511348
  0.0605742 0.000920048   0.0511334
  0.0605727 0.000919988   0.0511321
  0.0605712 0.000919928   0.0511308
  0.0605697 0.000919868   0.0511294
  0.0605682 0.000919808   0.0511281
  0.0605667 0.000919748   0.0511268
  0.0605652 0.000919689   0.0511255
  0.0605637 0.000919629   0.0511242
 0.0605622 0.00091957  0.0511228
  0.0605608 0.000919511   0.0511215
  0.0605593 0.000919452   0.0511202
  0.0605578 0.000919393   0.0511189
  0.0605563 0.000919334   0.0511176
  0.0605549 0.000919275   0.0511163
  0.0605534 0.000919217    0.051115
  0.0605519 0.000919158   0.0511138
0.0605505 0.0009191 0.0511125
   0.060549 0.000919042   0.0511112
  0.0605476 0.000918984   0.0511099
  0.0605462 0.000918926   0.0511087
  0.0605447 0.000918869   0.0511074
  0.0605433 0.000918811   0.0511061
  0.0605419 0.000918754   0.0511049
  0.0605404 0.000918697   0.0511036
   0.060539 0.000918639   0.0511024
  0.0605376 0.000918583   0.0511011
  0.0605362 0.000918526   0.0510999
  0.0605348 0.000918469   0.0510986
  0.0605334 0.000918412   0.0510974
   0.060532 0.000918356   0.0510961
0.0605306 0.0009183 0.0510949
  0.0605292 0.000918243   0.0510937
  0.0605278 0.000918187   0.0510925
  0.0605264 0.000918131   0.0510912
   0.060525 0.000918076     0.05109
 0.0605237 0.00091802  0.0510888
  0.0605223 0.000917964   0.0510876
  0.0605209 0.000917909   0.0510864
  0.0605196 0.000917854   0.0510852
  0.0605182 0.000917799    0.051084
  0.0605168 0.000917744   0.0510828
  0.0605155 0.000917689   0.0510816
  0.0605141 0.000917634   0.0510804
  0.0605128 0.000917579   0.0510792
  0.0605114 0.000917525    0.051078
  0.0605101 0.000917471   0.0510768
  0.0605088 0.000917416   0.0510756
  0.0605074 0.000917362   0.0510745
  0.0605061 0.000917308   0.0510733
  0.0605048 0.000917254   0.0510721
  0.0605035 0.000917201    0.051071
  0.0605022 0.000917147   0.0510698
  0.0605009 0.000917094   0.0510686
 0.0604995 0.00091704  0.0510675
  0.0604982 0.000916987   0.0510663
  0.0604969 0.000916934   0.0510652
  0.0604956 0.000916881    0.051064
  0.0604943 0.000916828   0.0510629
  0.0604931 0.000916775   0.0510618
  0.0604918 0.000916723   0.0510606
 0.0604905 0.00091667  0.0510595
  0.0604892 0.000916618   0.0510583
  0.0604879 0.000916566   0.0510572
  0.0604867 0.000916513   0.0510561
  0.0604854 0.000916461    0.051055
 0.0604841 0.00091641  0.0510539
  0.0604829 0.000916358   0.0510527
  0.0604816 0.000916306   0.0510516
  0.0604804 0.000916255   0.0510505
  0.0604791 0.000916203   0.0510494
  0.0604779 0.000916152   0.0510483
  0.0604766 0.000916101   0.0510472
 0.0604754 0.00091605  0.0510461
  0.0604741 0.000915999    0.051045
  0.0604729 0.000915948   0.0510439
  0.0604717 0.000915897   0.0510428
  0.0604704 0.000915847   0.0510418
  0.0604692 0.000915796   0.0510407
   0.060468 0.000915746   0.0510396
  0.0604668 0.000915696   0.0510385
  0.0604656 0.000915646   0.0510374
  0.0604644 0.000915596   0.0510364
  0.0604632 0.000915546   0.0510353
   0.060462 0.000915496   0.0510342
  0.0604608 0.000915447   0.0510332
  0.0604596 0.000915397   0.0510321
  0.0604584 0.000915348   0.0510311
  0.0604572 0.000915298     0.05103
   0.060456 0.000915249    0.051029
0.0604548 0.0009152 0.0510279
  0.0604536 0.000915151   0.0510269
  0.0604524 0.000915102   0.0510258
  0.0604513 0.000915054   0.0510248
  0.0604501 0.000915005   0.0510238
  0.0604489 0.000914957   0.0510227
  0.0604478 0.000914908   0.0510217
 0.0604466 0.00091486  0.0510207
  0.0604455 0.000914812   0.0510196
  0.0604443 0.000914764   0.0510186
  0.0604432 0.000914716   0.0510176
   0.060442 0.000914668   0.0510166
 0.0604409 0.00091462  0.0510156
  0.0604397 0.000914573   0.0510146
  0.0604386 0.000914525   0.0510136
  0.0604374 0.000914478   0.0510126
  0.0604363 0.000914431   0.0510116
  0.0604352 0.000914383   0.0510106
  0.0604341 0.000914336   0.0510096
  0.0604329 0.000914289   0.0510086
  0.0604318 0.000914243   0.0510076
  0.0604307 0.000914196   0.0510066
  0.0604296 0.000914149   0.0510056
  0.0604285 0.000914103   0.0510046
  0.0604274 0.000914056   0.0510036
 0.0604263 0.00091401  0.0510027
  0.0604252 0.000913964   0.0510017
  0.0604241 0.000913918   0.0510007
   0.060423 0.000913872   0.0509997
  0.0604219 0.000913826   0.0509988
 0.0604208 0.00091378  0.0509978
  0.0604197 0.000913735   0.0509968
  0.0604186 0.000913689   0.0509959
  0.0604175 0.000913644   0.0509949
  0.0604165 0.000913598    0.050994
  0.0604154 0.000913553    0.050993
  0.0604143 0.000913508   0.0509921
  0.0604132 0.000913463   0.0509911
  0.0604122 0.000913418   0.0509902
  0.0604111 0.000913373   0.0509892
  0.0604101 0.000913328   0.0509883
   0.060409 0.000913284   0.0509874
  0.0604079 0.000913239   0.0509864
  0.0604069 0.000913195   0.0509855
  0.0604058 0.000913151   0.0509846
  0.0604048 0.000913106   0.0509836
  0.0604038 0.000913062   0.0509827
  0.0604027 0.000913018   0.0509818
  0.0604017 0.000912974   0.0509809
  0.0604006 0.000912931     0.05098
  0.0603996 0.000912887    0.050979
  0.0603986 0.000912843   0.0509781
0.0603976 0.0009128 0.0509772
  0.0603965 0.000912756   0.0509763
  0.0603955 0.000912713   0.0509754
 0.0603945 0.00091267  0.0509745
  0.0603935 0.000912627   0.0509736
  0.0603925 0.000912584   0.0509727
  0.0603915 0.000912541   0.0509718
  0.0603905 0.000912498   0.0509709
  0.0603895 0.000912455     0.05097
  0.0603885 0.000912413   0.0509691
 0.0603875 0.00091237  0.0509683
  0.0603865 0.000912328   0.0509674
  0.0603855 0.000912285   0.0509665
  0.0603845 0.000912243   0.0509656
  0.0603835 0.000912201   0.0509647
  0.0603825 0.000912159   0.0509639
  0.0603815 0.000912117    0.050963
  0.0603805 0.000912075   0.0509621
  0.0603796 0.000912034   0.0509613
  0.0603786 0.000911992   0.0509604
 0.0603776 0.00091195  0.0509595
  0.0603767 0.000911909   0.0509587
  0.0603757 0.000911867   0.0509578
  0.0603747 0.000911826    0.050957
  0.0603738 0.000911785   0.0509561
  0.0603728 0.000911744   0.0509553
  0.0603718 0.000911703   0.0509544
  0.0603709 0.000911662   0.0509536
  0.0603699 0.000911621   0.0509527
   0.060369 0.000911581   0.0509519
  0.060368 0.00091154   0.050951
  0.0603671 0.000911499   0.0509502
  0.0603662 0.000911459   0.0509494
  0.0603652 0.000911419   0.0509485
  0.0603643 0.000911378   0.0509477
  0.0603634 0.000911338   0.0509469
  0.0603624 0.000911298   0.0509461
  0.0603615 0.000911258   0.0509452
  0.0603606 0.000911218   0.0509444
  0.0603597 0.000911179   0.0509436
  0.0603587 0.000911139   0.0509428
  0.0603578 0.000911099    0.050942
 0.0603569 0.00091106  0.0509411
  0.060356 0.00091102  0.0509403
  0.0603551 0.000910981   0.0509395
  0.0603542 0.000910942   0.0509387
  0.0603533 0.000910903   0.0509379
  0.0603524 0.000910863   0.0509371
  0.0603515 0.000910825   0.0509363
  0.0603506 0.000910786   0.0509355
  0.0603497 0.000910747   0.0509347
  0.0603488 0.000910708   0.0509339
  0.0603479 0.000910669   0.0509331
   0.060347 0.000910631   0.0509323
  0.0603461 0.000910592   0.0509316
  0.0603452 0.000910554   0.0509308
  0.0603443 0.000910516     0.05093
  0.0603434 0.000910478   0.0509292
 0.0603426 0.00091044  0.0509284
