  0.0195408 -0.00732909   0.0300166
 0.0212755 -0.0106968  0.0275506
 0.0223685 -0.0129125  0.0256442
 0.0230687 -0.0144086   0.024111
0.0235296 -0.015449 0.0228364
 0.0238451 -0.0161959  0.0217485
 0.0240721 -0.0167498  0.0208014
 0.0242451 -0.0171738  0.0199647
 0.0243848 -0.0175078  0.0192178
 0.0245033 -0.0177773  0.0185463
 0.0246079 -0.0179993  0.0179396
0.0247029 -0.018185 0.0173895
 0.0247908 -0.0183421  0.0168896
  0.024873 -0.0184761  0.0164346
 0.0249503 -0.0185912    0.01602
 0.0250231 -0.0186904  0.0156419
 0.0250917 -0.0187761  0.0152969
 0.0251564 -0.0188502  0.0149819
 0.0252172 -0.0189143  0.0146942
 0.0252742 -0.0189698  0.0144315
 0.0253276 -0.0190177  0.0141913
 0.0253776 -0.0190591  0.0139719
 0.0254241 -0.0190947  0.0137712
 0.0254674 -0.0191253  0.0135878
 0.0255076 -0.0191515    0.01342
 0.0255448 -0.0191738  0.0132665
 0.0255792 -0.0191928   0.013126
 0.0256109 -0.0192088  0.0129975
   0.02564 -0.0192222  0.0128798
 0.0256667 -0.0192333   0.012772
 0.0256912 -0.0192425  0.0126733
 0.0257135 -0.0192499  0.0125828
 0.0257339 -0.0192558  0.0124999
 0.0257523 -0.0192604  0.0124239
  0.025769 -0.0192638  0.0123542
 0.0257841 -0.0192662  0.0122903
 0.0257976 -0.0192677  0.0122316
 0.0258097 -0.0192685  0.0121777
 0.0258204 -0.0192685  0.0121282
  0.02583 -0.019268 0.0120827
0.0258383 -0.019267 0.0120409
 0.0258457 -0.0192655  0.0120025
  0.025852 -0.0192637  0.0119671
 0.0258574 -0.0192615  0.0119346
0.0258619 -0.019259 0.0119046
 0.0258657 -0.0192563  0.0118769
 0.0258688 -0.0192534  0.0118514
 0.0258711 -0.0192503  0.0118279
0.0258729 -0.019247 0.0118061
 0.0258741 -0.0192436   0.011786
 0.0258748 -0.0192401  0.0117675
 0.0258749 -0.0192365  0.0117502
 0.0258747 -0.0192328  0.0117343
 0.025874 -0.019229 0.0117195
  0.025873 -0.0192252  0.0117058
 0.0258716 -0.0192213   0.011693
 0.0258699 -0.0192174  0.0116812
 0.0258679 -0.0192134  0.0116701
 0.0258656 -0.0192095  0.0116598
 0.0258631 -0.0192055  0.0116501
 0.0258604 -0.0192015  0.0116411
 0.0258575 -0.0191975  0.0116327
 0.0258544 -0.0191935  0.0116248
 0.0258511 -0.0191894  0.0116174
 0.0258477 -0.0191854  0.0116104
 0.0258441 -0.0191814  0.0116038
 0.0258404 -0.0191774  0.0115976
 0.0258366 -0.0191734  0.0115918
 0.0258327 -0.0191695  0.0115862
 0.0258287 -0.0191655   0.011581
 0.0258246 -0.0191615   0.011576
 0.0258205 -0.0191576  0.0115712
 0.0258163 -0.0191536  0.0115667
  0.025812 -0.0191497  0.0115624
 0.0258076 -0.0191458  0.0115582
 0.0258033 -0.0191419  0.0115543
0.0257988 -0.019138 0.0115505
 0.0257944 -0.0191342  0.0115468
 0.0257899 -0.0191304  0.0115433
 0.0257854 -0.0191265  0.0115399
 0.0257808 -0.0191227  0.0115367
 0.0257763 -0.0191189  0.0115335
 0.0257717 -0.0191152  0.0115304
 0.0257671 -0.0191114  0.0115274
 0.0257625 -0.0191077  0.0115245
 0.0257579 -0.0191039  0.0115217
 0.0257533 -0.0191002   0.011519
 0.0257487 -0.0190965  0.0115163
 0.0257441 -0.0190929  0.0115137
 0.0257394 -0.0190892  0.0115111
 0.0257348 -0.0190856  0.0115086
0.0257302 -0.019082 0.0115062
 0.0257256 -0.0190784  0.0115038
  0.025721 -0.0190748  0.0115014
 0.0257164 -0.0190712  0.0114991
 0.0257119 -0.0190676  0.0114968
 0.0257073 -0.0190641  0.0114946
 0.0257027 -0.0190606  0.0114923
 0.0256982 -0.0190571  0.0114902
 0.0256937 -0.0190536   0.011488
 0.0256891 -0.0190501  0.0114859
 0.0256846 -0.0190467  0.0114838
 0.0256801 -0.0190432  0.0114817
 0.0256757 -0.0190398  0.0114796
 0.0256712 -0.0190364  0.0114776
0.0256667 -0.019033 0.0114756
 0.0256623 -0.0190296  0.0114736
 0.0256579 -0.0190263  0.0114716
 0.0256535 -0.0190229  0.0114697
 0.0256491 -0.0190196  0.0114677
 0.0256447 -0.0190163  0.0114658
0.0256404 -0.019013 0.0114639
 0.0256361 -0.0190097   0.011462
 0.0256317 -0.0190064  0.0114601
 0.0256274 -0.0190032  0.0114583
 0.0256232 -0.0189999  0.0114564
 0.0256189 -0.0189967  0.0114546
 0.0256147 -0.0189935  0.0114528
 0.0256104 -0.0189903   0.011451
 0.0256062 -0.0189871  0.0114492
 0.025602 -0.018984 0.0114474
 0.0255978 -0.0189808  0.0114456
 0.0255937 -0.0189777  0.0114438
 0.0255895 -0.0189746  0.0114421
 0.0255854 -0.0189715  0.0114403
 0.0255813 -0.0189684  0.0114386
 0.0255772 -0.0189653  0.0114369
 0.0255732 -0.0189622  0.0114352
 0.0255691 -0.0189592  0.0114335
 0.0255651 -0.0189562  0.0114318
 0.0255611 -0.0189531  0.0114301
 0.0255571 -0.0189501  0.0114284
 0.0255531 -0.0189471  0.0114267
 0.0255491 -0.0189441  0.0114251
 0.0255452 -0.0189412  0.0114234
 0.0255412 -0.0189382  0.0114218
 0.0255373 -0.0189353  0.0114202
 0.0255334 -0.0189324  0.0114185
 0.0255296 -0.0189294  0.0114169
 0.0255257 -0.0189265  0.0114153
 0.0255219 -0.0189237  0.0114137
  0.025518 -0.0189208  0.0114121
 0.0255142 -0.0189179  0.0114105
 0.0255104 -0.0189151   0.011409
 0.0255067 -0.0189122  0.0114074
 0.0255029 -0.0189094  0.0114058
 0.0254992 -0.0189066  0.0114043
 0.0254955 -0.0189038  0.0114027
0.0254918 -0.018901 0.0114012
 0.0254881 -0.0188983  0.0113997
 0.0254844 -0.0188955  0.0113982
 0.0254807 -0.0188928  0.0113966
0.0254771  -0.01889 0.0113951
 0.0254735 -0.0188873  0.0113936
 0.0254699 -0.0188846  0.0113921
 0.0254663 -0.0188819  0.0113907
 0.0254627 -0.0188792  0.0113892
 0.0254591 -0.0188765  0.0113877
 0.0254556 -0.0188739  0.0113862
 0.0254521 -0.0188712  0.0113848
 0.0254486 -0.0188686  0.0113833
0.0254451 -0.018866 0.0113819
 0.0254416 -0.0188634  0.0113805
 0.0254381 -0.0188608   0.011379
 0.0254347 -0.0188582  0.0113776
 0.0254312 -0.0188556  0.0113762
0.0254278 -0.018853 0.0113748
 0.0254244 -0.0188505  0.0113734
 0.025421 -0.018848  0.011372
 0.0254177 -0.0188454  0.0113706
 0.0254143 -0.0188429  0.0113692
  0.025411 -0.0188404  0.0113679
 0.0254076 -0.0188379  0.0113665
 0.0254043 -0.0188354  0.0113651
  0.025401 -0.0188329  0.0113638
 0.0253977 -0.0188305  0.0113624
0.0253945 -0.018828 0.0113611
 0.0253912 -0.0188256  0.0113597
  0.025388 -0.0188232  0.0113584
 0.0253847 -0.0188207  0.0113571
 0.0253815 -0.0188183  0.0113558
 0.0253783 -0.0188159  0.0113545
 0.0253752 -0.0188136  0.0113532
  0.025372 -0.0188112  0.0113519
 0.0253688 -0.0188088  0.0113506
 0.0253657 -0.0188065  0.0113493
 0.0253626 -0.0188041   0.011348
 0.0253595 -0.0188018  0.0113467
 0.0253564 -0.0187995  0.0113455
 0.0253533 -0.0187972  0.0113442
 0.0253502 -0.0187949  0.0113429
 0.0253472 -0.0187926  0.0113417
 0.0253441 -0.0187903  0.0113405
0.0253411 -0.018788 0.0113392
 0.0253381 -0.0187858   0.011338
 0.0253351 -0.0187835  0.0113368
 0.0253321 -0.0187813  0.0113355
0.0253291 -0.018779 0.0113343
 0.0253261 -0.0187768  0.0113331
 0.0253232 -0.0187746  0.0113319
 0.0253203 -0.0187724  0.0113307
 0.0253173 -0.0187702  0.0113295
0.0253144 -0.018768 0.0113283
 0.0253115 -0.0187659  0.0113272
 0.0253087 -0.0187637   0.011326
 0.0253058 -0.0187616  0.0113248
 0.0253029 -0.0187594  0.0113237
 0.0253001 -0.0187573  0.0113225
 0.0252972 -0.0187552  0.0113213
 0.0252944 -0.0187531  0.0113202
 0.0252916 -0.0187509  0.0113191
 0.0252888 -0.0187489  0.0113179
  0.025286 -0.0187468  0.0113168
 0.0252833 -0.0187447  0.0113157
 0.0252805 -0.0187426  0.0113145
 0.0252778 -0.0187406  0.0113134
  0.025275 -0.0187385  0.0113123
 0.0252723 -0.0187365  0.0113112
 0.0252696 -0.0187345  0.0113101
 0.0252669 -0.0187324   0.011309
 0.0252642 -0.0187304  0.0113079
 0.0252616 -0.0187284  0.0113068
 0.0252589 -0.0187264  0.0113058
 0.0252562 -0.0187245  0.0113047
 0.0252536 -0.0187225  0.0113036
  0.025251 -0.0187205  0.0113026
 0.0252484 -0.0187186  0.0113015
 0.0252458 -0.0187166  0.0113005
 0.0252432 -0.0187147  0.0112994
 0.0252406 -0.0187127  0.0112984
  0.025238 -0.0187108  0.0112973
 0.0252355 -0.0187089  0.0112963
0.0252329 -0.018707 0.0112953
 0.0252304 -0.0187051  0.0112942
 0.0252279 -0.0187032  0.0112932
 0.0252254 -0.0187013  0.0112922
 0.0252229 -0.0186995  0.0112912
 0.0252204 -0.0186976  0.0112902
 0.0252179 -0.0186957  0.0112892
 0.0252154 -0.0186939  0.0112882
  0.025213 -0.0186921  0.0112872
 0.0252105 -0.0186902  0.0112862
 0.0252081 -0.0186884  0.0112852
 0.0252057 -0.0186866  0.0112843
 0.0252032 -0.0186848  0.0112833
0.0252008 -0.018683 0.0112823
 0.0251984 -0.0186812  0.0112814
 0.0251961 -0.0186794  0.0112804
 0.0251937 -0.0186776  0.0112795
 0.0251913 -0.0186759  0.0112785
  0.025189 -0.0186741  0.0112776
 0.0251866 -0.0186724  0.0112766
 0.0251843 -0.0186706  0.0112757
  0.025182 -0.0186689  0.0112748
 0.0251797 -0.0186672  0.0112738
 0.0251774 -0.0186654  0.0112729
 0.0251751 -0.0186637   0.011272
0.0251728 -0.018662 0.0112711
 0.0251705 -0.0186603  0.0112702
 0.0251683 -0.0186586  0.0112693
 0.025166 -0.018657 0.0112684
 0.0251638 -0.0186553  0.0112675
 0.0251616 -0.0186536  0.0112666
0.0251594 -0.018652 0.0112657
 0.0251571 -0.0186503  0.0112648
 0.0251549 -0.0186487  0.0112639
0.0251528 -0.018647 0.0112631
 0.0251506 -0.0186454  0.0112622
 0.0251484 -0.0186438  0.0112613
 0.0251462 -0.0186422  0.0112605
 0.0251441 -0.0186406  0.0112596
0.0251419 -0.018639 0.0112587
 0.0251398 -0.0186374  0.0112579
 0.0251377 -0.0186358   0.011257
 0.0251356 -0.0186342  0.0112562
 0.0251335 -0.0186326  0.0112554
 0.0251314 -0.0186311  0.0112545
 0.0251293 -0.0186295  0.0112537
0.0251272 -0.018628 0.0112529
 0.0251251 -0.0186264  0.0112521
 0.0251231 -0.0186249  0.0112512
  0.025121 -0.0186233  0.0112504
  0.025119 -0.0186218  0.0112496
  0.025117 -0.0186203  0.0112488
 0.0251149 -0.0186188   0.011248
 0.0251129 -0.0186173  0.0112472
 0.0251109 -0.0186158  0.0112464
 0.0251089 -0.0186143  0.0112456
 0.0251069 -0.0186128  0.0112448
  0.025105 -0.0186113   0.011244
  0.025103 -0.0186099  0.0112433
  0.025101 -0.0186084  0.0112425
 0.0250991 -0.0186069  0.0112417
 0.0250971 -0.0186055  0.0112409
0.0250952 -0.018604 0.0112402
 0.0250933 -0.0186026  0.0112394
 0.0250913 -0.0186012  0.0112387
 0.0250894 -0.0185997  0.0112379
 0.0250875 -0.0185983  0.0112372
 0.0250856 -0.0185969  0.0112364
 0.0250838 -0.0185955  0.0112357
 0.0250819 -0.0185941  0.0112349
   0.02508 -0.0185927  0.0112342
 0.0250781 -0.0185913  0.0112334
 0.0250763 -0.0185899  0.0112327
 0.0250744 -0.0185886   0.011232
 0.0250726 -0.0185872  0.0112313
 0.0250708 -0.0185858  0.0112306
  0.025069 -0.0185845  0.0112298
 0.0250671 -0.0185831  0.0112291
 0.0250653 -0.0185818  0.0112284
 0.0250635 -0.0185804  0.0112277
 0.0250618 -0.0185791   0.011227
   0.02506 -0.0185778  0.0112263
 0.0250582 -0.0185764  0.0112256
 0.0250564 -0.0185751  0.0112249
 0.0250547 -0.0185738  0.0112242
 0.0250529 -0.0185725  0.0112235
 0.0250512 -0.0185712  0.0112229
 0.0250495 -0.0185699  0.0112222
 0.0250477 -0.0185686  0.0112215
  0.025046 -0.0185673  0.0112208
 0.0250443 -0.0185661  0.0112202
 0.0250426 -0.0185648  0.0112195
 0.0250409 -0.0185635  0.0112188
 0.0250392 -0.0185623  0.0112182
0.0250375 -0.018561 0.0112175
 0.0250358 -0.0185598  0.0112169
 0.0250342 -0.0185585  0.0112162
 0.0250325 -0.0185573  0.0112156
0.0250309 -0.018556 0.0112149
 0.0250292 -0.0185548  0.0112143
 0.0250276 -0.0185536  0.0112136
 0.0250259 -0.0185524   0.011213
 0.0250243 -0.0185512  0.0112124
0.0250227  -0.01855 0.0112117
 0.0250211 -0.0185488  0.0112111
 0.0250195 -0.0185476  0.0112105
 0.0250179 -0.0185464  0.0112099
 0.0250163 -0.0185452  0.0112092
0.0250147 -0.018544 0.0112086
 0.0250131 -0.0185428   0.011208
 0.0250116 -0.0185417  0.0112074
   0.02501 -0.0185405  0.0112068
 0.0250085 -0.0185394  0.0112062
 0.0250069 -0.0185382  0.0112056
 0.0250054 -0.0185371   0.011205
 0.0250038 -0.0185359  0.0112044
 0.0250023 -0.0185348  0.0112038
 0.0250008 -0.0185336  0.0112032
 0.0249993 -0.0185325  0.0112026
 0.0249978 -0.0185314  0.0112021
 0.0249963 -0.0185303  0.0112015
 0.0249948 -0.0185292  0.0112009
0.0249933 -0.018528 0.0112003
 0.0249918 -0.0185269  0.0111998
 0.0249903 -0.0185258  0.0111992
 0.0249888 -0.0185247  0.0111986
 0.0249874 -0.0185237  0.0111981
 0.0249859 -0.0185226  0.0111975
 0.0249845 -0.0185215  0.0111969
  0.024983 -0.0185204  0.0111964
 0.0249816 -0.0185194  0.0111958
 0.0249802 -0.0185183  0.0111953
 0.0249787 -0.0185172  0.0111947
 0.0249773 -0.0185162  0.0111942
 0.0249759 -0.0185151  0.0111936
 0.0249745 -0.0185141  0.0111931
0.0249731 -0.018513 0.0111926
0.0249717 -0.018512  0.011192
0.0249703 -0.018511 0.0111915
 0.0249689 -0.0185099   0.011191
 0.0249676 -0.0185089  0.0111904
 0.0249662 -0.0185079  0.0111899
 0.0249648 -0.0185069  0.0111894
 0.0249635 -0.0185059  0.0111889
 0.0249621 -0.0185049  0.0111884
 0.0249608 -0.0185039  0.0111878
 0.0249594 -0.0185029  0.0111873
 0.0249581 -0.0185019  0.0111868
 0.0249568 -0.0185009  0.0111863
 0.0249554 -0.0184999  0.0111858
 0.0249541 -0.0184989  0.0111853
 0.0249528 -0.0184979  0.0111848
0.0249515 -0.018497 0.0111843
0.0249502 -0.018496 0.0111838
0.0249489 -0.018495 0.0111833
 0.0249476 -0.0184941  0.0111828
 0.0249463 -0.0184931  0.0111823
 0.0249451 -0.0184922  0.0111819
 0.0249438 -0.0184912  0.0111814
 0.0249425 -0.0184903  0.0111809
 0.0249413 -0.0184893  0.0111804
   0.02494 -0.0184884  0.0111799
 0.0249387 -0.0184875  0.0111795
 0.0249375 -0.0184866   0.011179
 0.0249363 -0.0184856  0.0111785
  0.024935 -0.0184847  0.0111781
 0.0249338 -0.0184838  0.0111776
 0.0249326 -0.0184829  0.0111771
0.0249314 -0.018482 0.0111767
 0.0249301 -0.0184811  0.0111762
 0.0249289 -0.0184802  0.0111758
 0.0249277 -0.0184793  0.0111753
 0.0249265 -0.0184784  0.0111748
 0.0249253 -0.0184775  0.0111744
 0.0249242 -0.0184766   0.011174
  0.024923 -0.0184758  0.0111735
 0.0249218 -0.0184749  0.0111731
0.0249206 -0.018474 0.0111726
 0.0249195 -0.0184732  0.0111722
 0.0249183 -0.0184723  0.0111717
 0.0249171 -0.0184714  0.0111713
  0.024916 -0.0184706  0.0111709
 0.0249148 -0.0184697  0.0111704
 0.0249137 -0.0184689    0.01117
0.0249126 -0.018468 0.0111696
 0.0249114 -0.0184672  0.0111692
 0.0249103 -0.0184664  0.0111687
 0.0249092 -0.0184655  0.0111683
 0.0249081 -0.0184647  0.0111679
  0.024907 -0.0184639  0.0111675
0.0249058 -0.018463 0.0111671
 0.0249047 -0.0184622  0.0111667
 0.0249036 -0.0184614  0.0111663
 0.0249025 -0.0184606  0.0111659
 0.0249015 -0.0184598  0.0111654
0.0249004 -0.018459  0.011165
 0.0248993 -0.0184582  0.0111646
 0.0248982 -0.0184574  0.0111642
 0.0248972 -0.0184566  0.0111638
 0.0248961 -0.0184558  0.0111634
 0.024895 -0.018455 0.0111631
  0.024894 -0.0184542  0.0111627
 0.0248929 -0.0184535  0.0111623
 0.0248919 -0.0184527  0.0111619
 0.0248908 -0.0184519  0.0111615
 0.0248898 -0.0184511  0.0111611
 0.0248888 -0.0184504  0.0111607
 0.0248877 -0.0184496  0.0111603
 0.0248867 -0.0184489    0.01116
 0.0248857 -0.0184481  0.0111596
 0.0248847 -0.0184473  0.0111592
 0.0248837 -0.0184466  0.0111588
 0.0248827 -0.0184459  0.0111585
 0.0248817 -0.0184451  0.0111581
 0.0248807 -0.0184444  0.0111577
 0.0248797 -0.0184436  0.0111574
 0.0248787 -0.0184429   0.011157
 0.0248777 -0.0184422  0.0111566
 0.0248767 -0.0184414  0.0111563
 0.0248757 -0.0184407  0.0111559
0.0248748  -0.01844 0.0111556
 0.0248738 -0.0184393  0.0111552
 0.0248728 -0.0184386  0.0111548
 0.0248719 -0.0184379  0.0111545
 0.0248709 -0.0184371  0.0111541
   0.02487 -0.0184364  0.0111538
  0.024869 -0.0184357  0.0111535
0.0248681 -0.018435 0.0111531
 0.0248671 -0.0184343  0.0111528
 0.0248662 -0.0184337  0.0111524
0.0248653 -0.018433 0.0111521
 0.0248643 -0.0184323  0.0111517
 0.0248634 -0.0184316  0.0111514
 0.0248625 -0.0184309  0.0111511
 0.0248616 -0.0184302  0.0111507
 0.0248607 -0.0184296  0.0111504
 0.0248598 -0.0184289  0.0111501
 0.0248588 -0.0184282  0.0111497
 0.0248579 -0.0184276  0.0111494
 0.0248571 -0.0184269  0.0111491
 0.0248562 -0.0184262  0.0111488
 0.0248553 -0.0184256  0.0111484
 0.0248544 -0.0184249  0.0111481
 0.0248535 -0.0184243  0.0111478
 0.0248526 -0.0184236  0.0111475
0.0248518 -0.018423 0.0111472
 0.0248509 -0.0184223  0.0111469
   0.02485 -0.0184217  0.0111465
 0.0248492 -0.0184211  0.0111462
 0.0248483 -0.0184204  0.0111459
 0.0248475 -0.0184198  0.0111456
 0.0248466 -0.0184192  0.0111453
 0.0248458 -0.0184185   0.011145
 0.0248449 -0.0184179  0.0111447
 0.0248441 -0.0184173  0.0111444
 0.0248432 -0.0184167  0.0111441
 0.0248424 -0.0184161  0.0111438
 0.0248416 -0.0184154  0.0111435
 0.0248407 -0.0184148  0.0111432
 0.0248399 -0.0184142  0.0111429
 0.0248391 -0.0184136  0.0111426
0.0248383 -0.018413 0.0111423
 0.0248375 -0.0184124   0.011142
 0.0248367 -0.0184118  0.0111417
 0.0248359 -0.0184112  0.0111415
 0.0248351 -0.0184106  0.0111412
 0.0248343 -0.0184101  0.0111409
 0.0248335 -0.0184095  0.0111406
 0.0248327 -0.0184089  0.0111403
 0.0248319 -0.0184083    0.01114
 0.0248311 -0.0184077  0.0111398
 0.0248303 -0.0184071  0.0111395
 0.0248296 -0.0184066  0.0111392
0.0248288 -0.018406 0.0111389
  0.024828 -0.0184054  0.0111387
 0.0248273 -0.0184049  0.0111384
 0.0248265 -0.0184043  0.0111381
 0.0248257 -0.0184037  0.0111378
  0.024825 -0.0184032  0.0111376
 0.0248242 -0.0184026  0.0111373
 0.0248235 -0.0184021   0.011137
 0.0248227 -0.0184015  0.0111368
 0.024822 -0.018401 0.0111365
 0.0248212 -0.0184004  0.0111362
 0.0248205 -0.0183999   0.011136
 0.0248198 -0.0183993  0.0111357
  0.024819 -0.0183988  0.0111355
 0.0248183 -0.0183983  0.0111352
 0.0248176 -0.0183977   0.011135
 0.0248169 -0.0183972  0.0111347
 0.0248161 -0.0183967  0.0111345
 0.0248154 -0.0183961  0.0111342
 0.0248147 -0.0183956   0.011134
  0.024814 -0.0183951  0.0111337
 0.0248133 -0.0183946  0.0111335
 0.0248126 -0.0183941  0.0111332
 0.0248119 -0.0183935   0.011133
0.0248112 -0.018393 0.0111327
 0.0248105 -0.0183925  0.0111325
0.0248098 -0.018392 0.0111322
 0.0248091 -0.0183915   0.011132
0.0248084 -0.018391 0.0111318
 0.0248078 -0.0183905  0.0111315
0.0248071  -0.01839 0.0111313
 0.0248064 -0.0183895   0.011131
0.0248057 -0.018389 0.0111308
 0.0248051 -0.0183885  0.0111306
0.0248044 -0.018388 0.0111303
 0.0248037 -0.0183875  0.0111301
0.0248031 -0.018387 0.0111299
 0.0248024 -0.0183865  0.0111297
 0.0248017 -0.0183861  0.0111294
 0.0248011 -0.0183856  0.0111292
 0.0248004 -0.0183851   0.011129
 0.0247998 -0.0183846  0.0111288
 0.0247991 -0.0183841  0.0111285
 0.0247985 -0.0183837  0.0111283
 0.0247979 -0.0183832  0.0111281
 0.0247972 -0.0183827  0.0111279
 0.0247966 -0.0183823  0.0111277
  0.024796 -0.0183818  0.0111274
 0.0247953 -0.0183813  0.0111272
 0.0247947 -0.0183809   0.011127
 0.0247941 -0.0183804  0.0111268
0.0247935  -0.01838 0.0111266
 0.0247928 -0.0183795  0.0111264
0.0247922 -0.018379 0.0111262
 0.0247916 -0.0183786  0.0111259
  0.024791 -0.0183782  0.0111257
 0.0247904 -0.0183777  0.0111255
 0.0247898 -0.0183773  0.0111253
 0.0247892 -0.0183768  0.0111251
 0.0247886 -0.0183764  0.0111249
  0.024788 -0.0183759  0.0111247
 0.0247874 -0.0183755  0.0111245
 0.0247868 -0.0183751  0.0111243
 0.0247862 -0.0183746  0.0111241
 0.0247856 -0.0183742  0.0111239
  0.024785 -0.0183738  0.0111237
 0.0247845 -0.0183733  0.0111235
 0.0247839 -0.0183729  0.0111233
 0.0247833 -0.0183725  0.0111231
 0.0247827 -0.0183721  0.0111229
 0.0247822 -0.0183716  0.0111227
 0.0247816 -0.0183712  0.0111225
  0.024781 -0.0183708  0.0111224
 0.0247805 -0.0183704  0.0111222
0.0247799  -0.01837  0.011122
 0.0247793 -0.0183696  0.0111218
 0.0247788 -0.0183692  0.0111216
 0.0247782 -0.0183688  0.0111214
 0.0247777 -0.0183684  0.0111212
 0.0247771 -0.0183679   0.011121
 0.0247766 -0.0183675  0.0111209
  0.024776 -0.0183671  0.0111207
 0.0247755 -0.0183667  0.0111205
 0.0247749 -0.0183663  0.0111203
0.0247744 -0.018366 0.0111201
 0.0247739 -0.0183656    0.01112
 0.0247733 -0.0183652  0.0111198
 0.0247728 -0.0183648  0.0111196
 0.0247723 -0.0183644  0.0111194
0.0247717 -0.018364 0.0111192
 0.0247712 -0.0183636  0.0111191
 0.0247707 -0.0183632  0.0111189
 0.0247702 -0.0183629  0.0111187
 0.0247697 -0.0183625  0.0111186
 0.0247691 -0.0183621  0.0111184
 0.0247686 -0.0183617  0.0111182
 0.0247681 -0.0183613   0.011118
0.0247676 -0.018361 0.0111179
 0.0247671 -0.0183606  0.0111177
 0.0247666 -0.0183602  0.0111175
 0.0247661 -0.0183599  0.0111174
 0.0247656 -0.0183595  0.0111172
 0.0247651 -0.0183591  0.0111171
 0.0247646 -0.0183588  0.0111169
 0.0247641 -0.0183584  0.0111167
0.0247636 -0.018358 0.0111166
 0.0247631 -0.0183577  0.0111164
 0.0247626 -0.0183573  0.0111162
0.0247621 -0.018357 0.0111161
 0.0247617 -0.0183566  0.0111159
 0.0247612 -0.0183563  0.0111158
 0.0247607 -0.0183559  0.0111156
 0.0247602 -0.0183556  0.0111155
 0.0247597 -0.0183552  0.0111153
 0.0247593 -0.0183549  0.0111152
 0.0247588 -0.0183545   0.011115
 0.0247583 -0.0183542  0.0111149
 0.0247579 -0.0183538  0.0111147
 0.0247574 -0.0183535  0.0111145
 0.0247569 -0.0183532  0.0111144
 0.0247565 -0.0183528  0.0111142
  0.024756 -0.0183525  0.0111141
 0.0247556 -0.0183521   0.011114
 0.0247551 -0.0183518  0.0111138
 0.0247547 -0.0183515  0.0111137
 0.0247542 -0.0183512  0.0111135
 0.0247538 -0.0183508  0.0111134
 0.0247533 -0.0183505  0.0111132
 0.0247529 -0.0183502  0.0111131
 0.0247524 -0.0183498  0.0111129
  0.024752 -0.0183495  0.0111128
 0.0247515 -0.0183492  0.0111127
 0.0247511 -0.0183489  0.0111125
 0.0247507 -0.0183486  0.0111124
 0.0247502 -0.0183482  0.0111122
 0.0247498 -0.0183479  0.0111121
 0.0247494 -0.0183476   0.011112
 0.0247489 -0.0183473  0.0111118
0.0247485 -0.018347 0.0111117
 0.0247481 -0.0183467  0.0111116
 0.0247477 -0.0183464  0.0111114
 0.0247472 -0.0183461  0.0111113
 0.0247468 -0.0183458  0.0111112
 0.0247464 -0.0183454   0.011111
  0.024746 -0.0183451  0.0111109
 0.0247456 -0.0183448  0.0111108
 0.0247452 -0.0183445  0.0111106
 0.0247447 -0.0183442  0.0111105
 0.0247443 -0.0183439  0.0111104
 0.0247439 -0.0183436  0.0111103
 0.0247435 -0.0183433  0.0111101
 0.0247431 -0.0183431    0.01111
 0.0247427 -0.0183428  0.0111099
 0.0247423 -0.0183425  0.0111098
 0.0247419 -0.0183422  0.0111096
 0.0247415 -0.0183419  0.0111095
 0.0247411 -0.0183416  0.0111094
 0.0247407 -0.0183413  0.0111093
0.0247403 -0.018341 0.0111091
 0.0247399 -0.0183407   0.011109
 0.0247396 -0.0183405  0.0111089
 0.0247392 -0.0183402  0.0111088
 0.0247388 -0.0183399  0.0111087
 0.0247384 -0.0183396  0.0111085
  0.024738 -0.0183393  0.0111084
 0.0247376 -0.0183391  0.0111083
 0.0247373 -0.0183388  0.0111082
 0.0247369 -0.0183385  0.0111081
 0.0247365 -0.0183382   0.011108
0.0247361 -0.018338 0.0111078
 0.0247358 -0.0183377  0.0111077
 0.0247354 -0.0183374  0.0111076
  0.024735 -0.0183372  0.0111075
 0.0247347 -0.0183369  0.0111074
 0.0247343 -0.0183366  0.0111073
 0.0247339 -0.0183364  0.0111072
 0.0247336 -0.0183361  0.0111071
 0.0247332 -0.0183358  0.0111069
 0.0247328 -0.0183356  0.0111068
 0.0247325 -0.0183353  0.0111067
0.0247321 -0.018335 0.0111066
 0.0247318 -0.0183348  0.0111065
 0.0247314 -0.0183345  0.0111064
 0.0247311 -0.0183343  0.0111063
0.0247307 -0.018334 0.0111062
 0.0247304 -0.0183338  0.0111061
   0.02473 -0.0183335   0.011106
 0.0247297 -0.0183333  0.0111059
0.0247293 -0.018333 0.0111058
  0.024729 -0.0183328  0.0111057
 0.0247286 -0.0183325  0.0111056
 0.0247283 -0.0183323  0.0111055
 0.024728 -0.018332 0.0111054
 0.0247276 -0.0183318  0.0111053
 0.0247273 -0.0183315  0.0111052
  0.024727 -0.0183313  0.0111051
0.0247266 -0.018331  0.011105
 0.0247263 -0.0183308  0.0111049
  0.024726 -0.0183306  0.0111048
 0.0247256 -0.0183303  0.0111047
 0.0247253 -0.0183301  0.0111046
  0.024725 -0.0183299  0.0111045
 0.0247247 -0.0183296  0.0111044
 0.0247243 -0.0183294  0.0111043
  0.024724 -0.0183291  0.0111042
 0.0247237 -0.0183289  0.0111041
 0.0247234 -0.0183287   0.011104
 0.0247231 -0.0183285  0.0111039
 0.0247227 -0.0183282  0.0111038
0.0247224 -0.018328 0.0111037
 0.0247221 -0.0183278  0.0111036
 0.0247218 -0.0183275  0.0111036
 0.0247215 -0.0183273  0.0111035
 0.0247212 -0.0183271  0.0111034
 0.0247209 -0.0183269  0.0111033
 0.0247206 -0.0183266  0.0111032
 0.0247203 -0.0183264  0.0111031
   0.02472 -0.0183262   0.011103
0.0247197 -0.018326 0.0111029
 0.0247194 -0.0183258  0.0111028
 0.0247191 -0.0183255  0.0111028
 0.0247188 -0.0183253  0.0111027
 0.0247185 -0.0183251  0.0111026
 0.0247182 -0.0183249  0.0111025
 0.0247179 -0.0183247  0.0111024
 0.0247176 -0.0183245  0.0111023
 0.0247173 -0.0183243  0.0111022
  0.024717 -0.0183241  0.0111022
 0.0247167 -0.0183238  0.0111021
 0.0247164 -0.0183236   0.011102
 0.0247161 -0.0183234  0.0111019
 0.0247158 -0.0183232  0.0111018
0.0247155 -0.018323 0.0111018
 0.0247153 -0.0183228  0.0111017
  0.024715 -0.0183226  0.0111016
 0.0247147 -0.0183224  0.0111015
 0.0247144 -0.0183222  0.0111014
0.0247141 -0.018322 0.0111014
 0.0247139 -0.0183218  0.0111013
 0.0247136 -0.0183216  0.0111012
 0.0247133 -0.0183214  0.0111011
  0.024713 -0.0183212  0.0111011
0.0247128 -0.018321  0.011101
 0.0247125 -0.0183208  0.0111009
 0.0247122 -0.0183206  0.0111008
 0.0247119 -0.0183204  0.0111007
 0.0247117 -0.0183202  0.0111007
0.0247114  -0.01832 0.0111006
 0.0247111 -0.0183198  0.0111005
 0.0247109 -0.0183196  0.0111005
 0.0247106 -0.0183194  0.0111004
 0.0247104 -0.0183193  0.0111003
 0.0247101 -0.0183191  0.0111002
 0.0247098 -0.0183189  0.0111002
 0.0247096 -0.0183187  0.0111001
 0.0247093 -0.0183185     0.0111
 0.0247091 -0.0183183     0.0111
 0.0247088 -0.0183181  0.0110999
 0.0247085 -0.0183179  0.0110998
 0.0247083 -0.0183178  0.0110997
  0.024708 -0.0183176  0.0110997
 0.0247078 -0.0183174  0.0110996
 0.0247075 -0.0183172  0.0110995
0.0247073 -0.018317 0.0110995
  0.024707 -0.0183169  0.0110994
 0.0247068 -0.0183167  0.0110993
 0.0247065 -0.0183165  0.0110993
 0.0247063 -0.0183163  0.0110992
 0.0247061 -0.0183161  0.0110991
0.0247058 -0.018316 0.0110991
 0.0247056 -0.0183158   0.011099
 0.0247053 -0.0183156  0.0110989
 0.0247051 -0.0183155  0.0110989
 0.0247048 -0.0183153  0.0110988
 0.0247046 -0.0183151  0.0110988
 0.0247044 -0.0183149  0.0110987
 0.0247041 -0.0183148  0.0110986
 0.0247039 -0.0183146  0.0110986
 0.0247037 -0.0183144  0.0110985
 0.0247034 -0.0183143  0.0110984
 0.0247032 -0.0183141  0.0110984
  0.024703 -0.0183139  0.0110983
 0.0247027 -0.0183138  0.0110983
 0.0247025 -0.0183136  0.0110982
 0.0247023 -0.0183134  0.0110981
 0.0247021 -0.0183133  0.0110981
 0.0247018 -0.0183131   0.011098
 0.0247016 -0.0183129   0.011098
 0.0247014 -0.0183128  0.0110979
 0.0247012 -0.0183126  0.0110979
 0.0247009 -0.0183125  0.0110978
 0.0247007 -0.0183123  0.0110977
 0.0247005 -0.0183121  0.0110977
0.0247003 -0.018312 0.0110976
    0.0247 -0.0183118  0.0110976
 0.0246998 -0.0183117  0.0110975
 0.0246996 -0.0183115  0.0110975
 0.0246994 -0.0183114  0.0110974
 0.0246992 -0.0183112  0.0110973
  0.024699 -0.0183111  0.0110973
 0.0246988 -0.0183109  0.0110972
 0.0246985 -0.0183107  0.0110972
 0.0246983 -0.0183106  0.0110971
 0.0246981 -0.0183104  0.0110971
 0.0246979 -0.0183103   0.011097
 0.0246977 -0.0183101   0.011097
0.0246975  -0.01831 0.0110969
 0.0246973 -0.0183098  0.0110969
 0.0246971 -0.0183097  0.0110968
 0.0246969 -0.0183096  0.0110968
 0.0246967 -0.0183094  0.0110967
 0.0246965 -0.0183093  0.0110967
 0.0246963 -0.0183091  0.0110966
0.0246961 -0.018309 0.0110966
 0.0246959 -0.0183088  0.0110965
 0.0246957 -0.0183087  0.0110965
 0.0246955 -0.0183085  0.0110964
 0.0246953 -0.0183084  0.0110964
 0.0246951 -0.0183083  0.0110963
 0.0246949 -0.0183081  0.0110963
0.0246947 -0.018308 0.0110962
 0.0246945 -0.0183078  0.0110962
 0.0246943 -0.0183077  0.0110961
 0.0246941 -0.0183076  0.0110961
 0.0246939 -0.0183074   0.011096
 0.0246937 -0.0183073   0.011096
 0.0246935 -0.0183071  0.0110959
0.0246933 -0.018307 0.0110959
 0.0246931 -0.0183069  0.0110959
  0.024693 -0.0183067  0.0110958
 0.0246928 -0.0183066  0.0110958
 0.0246926 -0.0183065  0.0110957
 0.0246924 -0.0183063  0.0110957
 0.0246922 -0.0183062  0.0110956
  0.024692 -0.0183061  0.0110956
 0.0246918 -0.0183059  0.0110955
 0.0246917 -0.0183058  0.0110955
 0.0246915 -0.0183057  0.0110955
 0.0246913 -0.0183056  0.0110954
 0.0246911 -0.0183054  0.0110954
 0.0246909 -0.0183053  0.0110953
 0.0246908 -0.0183052  0.0110953
0.0246906 -0.018305 0.0110952
 0.0246904 -0.0183049  0.0110952
 0.0246902 -0.0183048  0.0110952
   0.02469 -0.0183047  0.0110951
 0.0246899 -0.0183045  0.0110951
 0.0246897 -0.0183044   0.011095
 0.0246895 -0.0183043   0.011095
 0.0246894 -0.0183042   0.011095
0.0246892 -0.018304 0.0110949
  0.024689 -0.0183039  0.0110949
 0.0246888 -0.0183038  0.0110948
 0.0246887 -0.0183037  0.0110948
 0.0246885 -0.0183036  0.0110948
 0.0246883 -0.0183034  0.0110947
 0.0246882 -0.0183033  0.0110947
  0.024688 -0.0183032  0.0110947
 0.0246878 -0.0183031  0.0110946
0.0246877 -0.018303 0.0110946
 0.0246875 -0.0183029  0.0110945
 0.0246873 -0.0183027  0.0110945
 0.0246872 -0.0183026  0.0110945
  0.024687 -0.0183025  0.0110944
 0.0246868 -0.0183024  0.0110944
 0.0246867 -0.0183023  0.0110944
 0.0246865 -0.0183022  0.0110943
0.0246864 -0.018302 0.0110943
 0.0246862 -0.0183019  0.0110943
  0.024686 -0.0183018  0.0110942
 0.0246859 -0.0183017  0.0110942
 0.0246857 -0.0183016  0.0110942
 0.0246856 -0.0183015  0.0110941
 0.0246854 -0.0183014  0.0110941
 0.0246853 -0.0183013  0.0110941
 0.0246851 -0.0183011   0.011094
 0.024685 -0.018301  0.011094
 0.0246848 -0.0183009   0.011094
 0.0246846 -0.0183008  0.0110939
 0.0246845 -0.0183007  0.0110939
 0.0246843 -0.0183006  0.0110939
 0.0246842 -0.0183005  0.0110938
  0.024684 -0.0183004  0.0110938
 0.0246839 -0.0183003  0.0110938
 0.0246837 -0.0183002  0.0110937
 0.0246836 -0.0183001  0.0110937
0.0246835   -0.0183 0.0110937
 0.0246833 -0.0182999  0.0110936
 0.0246832 -0.0182998  0.0110936
  0.024683 -0.0182997  0.0110936
 0.0246829 -0.0182996  0.0110935
 0.0246827 -0.0182995  0.0110935
 0.0246826 -0.0182994  0.0110935
 0.0246824 -0.0182993  0.0110935
 0.0246823 -0.0182992  0.0110934
 0.0246822 -0.0182991  0.0110934
 0.024682 -0.018299 0.0110934
 0.0246819 -0.0182989  0.0110933
 0.0246817 -0.0182988  0.0110933
 0.0246816 -0.0182987  0.0110933
 0.0246814 -0.0182986  0.0110933
 0.0246813 -0.0182985  0.0110932
 0.0246812 -0.0182984  0.0110932
  0.024681 -0.0182983  0.0110932
 0.0246809 -0.0182982  0.0110931
 0.0246808 -0.0182981  0.0110931
0.0246806 -0.018298 0.0110931
 0.0246805 -0.0182979  0.0110931
 0.0246804 -0.0182978   0.011093
 0.0246802 -0.0182977   0.011093
 0.0246801 -0.0182976   0.011093
   0.02468 -0.0182975   0.011093
 0.0246798 -0.0182974  0.0110929
 0.0246797 -0.0182973  0.0110929
 0.0246796 -0.0182972  0.0110929
 0.0246794 -0.0182971  0.0110929
0.0246793 -0.018297 0.0110928
 0.0246792 -0.0182969  0.0110928
  0.024679 -0.0182969  0.0110928
 0.0246789 -0.0182968  0.0110928
 0.0246788 -0.0182967  0.0110927
 0.0246787 -0.0182966  0.0110927
 0.0246785 -0.0182965  0.0110927
 0.0246784 -0.0182964  0.0110927
 0.0246783 -0.0182963  0.0110926
 0.0246782 -0.0182962  0.0110926
  0.024678 -0.0182961  0.0110926
 0.0246779 -0.0182961  0.0110926
0.0246778 -0.018296 0.0110925
 0.0246777 -0.0182959  0.0110925
 0.0246775 -0.0182958  0.0110925
 0.0246774 -0.0182957  0.0110925
 0.0246773 -0.0182956  0.0110925
 0.0246772 -0.0182955  0.0110924
 0.0246771 -0.0182955  0.0110924
 0.0246769 -0.0182954  0.0110924
 0.0246768 -0.0182953  0.0110924
 0.0246767 -0.0182952  0.0110923
 0.0246766 -0.0182951  0.0110923
0.0246765 -0.018295 0.0110923
0.0246763 -0.018295 0.0110923
 0.0246762 -0.0182949  0.0110923
 0.0246761 -0.0182948  0.0110922
  0.024676 -0.0182947  0.0110922
 0.0246759 -0.0182946  0.0110922
 0.0246758 -0.0182946  0.0110922
 0.0246757 -0.0182945  0.0110922
 0.0246755 -0.0182944  0.0110921
 0.0246754 -0.0182943  0.0110921
 0.0246753 -0.0182942  0.0110921
 0.0246752 -0.0182942  0.0110921
 0.0246751 -0.0182941  0.0110921
 0.024675 -0.018294  0.011092
 0.0246749 -0.0182939   0.011092
 0.0246748 -0.0182938   0.011092
 0.0246746 -0.0182938   0.011092
 0.0246745 -0.0182937   0.011092
 0.0246744 -0.0182936   0.011092
 0.0246743 -0.0182935  0.0110919
 0.0246742 -0.0182935  0.0110919
 0.0246741 -0.0182934  0.0110919
  0.024674 -0.0182933  0.0110919
 0.0246739 -0.0182932  0.0110919
 0.0246738 -0.0182932  0.0110918
 0.0246737 -0.0182931  0.0110918
0.0246736 -0.018293 0.0110918
 0.0246735 -0.0182929  0.0110918
 0.0246734 -0.0182929  0.0110918
 0.0246733 -0.0182928  0.0110918
 0.0246732 -0.0182927  0.0110917
 0.0246731 -0.0182926  0.0110917
  0.024673 -0.0182926  0.0110917
 0.0246729 -0.0182925  0.0110917
 0.0246727 -0.0182924  0.0110917
 0.0246726 -0.0182924  0.0110917
 0.0246725 -0.0182923  0.0110917
 0.0246724 -0.0182922  0.0110916
 0.0246723 -0.0182922  0.0110916
 0.0246722 -0.0182921  0.0110916
0.0246721 -0.018292 0.0110916
  0.024672 -0.0182919  0.0110916
 0.0246719 -0.0182919  0.0110916
 0.0246719 -0.0182918  0.0110915
 0.0246718 -0.0182917  0.0110915
 0.0246717 -0.0182917  0.0110915
 0.0246716 -0.0182916  0.0110915
 0.0246715 -0.0182915  0.0110915
 0.0246714 -0.0182915  0.0110915
 0.0246713 -0.0182914  0.0110915
 0.0246712 -0.0182913  0.0110914
 0.0246711 -0.0182913  0.0110914
  0.024671 -0.0182912  0.0110914
 0.0246709 -0.0182911  0.0110914
 0.0246708 -0.0182911  0.0110914
0.0246707 -0.018291 0.0110914
