 -0.011445 -0.0603397  0.0276176
-0.00764007  -0.0533842   0.0235082
-0.00423852  -0.0479902   0.0207479
-0.00121977  -0.0437121   0.0188603
0.00145022 -0.0402498  0.0175382
0.00380855 -0.0373984  0.0165837
0.00589098  -0.035016  0.0158693
0.00773024  -0.033002  0.0153126
0.00935555 -0.0312838  0.0148608
 0.0107927 -0.0298075  0.0144797
0.0120642 -0.028532 0.0141474
   0.01319 -0.0274254    0.01385
 0.0141873 -0.0264622  0.0135783
 0.0150712 -0.0256219  0.0133266
 0.0158552 -0.0248874  0.0130913
 0.0165507 -0.0242444  0.0128699
 0.0171681 -0.0236809  0.0126608
 0.0177164 -0.0231866  0.0124631
 0.0182034 -0.0227526  0.0122759
 0.0186362 -0.0223715  0.0120988
  0.019021 -0.0220365  0.0119313
 0.0193631 -0.0217419   0.011773
 0.0196674 -0.0214827  0.0116235
 0.0199381 -0.0212545  0.0114825
  0.020179 -0.0210536  0.0113498
 0.0203935 -0.0208765  0.0112248
 0.0205844 -0.0207204  0.0111074
 0.0207543 -0.0205827  0.0109971
 0.0209057 -0.0204611  0.0108937
 0.0210404 -0.0203537  0.0107967
 0.0211604 -0.0202587  0.0107059
 0.0212673 -0.0201747   0.010621
 0.0213624 -0.0201002  0.0105415
 0.0214471 -0.0200342  0.0104673
 0.0215225 -0.0199756  0.0103979
 0.0215895 -0.0199235  0.0103332
 0.0216492 -0.0198771  0.0102728
 0.0217022 -0.0198358  0.0102165
 0.0217492 -0.0197988   0.010164
  0.021791 -0.0197658   0.010115
  0.021828 -0.0197361  0.0100694
 0.0218608 -0.0197095  0.0100269
 0.0218898 -0.0196855 0.00998738
 0.0219154 -0.0196638 0.00995053
 0.0219379 -0.0196441 0.00991622
 0.0219577 -0.0196263 0.00988426
 0.0219751   -0.01961 0.00985451
 0.0219902 -0.0195951  0.0098268
 0.0220034 -0.0195815 0.00980099
 0.0220148 -0.0195689 0.00977696
 0.0220246 -0.0195572 0.00975456
  0.022033 -0.0195464 0.00973369
   0.02204 -0.0195364 0.00971423
  0.022046 -0.0195269 0.00969609
 0.0220508 -0.0195181 0.00967917
 0.0220548 -0.0195097 0.00966337
 0.0220579 -0.0195019 0.00964863
 0.0220602 -0.0194944 0.00963485
 0.0220619 -0.0194872 0.00962197
 0.0220629 -0.0194804 0.00960992
 0.0220634 -0.0194738 0.00959864
 0.0220633 -0.0194675 0.00958808
 0.0220628 -0.0194614 0.00957817
  0.022062 -0.0194555 0.00956888
 0.0220607 -0.0194497 0.00956015
 0.0220591 -0.0194441 0.00955194
 0.0220572 -0.0194387 0.00954422
 0.0220551 -0.0194333 0.00953695
 0.0220527 -0.0194281 0.00953009
 0.0220501  -0.019423 0.00952361
 0.0220473  -0.019418 0.00951748
 0.0220443  -0.019413 0.00951169
 0.0220411 -0.0194081 0.00950619
 0.0220378 -0.0194033 0.00950098
 0.0220344 -0.0193986 0.00949603
 0.0220309 -0.0193939 0.00949131
 0.0220273 -0.0193892 0.00948682
 0.0220235 -0.0193846 0.00948253
 0.0220197 -0.0193801 0.00947843
 0.0220158 -0.0193755  0.0094745
 0.0220119 -0.0193711 0.00947074
 0.0220079 -0.0193666 0.00946713
 0.0220038 -0.0193622 0.00946366
 0.0219997 -0.0193578 0.00946032
 0.0219956 -0.0193535  0.0094571
 0.0219914 -0.0193492 0.00945399
 0.0219872 -0.0193449 0.00945098
  0.021983 -0.0193406 0.00944806
 0.0219787 -0.0193363 0.00944524
 0.0219745 -0.0193321  0.0094425
 0.0219702 -0.0193279 0.00943983
 0.0219659 -0.0193237 0.00943723
 0.0219616 -0.0193196  0.0094347
 0.0219573 -0.0193155 0.00943224
  0.021953 -0.0193113 0.00942983
 0.0219486 -0.0193072 0.00942747
 0.0219443 -0.0193032 0.00942516
   0.02194 -0.0192991  0.0094229
 0.0219357 -0.0192951 0.00942068
 0.0219314 -0.0192911  0.0094185
 0.0219271 -0.0192871 0.00941636
 0.0219227 -0.0192831 0.00941425
 0.0219184 -0.0192791 0.00941218
 0.0219142 -0.0192752 0.00941014
 0.0219099 -0.0192712 0.00940813
 0.0219056 -0.0192673 0.00940614
 0.0219013 -0.0192634 0.00940418
 0.0218971 -0.0192595 0.00940225
 0.0218928 -0.0192557 0.00940034
 0.0218886 -0.0192518 0.00939845
 0.0218844  -0.019248 0.00939658
 0.0218802 -0.0192442 0.00939473
  0.021876 -0.0192404  0.0093929
 0.0218718 -0.0192366 0.00939109
 0.0218676 -0.0192329 0.00938929
 0.0218635 -0.0192291 0.00938751
 0.0218593 -0.0192254 0.00938575
 0.0218552 -0.0192217   0.009384
 0.0218511  -0.019218 0.00938226
  0.021847 -0.0192143 0.00938054
 0.0218429 -0.0192106 0.00937883
 0.0218388 -0.0192069 0.00937713
 0.0218348 -0.0192033 0.00937544
 0.0218307 -0.0191997 0.00937377
 0.0218267 -0.0191961 0.00937211
 0.0218227 -0.0191925 0.00937046
 0.0218187 -0.0191889 0.00936881
 0.0218147 -0.0191853 0.00936718
 0.0218107 -0.0191818 0.00936556
 0.0218068 -0.0191782 0.00936395
 0.0218028 -0.0191747 0.00936235
 0.0217989 -0.0191712 0.00936075
  0.021795 -0.0191677 0.00935917
 0.0217911 -0.0191642 0.00935759
 0.0217873 -0.0191608 0.00935603
 0.0217834 -0.0191573 0.00935447
 0.0217796 -0.0191539 0.00935292
 0.0217757 -0.0191505 0.00935138
 0.0217719 -0.0191471 0.00934984
 0.0217681 -0.0191437 0.00934831
 0.0217643 -0.0191403  0.0093468
 0.0217606 -0.0191369 0.00934528
 0.0217568 -0.0191336 0.00934378
 0.0217531 -0.0191303 0.00934228
 0.0217493 -0.0191269 0.00934079
 0.0217456 -0.0191236 0.00933931
 0.0217419 -0.0191203 0.00933784
 0.0217383 -0.0191171 0.00933637
 0.0217346 -0.0191138 0.00933491
 0.0217309 -0.0191105 0.00933345
 0.0217273 -0.0191073   0.009332
 0.0217237 -0.0191041 0.00933056
 0.0217201 -0.0191008 0.00932913
 0.0217165 -0.0190976  0.0093277
 0.0217129 -0.0190945 0.00932628
 0.0217094 -0.0190913 0.00932486
 0.0217058 -0.0190881 0.00932345
 0.0217023  -0.019085 0.00932205
 0.0216988 -0.0190818 0.00932066
 0.0216953 -0.0190787 0.00931927
 0.0216918 -0.0190756 0.00931788
 0.0216883 -0.0190725 0.00931651
 0.0216848 -0.0190694 0.00931513
 0.0216814 -0.0190664 0.00931377
  0.021678 -0.0190633 0.00931241
 0.0216745 -0.0190602 0.00931106
 0.0216711 -0.0190572 0.00930971
 0.0216677 -0.0190542 0.00930837
 0.0216644 -0.0190512 0.00930703
  0.021661 -0.0190482  0.0093057
 0.0216577 -0.0190452 0.00930438
 0.0216543 -0.0190422 0.00930306
  0.021651 -0.0190393 0.00930175
 0.0216477 -0.0190363 0.00930044
 0.0216444 -0.0190334 0.00929914
 0.0216411 -0.0190305 0.00929785
 0.0216378 -0.0190276 0.00929656
 0.0216346 -0.0190247 0.00929528
 0.0216313 -0.0190218   0.009294
 0.0216281 -0.0190189 0.00929272
 0.0216249  -0.019016 0.00929146
 0.0216217 -0.0190132  0.0092902
 0.0216185 -0.0190103 0.00928894
 0.0216153 -0.0190075 0.00928769
 0.0216122 -0.0190047 0.00928644
  0.021609 -0.0190019  0.0092852
 0.0216059 -0.0189991 0.00928397
 0.0216027 -0.0189963 0.00928274
 0.0215996 -0.0189935 0.00928152
 0.0215965 -0.0189908  0.0092803
 0.0215934  -0.018988 0.00927908
 0.0215904 -0.0189853 0.00927788
 0.0215873 -0.0189825 0.00927667
 0.0215842 -0.0189798 0.00927548
 0.0215812 -0.0189771 0.00927428
 0.0215782 -0.0189744  0.0092731
 0.0215752 -0.0189717 0.00927191
 0.0215722 -0.0189691 0.00927074
 0.0215692 -0.0189664 0.00926956
 0.0215662 -0.0189638  0.0092684
 0.0215632 -0.0189611 0.00926724
 0.0215603 -0.0189585 0.00926608
 0.0215573 -0.0189559 0.00926493
 0.0215544 -0.0189533 0.00926378
 0.0215515 -0.0189507 0.00926264
 0.0215486 -0.0189481  0.0092615
 0.0215457 -0.0189455 0.00926037
 0.0215428 -0.0189429 0.00925924
 0.0215399 -0.0189404 0.00925812
 0.0215371 -0.0189378   0.009257
 0.0215342 -0.0189353 0.00925589
 0.0215314 -0.0189328 0.00925478
 0.0215285 -0.0189303 0.00925368
 0.0215257 -0.0189277 0.00925258
 0.0215229 -0.0189253 0.00925148
 0.0215201 -0.0189228 0.00925039
 0.0215174 -0.0189203 0.00924931
 0.0215146 -0.0189178 0.00924823
 0.0215118 -0.0189154 0.00924716
 0.0215091 -0.0189129 0.00924608
 0.0215063 -0.0189105 0.00924502
 0.0215036 -0.0189081 0.00924396
 0.0215009 -0.0189057  0.0092429
 0.0214982 -0.0189033 0.00924185
 0.0214955 -0.0189009  0.0092408
 0.0214928 -0.0188985 0.00923976
 0.0214902 -0.0188961 0.00923872
 0.0214875 -0.0188937 0.00923768
 0.0214849 -0.0188914 0.00923665
 0.0214822  -0.018889 0.00923563
 0.0214796 -0.0188867 0.00923461
  0.021477 -0.0188844 0.00923359
 0.0214744  -0.018882 0.00923258
 0.0214718 -0.0188797 0.00923157
 0.0214692 -0.0188774 0.00923057
 0.0214666 -0.0188751 0.00922957
  0.021464 -0.0188729 0.00922857
 0.0214615 -0.0188706 0.00922758
 0.0214589 -0.0188683  0.0092266
 0.0214564 -0.0188661 0.00922561
 0.0214539 -0.0188638 0.00922464
 0.0214514 -0.0188616 0.00922366
 0.0214489 -0.0188594 0.00922269
 0.0214464 -0.0188571 0.00922173
 0.0214439 -0.0188549 0.00922077
 0.0214414 -0.0188527 0.00921981
 0.0214389 -0.0188505 0.00921886
 0.0214365 -0.0188484 0.00921791
  0.021434 -0.0188462 0.00921696
 0.0214316  -0.018844 0.00921602
 0.0214292 -0.0188419 0.00921508
 0.0214268 -0.0188397 0.00921415
 0.0214244 -0.0188376 0.00921322
  0.021422 -0.0188354  0.0092123
 0.0214196 -0.0188333 0.00921138
 0.0214172 -0.0188312 0.00921046
 0.0214148 -0.0188291 0.00920955
 0.0214125  -0.018827 0.00920864
 0.0214101 -0.0188249 0.00920773
 0.0214078 -0.0188228 0.00920683
 0.0214054 -0.0188208 0.00920593
 0.0214031 -0.0188187 0.00920504
 0.0214008 -0.0188166 0.00920415
 0.0213985 -0.0188146 0.00920326
 0.0213962 -0.0188126 0.00920238
 0.0213939 -0.0188105  0.0092015
 0.0213917 -0.0188085 0.00920063
 0.0213894 -0.0188065 0.00919976
 0.0213871 -0.0188045 0.00919889
 0.0213849 -0.0188025 0.00919803
 0.0213826 -0.0188005 0.00919717
 0.0213804 -0.0187985 0.00919631
 0.0213782 -0.0187965 0.00919546
  0.021376 -0.0187946 0.00919461
 0.0213738 -0.0187926 0.00919377
 0.0213716 -0.0187907 0.00919293
 0.0213694 -0.0187887 0.00919209
 0.0213672 -0.0187868 0.00919125
  0.021365 -0.0187849 0.00919042
 0.0213629 -0.0187829  0.0091896
 0.0213607  -0.018781 0.00918877
 0.0213586 -0.0187791 0.00918795
 0.0213565 -0.0187772 0.00918714
 0.0213543 -0.0187753 0.00918632
 0.0213522 -0.0187735 0.00918551
 0.0213501 -0.0187716 0.00918471
  0.021348 -0.0187697 0.00918391
 0.0213459 -0.0187679 0.00918311
 0.0213438  -0.018766 0.00918231
 0.0213417 -0.0187642 0.00918152
 0.0213397 -0.0187623 0.00918073
 0.0213376 -0.0187605 0.00917994
 0.0213356 -0.0187587 0.00917916
 0.0213335 -0.0187569 0.00917838
 0.0213315  -0.018755 0.00917761
 0.0213295 -0.0187532 0.00917684
 0.0213274 -0.0187515 0.00917607
 0.0213254 -0.0187497  0.0091753
 0.0213234 -0.0187479 0.00917454
 0.0213214 -0.0187461 0.00917378
 0.0213194 -0.0187443 0.00917302
 0.0213175 -0.0187426 0.00917227
 0.0213155 -0.0187408 0.00917152
 0.0213135 -0.0187391 0.00917078
 0.0213116 -0.0187374 0.00917003
 0.0213096 -0.0187356  0.0091693
 0.0213077 -0.0187339 0.00916856
 0.0213057 -0.0187322 0.00916783
 0.0213038 -0.0187305  0.0091671
 0.0213019 -0.0187288 0.00916637
    0.0213 -0.0187271 0.00916564
 0.0212981 -0.0187254 0.00916492
 0.0212962 -0.0187237 0.00916421
 0.0212943  -0.018722 0.00916349
 0.0212924 -0.0187204 0.00916278
 0.0212905 -0.0187187 0.00916207
 0.0212887  -0.018717 0.00916137
 0.0212868 -0.0187154 0.00916066
  0.021285 -0.0187137 0.00915997
 0.0212831 -0.0187121 0.00915927
 0.0212813 -0.0187105 0.00915858
 0.0212795 -0.0187089 0.00915789
 0.0212776 -0.0187072  0.0091572
 0.0212758 -0.0187056 0.00915651
  0.021274  -0.018704 0.00915583
 0.0212722 -0.0187024 0.00915515
 0.0212704 -0.0187008 0.00915448
 0.0212686 -0.0186992 0.00915381
 0.0212669 -0.0186977 0.00915314
 0.0212651 -0.0186961 0.00915247
 0.0212633 -0.0186945  0.0091518
 0.0212616  -0.018693 0.00915114
 0.0212598 -0.0186914 0.00915048
 0.0212581 -0.0186899 0.00914983
 0.0212563 -0.0186883 0.00914918
 0.0212546 -0.0186868 0.00914853
 0.0212529 -0.0186853 0.00914788
 0.0212512 -0.0186837 0.00914724
 0.0212494 -0.0186822 0.00914659
 0.0212477 -0.0186807 0.00914595
  0.021246 -0.0186792 0.00914532
 0.0212444 -0.0186777 0.00914469
 0.0212427 -0.0186762 0.00914405
  0.021241 -0.0186747 0.00914343
 0.0212393 -0.0186732  0.0091428
 0.0212377 -0.0186718 0.00914218
  0.021236 -0.0186703 0.00914156
 0.0212343 -0.0186688 0.00914094
 0.0212327 -0.0186674 0.00914033
 0.0212311 -0.0186659 0.00913972
 0.0212294 -0.0186645 0.00913911
0.0212278 -0.018663 0.0091385
 0.0212262 -0.0186616  0.0091379
 0.0212246 -0.0186602 0.00913729
  0.021223 -0.0186587  0.0091367
 0.0212214 -0.0186573  0.0091361
 0.0212198 -0.0186559 0.00913551
 0.0212182 -0.0186545 0.00913491
 0.0212166 -0.0186531 0.00913433
  0.021215 -0.0186517 0.00913374
 0.0212135 -0.0186503 0.00913316
 0.0212119 -0.0186489 0.00913258
 0.0212103 -0.0186475   0.009132
 0.0212088 -0.0186462 0.00913142
 0.0212072 -0.0186448 0.00913085
 0.0212057 -0.0186434 0.00913028
 0.0212042 -0.0186421 0.00912971
 0.0212026 -0.0186407 0.00912914
 0.0212011 -0.0186394 0.00912858
 0.0211996  -0.018638 0.00912802
 0.0211981 -0.0186367 0.00912746
 0.0211966 -0.0186354  0.0091269
 0.0211951  -0.018634 0.00912635
 0.0211936 -0.0186327  0.0091258
 0.0211921 -0.0186314 0.00912525
 0.0211907 -0.0186301  0.0091247
 0.0211892 -0.0186288 0.00912416
 0.0211877 -0.0186275 0.00912361
 0.0211862 -0.0186262 0.00912307
 0.0211848 -0.0186249 0.00912254
 0.0211833 -0.0186236   0.009122
 0.0211819 -0.0186223 0.00912147
 0.0211805  -0.018621 0.00912094
  0.021179 -0.0186198 0.00912041
 0.0211776 -0.0186185 0.00911988
 0.0211762 -0.0186173 0.00911936
 0.0211748  -0.018616 0.00911884
 0.0211733 -0.0186147 0.00911832
 0.0211719 -0.0186135  0.0091178
 0.0211705 -0.0186123 0.00911729
 0.0211691  -0.018611 0.00911678
 0.0211678 -0.0186098 0.00911626
 0.0211664 -0.0186086 0.00911576
  0.021165 -0.0186073 0.00911525
 0.0211636 -0.0186061 0.00911475
 0.0211623 -0.0186049 0.00911425
 0.0211609 -0.0186037 0.00911375
 0.0211595 -0.0186025 0.00911325
 0.0211582 -0.0186013 0.00911275
 0.0211568 -0.0186001 0.00911226
 0.0211555 -0.0185989 0.00911177
 0.0211542 -0.0185977 0.00911128
 0.0211528 -0.0185966  0.0091108
 0.0211515 -0.0185954 0.00911031
 0.0211502 -0.0185942 0.00910983
 0.0211489 -0.0185931 0.00910935
 0.0211476 -0.0185919 0.00910887
 0.0211462 -0.0185907 0.00910839
 0.0211449 -0.0185896 0.00910792
 0.0211437 -0.0185884 0.00910745
 0.0211424 -0.0185873 0.00910698
 0.0211411 -0.0185862 0.00910651
 0.0211398  -0.018585 0.00910605
 0.0211385 -0.0185839 0.00910558
 0.0211373 -0.0185828 0.00910512
  0.021136 -0.0185817 0.00910466
 0.0211347 -0.0185805  0.0091042
 0.0211335 -0.0185794 0.00910375
 0.0211322 -0.0185783 0.00910329
  0.021131 -0.0185772 0.00910284
 0.0211297 -0.0185761 0.00910239
 0.0211285  -0.018575 0.00910194
 0.0211273 -0.0185739  0.0091015
  0.021126 -0.0185729 0.00910105
 0.0211248 -0.0185718 0.00910061
 0.0211236 -0.0185707 0.00910017
 0.0211224 -0.0185696 0.00909973
 0.0211212 -0.0185686  0.0090993
   0.02112 -0.0185675 0.00909886
 0.0211188 -0.0185664 0.00909843
 0.0211176 -0.0185654   0.009098
 0.0211164 -0.0185643 0.00909757
 0.0211152 -0.0185633 0.00909714
  0.021114 -0.0185622 0.00909672
 0.0211129 -0.0185612 0.00909629
 0.0211117 -0.0185602 0.00909587
 0.0211105 -0.0185591 0.00909545
 0.0211094 -0.0185581 0.00909504
 0.0211082 -0.0185571 0.00909462
 0.0211071 -0.0185561 0.00909421
 0.0211059  -0.018555 0.00909379
 0.0211048  -0.018554 0.00909338
 0.0211036  -0.018553 0.00909297
 0.0211025  -0.018552 0.00909257
 0.0211014  -0.018551 0.00909216
 0.0211002   -0.01855 0.00909176
 0.0210991  -0.018549 0.00909136
  0.021098  -0.018548 0.00909096
 0.0210969 -0.0185471 0.00909056
 0.0210958 -0.0185461 0.00909016
 0.0210947 -0.0185451 0.00908977
 0.0210936 -0.0185441 0.00908938
 0.0210925 -0.0185432 0.00908898
 0.0210914 -0.0185422 0.00908859
 0.0210903 -0.0185412 0.00908821
 0.0210892 -0.0185403 0.00908782
 0.0210881 -0.0185393 0.00908744
 0.0210871 -0.0185384 0.00908705
  0.021086 -0.0185374 0.00908667
 0.0210849 -0.0185365 0.00908629
 0.0210839 -0.0185355 0.00908592
 0.0210828 -0.0185346 0.00908554
 0.0210818 -0.0185337 0.00908517
 0.0210807 -0.0185328 0.00908479
 0.0210797 -0.0185318 0.00908442
 0.0210786 -0.0185309 0.00908405
 0.0210776   -0.01853 0.00908368
 0.0210765 -0.0185291 0.00908332
 0.0210755 -0.0185282 0.00908295
 0.0210745 -0.0185273 0.00908259
 0.0210735 -0.0185264 0.00908223
 0.0210725 -0.0185255 0.00908187
 0.0210714 -0.0185246 0.00908151
 0.0210704 -0.0185237 0.00908115
 0.0210694 -0.0185228  0.0090808
 0.0210684 -0.0185219 0.00908044
 0.0210674  -0.018521 0.00908009
 0.0210664 -0.0185201 0.00907974
 0.0210654 -0.0185193 0.00907939
 0.0210645 -0.0185184 0.00907905
 0.0210635 -0.0185175  0.0090787
 0.0210625 -0.0185167 0.00907835
 0.0210615 -0.0185158 0.00907801
 0.0210605 -0.0185149 0.00907767
 0.0210596 -0.0185141 0.00907733
 0.0210586 -0.0185132 0.00907699
 0.0210577 -0.0185124 0.00907666
 0.0210567 -0.0185115 0.00907632
 0.0210557 -0.0185107 0.00907599
 0.0210548 -0.0185099 0.00907565
 0.0210538  -0.018509 0.00907532
 0.0210529 -0.0185082 0.00907499
  0.021052 -0.0185074 0.00907467
  0.021051 -0.0185065 0.00907434
 0.0210501 -0.0185057 0.00907401
 0.0210492 -0.0185049 0.00907369
 0.0210483 -0.0185041 0.00907337
 0.0210473 -0.0185033 0.00907305
 0.0210464 -0.0185025 0.00907273
 0.0210455 -0.0185017 0.00907241
 0.0210446 -0.0185009 0.00907209
 0.0210437 -0.0185001 0.00907178
 0.0210428 -0.0184993 0.00907146
 0.0210419 -0.0184985 0.00907115
  0.021041 -0.0184977 0.00907084
 0.0210401 -0.0184969 0.00907053
 0.0210392 -0.0184961 0.00907022
 0.0210383 -0.0184953 0.00906991
 0.0210374 -0.0184945 0.00906961
 0.0210366 -0.0184938  0.0090693
0.0210357 -0.018493  0.009069
 0.0210348 -0.0184922  0.0090687
 0.0210339 -0.0184915  0.0090684
 0.0210331 -0.0184907  0.0090681
 0.0210322 -0.0184899  0.0090678
 0.0210314 -0.0184892 0.00906751
 0.0210305 -0.0184884 0.00906721
 0.0210297 -0.0184877 0.00906692
 0.0210288 -0.0184869 0.00906663
  0.021028 -0.0184862 0.00906633
 0.0210271 -0.0184854 0.00906604
 0.0210263 -0.0184847 0.00906576
 0.0210254  -0.018484 0.00906547
 0.0210246 -0.0184832 0.00906518
 0.0210238 -0.0184825  0.0090649
  0.021023 -0.0184818 0.00906461
 0.0210221  -0.018481 0.00906433
 0.0210213 -0.0184803 0.00906405
 0.0210205 -0.0184796 0.00906377
 0.0210197 -0.0184789 0.00906349
 0.0210189 -0.0184782 0.00906322
 0.0210181 -0.0184775 0.00906294
 0.0210173 -0.0184767 0.00906267
 0.0210165  -0.018476 0.00906239
 0.0210157 -0.0184753 0.00906212
 0.0210149 -0.0184746 0.00906185
 0.0210141 -0.0184739 0.00906158
 0.0210133 -0.0184732 0.00906131
 0.0210125 -0.0184725 0.00906104
 0.0210117 -0.0184719 0.00906078
  0.021011 -0.0184712 0.00906051
 0.0210102 -0.0184705 0.00906025
 0.0210094 -0.0184698 0.00905999
 0.0210086 -0.0184691 0.00905972
 0.0210079 -0.0184685 0.00905946
 0.0210071 -0.0184678  0.0090592
 0.0210063 -0.0184671 0.00905895
 0.0210056 -0.0184664 0.00905869
 0.0210048 -0.0184658 0.00905843
 0.0210041 -0.0184651 0.00905818
 0.0210033 -0.0184644 0.00905793
 0.0210026 -0.0184638 0.00905767
 0.0210018 -0.0184631 0.00905742
 0.0210011 -0.0184625 0.00905717
 0.0210004 -0.0184618 0.00905692
 0.0209996 -0.0184612 0.00905668
 0.0209989 -0.0184605 0.00905643
 0.0209982 -0.0184599 0.00905618
 0.0209974 -0.0184593 0.00905594
 0.0209967 -0.0184586  0.0090557
  0.020996  -0.018458 0.00905545
 0.0209953 -0.0184573 0.00905521
 0.0209945 -0.0184567 0.00905497
 0.0209938 -0.0184561 0.00905473
 0.0209931 -0.0184555  0.0090545
 0.0209924 -0.0184548 0.00905426
 0.0209917 -0.0184542 0.00905402
  0.020991 -0.0184536 0.00905379
 0.0209903  -0.018453 0.00905356
 0.0209896 -0.0184524 0.00905332
 0.0209889 -0.0184518 0.00905309
 0.0209882 -0.0184511 0.00905286
 0.0209875 -0.0184505 0.00905263
 0.0209869 -0.0184499  0.0090524
 0.0209862 -0.0184493 0.00905218
 0.0209855 -0.0184487 0.00905195
 0.0209848 -0.0184481 0.00905172
 0.0209841 -0.0184475  0.0090515
 0.0209835  -0.018447 0.00905128
 0.0209828 -0.0184464 0.00905105
 0.0209821 -0.0184458 0.00905083
 0.0209815 -0.0184452 0.00905061
 0.0209808 -0.0184446 0.00905039
 0.0209801  -0.018444 0.00905017
 0.0209795 -0.0184434 0.00904996
 0.0209788 -0.0184429 0.00904974
 0.0209782 -0.0184423 0.00904953
 0.0209775 -0.0184417 0.00904931
 0.0209769 -0.0184412  0.0090491
 0.0209762 -0.0184406 0.00904889
 0.0209756   -0.01844 0.00904867
 0.0209749 -0.0184395 0.00904846
 0.0209743 -0.0184389 0.00904825
 0.0209737 -0.0184383 0.00904805
  0.020973 -0.0184378 0.00904784
 0.0209724 -0.0184372 0.00904763
 0.0209718 -0.0184367 0.00904743
 0.0209711 -0.0184361 0.00904722
 0.0209705 -0.0184356 0.00904702
 0.0209699  -0.018435 0.00904681
 0.0209693 -0.0184345 0.00904661
 0.0209687 -0.0184339 0.00904641
 0.0209681 -0.0184334 0.00904621
 0.0209674 -0.0184329 0.00904601
 0.0209668 -0.0184323 0.00904581
 0.0209662 -0.0184318 0.00904562
 0.0209656 -0.0184313 0.00904542
  0.020965 -0.0184307 0.00904522
 0.0209644 -0.0184302 0.00904503
 0.0209638 -0.0184297 0.00904483
 0.0209632 -0.0184292 0.00904464
 0.0209626 -0.0184286 0.00904445
  0.020962 -0.0184281 0.00904426
 0.0209615 -0.0184276 0.00904407
 0.0209609 -0.0184271 0.00904388
 0.0209603 -0.0184266 0.00904369
 0.0209597 -0.0184261  0.0090435
 0.0209591 -0.0184255 0.00904332
 0.0209586  -0.018425 0.00904313
  0.020958 -0.0184245 0.00904294
 0.0209574  -0.018424 0.00904276
 0.0209568 -0.0184235 0.00904258
 0.0209563  -0.018423 0.00904239
 0.0209557 -0.0184225 0.00904221
 0.0209551  -0.018422 0.00904203
 0.0209546 -0.0184215 0.00904185
  0.020954 -0.0184211 0.00904167
 0.0209535 -0.0184206 0.00904149
 0.0209529 -0.0184201 0.00904132
 0.0209523 -0.0184196 0.00904114
 0.0209518 -0.0184191 0.00904096
 0.0209512 -0.0184186 0.00904079
 0.0209507 -0.0184181 0.00904061
 0.0209502 -0.0184177 0.00904044
 0.0209496 -0.0184172 0.00904027
 0.0209491 -0.0184167 0.00904009
 0.0209485 -0.0184162 0.00903992
  0.020948 -0.0184158 0.00903975
 0.0209475 -0.0184153 0.00903958
 0.0209469 -0.0184148 0.00903942
 0.0209464 -0.0184144 0.00903925
 0.0209459 -0.0184139 0.00903908
 0.0209453 -0.0184134 0.00903891
 0.0209448  -0.018413 0.00903875
 0.0209443 -0.0184125 0.00903858
 0.0209438 -0.0184121 0.00903842
 0.0209433 -0.0184116 0.00903826
 0.0209427 -0.0184112 0.00903809
 0.0209422 -0.0184107 0.00903793
 0.0209417 -0.0184103 0.00903777
 0.0209412 -0.0184098 0.00903761
 0.0209407 -0.0184094 0.00903745
 0.0209402 -0.0184089 0.00903729
 0.0209397 -0.0184085 0.00903713
 0.0209392  -0.018408 0.00903698
 0.0209387 -0.0184076 0.00903682
 0.0209382 -0.0184072 0.00903666
 0.0209377 -0.0184067 0.00903651
 0.0209372 -0.0184063 0.00903635
 0.0209367 -0.0184059  0.0090362
 0.0209362 -0.0184054 0.00903605
 0.0209357  -0.018405 0.00903589
 0.0209352 -0.0184046 0.00903574
 0.0209347 -0.0184041 0.00903559
 0.0209343 -0.0184037 0.00903544
 0.0209338 -0.0184033 0.00903529
 0.0209333 -0.0184029 0.00903514
 0.0209328 -0.0184024   0.009035
 0.0209323  -0.018402 0.00903485
 0.0209319 -0.0184016  0.0090347
 0.0209314 -0.0184012 0.00903456
 0.0209309 -0.0184008 0.00903441
 0.0209305 -0.0184004 0.00903427
   0.02093    -0.0184 0.00903412
 0.0209295 -0.0183996 0.00903398
 0.0209291 -0.0183992 0.00903384
 0.0209286 -0.0183987 0.00903369
 0.0209281 -0.0183983 0.00903355
 0.0209277 -0.0183979 0.00903341
 0.0209272 -0.0183975 0.00903327
 0.0209268 -0.0183971 0.00903313
 0.0209263 -0.0183967 0.00903299
 0.0209259 -0.0183963 0.00903286
 0.0209254  -0.018396 0.00903272
  0.020925 -0.0183956 0.00903258
 0.0209245 -0.0183952 0.00903245
 0.0209241 -0.0183948 0.00903231
 0.0209236 -0.0183944 0.00903218
 0.0209232  -0.018394 0.00903204
 0.0209227 -0.0183936 0.00903191
 0.0209223 -0.0183932 0.00903178
 0.0209219 -0.0183929 0.00903164
 0.0209214 -0.0183925 0.00903151
  0.020921 -0.0183921 0.00903138
 0.0209206 -0.0183917 0.00903125
 0.0209201 -0.0183913 0.00903112
 0.0209197  -0.018391 0.00903099
 0.0209193 -0.0183906 0.00903086
 0.0209189 -0.0183902 0.00903074
 0.0209184 -0.0183898 0.00903061
  0.020918 -0.0183895 0.00903048
 0.0209176 -0.0183891 0.00903036
 0.0209172 -0.0183887 0.00903023
 0.0209168 -0.0183884 0.00903011
 0.0209163  -0.018388 0.00902998
 0.0209159 -0.0183877 0.00902986
 0.0209155 -0.0183873 0.00902974
 0.0209151 -0.0183869 0.00902961
 0.0209147 -0.0183866 0.00902949
 0.0209143 -0.0183862 0.00902937
 0.0209139 -0.0183859 0.00902925
 0.0209135 -0.0183855 0.00902913
 0.0209131 -0.0183852 0.00902901
 0.0209127 -0.0183848 0.00902889
 0.0209123 -0.0183845 0.00902877
 0.0209119 -0.0183841 0.00902866
 0.0209115 -0.0183838 0.00902854
 0.0209111 -0.0183834 0.00902842
 0.0209107 -0.0183831 0.00902831
 0.0209103 -0.0183827 0.00902819
 0.0209099 -0.0183824 0.00902808
 0.0209095 -0.0183821 0.00902796
 0.0209091 -0.0183817 0.00902785
 0.0209088 -0.0183814 0.00902773
 0.0209084  -0.018381 0.00902762
  0.020908 -0.0183807 0.00902751
 0.0209076 -0.0183804  0.0090274
 0.0209072   -0.01838 0.00902729
 0.0209068 -0.0183797 0.00902718
 0.0209065 -0.0183794 0.00902707
 0.0209061  -0.018379 0.00902696
 0.0209057 -0.0183787 0.00902685
 0.0209053 -0.0183784 0.00902674
  0.020905 -0.0183781 0.00902663
 0.0209046 -0.0183777 0.00902652
 0.0209042 -0.0183774 0.00902642
 0.0209039 -0.0183771 0.00902631
 0.0209035 -0.0183768  0.0090262
 0.0209031 -0.0183765  0.0090261
 0.0209028 -0.0183761 0.00902599
 0.0209024 -0.0183758 0.00902589
 0.0209021 -0.0183755 0.00902579
 0.0209017 -0.0183752 0.00902568
 0.0209013 -0.0183749 0.00902558
  0.020901 -0.0183746 0.00902548
 0.0209006 -0.0183743 0.00902538
 0.0209003  -0.018374 0.00902528
 0.0208999 -0.0183737 0.00902518
 0.0208996 -0.0183733 0.00902507
 0.0208992  -0.018373 0.00902498
 0.0208989 -0.0183727 0.00902488
 0.0208985 -0.0183724 0.00902478
 0.0208982 -0.0183721 0.00902468
 0.0208978 -0.0183718 0.00902458
 0.0208975 -0.0183715 0.00902448
 0.0208971 -0.0183712 0.00902439
 0.0208968 -0.0183709 0.00902429
 0.0208965 -0.0183706 0.00902419
 0.0208961 -0.0183703  0.0090241
 0.0208958 -0.0183701   0.009024
 0.0208955 -0.0183698 0.00902391
 0.0208951 -0.0183695 0.00902382
 0.0208948 -0.0183692 0.00902372
 0.0208945 -0.0183689 0.00902363
 0.0208941 -0.0183686 0.00902354
 0.0208938 -0.0183683 0.00902345
 0.0208935  -0.018368 0.00902335
 0.0208931 -0.0183677 0.00902326
 0.0208928 -0.0183675 0.00902317
 0.0208925 -0.0183672 0.00902308
 0.0208922 -0.0183669 0.00902299
 0.0208919 -0.0183666  0.0090229
 0.0208915 -0.0183663 0.00902281
 0.0208912 -0.0183661 0.00902272
 0.0208909 -0.0183658 0.00902264
 0.0208906 -0.0183655 0.00902255
 0.0208903 -0.0183652 0.00902246
   0.02089  -0.018365 0.00902238
 0.0208896 -0.0183647 0.00902229
 0.0208893 -0.0183644  0.0090222
  0.020889 -0.0183641 0.00902212
 0.0208887 -0.0183639 0.00902203
 0.0208884 -0.0183636 0.00902195
 0.0208881 -0.0183633 0.00902186
 0.0208878 -0.0183631 0.00902178
 0.0208875 -0.0183628  0.0090217
 0.0208872 -0.0183625 0.00902161
 0.0208869 -0.0183623 0.00902153
 0.0208866  -0.018362 0.00902145
 0.0208863 -0.0183618 0.00902137
  0.020886 -0.0183615 0.00902129
 0.0208857 -0.0183612 0.00902121
 0.0208854  -0.018361 0.00902113
 0.0208851 -0.0183607 0.00902105
 0.0208848 -0.0183605 0.00902097
 0.0208845 -0.0183602 0.00902089
 0.0208842 -0.0183599 0.00902081
 0.0208839 -0.0183597 0.00902073
 0.0208836 -0.0183594 0.00902065
 0.0208833 -0.0183592 0.00902057
  0.020883 -0.0183589  0.0090205
 0.0208828 -0.0183587 0.00902042
 0.0208825 -0.0183584 0.00902034
 0.0208822 -0.0183582 0.00902027
 0.0208819 -0.0183579 0.00902019
 0.0208816 -0.0183577 0.00902012
 0.0208813 -0.0183575 0.00902004
 0.0208811 -0.0183572 0.00901997
 0.0208808  -0.018357 0.00901989
 0.0208805 -0.0183567 0.00901982
 0.0208802 -0.0183565 0.00901975
   0.02088 -0.0183562 0.00901967
0.0208797 -0.018356 0.0090196
 0.0208794 -0.0183558 0.00901953
 0.0208791 -0.0183555 0.00901946
 0.0208789 -0.0183553 0.00901939
 0.0208786 -0.0183551 0.00901932
 0.0208783 -0.0183548 0.00901924
 0.0208781 -0.0183546 0.00901917
 0.0208778 -0.0183544  0.0090191
 0.0208775 -0.0183541 0.00901903
 0.0208773 -0.0183539 0.00901897
  0.020877 -0.0183537  0.0090189
 0.0208767 -0.0183534 0.00901883
 0.0208765 -0.0183532 0.00901876
 0.0208762  -0.018353 0.00901869
 0.0208759 -0.0183528 0.00901863
 0.0208757 -0.0183525 0.00901856
 0.0208754 -0.0183523 0.00901849
 0.0208752 -0.0183521 0.00901843
 0.0208749 -0.0183519 0.00901836
 0.0208747 -0.0183516 0.00901829
 0.0208744 -0.0183514 0.00901823
 0.0208741 -0.0183512 0.00901816
0.0208739 -0.018351 0.0090181
 0.0208736 -0.0183508 0.00901803
 0.0208734 -0.0183505 0.00901797
 0.0208731 -0.0183503 0.00901791
 0.0208729 -0.0183501 0.00901784
 0.0208726 -0.0183499 0.00901778
 0.0208724 -0.0183497 0.00901772
 0.0208721 -0.0183495 0.00901766
 0.0208719 -0.0183492 0.00901759
 0.0208717  -0.018349 0.00901753
 0.0208714 -0.0183488 0.00901747
 0.0208712 -0.0183486 0.00901741
 0.0208709 -0.0183484 0.00901735
 0.0208707 -0.0183482 0.00901729
 0.0208705  -0.018348 0.00901723
 0.0208702 -0.0183478 0.00901717
   0.02087 -0.0183476 0.00901711
 0.0208697 -0.0183474 0.00901705
 0.0208695 -0.0183472 0.00901699
 0.0208693  -0.018347 0.00901693
  0.020869 -0.0183468 0.00901688
 0.0208688 -0.0183466 0.00901682
 0.0208686 -0.0183464 0.00901676
 0.0208683 -0.0183462  0.0090167
 0.0208681  -0.018346 0.00901665
 0.0208679 -0.0183458 0.00901659
 0.0208676 -0.0183456 0.00901653
 0.0208674 -0.0183454 0.00901648
 0.0208672 -0.0183452 0.00901642
  0.020867  -0.018345 0.00901637
 0.0208667 -0.0183448 0.00901631
 0.0208665 -0.0183446 0.00901626
 0.0208663 -0.0183444  0.0090162
 0.0208661 -0.0183442 0.00901615
 0.0208658  -0.018344 0.00901609
 0.0208656 -0.0183438 0.00901604
 0.0208654 -0.0183436 0.00901599
 0.0208652 -0.0183434 0.00901593
  0.020865 -0.0183432 0.00901588
 0.0208647  -0.018343 0.00901583
 0.0208645 -0.0183429 0.00901578
 0.0208643 -0.0183427 0.00901573
 0.0208641 -0.0183425 0.00901567
 0.0208639 -0.0183423 0.00901562
 0.0208637 -0.0183421 0.00901557
 0.0208635 -0.0183419 0.00901552
 0.0208632 -0.0183417 0.00901547
  0.020863 -0.0183416 0.00901542
 0.0208628 -0.0183414 0.00901537
 0.0208626 -0.0183412 0.00901532
 0.0208624  -0.018341 0.00901527
 0.0208622 -0.0183408 0.00901522
  0.020862 -0.0183407 0.00901517
 0.0208618 -0.0183405 0.00901513
 0.0208616 -0.0183403 0.00901508
 0.0208614 -0.0183401 0.00901503
 0.0208612 -0.0183399 0.00901498
  0.020861 -0.0183398 0.00901493
 0.0208608 -0.0183396 0.00901489
 0.0208606 -0.0183394 0.00901484
 0.0208604 -0.0183392 0.00901479
 0.0208602 -0.0183391 0.00901475
   0.02086 -0.0183389  0.0090147
 0.0208598 -0.0183387 0.00901466
 0.0208596 -0.0183385 0.00901461
 0.0208594 -0.0183384 0.00901456
 0.0208592 -0.0183382 0.00901452
  0.020859  -0.018338 0.00901448
 0.0208588 -0.0183379 0.00901443
 0.0208586 -0.0183377 0.00901439
 0.0208584 -0.0183375 0.00901434
 0.0208582 -0.0183374  0.0090143
  0.020858 -0.0183372 0.00901425
 0.0208578  -0.018337 0.00901421
 0.0208576 -0.0183369 0.00901417
 0.0208574 -0.0183367 0.00901413
 0.0208572 -0.0183365 0.00901408
 0.0208571 -0.0183364 0.00901404
 0.0208569 -0.0183362   0.009014
 0.0208567 -0.0183361 0.00901396
 0.0208565 -0.0183359 0.00901392
 0.0208563 -0.0183357 0.00901387
 0.0208561 -0.0183356 0.00901383
 0.0208559 -0.0183354 0.00901379
 0.0208557 -0.0183353 0.00901375
 0.0208556 -0.0183351 0.00901371
 0.0208554 -0.0183349 0.00901367
 0.0208552 -0.0183348 0.00901363
  0.020855 -0.0183346 0.00901359
 0.0208548 -0.0183345 0.00901355
 0.0208547 -0.0183343 0.00901351
 0.0208545 -0.0183342 0.00901347
 0.0208543  -0.018334 0.00901343
 0.0208541 -0.0183339  0.0090134
  0.020854 -0.0183337 0.00901336
 0.0208538 -0.0183336 0.00901332
 0.0208536 -0.0183334 0.00901328
 0.0208534 -0.0183332 0.00901324
 0.0208533 -0.0183331 0.00901321
 0.0208531 -0.0183329 0.00901317
 0.0208529 -0.0183328 0.00901313
 0.0208527 -0.0183327  0.0090131
 0.0208526 -0.0183325 0.00901306
 0.0208524 -0.0183324 0.00901302
 0.0208522 -0.0183322 0.00901299
  0.020852 -0.0183321 0.00901295
 0.0208519 -0.0183319 0.00901292
 0.0208517 -0.0183318 0.00901288
 0.0208515 -0.0183316 0.00901284
 0.0208514 -0.0183315 0.00901281
 0.0208512 -0.0183313 0.00901277
  0.020851 -0.0183312 0.00901274
 0.0208509 -0.0183311 0.00901271
 0.0208507 -0.0183309 0.00901267
 0.0208506 -0.0183308 0.00901264
 0.0208504 -0.0183306  0.0090126
 0.0208502 -0.0183305 0.00901257
 0.0208501 -0.0183304 0.00901254
 0.0208499 -0.0183302  0.0090125
 0.0208497 -0.0183301 0.00901247
 0.0208496 -0.0183299 0.00901244
 0.0208494 -0.0183298 0.00901241
 0.0208493 -0.0183297 0.00901237
 0.0208491 -0.0183295 0.00901234
 0.0208489 -0.0183294 0.00901231
 0.0208488 -0.0183293 0.00901228
 0.0208486 -0.0183291 0.00901225
 0.0208485  -0.018329 0.00901221
 0.0208483 -0.0183289 0.00901218
 0.0208482 -0.0183287 0.00901215
  0.020848 -0.0183286 0.00901212
 0.0208479 -0.0183285 0.00901209
 0.0208477 -0.0183283 0.00901206
 0.0208476 -0.0183282 0.00901203
 0.0208474 -0.0183281   0.009012
 0.0208472 -0.0183279 0.00901197
 0.0208471 -0.0183278 0.00901194
 0.0208469 -0.0183277 0.00901191
 0.0208468 -0.0183275 0.00901188
 0.0208467 -0.0183274 0.00901185
 0.0208465 -0.0183273 0.00901182
 0.0208464 -0.0183272 0.00901179
 0.0208462  -0.018327 0.00901177
 0.0208461 -0.0183269 0.00901174
 0.0208459 -0.0183268 0.00901171
 0.0208458 -0.0183267 0.00901168
 0.0208456 -0.0183265 0.00901165
 0.0208455 -0.0183264 0.00901162
 0.0208453 -0.0183263  0.0090116
 0.0208452 -0.0183262 0.00901157
  0.020845  -0.018326 0.00901154
 0.0208449 -0.0183259 0.00901152
 0.0208448 -0.0183258 0.00901149
 0.0208446 -0.0183257 0.00901146
 0.0208445 -0.0183255 0.00901144
 0.0208443 -0.0183254 0.00901141
 0.0208442 -0.0183253 0.00901138
 0.0208441 -0.0183252 0.00901136
 0.0208439 -0.0183251 0.00901133
 0.0208438  -0.018325 0.00901131
 0.0208436 -0.0183248 0.00901128
 0.0208435 -0.0183247 0.00901126
 0.0208434 -0.0183246 0.00901123
 0.0208432 -0.0183245 0.00901121
 0.0208431 -0.0183244 0.00901118
  0.020843 -0.0183242 0.00901116
