  0.367254 -0.0205072    1.98092   0.251575  -0.322461    1.90883   -1.36042
  0.372275 -0.0160253    1.98091   0.252762  -0.321049    1.91064   -1.35737
  0.375746 -0.0129641    1.98098    0.25331  -0.320021    1.91157   -1.35537
  0.378204 -0.0108801    1.98107   0.253485  -0.319283    1.91198   -1.35408
  0.379992 -0.0094669    1.98115   0.253445   -0.31876     1.9121   -1.35325
   0.381331 -0.00851338     1.98122    0.253284   -0.318394     1.91205    -1.35274
   0.382365 -0.00787461     1.98128    0.253055   -0.318142     1.91193    -1.35243
   0.383186 -0.00745121     1.98131     0.25279   -0.317973     1.91177    -1.35226
   0.383856 -0.00717512     1.98134    0.252507   -0.317863     1.91161    -1.35218
  0.384416 -0.0069998    1.98135   0.252217  -0.317793    1.91146   -1.35216
   0.384894 -0.00689339     1.98136    0.251923   -0.317753     1.91132    -1.35218
    0.38531 -0.00683415     1.98136    0.251631   -0.317733     1.91121    -1.35222
   0.385678 -0.00680721     1.98135     0.25134   -0.317727     1.91113    -1.35227
   0.386006 -0.00680244     1.98135    0.251053   -0.317731     1.91106    -1.35233
   0.386303 -0.00681289     1.98134    0.250768   -0.317741     1.91102     -1.3524
   0.386574 -0.00683385     1.98133    0.250487   -0.317756       1.911    -1.35247
   0.386823 -0.00686207     1.98133    0.250208   -0.317773       1.911    -1.35254
   0.387053 -0.00689536     1.98132    0.249932   -0.317792     1.91101    -1.35261
  0.387268 -0.0069322    1.98132   0.249658  -0.317812    1.91104   -1.35268
   0.387469 -0.00697156     1.98131    0.249386   -0.317833     1.91108    -1.35275
   0.387658 -0.00701273     1.98131    0.249116   -0.317854     1.91113    -1.35281
   0.387837 -0.00705522      1.9813    0.248848   -0.317875     1.91119    -1.35287
   0.388008 -0.00709869      1.9813    0.248582   -0.317897     1.91126    -1.35293
    0.38817 -0.00714291      1.9813    0.248317   -0.317917     1.91133    -1.35299
   0.388326 -0.00718771     1.98129    0.248054   -0.317938     1.91142    -1.35305
   0.388476 -0.00723297     1.98129    0.247792   -0.317959     1.91151    -1.35311
    0.38862 -0.00727861     1.98129    0.247531   -0.317979      1.9116    -1.35316
    0.38876 -0.00732455     1.98129    0.247271   -0.317999      1.9117    -1.35321
   0.388896 -0.00737076     1.98129    0.247013   -0.318019     1.91181    -1.35327
   0.389028 -0.00741718     1.98129    0.246755   -0.318039     1.91191    -1.35332
  0.389157 -0.0074638     1.9813   0.246498  -0.318058    1.91202   -1.35337
   0.389283 -0.00751058      1.9813    0.246242   -0.318078     1.91213    -1.35342
   0.389407 -0.00755749      1.9813    0.245987   -0.318097     1.91225    -1.35346
   0.389528 -0.00760453      1.9813    0.245733   -0.318116     1.91236    -1.35351
   0.389647 -0.00765167      1.9813     0.24548   -0.318135     1.91248    -1.35356
  0.389765 -0.0076989    1.98131   0.245228  -0.318153     1.9126    -1.3536
  0.389881 -0.0077462    1.98131   0.244976  -0.318172    1.91272   -1.35365
   0.389995 -0.00779355     1.98131    0.244725   -0.318191     1.91284    -1.35369
   0.390108 -0.00784095     1.98131    0.244475   -0.318209     1.91296    -1.35374
   0.390221 -0.00788838     1.98132    0.244225   -0.318227     1.91308    -1.35378
   0.390332 -0.00793583     1.98132    0.243976   -0.318246      1.9132    -1.35382
   0.390442 -0.00798329     1.98132    0.243728   -0.318264     1.91333    -1.35387
   0.390551 -0.00803076     1.98133    0.243481   -0.318282     1.91345    -1.35391
   0.390659 -0.00807821     1.98133    0.243234     -0.3183     1.91358    -1.35395
   0.390767 -0.00812565     1.98134    0.242988   -0.318318      1.9137    -1.35399
   0.390874 -0.00817307     1.98134    0.242742   -0.318336     1.91382    -1.35403
    0.39098 -0.00822046     1.98134    0.242497   -0.318354     1.91395    -1.35407
   0.391086 -0.00826781     1.98135    0.242253   -0.318371     1.91407    -1.35412
   0.391191 -0.00831512     1.98135    0.242009   -0.318389      1.9142    -1.35416
   0.391296 -0.00836237     1.98135    0.241766   -0.318407     1.91432     -1.3542
   0.391401 -0.00840958     1.98136    0.241524   -0.318425     1.91444    -1.35424
   0.391505 -0.00845672     1.98136    0.241282   -0.318442     1.91457    -1.35428
  0.391608 -0.0085038    1.98137   0.241041   -0.31846    1.91469   -1.35432
   0.391711 -0.00855082     1.98137      0.2408   -0.318477     1.91482    -1.35436
   0.391814 -0.00859776     1.98137     0.24056   -0.318495     1.91494     -1.3544
   0.391916 -0.00864463     1.98138    0.240321   -0.318512     1.91506    -1.35444
   0.392018 -0.00869142     1.98138    0.240082    -0.31853     1.91519    -1.35447
    0.39212 -0.00873813     1.98139    0.239844   -0.318547     1.91531    -1.35451
   0.392221 -0.00878476     1.98139    0.239606   -0.318564     1.91543    -1.35455
  0.392322 -0.0088313    1.98139   0.239369  -0.318582    1.91556   -1.35459
   0.392423 -0.00887776      1.9814    0.239132   -0.318599     1.91568    -1.35463
   0.392524 -0.00892412      1.9814    0.238896   -0.318616      1.9158    -1.35467
   0.392624 -0.00897039     1.98141    0.238661   -0.318634     1.91592    -1.35471
   0.392724 -0.00901657     1.98141    0.238426   -0.318651     1.91604    -1.35474
   0.392823 -0.00906266     1.98142    0.238192   -0.318668     1.91616    -1.35478
   0.392923 -0.00910865     1.98142    0.237958   -0.318685     1.91629    -1.35482
   0.393022 -0.00915454     1.98142    0.237725   -0.318702     1.91641    -1.35486
   0.393121 -0.00920034     1.98143    0.237493   -0.318719     1.91653     -1.3549
   0.393219 -0.00924604     1.98143    0.237261   -0.318736     1.91665    -1.35493
   0.393318 -0.00929163     1.98144     0.23703   -0.318753     1.91677    -1.35497
   0.393416 -0.00933713     1.98144    0.236799    -0.31877     1.91689    -1.35501
   0.393513 -0.00938253     1.98144    0.236568   -0.318787     1.91701    -1.35505
   0.393611 -0.00942782     1.98145    0.236339   -0.318804     1.91713    -1.35508
   0.393708 -0.00947302     1.98145     0.23611   -0.318821     1.91724    -1.35512
   0.393805 -0.00951811     1.98146    0.235881   -0.318838     1.91736    -1.35516
   0.393902 -0.00956309     1.98146    0.235653   -0.318855     1.91748    -1.35519
   0.393999 -0.00960798     1.98147    0.235425   -0.318872      1.9176    -1.35523
   0.394095 -0.00965276     1.98147    0.235198   -0.318889     1.91772    -1.35527
   0.394191 -0.00969743     1.98147    0.234972   -0.318905     1.91783     -1.3553
   0.394287 -0.00974201     1.98148    0.234746   -0.318922     1.91795    -1.35534
   0.394383 -0.00978648     1.98148    0.234521   -0.318939     1.91807    -1.35538
   0.394478 -0.00983084     1.98149    0.234296   -0.318956     1.91819    -1.35541
  0.394573 -0.0098751    1.98149   0.234072  -0.318972     1.9183   -1.35545
   0.394668 -0.00991926     1.98149    0.233848   -0.318989     1.91842    -1.35549
   0.394763 -0.00996331      1.9815    0.233625   -0.319006     1.91853    -1.35552
  0.394858 -0.0100073     1.9815   0.233402  -0.319022    1.91865   -1.35556
  0.394952 -0.0100511    1.98151    0.23318  -0.319039    1.91876   -1.35559
  0.395046 -0.0100948    1.98151   0.232959  -0.319055    1.91888   -1.35563
   0.39514 -0.0101385    1.98151   0.232738  -0.319072    1.91899   -1.35567
 0.395233 -0.010182   1.98152  0.232517 -0.319088   1.91911   -1.3557
  0.395327 -0.0102254    1.98152   0.232297  -0.319105    1.91922   -1.35574
   0.39542 -0.0102688    1.98153   0.232078  -0.319121    1.91934   -1.35577
 0.395513 -0.010312   1.98153  0.231859 -0.319138   1.91945  -1.35581
  0.395605 -0.0103551    1.98154    0.23164  -0.319154    1.91956   -1.35584
  0.395698 -0.0103981    1.98154   0.231422  -0.319171    1.91968   -1.35588
  0.39579 -0.010441   1.98154  0.231205 -0.319187   1.91979  -1.35591
  0.395882 -0.0104839    1.98155   0.230988  -0.319203     1.9199   -1.35595
  0.395974 -0.0105266    1.98155   0.230772   -0.31922    1.92001   -1.35598
  0.396065 -0.0105692    1.98156   0.230556  -0.319236    1.92013   -1.35602
  0.396157 -0.0106117    1.98156   0.230341  -0.319252    1.92024   -1.35605
  0.396248 -0.0106541    1.98156   0.230126  -0.319268    1.92035   -1.35609
  0.396339 -0.0106964    1.98157   0.229912  -0.319285    1.92046   -1.35612
  0.396429 -0.0107386    1.98157   0.229698  -0.319301    1.92057   -1.35616
   0.39652 -0.0107807    1.98158   0.229485  -0.319317    1.92068   -1.35619
   0.39661 -0.0108227    1.98158   0.229272  -0.319333    1.92079   -1.35623
    0.3967 -0.0108646    1.98158    0.22906  -0.319349     1.9209   -1.35626
   0.39679 -0.0109064    1.98159   0.228848  -0.319365    1.92101    -1.3563
   0.39688 -0.0109481    1.98159   0.228637  -0.319381    1.92112   -1.35633
  0.396969 -0.0109896     1.9816   0.228426  -0.319398    1.92123   -1.35636
  0.397058 -0.0110311     1.9816   0.228216  -0.319414    1.92134    -1.3564
  0.397147 -0.0110725     1.9816   0.228006   -0.31943    1.92145   -1.35643
  0.397236 -0.0111138    1.98161   0.227797  -0.319446    1.92156   -1.35647
 0.397325 -0.011155   1.98161  0.227588 -0.319462   1.92166   -1.3565
  0.397413 -0.0111961    1.98162    0.22738  -0.319477    1.92177   -1.35653
  0.397501 -0.0112371    1.98162   0.227172  -0.319493    1.92188   -1.35657
 0.397589 -0.011278   1.98162  0.226965 -0.319509   1.92199   -1.3566
  0.397677 -0.0113188    1.98163   0.226759  -0.319525    1.92209   -1.35663
  0.397764 -0.0113595    1.98163   0.226552  -0.319541     1.9222   -1.35667
  0.397852 -0.0114001    1.98164   0.226347  -0.319557    1.92231    -1.3567
  0.397939 -0.0114406    1.98164   0.226141  -0.319573    1.92241   -1.35673
 0.398026 -0.011481   1.98164  0.225937 -0.319588   1.92252  -1.35677
  0.398112 -0.0115214    1.98165   0.225732  -0.319604    1.92263    -1.3568
  0.398199 -0.0115616    1.98165   0.225528   -0.31962    1.92273   -1.35683
  0.398285 -0.0116017    1.98166   0.225325  -0.319636    1.92284   -1.35687
  0.398371 -0.0116417    1.98166   0.225122  -0.319651    1.92294    -1.3569
  0.398457 -0.0116817    1.98166    0.22492  -0.319667    1.92305   -1.35693
  0.398543 -0.0117215    1.98167   0.224718  -0.319683    1.92315   -1.35696
  0.398628 -0.0117612    1.98167   0.224517  -0.319698    1.92326     -1.357
  0.398713 -0.0118009    1.98168   0.224316  -0.319714    1.92336   -1.35703
  0.398798 -0.0118404    1.98168   0.224115  -0.319729    1.92346   -1.35706
  0.398883 -0.0118799    1.98168   0.223915  -0.319745    1.92357    -1.3571
  0.398968 -0.0119192    1.98169   0.223716   -0.31976    1.92367   -1.35713
  0.399052 -0.0119585    1.98169   0.223517  -0.319776    1.92377   -1.35716
  0.399137 -0.0119976     1.9817   0.223318  -0.319791    1.92388   -1.35719
  0.399221 -0.0120367     1.9817    0.22312  -0.319807    1.92398   -1.35722
  0.399305 -0.0120757     1.9817   0.222923  -0.319822    1.92408   -1.35726
  0.399388 -0.0121146    1.98171   0.222726  -0.319838    1.92418   -1.35729
  0.399472 -0.0121534    1.98171   0.222529  -0.319853    1.92429   -1.35732
  0.399555 -0.0121921    1.98171   0.222333  -0.319868    1.92439   -1.35735
  0.399638 -0.0122307    1.98172   0.222137  -0.319884    1.92449   -1.35738
  0.399721 -0.0122692    1.98172   0.221942  -0.319899    1.92459   -1.35742
  0.399804 -0.0123076    1.98173   0.221747  -0.319914    1.92469   -1.35745
 0.399886 -0.012346   1.98173  0.221553  -0.31993   1.92479  -1.35748
  0.399968 -0.0123842    1.98173   0.221359  -0.319945    1.92489   -1.35751
   0.40005 -0.0124224    1.98174   0.221165   -0.31996    1.92499   -1.35754
  0.400132 -0.0124604    1.98174   0.220972  -0.319975    1.92509   -1.35757
  0.400214 -0.0124984    1.98175    0.22078  -0.319991    1.92519    -1.3576
  0.400295 -0.0125363    1.98175   0.220588  -0.320006    1.92529   -1.35764
 0.400377 -0.012574   1.98175  0.220396 -0.320021   1.92539  -1.35767
  0.400458 -0.0126117    1.98176   0.220205  -0.320036    1.92549    -1.3577
  0.400539 -0.0126493    1.98176   0.220014  -0.320051    1.92559   -1.35773
   0.40062 -0.0126869    1.98177   0.219824  -0.320066    1.92569   -1.35776
    0.4007 -0.0127243    1.98177   0.219634  -0.320081    1.92579   -1.35779
   0.40078 -0.0127616    1.98177   0.219445  -0.320096    1.92588   -1.35782
  0.400861 -0.0127989    1.98178   0.219256  -0.320111    1.92598   -1.35785
 0.400941 -0.012836   1.98178  0.219068 -0.320127   1.92608  -1.35788
   0.40102 -0.0128731    1.98179    0.21888  -0.320141    1.92618   -1.35791
    0.4011 -0.0129101    1.98179   0.218692  -0.320156    1.92627   -1.35794
 0.401179 -0.012947   1.98179  0.218505 -0.320171   1.92637  -1.35797
  0.401259 -0.0129838     1.9818   0.218318  -0.320186    1.92647     -1.358
  0.401338 -0.0130205     1.9818   0.218132  -0.320201    1.92656   -1.35804
  0.401417 -0.0130571     1.9818   0.217946  -0.320216    1.92666   -1.35807
  0.401495 -0.0130937    1.98181   0.217761  -0.320231    1.92676    -1.3581
  0.401574 -0.0131301    1.98181   0.217576  -0.320246    1.92685   -1.35813
  0.401652 -0.0131665    1.98182   0.217391  -0.320261    1.92695   -1.35816
   0.40173 -0.0132028    1.98182   0.217207  -0.320275    1.92704   -1.35819
 0.401808 -0.013239   1.98182  0.217024  -0.32029   1.92714  -1.35822
  0.401886 -0.0132751    1.98183    0.21684  -0.320305    1.92723   -1.35825
  0.401963 -0.0133111    1.98183   0.216658   -0.32032    1.92733   -1.35828
 0.402041 -0.013347   1.98184  0.216475 -0.320334   1.92742  -1.35831
  0.402118 -0.0133829    1.98184   0.216293  -0.320349    1.92752   -1.35833
  0.402195 -0.0134186    1.98184   0.216112  -0.320364    1.92761   -1.35836
  0.402272 -0.0134543    1.98185   0.215931  -0.320378     1.9277   -1.35839
  0.402348 -0.0134899    1.98185    0.21575  -0.320393     1.9278   -1.35842
  0.402425 -0.0135254    1.98185    0.21557  -0.320408    1.92789   -1.35845
  0.402501 -0.0135608    1.98186    0.21539  -0.320422    1.92798   -1.35848
  0.402577 -0.0135962    1.98186   0.215211  -0.320437    1.92808   -1.35851
  0.402653 -0.0136314    1.98187   0.215032  -0.320451    1.92817   -1.35854
  0.402729 -0.0136666    1.98187   0.214853  -0.320466    1.92826   -1.35857
  0.402805 -0.0137017    1.98187   0.214675   -0.32048    1.92835    -1.3586
   0.40288 -0.0137367    1.98188   0.214498  -0.320495    1.92844   -1.35863
  0.402955 -0.0137716    1.98188    0.21432  -0.320509    1.92854   -1.35866
   0.40303 -0.0138065    1.98188   0.214143  -0.320524    1.92863   -1.35869
  0.403105 -0.0138412    1.98189   0.213967  -0.320538    1.92872   -1.35871
   0.40318 -0.0138759    1.98189   0.213791  -0.320553    1.92881   -1.35874
  0.403254 -0.0139105     1.9819   0.213615  -0.320567     1.9289   -1.35877
 0.403329 -0.013945    1.9819   0.21344 -0.320581   1.92899   -1.3588
  0.403403 -0.0139794     1.9819   0.213265  -0.320596    1.92908   -1.35883
  0.403477 -0.0140138    1.98191   0.213091   -0.32061    1.92917   -1.35886
 0.403551 -0.014048   1.98191  0.212917 -0.320624   1.92926  -1.35889
  0.403625 -0.0140822    1.98192   0.212744  -0.320639    1.92935   -1.35891
  0.403698 -0.0141163    1.98192    0.21257  -0.320653    1.92944   -1.35894
  0.403771 -0.0141503    1.98192   0.212398  -0.320667    1.92953   -1.35897
  0.403845 -0.0141843    1.98193   0.212225  -0.320681    1.92962     -1.359
  0.403917 -0.0142181    1.98193   0.212053  -0.320696    1.92971   -1.35903
   0.40399 -0.0142519    1.98193   0.211882   -0.32071     1.9298   -1.35905
  0.404063 -0.0142856    1.98194   0.211711  -0.320724    1.92989   -1.35908
  0.404135 -0.0143192    1.98194    0.21154  -0.320738    1.92997   -1.35911
  0.404208 -0.0143528    1.98195    0.21137  -0.320752    1.93006   -1.35914
   0.40428 -0.0143862    1.98195     0.2112  -0.320766    1.93015   -1.35917
  0.404352 -0.0144196    1.98195    0.21103   -0.32078    1.93024   -1.35919
  0.404424 -0.0144529    1.98196   0.210861  -0.320794    1.93033   -1.35922
  0.404495 -0.0144861    1.98196   0.210692  -0.320808    1.93041   -1.35925
  0.404567 -0.0145193    1.98196   0.210524  -0.320823     1.9305   -1.35928
  0.404638 -0.0145523    1.98197   0.210356  -0.320837    1.93059    -1.3593
  0.404709 -0.0145853    1.98197   0.210188  -0.320851    1.93067   -1.35933
   0.40478 -0.0146182    1.98198   0.210021  -0.320864    1.93076   -1.35936
 0.404851 -0.014651   1.98198  0.209854 -0.320878   1.93085  -1.35939
  0.404921 -0.0146838    1.98198   0.209688  -0.320892    1.93093   -1.35941
  0.404992 -0.0147165    1.98199   0.209522  -0.320906    1.93102   -1.35944
  0.405062 -0.0147491    1.98199   0.209356   -0.32092     1.9311   -1.35947
  0.405132 -0.0147816    1.98199   0.209191  -0.320934    1.93119   -1.35949
 0.405202 -0.014814     1.982  0.209026 -0.320948   1.93127  -1.35952
  0.405272 -0.0148464      1.982   0.208862  -0.320962    1.93136   -1.35955
  0.405342 -0.0148787    1.98201   0.208698  -0.320976    1.93144   -1.35957
  0.405411 -0.0149109    1.98201   0.208534  -0.320989    1.93153    -1.3596
 0.405481 -0.014943   1.98201  0.208371 -0.321003   1.93161  -1.35963
   0.40555 -0.0149751    1.98202   0.208208  -0.321017     1.9317   -1.35965
 0.405619 -0.015007   1.98202  0.208045 -0.321031   1.93178  -1.35968
 0.405688 -0.015039   1.98203  0.207883 -0.321044   1.93187  -1.35971
  0.405756 -0.0150708    1.98203   0.207721  -0.321058    1.93195   -1.35973
  0.405825 -0.0151025    1.98203    0.20756  -0.321072    1.93203   -1.35976
  0.405893 -0.0151342    1.98204   0.207399  -0.321086    1.93212   -1.35979
  0.405961 -0.0151658    1.98204   0.207238  -0.321099     1.9322   -1.35981
  0.406029 -0.0151974    1.98204   0.207078  -0.321113    1.93228   -1.35984
  0.406097 -0.0152288    1.98205   0.206918  -0.321126    1.93236   -1.35987
  0.406165 -0.0152602    1.98205   0.206758   -0.32114    1.93245   -1.35989
  0.406233 -0.0152915    1.98206   0.206599  -0.321154    1.93253   -1.35992
    0.4063 -0.0153227    1.98206    0.20644  -0.321167    1.93261   -1.35994
  0.406367 -0.0153539    1.98206   0.206282  -0.321181    1.93269   -1.35997
 0.406434 -0.015385   1.98207  0.206124 -0.321194   1.93278     -1.36
 0.406501 -0.015416   1.98207  0.205966 -0.321208   1.93286  -1.36002
  0.406568 -0.0154469    1.98207   0.205809  -0.321221    1.93294   -1.36005
  0.406635 -0.0154778    1.98208   0.205652  -0.321235    1.93302   -1.36007
  0.406701 -0.0155086    1.98208   0.205495  -0.321248     1.9331    -1.3601
  0.406768 -0.0155393    1.98209   0.205339  -0.321262    1.93318   -1.36012
  0.406834 -0.0155699    1.98209   0.205183  -0.321275    1.93326   -1.36015
    0.4069 -0.0156005    1.98209   0.205027  -0.321288    1.93334   -1.36018
 0.406966 -0.015631    1.9821  0.204872 -0.321302   1.93342   -1.3602
  0.407031 -0.0156615     1.9821   0.204717  -0.321315     1.9335   -1.36023
  0.407097 -0.0156918     1.9821   0.204563  -0.321328    1.93358   -1.36025
  0.407162 -0.0157221    1.98211   0.204409  -0.321342    1.93366   -1.36028
  0.407228 -0.0157523    1.98211   0.204255  -0.321355    1.93374    -1.3603
  0.407293 -0.0157825    1.98212   0.204102  -0.321368    1.93382   -1.36033
  0.407358 -0.0158125    1.98212   0.203949  -0.321382     1.9339   -1.36035
  0.407422 -0.0158425    1.98212   0.203796  -0.321395    1.93398   -1.36038
  0.407487 -0.0158725    1.98213   0.203644  -0.321408    1.93406    -1.3604
  0.407552 -0.0159023    1.98213   0.203492  -0.321421    1.93414   -1.36043
  0.407616 -0.0159321    1.98213    0.20334  -0.321435    1.93421   -1.36045
   0.40768 -0.0159618    1.98214   0.203189  -0.321448    1.93429   -1.36048
  0.407744 -0.0159915    1.98214   0.203038  -0.321461    1.93437    -1.3605
 0.407808 -0.016021   1.98214  0.202888 -0.321474   1.93445  -1.36053
  0.407872 -0.0160506    1.98215   0.202737  -0.321487    1.93453   -1.36055
0.407935 -0.01608  1.98215 0.202588  -0.3215   1.9346 -1.36058
  0.407999 -0.0161094    1.98216   0.202438  -0.321513    1.93468    -1.3606
  0.408062 -0.0161387    1.98216   0.202289  -0.321527    1.93476   -1.36062
  0.408125 -0.0161679    1.98216    0.20214   -0.32154    1.93483   -1.36065
 0.408188 -0.016197   1.98217  0.201992 -0.321553   1.93491  -1.36067
  0.408251 -0.0162261    1.98217   0.201844  -0.321566    1.93499    -1.3607
  0.408314 -0.0162552    1.98217   0.201696  -0.321579    1.93506   -1.36072
  0.408377 -0.0162841    1.98218   0.201548  -0.321592    1.93514   -1.36075
 0.408439 -0.016313   1.98218  0.201401 -0.321605   1.93522  -1.36077
  0.408501 -0.0163418    1.98219   0.201255  -0.321618    1.93529   -1.36079
  0.408564 -0.0163706    1.98219   0.201108  -0.321631    1.93537   -1.36082
  0.408626 -0.0163993    1.98219   0.200962  -0.321643    1.93544   -1.36084
  0.408687 -0.0164279     1.9822   0.200816  -0.321656    1.93552   -1.36087
  0.408749 -0.0164564     1.9822   0.200671  -0.321669    1.93559   -1.36089
  0.408811 -0.0164849     1.9822   0.200526  -0.321682    1.93567   -1.36091
  0.408872 -0.0165133    1.98221   0.200381  -0.321695    1.93574   -1.36094
  0.408934 -0.0165417    1.98221   0.200237  -0.321708    1.93582   -1.36096
  0.408995 -0.0165699    1.98222   0.200093  -0.321721    1.93589   -1.36099
  0.409056 -0.0165981    1.98222   0.199949  -0.321733    1.93597   -1.36101
  0.409117 -0.0166263    1.98222   0.199806  -0.321746    1.93604   -1.36103
  0.409177 -0.0166544    1.98223   0.199663  -0.321759    1.93611   -1.36106
  0.409238 -0.0166824    1.98223    0.19952  -0.321772    1.93619   -1.36108
  0.409298 -0.0167103    1.98223   0.199377  -0.321785    1.93626    -1.3611
  0.409359 -0.0167382    1.98224   0.199235  -0.321797    1.93633   -1.36113
 0.409419 -0.016766   1.98224  0.199094  -0.32181   1.93641  -1.36115
  0.409479 -0.0167938    1.98225   0.198952  -0.321823    1.93648   -1.36117
  0.409539 -0.0168215    1.98225   0.198811  -0.321835    1.93655    -1.3612
  0.409599 -0.0168491    1.98225    0.19867  -0.321848    1.93663   -1.36122
  0.409658 -0.0168766    1.98226    0.19853  -0.321861     1.9367   -1.36124
  0.409718 -0.0169041    1.98226    0.19839  -0.321873    1.93677   -1.36127
  0.409777 -0.0169315    1.98226    0.19825  -0.321886    1.93684   -1.36129
  0.409836 -0.0169589    1.98227   0.198111  -0.321898    1.93691   -1.36131
  0.409895 -0.0169862    1.98227   0.197972  -0.321911    1.93699   -1.36133
  0.409954 -0.0170134    1.98228   0.197833  -0.321924    1.93706   -1.36136
  0.410013 -0.0170406    1.98228   0.197694  -0.321936    1.93713   -1.36138
  0.410072 -0.0170677    1.98228   0.197556  -0.321949     1.9372    -1.3614
   0.41013 -0.0170947    1.98229   0.197418  -0.321961    1.93727   -1.36143
  0.410189 -0.0171217    1.98229   0.197281  -0.321974    1.93734   -1.36145
  0.410247 -0.0171486    1.98229   0.197143  -0.321986    1.93741   -1.36147
  0.410305 -0.0171755     1.9823   0.197007  -0.321999    1.93748   -1.36149
  0.410363 -0.0172022     1.9823    0.19687  -0.322011    1.93756   -1.36152
 0.410421 -0.017229   1.98231  0.196734 -0.322023   1.93763  -1.36154
  0.410479 -0.0172556    1.98231   0.196598  -0.322036     1.9377   -1.36156
  0.410536 -0.0172822    1.98231   0.196462  -0.322048    1.93777   -1.36158
  0.410594 -0.0173088    1.98232   0.196327  -0.322061    1.93784   -1.36161
  0.410651 -0.0173352    1.98232   0.196192  -0.322073    1.93791   -1.36163
  0.410708 -0.0173616    1.98232   0.196057  -0.322085    1.93798   -1.36165
 0.410765 -0.017388   1.98233  0.195923 -0.322098   1.93804  -1.36167
  0.410822 -0.0174143    1.98233   0.195789   -0.32211    1.93811   -1.36169
  0.410879 -0.0174405    1.98234   0.195655  -0.322122    1.93818   -1.36172
  0.410936 -0.0174666    1.98234   0.195521  -0.322135    1.93825   -1.36174
  0.410992 -0.0174927    1.98234   0.195388  -0.322147    1.93832   -1.36176
  0.411049 -0.0175188    1.98235   0.195255  -0.322159    1.93839   -1.36178
  0.411105 -0.0175448    1.98235   0.195123  -0.322171    1.93846    -1.3618
  0.411161 -0.0175707    1.98235   0.194991  -0.322184    1.93853   -1.36183
  0.411217 -0.0175965    1.98236   0.194859  -0.322196    1.93859   -1.36185
  0.411273 -0.0176223    1.98236   0.194727  -0.322208    1.93866   -1.36187
 0.411329 -0.017648   1.98236  0.194596  -0.32222   1.93873  -1.36189
  0.411385 -0.0176737    1.98237   0.194465  -0.322232     1.9388   -1.36191
   0.41144 -0.0176993    1.98237   0.194334  -0.322244    1.93886   -1.36193
  0.411496 -0.0177249    1.98238   0.194203  -0.322257    1.93893   -1.36196
  0.411551 -0.0177504    1.98238   0.194073  -0.322269      1.939   -1.36198
  0.411606 -0.0177758    1.98238   0.193943  -0.322281    1.93907     -1.362
  0.411661 -0.0178012    1.98239   0.193814  -0.322293    1.93913   -1.36202
  0.411716 -0.0178265    1.98239   0.193685  -0.322305     1.9392   -1.36204
  0.411771 -0.0178517    1.98239   0.193556  -0.322317    1.93927   -1.36206
  0.411825 -0.0178769     1.9824   0.193427  -0.322329    1.93933   -1.36208
   0.41188 -0.0179021     1.9824   0.193299  -0.322341     1.9394    -1.3621
  0.411934 -0.0179271    1.98241   0.193171  -0.322353    1.93946   -1.36213
  0.411988 -0.0179521    1.98241   0.193043  -0.322365    1.93953   -1.36215
  0.412043 -0.0179771    1.98241   0.192916  -0.322377     1.9396   -1.36217
 0.412097 -0.018002   1.98242  0.192788 -0.322389   1.93966  -1.36219
   0.41215 -0.0180268    1.98242   0.192662  -0.322401    1.93973   -1.36221
  0.412204 -0.0180516    1.98242   0.192535  -0.322413    1.93979   -1.36223
  0.412258 -0.0180763    1.98243   0.192409  -0.322425    1.93986   -1.36225
 0.412311 -0.018101   1.98243  0.192283 -0.322437   1.93992  -1.36227
  0.412365 -0.0181256    1.98244   0.192157  -0.322449    1.93999   -1.36229
  0.412418 -0.0181501    1.98244   0.192032  -0.322461    1.94005   -1.36231
  0.412471 -0.0181746    1.98244   0.191906  -0.322472    1.94012   -1.36233
  0.412524 -0.0181991    1.98245   0.191782  -0.322484    1.94018   -1.36235
  0.412577 -0.0182234    1.98245   0.191657  -0.322496    1.94025   -1.36238
   0.41263 -0.0182478    1.98245   0.191533  -0.322508    1.94031    -1.3624
 0.412683 -0.018272   1.98246  0.191409  -0.32252   1.94037  -1.36242
  0.412735 -0.0182962    1.98246   0.191285  -0.322531    1.94044   -1.36244
  0.412787 -0.0183204    1.98247   0.191162  -0.322543     1.9405   -1.36246
   0.41284 -0.0183444    1.98247   0.191039  -0.322555    1.94056   -1.36248
  0.412892 -0.0183685    1.98247   0.190916  -0.322567    1.94063    -1.3625
  0.412944 -0.0183925    1.98248   0.190793  -0.322578    1.94069   -1.36252
  0.412996 -0.0184164    1.98248   0.190671   -0.32259    1.94075   -1.36254
  0.413048 -0.0184402    1.98248   0.190549  -0.322602    1.94082   -1.36256
 0.413099 -0.018464   1.98249  0.190427 -0.322614   1.94088  -1.36258
  0.413151 -0.0184878    1.98249   0.190306  -0.322625    1.94094    -1.3626
  0.413203 -0.0185115     1.9825   0.190185  -0.322637      1.941   -1.36262
  0.413254 -0.0185351     1.9825   0.190064  -0.322649    1.94107   -1.36264
  0.413305 -0.0185587     1.9825   0.189943   -0.32266    1.94113   -1.36266
  0.413356 -0.0185822    1.98251   0.189823  -0.322672    1.94119   -1.36268
  0.413407 -0.0186057    1.98251   0.189703  -0.322683    1.94125    -1.3627
  0.413458 -0.0186291    1.98251   0.189583  -0.322695    1.94132   -1.36272
  0.413509 -0.0186525    1.98252   0.189463  -0.322706    1.94138   -1.36274
   0.41356 -0.0186758    1.98252   0.189344  -0.322718    1.94144   -1.36276
  0.41361 -0.018699   1.98253  0.189225  -0.32273    1.9415  -1.36278
  0.413661 -0.0187222    1.98253   0.189107  -0.322741    1.94156    -1.3628
  0.413711 -0.0187454    1.98253   0.188988  -0.322753    1.94162   -1.36282
  0.413761 -0.0187685    1.98254    0.18887  -0.322764    1.94168   -1.36284
  0.413811 -0.0187915    1.98254   0.188752  -0.322776    1.94174   -1.36286
  0.413861 -0.0188145    1.98254   0.188635  -0.322787     1.9418   -1.36288
  0.413911 -0.0188374    1.98255   0.188517  -0.322799    1.94186   -1.36289
  0.413961 -0.0188603    1.98255     0.1884   -0.32281    1.94193   -1.36291
   0.41401 -0.0188831    1.98256   0.188283  -0.322821    1.94199   -1.36293
   0.41406 -0.0189059    1.98256   0.188167  -0.322833    1.94205   -1.36295
  0.414109 -0.0189286    1.98256   0.188051  -0.322844    1.94211   -1.36297
  0.414158 -0.0189512    1.98257   0.187935  -0.322856    1.94217   -1.36299
  0.414208 -0.0189738    1.98257   0.187819  -0.322867    1.94222   -1.36301
  0.414257 -0.0189964    1.98257   0.187703  -0.322878    1.94228   -1.36303
  0.414306 -0.0190189    1.98258   0.187588   -0.32289    1.94234   -1.36305
  0.414354 -0.0190413    1.98258   0.187473  -0.322901     1.9424   -1.36307
  0.414403 -0.0190637    1.98259   0.187359  -0.322912    1.94246   -1.36309
  0.414452 -0.0190861    1.98259   0.187244  -0.322924    1.94252   -1.36311
    0.4145 -0.0191084    1.98259    0.18713  -0.322935    1.94258   -1.36312
  0.414549 -0.0191306     1.9826   0.187016  -0.322946    1.94264   -1.36314
  0.414597 -0.0191528     1.9826   0.186903  -0.322957     1.9427   -1.36316
  0.414645 -0.0191749     1.9826   0.186789  -0.322969    1.94276   -1.36318
 0.414693 -0.019197   1.98261  0.186676  -0.32298   1.94281   -1.3632
 0.414741 -0.019219   1.98261  0.186563 -0.322991   1.94287  -1.36322
 0.414789 -0.019241   1.98262  0.186451 -0.323002   1.94293  -1.36324
  0.414837 -0.0192629    1.98262   0.186338  -0.323014    1.94299   -1.36326
  0.414884 -0.0192848    1.98262   0.186226  -0.323025    1.94305   -1.36327
  0.414932 -0.0193066    1.98263   0.186114  -0.323036     1.9431   -1.36329
  0.414979 -0.0193284    1.98263   0.186003  -0.323047    1.94316   -1.36331
  0.415027 -0.0193501    1.98263   0.185892  -0.323058    1.94322   -1.36333
  0.415074 -0.0193717    1.98264   0.185781  -0.323069    1.94328   -1.36335
  0.415121 -0.0193934    1.98264    0.18567   -0.32308    1.94333   -1.36337
  0.415168 -0.0194149    1.98265   0.185559  -0.323092    1.94339   -1.36338
  0.415215 -0.0194364    1.98265   0.185449  -0.323103    1.94345    -1.3634
  0.415261 -0.0194579    1.98265   0.185339  -0.323114     1.9435   -1.36342
  0.415308 -0.0194793    1.98266   0.185229  -0.323125    1.94356   -1.36344
  0.415355 -0.0195007    1.98266    0.18512  -0.323136    1.94362   -1.36346
 0.415401 -0.019522   1.98266   0.18501 -0.323147   1.94367  -1.36348
  0.415447 -0.0195432    1.98267   0.184901  -0.323158    1.94373   -1.36349
  0.415494 -0.0195645    1.98267   0.184793  -0.323169    1.94378   -1.36351
   0.41554 -0.0195856    1.98268   0.184684   -0.32318    1.94384   -1.36353
  0.415586 -0.0196067    1.98268   0.184576  -0.323191     1.9439   -1.36355
  0.415632 -0.0196278    1.98268   0.184468  -0.323202    1.94395   -1.36357
  0.415677 -0.0196488    1.98269    0.18436  -0.323213    1.94401   -1.36358
  0.415723 -0.0196698    1.98269   0.184252  -0.323224    1.94406    -1.3636
  0.415769 -0.0196907    1.98269   0.184145  -0.323235    1.94412   -1.36362
  0.415814 -0.0197116     1.9827   0.184038  -0.323246    1.94417   -1.36364
   0.41586 -0.0197324     1.9827   0.183931  -0.323256    1.94423   -1.36365
  0.415905 -0.0197531    1.98271   0.183825  -0.323267    1.94428   -1.36367
   0.41595 -0.0197739    1.98271   0.183718  -0.323278    1.94434   -1.36369
  0.415995 -0.0197945    1.98271   0.183612  -0.323289    1.94439   -1.36371
   0.41604 -0.0198151    1.98272   0.183506    -0.3233    1.94445   -1.36373
  0.416085 -0.0198357    1.98272   0.183401  -0.323311     1.9445   -1.36374
   0.41613 -0.0198562    1.98272   0.183296  -0.323322    1.94456   -1.36376
  0.416175 -0.0198767    1.98273    0.18319  -0.323332    1.94461   -1.36378
  0.416219 -0.0198971    1.98273   0.183086  -0.323343    1.94466    -1.3638
  0.416264 -0.0199175    1.98274   0.182981  -0.323354    1.94472   -1.36381
  0.416308 -0.0199378    1.98274   0.182877  -0.323365    1.94477   -1.36383
  0.416352 -0.0199581    1.98274   0.182772  -0.323376    1.94483   -1.36385
  0.416396 -0.0199784    1.98275   0.182668  -0.323386    1.94488   -1.36386
   0.41644 -0.0199986    1.98275   0.182565  -0.323397    1.94493   -1.36388
  0.416484 -0.0200187    1.98276   0.182461  -0.323408    1.94499    -1.3639
  0.416528 -0.0200388    1.98276   0.182358  -0.323419    1.94504   -1.36392
  0.416572 -0.0200588    1.98276   0.182255  -0.323429    1.94509   -1.36393
  0.416616 -0.0200788    1.98277   0.182152   -0.32344    1.94514   -1.36395
  0.416659 -0.0200988    1.98277    0.18205  -0.323451     1.9452   -1.36397
  0.416703 -0.0201187    1.98277   0.181948  -0.323461    1.94525   -1.36398
  0.416746 -0.0201385    1.98278   0.181846  -0.323472     1.9453     -1.364
  0.416789 -0.0201584    1.98278   0.181744  -0.323483    1.94536   -1.36402
  0.416833 -0.0201781    1.98279   0.181642  -0.323493    1.94541   -1.36403
  0.416876 -0.0201978    1.98279   0.181541  -0.323504    1.94546   -1.36405
  0.416919 -0.0202175    1.98279    0.18144  -0.323514    1.94551   -1.36407
  0.416962 -0.0202371     1.9828   0.181339  -0.323525    1.94556   -1.36409
  0.417004 -0.0202567     1.9828   0.181238  -0.323536    1.94562    -1.3641
  0.417047 -0.0202762     1.9828   0.181138  -0.323546    1.94567   -1.36412
   0.41709 -0.0202957    1.98281   0.181038  -0.323557    1.94572   -1.36414
  0.417132 -0.0203152    1.98281   0.180938  -0.323567    1.94577   -1.36415
  0.417175 -0.0203346    1.98282   0.180838  -0.323578    1.94582   -1.36417
  0.417217 -0.0203539    1.98282   0.180739  -0.323588    1.94587   -1.36419
  0.417259 -0.0203732    1.98282   0.180639  -0.323599    1.94592    -1.3642
  0.417301 -0.0203925    1.98283    0.18054  -0.323609    1.94598   -1.36422
  0.417343 -0.0204117    1.98283   0.180442   -0.32362    1.94603   -1.36423
  0.417385 -0.0204309    1.98283   0.180343   -0.32363    1.94608   -1.36425
 0.417427  -0.02045   1.98284  0.180245 -0.323641   1.94613  -1.36427
  0.417469 -0.0204691    1.98284   0.180146  -0.323651    1.94618   -1.36428
   0.41751 -0.0204881    1.98285   0.180048  -0.323662    1.94623    -1.3643
  0.417552 -0.0205071    1.98285   0.179951  -0.323672    1.94628   -1.36432
 0.417593 -0.020526   1.98285  0.179853 -0.323682   1.94633  -1.36433
  0.417635 -0.0205449    1.98286   0.179756  -0.323693    1.94638   -1.36435
  0.417676 -0.0205638    1.98286   0.179659  -0.323703    1.94643   -1.36436
  0.417717 -0.0205826    1.98287   0.179562  -0.323714    1.94648   -1.36438
  0.417758 -0.0206014    1.98287   0.179466  -0.323724    1.94653    -1.3644
  0.417799 -0.0206201    1.98287   0.179369  -0.323734    1.94658   -1.36441
   0.41784 -0.0206387    1.98288   0.179273  -0.323745    1.94663   -1.36443
  0.417881 -0.0206574    1.98288   0.179177  -0.323755    1.94668   -1.36445
 0.417921 -0.020676   1.98288  0.179082 -0.323765   1.94673  -1.36446
  0.417962 -0.0206945    1.98289   0.178986  -0.323776    1.94678   -1.36448
 0.418003 -0.020713   1.98289  0.178891 -0.323786   1.94682  -1.36449
  0.418043 -0.0207315     1.9829   0.178796  -0.323796    1.94687   -1.36451
  0.418083 -0.0207499     1.9829   0.178701  -0.323806    1.94692   -1.36452
  0.418124 -0.0207683     1.9829   0.178606  -0.323817    1.94697   -1.36454
  0.418164 -0.0207866    1.98291   0.178512  -0.323827    1.94702   -1.36456
  0.418204 -0.0208049    1.98291   0.178418  -0.323837    1.94707   -1.36457
  0.418244 -0.0208231    1.98291   0.178324  -0.323847    1.94712   -1.36459
  0.418284 -0.0208413    1.98292    0.17823  -0.323858    1.94716    -1.3646
  0.418323 -0.0208595    1.98292   0.178136  -0.323868    1.94721   -1.36462
  0.418363 -0.0208776    1.98293   0.178043  -0.323878    1.94726   -1.36463
  0.418403 -0.0208957    1.98293    0.17795  -0.323888    1.94731   -1.36465
  0.418442 -0.0209137    1.98293   0.177857  -0.323898    1.94736   -1.36467
  0.418482 -0.0209317    1.98294   0.177764  -0.323909     1.9474   -1.36468
  0.418521 -0.0209496    1.98294   0.177672  -0.323919    1.94745    -1.3647
   0.41856 -0.0209675    1.98295    0.17758  -0.323929     1.9475   -1.36471
  0.418599 -0.0209854    1.98295   0.177487  -0.323939    1.94755   -1.36473
  0.418639 -0.0210032    1.98295   0.177396  -0.323949    1.94759   -1.36474
 0.418678 -0.021021   1.98296  0.177304 -0.323959   1.94764  -1.36476
  0.418716 -0.0210387    1.98296   0.177213  -0.323969    1.94769   -1.36477
  0.418755 -0.0210564    1.98296   0.177121  -0.323979    1.94774   -1.36479
 0.418794 -0.021074   1.98297   0.17703 -0.323989   1.94778   -1.3648
  0.418833 -0.0210916    1.98297   0.176939  -0.323999    1.94783   -1.36482
  0.418871 -0.0211092    1.98298   0.176849  -0.324009    1.94788   -1.36483
   0.41891 -0.0211267    1.98298   0.176758   -0.32402    1.94792   -1.36485
  0.418948 -0.0211442    1.98298   0.176668   -0.32403    1.94797   -1.36486
  0.418986 -0.0211617    1.98299   0.176578   -0.32404    1.94802   -1.36488
  0.419024 -0.0211791    1.98299   0.176488   -0.32405    1.94806   -1.36489
  0.419063 -0.0211964      1.983   0.176399   -0.32406    1.94811   -1.36491
  0.419101 -0.0212137      1.983   0.176309   -0.32407    1.94815   -1.36492
 0.419138 -0.021231     1.983   0.17622  -0.32408    1.9482  -1.36494
  0.419176 -0.0212482    1.98301   0.176131  -0.324089    1.94825   -1.36495
  0.419214 -0.0212654    1.98301   0.176043  -0.324099    1.94829   -1.36497
  0.419252 -0.0212826    1.98301   0.175954  -0.324109    1.94834   -1.36498
  0.419289 -0.0212997    1.98302   0.175866  -0.324119    1.94838     -1.365
  0.419327 -0.0213168    1.98302   0.175777  -0.324129    1.94843   -1.36501
  0.419364 -0.0213338    1.98303    0.17569  -0.324139    1.94847   -1.36503
  0.419402 -0.0213508    1.98303   0.175602  -0.324149    1.94852   -1.36504
  0.419439 -0.0213678    1.98303   0.175514  -0.324159    1.94856   -1.36506
  0.419476 -0.0213847    1.98304   0.175427  -0.324169    1.94861   -1.36507
  0.419513 -0.0214016    1.98304    0.17534  -0.324179    1.94865   -1.36509
   0.41955 -0.0214184    1.98305   0.175253  -0.324188     1.9487    -1.3651
  0.419587 -0.0214352    1.98305   0.175166  -0.324198    1.94874   -1.36511
  0.419624 -0.0214519    1.98305   0.175079  -0.324208    1.94879   -1.36513
  0.419661 -0.0214687    1.98306   0.174993  -0.324218    1.94883   -1.36514
  0.419697 -0.0214853    1.98306   0.174907  -0.324228    1.94888   -1.36516
 0.419734 -0.021502   1.98307  0.174821 -0.324238   1.94892  -1.36517
   0.41977 -0.0215186    1.98307   0.174735  -0.324247    1.94896   -1.36519
  0.419807 -0.0215351    1.98307   0.174649  -0.324257    1.94901    -1.3652
  0.419843 -0.0215516    1.98308   0.174564  -0.324267    1.94905   -1.36521
  0.419879 -0.0215681    1.98308   0.174479  -0.324277     1.9491   -1.36523
  0.419916 -0.0215846    1.98308   0.174394  -0.324286    1.94914   -1.36524
 0.419952 -0.021601   1.98309  0.174309 -0.324296   1.94918  -1.36526
  0.419988 -0.0216173    1.98309   0.174224  -0.324306    1.94923   -1.36527
  0.420024 -0.0216337     1.9831    0.17414  -0.324316    1.94927   -1.36529
   0.42006 -0.0216499     1.9831   0.174056  -0.324325    1.94931    -1.3653
  0.420095 -0.0216662     1.9831   0.173972  -0.324335    1.94936   -1.36531
  0.420131 -0.0216824    1.98311   0.173888  -0.324345     1.9494   -1.36533
  0.420167 -0.0216986    1.98311   0.173804  -0.324354    1.94944   -1.36534
  0.420202 -0.0217147    1.98312   0.173721  -0.324364    1.94949   -1.36536
  0.420238 -0.0217308    1.98312   0.173637  -0.324374    1.94953   -1.36537
  0.420273 -0.0217469    1.98312   0.173554  -0.324383    1.94957   -1.36538
  0.420308 -0.0217629    1.98313   0.173471  -0.324393    1.94961    -1.3654
  0.420343 -0.0217789    1.98313   0.173389  -0.324402    1.94966   -1.36541
  0.420379 -0.0217948    1.98313   0.173306  -0.324412     1.9497   -1.36542
  0.420414 -0.0218107    1.98314   0.173224  -0.324422    1.94974   -1.36544
  0.420449 -0.0218266    1.98314   0.173142  -0.324431    1.94978   -1.36545
  0.420483 -0.0218424    1.98315    0.17306  -0.324441    1.94983   -1.36547
  0.420518 -0.0218582    1.98315   0.172978   -0.32445    1.94987   -1.36548
 0.420553 -0.021874   1.98315  0.172896  -0.32446   1.94991  -1.36549
  0.420588 -0.0218897    1.98316   0.172815   -0.32447    1.94995   -1.36551
  0.420622 -0.0219054    1.98316   0.172734  -0.324479    1.94999   -1.36552
 0.420657 -0.021921   1.98317  0.172653 -0.324489   1.95004  -1.36553
  0.420691 -0.0219366    1.98317   0.172572  -0.324498    1.95008   -1.36555
  0.420726 -0.0219522    1.98317   0.172491  -0.324508    1.95012   -1.36556
   0.42076 -0.0219677    1.98318   0.172411  -0.324517    1.95016   -1.36557
  0.420794 -0.0219832    1.98318    0.17233  -0.324527     1.9502   -1.36559
  0.420828 -0.0219987    1.98319    0.17225  -0.324536    1.95024    -1.3656
  0.420862 -0.0220141    1.98319    0.17217  -0.324546    1.95028   -1.36561
  0.420896 -0.0220295    1.98319    0.17209  -0.324555    1.95032   -1.36563
   0.42093 -0.0220448     1.9832   0.172011  -0.324564    1.95037   -1.36564
  0.420964 -0.0220601     1.9832   0.171931  -0.324574    1.95041   -1.36565
  0.420997 -0.0220754    1.98321   0.171852  -0.324583    1.95045   -1.36567
  0.421031 -0.0220907    1.98321   0.171773  -0.324593    1.95049   -1.36568
  0.421065 -0.0221059    1.98321   0.171694  -0.324602    1.95053   -1.36569
 0.421098 -0.022121   1.98322  0.171616 -0.324612   1.95057  -1.36571
  0.421132 -0.0221362    1.98322   0.171537  -0.324621    1.95061   -1.36572
  0.421165 -0.0221513    1.98322   0.171459   -0.32463    1.95065   -1.36573
  0.421198 -0.0221663    1.98323   0.171381   -0.32464    1.95069   -1.36575
  0.421231 -0.0221814    1.98323   0.171303  -0.324649    1.95073   -1.36576
  0.421265 -0.0221964    1.98324   0.171225  -0.324658    1.95077   -1.36577
  0.421298 -0.0222113    1.98324   0.171147  -0.324668    1.95081   -1.36579
  0.421331 -0.0222262    1.98324    0.17107  -0.324677    1.95085    -1.3658
  0.421364 -0.0222411    1.98325   0.170993  -0.324686    1.95089   -1.36581
 0.421396 -0.022256   1.98325  0.170915 -0.324696   1.95093  -1.36583
  0.421429 -0.0222708    1.98326   0.170839  -0.324705    1.95097   -1.36584
  0.421462 -0.0222856    1.98326   0.170762  -0.324714    1.95101   -1.36585
  0.421494 -0.0223003    1.98326   0.170685  -0.324724    1.95105   -1.36586
 0.421527 -0.022315   1.98327  0.170609 -0.324733   1.95109  -1.36588
  0.421559 -0.0223297    1.98327   0.170533  -0.324742    1.95113   -1.36589
  0.421592 -0.0223443    1.98328   0.170457  -0.324751    1.95116    -1.3659
  0.421624 -0.0223589    1.98328   0.170381  -0.324761     1.9512   -1.36591
  0.421656 -0.0223735    1.98328   0.170305   -0.32477    1.95124   -1.36593
 0.421688 -0.022388   1.98329  0.170229 -0.324779   1.95128  -1.36594
  0.421721 -0.0224025    1.98329   0.170154  -0.324788    1.95132   -1.36595
 0.421753 -0.022417    1.9833  0.170079 -0.324798   1.95136  -1.36597
  0.421785 -0.0224314     1.9833   0.170004  -0.324807     1.9514   -1.36598
  0.421816 -0.0224458     1.9833   0.169929  -0.324816    1.95144   -1.36599
  0.421848 -0.0224602    1.98331   0.169854  -0.324825    1.95147     -1.366
   0.42188 -0.0224745    1.98331    0.16978  -0.324834    1.95151   -1.36602
  0.421912 -0.0224888    1.98332   0.169706  -0.324844    1.95155   -1.36603
  0.421943 -0.0225031    1.98332   0.169631  -0.324853    1.95159   -1.36604
  0.421975 -0.0225173    1.98332   0.169557  -0.324862    1.95163   -1.36605
  0.422006 -0.0225315    1.98333   0.169484  -0.324871    1.95166   -1.36607
  0.422038 -0.0225457    1.98333    0.16941   -0.32488     1.9517   -1.36608
  0.422069 -0.0225598    1.98333   0.169336  -0.324889    1.95174   -1.36609
    0.4221 -0.0225739    1.98334   0.169263  -0.324898    1.95178    -1.3661
 0.422131 -0.022588   1.98334   0.16919 -0.324907   1.95182  -1.36611
 0.422162 -0.022602   1.98335  0.169117 -0.324917   1.95185  -1.36613
 0.422193 -0.022616   1.98335  0.169044 -0.324926   1.95189  -1.36614
  0.422224 -0.0226299    1.98335   0.168971  -0.324935    1.95193   -1.36615
  0.422255 -0.0226439    1.98336   0.168899  -0.324944    1.95197   -1.36616
  0.422286 -0.0226578    1.98336   0.168827  -0.324953      1.952   -1.36618
  0.422317 -0.0226716    1.98337   0.168754  -0.324962    1.95204   -1.36619
  0.422348 -0.0226855    1.98337   0.168682  -0.324971    1.95208    -1.3662
  0.422378 -0.0226993    1.98337   0.168611   -0.32498    1.95211   -1.36621
 0.422409 -0.022713   1.98338  0.168539 -0.324989   1.95215  -1.36622
  0.422439 -0.0227267    1.98338   0.168467  -0.324998    1.95219   -1.36624
   0.42247 -0.0227404    1.98339   0.168396  -0.325007    1.95222   -1.36625
    0.4225 -0.0227541    1.98339   0.168325  -0.325016    1.95226   -1.36626
   0.42253 -0.0227677    1.98339   0.168254  -0.325025     1.9523   -1.36627
   0.42256 -0.0227813     1.9834   0.168183  -0.325034    1.95233   -1.36628
   0.42259 -0.0227949     1.9834   0.168112  -0.325043    1.95237    -1.3663
  0.422621 -0.0228084    1.98341   0.168042  -0.325052    1.95241   -1.36631
  0.422651 -0.0228219    1.98341   0.167971  -0.325061    1.95244   -1.36632
   0.42268 -0.0228354    1.98341   0.167901   -0.32507    1.95248   -1.36633
   0.42271 -0.0228489    1.98342   0.167831  -0.325079    1.95251   -1.36634
   0.42274 -0.0228623    1.98342   0.167761  -0.325088    1.95255   -1.36635
   0.42277 -0.0228756    1.98343   0.167691  -0.325097    1.95259   -1.36637
   0.4228 -0.022889   1.98343  0.167622 -0.325105   1.95262  -1.36638
  0.422829 -0.0229023    1.98343   0.167552  -0.325114    1.95266   -1.36639
  0.422859 -0.0229156    1.98344   0.167483  -0.325123    1.95269    -1.3664
  0.422888 -0.0229288    1.98344   0.167414  -0.325132    1.95273   -1.36641
 0.422917 -0.022942   1.98345  0.167345 -0.325141   1.95276  -1.36642
  0.422947 -0.0229552    1.98345   0.167276   -0.32515     1.9528   -1.36644
  0.422976 -0.0229684    1.98345   0.167207  -0.325159    1.95283   -1.36645
  0.423005 -0.0229815    1.98346   0.167139  -0.325168    1.95287   -1.36646
  0.423034 -0.0229946    1.98346   0.167071  -0.325176    1.95291   -1.36647
  0.423063 -0.0230077    1.98347   0.167002  -0.325185    1.95294   -1.36648
  0.423092 -0.0230207    1.98347   0.166934  -0.325194    1.95298   -1.36649
  0.423121 -0.0230337    1.98347   0.166866  -0.325203    1.95301   -1.36651
   0.42315 -0.0230467    1.98348   0.166799  -0.325212    1.95304   -1.36652
  0.423179 -0.0230596    1.98348   0.166731   -0.32522    1.95308   -1.36653
  0.423208 -0.0230725    1.98349   0.166664  -0.325229    1.95311   -1.36654
  0.423237 -0.0230854    1.98349   0.166596  -0.325238    1.95315   -1.36655
  0.423265 -0.0230982    1.98349   0.166529  -0.325247    1.95318   -1.36656
 0.423294 -0.023111    1.9835  0.166462 -0.325256   1.95322  -1.36657
  0.423322 -0.0231238     1.9835   0.166396  -0.325264    1.95325   -1.36658
  0.423351 -0.0231366    1.98351   0.166329  -0.325273    1.95329    -1.3666
  0.423379 -0.0231493    1.98351   0.166262  -0.325282    1.95332   -1.36661
 0.423407 -0.023162   1.98351  0.166196  -0.32529   1.95335  -1.36662
  0.423435 -0.0231746    1.98352    0.16613  -0.325299    1.95339   -1.36663
  0.423464 -0.0231873    1.98352   0.166064  -0.325308    1.95342   -1.36664
  0.423492 -0.0231999    1.98353   0.165998  -0.325317    1.95346   -1.36665
   0.42352 -0.0232125    1.98353   0.165932  -0.325325    1.95349   -1.36666
 0.423548 -0.023225   1.98353  0.165866 -0.325334   1.95352  -1.36667
  0.423576 -0.0232375    1.98354   0.165801  -0.325343    1.95356   -1.36668
 0.423603  -0.02325   1.98354  0.165736 -0.325351   1.95359   -1.3667
  0.423631 -0.0232624    1.98355   0.165671   -0.32536    1.95362   -1.36671
  0.423659 -0.0232749    1.98355   0.165606  -0.325369    1.95366   -1.36672
  0.423687 -0.0232873    1.98355   0.165541  -0.325377    1.95369   -1.36673
  0.423714 -0.0232996    1.98356   0.165476  -0.325386    1.95372   -1.36674
 0.423742 -0.023312   1.98356  0.165411 -0.325395   1.95376  -1.36675
  0.423769 -0.0233243    1.98357   0.165347  -0.325403    1.95379   -1.36676
  0.423797 -0.0233365    1.98357   0.165283  -0.325412    1.95382   -1.36677
  0.423824 -0.0233488    1.98357   0.165219   -0.32542    1.95386   -1.36678
 0.423851 -0.023361   1.98358  0.165155 -0.325429   1.95389  -1.36679
  0.423879 -0.0233732    1.98358   0.165091  -0.325438    1.95392    -1.3668
  0.423906 -0.0233853    1.98359   0.165027  -0.325446    1.95396   -1.36681
  0.423933 -0.0233975    1.98359   0.164963  -0.325455    1.95399   -1.36683
   0.42396 -0.0234096    1.98359     0.1649  -0.325463    1.95402   -1.36684
  0.423987 -0.0234216     1.9836   0.164837  -0.325472    1.95405   -1.36685
  0.424014 -0.0234337     1.9836   0.164774   -0.32548    1.95409   -1.36686
  0.424041 -0.0234457    1.98361   0.164711  -0.325489    1.95412   -1.36687
  0.424067 -0.0234577    1.98361   0.164648  -0.325498    1.95415   -1.36688
  0.424094 -0.0234696    1.98361   0.164585  -0.325506    1.95418   -1.36689
  0.424121 -0.0234816    1.98362   0.164523  -0.325515    1.95421    -1.3669
  0.424148 -0.0234935    1.98362    0.16446  -0.325523    1.95425   -1.36691
  0.424174 -0.0235053    1.98363   0.164398  -0.325532    1.95428   -1.36692
  0.424201 -0.0235172    1.98363   0.164336   -0.32554    1.95431   -1.36693
 0.424227 -0.023529   1.98363  0.164274 -0.325549   1.95434  -1.36694
  0.424253 -0.0235408    1.98364   0.164212  -0.325557    1.95437   -1.36695
   0.42428 -0.0235525    1.98364    0.16415  -0.325566    1.95441   -1.36696
  0.424306 -0.0235643    1.98365   0.164089  -0.325574    1.95444   -1.36697
 0.424332 -0.023576   1.98365  0.164027 -0.325582   1.95447  -1.36698
  0.424358 -0.0235876    1.98365   0.163966  -0.325591     1.9545   -1.36699
  0.424384 -0.0235993    1.98366   0.163905  -0.325599    1.95453     -1.367
  0.424411 -0.0236109    1.98366   0.163844  -0.325608    1.95456   -1.36701
  0.424437 -0.0236225    1.98367   0.163783  -0.325616    1.95459   -1.36702
  0.424462 -0.0236341    1.98367   0.163722  -0.325625    1.95463   -1.36703
  0.424488 -0.0236456    1.98368   0.163661  -0.325633    1.95466   -1.36705
  0.424514 -0.0236571    1.98368   0.163601  -0.325641    1.95469   -1.36706
   0.42454 -0.0236686    1.98368   0.163541   -0.32565    1.95472   -1.36707
 0.424566  -0.02368   1.98369   0.16348 -0.325658   1.95475  -1.36708
  0.424591 -0.0236915    1.98369    0.16342  -0.325667    1.95478   -1.36709
  0.424617 -0.0237028     1.9837   0.163361  -0.325675    1.95481    -1.3671
  0.424642 -0.0237142     1.9837   0.163301  -0.325683    1.95484   -1.36711
  0.424668 -0.0237256     1.9837   0.163241  -0.325692    1.95487   -1.36712
  0.424693 -0.0237369    1.98371   0.163182    -0.3257     1.9549   -1.36713
  0.424718 -0.0237482    1.98371   0.163122  -0.325708    1.95493   -1.36714
  0.424744 -0.0237594    1.98372   0.163063  -0.325717    1.95496   -1.36715
  0.424769 -0.0237707    1.98372   0.163004  -0.325725    1.95499   -1.36716
  0.424794 -0.0237819    1.98372   0.162945  -0.325733    1.95502   -1.36717
 0.424819 -0.023793   1.98373  0.162886 -0.325742   1.95506  -1.36718
  0.424844 -0.0238042    1.98373   0.162827   -0.32575    1.95509   -1.36719
  0.424869 -0.0238153    1.98374   0.162769  -0.325758    1.95512    -1.3672
  0.424894 -0.0238264    1.98374    0.16271  -0.325767    1.95515   -1.36721
  0.424919 -0.0238375    1.98374   0.162652  -0.325775    1.95518   -1.36722
  0.424944 -0.0238485    1.98375   0.162594  -0.325783    1.95521   -1.36723
  0.424969 -0.0238596    1.98375   0.162536  -0.325791    1.95524   -1.36724
  0.424993 -0.0238706    1.98376   0.162478    -0.3258    1.95526   -1.36724
  0.425018 -0.0238815    1.98376    0.16242  -0.325808    1.95529   -1.36725
  0.425043 -0.0238925    1.98376   0.162362  -0.325816    1.95532   -1.36726
  0.425067 -0.0239034    1.98377   0.162305  -0.325824    1.95535   -1.36727
  0.425092 -0.0239143    1.98377   0.162247  -0.325833    1.95538   -1.36728
  0.425116 -0.0239251    1.98378    0.16219  -0.325841    1.95541   -1.36729
 0.425141 -0.023936   1.98378  0.162133 -0.325849   1.95544   -1.3673
  0.425165 -0.0239468    1.98379   0.162076  -0.325857    1.95547   -1.36731
  0.425189 -0.0239576    1.98379   0.162019  -0.325866     1.9555   -1.36732
  0.425214 -0.0239683    1.98379   0.161962  -0.325874    1.95553   -1.36733
  0.425238 -0.0239791     1.9838   0.161906  -0.325882    1.95556   -1.36734
  0.425262 -0.0239898     1.9838   0.161849   -0.32589    1.95559   -1.36735
  0.425286 -0.0240004    1.98381   0.161793  -0.325898    1.95562   -1.36736
   0.42531 -0.0240111    1.98381   0.161737  -0.325906    1.95565   -1.36737
  0.425334 -0.0240217    1.98381   0.161681  -0.325915    1.95567   -1.36738
  0.425358 -0.0240323    1.98382   0.161625  -0.325923     1.9557   -1.36739
  0.425382 -0.0240429    1.98382   0.161569  -0.325931    1.95573    -1.3674
  0.425405 -0.0240535    1.98383   0.161513  -0.325939    1.95576   -1.36741
 0.425429 -0.024064   1.98383  0.161457 -0.325947   1.95579  -1.36742
  0.425453 -0.0240745    1.98383   0.161402  -0.325955    1.95582   -1.36743
 0.425476 -0.024085   1.98384  0.161347 -0.325963   1.95585  -1.36744
    0.4255 -0.0240954    1.98384   0.161291  -0.325972    1.95587   -1.36745
  0.425524 -0.0241058    1.98385   0.161236   -0.32598     1.9559   -1.36745
  0.425547 -0.0241163    1.98385   0.161181  -0.325988    1.95593   -1.36746
  0.425571 -0.0241266    1.98385   0.161127  -0.325996    1.95596   -1.36747
 0.425594 -0.024137   1.98386  0.161072 -0.326004   1.95599  -1.36748
  0.425617 -0.0241473    1.98386   0.161017  -0.326012    1.95601   -1.36749
  0.425641 -0.0241576    1.98387   0.160963   -0.32602    1.95604    -1.3675
  0.425664 -0.0241679    1.98387   0.160908  -0.326028    1.95607   -1.36751
  0.425687 -0.0241781    1.98388   0.160854  -0.326036     1.9561   -1.36752
   0.42571 -0.0241884    1.98388     0.1608  -0.326044    1.95613   -1.36753
  0.425733 -0.0241986    1.98388   0.160746  -0.326052    1.95615   -1.36754
  0.425756 -0.0242087    1.98389   0.160692   -0.32606    1.95618   -1.36755
  0.425779 -0.0242189    1.98389   0.160638  -0.326068    1.95621   -1.36756
 0.425802 -0.024229    1.9839  0.160585 -0.326076   1.95624  -1.36757
  0.425825 -0.0242391     1.9839   0.160531  -0.326084    1.95626   -1.36757
  0.425848 -0.0242492     1.9839   0.160478  -0.326092    1.95629   -1.36758
   0.42587 -0.0242593    1.98391   0.160425    -0.3261    1.95632   -1.36759
  0.425893 -0.0242693    1.98391   0.160372  -0.326108    1.95635    -1.3676
  0.425916 -0.0242793    1.98392   0.160318  -0.326116    1.95637   -1.36761
  0.425938 -0.0242893    1.98392   0.160266  -0.326124     1.9564   -1.36762
  0.425961 -0.0242992    1.98392   0.160213  -0.326132    1.95643   -1.36763
  0.425983 -0.0243092    1.98393    0.16016   -0.32614    1.95645   -1.36764
  0.426006 -0.0243191    1.98393   0.160108  -0.326148    1.95648   -1.36765
 0.426028 -0.024329   1.98394  0.160055 -0.326156   1.95651  -1.36765
  0.426051 -0.0243388    1.98394   0.160003  -0.326164    1.95654   -1.36766
  0.426073 -0.0243487    1.98395   0.159951  -0.326172    1.95656   -1.36767
  0.426095 -0.0243585    1.98395   0.159899   -0.32618    1.95659   -1.36768
  0.426117 -0.0243683    1.98395   0.159847  -0.326188    1.95662   -1.36769
   0.42614 -0.0243781    1.98396   0.159795  -0.326196    1.95664    -1.3677
  0.426162 -0.0243878    1.98396   0.159743  -0.326204    1.95667   -1.36771
  0.426184 -0.0243975    1.98397   0.159692  -0.326212     1.9567   -1.36772
  0.426206 -0.0244072    1.98397    0.15964   -0.32622    1.95672   -1.36773
  0.426228 -0.0244169    1.98397   0.159589  -0.326228    1.95675   -1.36773
   0.42625 -0.0244266    1.98398   0.159537  -0.326235    1.95677   -1.36774
  0.426271 -0.0244362    1.98398   0.159486  -0.326243     1.9568   -1.36775
  0.426293 -0.0244458    1.98399   0.159435  -0.326251    1.95683   -1.36776
  0.426315 -0.0244554    1.98399   0.159384  -0.326259    1.95685   -1.36777
  0.426337 -0.0244649      1.984   0.159334  -0.326267    1.95688   -1.36778
  0.426358 -0.0244745      1.984   0.159283  -0.326275    1.95691   -1.36779
  0.42638 -0.024484     1.984  0.159232 -0.326283   1.95693  -1.36779
  0.426402 -0.0244935    1.98401   0.159182   -0.32629    1.95696    -1.3678
  0.426423 -0.0245029    1.98401   0.159132  -0.326298    1.95698   -1.36781
  0.426445 -0.0245124    1.98402   0.159081  -0.326306    1.95701   -1.36782
  0.426466 -0.0245218    1.98402   0.159031  -0.326314    1.95703   -1.36783
  0.426487 -0.0245312    1.98402   0.158981  -0.326322    1.95706   -1.36784
  0.426509 -0.0245406    1.98403   0.158932   -0.32633    1.95709   -1.36785
   0.42653 -0.0245499    1.98403   0.158882  -0.326337    1.95711   -1.36785
  0.426551 -0.0245592    1.98404   0.158832  -0.326345    1.95714   -1.36786
  0.426572 -0.0245685    1.98404   0.158783  -0.326353    1.95716   -1.36787
  0.426593 -0.0245778    1.98405   0.158733  -0.326361    1.95719   -1.36788
  0.426615 -0.0245871    1.98405   0.158684  -0.326369    1.95721   -1.36789
  0.426636 -0.0245963    1.98405   0.158635  -0.326376    1.95724    -1.3679
  0.426657 -0.0246055    1.98406   0.158586  -0.326384    1.95726    -1.3679
  0.426678 -0.0246147    1.98406   0.158537  -0.326392    1.95729   -1.36791
  0.426698 -0.0246239    1.98407   0.158488    -0.3264    1.95731   -1.36792
  0.426719 -0.0246331    1.98407   0.158439  -0.326407    1.95734   -1.36793
   0.42674 -0.0246422    1.98407    0.15839  -0.326415    1.95736   -1.36794
  0.426761 -0.0246513    1.98408   0.158342  -0.326423    1.95739   -1.36795
  0.426782 -0.0246604    1.98408   0.158293  -0.326431    1.95741   -1.36795
  0.426802 -0.0246694    1.98409   0.158245  -0.326438    1.95744   -1.36796
  0.426823 -0.0246785    1.98409   0.158197  -0.326446    1.95746   -1.36797
  0.426843 -0.0246875     1.9841   0.158149  -0.326454    1.95749   -1.36798
  0.426864 -0.0246965     1.9841   0.158101  -0.326461    1.95751   -1.36799
  0.426884 -0.0247054     1.9841   0.158053  -0.326469    1.95754   -1.36799
  0.426905 -0.0247144    1.98411   0.158005  -0.326477    1.95756     -1.368
  0.426925 -0.0247233    1.98411   0.157957  -0.326485    1.95759   -1.36801
  0.426946 -0.0247322    1.98412    0.15791  -0.326492    1.95761   -1.36802
  0.426966 -0.0247411    1.98412   0.157862    -0.3265    1.95763   -1.36803
 0.426986  -0.02475   1.98412  0.157815 -0.326508   1.95766  -1.36804
  0.427006 -0.0247588    1.98413   0.157768  -0.326515    1.95768   -1.36804
  0.427027 -0.0247676    1.98413   0.157721  -0.326523    1.95771   -1.36805
  0.427047 -0.0247764    1.98414   0.157674  -0.326531    1.95773   -1.36806
  0.427067 -0.0247852    1.98414   0.157627  -0.326538    1.95776   -1.36807
 0.427087 -0.024794   1.98415   0.15758 -0.326546   1.95778  -1.36808
  0.427107 -0.0248027    1.98415   0.157533  -0.326554     1.9578   -1.36808
  0.427127 -0.0248114    1.98415   0.157487  -0.326561    1.95783   -1.36809
  0.427147 -0.0248201    1.98416    0.15744  -0.326569    1.95785    -1.3681
  0.427167 -0.0248288    1.98416   0.157394  -0.326576    1.95787   -1.36811
  0.427186 -0.0248374    1.98417   0.157348  -0.326584     1.9579   -1.36811
  0.427206 -0.0248461    1.98417   0.157301  -0.326592    1.95792   -1.36812
  0.427226 -0.0248547    1.98417   0.157255  -0.326599    1.95795   -1.36813
  0.427245 -0.0248633    1.98418   0.157209  -0.326607    1.95797   -1.36814
  0.427265 -0.0248718    1.98418   0.157163  -0.326614    1.95799   -1.36815
  0.427285 -0.0248804    1.98419   0.157118  -0.326622    1.95802   -1.36815
  0.427304 -0.0248889    1.98419   0.157072   -0.32663    1.95804   -1.36816
  0.427324 -0.0248974     1.9842   0.157026  -0.326637    1.95806   -1.36817
  0.427343 -0.0249059     1.9842   0.156981  -0.326645    1.95809   -1.36818
  0.427363 -0.0249144     1.9842   0.156936  -0.326652    1.95811   -1.36818
  0.427382 -0.0249228    1.98421    0.15689   -0.32666    1.95813   -1.36819
  0.427401 -0.0249312    1.98421   0.156845  -0.326667    1.95816    -1.3682
  0.427421 -0.0249396    1.98422     0.1568  -0.326675    1.95818   -1.36821
  0.42744 -0.024948   1.98422  0.156755 -0.326682    1.9582  -1.36822
  0.427459 -0.0249564    1.98423    0.15671   -0.32669    1.95823   -1.36822
  0.427478 -0.0249647    1.98423   0.156666  -0.326698    1.95825   -1.36823
 0.427497 -0.024973   1.98423  0.156621 -0.326705   1.95827  -1.36824
  0.427516 -0.0249813    1.98424   0.156577  -0.326713    1.95829   -1.36825
  0.427535 -0.0249896    1.98424   0.156532   -0.32672    1.95832   -1.36825
  0.427554 -0.0249978    1.98425   0.156488  -0.326728    1.95834   -1.36826
  0.427573 -0.0250061    1.98425   0.156444  -0.326735    1.95836   -1.36827
  0.427592 -0.0250143    1.98425   0.156399  -0.326743    1.95838   -1.36828
  0.427611 -0.0250225    1.98426   0.156355   -0.32675    1.95841   -1.36828
   0.42763 -0.0250307    1.98426   0.156312  -0.326758    1.95843   -1.36829
  0.427649 -0.0250388    1.98427   0.156268  -0.326765    1.95845    -1.3683
 0.427667 -0.025047   1.98427  0.156224 -0.326772   1.95847  -1.36831
  0.427686 -0.0250551    1.98428    0.15618   -0.32678     1.9585   -1.36831
  0.427705 -0.0250632    1.98428   0.156137  -0.326787    1.95852   -1.36832
  0.427723 -0.0250713    1.98428   0.156093  -0.326795    1.95854   -1.36833
  0.427742 -0.0250793    1.98429    0.15605  -0.326802    1.95856   -1.36834
  0.427761 -0.0250874    1.98429   0.156007   -0.32681    1.95859   -1.36834
  0.427779 -0.0250954     1.9843   0.155964  -0.326817    1.95861   -1.36835
  0.427797 -0.0251034     1.9843   0.155921  -0.326825    1.95863   -1.36836
  0.427816 -0.0251114    1.98431   0.155878  -0.326832    1.95865   -1.36836
  0.427834 -0.0251193    1.98431   0.155835  -0.326839    1.95867   -1.36837
  0.427853 -0.0251273    1.98431   0.155792  -0.326847     1.9587   -1.36838
  0.427871 -0.0251352    1.98432   0.155749  -0.326854    1.95872   -1.36839
  0.427889 -0.0251431    1.98432   0.155707  -0.326862    1.95874   -1.36839
 0.427907 -0.025151   1.98433  0.155664 -0.326869   1.95876   -1.3684
  0.427925 -0.0251588    1.98433   0.155622  -0.326876    1.95878   -1.36841
  0.427944 -0.0251667    1.98434    0.15558  -0.326884    1.95881   -1.36842
  0.427962 -0.0251745    1.98434   0.155538  -0.326891    1.95883   -1.36842
   0.42798 -0.0251823    1.98434   0.155495  -0.326899    1.95885   -1.36843
  0.427998 -0.0251901    1.98435   0.155453  -0.326906    1.95887   -1.36844
  0.428016 -0.0251978    1.98435   0.155412  -0.326913    1.95889   -1.36844
  0.428034 -0.0252056    1.98436    0.15537  -0.326921    1.95891   -1.36845
  0.428051 -0.0252133    1.98436   0.155328  -0.326928    1.95893   -1.36846
 0.428069 -0.025221   1.98436  0.155286 -0.326935   1.95896  -1.36847
  0.428087 -0.0252287    1.98437   0.155245  -0.326943    1.95898   -1.36847
  0.428105 -0.0252364    1.98437   0.155204   -0.32695      1.959   -1.36848
 0.428122 -0.025244   1.98438  0.155162 -0.326957   1.95902  -1.36849
   0.42814 -0.0252517    1.98438   0.155121  -0.326965    1.95904   -1.36849
  0.428158 -0.0252593    1.98439    0.15508  -0.326972    1.95906    -1.3685
  0.428175 -0.0252669    1.98439   0.155039  -0.326979    1.95908   -1.36851
  0.428193 -0.0252745    1.98439   0.154998  -0.326987     1.9591   -1.36851
  0.42821 -0.025282    1.9844  0.154957 -0.326994   1.95912  -1.36852
  0.428228 -0.0252896     1.9844   0.154916  -0.327001    1.95915   -1.36853
  0.428245 -0.0252971    1.98441   0.154875  -0.327009    1.95917   -1.36854
  0.428263 -0.0253046    1.98441   0.154835  -0.327016    1.95919   -1.36854
   0.42828 -0.0253121    1.98442   0.154794  -0.327023    1.95921   -1.36855
  0.428298 -0.0253195    1.98442   0.154754   -0.32703    1.95923   -1.36856
 0.428315 -0.025327   1.98442  0.154714 -0.327038   1.95925  -1.36856
  0.428332 -0.0253344    1.98443   0.154673  -0.327045    1.95927   -1.36857
  0.428349 -0.0253418    1.98443   0.154633  -0.327052    1.95929   -1.36858
  0.428366 -0.0253492    1.98444   0.154593   -0.32706    1.95931   -1.36858
  0.428384 -0.0253566    1.98444   0.154553  -0.327067    1.95933   -1.36859
  0.428401 -0.0253639    1.98445   0.154514  -0.327074    1.95935    -1.3686
  0.428418 -0.0253713    1.98445   0.154474  -0.327081    1.95937    -1.3686
  0.428435 -0.0253786    1.98445   0.154434  -0.327089    1.95939   -1.36861
  0.428452 -0.0253859    1.98446   0.154394  -0.327096    1.95941   -1.36862
  0.428469 -0.0253932    1.98446   0.154355  -0.327103    1.95943   -1.36862
  0.428486 -0.0254004    1.98447   0.154316   -0.32711    1.95945   -1.36863
  0.428502 -0.0254077    1.98447   0.154276  -0.327117    1.95947   -1.36864
  0.428519 -0.0254149    1.98448   0.154237  -0.327125    1.95949   -1.36864
  0.428536 -0.0254221    1.98448   0.154198  -0.327132    1.95951   -1.36865
  0.428553 -0.0254293    1.98448   0.154159  -0.327139    1.95953   -1.36866
   0.42857 -0.0254365    1.98449    0.15412  -0.327146    1.95955   -1.36866
  0.428586 -0.0254437    1.98449   0.154081  -0.327153    1.95957   -1.36867
  0.428603 -0.0254508     1.9845   0.154042  -0.327161    1.95959   -1.36868
   0.42862 -0.0254579     1.9845   0.154004  -0.327168    1.95961   -1.36868
 0.428636 -0.025465   1.98451  0.153965 -0.327175   1.95963  -1.36869
  0.428653 -0.0254721    1.98451   0.153926  -0.327182    1.95965    -1.3687
  0.428669 -0.0254792    1.98451   0.153888  -0.327189    1.95967    -1.3687
  0.428686 -0.0254862    1.98452    0.15385  -0.327197    1.95969   -1.36871
  0.428702 -0.0254933    1.98452   0.153811  -0.327204    1.95971   -1.36872
  0.428718 -0.0255003    1.98453   0.153773  -0.327211    1.95973   -1.36872
  0.428735 -0.0255073    1.98453   0.153735  -0.327218    1.95975   -1.36873
  0.428751 -0.0255143    1.98454   0.153697  -0.327225    1.95977   -1.36874
  0.428767 -0.0255212    1.98454   0.153659  -0.327232    1.95979   -1.36874
  0.428784 -0.0255282    1.98454   0.153621  -0.327239    1.95981   -1.36875
    0.4288 -0.0255351    1.98455   0.153584  -0.327247    1.95983   -1.36876
 0.428816 -0.025542   1.98455  0.153546 -0.327254   1.95985  -1.36876
  0.428832 -0.0255489    1.98456   0.153508  -0.327261    1.95987   -1.36877
  0.428848 -0.0255558    1.98456   0.153471  -0.327268    1.95989   -1.36878
  0.428864 -0.0255627    1.98457   0.153433  -0.327275    1.95991   -1.36878
   0.42888 -0.0255695    1.98457   0.153396  -0.327282    1.95993   -1.36879
  0.428896 -0.0255763    1.98457   0.153359  -0.327289    1.95994    -1.3688
  0.428912 -0.0255831    1.98458   0.153322  -0.327296    1.95996    -1.3688
  0.428928 -0.0255899    1.98458   0.153285  -0.327303    1.95998   -1.36881
  0.428944 -0.0255967    1.98459   0.153248  -0.327311       1.96   -1.36881
   0.42896 -0.0256035    1.98459   0.153211  -0.327318    1.96002   -1.36882
  0.428976 -0.0256102     1.9846   0.153174  -0.327325    1.96004   -1.36883
  0.428992 -0.0256169     1.9846   0.153137  -0.327332    1.96006   -1.36883
  0.429007 -0.0256236     1.9846   0.153101  -0.327339    1.96008   -1.36884
  0.429023 -0.0256303    1.98461   0.153064  -0.327346     1.9601   -1.36885
 0.429039 -0.025637   1.98461  0.153027 -0.327353   1.96011  -1.36885
  0.429054 -0.0256437    1.98462   0.152991   -0.32736    1.96013   -1.36886
   0.42907 -0.0256503    1.98462   0.152955  -0.327367    1.96015   -1.36886
  0.429085 -0.0256569    1.98463   0.152918  -0.327374    1.96017   -1.36887
  0.429101 -0.0256635    1.98463   0.152882  -0.327381    1.96019   -1.36888
  0.429116 -0.0256701    1.98463   0.152846  -0.327388    1.96021   -1.36888
  0.429132 -0.0256767    1.98464    0.15281  -0.327395    1.96023   -1.36889
  0.429147 -0.0256833    1.98464   0.152774  -0.327402    1.96024    -1.3689
  0.429163 -0.0256898    1.98465   0.152739  -0.327409    1.96026    -1.3689
  0.429178 -0.0256964    1.98465   0.152703  -0.327416    1.96028   -1.36891
  0.429193 -0.0257029    1.98466   0.152667  -0.327423     1.9603   -1.36891
  0.429209 -0.0257094    1.98466   0.152631   -0.32743    1.96032   -1.36892
  0.429224 -0.0257158    1.98466   0.152596  -0.327437    1.96034   -1.36893
  0.429239 -0.0257223    1.98467   0.152561  -0.327444    1.96035   -1.36893
  0.429254 -0.0257287    1.98467   0.152525  -0.327451    1.96037   -1.36894
   0.42927 -0.0257352    1.98468    0.15249  -0.327458    1.96039   -1.36894
  0.429285 -0.0257416    1.98468   0.152455  -0.327465    1.96041   -1.36895
   0.4293 -0.025748   1.98469   0.15242 -0.327472   1.96043  -1.36896
  0.429315 -0.0257544    1.98469   0.152385  -0.327479    1.96044   -1.36896
   0.42933 -0.0257607     1.9847    0.15235  -0.327486    1.96046   -1.36897
  0.429345 -0.0257671     1.9847   0.152315  -0.327493    1.96048   -1.36897
   0.42936 -0.0257734     1.9847    0.15228    -0.3275     1.9605   -1.36898
  0.429375 -0.0257797    1.98471   0.152245  -0.327507    1.96052   -1.36899
  0.42939 -0.025786   1.98471  0.152211 -0.327514   1.96053  -1.36899
  0.429405 -0.0257923    1.98472   0.152176  -0.327521    1.96055     -1.369
  0.429419 -0.0257986    1.98472   0.152142  -0.327528    1.96057     -1.369
  0.429434 -0.0258049    1.98473   0.152107  -0.327535    1.96059   -1.36901
  0.429449 -0.0258111    1.98473   0.152073  -0.327542     1.9606   -1.36902
  0.429464 -0.0258173    1.98473   0.152039  -0.327549    1.96062   -1.36902
  0.429478 -0.0258235    1.98474   0.152004  -0.327556    1.96064   -1.36903
  0.429493 -0.0258297    1.98474    0.15197  -0.327563    1.96066   -1.36903
  0.429508 -0.0258359    1.98475   0.151936   -0.32757    1.96067   -1.36904
  0.429522 -0.0258421    1.98475   0.151902  -0.327576    1.96069   -1.36904
  0.429537 -0.0258482    1.98476   0.151869  -0.327583    1.96071   -1.36905
  0.429551 -0.0258543    1.98476   0.151835   -0.32759    1.96073   -1.36906
  0.429566 -0.0258604    1.98476   0.151801  -0.327597    1.96074   -1.36906
   0.42958 -0.0258665    1.98477   0.151767  -0.327604    1.96076   -1.36907
  0.429595 -0.0258726    1.98477   0.151734  -0.327611    1.96078   -1.36907
  0.429609 -0.0258787    1.98478     0.1517  -0.327618    1.96079   -1.36908
  0.429624 -0.0258848    1.98478   0.151667  -0.327625    1.96081   -1.36909
  0.429638 -0.0258908    1.98479   0.151634  -0.327632    1.96083   -1.36909
  0.429652 -0.0258968    1.98479     0.1516  -0.327639    1.96085    -1.3691
  0.429667 -0.0259028    1.98479   0.151567  -0.327645    1.96086    -1.3691
  0.429681 -0.0259088     1.9848   0.151534  -0.327652    1.96088   -1.36911
  0.429695 -0.0259148     1.9848   0.151501  -0.327659     1.9609   -1.36911
  0.429709 -0.0259208    1.98481   0.151468  -0.327666    1.96091   -1.36912
  0.429723 -0.0259267    1.98481   0.151435  -0.327673    1.96093   -1.36913
  0.429737 -0.0259326    1.98482   0.151402   -0.32768    1.96095   -1.36913
  0.429752 -0.0259386    1.98482    0.15137  -0.327687    1.96096   -1.36914
  0.429766 -0.0259445    1.98483   0.151337  -0.327693    1.96098   -1.36914
   0.42978 -0.0259503    1.98483   0.151304    -0.3277      1.961   -1.36915
  0.429794 -0.0259562    1.98483   0.151272  -0.327707    1.96101   -1.36915
  0.429808 -0.0259621    1.98484    0.15124  -0.327714    1.96103   -1.36916
  0.429821 -0.0259679    1.98484   0.151207  -0.327721    1.96105   -1.36916
  0.429835 -0.0259737    1.98485   0.151175  -0.327728    1.96106   -1.36917
  0.429849 -0.0259796    1.98485   0.151143  -0.327734    1.96108   -1.36918
  0.429863 -0.0259854    1.98486   0.151111  -0.327741     1.9611   -1.36918
  0.429877 -0.0259911    1.98486   0.151078  -0.327748    1.96111   -1.36919
  0.429891 -0.0259969    1.98486   0.151046  -0.327755    1.96113   -1.36919
  0.429904 -0.0260027    1.98487   0.151015  -0.327762    1.96115    -1.3692
  0.429918 -0.0260084    1.98487   0.150983  -0.327768    1.96116    -1.3692
  0.429932 -0.0260141    1.98488   0.150951  -0.327775    1.96118   -1.36921
  0.429946 -0.0260198    1.98488   0.150919  -0.327782    1.96119   -1.36921
  0.429959 -0.0260255    1.98489   0.150888  -0.327789    1.96121   -1.36922
  0.429973 -0.0260312    1.98489   0.150856  -0.327796    1.96123   -1.36922
  0.429986 -0.0260369     1.9849   0.150824  -0.327802    1.96124   -1.36923
      0.43 -0.0260425     1.9849   0.150793  -0.327809    1.96126   -1.36924
  0.430013 -0.0260482     1.9849   0.150762  -0.327816    1.96128   -1.36924
  0.430027 -0.0260538    1.98491    0.15073  -0.327823    1.96129   -1.36925
   0.43004 -0.0260594    1.98491   0.150699  -0.327829    1.96131   -1.36925
 0.430054 -0.026065   1.98492  0.150668 -0.327836   1.96132  -1.36926
  0.430067 -0.0260706    1.98492   0.150637  -0.327843    1.96134   -1.36926
   0.43008 -0.0260762    1.98493   0.150606   -0.32785    1.96136   -1.36927
  0.430094 -0.0260817    1.98493   0.150575  -0.327856    1.96137   -1.36927
  0.430107 -0.0260873    1.98493   0.150544  -0.327863    1.96139   -1.36928
   0.43012 -0.0260928    1.98494   0.150513   -0.32787     1.9614   -1.36928
  0.430134 -0.0260983    1.98494   0.150483  -0.327877    1.96142   -1.36929
  0.430147 -0.0261038    1.98495   0.150452  -0.327883    1.96143   -1.36929
   0.43016 -0.0261093    1.98495   0.150421   -0.32789    1.96145    -1.3693
  0.430173 -0.0261148    1.98496   0.150391  -0.327897    1.96147   -1.36931
  0.430186 -0.0261202    1.98496   0.150361  -0.327903    1.96148   -1.36931
  0.430199 -0.0261257    1.98497    0.15033   -0.32791     1.9615   -1.36932
  0.430212 -0.0261311    1.98497     0.1503  -0.327917    1.96151   -1.36932
  0.430225 -0.0261365    1.98497    0.15027  -0.327924    1.96153   -1.36933
  0.430238 -0.0261419    1.98498   0.150239   -0.32793    1.96154   -1.36933
  0.430251 -0.0261473    1.98498   0.150209  -0.327937    1.96156   -1.36934
  0.430264 -0.0261527    1.98499   0.150179  -0.327944    1.96157   -1.36934
 0.430277 -0.026158   1.98499  0.150149  -0.32795   1.96159  -1.36935
   0.43029 -0.0261634      1.985   0.150119  -0.327957     1.9616   -1.36935
  0.430303 -0.0261687      1.985    0.15009  -0.327964    1.96162   -1.36936
 0.430316 -0.026174     1.985   0.15006  -0.32797   1.96164  -1.36936
  0.430329 -0.0261793    1.98501    0.15003  -0.327977    1.96165   -1.36937
  0.430342 -0.0261846    1.98501   0.150001  -0.327984    1.96167   -1.36937
  0.430354 -0.0261899    1.98502   0.149971   -0.32799    1.96168   -1.36938
  0.430367 -0.0261951    1.98502   0.149941  -0.327997     1.9617   -1.36938
   0.43038 -0.0262004    1.98503   0.149912  -0.328004    1.96171   -1.36939
  0.430392 -0.0262056    1.98503   0.149883   -0.32801    1.96173   -1.36939
  0.430405 -0.0262109    1.98504   0.149853  -0.328017    1.96174    -1.3694
  0.430418 -0.0262161    1.98504   0.149824  -0.328024    1.96176    -1.3694
   0.43043 -0.0262213    1.98504   0.149795   -0.32803    1.96177   -1.36941
  0.430443 -0.0262264    1.98505   0.149766  -0.328037    1.96179   -1.36941
  0.430455 -0.0262316    1.98505   0.149737  -0.328044     1.9618   -1.36942
  0.430468 -0.0262368    1.98506   0.149708   -0.32805    1.96182   -1.36942
   0.43048 -0.0262419    1.98506   0.149679  -0.328057    1.96183   -1.36943
 0.430493 -0.026247   1.98507   0.14965 -0.328064   1.96184  -1.36943
  0.430505 -0.0262522    1.98507   0.149621   -0.32807    1.96186   -1.36944
  0.430517 -0.0262573    1.98507   0.149593  -0.328077    1.96187   -1.36944
   0.43053 -0.0262624    1.98508   0.149564  -0.328083    1.96189   -1.36945
  0.430542 -0.0262674    1.98508   0.149536   -0.32809     1.9619   -1.36945
  0.430554 -0.0262725    1.98509   0.149507  -0.328097    1.96192   -1.36946
  0.430567 -0.0262776    1.98509   0.149479  -0.328103    1.96193   -1.36946
  0.430579 -0.0262826     1.9851    0.14945   -0.32811    1.96195   -1.36947
  0.430591 -0.0262876     1.9851   0.149422  -0.328116    1.96196   -1.36947
  0.430603 -0.0262926    1.98511   0.149394  -0.328123    1.96198   -1.36948
  0.430616 -0.0262976    1.98511   0.149365   -0.32813    1.96199   -1.36948
  0.430628 -0.0263026    1.98511   0.149337  -0.328136    1.96201   -1.36949
   0.43064 -0.0263076    1.98512   0.149309  -0.328143    1.96202   -1.36949
  0.430652 -0.0263126    1.98512   0.149281  -0.328149    1.96203    -1.3695
  0.430664 -0.0263175    1.98513   0.149253  -0.328156    1.96205    -1.3695
  0.430676 -0.0263224    1.98513   0.149225  -0.328162    1.96206   -1.36951
  0.430688 -0.0263274    1.98514   0.149198  -0.328169    1.96208   -1.36951
    0.4307 -0.0263323    1.98514    0.14917  -0.328176    1.96209   -1.36952
  0.430712 -0.0263372    1.98515   0.149142  -0.328182    1.96211   -1.36952
  0.430724 -0.0263421    1.98515   0.149115  -0.328189    1.96212   -1.36953
  0.430736 -0.0263469    1.98515   0.149087  -0.328195    1.96213   -1.36953
  0.430748 -0.0263518    1.98516    0.14906  -0.328202    1.96215   -1.36953
   0.43076 -0.0263566    1.98516   0.149032  -0.328208    1.96216   -1.36954
