  0.0183889  0.00656715 -0.00285229
 0.0330609 0.00322178  0.0170537
 0.0435411 0.00133396  0.0307002
  0.0506947 0.000308909   0.0397571
   0.0554066 -0.000209363    0.0456011
   0.0584044 -0.000433352    0.0492612
   0.0602319 -0.000489526    0.0514656
   0.0612751 -0.000452826    0.0527131
   0.0618006 -0.000367357    0.0533396
   0.0619894 -0.000258817    0.0535685
   0.0619634 -0.000141936    0.0535473
   0.0618036 -2.49528e-05    0.0533728
  0.0615641 8.77181e-05   0.0531085
  0.0612804 0.000193888   0.0527955
  0.0609756 0.000292645   0.0524603
  0.0606647 0.000383796   0.0521198
  0.0603572 0.000467533   0.0517845
   0.060059 0.000544244   0.0514608
  0.0597737 0.000614406   0.0511523
  0.0595029 0.000678519   0.0508609
  0.0592476 0.000737077   0.0505873
  0.0590079 0.000790549   0.0503314
  0.0587836 0.000839374   0.0500929
  0.0585741 0.000883955   0.0498711
  0.0583786 0.000924662   0.0496649
  0.0581965 0.000961834   0.0494736
   0.058027 0.000995778   0.0492961
 0.0578692 0.00102678  0.0491315
 0.0577222 0.00105508  0.0489789
 0.0575855 0.00108093  0.0488373
 0.0574582 0.00110453   0.048706
 0.0573396 0.00112608  0.0485842
 0.0572291 0.00114575  0.0484711
0.0571261 0.0011637  0.048366
 0.0570301 0.00118009  0.0482684
 0.0569404 0.00119504  0.0481776
 0.0568566 0.00120868  0.0480932
 0.0567783 0.00122112  0.0480145
  0.056705 0.00123247  0.0479411
 0.0566363 0.00124281  0.0478726
 0.0565719 0.00125223  0.0478087
 0.0565115 0.00126081  0.0477489
 0.0564547 0.00126862   0.047693
 0.0564012 0.00127573  0.0476405
0.0563508 0.0012822 0.0475913
 0.0563033 0.00128808   0.047545
 0.0562584 0.00129342  0.0475015
 0.0562159 0.00129826  0.0474605
 0.0561756 0.00130266  0.0474218
 0.0561374 0.00130664  0.0473852
  0.056101 0.00131025  0.0473506
0.0560664 0.0013135 0.0473178
 0.0560334 0.00131645  0.0472867
0.0560019 0.0013191  0.047257
 0.0559718 0.00132149  0.0472288
 0.0559429 0.00132364  0.0472019
 0.0559152 0.00132556  0.0471761
 0.0558885 0.00132728  0.0471514
 0.0558628 0.00132882  0.0471278
  0.055838 0.00133018  0.0471051
 0.0558141 0.00133139  0.0470832
 0.0557909 0.00133246  0.0470621
0.0557685 0.0013334 0.0470417
 0.0557467 0.00133422   0.047022
 0.0557255 0.00133493   0.047003
 0.0557049 0.00133554  0.0469845
 0.0556849 0.00133606  0.0469665
 0.0556653 0.00133649   0.046949
 0.0556461 0.00133685   0.046932
 0.0556274 0.00133714  0.0469153
  0.055609 0.00133737  0.0468991
 0.0555911 0.00133754  0.0468832
 0.0555734 0.00133765  0.0468677
  0.055556 0.00133772  0.0468524
  0.055539 0.00133774  0.0468375
 0.0555222 0.00133772  0.0468228
 0.0555057 0.00133767  0.0468083
 0.0554894 0.00133758  0.0467941
 0.0554733 0.00133746  0.0467801
 0.0554574 0.00133731  0.0467663
 0.0554417 0.00133714  0.0467527
 0.0554262 0.00133694  0.0467392
 0.0554108 0.00133672  0.0467259
 0.0553957 0.00133649  0.0467128
 0.0553806 0.00133623  0.0466998
 0.0553657 0.00133596  0.0466869
  0.055351 0.00133567  0.0466742
 0.0553363 0.00133537  0.0466616
 0.0553218 0.00133506  0.0466491
 0.0553074 0.00133474  0.0466367
 0.0552931 0.00133441  0.0466245
 0.0552789 0.00133407  0.0466123
 0.0552649 0.00133372  0.0466002
 0.0552509 0.00133337  0.0465882
0.0552369  0.001333 0.0465762
 0.0552231 0.00133264  0.0465644
 0.0552094 0.00133226  0.0465526
 0.0551957 0.00133188  0.0465409
0.0551822 0.0013315 0.0465293
 0.0551686 0.00133112  0.0465177
 0.0551552 0.00133073  0.0465062
 0.0551418 0.00133034  0.0464948
 0.0551286 0.00132994  0.0464834
 0.0551153 0.00132954  0.0464721
 0.0551022 0.00132915  0.0464609
 0.0550891 0.00132874  0.0464497
  0.055076 0.00132834  0.0464385
  0.055063 0.00132794  0.0464274
 0.0550501 0.00132754  0.0464164
 0.0550372 0.00132713  0.0464054
 0.0550244 0.00132673  0.0463944
 0.0550116 0.00132632  0.0463836
 0.0549989 0.00132591  0.0463727
 0.0549863 0.00132551  0.0463619
0.0549737 0.0013251 0.0463511
0.0549611 0.0013247 0.0463404
 0.0549486 0.00132429  0.0463298
 0.0549362 0.00132388  0.0463191
 0.0549238 0.00132348  0.0463085
 0.0549114 0.00132307   0.046298
 0.0548991 0.00132267  0.0462875
 0.0548869 0.00132227   0.046277
 0.0548747 0.00132186  0.0462666
 0.0548625 0.00132146  0.0462562
 0.0548504 0.00132106  0.0462459
 0.0548383 0.00132066  0.0462356
 0.0548263 0.00132026  0.0462253
 0.0548143 0.00131986  0.0462151
 0.0548023 0.00131946  0.0462049
 0.0547905 0.00131906  0.0461948
 0.0547786 0.00131866  0.0461846
 0.0547668 0.00131827  0.0461746
  0.054755 0.00131787  0.0461645
 0.0547433 0.00131748  0.0461545
 0.0547316 0.00131709  0.0461446
   0.05472 0.00131669  0.0461346
0.0547084 0.0013163 0.0461247
 0.0546968 0.00131591  0.0461149
 0.0546853 0.00131553   0.046105
 0.0546738 0.00131514  0.0460953
 0.0546624 0.00131475  0.0460855
  0.054651 0.00131437  0.0460758
 0.0546397 0.00131398  0.0460661
0.0546284 0.0013136 0.0460564
 0.0546171 0.00131322  0.0460468
 0.0546059 0.00131284  0.0460372
 0.0545947 0.00131246  0.0460277
 0.0545835 0.00131208  0.0460182
0.0545724 0.0013117 0.0460087
 0.0545613 0.00131132  0.0459992
 0.0545503 0.00131095  0.0459898
 0.0545393 0.00131057  0.0459804
0.0545283 0.0013102 0.0459711
 0.0545174 0.00130983  0.0459617
 0.0545065 0.00130946  0.0459525
 0.0544957 0.00130909  0.0459432
 0.0544849 0.00130872   0.045934
 0.0544741 0.00130835  0.0459248
 0.0544634 0.00130798  0.0459156
 0.0544527 0.00130762  0.0459065
  0.054442 0.00130725  0.0458974
 0.0544314 0.00130689  0.0458883
 0.0544208 0.00130653  0.0458793
 0.0544103 0.00130617  0.0458703
 0.0543998 0.00130581  0.0458613
 0.0543893 0.00130545  0.0458524
 0.0543789 0.00130509  0.0458435
 0.0543685 0.00130474  0.0458346
 0.0543581 0.00130438  0.0458257
 0.0543478 0.00130403  0.0458169
 0.0543375 0.00130367  0.0458081
 0.0543272 0.00130332  0.0457994
  0.054317 0.00130297  0.0457906
 0.0543068 0.00130262  0.0457819
 0.0542966 0.00130227  0.0457733
 0.0542865 0.00130192  0.0457646
 0.0542764 0.00130157   0.045756
 0.0542664 0.00130123  0.0457474
 0.0542564 0.00130088  0.0457389
 0.0542464 0.00130054  0.0457303
0.0542365 0.0013002 0.0457219
 0.0542265 0.00129986  0.0457134
 0.0542167 0.00129951   0.045705
 0.0542068 0.00129918  0.0456965
  0.054197 0.00129884  0.0456882
0.0541872 0.0012985 0.0456798
 0.0541775 0.00129816  0.0456715
 0.0541678 0.00129783  0.0456632
 0.0541581 0.00129749  0.0456549
 0.0541485 0.00129716  0.0456467
 0.0541389 0.00129683  0.0456385
0.0541293 0.0012965 0.0456303
 0.0541197 0.00129616  0.0456221
 0.0541102 0.00129584   0.045614
 0.0541007 0.00129551  0.0456059
 0.0540913 0.00129518  0.0455978
 0.0540819 0.00129485  0.0455898
 0.0540725 0.00129453  0.0455818
0.0540631 0.0012942 0.0455738
 0.0540538 0.00129388  0.0455658
 0.0540445 0.00129356  0.0455579
 0.0540353 0.00129323    0.04555
  0.054026 0.00129291  0.0455421
 0.0540168 0.00129259  0.0455342
 0.0540077 0.00129228  0.0455264
 0.0539985 0.00129196  0.0455186
 0.0539894 0.00129164  0.0455108
 0.0539804 0.00129133   0.045503
 0.0539713 0.00129101  0.0454953
0.0539623 0.0012907 0.0454876
 0.0539533 0.00129038  0.0454799
 0.0539444 0.00129007  0.0454723
 0.0539355 0.00128976  0.0454647
 0.0539266 0.00128945  0.0454571
 0.0539177 0.00128914  0.0454495
 0.0539089 0.00128883  0.0454419
 0.0539001 0.00128852  0.0454344
 0.0538913 0.00128822  0.0454269
 0.0538826 0.00128791  0.0454194
 0.0538739 0.00128761   0.045412
0.0538652 0.0012873 0.0454046
0.0538565  0.001287 0.0453972
0.0538479 0.0012867 0.0453898
0.0538393 0.0012864 0.0453824
0.0538307 0.0012861 0.0453751
0.0538222 0.0012858 0.0453678
0.0538137 0.0012855 0.0453605
0.0538052 0.0012852 0.0453533
 0.0537968 0.00128491  0.0453461
 0.0537883 0.00128461  0.0453389
 0.0537799 0.00128431  0.0453317
 0.0537716 0.00128402  0.0453245
 0.0537632 0.00128373  0.0453174
 0.0537549 0.00128344  0.0453103
 0.0537466 0.00128314  0.0453032
 0.0537384 0.00128285  0.0452961
 0.0537302 0.00128256  0.0452891
  0.053722 0.00128227  0.0452821
 0.0537138 0.00128199  0.0452751
0.0537056 0.0012817 0.0452681
 0.0536975 0.00128141  0.0452612
 0.0536894 0.00128113  0.0452542
 0.0536814 0.00128084  0.0452473
 0.0536733 0.00128056  0.0452405
 0.0536653 0.00128028  0.0452336
 0.0536573 0.00127999  0.0452268
 0.0536494 0.00127971    0.04522
 0.0536414 0.00127943  0.0452132
 0.0536335 0.00127915  0.0452064
 0.0536256 0.00127887  0.0451997
 0.0536178 0.00127859  0.0451929
 0.0536099 0.00127832  0.0451862
 0.0536021 0.00127804  0.0451796
 0.0535944 0.00127776  0.0451729
 0.0535866 0.00127749  0.0451663
 0.0535789 0.00127722  0.0451597
 0.0535712 0.00127694  0.0451531
 0.0535635 0.00127667  0.0451465
0.0535559 0.0012764   0.04514
 0.0535482 0.00127613  0.0451334
 0.0535406 0.00127586  0.0451269
 0.0535331 0.00127559  0.0451204
 0.0535255 0.00127532   0.045114
  0.053518 0.00127505  0.0451075
 0.0535105 0.00127478  0.0451011
  0.053503 0.00127452  0.0450947
 0.0534956 0.00127425  0.0450883
 0.0534881 0.00127399   0.045082
 0.0534807 0.00127372  0.0450756
 0.0534734 0.00127346  0.0450693
 0.053466 0.0012732  0.045063
 0.0534587 0.00127294  0.0450567
 0.0534514 0.00127267  0.0450505
 0.0534441 0.00127241  0.0450443
 0.0534368 0.00127216   0.045038
0.0534296 0.0012719 0.0450318
 0.0534224 0.00127164  0.0450257
 0.0534152 0.00127138  0.0450195
  0.053408 0.00127112  0.0450134
 0.0534009 0.00127087  0.0450073
 0.0533938 0.00127061  0.0450012
 0.0533867 0.00127036  0.0449951
 0.0533796 0.00127011   0.044989
 0.0533726 0.00126985   0.044983
0.0533655 0.0012696  0.044977
 0.0533585 0.00126935   0.044971
0.0533516 0.0012691  0.044965
 0.0533446 0.00126885  0.0449591
0.0533377 0.0012686 0.0449531
 0.0533308 0.00126835  0.0449472
0.0533239 0.0012681 0.0449413
  0.053317 0.00126786  0.0449354
 0.0533102 0.00126761  0.0449295
 0.0533033 0.00126736  0.0449237
 0.0532965 0.00126712  0.0449179
 0.0532898 0.00126687  0.0449121
  0.053283 0.00126663  0.0449063
 0.0532763 0.00126639  0.0449005
 0.0532696 0.00126614  0.0448948
0.0532629 0.0012659  0.044889
 0.0532562 0.00126566  0.0448833
 0.0532496 0.00126542  0.0448776
 0.0532429 0.00126518  0.0448719
 0.0532363 0.00126494  0.0448663
 0.0532297 0.00126471  0.0448606
 0.0532232 0.00126447   0.044855
 0.0532166 0.00126423  0.0448494
 0.0532101 0.00126399  0.0448438
 0.0532036 0.00126376  0.0448383
 0.0531971 0.00126352  0.0448327
 0.0531907 0.00126329  0.0448272
 0.0531843 0.00126306  0.0448217
 0.0531778 0.00126282  0.0448162
 0.0531714 0.00126259  0.0448107
 0.0531651 0.00126236  0.0448052
 0.0531587 0.00126213  0.0447998
0.0531524 0.0012619 0.0447943
 0.0531461 0.00126167  0.0447889
 0.0531398 0.00126144  0.0447835
 0.0531335 0.00126121  0.0447781
 0.0531273 0.00126098  0.0447728
  0.053121 0.00126076  0.0447674
 0.0531148 0.00126053  0.0447621
0.0531086 0.0012603 0.0447568
 0.0531025 0.00126008  0.0447515
 0.0530963 0.00125985  0.0447462
 0.0530902 0.00125963   0.044741
 0.0530841 0.00125941  0.0447357
  0.053078 0.00125918  0.0447305
 0.0530719 0.00125896  0.0447253
 0.0530658 0.00125874  0.0447201
 0.0530598 0.00125852  0.0447149
0.0530538 0.0012583 0.0447098
 0.0530478 0.00125808  0.0447046
 0.0530418 0.00125786  0.0446995
 0.0530358 0.00125764  0.0446944
 0.0530299 0.00125742  0.0446893
  0.053024 0.00125721  0.0446842
 0.0530181 0.00125699  0.0446792
 0.0530122 0.00125677  0.0446741
 0.0530063 0.00125656  0.0446691
 0.0530005 0.00125634  0.0446641
 0.0529947 0.00125613  0.0446591
 0.0529889 0.00125591  0.0446541
0.0529831 0.0012557 0.0446491
 0.0529773 0.00125549  0.0446442
 0.0529715 0.00125528  0.0446392
 0.0529658 0.00125507  0.0446343
 0.0529601 0.00125485  0.0446294
 0.0529544 0.00125464  0.0446245
 0.0529487 0.00125443  0.0446196
  0.052943 0.00125423  0.0446148
 0.0529374 0.00125402  0.0446099
 0.0529318 0.00125381  0.0446051
0.0529262 0.0012536 0.0446003
0.0529206 0.0012534 0.0445955
  0.052915 0.00125319  0.0445907
 0.0529094 0.00125298  0.0445859
 0.0529039 0.00125278  0.0445812
 0.0528984 0.00125257  0.0445764
 0.0528929 0.00125237  0.0445717
 0.0528874 0.00125217   0.044567
 0.0528819 0.00125196  0.0445623
 0.0528765 0.00125176  0.0445576
  0.052871 0.00125156  0.0445529
 0.0528656 0.00125136  0.0445483
 0.0528602 0.00125116  0.0445437
 0.0528548 0.00125096   0.044539
 0.0528495 0.00125076  0.0445344
 0.0528441 0.00125056  0.0445298
 0.0528388 0.00125036  0.0445252
 0.0528335 0.00125016  0.0445207
 0.0528282 0.00124996  0.0445161
 0.0528229 0.00124977  0.0445116
 0.0528176 0.00124957  0.0445071
 0.0528124 0.00124938  0.0445026
 0.0528071 0.00124918  0.0444981
 0.0528019 0.00124899  0.0444936
 0.0527967 0.00124879  0.0444891
0.0527915 0.0012486 0.0444847
0.0527864 0.0012484 0.0444802
 0.0527812 0.00124821  0.0444758
 0.0527761 0.00124802  0.0444714
 0.0527709 0.00124783   0.044467
 0.0527658 0.00124764  0.0444626
 0.0527607 0.00124745  0.0444582
 0.0527557 0.00124726  0.0444539
 0.0527506 0.00124707  0.0444495
 0.0527456 0.00124688  0.0444452
 0.0527406 0.00124669  0.0444409
0.0527355 0.0012465 0.0444366
 0.0527305 0.00124631  0.0444323
 0.0527256 0.00124613   0.044428
 0.0527206 0.00124594  0.0444237
 0.0527157 0.00124575  0.0444195
 0.0527107 0.00124557  0.0444152
 0.0527058 0.00124538   0.044411
0.0527009 0.0012452 0.0444068
  0.052696 0.00124501  0.0444026
 0.0526911 0.00124483  0.0443984
 0.0526863 0.00124465  0.0443942
 0.0526814 0.00124446  0.0443901
 0.0526766 0.00124428  0.0443859
0.0526718 0.0012441 0.0443818
  0.052667 0.00124392  0.0443777
 0.0526622 0.00124374  0.0443736
 0.0526575 0.00124356  0.0443695
 0.0526527 0.00124338  0.0443654
 0.052648 0.0012432 0.0443613
 0.0526433 0.00124302  0.0443572
 0.0526385 0.00124284  0.0443532
 0.0526338 0.00124266  0.0443492
 0.0526292 0.00124249  0.0443451
 0.0526245 0.00124231  0.0443411
 0.0526199 0.00124213  0.0443371
 0.0526152 0.00124196  0.0443331
 0.0526106 0.00124178  0.0443292
  0.052606 0.00124161  0.0443252
 0.0526014 0.00124143  0.0443213
 0.0525968 0.00124126  0.0443173
 0.0525923 0.00124109  0.0443134
 0.0525877 0.00124091  0.0443095
 0.0525832 0.00124074  0.0443056
 0.0525786 0.00124057  0.0443017
0.0525741 0.0012404 0.0442978
 0.0525696 0.00124022  0.0442939
 0.0525652 0.00124005  0.0442901
 0.0525607 0.00123988  0.0442862
 0.0525562 0.00123971  0.0442824
 0.0525518 0.00123954  0.0442786
 0.0525474 0.00123937  0.0442748
 0.0525429 0.00123921   0.044271
 0.0525385 0.00123904  0.0442672
 0.0525342 0.00123887  0.0442634
0.0525298 0.0012387 0.0442597
 0.0525254 0.00123853  0.0442559
 0.0525211 0.00123837  0.0442522
0.0525167 0.0012382 0.0442484
 0.0525124 0.00123804  0.0442447
 0.0525081 0.00123787   0.044241
 0.0525038 0.00123771  0.0442373
 0.0524995 0.00123754  0.0442336
 0.0524953 0.00123738    0.04423
  0.052491 0.00123721  0.0442263
 0.0524868 0.00123705  0.0442227
 0.0524826 0.00123689   0.044219
 0.0524783 0.00123673  0.0442154
 0.0524741 0.00123657  0.0442118
0.0524699 0.0012364 0.0442082
 0.0524658 0.00123624  0.0442046
 0.0524616 0.00123608   0.044201
 0.0524575 0.00123592  0.0441974
 0.0524533 0.00123576  0.0441938
0.0524492 0.0012356 0.0441903
 0.0524451 0.00123544  0.0441867
  0.052441 0.00123529  0.0441832
 0.0524369 0.00123513  0.0441797
 0.0524328 0.00123497  0.0441762
 0.0524287 0.00123481  0.0441727
 0.0524247 0.00123466  0.0441692
0.0524206 0.0012345 0.0441657
 0.0524166 0.00123434  0.0441622
 0.0524126 0.00123419  0.0441588
 0.0524086 0.00123403  0.0441553
 0.0524046 0.00123388  0.0441519
 0.0524006 0.00123372  0.0441485
 0.0523967 0.00123357  0.0441451
 0.0523927 0.00123342  0.0441416
 0.0523888 0.00123326  0.0441383
 0.0523848 0.00123311  0.0441349
 0.0523809 0.00123296  0.0441315
  0.052377 0.00123281  0.0441281
 0.0523731 0.00123265  0.0441248
0.0523692 0.0012325 0.0441214
 0.0523653 0.00123235  0.0441181
0.0523615 0.0012322 0.0441148
 0.0523576 0.00123205  0.0441114
0.0523538 0.0012319 0.0441081
   0.05235 0.00123175  0.0441048
0.0523462 0.0012316 0.0441015
 0.0523424 0.00123146  0.0440983
 0.0523386 0.00123131   0.044095
 0.0523348 0.00123116  0.0440917
  0.052331 0.00123101  0.0440885
 0.0523273 0.00123086  0.0440853
 0.0523235 0.00123072   0.044082
 0.0523198 0.00123057  0.0440788
  0.052316 0.00123043  0.0440756
 0.0523123 0.00123028  0.0440724
 0.0523086 0.00123014  0.0440692
 0.0523049 0.00122999   0.044066
 0.0523013 0.00122985  0.0440629
0.0522976 0.0012297 0.0440597
 0.0522939 0.00122956  0.0440565
 0.0522903 0.00122941  0.0440534
 0.0522866 0.00122927  0.0440503
  0.052283 0.00122913  0.0440471
 0.0522794 0.00122899   0.044044
 0.0522758 0.00122885  0.0440409
0.0522722 0.0012287 0.0440378
 0.0522686 0.00122856  0.0440347
 0.0522651 0.00122842  0.0440316
 0.0522615 0.00122828  0.0440286
 0.0522579 0.00122814  0.0440255
0.0522544  0.001228 0.0440225
 0.0522509 0.00122786  0.0440194
 0.0522474 0.00122772  0.0440164
 0.0522438 0.00122758  0.0440134
 0.0522404 0.00122745  0.0440103
 0.0522369 0.00122731  0.0440073
 0.0522334 0.00122717  0.0440043
 0.0522299 0.00122703  0.0440013
0.0522265 0.0012269 0.0439984
  0.052223 0.00122676  0.0439954
 0.0522196 0.00122662  0.0439924
 0.0522162 0.00122649  0.0439895
 0.0522127 0.00122635  0.0439865
 0.0522093 0.00122622  0.0439836
 0.0522059 0.00122608  0.0439807
 0.0522026 0.00122595  0.0439777
 0.0521992 0.00122581  0.0439748
 0.0521958 0.00122568  0.0439719
 0.0521925 0.00122555   0.043969
 0.0521891 0.00122541  0.0439661
 0.0521858 0.00122528  0.0439633
 0.0521824 0.00122515  0.0439604
 0.0521791 0.00122501  0.0439575
 0.0521758 0.00122488  0.0439547
 0.0521725 0.00122475  0.0439518
 0.0521692 0.00122462   0.043949
  0.052166 0.00122449  0.0439462
 0.0521627 0.00122436  0.0439433
 0.0521594 0.00122423  0.0439405
0.0521562 0.0012241 0.0439377
 0.0521529 0.00122397  0.0439349
 0.0521497 0.00122384  0.0439321
 0.0521465 0.00122371  0.0439294
 0.0521433 0.00122358  0.0439266
 0.0521401 0.00122345  0.0439238
 0.0521369 0.00122333  0.0439211
0.0521337 0.0012232 0.0439183
 0.0521305 0.00122307  0.0439156
 0.0521274 0.00122294  0.0439128
 0.0521242 0.00122282  0.0439101
 0.0521211 0.00122269  0.0439074
 0.0521179 0.00122256  0.0439047
 0.0521148 0.00122244   0.043902
 0.0521117 0.00122231  0.0438993
 0.0521086 0.00122219  0.0438966
 0.0521055 0.00122206  0.0438939
 0.0521024 0.00122194  0.0438913
 0.0520993 0.00122181  0.0438886
 0.0520962 0.00122169   0.043886
 0.0520932 0.00122157  0.0438833
 0.0520901 0.00122144  0.0438807
 0.0520871 0.00122132   0.043878
 0.052084 0.0012212 0.0438754
  0.052081 0.00122108  0.0438728
  0.052078 0.00122095  0.0438702
  0.052075 0.00122083  0.0438676
  0.052072 0.00122071   0.043865
  0.052069 0.00122059  0.0438624
  0.052066 0.00122047  0.0438598
  0.052063 0.00122035  0.0438573
 0.0520601 0.00122023  0.0438547
 0.0520571 0.00122011  0.0438521
 0.0520542 0.00121999  0.0438496
 0.0520512 0.00121987  0.0438471
 0.0520483 0.00121975  0.0438445
 0.0520454 0.00121963   0.043842
 0.0520424 0.00121951  0.0438395
 0.0520395 0.00121939   0.043837
 0.0520366 0.00121927  0.0438345
 0.0520337 0.00121916   0.043832
 0.0520309 0.00121904  0.0438295
  0.052028 0.00121892   0.043827
 0.0520251 0.00121881  0.0438245
 0.0520223 0.00121869   0.043822
 0.0520194 0.00121857  0.0438196
 0.0520166 0.00121846  0.0438171
 0.0520137 0.00121834  0.0438147
 0.0520109 0.00121823  0.0438122
 0.0520081 0.00121811  0.0438098
0.0520053  0.001218 0.0438074
 0.0520025 0.00121788   0.043805
 0.0519997 0.00121777  0.0438025
 0.0519969 0.00121765  0.0438001
 0.0519942 0.00121754  0.0437977
 0.0519914 0.00121743  0.0437953
 0.0519886 0.00121731   0.043793
0.0519859 0.0012172 0.0437906
 0.0519831 0.00121709  0.0437882
 0.0519804 0.00121698  0.0437858
 0.0519777 0.00121686  0.0437835
 0.0519749 0.00121675  0.0437811
 0.0519722 0.00121664  0.0437788
 0.0519695 0.00121653  0.0437764
 0.0519668 0.00121642  0.0437741
 0.0519641 0.00121631  0.0437718
0.0519615 0.0012162 0.0437695
 0.0519588 0.00121609  0.0437671
 0.0519561 0.00121598  0.0437648
 0.0519535 0.00121587  0.0437625
 0.0519508 0.00121576  0.0437602
 0.0519482 0.00121565   0.043758
 0.0519455 0.00121554  0.0437557
 0.0519429 0.00121543  0.0437534
 0.0519403 0.00121532  0.0437511
 0.0519377 0.00121521  0.0437489
 0.0519351 0.00121511  0.0437466
0.0519325  0.001215 0.0437444
 0.0519299 0.00121489  0.0437421
 0.0519273 0.00121478  0.0437399
 0.0519247 0.00121468  0.0437377
 0.0519222 0.00121457  0.0437354
 0.0519196 0.00121447  0.0437332
  0.051917 0.00121436   0.043731
 0.0519145 0.00121425  0.0437288
 0.0519119 0.00121415  0.0437266
 0.0519094 0.00121404  0.0437244
 0.0519069 0.00121394  0.0437222
 0.0519044 0.00121383  0.0437201
 0.0519019 0.00121373  0.0437179
 0.0518994 0.00121362  0.0437157
 0.0518969 0.00121352  0.0437136
 0.0518944 0.00121342  0.0437114
 0.0518919 0.00121331  0.0437092
 0.0518894 0.00121321  0.0437071
 0.0518869 0.00121311   0.043705
0.0518845  0.001213 0.0437028
 0.051882 0.0012129 0.0437007
0.0518796 0.0012128 0.0436986
0.0518771 0.0012127 0.0436965
0.0518747 0.0012126 0.0436944
 0.0518723 0.00121249  0.0436923
 0.0518699 0.00121239  0.0436902
 0.0518675 0.00121229  0.0436881
  0.051865 0.00121219   0.043686
 0.0518626 0.00121209  0.0436839
 0.0518603 0.00121199  0.0436818
 0.0518579 0.00121189  0.0436798
 0.0518555 0.00121179  0.0436777
 0.0518531 0.00121169  0.0436757
 0.0518508 0.00121159  0.0436736
 0.0518484 0.00121149  0.0436716
  0.051846 0.00121139  0.0436695
 0.0518437 0.00121129  0.0436675
0.0518414 0.0012112 0.0436655
 0.051839 0.0012111 0.0436635
0.0518367  0.001211 0.0436614
0.0518344 0.0012109 0.0436594
0.0518321 0.0012108 0.0436574
 0.0518298 0.00121071  0.0436554
 0.0518275 0.00121061  0.0436534
 0.0518252 0.00121051  0.0436514
 0.0518229 0.00121042  0.0436495
 0.0518206 0.00121032  0.0436475
 0.0518183 0.00121022  0.0436455
 0.0518161 0.00121013  0.0436436
 0.0518138 0.00121003  0.0436416
 0.0518115 0.00120994  0.0436396
 0.0518093 0.00120984  0.0436377
 0.0518071 0.00120975  0.0436357
 0.0518048 0.00120965  0.0436338
 0.0518026 0.00120956  0.0436319
 0.0518004 0.00120946  0.0436299
 0.0517981 0.00120937   0.043628
 0.0517959 0.00120928  0.0436261
 0.0517937 0.00120918  0.0436242
 0.0517915 0.00120909  0.0436223
0.0517893  0.001209 0.0436204
0.0517872 0.0012089 0.0436185
  0.051785 0.00120881  0.0436166
 0.0517828 0.00120872  0.0436147
 0.0517806 0.00120863  0.0436128
 0.0517785 0.00120853   0.043611
 0.0517763 0.00120844  0.0436091
 0.0517742 0.00120835  0.0436072
  0.051772 0.00120826  0.0436054
 0.0517699 0.00120817  0.0436035
 0.0517677 0.00120808  0.0436017
 0.0517656 0.00120798  0.0435998
 0.0517635 0.00120789   0.043598
0.0517614 0.0012078 0.0435961
 0.0517593 0.00120771  0.0435943
 0.0517572 0.00120762  0.0435925
 0.0517551 0.00120753  0.0435907
  0.051753 0.00120744  0.0435889
 0.0517509 0.00120736   0.043587
 0.0517488 0.00120727  0.0435852
 0.0517467 0.00120718  0.0435834
 0.0517447 0.00120709  0.0435816
0.0517426  0.001207 0.0435799
 0.0517406 0.00120691  0.0435781
 0.0517385 0.00120682  0.0435763
 0.0517365 0.00120674  0.0435745
 0.0517344 0.00120665  0.0435727
 0.0517324 0.00120656   0.043571
 0.0517304 0.00120647  0.0435692
 0.0517283 0.00120639  0.0435675
0.0517263 0.0012063 0.0435657
 0.0517243 0.00120621   0.043564
 0.0517223 0.00120613  0.0435622
 0.0517203 0.00120604  0.0435605
 0.0517183 0.00120595  0.0435588
 0.0517163 0.00120587   0.043557
 0.0517143 0.00120578  0.0435553
0.0517124 0.0012057 0.0435536
 0.0517104 0.00120561  0.0435519
 0.0517084 0.00120553  0.0435502
 0.0517065 0.00120544  0.0435485
 0.0517045 0.00120536  0.0435468
 0.0517025 0.00120527  0.0435451
 0.0517006 0.00120519  0.0435434
0.0516987 0.0012051 0.0435417
 0.0516967 0.00120502    0.04354
 0.0516948 0.00120494  0.0435383
 0.0516929 0.00120485  0.0435367
  0.051691 0.00120477   0.043535
  0.051689 0.00120469  0.0435333
0.0516871 0.0012046 0.0435317
 0.0516852 0.00120452    0.04353
 0.0516833 0.00120444  0.0435284
 0.0516814 0.00120436  0.0435267
 0.0516795 0.00120427  0.0435251
 0.0516777 0.00120419  0.0435235
 0.0516758 0.00120411  0.0435218
 0.0516739 0.00120403  0.0435202
  0.051672 0.00120395  0.0435186
 0.0516702 0.00120386   0.043517
 0.0516683 0.00120378  0.0435153
0.0516665 0.0012037 0.0435137
 0.0516646 0.00120362  0.0435121
 0.0516628 0.00120354  0.0435105
 0.0516609 0.00120346  0.0435089
 0.0516591 0.00120338  0.0435073
0.0516573 0.0012033 0.0435058
 0.0516555 0.00120322  0.0435042
 0.0516536 0.00120314  0.0435026
 0.0516518 0.00120306   0.043501
   0.05165 0.00120298  0.0434994
0.0516482 0.0012029 0.0434979
 0.0516464 0.00120283  0.0434963
 0.0516446 0.00120275  0.0434948
 0.0516428 0.00120267  0.0434932
 0.0516411 0.00120259  0.0434916
 0.0516393 0.00120251  0.0434901
 0.0516375 0.00120243  0.0434886
 0.0516357 0.00120236   0.043487
  0.051634 0.00120228  0.0434855
0.0516322 0.0012022  0.043484
 0.0516305 0.00120212  0.0434824
 0.0516287 0.00120205  0.0434809
  0.051627 0.00120197  0.0434794
 0.0516252 0.00120189  0.0434779
 0.0516235 0.00120182  0.0434764
 0.0516218 0.00120174  0.0434749
   0.05162 0.00120166  0.0434734
 0.0516183 0.00120159  0.0434719
 0.0516166 0.00120151  0.0434704
 0.0516149 0.00120144  0.0434689
 0.0516132 0.00120136  0.0434674
 0.0516115 0.00120129  0.0434659
 0.0516098 0.00120121  0.0434644
 0.0516081 0.00120114   0.043463
 0.0516064 0.00120106  0.0434615
 0.0516047 0.00120099    0.04346
  0.051603 0.00120091  0.0434586
 0.0516014 0.00120084  0.0434571
 0.0515997 0.00120076  0.0434557
  0.051598 0.00120069  0.0434542
 0.0515964 0.00120062  0.0434528
 0.0515947 0.00120054  0.0434513
 0.0515931 0.00120047  0.0434499
0.0515914 0.0012004 0.0434485
 0.0515898 0.00120032   0.043447
 0.0515881 0.00120025  0.0434456
 0.0515865 0.00120018  0.0434442
0.0515849 0.0012001 0.0434428
 0.0515832 0.00120003  0.0434413
 0.0515816 0.00119996  0.0434399
   0.05158 0.00119989  0.0434385
 0.0515784 0.00119981  0.0434371
 0.0515768 0.00119974  0.0434357
 0.0515752 0.00119967  0.0434343
0.0515736 0.0011996 0.0434329
  0.051572 0.00119953  0.0434315
 0.0515704 0.00119946  0.0434302
 0.0515688 0.00119939  0.0434288
 0.0515672 0.00119932  0.0434274
 0.0515656 0.00119924   0.043426
  0.051564 0.00119917  0.0434246
0.0515625 0.0011991 0.0434233
 0.0515609 0.00119903  0.0434219
 0.0515593 0.00119896  0.0434206
 0.0515578 0.00119889  0.0434192
 0.0515562 0.00119882  0.0434178
 0.0515547 0.00119875  0.0434165
 0.0515531 0.00119868  0.0434151
 0.0515516 0.00119862  0.0434138
 0.0515501 0.00119855  0.0434125
 0.0515485 0.00119848  0.0434111
  0.051547 0.00119841  0.0434098
 0.0515455 0.00119834  0.0434085
  0.051544 0.00119827  0.0434071
0.0515424 0.0011982 0.0434058
 0.0515409 0.00119813  0.0434045
 0.0515394 0.00119807  0.0434032
0.0515379  0.001198 0.0434019
 0.0515364 0.00119793  0.0434006
 0.0515349 0.00119786  0.0433993
0.0515334 0.0011978  0.043398
 0.0515319 0.00119773  0.0433967
 0.0515304 0.00119766  0.0433954
  0.051529 0.00119759  0.0433941
 0.0515275 0.00119753  0.0433928
  0.051526 0.00119746  0.0433915
 0.0515245 0.00119739  0.0433902
 0.0515231 0.00119733  0.0433889
 0.0515216 0.00119726  0.0433877
0.0515202 0.0011972 0.0433864
 0.0515187 0.00119713  0.0433851
 0.0515173 0.00119706  0.0433839
0.0515158  0.001197 0.0433826
 0.0515144 0.00119693  0.0433814
 0.0515129 0.00119687  0.0433801
0.0515115 0.0011968 0.0433788
 0.0515101 0.00119674  0.0433776
 0.0515086 0.00119667  0.0433764
 0.0515072 0.00119661  0.0433751
 0.0515058 0.00119654  0.0433739
 0.0515044 0.00119648  0.0433726
  0.051503 0.00119641  0.0433714
 0.0515015 0.00119635  0.0433702
 0.0515001 0.00119629   0.043369
 0.0514987 0.00119622  0.0433677
 0.0514973 0.00119616  0.0433665
 0.0514959 0.00119609  0.0433653
 0.0514946 0.00119603  0.0433641
 0.0514932 0.00119597  0.0433629
0.0514918 0.0011959 0.0433617
 0.0514904 0.00119584  0.0433605
  0.051489 0.00119578  0.0433593
 0.0514877 0.00119571  0.0433581
 0.0514863 0.00119565  0.0433569
 0.0514849 0.00119559  0.0433557
 0.0514836 0.00119553  0.0433545
 0.0514822 0.00119546  0.0433533
0.0514809 0.0011954 0.0433521
 0.0514795 0.00119534   0.043351
 0.0514782 0.00119528  0.0433498
 0.0514768 0.00119522  0.0433486
 0.0514755 0.00119516  0.0433474
 0.0514741 0.00119509  0.0433463
 0.0514728 0.00119503  0.0433451
 0.0514715 0.00119497  0.0433439
 0.0514701 0.00119491  0.0433428
 0.0514688 0.00119485  0.0433416
 0.0514675 0.00119479  0.0433405
 0.0514662 0.00119473  0.0433393
 0.0514649 0.00119467  0.0433382
 0.0514636 0.00119461   0.043337
 0.0514623 0.00119455  0.0433359
  0.051461 0.00119449  0.0433348
 0.0514597 0.00119443  0.0433336
 0.0514584 0.00119437  0.0433325
 0.0514571 0.00119431  0.0433314
 0.0514558 0.00119425  0.0433303
 0.0514545 0.00119419  0.0433291
 0.0514532 0.00119413   0.043328
 0.0514519 0.00119407  0.0433269
 0.0514507 0.00119401  0.0433258
 0.0514494 0.00119395  0.0433247
 0.0514481 0.00119389  0.0433236
 0.0514469 0.00119383  0.0433225
 0.0514456 0.00119378  0.0433214
 0.0514443 0.00119372  0.0433203
 0.0514431 0.00119366  0.0433192
0.0514418 0.0011936 0.0433181
 0.0514406 0.00119354   0.043317
 0.0514393 0.00119349  0.0433159
 0.0514381 0.00119343  0.0433148
 0.0514368 0.00119337  0.0433137
 0.0514356 0.00119331  0.0433126
 0.0514344 0.00119325  0.0433116
0.0514331 0.0011932 0.0433105
 0.0514319 0.00119314  0.0433094
 0.0514307 0.00119308  0.0433083
 0.0514295 0.00119303  0.0433073
 0.0514283 0.00119297  0.0433062
  0.051427 0.00119291  0.0433052
 0.0514258 0.00119286  0.0433041
0.0514246 0.0011928  0.043303
 0.0514234 0.00119274   0.043302
 0.0514222 0.00119269  0.0433009
  0.051421 0.00119263  0.0432999
 0.0514198 0.00119258  0.0432988
 0.0514186 0.00119252  0.0432978
 0.0514174 0.00119246  0.0432968
 0.0514163 0.00119241  0.0432957
 0.0514151 0.00119235  0.0432947
0.0514139 0.0011923 0.0432937
 0.0514127 0.00119224  0.0432926
 0.0514115 0.00119219  0.0432916
 0.0514104 0.00119213  0.0432906
 0.0514092 0.00119208  0.0432896
  0.051408 0.00119202  0.0432885
 0.0514069 0.00119197  0.0432875
 0.0514057 0.00119191  0.0432865
 0.0514046 0.00119186  0.0432855
 0.0514034 0.00119181  0.0432845
 0.0514022 0.00119175  0.0432835
0.0514011 0.0011917 0.0432825
    0.0514 0.00119164  0.0432815
 0.0513988 0.00119159  0.0432805
 0.0513977 0.00119154  0.0432795
 0.0513965 0.00119148  0.0432785
 0.0513954 0.00119143  0.0432775
 0.0513943 0.00119138  0.0432765
 0.0513931 0.00119132  0.0432755
  0.051392 0.00119127  0.0432746
 0.0513909 0.00119122  0.0432736
 0.0513898 0.00119116  0.0432726
 0.0513887 0.00119111  0.0432716
 0.0513876 0.00119106  0.0432706
 0.0513864 0.00119101  0.0432697
 0.0513853 0.00119095  0.0432687
0.0513842 0.0011909 0.0432677
 0.0513831 0.00119085  0.0432668
 0.051382 0.0011908 0.0432658
 0.0513809 0.00119074  0.0432649
 0.0513798 0.00119069  0.0432639
 0.0513788 0.00119064  0.0432629
 0.0513777 0.00119059   0.043262
 0.0513766 0.00119054   0.043261
 0.0513755 0.00119049  0.0432601
 0.0513744 0.00119044  0.0432592
 0.0513733 0.00119038  0.0432582
 0.0513723 0.00119033  0.0432573
 0.0513712 0.00119028  0.0432563
 0.0513701 0.00119023  0.0432554
 0.0513691 0.00119018  0.0432545
  0.051368 0.00119013  0.0432535
 0.0513669 0.00119008  0.0432526
 0.0513659 0.00119003  0.0432517
 0.0513648 0.00118998  0.0432508
 0.0513638 0.00118993  0.0432498
 0.0513627 0.00118988  0.0432489
 0.0513617 0.00118983   0.043248
 0.0513606 0.00118978  0.0432471
 0.0513596 0.00118973  0.0432462
 0.0513586 0.00118968  0.0432453
 0.0513575 0.00118963  0.0432444
 0.0513565 0.00118958  0.0432435
 0.0513554 0.00118953  0.0432425
 0.0513544 0.00118948  0.0432416
 0.0513534 0.00118943  0.0432407
 0.0513524 0.00118938  0.0432399
 0.0513513 0.00118933   0.043239
 0.0513503 0.00118929  0.0432381
 0.0513493 0.00118924  0.0432372
 0.0513483 0.00118919  0.0432363
 0.0513473 0.00118914  0.0432354
 0.0513463 0.00118909  0.0432345
 0.0513453 0.00118904  0.0432336
 0.0513443 0.00118899  0.0432328
 0.0513433 0.00118895  0.0432319
0.0513423 0.0011889  0.043231
 0.0513413 0.00118885  0.0432301
0.0513403 0.0011888 0.0432293
 0.0513393 0.00118876  0.0432284
 0.0513383 0.00118871  0.0432275
 0.0513373 0.00118866  0.0432267
 0.0513363 0.00118861  0.0432258
 0.0513354 0.00118857   0.043225
 0.0513344 0.00118852  0.0432241
 0.0513334 0.00118847  0.0432232
 0.0513324 0.00118842  0.0432224
 0.0513315 0.00118838  0.0432215
 0.0513305 0.00118833  0.0432207
 0.0513295 0.00118828  0.0432198
 0.0513286 0.00118824   0.043219
 0.0513276 0.00118819  0.0432182
 0.0513266 0.00118814  0.0432173
0.0513257 0.0011881 0.0432165
 0.0513247 0.00118805  0.0432156
 0.0513238 0.00118801  0.0432148
 0.0513228 0.00118796   0.043214
 0.0513219 0.00118791  0.0432131
 0.0513209 0.00118787  0.0432123
   0.05132 0.00118782  0.0432115
  0.051319 0.00118778  0.0432107
 0.0513181 0.00118773  0.0432098
 0.0513172 0.00118769   0.043209
 0.0513162 0.00118764  0.0432082
0.0513153 0.0011876 0.0432074
 0.0513144 0.00118755  0.0432066
 0.0513135 0.00118751  0.0432058
 0.0513125 0.00118746   0.043205
 0.0513116 0.00118742  0.0432041
