  0.0672571   0.0283811 -0.00411642
  0.0780991   0.0184274 -0.00638845
  0.0846002   0.0124076 -0.00766017
 0.0884539 0.00869341 -0.0083433
  0.0907037  0.00635451 -0.00867808
  0.0919861  0.00484783 -0.00880756
  0.0926867  0.00385147 -0.00881785
  0.0930386   0.0031725 -0.00876104
  0.0931824  0.00269424 -0.00866859
  0.0932024  0.00234553 -0.00855938
  0.0931496  0.00208251 -0.00844457
  0.0930544  0.00187787 -0.00833062
  0.0929349  0.00171435 -0.00822111
  0.0928021  0.00158078 -0.00811788
  0.0926624  0.00146983 -0.00802171
  0.0925196  0.00137648 -0.00793278
   0.092376  0.00129721 -0.00785094
  0.0922328  0.00122949 -0.00777581
  0.0920908  0.00117138 -0.00770694
  0.0919505  0.00112138 -0.00764386
  0.0918119  0.00107831 -0.00758607
  0.0916752  0.00104119 -0.00753311
  0.0915404  0.00100919 -0.00748453
  0.0914076 0.000981636 -0.00743994
  0.0912766 0.000957937 -0.00739895
  0.0911474  0.00093759 -0.00736122
  0.0910201 0.000920158 -0.00732645
  0.0908945 0.000905265 -0.00729434
  0.0907707 0.000892583 -0.00726466
  0.0906486 0.000881826 -0.00723716
  0.0905281 0.000872745 -0.00721164
  0.0904092 0.000865125 -0.00718791
  0.0902919 0.000858775  -0.0071658
  0.0901761 0.000853532 -0.00714517
  0.0900619  0.00084925 -0.00712587
  0.0899491 0.000845805 -0.00710777
  0.0898378 0.000843086 -0.00709078
   0.089728 0.000840999 -0.00707479
  0.0896196 0.000839459  -0.0070597
  0.0895126 0.000838394 -0.00704543
  0.0894069  0.00083774 -0.00703192
  0.0893026 0.000837442 -0.00701909
  0.0891996 0.000837451 -0.00700689
   0.089098 0.000837726 -0.00699526
  0.0889976 0.000838229 -0.00698415
  0.0888985 0.000838929 -0.00697352
  0.0888006 0.000839798 -0.00696332
   0.088704  0.00084081 -0.00695353
  0.0886086 0.000841946  -0.0069441
  0.0885144 0.000843187 -0.00693501
  0.0884214 0.000844516 -0.00692624
  0.0883295  0.00084592 -0.00691776
  0.0882388 0.000847387 -0.00690954
  0.0881493 0.000848906 -0.00690157
  0.0880608 0.000850468 -0.00689383
  0.0879734 0.000852064 -0.00688631
  0.0878872 0.000853689 -0.00687898
   0.087802 0.000855336 -0.00687184
  0.0877178    0.000857 -0.00686487
  0.0876347 0.000858676 -0.00685807
  0.0875527 0.000860361 -0.00685141
  0.0874716 0.000862052  -0.0068449
  0.0873915 0.000863745 -0.00683853
  0.0873125 0.000865438 -0.00683229
  0.0872344 0.000867128 -0.00682616
  0.0871572 0.000868815 -0.00682015
   0.087081 0.000870496 -0.00681426
  0.0870058 0.000872171 -0.00680846
  0.0869314 0.000873837 -0.00680276
   0.086858 0.000875495 -0.00679716
  0.0867855 0.000877143 -0.00679166
  0.0867139 0.000878781 -0.00678623
  0.0866431 0.000880408  -0.0067809
  0.0865732 0.000882024 -0.00677564
  0.0865041 0.000883628 -0.00677046
  0.0864359  0.00088522 -0.00676536
  0.0863685   0.0008868 -0.00676033
  0.0863019 0.000888367 -0.00675537
  0.0862362 0.000889923 -0.00675048
  0.0861712 0.000891465 -0.00674566
   0.086107 0.000892996  -0.0067409
  0.0860436 0.000894513 -0.00673621
   0.085981 0.000896018 -0.00673158
  0.0859191 0.000897511   -0.006727
  0.0858579 0.000898991 -0.00672249
  0.0857975 0.000900459 -0.00671803
  0.0857379 0.000901914 -0.00671363
  0.0856789 0.000903357 -0.00670929
  0.0856206 0.000904788   -0.006705
  0.0855631 0.000906207 -0.00670076
  0.0855062 0.000907614 -0.00669657
    0.08545 0.000909009 -0.00669244
  0.0853945 0.000910393 -0.00668835
  0.0853396 0.000911765 -0.00668432
  0.0852854 0.000913126 -0.00668033
  0.0852319 0.000914475 -0.00667639
   0.085179 0.000915813  -0.0066725
  0.0851267 0.000917141 -0.00666865
   0.085075 0.000918457 -0.00666485
   0.085024 0.000919763 -0.00666109
  0.0849735 0.000921058 -0.00665737
  0.0849237 0.000922342  -0.0066537
  0.0848744 0.000923617 -0.00665007
  0.0848257 0.000924881 -0.00664649
  0.0847776 0.000926135 -0.00664294
  0.0847301 0.000927378 -0.00663944
  0.0846831 0.000928613 -0.00663597
  0.0846367 0.000929837 -0.00663255
  0.0845909 0.000931052 -0.00662916
  0.0845455 0.000932257 -0.00662582
  0.0845007 0.000933453 -0.00662251
  0.0844565  0.00093464 -0.00661924
  0.0844127 0.000935817   -0.006616
  0.0843695 0.000936986 -0.00661281
  0.0843268 0.000938146 -0.00660964
  0.0842846 0.000939297 -0.00660652
  0.0842428 0.000940439 -0.00660343
  0.0842016 0.000941572 -0.00660037
  0.0841609 0.000942697 -0.00659735
  0.0841206 0.000943814 -0.00659436
  0.0840808 0.000944923 -0.00659141
  0.0840414 0.000946023 -0.00658849
  0.0840026 0.000947115  -0.0065856
  0.0839641   0.0009482 -0.00658275
  0.0839262 0.000949276 -0.00657992
  0.0838886 0.000950345 -0.00657713
  0.0838515 0.000951405 -0.00657437
  0.0838149 0.000952459 -0.00657164
  0.0837786 0.000953504 -0.00656894
  0.0837428 0.000954543 -0.00656627
  0.0837074 0.000955574 -0.00656362
  0.0836724 0.000956597 -0.00656101
  0.0836378 0.000957614 -0.00655843
  0.0836037 0.000958623 -0.00655588
  0.0835699 0.000959625 -0.00655335
  0.0835365 0.000960621 -0.00655085
  0.0835035 0.000961609 -0.00654838
  0.0834709 0.000962591 -0.00654594
  0.0834386 0.000963566 -0.00654352
  0.0834068 0.000964534 -0.00654113
  0.0833753 0.000965496 -0.00653877
  0.0833441 0.000966451 -0.00653643
  0.0833134   0.0009674 -0.00653412
  0.0832829 0.000968342 -0.00653183
  0.0832529 0.000969278 -0.00652957
  0.0832231 0.000970208 -0.00652733
  0.0831938 0.000971131 -0.00652512
  0.0831647 0.000972049 -0.00652293
   0.083136  0.00097296 -0.00652077
  0.0831077 0.000973866 -0.00651863
  0.0830796 0.000974765 -0.00651651
  0.0830519 0.000975659 -0.00651441
  0.0830245 0.000976547 -0.00651234
  0.0829974 0.000977429 -0.00651029
  0.0829706 0.000978305 -0.00650827
  0.0829442 0.000979176 -0.00650626
   0.082918 0.000980041 -0.00650428
  0.0828921   0.0009809 -0.00650232
  0.0828666 0.000981754 -0.00650038
  0.0828413 0.000982603 -0.00649846
  0.0828163 0.000983446 -0.00649656
  0.0827916 0.000984284 -0.00649468
  0.0827672 0.000985116 -0.00649282
  0.0827431 0.000985944 -0.00649099
  0.0827192 0.000986766 -0.00648917
  0.0826956 0.000987583 -0.00648737
  0.0826723 0.000988395 -0.00648559
  0.0826493 0.000989202 -0.00648383
  0.0826265 0.000990004 -0.00648209
   0.082604 0.000990801 -0.00648037
  0.0825817 0.000991593 -0.00647867
  0.0825597  0.00099238 -0.00647698
   0.082538 0.000993162 -0.00647532
  0.0825165  0.00099394 -0.00647367
  0.0824952 0.000994713 -0.00647203
  0.0824742 0.000995481 -0.00647042
  0.0824534 0.000996245 -0.00646882
  0.0824329 0.000997003 -0.00646725
  0.0824126 0.000997758 -0.00646568
  0.0823925 0.000998508 -0.00646414
  0.0823727 0.000999253 -0.00646261
  0.0823531 0.000999994 -0.00646109
 0.0823337 0.00100073 -0.0064596
  0.0823145  0.00100146 -0.00645812
  0.0822956  0.00100219 -0.00645665
 0.0822768 0.00100291 -0.0064552
  0.0822583  0.00100363 -0.00645377
    0.08224  0.00100435 -0.00645235
  0.0822219  0.00100506 -0.00645095
   0.082204  0.00100576 -0.00644956
  0.0821863  0.00100647 -0.00644818
  0.0821689  0.00100717 -0.00644682
  0.0821516  0.00100786 -0.00644548
  0.0821345  0.00100855 -0.00644415
  0.0821176  0.00100924 -0.00644283
  0.0821009  0.00100992 -0.00644153
  0.0820844   0.0010106 -0.00644024
  0.0820681  0.00101127 -0.00643897
 0.0820519 0.00101194 -0.0064377
   0.082036  0.00101261 -0.00643646
  0.0820202  0.00101327 -0.00643522
 0.0820046 0.00101393  -0.006434
  0.0819892  0.00101458 -0.00643279
   0.081974  0.00101524 -0.00643159
  0.0819589  0.00101588 -0.00643041
   0.081944  0.00101653 -0.00642924
  0.0819293  0.00101717 -0.00642808
  0.0819147   0.0010178 -0.00642693
 0.0819003 0.00101844 -0.0064258
  0.0818861  0.00101907 -0.00642468
  0.0818721  0.00101969 -0.00642356
  0.0818582  0.00102032 -0.00642246
  0.0818444  0.00102093 -0.00642138
 0.0818308 0.00102155 -0.0064203
  0.0818174  0.00102216 -0.00641924
  0.0818041  0.00102277 -0.00641818
   0.081791  0.00102338 -0.00641714
   0.081778  0.00102398 -0.00641611
  0.0817652  0.00102458 -0.00641509
  0.0817525  0.00102517 -0.00641408
    0.08174  0.00102576 -0.00641308
  0.0817276  0.00102635 -0.00641209
  0.0817153  0.00102694 -0.00641111
  0.0817032  0.00102752 -0.00641014
  0.0816912   0.0010281 -0.00640918
  0.0816794  0.00102868 -0.00640823
  0.0816677  0.00102925 -0.00640729
  0.0816561  0.00102982 -0.00640636
  0.0816447  0.00103038 -0.00640544
  0.0816333  0.00103095 -0.00640453
  0.0816222  0.00103151 -0.00640363
  0.0816111  0.00103206 -0.00640274
  0.0816002  0.00103262 -0.00640186
  0.0815894  0.00103317 -0.00640099
  0.0815787  0.00103372 -0.00640013
  0.0815681  0.00103426 -0.00639927
  0.0815577   0.0010348 -0.00639843
  0.0815474  0.00103534 -0.00639759
  0.0815372  0.00103588 -0.00639676
  0.0815271  0.00103641 -0.00639594
  0.0815171  0.00103694 -0.00639513
  0.0815073  0.00103747 -0.00639433
  0.0814975    0.001038 -0.00639353
  0.0814879  0.00103852 -0.00639275
  0.0814784  0.00103904 -0.00639197
 0.0814689 0.00103955 -0.0063912
  0.0814596  0.00104007 -0.00639044
  0.0814504  0.00104058 -0.00638968
  0.0814413  0.00104109 -0.00638894
 0.0814323 0.00104159 -0.0063882
  0.0814235  0.00104209 -0.00638747
  0.0814147  0.00104259 -0.00638674
   0.081406  0.00104309 -0.00638603
  0.0813974  0.00104359 -0.00638532
  0.0813889  0.00104408 -0.00638462
  0.0813805  0.00104457 -0.00638392
  0.0813722  0.00104505 -0.00638324
   0.081364  0.00104554 -0.00638256
  0.0813559  0.00104602 -0.00638188
  0.0813479   0.0010465 -0.00638122
    0.08134  0.00104697 -0.00638056
 0.0813321 0.00104745 -0.0063799
  0.0813244  0.00104792 -0.00637926
  0.0813167  0.00104839 -0.00637862
  0.0813092  0.00104885 -0.00637799
  0.0813017  0.00104932 -0.00637736
  0.0812943  0.00104978 -0.00637674
   0.081287  0.00105024 -0.00637613
  0.0812797   0.0010507 -0.00637552
  0.0812726  0.00105115 -0.00637492
  0.0812655   0.0010516 -0.00637432
  0.0812586  0.00105205 -0.00637374
  0.0812517   0.0010525 -0.00637315
  0.0812448  0.00105294 -0.00637258
 0.0812381 0.00105339  -0.006372
  0.0812314  0.00105383 -0.00637144
  0.0812248  0.00105426 -0.00637088
  0.0812183   0.0010547 -0.00637033
  0.0812119  0.00105513 -0.00636978
  0.0812055  0.00105556 -0.00636924
 0.0811992 0.00105599 -0.0063687
   0.081193  0.00105642 -0.00636817
  0.0811869  0.00105684 -0.00636764
  0.0811808  0.00105726 -0.00636712
  0.0811748  0.00105768 -0.00636661
  0.0811688   0.0010581 -0.00636609
   0.081163  0.00105852 -0.00636559
  0.0811572  0.00105893 -0.00636509
  0.0811514  0.00105934 -0.00636459
 0.0811457 0.00105975 -0.0063641
  0.0811401  0.00106016 -0.00636362
  0.0811346  0.00106056 -0.00636314
  0.0811291  0.00106096 -0.00636266
  0.0811237  0.00106136 -0.00636219
  0.0811184  0.00106176 -0.00636173
  0.0811131  0.00106216 -0.00636127
  0.0811078  0.00106255 -0.00636081
  0.0811027  0.00106294 -0.00636036
  0.0810976  0.00106333 -0.00635991
  0.0810925  0.00106372 -0.00635947
  0.0810875  0.00106411 -0.00635903
 0.0810826 0.00106449 -0.0063586
  0.0810777  0.00106487 -0.00635817
  0.0810729  0.00106525 -0.00635774
  0.0810681  0.00106563 -0.00635732
  0.0810634  0.00106601 -0.00635691
  0.0810588  0.00106638 -0.00635649
  0.0810542  0.00106676 -0.00635609
  0.0810496  0.00106713 -0.00635568
  0.0810451  0.00106749 -0.00635528
  0.0810407  0.00106786 -0.00635488
  0.0810363  0.00106823 -0.00635449
 0.0810319 0.00106859 -0.0063541
  0.0810277  0.00106895 -0.00635372
  0.0810234  0.00106931 -0.00635334
  0.0810192  0.00106966 -0.00635296
  0.0810151  0.00107002 -0.00635259
   0.081011  0.00107037 -0.00635222
  0.0810069  0.00107072 -0.00635186
  0.0810029  0.00107107 -0.00635149
   0.080999  0.00107142 -0.00635114
  0.0809951  0.00107177 -0.00635078
  0.0809912  0.00107211 -0.00635043
  0.0809874  0.00107246 -0.00635008
  0.0809836   0.0010728 -0.00634974
 0.0809799 0.00107314 -0.0063494
  0.0809762  0.00107347 -0.00634906
  0.0809726  0.00107381 -0.00634873
   0.080969  0.00107414 -0.00634839
  0.0809654  0.00107447 -0.00634807
  0.0809619   0.0010748 -0.00634774
  0.0809584  0.00107513 -0.00634742
  0.080955 0.00107546 -0.0063471
  0.0809516  0.00107579 -0.00634679
  0.0809482  0.00107611 -0.00634648
  0.0809449  0.00107643 -0.00634617
  0.0809417  0.00107675 -0.00634586
  0.0809384  0.00107707 -0.00634556
  0.0809352  0.00107739 -0.00634526
  0.0809321   0.0010777 -0.00634497
  0.0809289  0.00107802 -0.00634467
  0.0809258  0.00107833 -0.00634438
  0.0809228  0.00107864 -0.00634409
  0.0809198  0.00107895 -0.00634381
  0.0809168  0.00107925 -0.00634353
  0.0809139  0.00107956 -0.00634325
  0.0809109  0.00107986 -0.00634297
 0.0809081 0.00108017 -0.0063427
  0.0809052  0.00108047 -0.00634243
  0.0809024  0.00108077 -0.00634216
  0.0808996  0.00108107 -0.00634189
  0.0808969  0.00108136 -0.00634163
  0.0808942  0.00108166 -0.00634137
  0.0808915  0.00108195 -0.00634111
  0.0808889  0.00108224 -0.00634086
 0.0808862 0.00108253 -0.0063406
  0.0808837  0.00108282 -0.00634035
 0.0808811 0.00108311 -0.0063401
  0.0808786  0.00108339 -0.00633986
  0.0808761  0.00108368 -0.00633962
  0.0808736  0.00108396 -0.00633937
  0.0808712  0.00108424 -0.00633914
 0.0808688 0.00108452 -0.0063389
  0.0808664   0.0010848 -0.00633867
  0.0808641  0.00108508 -0.00633843
 0.0808617 0.00108535 -0.0063382
  0.0808594  0.00108563 -0.00633798
  0.0808572   0.0010859 -0.00633775
  0.0808549  0.00108617 -0.00633753
  0.0808527  0.00108644 -0.00633731
  0.0808505  0.00108671 -0.00633709
  0.0808484  0.00108698 -0.00633687
  0.0808462  0.00108724 -0.00633666
  0.0808441  0.00108751 -0.00633645
  0.0808421  0.00108777 -0.00633624
    0.08084  0.00108803 -0.00633603
   0.080838  0.00108829 -0.00633582
   0.080836  0.00108855 -0.00633562
   0.080834  0.00108881 -0.00633542
   0.080832  0.00108907 -0.00633522
  0.0808301  0.00108932 -0.00633502
  0.0808282  0.00108958 -0.00633482
  0.0808263  0.00108983 -0.00633463
  0.0808244  0.00109008 -0.00633444
  0.0808225  0.00109033 -0.00633425
  0.0808207  0.00109058 -0.00633406
  0.0808189  0.00109083 -0.00633387
  0.0808171  0.00109107 -0.00633369
 0.0808154 0.00109132 -0.0063335
  0.0808136  0.00109156 -0.00633332
  0.0808119   0.0010918 -0.00633314
  0.0808102  0.00109205 -0.00633296
  0.0808086  0.00109228 -0.00633279
  0.0808069  0.00109252 -0.00633261
  0.0808053  0.00109276 -0.00633244
  0.0808037    0.001093 -0.00633227
 0.0808021 0.00109323 -0.0063321
  0.0808005  0.00109347 -0.00633193
  0.0807989   0.0010937 -0.00633176
 0.0807974 0.00109393 -0.0063316
  0.0807959  0.00109416 -0.00633144
  0.0807944  0.00109439 -0.00633127
  0.0807929  0.00109462 -0.00633111
  0.0807914  0.00109484 -0.00633096
   0.08079 0.00109507 -0.0063308
  0.0807886  0.00109529 -0.00633064
  0.0807871  0.00109552 -0.00633049
  0.0807857  0.00109574 -0.00633034
  0.0807844  0.00109596 -0.00633018
   0.080783  0.00109618 -0.00633003
  0.0807817   0.0010964 -0.00632989
  0.0807803  0.00109661 -0.00632974
   0.080779  0.00109683 -0.00632959
  0.0807777  0.00109705 -0.00632945
  0.0807765  0.00109726 -0.00632931
  0.0807752  0.00109747 -0.00632917
   0.080774  0.00109768 -0.00632902
  0.0807727   0.0010979 -0.00632889
  0.0807715   0.0010981 -0.00632875
  0.0807703  0.00109831 -0.00632861
  0.0807691  0.00109852 -0.00632848
   0.080768  0.00109873 -0.00632834
  0.0807668  0.00109893 -0.00632821
  0.0807657  0.00109914 -0.00632808
  0.0807645  0.00109934 -0.00632795
  0.0807634  0.00109954 -0.00632782
  0.0807623  0.00109974 -0.00632769
  0.0807612  0.00109994 -0.00632757
  0.0807602  0.00110014 -0.00632744
  0.0807591  0.00110034 -0.00632732
 0.0807581 0.00110054 -0.0063272
   0.080757  0.00110073 -0.00632708
   0.080756  0.00110093 -0.00632695
   0.080755  0.00110112 -0.00632684
   0.080754  0.00110132 -0.00632672
  0.080753 0.00110151 -0.0063266
  0.0807521   0.0011017 -0.00632648
  0.0807511  0.00110189 -0.00632637
  0.0807501  0.00110208 -0.00632626
  0.0807492  0.00110227 -0.00632614
  0.0807483  0.00110245 -0.00632603
  0.0807474  0.00110264 -0.00632592
  0.0807465  0.00110282 -0.00632581
 0.0807456 0.00110301 -0.0063257
 0.0807447 0.00110319 -0.0063256
  0.0807439  0.00110337 -0.00632549
   0.080743  0.00110356 -0.00632538
  0.0807422  0.00110374 -0.00632528
  0.0807413  0.00110392 -0.00632517
  0.0807405  0.00110409 -0.00632507
  0.0807397  0.00110427 -0.00632497
  0.0807389  0.00110445 -0.00632487
  0.0807381  0.00110462 -0.00632477
  0.0807373   0.0011048 -0.00632467
  0.0807366  0.00110497 -0.00632457
  0.0807358  0.00110515 -0.00632448
  0.0807351  0.00110532 -0.00632438
  0.0807343  0.00110549 -0.00632428
  0.0807336  0.00110566 -0.00632419
 0.0807329 0.00110583 -0.0063241
0.0807322  0.001106 -0.006324
  0.0807315  0.00110617 -0.00632391
  0.0807308  0.00110633 -0.00632382
  0.0807301   0.0011065 -0.00632373
  0.0807294  0.00110666 -0.00632364
  0.0807287  0.00110683 -0.00632355
  0.0807281  0.00110699 -0.00632347
  0.0807274  0.00110715 -0.00632338
  0.0807268  0.00110732 -0.00632329
  0.0807262  0.00110748 -0.00632321
  0.0807255  0.00110764 -0.00632312
  0.0807249   0.0011078 -0.00632304
  0.0807243  0.00110795 -0.00632296
  0.0807237  0.00110811 -0.00632287
  0.0807231  0.00110827 -0.00632279
  0.0807225  0.00110843 -0.00632271
   0.080722  0.00110858 -0.00632263
  0.0807214  0.00110873 -0.00632255
  0.0807208  0.00110889 -0.00632247
 0.0807203 0.00110904 -0.0063224
  0.0807197  0.00110919 -0.00632232
  0.0807192  0.00110934 -0.00632224
  0.0807187  0.00110949 -0.00632217
  0.0807181  0.00110964 -0.00632209
  0.0807176  0.00110979 -0.00632202
  0.0807171  0.00110994 -0.00632194
  0.0807166  0.00111009 -0.00632187
 0.0807161 0.00111023 -0.0063218
  0.0807156  0.00111038 -0.00632173
  0.0807152  0.00111053 -0.00632166
  0.0807147  0.00111067 -0.00632159
  0.0807142  0.00111081 -0.00632152
  0.0807137  0.00111096 -0.00632145
  0.0807133   0.0011111 -0.00632138
  0.0807128  0.00111124 -0.00632131
  0.0807124  0.00111138 -0.00632124
   0.080712  0.00111152 -0.00632118
  0.0807115  0.00111166 -0.00632111
  0.0807111   0.0011118 -0.00632104
  0.0807107  0.00111193 -0.00632098
  0.0807103  0.00111207 -0.00632092
  0.0807098  0.00111221 -0.00632085
  0.0807094  0.00111234 -0.00632079
   0.080709  0.00111248 -0.00632073
  0.0807087  0.00111261 -0.00632066
 0.0807083 0.00111275 -0.0063206
  0.0807079  0.00111288 -0.00632054
  0.0807075  0.00111301 -0.00632048
  0.0807071  0.00111314 -0.00632042
  0.0807068  0.00111327 -0.00632036
 0.0807064  0.0011134 -0.0063203
  0.0807061  0.00111353 -0.00632024
  0.0807057  0.00111366 -0.00632019
  0.0807054  0.00111379 -0.00632013
   0.080705  0.00111392 -0.00632007
  0.0807047  0.00111404 -0.00632002
  0.0807044  0.00111417 -0.00631996
   0.080704  0.00111429 -0.00631991
  0.0807037  0.00111442 -0.00631985
 0.0807034 0.00111454 -0.0063198
  0.0807031  0.00111467 -0.00631974
  0.0807028  0.00111479 -0.00631969
  0.0807025  0.00111491 -0.00631964
  0.0807022  0.00111503 -0.00631958
  0.0807019  0.00111515 -0.00631953
  0.0807016  0.00111527 -0.00631948
  0.0807013  0.00111539 -0.00631943
   0.080701  0.00111551 -0.00631938
  0.0807007  0.00111563 -0.00631933
  0.0807005  0.00111575 -0.00631928
  0.0807002  0.00111586 -0.00631923
  0.0806999  0.00111598 -0.00631918
  0.0806997   0.0011161 -0.00631913
  0.0806994  0.00111621 -0.00631909
  0.0806992  0.00111633 -0.00631904
  0.0806989  0.00111644 -0.00631899
  0.0806987  0.00111655 -0.00631894
 0.0806984 0.00111667 -0.0063189
  0.0806982  0.00111678 -0.00631885
   0.080698  0.00111689 -0.00631881
  0.0806977    0.001117 -0.00631876
  0.0806975  0.00111711 -0.00631872
  0.0806973  0.00111722 -0.00631867
   0.080697  0.00111733 -0.00631863
  0.0806968  0.00111744 -0.00631858
  0.0806966  0.00111755 -0.00631854
 0.0806964 0.00111766 -0.0063185
  0.0806962  0.00111776 -0.00631846
   0.080696  0.00111787 -0.00631841
  0.0806958  0.00111797 -0.00631837
  0.0806956  0.00111808 -0.00631833
  0.0806954  0.00111818 -0.00631829
  0.0806952  0.00111829 -0.00631825
   0.080695  0.00111839 -0.00631821
  0.0806948   0.0011185 -0.00631817
  0.0806946   0.0011186 -0.00631813
  0.0806945   0.0011187 -0.00631809
  0.0806943   0.0011188 -0.00631805
  0.0806941   0.0011189 -0.00631801
  0.0806939    0.001119 -0.00631798
  0.0806938   0.0011191 -0.00631794
 0.0806936  0.0011192 -0.0063179
  0.0806934   0.0011193 -0.00631786
  0.0806933   0.0011194 -0.00631783
  0.0806931   0.0011195 -0.00631779
   0.080693   0.0011196 -0.00631775
  0.0806928  0.00111969 -0.00631772
  0.0806927  0.00111979 -0.00631768
  0.0806925  0.00111989 -0.00631765
  0.0806924  0.00111998 -0.00631761
  0.0806922  0.00112008 -0.00631758
  0.0806921  0.00112017 -0.00631754
   0.080692  0.00112026 -0.00631751
  0.0806918  0.00112036 -0.00631747
  0.0806917  0.00112045 -0.00631744
  0.0806916  0.00112054 -0.00631741
  0.0806914  0.00112063 -0.00631737
  0.0806913  0.00112073 -0.00631734
  0.0806912  0.00112082 -0.00631731
  0.0806911  0.00112091 -0.00631727
  0.0806909    0.001121 -0.00631724
  0.0806908  0.00112109 -0.00631721
  0.0806907  0.00112118 -0.00631718
  0.0806906  0.00112126 -0.00631715
  0.0806905  0.00112135 -0.00631712
  0.0806904  0.00112144 -0.00631709
  0.0806903  0.00112153 -0.00631706
  0.0806902  0.00112161 -0.00631703
0.0806901 0.0011217 -0.006317
    0.08069  0.00112179 -0.00631697
  0.0806899  0.00112187 -0.00631694
  0.0806898  0.00112196 -0.00631691
  0.0806897  0.00112204 -0.00631688
  0.0806896  0.00112212 -0.00631685
  0.0806895  0.00112221 -0.00631682
  0.0806894  0.00112229 -0.00631679
  0.0806893  0.00112237 -0.00631677
  0.0806892  0.00112246 -0.00631674
  0.0806891  0.00112254 -0.00631671
   0.080689  0.00112262 -0.00631668
   0.080689   0.0011227 -0.00631666
  0.0806889  0.00112278 -0.00631663
 0.0806888 0.00112286 -0.0063166
  0.0806887  0.00112294 -0.00631658
  0.0806886  0.00112302 -0.00631655
  0.0806886   0.0011231 -0.00631652
 0.0806885 0.00112318 -0.0063165
  0.0806884  0.00112326 -0.00631647
  0.0806883  0.00112333 -0.00631645
  0.0806883  0.00112341 -0.00631642
 0.0806882 0.00112349 -0.0063164
  0.0806881  0.00112356 -0.00631637
  0.0806881  0.00112364 -0.00631635
   0.080688  0.00112372 -0.00631632
  0.080688 0.00112379 -0.0063163
  0.0806879  0.00112387 -0.00631628
  0.0806878  0.00112394 -0.00631625
  0.0806878  0.00112401 -0.00631623
  0.0806877  0.00112409 -0.00631621
  0.0806877  0.00112416 -0.00631618
  0.0806876  0.00112423 -0.00631616
  0.0806876  0.00112431 -0.00631614
  0.0806875  0.00112438 -0.00631611
  0.0806875  0.00112445 -0.00631609
  0.0806874  0.00112452 -0.00631607
  0.0806874  0.00112459 -0.00631605
  0.0806873  0.00112466 -0.00631603
 0.0806873 0.00112473  -0.006316
  0.0806872   0.0011248 -0.00631598
  0.0806872  0.00112487 -0.00631596
  0.0806871  0.00112494 -0.00631594
  0.0806871  0.00112501 -0.00631592
 0.0806871 0.00112508 -0.0063159
   0.080687  0.00112515 -0.00631588
   0.080687  0.00112521 -0.00631586
   0.080687  0.00112528 -0.00631584
  0.0806869  0.00112535 -0.00631582
 0.0806869 0.00112542 -0.0063158
  0.0806869  0.00112548 -0.00631578
  0.0806868  0.00112555 -0.00631576
  0.0806868  0.00112561 -0.00631574
  0.0806868  0.00112568 -0.00631572
 0.0806867 0.00112574 -0.0063157
  0.0806867  0.00112581 -0.00631568
  0.0806867  0.00112587 -0.00631566
  0.0806866  0.00112594 -0.00631564
  0.0806866    0.001126 -0.00631562
  0.0806866  0.00112606 -0.00631561
  0.0806866  0.00112613 -0.00631559
  0.0806865  0.00112619 -0.00631557
  0.0806865  0.00112625 -0.00631555
  0.0806865  0.00112631 -0.00631553
  0.0806865  0.00112637 -0.00631552
 0.0806865 0.00112643 -0.0063155
  0.0806864   0.0011265 -0.00631548
  0.0806864  0.00112656 -0.00631546
  0.0806864  0.00112662 -0.00631545
  0.0806864  0.00112668 -0.00631543
  0.0806864  0.00112674 -0.00631541
 0.0806863 0.00112679 -0.0063154
  0.0806863  0.00112685 -0.00631538
  0.0806863  0.00112691 -0.00631536
  0.0806863  0.00112697 -0.00631535
  0.0806863  0.00112703 -0.00631533
  0.0806863  0.00112709 -0.00631531
 0.0806863 0.00112714 -0.0063153
  0.0806863   0.0011272 -0.00631528
  0.0806862  0.00112726 -0.00631527
  0.0806862  0.00112731 -0.00631525
  0.0806862  0.00112737 -0.00631524
  0.0806862  0.00112743 -0.00631522
 0.0806862 0.00112748 -0.0063152
  0.0806862  0.00112754 -0.00631519
  0.0806862  0.00112759 -0.00631517
  0.0806862  0.00112765 -0.00631516
  0.0806862   0.0011277 -0.00631514
  0.0806862  0.00112776 -0.00631513
  0.0806862  0.00112781 -0.00631512
 0.0806862 0.00112786 -0.0063151
  0.0806862  0.00112792 -0.00631509
  0.0806862  0.00112797 -0.00631507
  0.0806862  0.00112802 -0.00631506
  0.0806862  0.00112807 -0.00631504
  0.0806862  0.00112813 -0.00631503
  0.0806862  0.00112818 -0.00631502
 0.0806862 0.00112823  -0.006315
  0.0806862  0.00112828 -0.00631499
  0.0806862  0.00112833 -0.00631498
  0.0806862  0.00112838 -0.00631496
  0.0806862  0.00112843 -0.00631495
  0.0806862  0.00112848 -0.00631494
  0.0806862  0.00112853 -0.00631492
  0.0806862  0.00112858 -0.00631491
 0.0806862 0.00112863 -0.0063149
  0.0806862  0.00112868 -0.00631488
  0.0806862  0.00112873 -0.00631487
  0.0806862  0.00112878 -0.00631486
  0.0806862  0.00112883 -0.00631485
  0.0806862  0.00112888 -0.00631483
  0.0806862  0.00112893 -0.00631482
  0.0806862  0.00112897 -0.00631481
 0.0806862 0.00112902 -0.0063148
  0.0806862  0.00112907 -0.00631479
  0.0806862  0.00112911 -0.00631477
  0.0806862  0.00112916 -0.00631476
  0.0806862  0.00112921 -0.00631475
  0.0806862  0.00112925 -0.00631474
  0.0806862   0.0011293 -0.00631473
  0.0806862  0.00112935 -0.00631472
 0.0806863 0.00112939 -0.0063147
  0.0806863  0.00112944 -0.00631469
  0.0806863  0.00112948 -0.00631468
  0.0806863  0.00112953 -0.00631467
  0.0806863  0.00112957 -0.00631466
  0.0806863  0.00112961 -0.00631465
  0.0806863  0.00112966 -0.00631464
  0.0806863   0.0011297 -0.00631463
  0.0806863  0.00112975 -0.00631462
 0.0806863 0.00112979 -0.0063146
  0.0806864  0.00112983 -0.00631459
  0.0806864  0.00112987 -0.00631458
  0.0806864  0.00112992 -0.00631457
  0.0806864  0.00112996 -0.00631456
  0.0806864     0.00113 -0.00631455
  0.0806864  0.00113004 -0.00631454
  0.0806864  0.00113009 -0.00631453
  0.0806864  0.00113013 -0.00631452
  0.0806865  0.00113017 -0.00631451
 0.0806865 0.00113021 -0.0063145
  0.0806865  0.00113025 -0.00631449
  0.0806865  0.00113029 -0.00631448
  0.0806865  0.00113033 -0.00631447
  0.0806865  0.00113037 -0.00631446
  0.0806865  0.00113041 -0.00631445
  0.0806866  0.00113045 -0.00631444
  0.0806866  0.00113049 -0.00631444
  0.0806866  0.00113053 -0.00631443
  0.0806866  0.00113057 -0.00631442
  0.0806866  0.00113061 -0.00631441
 0.0806866 0.00113065 -0.0063144
  0.0806866  0.00113069 -0.00631439
  0.0806867  0.00113072 -0.00631438
  0.0806867  0.00113076 -0.00631437
  0.0806867   0.0011308 -0.00631436
  0.0806867  0.00113084 -0.00631435
  0.0806867  0.00113088 -0.00631435
  0.0806867  0.00113091 -0.00631434
  0.0806868  0.00113095 -0.00631433
  0.0806868  0.00113099 -0.00631432
  0.0806868  0.00113102 -0.00631431
 0.0806868 0.00113106 -0.0063143
  0.0806868   0.0011311 -0.00631429
  0.0806868  0.00113113 -0.00631429
  0.0806869  0.00113117 -0.00631428
  0.0806869   0.0011312 -0.00631427
  0.0806869  0.00113124 -0.00631426
  0.0806869  0.00113127 -0.00631425
  0.0806869  0.00113131 -0.00631425
   0.080687  0.00113134 -0.00631424
   0.080687  0.00113138 -0.00631423
   0.080687  0.00113141 -0.00631422
   0.080687  0.00113145 -0.00631421
   0.080687  0.00113148 -0.00631421
  0.080687 0.00113152 -0.0063142
  0.0806871  0.00113155 -0.00631419
  0.0806871  0.00113158 -0.00631418
  0.0806871  0.00113162 -0.00631418
  0.0806871  0.00113165 -0.00631417
  0.0806871  0.00113168 -0.00631416
  0.0806872  0.00113172 -0.00631415
  0.0806872  0.00113175 -0.00631415
  0.0806872  0.00113178 -0.00631414
  0.0806872  0.00113182 -0.00631413
  0.0806872  0.00113185 -0.00631412
  0.0806873  0.00113188 -0.00631412
  0.0806873  0.00113191 -0.00631411
 0.0806873 0.00113194 -0.0063141
 0.0806873 0.00113198 -0.0063141
  0.0806873  0.00113201 -0.00631409
  0.0806874  0.00113204 -0.00631408
  0.0806874  0.00113207 -0.00631408
  0.0806874   0.0011321 -0.00631407
  0.0806874  0.00113213 -0.00631406
  0.0806874  0.00113216 -0.00631406
  0.0806875  0.00113219 -0.00631405
  0.0806875  0.00113222 -0.00631404
  0.0806875  0.00113225 -0.00631404
  0.0806875  0.00113228 -0.00631403
  0.0806875  0.00113231 -0.00631402
  0.0806876  0.00113234 -0.00631402
  0.0806876  0.00113237 -0.00631401
0.0806876 0.0011324 -0.006314
 0.0806876 0.00113243  -0.006314
  0.0806876  0.00113246 -0.00631399
  0.0806877  0.00113249 -0.00631399
  0.0806877  0.00113252 -0.00631398
  0.0806877  0.00113255 -0.00631397
  0.0806877  0.00113257 -0.00631397
  0.0806877   0.0011326 -0.00631396
  0.0806878  0.00113263 -0.00631396
  0.0806878  0.00113266 -0.00631395
  0.0806878  0.00113269 -0.00631394
  0.0806878  0.00113271 -0.00631394
  0.0806878  0.00113274 -0.00631393
  0.0806879  0.00113277 -0.00631393
  0.0806879   0.0011328 -0.00631392
  0.0806879  0.00113282 -0.00631392
  0.0806879  0.00113285 -0.00631391
 0.0806879 0.00113288 -0.0063139
  0.080688  0.0011329 -0.0063139
   0.080688  0.00113293 -0.00631389
   0.080688  0.00113296 -0.00631389
   0.080688  0.00113298 -0.00631388
   0.080688  0.00113301 -0.00631388
  0.0806881  0.00113303 -0.00631387
  0.0806881  0.00113306 -0.00631387
  0.0806881  0.00113309 -0.00631386
  0.0806881  0.00113311 -0.00631386
  0.0806881  0.00113314 -0.00631385
  0.0806882  0.00113316 -0.00631385
  0.0806882  0.00113319 -0.00631384
  0.0806882  0.00113321 -0.00631384
  0.0806882  0.00113324 -0.00631383
  0.0806882  0.00113326 -0.00631383
  0.0806883  0.00113329 -0.00631382
  0.0806883  0.00113331 -0.00631382
  0.0806883  0.00113333 -0.00631381
  0.0806883  0.00113336 -0.00631381
 0.0806883 0.00113338 -0.0063138
 0.0806884 0.00113341 -0.0063138
  0.0806884  0.00113343 -0.00631379
  0.0806884  0.00113345 -0.00631379
  0.0806884  0.00113348 -0.00631378
  0.0806884   0.0011335 -0.00631378
  0.0806885  0.00113352 -0.00631377
  0.0806885  0.00113355 -0.00631377
  0.0806885  0.00113357 -0.00631376
  0.0806885  0.00113359 -0.00631376
  0.0806885  0.00113362 -0.00631375
  0.0806886  0.00113364 -0.00631375
  0.0806886  0.00113366 -0.00631375
  0.0806886  0.00113368 -0.00631374
  0.0806886  0.00113371 -0.00631374
  0.0806886  0.00113373 -0.00631373
  0.0806887  0.00113375 -0.00631373
  0.0806887  0.00113377 -0.00631372
  0.0806887  0.00113379 -0.00631372
  0.0806887  0.00113382 -0.00631371
  0.0806887  0.00113384 -0.00631371
  0.0806888  0.00113386 -0.00631371
 0.0806888 0.00113388 -0.0063137
 0.0806888  0.0011339 -0.0063137
  0.0806888  0.00113392 -0.00631369
  0.0806888  0.00113394 -0.00631369
  0.0806889  0.00113397 -0.00631369
  0.0806889  0.00113399 -0.00631368
  0.0806889  0.00113401 -0.00631368
  0.0806889  0.00113403 -0.00631367
  0.0806889  0.00113405 -0.00631367
   0.080689  0.00113407 -0.00631367
   0.080689  0.00113409 -0.00631366
   0.080689  0.00113411 -0.00631366
   0.080689  0.00113413 -0.00631365
   0.080689  0.00113415 -0.00631365
   0.080689  0.00113417 -0.00631365
  0.0806891  0.00113419 -0.00631364
  0.0806891  0.00113421 -0.00631364
  0.0806891  0.00113423 -0.00631364
  0.0806891  0.00113425 -0.00631363
  0.0806891  0.00113427 -0.00631363
  0.0806892  0.00113429 -0.00631362
  0.0806892   0.0011343 -0.00631362
  0.0806892  0.00113432 -0.00631362
  0.0806892  0.00113434 -0.00631361
  0.0806892  0.00113436 -0.00631361
  0.0806892  0.00113438 -0.00631361
 0.0806893  0.0011344 -0.0063136
 0.0806893 0.00113442 -0.0063136
 0.0806893 0.00113444 -0.0063136
  0.0806893  0.00113445 -0.00631359
  0.0806893  0.00113447 -0.00631359
  0.0806894  0.00113449 -0.00631359
  0.0806894  0.00113451 -0.00631358
  0.0806894  0.00113453 -0.00631358
  0.0806894  0.00113454 -0.00631358
  0.0806894  0.00113456 -0.00631357
  0.0806894  0.00113458 -0.00631357
  0.0806895   0.0011346 -0.00631357
  0.0806895  0.00113461 -0.00631356
  0.0806895  0.00113463 -0.00631356
  0.0806895  0.00113465 -0.00631356
  0.0806895  0.00113467 -0.00631355
  0.0806895  0.00113468 -0.00631355
  0.0806896   0.0011347 -0.00631355
  0.0806896  0.00113472 -0.00631354
  0.0806896  0.00113473 -0.00631354
  0.0806896  0.00113475 -0.00631354
  0.0806896  0.00113477 -0.00631353
  0.0806896  0.00113478 -0.00631353
  0.0806897   0.0011348 -0.00631353
  0.0806897  0.00113482 -0.00631353
  0.0806897  0.00113483 -0.00631352
  0.0806897  0.00113485 -0.00631352
  0.0806897  0.00113487 -0.00631352
  0.0806897  0.00113488 -0.00631351
  0.0806898   0.0011349 -0.00631351
  0.0806898  0.00113491 -0.00631351
 0.0806898 0.00113493 -0.0063135
 0.0806898 0.00113494 -0.0063135
 0.0806898 0.00113496 -0.0063135
 0.0806898 0.00113498 -0.0063135
  0.0806899  0.00113499 -0.00631349
  0.0806899  0.00113501 -0.00631349
  0.0806899  0.00113502 -0.00631349
  0.0806899  0.00113504 -0.00631349
  0.0806899  0.00113505 -0.00631348
  0.0806899  0.00113507 -0.00631348
    0.08069  0.00113508 -0.00631348
    0.08069   0.0011351 -0.00631347
    0.08069  0.00113511 -0.00631347
    0.08069  0.00113513 -0.00631347
    0.08069  0.00113514 -0.00631347
    0.08069  0.00113516 -0.00631346
    0.08069  0.00113517 -0.00631346
  0.0806901  0.00113518 -0.00631346
  0.0806901   0.0011352 -0.00631346
  0.0806901  0.00113521 -0.00631345
  0.0806901  0.00113523 -0.00631345
  0.0806901  0.00113524 -0.00631345
  0.0806901  0.00113525 -0.00631345
  0.0806901  0.00113527 -0.00631344
  0.0806902  0.00113528 -0.00631344
  0.0806902   0.0011353 -0.00631344
  0.0806902  0.00113531 -0.00631344
  0.0806902  0.00113532 -0.00631343
  0.0806902  0.00113534 -0.00631343
  0.0806902  0.00113535 -0.00631343
  0.0806902  0.00113536 -0.00631343
  0.0806903  0.00113538 -0.00631342
  0.0806903  0.00113539 -0.00631342
  0.0806903   0.0011354 -0.00631342
  0.0806903  0.00113542 -0.00631342
  0.0806903  0.00113543 -0.00631342
  0.0806903  0.00113544 -0.00631341
  0.0806903  0.00113546 -0.00631341
  0.0806904  0.00113547 -0.00631341
  0.0806904  0.00113548 -0.00631341
 0.0806904 0.00113549 -0.0063134
 0.0806904 0.00113551 -0.0063134
 0.0806904 0.00113552 -0.0063134
 0.0806904 0.00113553 -0.0063134
 0.0806904 0.00113554 -0.0063134
  0.0806905  0.00113556 -0.00631339
  0.0806905  0.00113557 -0.00631339
  0.0806905  0.00113558 -0.00631339
  0.0806905  0.00113559 -0.00631339
  0.0806905  0.00113561 -0.00631339
  0.0806905  0.00113562 -0.00631338
  0.0806905  0.00113563 -0.00631338
  0.0806905  0.00113564 -0.00631338
  0.0806906  0.00113565 -0.00631338
  0.0806906  0.00113567 -0.00631338
  0.0806906  0.00113568 -0.00631337
  0.0806906  0.00113569 -0.00631337
  0.0806906   0.0011357 -0.00631337
  0.0806906  0.00113571 -0.00631337
  0.0806906  0.00113572 -0.00631337
  0.0806906  0.00113573 -0.00631336
  0.0806907  0.00113575 -0.00631336
  0.0806907  0.00113576 -0.00631336
  0.0806907  0.00113577 -0.00631336
  0.0806907  0.00113578 -0.00631336
  0.0806907  0.00113579 -0.00631335
  0.0806907   0.0011358 -0.00631335
  0.0806907  0.00113581 -0.00631335
  0.0806907  0.00113582 -0.00631335
  0.0806908  0.00113583 -0.00631335
  0.0806908  0.00113585 -0.00631334
  0.0806908  0.00113586 -0.00631334
  0.0806908  0.00113587 -0.00631334
  0.0806908  0.00113588 -0.00631334
  0.0806908  0.00113589 -0.00631334
  0.0806908   0.0011359 -0.00631334
  0.0806908  0.00113591 -0.00631333
  0.0806908  0.00113592 -0.00631333
  0.0806909  0.00113593 -0.00631333
  0.0806909  0.00113594 -0.00631333
  0.0806909  0.00113595 -0.00631333
  0.0806909  0.00113596 -0.00631333
  0.0806909  0.00113597 -0.00631332
  0.0806909  0.00113598 -0.00631332
  0.0806909  0.00113599 -0.00631332
  0.0806909    0.001136 -0.00631332
  0.0806909  0.00113601 -0.00631332
   0.080691  0.00113602 -0.00631332
   0.080691  0.00113603 -0.00631331
   0.080691  0.00113604 -0.00631331
   0.080691  0.00113605 -0.00631331
   0.080691  0.00113606 -0.00631331
   0.080691  0.00113607 -0.00631331
