0.00773552  0.0391633  -0.133765
-0.0114114  0.0254146  -0.114744
-0.0220565  0.0167311  -0.102518
  -0.02777  0.0112231 -0.0945185
-0.0306032 0.00770912 -0.0891263
-0.0317397 0.00545073 -0.0853265
-0.0318737 0.00398589 -0.0824942
-0.0314205 0.00302479 -0.0802539
 -0.030634 0.00238515 -0.0783846
-0.0296716 0.00195193  -0.076759
-0.0286317 0.00165227 -0.0753049
-0.0275756 0.00143984 -0.0739816
-0.0265409 0.00128501 -0.0727658
-0.0255502 0.00116877 -0.0716438
 -0.024616 0.00107877 -0.0706066
-0.0237442 0.00100701 -0.0696477
 -0.0229368 0.000948171  -0.0687615
 -0.0221929 0.000898742   -0.067943
 -0.0215101 0.000856339  -0.0671875
 -0.0208851 0.000819325  -0.0664903
 -0.0203139 0.000786555  -0.0658469
 -0.0197924 0.000757209  -0.0652529
 -0.0193166 0.000730688  -0.0647042
 -0.0188825 0.000706539  -0.0641969
 -0.0184864 0.000684416  -0.0637273
 -0.0181247 0.000664042   -0.063292
 -0.0177941 0.000645197  -0.0628879
 -0.0174918 0.000627698  -0.0625121
-0.0172149 0.00061139  -0.062162
 -0.0169609 0.000596144  -0.0618351
 -0.0167277 0.000581845  -0.0615294
 -0.0165131 0.000568398  -0.0612429
 -0.0163154 0.000555715  -0.0609737
 -0.0161328 0.000543722  -0.0607203
 -0.0159639 0.000532351  -0.0604812
 -0.0158074 0.000521542  -0.0602551
 -0.0156619 0.000511244  -0.0600409
 -0.0155266 0.000501409  -0.0598375
 -0.0154003 0.000491994  -0.0596439
 -0.0152822 0.000482962  -0.0594593
 -0.0151715 0.000474279  -0.0592829
 -0.0150676 0.000465914   -0.059114
-0.0149697 0.00045784  -0.058952
 -0.0148773 0.000450032  -0.0587963
 -0.0147899 0.000442469  -0.0586464
 -0.0147071 0.000435131  -0.0585019
-0.0146284   0.000428 -0.0583622
 -0.0145534 0.000421059  -0.0582272
 -0.0144819 0.000414294  -0.0580963
 -0.0144135 0.000407692  -0.0579693
  -0.014348 0.000401242   -0.057846
  -0.014285 0.000394932  -0.0577261
 -0.0142245 0.000388753  -0.0576093
 -0.0141662 0.000382696  -0.0574955
 -0.0141099 0.000376753  -0.0573845
 -0.0140554 0.000370918  -0.0572761
 -0.0140027 0.000365184  -0.0571701
 -0.0139516 0.000359545  -0.0570664
 -0.0139019 0.000353995  -0.0569649
-0.0138536 0.00034853 -0.0568655
 -0.0138066 0.000343145   -0.056768
 -0.0137608 0.000337837  -0.0566724
 -0.0137161 0.000332602  -0.0565786
 -0.0136724 0.000327436  -0.0564865
 -0.0136297 0.000322337   -0.056396
 -0.0135879 0.000317301  -0.0563071
  -0.013547 0.000312326  -0.0562197
-0.0135069 0.00030741 -0.0561337
 -0.0134675 0.000302551  -0.0560491
 -0.0134289 0.000297746  -0.0559658
  -0.013391 0.000292994  -0.0558839
 -0.0133538 0.000288293  -0.0558031
 -0.0133172 0.000283642  -0.0557236
 -0.0132812 0.000279039  -0.0556453
 -0.0132457 0.000274483  -0.0555681
 -0.0132108 0.000269972   -0.055492
 -0.0131765 0.000265506   -0.055417
 -0.0131427 0.000261083  -0.0553431
 -0.0131093 0.000256703  -0.0552701
 -0.0130765 0.000252363  -0.0551982
 -0.0130441 0.000248065  -0.0551272
 -0.0130122 0.000243806  -0.0550573
 -0.0129807 0.000239586  -0.0549882
 -0.0129496 0.000235404    -0.05492
 -0.0129189 0.000231259  -0.0548528
 -0.0128887 0.000227151  -0.0547864
 -0.0128588 0.000223079  -0.0547209
 -0.0128293 0.000219043  -0.0546562
 -0.0128002 0.000215042  -0.0545923
 -0.0127714 0.000211075  -0.0545293
  -0.012743 0.000207142  -0.0544671
 -0.0127149 0.000203242  -0.0544056
 -0.0126872 0.000199375  -0.0543449
 -0.0126598 0.000195541  -0.0542849
 -0.0126327 0.000191738  -0.0542257
  -0.012606 0.000187967  -0.0541673
 -0.0125796 0.000184227  -0.0541095
 -0.0125534 0.000180517  -0.0540525
 -0.0125276 0.000176838  -0.0539961
 -0.0125021 0.000173189  -0.0539404
 -0.0124768 0.000169569  -0.0538854
 -0.0124519 0.000165978  -0.0538311
 -0.0124272 0.000162416  -0.0537774
 -0.0124028 0.000158883  -0.0537244
 -0.0123787 0.000155378   -0.053672
-0.0123549  0.0001519 -0.0536202
-0.0123313 0.00014845  -0.053569
  -0.012308 0.000145027  -0.0535184
 -0.0122849 0.000141631  -0.0534685
 -0.0122621 0.000138262  -0.0534191
 -0.0122395 0.000134919  -0.0533703
 -0.0122172 0.000131601   -0.053322
-0.0121951 0.00012831 -0.0532744
 -0.0121733 0.000125044  -0.0532272
 -0.0121517 0.000121803  -0.0531807
 -0.0121303 0.000118587  -0.0531346
 -0.0121092 0.000115396  -0.0530891
 -0.0120883 0.000112229  -0.0530441
 -0.0120676 0.000109086  -0.0529997
 -0.0120471 0.000105967  -0.0529557
 -0.0120268 0.000102872  -0.0529123
 -0.0120068 9.97998e-05  -0.0528693
 -0.0119869 9.67512e-05  -0.0528268
 -0.0119673 9.37255e-05  -0.0527849
 -0.0119479 9.07226e-05  -0.0527433
 -0.0119286 8.77422e-05  -0.0527023
 -0.0119096 8.47841e-05  -0.0526617
 -0.0118908 8.18481e-05  -0.0526216
-0.0118721 7.8934e-05 -0.0525819
 -0.0118537 7.60415e-05  -0.0525427
 -0.0118354 7.31705e-05  -0.0525039
 -0.0118174 7.03208e-05  -0.0524655
 -0.0117995 6.74922e-05  -0.0524276
 -0.0117818 6.46844e-05  -0.0523901
 -0.0117642 6.18973e-05   -0.052353
 -0.0117469 5.91307e-05  -0.0523163
 -0.0117297 5.63844e-05    -0.05228
 -0.0117127 5.36582e-05  -0.0522441
 -0.0116959 5.09519e-05  -0.0522087
 -0.0116792 4.82654e-05  -0.0521736
 -0.0116628 4.55985e-05  -0.0521389
-0.0116464 4.2951e-05 -0.0521045
 -0.0116303 4.03228e-05  -0.0520706
 -0.0116143 3.77136e-05   -0.052037
 -0.0115984 3.51233e-05  -0.0520037
 -0.0115827 3.25517e-05  -0.0519709
 -0.0115672 2.99987e-05  -0.0519384
 -0.0115518 2.74641e-05  -0.0519062
 -0.0115366 2.49477e-05  -0.0518744
 -0.0115215 2.24495e-05  -0.0518429
 -0.0115066 1.99691e-05  -0.0518118
 -0.0114918 1.75066e-05   -0.051781
 -0.0114771 1.50617e-05  -0.0517505
 -0.0114626 1.26343e-05  -0.0517204
 -0.0114483 1.02242e-05  -0.0516906
 -0.0114341 7.83127e-06  -0.0516611
   -0.01142 5.45541e-06  -0.0516319
  -0.011406 3.09646e-06   -0.051603
 -0.0113922 7.54267e-07  -0.0515744
 -0.0113785 -1.5713e-06  -0.0515461
   -0.011365 -3.88038e-06   -0.0515182
  -0.0113516 -6.17311e-06   -0.0514905
  -0.0113383 -8.44962e-06   -0.0514631
  -0.0113251 -1.07101e-05    -0.051436
  -0.0113121 -1.29545e-05   -0.0514092
  -0.0112992 -1.51832e-05   -0.0513826
  -0.0112864 -1.73961e-05   -0.0513564
  -0.0112737 -1.95935e-05   -0.0513304
  -0.0112612 -2.17754e-05   -0.0513046
  -0.0112487 -2.39421e-05   -0.0512792
  -0.0112364 -2.60935e-05    -0.051254
  -0.0112242 -2.82298e-05   -0.0512291
  -0.0112121 -3.03512e-05   -0.0512044
  -0.0112001 -3.24577e-05     -0.05118
  -0.0111883 -3.45495e-05   -0.0511558
  -0.0111765 -3.66267e-05   -0.0511319
  -0.0111649 -3.86894e-05   -0.0511082
  -0.0111534 -4.07378e-05   -0.0510848
  -0.0111419 -4.27718e-05   -0.0510616
  -0.0111306 -4.47917e-05   -0.0510386
  -0.0111194 -4.67976e-05   -0.0510159
  -0.0111083 -4.87895e-05   -0.0509934
  -0.0110973 -5.07676e-05   -0.0509712
  -0.0110864 -5.27319e-05   -0.0509491
  -0.0110756 -5.46827e-05   -0.0509273
  -0.0110648 -5.66199e-05   -0.0509057
  -0.0110542 -5.85437e-05   -0.0508843
  -0.0110437 -6.04542e-05   -0.0508632
  -0.0110333 -6.23514e-05   -0.0508422
   -0.011023 -6.42356e-05   -0.0508215
  -0.0110127 -6.61068e-05    -0.050801
 -0.0110026 -6.7965e-05  -0.0507806
  -0.0109926 -6.98104e-05   -0.0507605
  -0.0109826 -7.16431e-05   -0.0507406
  -0.0109727 -7.34632e-05   -0.0507208
   -0.010963 -7.52708e-05   -0.0507013
  -0.0109533 -7.70659e-05    -0.050682
  -0.0109437 -7.88486e-05   -0.0506628
  -0.0109342 -8.06191e-05   -0.0506439
  -0.0109247 -8.23775e-05   -0.0506251
  -0.0109154 -8.41237e-05   -0.0506065
 -0.0109061 -8.5858e-05  -0.0505881
  -0.0108969 -8.75804e-05   -0.0505699
 -0.0108878 -8.9291e-05  -0.0505519
  -0.0108788 -9.09898e-05    -0.050534
 -0.0108699 -9.2677e-05  -0.0505163
   -0.010861 -9.43527e-05   -0.0504988
  -0.0108522 -9.60169e-05   -0.0504814
  -0.0108435 -9.76697e-05   -0.0504643
  -0.0108349 -9.93112e-05   -0.0504473
  -0.0108264 -0.000100941   -0.0504304
  -0.0108179 -0.000102561   -0.0504137
  -0.0108095 -0.000104169   -0.0503972
  -0.0108012 -0.000105766   -0.0503808
  -0.0107929 -0.000107352   -0.0503646
  -0.0107847 -0.000108927   -0.0503486
  -0.0107766 -0.000110492   -0.0503327
  -0.0107686 -0.000112046   -0.0503169
  -0.0107606 -0.000113589   -0.0503014
  -0.0107527 -0.000115122   -0.0502859
  -0.0107449 -0.000116645   -0.0502706
  -0.0107371 -0.000118157   -0.0502555
  -0.0107294 -0.000119658   -0.0502405
 -0.0107218 -0.00012115  -0.0502256
  -0.0107142 -0.000122631   -0.0502109
  -0.0107067 -0.000124103   -0.0501963
  -0.0106993 -0.000125564   -0.0501819
  -0.0106919 -0.000127015   -0.0501676
  -0.0106846 -0.000128457   -0.0501534
  -0.0106774 -0.000129888   -0.0501393
 -0.0106702 -0.00013131  -0.0501254
  -0.0106631 -0.000132723   -0.0501117
   -0.010656 -0.000134125    -0.050098
   -0.010649 -0.000135519   -0.0500845
  -0.0106421 -0.000136902   -0.0500711
  -0.0106352 -0.000138277   -0.0500578
  -0.0106284 -0.000139642   -0.0500447
  -0.0106216 -0.000140998   -0.0500317
  -0.0106149 -0.000142344   -0.0500188
  -0.0106082 -0.000143682    -0.050006
 -0.0106016 -0.00014501  -0.0499933
  -0.0105951 -0.000146329   -0.0499808
 -0.0105886 -0.00014764  -0.0499684
  -0.0105822 -0.000148941   -0.0499561
  -0.0105758 -0.000150234   -0.0499439
  -0.0105695 -0.000151518   -0.0499318
  -0.0105632 -0.000152793   -0.0499198
  -0.010557 -0.00015406  -0.0499079
  -0.0105508 -0.000155318   -0.0498962
  -0.0105447 -0.000156567   -0.0498845
  -0.0105387 -0.000157808    -0.049873
  -0.0105326 -0.000159041   -0.0498616
  -0.0105267 -0.000160265   -0.0498502
  -0.0105208 -0.000161482    -0.049839
  -0.0105149 -0.000162689   -0.0498279
  -0.0105091 -0.000163889   -0.0498169
 -0.0105033 -0.00016508  -0.0498059
  -0.0104976 -0.000166264   -0.0497951
   -0.010492 -0.000167439   -0.0497844
  -0.0104863 -0.000168607   -0.0497737
  -0.0104808 -0.000169766   -0.0497632
  -0.0104752 -0.000170918   -0.0497528
  -0.0104697 -0.000172062   -0.0497424
  -0.0104643 -0.000173198   -0.0497322
  -0.0104589 -0.000174327    -0.049722
  -0.0104535 -0.000175448    -0.049712
  -0.0104482 -0.000176561    -0.049702
   -0.010443 -0.000177667   -0.0496921
  -0.0104378 -0.000178765   -0.0496823
  -0.0104326 -0.000179856   -0.0496726
 -0.0104274 -0.00018094   -0.049663
  -0.0104224 -0.000182016   -0.0496534
  -0.0104173 -0.000183085    -0.049644
  -0.0104123 -0.000184146   -0.0496346
  -0.0104073 -0.000185201   -0.0496253
  -0.0104024 -0.000186248   -0.0496161
  -0.0103975 -0.000187288    -0.049607
  -0.0103927 -0.000188322   -0.0495979
  -0.0103878 -0.000189348    -0.049589
  -0.0103831 -0.000190367   -0.0495801
 -0.0103783 -0.00019138  -0.0495713
  -0.0103736 -0.000192385   -0.0495625
   -0.010369 -0.000193384   -0.0495539
  -0.0103644 -0.000194376   -0.0495453
  -0.0103598 -0.000195361   -0.0495368
 -0.0103552 -0.00019634  -0.0495284
  -0.0103507 -0.000197312     -0.04952
  -0.0103463 -0.000198278   -0.0495118
  -0.0103418 -0.000199237   -0.0495036
  -0.0103374 -0.000200189   -0.0494954
  -0.0103331 -0.000201135   -0.0494874
  -0.0103287 -0.000202075   -0.0494794
  -0.0103244 -0.000203008   -0.0494714
  -0.0103202 -0.000203935   -0.0494636
  -0.0103159 -0.000204856   -0.0494558
 -0.0103117 -0.00020577  -0.0494481
  -0.0103076 -0.000206678   -0.0494404
 -0.0103035 -0.00020758  -0.0494328
  -0.0102994 -0.000208476   -0.0494253
  -0.0102953 -0.000209366   -0.0494178
 -0.0102913 -0.00021025  -0.0494104
  -0.0102873 -0.000211128   -0.0494031
-0.0102833  -0.000212 -0.0493959
  -0.0102794 -0.000212866   -0.0493886
  -0.0102755 -0.000213727   -0.0493815
  -0.0102716 -0.000214581   -0.0493744
 -0.0102678 -0.00021543  -0.0493674
  -0.0102639 -0.000216273   -0.0493604
 -0.0102602 -0.00021711  -0.0493535
  -0.0102564 -0.000217942   -0.0493467
  -0.0102527 -0.000218767   -0.0493399
   -0.010249 -0.000219588   -0.0493332
  -0.0102453 -0.000220403   -0.0493265
  -0.0102417 -0.000221212   -0.0493199
  -0.0102381 -0.000222016   -0.0493133
  -0.0102345 -0.000222814   -0.0493068
   -0.010231 -0.000223607   -0.0493004
  -0.0102274 -0.000224394    -0.049294
  -0.0102239 -0.000225177   -0.0492877
  -0.0102205 -0.000225954   -0.0492814
   -0.010217 -0.000226725   -0.0492751
  -0.0102136 -0.000227492    -0.049269
  -0.0102102 -0.000228253   -0.0492628
  -0.0102069 -0.000229009   -0.0492568
 -0.0102035 -0.00022976  -0.0492507
  -0.0102002 -0.000230506   -0.0492448
  -0.0101969 -0.000231247   -0.0492388
  -0.0101937 -0.000231982    -0.049233
  -0.0101904 -0.000232713   -0.0492271
  -0.0101872 -0.000233439   -0.0492214
 -0.0101841 -0.00023416  -0.0492156
  -0.0101809 -0.000234876   -0.0492099
  -0.0101778 -0.000235587   -0.0492043
  -0.0101747 -0.000236294   -0.0491987
  -0.0101716 -0.000236995   -0.0491932
  -0.0101685 -0.000237692   -0.0491877
  -0.0101655 -0.000238384   -0.0491822
  -0.0101625 -0.000239072   -0.0491768
  -0.0101595 -0.000239754   -0.0491715
  -0.0101565 -0.000240432   -0.0491662
  -0.0101536 -0.000241106   -0.0491609
  -0.0101506 -0.000241775   -0.0491557
  -0.0101477 -0.000242439   -0.0491505
  -0.0101449 -0.000243099   -0.0491453
   -0.010142 -0.000243754   -0.0491402
  -0.0101392 -0.000244405   -0.0491352
  -0.0101364 -0.000245052   -0.0491302
  -0.0101336 -0.000245694   -0.0491252
  -0.0101308 -0.000246332   -0.0491202
   -0.010128 -0.000246965   -0.0491153
  -0.0101253 -0.000247595   -0.0491105
  -0.0101226 -0.000248219   -0.0491057
 -0.0101199 -0.00024884  -0.0491009
  -0.0101173 -0.000249456   -0.0490962
  -0.0101146 -0.000250069   -0.0490915
   -0.010112 -0.000250677   -0.0490868
  -0.0101094 -0.000251281   -0.0490822
  -0.0101068 -0.000251881   -0.0490776
  -0.0101042 -0.000252476   -0.0490731
  -0.0101017 -0.000253068   -0.0490685
  -0.0100992 -0.000253656   -0.0490641
  -0.0100967 -0.000254239   -0.0490596
  -0.0100942 -0.000254819   -0.0490552
  -0.0100917 -0.000255395   -0.0490509
  -0.0100892 -0.000255967   -0.0490465
  -0.0100868 -0.000256535   -0.0490422
  -0.0100844 -0.000257099    -0.049038
   -0.010082 -0.000257659   -0.0490337
  -0.0100796 -0.000258216   -0.0490296
  -0.0100773 -0.000258768   -0.0490254
  -0.0100749 -0.000259317   -0.0490213
  -0.0100726 -0.000259862   -0.0490172
  -0.0100703 -0.000260404   -0.0490131
   -0.010068 -0.000260942   -0.0490091
  -0.0100657 -0.000261476   -0.0490051
  -0.0100635 -0.000262006   -0.0490011
  -0.0100612 -0.000262533   -0.0489972
   -0.010059 -0.000263056   -0.0489933
  -0.0100568 -0.000263576   -0.0489894
  -0.0100546 -0.000264092   -0.0489856
  -0.0100525 -0.000264605   -0.0489818
  -0.0100503 -0.000265114    -0.048978
 -0.0100482 -0.00026562  -0.0489743
   -0.010046 -0.000266122   -0.0489705
  -0.0100439 -0.000266621   -0.0489668
  -0.0100418 -0.000267116   -0.0489632
  -0.0100398 -0.000267608   -0.0489596
  -0.0100377 -0.000268097    -0.048956
  -0.0100357 -0.000268583   -0.0489524
  -0.0100336 -0.000269065   -0.0489488
  -0.0100316 -0.000269543   -0.0489453
  -0.0100296 -0.000270019   -0.0489418
  -0.0100276 -0.000270491   -0.0489384
 -0.0100257 -0.00027096  -0.0489349
  -0.0100237 -0.000271426   -0.0489315
  -0.0100218 -0.000271889   -0.0489281
  -0.0100198 -0.000272348   -0.0489248
  -0.0100179 -0.000272805   -0.0489215
   -0.010016 -0.000273258   -0.0489182
  -0.0100141 -0.000273708   -0.0489149
  -0.0100123 -0.000274155   -0.0489116
  -0.0100104 -0.000274599   -0.0489084
 -0.0100086 -0.00027504  -0.0489052
  -0.0100067 -0.000275478    -0.048902
  -0.0100049 -0.000275913   -0.0488989
  -0.0100031 -0.000276345   -0.0488958
  -0.0100013 -0.000276774   -0.0488927
-0.00999956  -0.0002772  -0.0488896
  -0.0099978 -0.000277624   -0.0488865
 -0.00999605 -0.000278044   -0.0488835
 -0.00999432 -0.000278462   -0.0488805
 -0.00999259 -0.000278876   -0.0488775
 -0.00999088 -0.000279288   -0.0488746
 -0.00998919 -0.000279697   -0.0488716
  -0.0099875 -0.000280103   -0.0488687
 -0.00998583 -0.000280507   -0.0488658
 -0.00998417 -0.000280907    -0.048863
 -0.00998252 -0.000281305   -0.0488601
-0.00998088  -0.0002817  -0.0488573
 -0.00997926 -0.000282093   -0.0488545
 -0.00997765 -0.000282483   -0.0488517
-0.00997605 -0.00028287   -0.048849
 -0.00997446 -0.000283254   -0.0488462
 -0.00997288 -0.000283636   -0.0488435
 -0.00997131 -0.000284015   -0.0488408
 -0.00996976 -0.000284392   -0.0488381
 -0.00996822 -0.000284766   -0.0488355
 -0.00996669 -0.000285138   -0.0488328
 -0.00996517 -0.000285507   -0.0488302
 -0.00996366 -0.000285873   -0.0488276
 -0.00996216 -0.000286237   -0.0488251
 -0.00996067 -0.000286598   -0.0488225
  -0.0099592 -0.000286957     -0.04882
 -0.00995773 -0.000287314   -0.0488175
 -0.00995628 -0.000287668    -0.048815
-0.00995483 -0.00028802  -0.0488125
  -0.0099534 -0.000288369     -0.04881
 -0.00995198 -0.000288716   -0.0488076
-0.00995056 -0.00028906  -0.0488052
 -0.00994916 -0.000289402   -0.0488028
 -0.00994777 -0.000289742   -0.0488004
-0.00994639 -0.00029008   -0.048798
 -0.00994501 -0.000290415   -0.0487957
 -0.00994365 -0.000290747   -0.0487933
  -0.0099423 -0.000291078    -0.048791
 -0.00994096 -0.000291406   -0.0487887
 -0.00993962 -0.000291732   -0.0487865
  -0.0099383 -0.000292056   -0.0487842
 -0.00993699 -0.000292378    -0.048782
 -0.00993568 -0.000292697   -0.0487797
 -0.00993439 -0.000293014   -0.0487775
  -0.0099331 -0.000293329   -0.0487753
 -0.00993183 -0.000293642   -0.0487732
 -0.00993056 -0.000293953    -0.048771
  -0.0099293 -0.000294261   -0.0487689
 -0.00992806 -0.000294568   -0.0487667
 -0.00992682 -0.000294872   -0.0487646
 -0.00992559 -0.000295174   -0.0487625
 -0.00992437 -0.000295475   -0.0487605
 -0.00992315 -0.000295773   -0.0487584
 -0.00992195 -0.000296069   -0.0487563
 -0.00992075 -0.000296363   -0.0487543
 -0.00991957 -0.000296655   -0.0487523
 -0.00991839 -0.000296945   -0.0487503
 -0.00991722 -0.000297233   -0.0487483
 -0.00991606 -0.000297519   -0.0487463
 -0.00991491 -0.000297803   -0.0487444
 -0.00991376 -0.000298085   -0.0487424
 -0.00991263 -0.000298365   -0.0487405
  -0.0099115 -0.000298644   -0.0487386
-0.00991038 -0.00029892  -0.0487367
 -0.00990927 -0.000299194   -0.0487348
 -0.00990816 -0.000299467   -0.0487329
 -0.00990707 -0.000299738   -0.0487311
 -0.00990598 -0.000300007   -0.0487292
  -0.0099049 -0.000300274   -0.0487274
 -0.00990383 -0.000300539   -0.0487256
 -0.00990276 -0.000300802   -0.0487238
 -0.00990171 -0.000301064    -0.048722
 -0.00990066 -0.000301323   -0.0487202
 -0.00989961 -0.000301581   -0.0487185
 -0.00989858 -0.000301837   -0.0487167
 -0.00989755 -0.000302092    -0.048715
 -0.00989653 -0.000302344   -0.0487133
 -0.00989552 -0.000302595   -0.0487116
 -0.00989451 -0.000302845   -0.0487099
 -0.00989352 -0.000303092   -0.0487082
 -0.00989253 -0.000303338   -0.0487065
 -0.00989154 -0.000303582   -0.0487048
 -0.00989057 -0.000303824   -0.0487032
  -0.0098896 -0.000304065   -0.0487016
 -0.00988863 -0.000304304   -0.0486999
 -0.00988768 -0.000304542   -0.0486983
 -0.00988673 -0.000304777   -0.0486967
 -0.00988578 -0.000305012   -0.0486951
 -0.00988485 -0.000305244   -0.0486936
 -0.00988392 -0.000305475    -0.048692
   -0.009883 -0.000305704   -0.0486905
 -0.00988208 -0.000305932   -0.0486889
 -0.00988117 -0.000306158   -0.0486874
 -0.00988027 -0.000306383   -0.0486859
 -0.00987937 -0.000306606   -0.0486844
 -0.00987848 -0.000306828   -0.0486829
  -0.0098776 -0.000307048   -0.0486814
 -0.00987672 -0.000307266   -0.0486799
 -0.00987585 -0.000307483   -0.0486784
 -0.00987499 -0.000307699    -0.048677
 -0.00987413 -0.000307913   -0.0486755
 -0.00987327 -0.000308126   -0.0486741
 -0.00987243 -0.000308337   -0.0486727
 -0.00987159 -0.000308546   -0.0486713
 -0.00987075 -0.000308755   -0.0486699
 -0.00986992 -0.000308961   -0.0486685
  -0.0098691 -0.000309167   -0.0486671
 -0.00986828 -0.000309371   -0.0486657
 -0.00986747 -0.000309573   -0.0486644
 -0.00986666 -0.000309774    -0.048663
 -0.00986586 -0.000309974   -0.0486617
 -0.00986507 -0.000310172   -0.0486604
 -0.00986428 -0.000310369    -0.048659
  -0.0098635 -0.000310565   -0.0486577
 -0.00986272 -0.000310759   -0.0486564
 -0.00986195 -0.000310952   -0.0486551
 -0.00986118 -0.000311144   -0.0486539
 -0.00986042 -0.000311334   -0.0486526
 -0.00985966 -0.000311523   -0.0486513
 -0.00985891 -0.000311711   -0.0486501
 -0.00985817 -0.000311897   -0.0486488
 -0.00985743 -0.000312082   -0.0486476
 -0.00985669 -0.000312266   -0.0486464
 -0.00985596 -0.000312449   -0.0486451
-0.00985524 -0.00031263  -0.0486439
-0.00985452 -0.00031281  -0.0486427
 -0.00985381 -0.000312989   -0.0486415
  -0.0098531 -0.000313166   -0.0486404
 -0.00985239 -0.000313343   -0.0486392
 -0.00985169 -0.000313518    -0.048638
   -0.009851 -0.000313692   -0.0486369
 -0.00985031 -0.000313865   -0.0486357
 -0.00984962 -0.000314036   -0.0486346
 -0.00984894 -0.000314206   -0.0486334
 -0.00984827 -0.000314376   -0.0486323
  -0.0098476 -0.000314544   -0.0486312
-0.00984693 -0.00031471  -0.0486301
 -0.00984627 -0.000314876    -0.048629
 -0.00984561 -0.000315041   -0.0486279
 -0.00984496 -0.000315204   -0.0486268
 -0.00984432 -0.000315366   -0.0486257
 -0.00984367 -0.000315527   -0.0486247
 -0.00984303 -0.000315687   -0.0486236
  -0.0098424 -0.000315846   -0.0486226
 -0.00984177 -0.000316004   -0.0486215
 -0.00984115 -0.000316161   -0.0486205
 -0.00984053 -0.000316317   -0.0486194
 -0.00983991 -0.000316471   -0.0486184
  -0.0098393 -0.000316625   -0.0486174
 -0.00983869 -0.000316777   -0.0486164
 -0.00983809 -0.000316928   -0.0486154
 -0.00983749 -0.000317079   -0.0486144
 -0.00983689 -0.000317228   -0.0486134
  -0.0098363 -0.000317376   -0.0486124
 -0.00983571 -0.000317524   -0.0486115
-0.00983513 -0.00031767  -0.0486105
 -0.00983455 -0.000317815   -0.0486095
 -0.00983398 -0.000317959   -0.0486086
 -0.00983341 -0.000318103   -0.0486076
 -0.00983284 -0.000318245   -0.0486067
 -0.00983228 -0.000318386   -0.0486058
 -0.00983172 -0.000318526   -0.0486048
 -0.00983116 -0.000318666   -0.0486039
 -0.00983061 -0.000318804    -0.048603
 -0.00983007 -0.000318941   -0.0486021
 -0.00982952 -0.000319078   -0.0486012
 -0.00982898 -0.000319213   -0.0486003
 -0.00982845 -0.000319348   -0.0485994
 -0.00982792 -0.000319481   -0.0485985
 -0.00982739 -0.000319614   -0.0485977
 -0.00982686 -0.000319746   -0.0485968
 -0.00982634 -0.000319877   -0.0485959
 -0.00982582 -0.000320006   -0.0485951
 -0.00982531 -0.000320136   -0.0485942
  -0.0098248 -0.000320264   -0.0485934
 -0.00982429 -0.000320391   -0.0485926
 -0.00982379 -0.000320517   -0.0485917
 -0.00982329 -0.000320643   -0.0485909
 -0.00982279 -0.000320767   -0.0485901
  -0.0098223 -0.000320891   -0.0485893
 -0.00982181 -0.000321014   -0.0485885
 -0.00982132 -0.000321136   -0.0485877
 -0.00982084 -0.000321257   -0.0485869
 -0.00982036 -0.000321378   -0.0485861
 -0.00981989 -0.000321497   -0.0485853
 -0.00981941 -0.000321616   -0.0485845
 -0.00981894 -0.000321734   -0.0485837
 -0.00981848 -0.000321851    -0.048583
 -0.00981801 -0.000321967   -0.0485822
 -0.00981755 -0.000322083   -0.0485814
  -0.0098171 -0.000322197   -0.0485807
 -0.00981664 -0.000322311   -0.0485799
 -0.00981619 -0.000322424   -0.0485792
 -0.00981574 -0.000322537   -0.0485785
  -0.0098153 -0.000322648   -0.0485777
 -0.00981486 -0.000322759    -0.048577
 -0.00981442 -0.000322869   -0.0485763
 -0.00981399 -0.000322978   -0.0485756
 -0.00981355 -0.000323086   -0.0485749
 -0.00981312 -0.000323194   -0.0485742
  -0.0098127 -0.000323301   -0.0485735
 -0.00981227 -0.000323407   -0.0485728
 -0.00981185 -0.000323513   -0.0485721
 -0.00981144 -0.000323618   -0.0485714
 -0.00981102 -0.000323722   -0.0485707
 -0.00981061 -0.000323825     -0.04857
  -0.0098102 -0.000323927   -0.0485693
 -0.00980979 -0.000324029   -0.0485687
-0.00980939 -0.00032413   -0.048568
 -0.00980899 -0.000324231   -0.0485674
 -0.00980859 -0.000324331   -0.0485667
 -0.0098082 -0.00032443  -0.0485661
  -0.0098078 -0.000324528   -0.0485654
 -0.00980741 -0.000324626   -0.0485648
 -0.00980703 -0.000324723   -0.0485641
 -0.00980664 -0.000324819   -0.0485635
 -0.00980626 -0.000324915   -0.0485629
-0.00980588 -0.00032501  -0.0485623
  -0.0098055 -0.000325104   -0.0485616
 -0.00980513 -0.000325198    -0.048561
 -0.00980476 -0.000325291   -0.0485604
 -0.00980439 -0.000325383   -0.0485598
 -0.00980402 -0.000325475   -0.0485592
 -0.00980366 -0.000325566   -0.0485586
  -0.0098033 -0.000325657    -0.048558
 -0.00980294 -0.000325746   -0.0485574
 -0.00980258 -0.000325836   -0.0485569
 -0.00980223 -0.000325924   -0.0485563
 -0.00980187 -0.000326012   -0.0485557
-0.00980152  -0.0003261  -0.0485551
 -0.00980118 -0.000326186   -0.0485546
 -0.00980083 -0.000326273    -0.048554
 -0.00980049 -0.000326358   -0.0485534
 -0.00980015 -0.000326443   -0.0485529
 -0.00979981 -0.000326528   -0.0485523
 -0.00979948 -0.000326611   -0.0485518
 -0.00979914 -0.000326695   -0.0485512
 -0.00979881 -0.000326777   -0.0485507
 -0.00979848 -0.000326859   -0.0485502
 -0.00979816 -0.000326941   -0.0485496
 -0.00979783 -0.000327022   -0.0485491
 -0.00979751 -0.000327102   -0.0485486
 -0.00979719 -0.000327182   -0.0485481
 -0.00979687 -0.000327261   -0.0485475
-0.00979656 -0.00032734   -0.048547
 -0.00979624 -0.000327418   -0.0485465
 -0.00979593 -0.000327496    -0.048546
 -0.00979562 -0.000327573   -0.0485455
 -0.00979532 -0.000327649    -0.048545
 -0.00979501 -0.000327725   -0.0485445
 -0.00979471 -0.000327801    -0.048544
 -0.00979441 -0.000327876   -0.0485435
-0.00979411 -0.00032795   -0.048543
 -0.00979381 -0.000328024   -0.0485425
 -0.00979352 -0.000328097   -0.0485421
-0.00979322 -0.00032817  -0.0485416
 -0.00979293 -0.000328243   -0.0485411
 -0.00979264 -0.000328314   -0.0485406
 -0.00979236 -0.000328386   -0.0485402
 -0.00979207 -0.000328457   -0.0485397
 -0.00979179 -0.000328527   -0.0485393
 -0.00979151 -0.000328597   -0.0485388
 -0.00979123 -0.000328666   -0.0485383
 -0.00979095 -0.000328735   -0.0485379
 -0.00979067 -0.000328804   -0.0485374
  -0.0097904 -0.000328872    -0.048537
 -0.00979013 -0.000328939   -0.0485366
 -0.00978986 -0.000329006   -0.0485361
 -0.00978959 -0.000329073   -0.0485357
 -0.00978932 -0.000329139   -0.0485352
 -0.00978906 -0.000329204   -0.0485348
-0.00978879 -0.00032927  -0.0485344
 -0.00978853 -0.000329334    -0.048534
 -0.00978827 -0.000329399   -0.0485335
 -0.00978802 -0.000329462   -0.0485331
 -0.00978776 -0.000329526   -0.0485327
 -0.00978751 -0.000329589   -0.0485323
 -0.00978725 -0.000329651   -0.0485319
   -0.009787 -0.000329713   -0.0485315
 -0.00978675 -0.000329775   -0.0485311
  -0.0097865 -0.000329836   -0.0485307
 -0.00978626 -0.000329897   -0.0485303
 -0.00978601 -0.000329957   -0.0485299
 -0.00978577 -0.000330017   -0.0485295
 -0.00978553 -0.000330077   -0.0485291
 -0.00978529 -0.000330136   -0.0485287
 -0.00978505 -0.000330194   -0.0485283
 -0.00978482 -0.000330253   -0.0485279
-0.00978458 -0.00033031  -0.0485276
 -0.00978435 -0.000330368   -0.0485272
 -0.00978412 -0.000330425   -0.0485268
 -0.00978389 -0.000330482   -0.0485264
 -0.00978366 -0.000330538   -0.0485261
 -0.00978343 -0.000330594   -0.0485257
  -0.0097832 -0.000330649   -0.0485253
 -0.00978298 -0.000330704    -0.048525
 -0.00978276 -0.000330759   -0.0485246
 -0.00978254 -0.000330813   -0.0485243
 -0.00978232 -0.000330867   -0.0485239
  -0.0097821 -0.000330921   -0.0485235
 -0.00978188 -0.000330974   -0.0485232
 -0.00978167 -0.000331027   -0.0485229
 -0.00978145 -0.000331079   -0.0485225
 -0.00978124 -0.000331131   -0.0485222
 -0.00978103 -0.000331183   -0.0485218
 -0.00978082 -0.000331234   -0.0485215
 -0.00978061 -0.000331285   -0.0485211
  -0.0097804 -0.000331336   -0.0485208
  -0.0097802 -0.000331386   -0.0485205
 -0.00977999 -0.000331436   -0.0485202
 -0.00977979 -0.000331486   -0.0485198
 -0.00977959 -0.000331535   -0.0485195
 -0.00977939 -0.000331584   -0.0485192
 -0.00977919 -0.000331633   -0.0485189
 -0.00977899 -0.000331681   -0.0485185
  -0.0097788 -0.000331729   -0.0485182
  -0.0097786 -0.000331776   -0.0485179
 -0.00977841 -0.000331824   -0.0485176
-0.00977821 -0.00033187  -0.0485173
 -0.00977802 -0.000331917    -0.048517
 -0.00977783 -0.000331963   -0.0485167
 -0.00977764 -0.000332009   -0.0485164
 -0.00977746 -0.000332055   -0.0485161
-0.00977727  -0.0003321  -0.0485158
 -0.00977708 -0.000332145   -0.0485155
 -0.0097769 -0.00033219  -0.0485152
 -0.00977672 -0.000332234   -0.0485149
 -0.00977654 -0.000332278   -0.0485146
 -0.00977636 -0.000332322   -0.0485143
 -0.00977618 -0.000332365    -0.048514
   -0.009776 -0.000332408   -0.0485137
 -0.00977582 -0.000332451   -0.0485134
 -0.00977565 -0.000332493   -0.0485132
 -0.00977547 -0.000332536   -0.0485129
  -0.0097753 -0.000332577   -0.0485126
 -0.00977513 -0.000332619   -0.0485123
-0.00977495 -0.00033266  -0.0485121
 -0.00977478 -0.000332701   -0.0485118
 -0.00977462 -0.000332742   -0.0485115
 -0.00977445 -0.000332783   -0.0485112
 -0.00977428 -0.000332823    -0.048511
 -0.00977411 -0.000332863   -0.0485107
 -0.00977395 -0.000332902   -0.0485104
 -0.00977379 -0.000332942   -0.0485102
 -0.00977362 -0.000332981   -0.0485099
 -0.00977346 -0.000333019   -0.0485097
  -0.0097733 -0.000333058   -0.0485094
 -0.00977314 -0.000333096   -0.0485091
 -0.00977298 -0.000333134   -0.0485089
 -0.00977283 -0.000333172   -0.0485086
 -0.00977267 -0.000333209   -0.0485084
 -0.00977251 -0.000333247   -0.0485081
 -0.00977236 -0.000333283   -0.0485079
-0.00977221 -0.00033332  -0.0485077
 -0.00977205 -0.000333357   -0.0485074
  -0.0097719 -0.000333393   -0.0485072
 -0.00977175 -0.000333429   -0.0485069
  -0.0097716 -0.000333464   -0.0485067
-0.00977145  -0.0003335  -0.0485065
 -0.00977131 -0.000333535   -0.0485062
-0.00977116 -0.00033357   -0.048506
 -0.00977101 -0.000333604   -0.0485057
 -0.00977087 -0.000333639   -0.0485055
 -0.00977073 -0.000333673   -0.0485053
 -0.00977058 -0.000333707   -0.0485051
-0.00977044 -0.00033374  -0.0485048
  -0.0097703 -0.000333774   -0.0485046
 -0.00977016 -0.000333807   -0.0485044
-0.00977002 -0.00033384  -0.0485042
 -0.00976988 -0.000333873   -0.0485039
 -0.00976974 -0.000333905   -0.0485037
 -0.00976961 -0.000333938   -0.0485035
-0.00976947 -0.00033397  -0.0485033
 -0.00976934 -0.000334002   -0.0485031
  -0.0097692 -0.000334033   -0.0485029
 -0.00976907 -0.000334065   -0.0485026
 -0.00976894 -0.000334096   -0.0485024
  -0.0097688 -0.000334127   -0.0485022
 -0.00976867 -0.000334157    -0.048502
 -0.00976854 -0.000334188   -0.0485018
 -0.00976841 -0.000334218   -0.0485016
 -0.00976829 -0.000334248   -0.0485014
 -0.00976816 -0.000334278   -0.0485012
 -0.00976803 -0.000334308    -0.048501
 -0.00976791 -0.000334337   -0.0485008
 -0.00976778 -0.000334367   -0.0485006
 -0.00976766 -0.000334396   -0.0485004
 -0.00976753 -0.000334425   -0.0485002
 -0.00976741 -0.000334453      -0.0485
 -0.00976729 -0.000334482   -0.0484998
-0.00976717 -0.00033451  -0.0484996
 -0.00976705 -0.000334538   -0.0484994
 -0.00976693 -0.000334566   -0.0484992
 -0.00976681 -0.000334593   -0.0484991
 -0.00976669 -0.000334621   -0.0484989
 -0.00976657 -0.000334648   -0.0484987
 -0.00976645 -0.000334675   -0.0484985
 -0.00976634 -0.000334702   -0.0484983
 -0.00976622 -0.000334729   -0.0484981
 -0.00976611 -0.000334755    -0.048498
 -0.00976599 -0.000334782   -0.0484978
 -0.00976588 -0.000334808   -0.0484976
 -0.00976577 -0.000334834   -0.0484974
 -0.00976566 -0.000334859   -0.0484972
 -0.00976554 -0.000334885   -0.0484971
-0.00976543 -0.00033491  -0.0484969
 -0.00976532 -0.000334936   -0.0484967
 -0.00976521 -0.000334961   -0.0484965
 -0.00976511 -0.000334985   -0.0484964
  -0.009765 -0.00033501  -0.0484962
 -0.00976489 -0.000335035    -0.048496
 -0.00976478 -0.000335059   -0.0484959
 -0.00976468 -0.000335083   -0.0484957
 -0.00976457 -0.000335107   -0.0484955
 -0.00976447 -0.000335131   -0.0484954
 -0.00976436 -0.000335155   -0.0484952
 -0.00976426 -0.000335178    -0.048495
 -0.00976416 -0.000335201   -0.0484949
 -0.00976406 -0.000335225   -0.0484947
 -0.00976396 -0.000335248   -0.0484946
-0.00976385 -0.00033527  -0.0484944
 -0.00976375 -0.000335293   -0.0484942
 -0.00976365 -0.000335316   -0.0484941
 -0.00976356 -0.000335338   -0.0484939
-0.00976346 -0.00033536  -0.0484938
 -0.00976336 -0.000335382   -0.0484936
 -0.00976326 -0.000335404   -0.0484935
 -0.00976317 -0.000335426   -0.0484933
 -0.00976307 -0.000335447   -0.0484932
 -0.00976297 -0.000335469    -0.048493
-0.00976288 -0.00033549  -0.0484929
 -0.00976279 -0.000335511   -0.0484927
 -0.00976269 -0.000335532   -0.0484926
  -0.0097626 -0.000335553   -0.0484924
 -0.00976251 -0.000335574   -0.0484923
 -0.00976241 -0.000335594   -0.0484921
 -0.00976232 -0.000335615    -0.048492
 -0.00976223 -0.000335635   -0.0484919
 -0.00976214 -0.000335655   -0.0484917
 -0.00976205 -0.000335675   -0.0484916
 -0.00976196 -0.000335695   -0.0484914
 -0.00976187 -0.000335714   -0.0484913
 -0.00976178 -0.000335734   -0.0484912
  -0.0097617 -0.000335753    -0.048491
 -0.00976161 -0.000335772   -0.0484909
 -0.00976152 -0.000335792   -0.0484908
 -0.00976144 -0.000335811   -0.0484906
 -0.00976135 -0.000335829   -0.0484905
 -0.00976127 -0.000335848   -0.0484904
 -0.00976118 -0.000335867   -0.0484902
  -0.0097611 -0.000335885   -0.0484901
 -0.00976101 -0.000335903     -0.04849
 -0.00976093 -0.000335922   -0.0484898
-0.00976085 -0.00033594  -0.0484897
 -0.00976076 -0.000335958   -0.0484896
 -0.00976068 -0.000335975   -0.0484894
  -0.0097606 -0.000335993   -0.0484893
 -0.00976052 -0.000336011   -0.0484892
 -0.00976044 -0.000336028   -0.0484891
 -0.00976036 -0.000336045   -0.0484889
 -0.00976028 -0.000336063   -0.0484888
 -0.0097602 -0.00033608  -0.0484887
 -0.00976012 -0.000336097   -0.0484886
 -0.00976005 -0.000336113   -0.0484885
-0.00975997 -0.00033613  -0.0484883
 -0.00975989 -0.000336147   -0.0484882
 -0.00975981 -0.000336163   -0.0484881
 -0.00975974 -0.000336179    -0.048488
 -0.00975966 -0.000336196   -0.0484879
 -0.00975959 -0.000336212   -0.0484877
 -0.00975951 -0.000336228   -0.0484876
 -0.00975944 -0.000336244   -0.0484875
 -0.00975936 -0.000336259   -0.0484874
 -0.00975929 -0.000336275   -0.0484873
 -0.00975922 -0.000336291   -0.0484872
 -0.00975914 -0.000336306   -0.0484871
 -0.00975907 -0.000336321   -0.0484869
   -0.009759 -0.000336336   -0.0484868
 -0.00975893 -0.000336352   -0.0484867
 -0.00975886 -0.000336367   -0.0484866
 -0.00975879 -0.000336381   -0.0484865
 -0.00975872 -0.000336396   -0.0484864
 -0.00975865 -0.000336411   -0.0484863
 -0.00975858 -0.000336425   -0.0484862
-0.00975851 -0.00033644  -0.0484861
 -0.00975844 -0.000336454    -0.048486
 -0.00975837 -0.000336469   -0.0484859
  -0.0097583 -0.000336483   -0.0484858
 -0.00975823 -0.000336497   -0.0484857
 -0.00975817 -0.000336511   -0.0484856
  -0.0097581 -0.000336525   -0.0484854
 -0.00975803 -0.000336538   -0.0484853
 -0.00975797 -0.000336552   -0.0484852
  -0.0097579 -0.000336566   -0.0484851
 -0.00975784 -0.000336579    -0.048485
 -0.00975777 -0.000336592   -0.0484849
 -0.00975771 -0.000336606   -0.0484848
 -0.00975764 -0.000336619   -0.0484847
 -0.00975758 -0.000336632   -0.0484846
 -0.00975752 -0.000336645   -0.0484846
 -0.00975745 -0.000336658   -0.0484845
 -0.00975739 -0.000336671   -0.0484844
 -0.00975733 -0.000336683   -0.0484843
 -0.00975726 -0.000336696   -0.0484842
  -0.0097572 -0.000336708   -0.0484841
 -0.00975714 -0.000336721    -0.048484
 -0.00975708 -0.000336733   -0.0484839
 -0.00975702 -0.000336745   -0.0484838
 -0.00975696 -0.000336758   -0.0484837
 -0.0097569 -0.00033677  -0.0484836
 -0.00975684 -0.000336782   -0.0484835
 -0.00975678 -0.000336794   -0.0484834
 -0.00975672 -0.000336805   -0.0484833
 -0.00975666 -0.000336817   -0.0484832
  -0.0097566 -0.000336829   -0.0484832
-0.00975654 -0.00033684  -0.0484831
 -0.00975649 -0.000336852    -0.048483
 -0.00975643 -0.000336863   -0.0484829
 -0.00975637 -0.000336875   -0.0484828
 -0.00975631 -0.000336886   -0.0484827
 -0.00975626 -0.000336897   -0.0484826
  -0.0097562 -0.000336908   -0.0484825
 -0.00975615 -0.000336919   -0.0484825
-0.00975609 -0.00033693  -0.0484824
 -0.00975603 -0.000336941   -0.0484823
 -0.00975598 -0.000336951   -0.0484822
 -0.00975592 -0.000336962   -0.0484821
 -0.00975587 -0.000336973    -0.048482
 -0.00975582 -0.000336983    -0.048482
 -0.00975576 -0.000336994   -0.0484819
 -0.00975571 -0.000337004   -0.0484818
 -0.00975565 -0.000337014   -0.0484817
  -0.0097556 -0.000337025   -0.0484816
 -0.00975555 -0.000337035   -0.0484816
  -0.0097555 -0.000337045   -0.0484815
 -0.00975544 -0.000337055   -0.0484814
 -0.00975539 -0.000337065   -0.0484813
 -0.00975534 -0.000337075   -0.0484812
 -0.00975529 -0.000337084   -0.0484812
 -0.00975524 -0.000337094   -0.0484811
 -0.00975519 -0.000337104    -0.048481
 -0.00975513 -0.000337113   -0.0484809
 -0.00975508 -0.000337123   -0.0484809
 -0.00975503 -0.000337132   -0.0484808
 -0.00975498 -0.000337142   -0.0484807
 -0.00975493 -0.000337151   -0.0484806
-0.00975488 -0.00033716  -0.0484806
 -0.00975484 -0.000337169   -0.0484805
 -0.00975479 -0.000337179   -0.0484804
 -0.00975474 -0.000337188   -0.0484803
 -0.00975469 -0.000337197   -0.0484803
 -0.00975464 -0.000337205   -0.0484802
 -0.00975459 -0.000337214   -0.0484801
 -0.00975455 -0.000337223   -0.0484801
  -0.0097545 -0.000337232     -0.04848
-0.00975445 -0.00033724  -0.0484799
  -0.0097544 -0.000337249   -0.0484798
 -0.00975436 -0.000337257   -0.0484798
 -0.00975431 -0.000337266   -0.0484797
 -0.00975426 -0.000337274   -0.0484796
 -0.00975422 -0.000337283   -0.0484796
 -0.00975417 -0.000337291   -0.0484795
 -0.00975413 -0.000337299   -0.0484794
 -0.00975408 -0.000337307   -0.0484794
 -0.00975404 -0.000337315   -0.0484793
 -0.00975399 -0.000337323   -0.0484792
 -0.00975395 -0.000337331   -0.0484792
  -0.0097539 -0.000337339   -0.0484791
 -0.00975386 -0.000337347    -0.048479
 -0.00975381 -0.000337355    -0.048479
 -0.00975377 -0.000337363   -0.0484789
-0.00975373 -0.00033737  -0.0484788
 -0.00975368 -0.000337378   -0.0484788
 -0.00975364 -0.000337386   -0.0484787
  -0.0097536 -0.000337393   -0.0484786
 -0.00975355 -0.000337401   -0.0484786
 -0.00975351 -0.000337408   -0.0484785
 -0.00975347 -0.000337415   -0.0484784
 -0.00975343 -0.000337423   -0.0484784
-0.00975338 -0.00033743  -0.0484783
 -0.00975334 -0.000337437   -0.0484783
  -0.0097533 -0.000337444   -0.0484782
 -0.00975326 -0.000337451   -0.0484781
 -0.00975322 -0.000337458   -0.0484781
 -0.00975318 -0.000337465    -0.048478
 -0.00975314 -0.000337472    -0.048478
  -0.0097531 -0.000337479   -0.0484779
 -0.00975306 -0.000337486   -0.0484778
 -0.00975302 -0.000337493   -0.0484778
 -0.00975298 -0.000337499   -0.0484777
 -0.00975294 -0.000337506   -0.0484777
  -0.0097529 -0.000337513   -0.0484776
 -0.00975286 -0.000337519   -0.0484775
