-0.0547543  0.0558799  -0.262802
-0.077985 0.0361274  -0.22844
 -0.08849 0.0236496 -0.204574
-0.0921936    0.01573  -0.187735
-0.0924124  0.0106691  -0.175662
-0.0909055 0.00740684  -0.166791
-0.0885716 0.00528119  -0.160036
-0.0858675 0.00387773  -0.154667
-0.0830318 0.00293605  -0.150215
-0.0801961 0.00229189  -0.146385
-0.0774365 0.00184117  -0.143001
-0.0747982 0.00151758  -0.139956
-0.0723071 0.00127865  -0.137186
-0.0699768 0.00109697  -0.134651
 -0.0678122 0.000954719   -0.132325
 -0.0658124 0.000840189   -0.130187
 -0.0639723 0.000745608   -0.128223
 -0.0622844 0.000665742   -0.126417
 -0.0607395 0.000597012   -0.124758
 -0.0593276 0.000536929   -0.123234
 -0.0580383 0.000483722   -0.121834
 -0.0568616 0.000436105   -0.120546
 -0.0557876 0.000393121   -0.119362
 -0.0548069 0.000354043   -0.118271
-0.0539107  0.0003183  -0.117265
 -0.0530911 0.000285439   -0.116336
 -0.0523405 0.000255092   -0.115477
 -0.0516521 0.000226951   -0.114681
 -0.0510199 0.000200759   -0.113942
 -0.0504381 0.000176298   -0.113255
 -0.0499019 0.000153379   -0.112614
 -0.0494065 0.000131837   -0.112016
 -0.048948 0.00011153  -0.111455
 -0.0485226 9.23328e-05    -0.11093
 -0.0481271 7.41342e-05   -0.110435
 -0.0477585 5.68367e-05   -0.109969
 -0.0474143 4.03535e-05   -0.109529
 -0.0470919 2.46076e-05   -0.109112
 -0.0467894 9.53029e-06   -0.108717
  -0.0465047 -4.93938e-06    -0.108341
 -0.0462363 -1.8856e-05   -0.107982
  -0.0459825 -3.22682e-05     -0.10764
  -0.0457421 -4.52195e-05    -0.107313
  -0.0455138 -5.77489e-05    -0.106999
  -0.0452965 -6.98912e-05    -0.106698
  -0.0450893 -8.16777e-05    -0.106408
  -0.0448912 -9.31363e-05    -0.106129
  -0.0447015 -0.000104292     -0.10586
  -0.0445195 -0.000115168    -0.105599
  -0.0443445 -0.000125784    -0.105348
   -0.044176 -0.000136158    -0.105103
  -0.0440135 -0.000146307    -0.104867
  -0.0438565 -0.000156245    -0.104637
  -0.0437046 -0.000165986    -0.104413
  -0.0435574 -0.000175542    -0.104196
  -0.0434146 -0.000184924    -0.103984
  -0.0432759 -0.000194141    -0.103777
   -0.043141 -0.000203203    -0.103575
  -0.0430097 -0.000212116    -0.103379
 -0.0428817 -0.00022089   -0.103186
 -0.0427569 -0.00022953   -0.102998
   -0.042635 -0.000238042    -0.102814
  -0.0425159 -0.000246432    -0.102634
  -0.0423995 -0.000254704    -0.102457
  -0.0422856 -0.000262864    -0.102285
  -0.0421741 -0.000270916    -0.102115
  -0.0420649 -0.000278863    -0.101949
  -0.0419578 -0.000286709    -0.101786
  -0.0418528 -0.000294457    -0.101626
  -0.0417498 -0.000302111    -0.101469
  -0.0416487 -0.000309672    -0.101315
  -0.0415494 -0.000317144    -0.101163
  -0.0414519 -0.000324529    -0.101014
  -0.0413561 -0.000331828    -0.100868
  -0.0412619 -0.000339045    -0.100724
  -0.0411693 -0.000346181    -0.100583
  -0.0410782 -0.000353238    -0.100444
  -0.0409886 -0.000360217    -0.100307
 -0.0409005 -0.00036712   -0.100173
  -0.0408137 -0.000373949    -0.100041
  -0.0407284 -0.000380705   -0.0999105
 -0.0406443 -0.00038739  -0.0997824
  -0.0405615 -0.000394004   -0.0996564
    -0.04048 -0.000400548   -0.0995323
  -0.0403998 -0.000407025   -0.0994102
  -0.0403207 -0.000413435     -0.09929
  -0.0402428 -0.000419779   -0.0991716
   -0.040166 -0.000426057    -0.099055
  -0.0400904 -0.000432272   -0.0989403
  -0.0400158 -0.000438424   -0.0988272
  -0.0399423 -0.000444514   -0.0987158
  -0.0398699 -0.000450543   -0.0986062
  -0.0397985 -0.000456511   -0.0984981
  -0.0397281 -0.000462419   -0.0983917
  -0.0396587 -0.000468268   -0.0982868
 -0.0395902 -0.00047406  -0.0981835
  -0.0395227 -0.000479794   -0.0980817
  -0.0394562 -0.000485471   -0.0979814
  -0.0393905 -0.000491092   -0.0978825
  -0.0393258 -0.000496658   -0.0977851
  -0.0392619 -0.000502169   -0.0976891
  -0.0391989 -0.000507627   -0.0975944
  -0.0391368 -0.000513031   -0.0975011
  -0.0390755 -0.000518382   -0.0974092
  -0.039015 -0.00052368  -0.0973185
  -0.0389553 -0.000528928   -0.0972292
  -0.0388965 -0.000534124   -0.0971411
 -0.0388384 -0.00053927  -0.0970543
   -0.038781 -0.000544366   -0.0969686
  -0.0387245 -0.000549412   -0.0968842
 -0.0386687 -0.00055441   -0.096801
  -0.0386136 -0.000559359   -0.0967189
 -0.0385592 -0.00056426   -0.096638
  -0.0385056 -0.000569115   -0.0965582
  -0.0384526 -0.000573922   -0.0964795
  -0.0384003 -0.000578683   -0.0964019
  -0.0383487 -0.000583398   -0.0963253
  -0.0382978 -0.000588068   -0.0962498
  -0.0382475 -0.000592693   -0.0961753
  -0.0381979 -0.000597274   -0.0961019
 -0.0381489 -0.00060181  -0.0960295
  -0.0381006 -0.000606304    -0.095958
  -0.0380528 -0.000610754   -0.0958875
  -0.0380057 -0.000615161    -0.095818
  -0.0379592 -0.000619526   -0.0957494
  -0.0379132 -0.000623849   -0.0956817
  -0.0378678 -0.000628131   -0.0956149
   -0.037823 -0.000632372   -0.0955491
  -0.0377788 -0.000636572   -0.0954841
  -0.0377351 -0.000640733     -0.09542
   -0.037692 -0.000644853   -0.0953567
  -0.0376494 -0.000648934   -0.0952943
  -0.0376074 -0.000652976   -0.0952327
  -0.0375658 -0.000656979   -0.0951719
  -0.0375248 -0.000660944   -0.0951119
  -0.0374843 -0.000664872   -0.0950527
  -0.0374443 -0.000668761   -0.0949943
  -0.0374048 -0.000672614   -0.0949367
 -0.0373658 -0.00067643  -0.0948798
  -0.0373272 -0.000680209   -0.0948236
  -0.0372891 -0.000683952   -0.0947682
 -0.0372515 -0.00068766  -0.0947135
  -0.0372144 -0.000691332   -0.0946595
  -0.0371777 -0.000694969   -0.0946062
  -0.0371414 -0.000698572   -0.0945536
 -0.0371056 -0.00070214  -0.0945017
  -0.0370703 -0.000705674   -0.0944505
  -0.0370353 -0.000709174   -0.0943999
  -0.0370008 -0.000712641   -0.0943499
  -0.0369667 -0.000716074   -0.0943006
   -0.036933 -0.000719475    -0.094252
  -0.0368997 -0.000722844   -0.0942039
 -0.0368669 -0.00072618  -0.0941565
  -0.0368344 -0.000729485   -0.0941096
  -0.0368023 -0.000732757   -0.0940634
  -0.0367706 -0.000735999   -0.0940177
 -0.0367392 -0.00073921  -0.0939727
 -0.0367083 -0.00074239  -0.0939282
  -0.0366777 -0.000745539   -0.0938842
  -0.0366474 -0.000748659   -0.0938408
  -0.0366176 -0.000751748   -0.0937979
   -0.036588 -0.000754809   -0.0937556
  -0.0365589 -0.000757839   -0.0937138
  -0.0365301 -0.000760841   -0.0936726
  -0.0365016 -0.000763814   -0.0936318
  -0.0364734 -0.000766759   -0.0935916
  -0.0364456 -0.000769676   -0.0935518
  -0.0364181 -0.000772564   -0.0935126
  -0.0363909 -0.000775425   -0.0934738
  -0.0363641 -0.000778259   -0.0934355
  -0.0363376 -0.000781065   -0.0933977
  -0.0363113 -0.000783845   -0.0933604
  -0.0362854 -0.000786598   -0.0933235
  -0.0362598 -0.000789324    -0.093287
  -0.0362345 -0.000792024    -0.093251
  -0.0362094 -0.000794699   -0.0932155
  -0.0361847 -0.000797348   -0.0931804
  -0.0361603 -0.000799971   -0.0931457
  -0.0361361 -0.000802569   -0.0931114
  -0.0361122 -0.000805143   -0.0930776
  -0.0360886 -0.000807691   -0.0930441
  -0.0360653 -0.000810215   -0.0930111
  -0.0360422 -0.000812715   -0.0929785
  -0.0360194 -0.000815191   -0.0929462
  -0.0359968 -0.000817643   -0.0929144
  -0.0359745 -0.000820071   -0.0928829
  -0.0359525 -0.000822476   -0.0928518
  -0.0359307 -0.000824858   -0.0928211
  -0.0359092 -0.000827217   -0.0927907
  -0.0358879 -0.000829554   -0.0927608
  -0.0358669 -0.000831867   -0.0927311
  -0.0358461 -0.000834159   -0.0927019
  -0.0358255 -0.000836428   -0.0926729
  -0.0358052 -0.000838676   -0.0926444
  -0.0357851 -0.000840902   -0.0926161
  -0.0357652 -0.000843106   -0.0925882
  -0.0357456 -0.000845289   -0.0925606
  -0.0357261 -0.000847451   -0.0925334
  -0.0357069 -0.000849592   -0.0925065
  -0.0356879 -0.000851713   -0.0924799
  -0.0356692 -0.000853813   -0.0924536
  -0.0356506 -0.000855892   -0.0924276
  -0.0356322 -0.000857952   -0.0924019
  -0.0356141 -0.000859992   -0.0923765
  -0.0355961 -0.000862012   -0.0923515
  -0.0355784 -0.000864012   -0.0923267
  -0.0355609 -0.000865993   -0.0923022
  -0.0355435 -0.000867955    -0.092278
  -0.0355263 -0.000869898   -0.0922541
  -0.0355094 -0.000871822   -0.0922304
  -0.0354926 -0.000873727    -0.092207
   -0.035476 -0.000875614   -0.0921839
  -0.0354596 -0.000877483   -0.0921611
  -0.0354434 -0.000879333   -0.0921386
  -0.0354274 -0.000881166   -0.0921162
 -0.0354115 -0.00088298  -0.0920942
  -0.0353958 -0.000884777   -0.0920724
  -0.0353803 -0.000886557   -0.0920509
   -0.035365 -0.000888319   -0.0920296
  -0.0353498 -0.000890065   -0.0920085
  -0.0353348 -0.000891793   -0.0919877
  -0.0353199 -0.000893504   -0.0919672
  -0.0353053 -0.000895199   -0.0919468
  -0.0352908 -0.000896878   -0.0919267
 -0.0352764 -0.00089854  -0.0919069
  -0.0352622 -0.000900185   -0.0918872
  -0.0352482 -0.000901815   -0.0918678
  -0.0352343 -0.000903429   -0.0918486
  -0.0352206 -0.000905027   -0.0918297
  -0.035207 -0.00090661  -0.0918109
  -0.0351935 -0.000908177   -0.0917924
  -0.0351803 -0.000909729    -0.091774
  -0.0351671 -0.000911265   -0.0917559
  -0.0351541 -0.000912787    -0.091738
  -0.0351413 -0.000914294   -0.0917203
  -0.0351285 -0.000915786   -0.0917027
   -0.035116 -0.000917264   -0.0916854
  -0.0351035 -0.000918727   -0.0916683
  -0.0350912 -0.000920175   -0.0916514
 -0.0350791 -0.00092161  -0.0916346
   -0.035067 -0.000923031   -0.0916181
  -0.0350551 -0.000924437   -0.0916017
 -0.0350433 -0.00092583  -0.0915855
  -0.0350317 -0.000927209   -0.0915695
  -0.0350202 -0.000928575   -0.0915537
  -0.0350088 -0.000929928   -0.0915381
  -0.0349975 -0.000931267   -0.0915226
  -0.0349863 -0.000932593   -0.0915073
  -0.0349753 -0.000933906   -0.0914922
  -0.0349644 -0.000935206   -0.0914773
  -0.0349536 -0.000936493   -0.0914625
  -0.0349429 -0.000937768   -0.0914478
 -0.0349324 -0.00093903  -0.0914334
 -0.0349219 -0.00094028  -0.0914191
  -0.0349116 -0.000941518   -0.0914049
  -0.0349014 -0.000942743    -0.091391
  -0.0348912 -0.000943956   -0.0913771
  -0.0348812 -0.000945158   -0.0913635
  -0.0348713 -0.000946347   -0.0913499
  -0.0348615 -0.000947525   -0.0913366
  -0.0348519 -0.000948692   -0.0913233
  -0.0348423 -0.000949847   -0.0913103
 -0.0348328 -0.00095099  -0.0912973
  -0.0348234 -0.000952122   -0.0912845
  -0.0348141 -0.000953243   -0.0912719
  -0.0348049 -0.000954353   -0.0912594
  -0.0347959 -0.000955452    -0.091247
  -0.0347869 -0.000956541   -0.0912348
   -0.034778 -0.000957618   -0.0912227
  -0.0347692 -0.000958685   -0.0912107
  -0.0347605 -0.000959741   -0.0911989
  -0.0347519 -0.000960787   -0.0911871
  -0.0347434 -0.000961823   -0.0911756
  -0.0347349 -0.000962848   -0.0911641
  -0.0347266 -0.000963864   -0.0911528
  -0.0347184 -0.000964869   -0.0911416
  -0.0347102 -0.000965864   -0.0911305
 -0.0347021 -0.00096685  -0.0911195
  -0.0346941 -0.000967826   -0.0911087
  -0.0346862 -0.000968792    -0.091098
  -0.0346784 -0.000969748   -0.0910873
  -0.0346707 -0.000970695   -0.0910769
   -0.034663 -0.000971633   -0.0910665
  -0.0346554 -0.000972562   -0.0910562
   -0.034648 -0.000973481   -0.0910461
  -0.0346405 -0.000974391    -0.091036
  -0.0346332 -0.000975292   -0.0910261
  -0.0346259 -0.000976184   -0.0910162
  -0.0346188 -0.000977068   -0.0910065
  -0.0346117 -0.000977942   -0.0909969
  -0.0346046 -0.000978808   -0.0909874
  -0.0345977 -0.000979666    -0.090978
  -0.0345908 -0.000980515   -0.0909687
   -0.034584 -0.000981355   -0.0909595
  -0.0345772 -0.000982187   -0.0909504
  -0.0345706 -0.000983011   -0.0909414
   -0.034564 -0.000983827   -0.0909324
  -0.0345574 -0.000984634   -0.0909236
   -0.034551 -0.000985434   -0.0909149
  -0.0345446 -0.000986225   -0.0909063
  -0.0345383 -0.000987009   -0.0908977
   -0.034532 -0.000987785   -0.0908893
  -0.0345258 -0.000988554   -0.0908809
  -0.0345197 -0.000989314   -0.0908727
  -0.0345136 -0.000990067   -0.0908645
  -0.0345076 -0.000990813   -0.0908564
  -0.0345017 -0.000991551   -0.0908484
  -0.0344958 -0.000992282   -0.0908405
    -0.03449 -0.000993005   -0.0908327
  -0.0344842 -0.000993722   -0.0908249
  -0.0344785 -0.000994431   -0.0908172
  -0.0344729 -0.000995133   -0.0908097
  -0.0344673 -0.000995828   -0.0908022
  -0.0344618 -0.000996517   -0.0907947
  -0.0344564 -0.000997198   -0.0907874
   -0.034451 -0.000997873   -0.0907801
  -0.0344456 -0.000998541   -0.0907729
  -0.0344403 -0.000999202   -0.0907658
  -0.0344351 -0.000999857   -0.0907588
-0.0344299 -0.0010005 -0.0907518
 -0.0344248 -0.00100115  -0.0907449
 -0.0344197 -0.00100178  -0.0907381
 -0.0344147 -0.00100241  -0.0907314
 -0.0344097 -0.00100303  -0.0907247
 -0.0344048 -0.00100365  -0.0907181
 -0.0343999 -0.00100426  -0.0907116
 -0.0343951 -0.00100486  -0.0907051
 -0.0343904 -0.00100546  -0.0906987
 -0.0343856 -0.00100605  -0.0906924
  -0.034381 -0.00100664  -0.0906861
 -0.0343764 -0.00100722  -0.0906799
-0.0343718 -0.0010078 -0.0906738
 -0.0343673 -0.00100836  -0.0906677
 -0.0343628 -0.00100893  -0.0906617
 -0.0343584 -0.00100949  -0.0906558
  -0.034354 -0.00101004  -0.0906499
 -0.0343496 -0.00101058  -0.0906441
 -0.0343453 -0.00101113  -0.0906384
 -0.0343411 -0.00101166  -0.0906327
 -0.0343369 -0.00101219  -0.0906271
 -0.0343327 -0.00101272  -0.0906215
 -0.0343286 -0.00101324   -0.090616
 -0.0343245 -0.00101375  -0.0906105
 -0.0343205 -0.00101426  -0.0906051
 -0.0343165 -0.00101476  -0.0905998
 -0.0343126 -0.00101526  -0.0905945
 -0.0343086 -0.00101576  -0.0905893
 -0.0343048 -0.00101625  -0.0905841
 -0.0343009 -0.00101673   -0.090579
 -0.0342971 -0.00101721  -0.0905739
 -0.0342934 -0.00101768  -0.0905689
 -0.0342897 -0.00101815  -0.0905639
  -0.034286 -0.00101862   -0.090559
 -0.0342824 -0.00101908  -0.0905542
 -0.0342788 -0.00101954  -0.0905494
 -0.0342752 -0.00101999  -0.0905446
 -0.0342717 -0.00102043  -0.0905399
 -0.0342682 -0.00102088  -0.0905352
 -0.0342647 -0.00102131  -0.0905306
 -0.0342613 -0.00102175  -0.0905261
 -0.0342579 -0.00102218  -0.0905215
-0.0342546 -0.0010226 -0.0905171
 -0.0342513 -0.00102302  -0.0905127
  -0.034248 -0.00102344  -0.0905083
 -0.0342447 -0.00102385   -0.090504
 -0.0342415 -0.00102426  -0.0904997
 -0.0342383 -0.00102466  -0.0904954
 -0.0342352 -0.00102506  -0.0904912
 -0.0342321 -0.00102546  -0.0904871
  -0.034229 -0.00102585   -0.090483
 -0.0342259 -0.00102624  -0.0904789
 -0.0342229 -0.00102662  -0.0904749
-0.0342199  -0.001027 -0.0904709
  -0.034217 -0.00102738   -0.090467
  -0.034214 -0.00102775  -0.0904631
 -0.0342111 -0.00102812  -0.0904592
 -0.0342083 -0.00102849  -0.0904554
 -0.0342054 -0.00102885  -0.0904516
 -0.0342026 -0.00102921  -0.0904479
 -0.0341998 -0.00102956  -0.0904441
 -0.0341971 -0.00102991  -0.0904405
 -0.0341943 -0.00103026  -0.0904369
-0.0341916 -0.0010306 -0.0904333
  -0.034189 -0.00103094  -0.0904297
 -0.0341863 -0.00103128  -0.0904262
 -0.0341837 -0.00103161  -0.0904227
 -0.0341811 -0.00103194  -0.0904193
 -0.0341785 -0.00103227  -0.0904159
  -0.034176 -0.00103259  -0.0904125
 -0.0341735 -0.00103291  -0.0904092
  -0.034171 -0.00103323  -0.0904058
 -0.0341685 -0.00103354  -0.0904026
 -0.0341661 -0.00103385  -0.0903993
 -0.0341637 -0.00103416  -0.0903961
 -0.0341613 -0.00103447   -0.090393
 -0.0341589 -0.00103477  -0.0903898
 -0.0341566 -0.00103507  -0.0903867
 -0.0341543 -0.00103536  -0.0903836
  -0.034152 -0.00103565  -0.0903806
 -0.0341497 -0.00103594  -0.0903776
 -0.0341475 -0.00103623  -0.0903746
 -0.0341453 -0.00103651  -0.0903717
 -0.0341431 -0.00103679  -0.0903687
 -0.0341409 -0.00103707  -0.0903659
 -0.0341387 -0.00103735   -0.090363
 -0.0341366 -0.00103762  -0.0903602
 -0.0341345 -0.00103789  -0.0903574
 -0.0341324 -0.00103815  -0.0903546
 -0.0341303 -0.00103842  -0.0903518
 -0.0341283 -0.00103868  -0.0903491
 -0.0341262 -0.00103894  -0.0903464
 -0.0341242 -0.00103919  -0.0903438
 -0.0341222 -0.00103945  -0.0903411
-0.0341203 -0.0010397 -0.0903385
 -0.0341183 -0.00103995   -0.090336
 -0.0341164 -0.00104019  -0.0903334
 -0.0341145 -0.00104044  -0.0903309
 -0.0341126 -0.00104068  -0.0903284
 -0.0341107 -0.00104092  -0.0903259
 -0.0341089 -0.00104115  -0.0903234
  -0.034107 -0.00104139   -0.090321
 -0.0341052 -0.00104162  -0.0903186
 -0.0341034 -0.00104185  -0.0903162
 -0.0341016 -0.00104207  -0.0903139
-0.0340999 -0.0010423 -0.0903115
 -0.0340981 -0.00104252  -0.0903092
 -0.0340964 -0.00104274   -0.090307
 -0.0340947 -0.00104296  -0.0903047
  -0.034093 -0.00104317  -0.0903025
 -0.0340913 -0.00104339  -0.0903002
-0.0340897 -0.0010436 -0.0902981
  -0.034088 -0.00104381  -0.0902959
 -0.0340864 -0.00104401  -0.0902937
 -0.0340848 -0.00104422  -0.0902916
 -0.0340832 -0.00104442  -0.0902895
 -0.0340816 -0.00104462  -0.0902874
 -0.0340801 -0.00104482  -0.0902854
 -0.0340785 -0.00104502  -0.0902833
  -0.034077 -0.00104521  -0.0902813
-0.0340755 -0.0010454 -0.0902793
 -0.034074 -0.0010456 -0.0902773
 -0.0340725 -0.00104578  -0.0902754
  -0.034071 -0.00104597  -0.0902734
 -0.0340696 -0.00104616  -0.0902715
 -0.0340681 -0.00104634  -0.0902696
 -0.0340667 -0.00104652  -0.0902677
-0.0340653 -0.0010467 -0.0902659
 -0.0340639 -0.00104688   -0.090264
 -0.0340625 -0.00104705  -0.0902622
 -0.0340611 -0.00104723  -0.0902604
-0.0340598 -0.0010474 -0.0902586
 -0.0340584 -0.00104757  -0.0902568
 -0.0340571 -0.00104774  -0.0902551
 -0.0340558 -0.00104791  -0.0902533
 -0.0340545 -0.00104807  -0.0902516
 -0.0340532 -0.00104824  -0.0902499
-0.0340519 -0.0010484 -0.0902482
 -0.0340507 -0.00104856  -0.0902466
 -0.0340494 -0.00104872  -0.0902449
 -0.0340482 -0.00104887  -0.0902433
 -0.0340469 -0.00104903  -0.0902417
 -0.0340457 -0.00104918  -0.0902401
 -0.0340445 -0.00104934  -0.0902385
 -0.0340433 -0.00104949  -0.0902369
 -0.0340421 -0.00104964  -0.0902354
  -0.034041 -0.00104978  -0.0902338
 -0.0340398 -0.00104993  -0.0902323
 -0.0340387 -0.00105007  -0.0902308
 -0.0340375 -0.00105022  -0.0902293
 -0.0340364 -0.00105036  -0.0902278
-0.0340353 -0.0010505 -0.0902264
 -0.0340342 -0.00105064  -0.0902249
 -0.0340331 -0.00105078  -0.0902235
  -0.034032 -0.00105091  -0.0902221
  -0.034031 -0.00105105  -0.0902207
 -0.0340299 -0.00105118  -0.0902193
 -0.0340289 -0.00105131  -0.0902179
 -0.0340278 -0.00105144  -0.0902165
 -0.0340268 -0.00105157  -0.0902152
-0.0340258 -0.0010517 -0.0902138
 -0.0340248 -0.00105183  -0.0902125
 -0.0340238 -0.00105195  -0.0902112
 -0.0340228 -0.00105208  -0.0902099
-0.0340218 -0.0010522 -0.0902086
 -0.0340209 -0.00105232  -0.0902074
 -0.0340199 -0.00105244  -0.0902061
  -0.034019 -0.00105256  -0.0902048
  -0.034018 -0.00105268  -0.0902036
-0.0340171 -0.0010528 -0.0902024
 -0.0340162 -0.00105291  -0.0902012
 -0.0340152 -0.00105303     -0.0902
 -0.0340143 -0.00105314  -0.0901988
 -0.0340135 -0.00105325  -0.0901976
 -0.0340126 -0.00105336  -0.0901965
 -0.0340117 -0.00105347  -0.0901953
 -0.0340108 -0.00105358  -0.0901942
   -0.03401 -0.00105369   -0.090193
-0.0340091 -0.0010538 -0.0901919
-0.0340083 -0.0010539 -0.0901908
 -0.0340074 -0.00105401  -0.0901897
 -0.0340066 -0.00105411  -0.0901886
 -0.0340058 -0.00105421  -0.0901876
  -0.034005 -0.00105431  -0.0901865
 -0.0340042 -0.00105441  -0.0901855
 -0.0340034 -0.00105451  -0.0901844
 -0.0340026 -0.00105461  -0.0901834
 -0.0340018 -0.00105471  -0.0901824
 -0.034001 -0.0010548 -0.0901814
-0.0340003 -0.0010549 -0.0901804
 -0.0339995 -0.00105499  -0.0901794
 -0.0339988 -0.00105509  -0.0901784
  -0.033998 -0.00105518  -0.0901774
 -0.0339973 -0.00105527  -0.0901764
 -0.0339966 -0.00105536  -0.0901755
 -0.0339958 -0.00105545  -0.0901745
 -0.0339951 -0.00105554  -0.0901736
 -0.0339944 -0.00105563  -0.0901727
 -0.0339937 -0.00105571  -0.0901718
 -0.033993 -0.0010558 -0.0901709
 -0.0339923 -0.00105588    -0.09017
 -0.0339917 -0.00105597  -0.0901691
  -0.033991 -0.00105605  -0.0901682
 -0.0339903 -0.00105613  -0.0901673
 -0.0339897 -0.00105622  -0.0901665
 -0.033989 -0.0010563 -0.0901656
 -0.0339884 -0.00105638  -0.0901647
 -0.0339877 -0.00105646  -0.0901639
 -0.0339871 -0.00105653  -0.0901631
 -0.0339864 -0.00105661  -0.0901623
 -0.0339858 -0.00105669  -0.0901614
 -0.0339852 -0.00105676  -0.0901606
 -0.0339846 -0.00105684  -0.0901598
  -0.033984 -0.00105691   -0.090159
 -0.0339834 -0.00105699  -0.0901583
 -0.0339828 -0.00105706  -0.0901575
 -0.0339822 -0.00105713  -0.0901567
-0.0339816 -0.0010572  -0.090156
  -0.033981 -0.00105727  -0.0901552
 -0.0339805 -0.00105734  -0.0901545
 -0.0339799 -0.00105741  -0.0901537
 -0.0339793 -0.00105748   -0.090153
 -0.0339788 -0.00105755  -0.0901523
 -0.0339782 -0.00105762  -0.0901515
 -0.0339777 -0.00105768  -0.0901508
 -0.0339771 -0.00105775  -0.0901501
 -0.0339766 -0.00105781  -0.0901494
 -0.0339761 -0.00105788  -0.0901487
 -0.0339756 -0.00105794   -0.090148
 -0.033975  -0.001058 -0.0901474
 -0.0339745 -0.00105807  -0.0901467
  -0.033974 -0.00105813   -0.090146
 -0.0339735 -0.00105819  -0.0901454
  -0.033973 -0.00105825  -0.0901447
 -0.0339725 -0.00105831  -0.0901441
  -0.033972 -0.00105837  -0.0901434
 -0.0339715 -0.00105843  -0.0901428
  -0.033971 -0.00105848  -0.0901422
 -0.0339706 -0.00105854  -0.0901416
-0.0339701 -0.0010586 -0.0901409
 -0.0339696 -0.00105866  -0.0901403
 -0.0339692 -0.00105871  -0.0901397
 -0.0339687 -0.00105877  -0.0901391
 -0.0339682 -0.00105882  -0.0901385
 -0.0339678 -0.00105887  -0.0901379
 -0.0339673 -0.00105893  -0.0901374
 -0.0339669 -0.00105898  -0.0901368
 -0.0339665 -0.00105903  -0.0901362
  -0.033966 -0.00105908  -0.0901357
 -0.0339656 -0.00105914  -0.0901351
 -0.0339652 -0.00105919  -0.0901345
 -0.0339647 -0.00105924   -0.090134
 -0.0339643 -0.00105929  -0.0901335
 -0.0339639 -0.00105934  -0.0901329
 -0.0339635 -0.00105938  -0.0901324
 -0.0339631 -0.00105943  -0.0901318
 -0.0339627 -0.00105948  -0.0901313
 -0.0339623 -0.00105953  -0.0901308
 -0.0339619 -0.00105957  -0.0901303
 -0.0339615 -0.00105962  -0.0901298
 -0.0339611 -0.00105967  -0.0901293
 -0.0339607 -0.00105971  -0.0901288
 -0.0339603 -0.00105976  -0.0901283
  -0.03396 -0.0010598 -0.0901278
 -0.0339596 -0.00105984  -0.0901273
 -0.0339592 -0.00105989  -0.0901268
 -0.0339588 -0.00105993  -0.0901264
 -0.0339585 -0.00105997  -0.0901259
 -0.0339581 -0.00106001  -0.0901254
 -0.0339578 -0.00106006  -0.0901249
-0.0339574 -0.0010601 -0.0901245
 -0.0339571 -0.00106014   -0.090124
 -0.0339567 -0.00106018  -0.0901236
 -0.0339564 -0.00106022  -0.0901231
  -0.033956 -0.00106026  -0.0901227
-0.0339557 -0.0010603 -0.0901223
 -0.0339553 -0.00106034  -0.0901218
  -0.033955 -0.00106037  -0.0901214
 -0.0339547 -0.00106041   -0.090121
 -0.0339544 -0.00106045  -0.0901205
  -0.033954 -0.00106049  -0.0901201
 -0.0339537 -0.00106052  -0.0901197
 -0.0339534 -0.00106056  -0.0901193
 -0.0339531 -0.00106059  -0.0901189
 -0.0339528 -0.00106063  -0.0901185
 -0.0339525 -0.00106067  -0.0901181
-0.0339521 -0.0010607 -0.0901177
 -0.0339518 -0.00106073  -0.0901173
 -0.0339515 -0.00106077  -0.0901169
-0.0339512 -0.0010608 -0.0901165
 -0.0339509 -0.00106084  -0.0901161
 -0.0339506 -0.00106087  -0.0901158
-0.0339504 -0.0010609 -0.0901154
 -0.0339501 -0.00106093   -0.090115
 -0.0339498 -0.00106097  -0.0901147
-0.0339495  -0.001061 -0.0901143
 -0.0339492 -0.00106103  -0.0901139
 -0.0339489 -0.00106106  -0.0901136
 -0.0339487 -0.00106109  -0.0901132
 -0.0339484 -0.00106112  -0.0901129
 -0.0339481 -0.00106115  -0.0901125
 -0.0339478 -0.00106118  -0.0901122
 -0.0339476 -0.00106121  -0.0901118
 -0.0339473 -0.00106124  -0.0901115
 -0.0339471 -0.00106127  -0.0901112
-0.0339468 -0.0010613 -0.0901108
 -0.0339465 -0.00106132  -0.0901105
 -0.0339463 -0.00106135  -0.0901102
  -0.033946 -0.00106138  -0.0901098
 -0.0339458 -0.00106141  -0.0901095
 -0.0339455 -0.00106143  -0.0901092
 -0.0339453 -0.00106146  -0.0901089
  -0.033945 -0.00106149  -0.0901086
 -0.0339448 -0.00106151  -0.0901083
 -0.0339446 -0.00106154   -0.090108
 -0.0339443 -0.00106157  -0.0901076
 -0.0339441 -0.00106159  -0.0901073
 -0.0339438 -0.00106162   -0.090107
 -0.0339436 -0.00106164  -0.0901067
 -0.0339434 -0.00106167  -0.0901065
 -0.0339432 -0.00106169  -0.0901062
 -0.0339429 -0.00106171  -0.0901059
 -0.0339427 -0.00106174  -0.0901056
 -0.0339425 -0.00106176  -0.0901053
 -0.0339423 -0.00106178   -0.090105
  -0.033942 -0.00106181  -0.0901047
 -0.0339418 -0.00106183  -0.0901045
 -0.0339416 -0.00106185  -0.0901042
 -0.0339414 -0.00106188  -0.0901039
-0.0339412 -0.0010619 -0.0901037
  -0.033941 -0.00106192  -0.0901034
 -0.0339408 -0.00106194  -0.0901031
 -0.0339406 -0.00106196  -0.0901029
 -0.0339404 -0.00106198  -0.0901026
-0.0339402  -0.001062 -0.0901023
   -0.03394 -0.00106202  -0.0901021
 -0.0339398 -0.00106205  -0.0901018
 -0.0339396 -0.00106207  -0.0901016
 -0.0339394 -0.00106209  -0.0901013
 -0.0339392 -0.00106211  -0.0901011
  -0.033939 -0.00106212  -0.0901008
 -0.0339388 -0.00106214  -0.0901006
 -0.0339386 -0.00106216  -0.0901004
 -0.0339384 -0.00106218  -0.0901001
-0.0339382 -0.0010622 -0.0900999
  -0.033938 -0.00106222  -0.0900996
 -0.0339378 -0.00106224  -0.0900994
 -0.0339377 -0.00106226  -0.0900992
 -0.0339375 -0.00106227  -0.0900989
 -0.0339373 -0.00106229  -0.0900987
 -0.0339371 -0.00106231  -0.0900985
 -0.0339369 -0.00106233  -0.0900983
 -0.0339368 -0.00106234  -0.0900981
 -0.0339366 -0.00106236  -0.0900978
 -0.0339364 -0.00106238  -0.0900976
-0.0339363 -0.0010624 -0.0900974
 -0.0339361 -0.00106241  -0.0900972
 -0.0339359 -0.00106243   -0.090097
 -0.0339358 -0.00106244  -0.0900968
 -0.0339356 -0.00106246  -0.0900965
 -0.0339354 -0.00106248  -0.0900963
 -0.0339353 -0.00106249  -0.0900961
 -0.0339351 -0.00106251  -0.0900959
 -0.0339349 -0.00106252  -0.0900957
 -0.0339348 -0.00106254  -0.0900955
 -0.0339346 -0.00106255  -0.0900953
 -0.0339345 -0.00106257  -0.0900951
 -0.0339343 -0.00106258  -0.0900949
-0.0339341 -0.0010626 -0.0900947
  -0.033934 -0.00106261  -0.0900946
 -0.0339338 -0.00106262  -0.0900944
 -0.0339337 -0.00106264  -0.0900942
 -0.0339335 -0.00106265   -0.090094
 -0.0339334 -0.00106267  -0.0900938
 -0.0339332 -0.00106268  -0.0900936
 -0.0339331 -0.00106269  -0.0900934
  -0.033933 -0.00106271  -0.0900932
 -0.0339328 -0.00106272  -0.0900931
 -0.0339327 -0.00106273  -0.0900929
 -0.0339325 -0.00106275  -0.0900927
 -0.0339324 -0.00106276  -0.0900925
 -0.0339322 -0.00106277  -0.0900924
 -0.0339321 -0.00106278  -0.0900922
 -0.033932 -0.0010628  -0.090092
 -0.0339318 -0.00106281  -0.0900918
 -0.0339317 -0.00106282  -0.0900917
 -0.0339316 -0.00106283  -0.0900915
 -0.0339314 -0.00106284  -0.0900913
 -0.0339313 -0.00106285  -0.0900912
 -0.0339312 -0.00106287   -0.090091
  -0.033931 -0.00106288  -0.0900908
 -0.0339309 -0.00106289  -0.0900907
-0.0339308 -0.0010629 -0.0900905
 -0.0339306 -0.00106291  -0.0900904
 -0.0339305 -0.00106292  -0.0900902
 -0.0339304 -0.00106293    -0.09009
 -0.0339303 -0.00106294  -0.0900899
 -0.0339301 -0.00106295  -0.0900897
   -0.03393 -0.00106296  -0.0900896
 -0.0339299 -0.00106297  -0.0900894
 -0.0339298 -0.00106298  -0.0900893
 -0.0339296 -0.00106299  -0.0900891
-0.0339295  -0.001063  -0.090089
 -0.0339294 -0.00106301  -0.0900888
 -0.0339293 -0.00106302  -0.0900887
 -0.0339292 -0.00106303  -0.0900885
 -0.0339291 -0.00106304  -0.0900884
 -0.0339289 -0.00106305  -0.0900882
 -0.0339288 -0.00106306  -0.0900881
 -0.0339287 -0.00106307   -0.090088
 -0.0339286 -0.00106308  -0.0900878
 -0.0339285 -0.00106309  -0.0900877
-0.0339284 -0.0010631 -0.0900875
 -0.0339283 -0.00106311  -0.0900874
 -0.0339281 -0.00106311  -0.0900873
  -0.033928 -0.00106312  -0.0900871
 -0.0339279 -0.00106313   -0.090087
 -0.0339278 -0.00106314  -0.0900869
 -0.0339277 -0.00106315  -0.0900867
 -0.0339276 -0.00106316  -0.0900866
 -0.0339275 -0.00106316  -0.0900865
 -0.0339274 -0.00106317  -0.0900863
 -0.0339273 -0.00106318  -0.0900862
 -0.0339272 -0.00106319  -0.0900861
-0.0339271 -0.0010632 -0.0900859
 -0.033927 -0.0010632 -0.0900858
 -0.0339269 -0.00106321  -0.0900857
 -0.0339268 -0.00106322  -0.0900856
 -0.0339267 -0.00106323  -0.0900854
 -0.0339266 -0.00106323  -0.0900853
 -0.0339265 -0.00106324  -0.0900852
 -0.0339264 -0.00106325  -0.0900851
 -0.0339263 -0.00106325   -0.090085
 -0.0339262 -0.00106326  -0.0900848
 -0.0339261 -0.00106327  -0.0900847
  -0.033926 -0.00106327  -0.0900846
 -0.0339259 -0.00106328  -0.0900845
 -0.0339258 -0.00106329  -0.0900844
 -0.0339257 -0.00106329  -0.0900842
-0.0339256 -0.0010633 -0.0900841
 -0.0339255 -0.00106331   -0.090084
 -0.0339254 -0.00106331  -0.0900839
 -0.0339253 -0.00106332  -0.0900838
 -0.0339252 -0.00106333  -0.0900837
 -0.0339251 -0.00106333  -0.0900836
  -0.033925 -0.00106334  -0.0900835
 -0.0339249 -0.00106334  -0.0900833
 -0.0339249 -0.00106335  -0.0900832
 -0.0339248 -0.00106336  -0.0900831
 -0.0339247 -0.00106336   -0.090083
 -0.0339246 -0.00106337  -0.0900829
 -0.0339245 -0.00106337  -0.0900828
 -0.0339244 -0.00106338  -0.0900827
 -0.0339243 -0.00106338  -0.0900826
 -0.0339242 -0.00106339  -0.0900825
 -0.0339242 -0.00106339  -0.0900824
-0.0339241 -0.0010634 -0.0900823
 -0.033924 -0.0010634 -0.0900822
 -0.0339239 -0.00106341  -0.0900821
 -0.0339238 -0.00106341   -0.090082
 -0.0339237 -0.00106342  -0.0900819
 -0.0339236 -0.00106342  -0.0900818
 -0.0339236 -0.00106343  -0.0900817
 -0.0339235 -0.00106343  -0.0900816
 -0.0339234 -0.00106344  -0.0900815
 -0.0339233 -0.00106344  -0.0900814
 -0.0339232 -0.00106345  -0.0900813
 -0.0339232 -0.00106345  -0.0900812
 -0.0339231 -0.00106346  -0.0900811
  -0.033923 -0.00106346   -0.090081
 -0.0339229 -0.00106347  -0.0900809
 -0.0339228 -0.00106347  -0.0900808
 -0.0339228 -0.00106347  -0.0900807
 -0.0339227 -0.00106348  -0.0900806
 -0.0339226 -0.00106348  -0.0900805
 -0.0339225 -0.00106349  -0.0900804
 -0.0339224 -0.00106349  -0.0900803
 -0.0339224 -0.00106349  -0.0900802
-0.0339223 -0.0010635 -0.0900802
-0.0339222 -0.0010635 -0.0900801
 -0.0339221 -0.00106351    -0.09008
 -0.0339221 -0.00106351  -0.0900799
  -0.033922 -0.00106351  -0.0900798
 -0.0339219 -0.00106352  -0.0900797
 -0.0339218 -0.00106352  -0.0900796
 -0.0339218 -0.00106353  -0.0900795
 -0.0339217 -0.00106353  -0.0900795
 -0.0339216 -0.00106353  -0.0900794
 -0.0339216 -0.00106354  -0.0900793
 -0.0339215 -0.00106354  -0.0900792
 -0.0339214 -0.00106354  -0.0900791
 -0.0339213 -0.00106355   -0.090079
 -0.0339213 -0.00106355  -0.0900789
 -0.0339212 -0.00106355  -0.0900789
 -0.0339211 -0.00106356  -0.0900788
 -0.0339211 -0.00106356  -0.0900787
  -0.033921 -0.00106356  -0.0900786
 -0.0339209 -0.00106356  -0.0900785
 -0.0339208 -0.00106357  -0.0900784
 -0.0339208 -0.00106357  -0.0900784
 -0.0339207 -0.00106357  -0.0900783
 -0.0339206 -0.00106358  -0.0900782
 -0.0339206 -0.00106358  -0.0900781
 -0.0339205 -0.00106358   -0.090078
 -0.0339204 -0.00106359   -0.090078
 -0.0339204 -0.00106359  -0.0900779
 -0.0339203 -0.00106359  -0.0900778
 -0.0339202 -0.00106359  -0.0900777
-0.0339202 -0.0010636 -0.0900776
-0.0339201 -0.0010636 -0.0900776
  -0.03392 -0.0010636 -0.0900775
  -0.03392 -0.0010636 -0.0900774
 -0.0339199 -0.00106361  -0.0900773
 -0.0339198 -0.00106361  -0.0900773
 -0.0339198 -0.00106361  -0.0900772
 -0.0339197 -0.00106361  -0.0900771
 -0.0339197 -0.00106362   -0.090077
 -0.0339196 -0.00106362   -0.090077
 -0.0339195 -0.00106362  -0.0900769
 -0.0339195 -0.00106362  -0.0900768
 -0.0339194 -0.00106362  -0.0900767
 -0.0339193 -0.00106363  -0.0900767
 -0.0339193 -0.00106363  -0.0900766
 -0.0339192 -0.00106363  -0.0900765
 -0.0339192 -0.00106363  -0.0900765
 -0.0339191 -0.00106363  -0.0900764
  -0.033919 -0.00106364  -0.0900763
  -0.033919 -0.00106364  -0.0900762
 -0.0339189 -0.00106364  -0.0900762
 -0.0339188 -0.00106364  -0.0900761
 -0.0339188 -0.00106364   -0.090076
 -0.0339187 -0.00106365   -0.090076
 -0.0339187 -0.00106365  -0.0900759
 -0.0339186 -0.00106365  -0.0900758
 -0.0339185 -0.00106365  -0.0900757
 -0.0339185 -0.00106365  -0.0900757
 -0.0339184 -0.00106365  -0.0900756
 -0.0339184 -0.00106366  -0.0900755
 -0.0339183 -0.00106366  -0.0900755
 -0.0339183 -0.00106366  -0.0900754
 -0.0339182 -0.00106366  -0.0900753
 -0.0339181 -0.00106366  -0.0900753
 -0.0339181 -0.00106366  -0.0900752
  -0.033918 -0.00106367  -0.0900751
  -0.033918 -0.00106367  -0.0900751
 -0.0339179 -0.00106367   -0.090075
 -0.0339178 -0.00106367  -0.0900749
 -0.0339178 -0.00106367  -0.0900749
 -0.0339177 -0.00106367  -0.0900748
 -0.0339177 -0.00106367  -0.0900747
 -0.0339176 -0.00106368  -0.0900747
 -0.0339176 -0.00106368  -0.0900746
 -0.0339175 -0.00106368  -0.0900745
 -0.0339175 -0.00106368  -0.0900745
 -0.0339174 -0.00106368  -0.0900744
 -0.0339173 -0.00106368  -0.0900744
 -0.0339173 -0.00106368  -0.0900743
 -0.0339172 -0.00106368  -0.0900742
 -0.0339172 -0.00106369  -0.0900742
 -0.0339171 -0.00106369  -0.0900741
 -0.0339171 -0.00106369   -0.090074
  -0.033917 -0.00106369   -0.090074
  -0.033917 -0.00106369  -0.0900739
 -0.0339169 -0.00106369  -0.0900739
 -0.0339168 -0.00106369  -0.0900738
 -0.0339168 -0.00106369  -0.0900737
 -0.0339167 -0.00106369  -0.0900737
 -0.0339167 -0.00106369  -0.0900736
-0.0339166 -0.0010637 -0.0900735
-0.0339166 -0.0010637 -0.0900735
-0.0339165 -0.0010637 -0.0900734
-0.0339165 -0.0010637 -0.0900734
-0.0339164 -0.0010637 -0.0900733
-0.0339164 -0.0010637 -0.0900732
-0.0339163 -0.0010637 -0.0900732
-0.0339163 -0.0010637 -0.0900731
-0.0339162 -0.0010637 -0.0900731
-0.0339162 -0.0010637  -0.090073
-0.0339161 -0.0010637 -0.0900729
-0.0339161 -0.0010637 -0.0900729
 -0.033916 -0.0010637 -0.0900728
 -0.033916 -0.0010637 -0.0900728
 -0.0339159 -0.00106371  -0.0900727
 -0.0339159 -0.00106371  -0.0900727
 -0.0339158 -0.00106371  -0.0900726
 -0.0339157 -0.00106371  -0.0900725
 -0.0339157 -0.00106371  -0.0900725
 -0.0339156 -0.00106371  -0.0900724
 -0.0339156 -0.00106371  -0.0900724
 -0.0339155 -0.00106371  -0.0900723
 -0.0339155 -0.00106371  -0.0900723
 -0.0339154 -0.00106371  -0.0900722
 -0.0339154 -0.00106371  -0.0900721
 -0.0339153 -0.00106371  -0.0900721
 -0.0339153 -0.00106371   -0.090072
 -0.0339152 -0.00106371   -0.090072
 -0.0339152 -0.00106371  -0.0900719
 -0.0339151 -0.00106371  -0.0900719
 -0.0339151 -0.00106371  -0.0900718
  -0.033915 -0.00106371  -0.0900717
  -0.033915 -0.00106371  -0.0900717
 -0.0339149 -0.00106371  -0.0900716
 -0.0339149 -0.00106371  -0.0900716
 -0.0339149 -0.00106371  -0.0900715
 -0.0339148 -0.00106371  -0.0900715
 -0.0339148 -0.00106372  -0.0900714
 -0.0339147 -0.00106372  -0.0900714
 -0.0339147 -0.00106372  -0.0900713
 -0.0339146 -0.00106372  -0.0900713
 -0.0339146 -0.00106372  -0.0900712
 -0.0339145 -0.00106372  -0.0900711
 -0.0339145 -0.00106372  -0.0900711
 -0.0339144 -0.00106372   -0.090071
 -0.0339144 -0.00106372   -0.090071
 -0.0339143 -0.00106372  -0.0900709
 -0.0339143 -0.00106372  -0.0900709
 -0.0339142 -0.00106372  -0.0900708
 -0.0339142 -0.00106372  -0.0900708
 -0.0339141 -0.00106372  -0.0900707
 -0.0339141 -0.00106372  -0.0900707
  -0.033914 -0.00106372  -0.0900706
  -0.033914 -0.00106372  -0.0900706
 -0.0339139 -0.00106372  -0.0900705
 -0.0339139 -0.00106372  -0.0900705
 -0.0339138 -0.00106372  -0.0900704
 -0.0339138 -0.00106372  -0.0900703
 -0.0339138 -0.00106372  -0.0900703
 -0.0339137 -0.00106372  -0.0900702
 -0.0339137 -0.00106372  -0.0900702
 -0.0339136 -0.00106372  -0.0900701
 -0.0339136 -0.00106372  -0.0900701
 -0.0339135 -0.00106372    -0.09007
 -0.0339135 -0.00106372    -0.09007
 -0.0339134 -0.00106372  -0.0900699
 -0.0339134 -0.00106372  -0.0900699
 -0.0339133 -0.00106372  -0.0900698
 -0.0339133 -0.00106372  -0.0900698
 -0.0339132 -0.00106372  -0.0900697
 -0.0339132 -0.00106372  -0.0900697
 -0.0339132 -0.00106372  -0.0900696
 -0.0339131 -0.00106372  -0.0900696
 -0.0339131 -0.00106372  -0.0900695
  -0.033913 -0.00106372  -0.0900695
  -0.033913 -0.00106372  -0.0900694
 -0.0339129 -0.00106372  -0.0900694
 -0.0339129 -0.00106372  -0.0900693
 -0.0339128 -0.00106371  -0.0900693
 -0.0339128 -0.00106371  -0.0900692
 -0.0339127 -0.00106371  -0.0900692
 -0.0339127 -0.00106371  -0.0900691
 -0.0339127 -0.00106371  -0.0900691
 -0.0339126 -0.00106371   -0.090069
 -0.0339126 -0.00106371   -0.090069
 -0.0339125 -0.00106371  -0.0900689
 -0.0339125 -0.00106371  -0.0900689
 -0.0339124 -0.00106371  -0.0900688
 -0.0339124 -0.00106371  -0.0900688
 -0.0339123 -0.00106371  -0.0900687
 -0.0339123 -0.00106371  -0.0900687
 -0.0339123 -0.00106371  -0.0900686
 -0.0339122 -0.00106371  -0.0900686
 -0.0339122 -0.00106371  -0.0900685
 -0.0339121 -0.00106371  -0.0900685
 -0.0339121 -0.00106371  -0.0900684
  -0.033912 -0.00106371  -0.0900684
  -0.033912 -0.00106371  -0.0900683
 -0.0339119 -0.00106371  -0.0900683
 -0.0339119 -0.00106371  -0.0900682
 -0.0339119 -0.00106371  -0.0900682
 -0.0339118 -0.00106371  -0.0900681
 -0.0339118 -0.00106371  -0.0900681
 -0.0339117 -0.00106371   -0.090068
 -0.0339117 -0.00106371   -0.090068
 -0.0339116 -0.00106371   -0.090068
 -0.0339116 -0.00106371  -0.0900679
-0.0339116 -0.0010637 -0.0900679
-0.0339115 -0.0010637 -0.0900678
-0.0339115 -0.0010637 -0.0900678
-0.0339114 -0.0010637 -0.0900677
-0.0339114 -0.0010637 -0.0900677
-0.0339113 -0.0010637 -0.0900676
