 0.0591599 0.00639691  0.0097521
0.0528469  0.003754 0.0166728
 0.0496889 0.00231036  0.0214997
  0.048227 0.00154841  0.0248384
 0.0476314 0.00116809  0.0271124
  0.0474465 0.000997111   0.0286276
  0.0474318 0.000937653    0.029606
  0.0474666 0.000934993   0.0302081
  0.0474956 0.000959096   0.0305492
  0.0474973 0.000993921   0.0307114
 0.0474672 0.00103124  0.0307529
 0.0474085 0.00106711   0.030715
 0.0473272 0.00109986  0.0306261
 0.0472298 0.00112902  0.0305065
  0.047122 0.00115464  0.0303697
 0.0470086 0.00117706  0.0302253
 0.0468932 0.00119664  0.0300794
 0.0467787 0.00121379  0.0299362
 0.0466668 0.00122883  0.0297983
  0.046559 0.00124208  0.0296671
 0.0464561 0.00125378  0.0295436
 0.0463585 0.00126415   0.029428
 0.0462664 0.00127335  0.0293204
 0.0461799 0.00128154  0.0292206
 0.0460989 0.00128883  0.0291282
 0.0460232 0.00129533  0.0290429
 0.0459525 0.00130113  0.0289642
0.0458865 0.0013063 0.0288917
 0.0458251 0.00131091  0.0288248
 0.0457679 0.00131502  0.0287633
 0.0457146 0.00131867  0.0287066
 0.0456649 0.00132192  0.0286544
0.0456186 0.0013248 0.0286062
 0.0455754 0.00132735  0.0285618
0.0455351 0.0013296 0.0285209
 0.0454974 0.00133158   0.028483
 0.0454622 0.00133332  0.0284481
 0.0454293 0.00133483  0.0284158
 0.0453984 0.00133614  0.0283858
 0.0453694 0.00133728  0.0283581
 0.0453422 0.00133825  0.0283323
 0.0453166 0.00133907  0.0283083
 0.0452924 0.00133976   0.028286
 0.0452696 0.00134032  0.0282653
 0.0452481 0.00134078  0.0282459
 0.0452276 0.00134114  0.0282277
 0.0452083 0.00134141  0.0282107
0.0451899 0.0013416 0.0281948
 0.0451723 0.00134171  0.0281798
 0.0451556 0.00134176  0.0281656
 0.0451396 0.00134175  0.0281523
 0.0451243 0.00134168  0.0281397
 0.0451097 0.00134157  0.0281277
 0.0450956 0.00134142  0.0281164
  0.045082 0.00134122  0.0281056
 0.0450689 0.00134099  0.0280953
 0.0450562 0.00134072  0.0280855
  0.045044 0.00134043  0.0280761
 0.0450321 0.00134011  0.0280671
 0.0450206 0.00133977  0.0280584
 0.0450094 0.00133941    0.02805
 0.0449985 0.00133903   0.028042
 0.0449879 0.00133863  0.0280342
 0.0449775 0.00133822  0.0280266
 0.0449673 0.00133779  0.0280193
 0.0449574 0.00133736  0.0280122
 0.0449477 0.00133691  0.0280053
 0.0449381 0.00133645  0.0279986
 0.0449287 0.00133598   0.027992
 0.0449195 0.00133551  0.0279856
 0.0449104 0.00133503  0.0279793
 0.0449015 0.00133455  0.0279731
 0.0448927 0.00133406  0.0279671
  0.044884 0.00133356  0.0279612
 0.0448754 0.00133306  0.0279553
  0.044867 0.00133256  0.0279496
 0.0448586 0.00133206   0.027944
 0.0448503 0.00133155  0.0279384
 0.0448422 0.00133105  0.0279329
 0.0448341 0.00133054  0.0279275
 0.0448261 0.00133003  0.0279221
 0.0448181 0.00132952  0.0279169
 0.0448102 0.00132901  0.0279116
 0.0448025 0.00132849  0.0279065
 0.0447947 0.00132798  0.0279014
 0.0447871 0.00132747  0.0278963
 0.0447795 0.00132696  0.0278913
 0.0447719 0.00132645  0.0278863
 0.0447644 0.00132594  0.0278814
  0.044757 0.00132543  0.0278765
 0.0447496 0.00132492  0.0278716
 0.0447423 0.00132441  0.0278668
  0.044735 0.00132391  0.0278621
0.0447278 0.0013234 0.0278573
0.0447206 0.0013229 0.0278526
 0.0447134 0.00132239  0.0278479
 0.0447064 0.00132189  0.0278433
 0.0446993 0.00132139  0.0278387
 0.0446923 0.00132089  0.0278341
0.0446853 0.0013204 0.0278296
0.0446784 0.0013199  0.027825
 0.0446715 0.00131941  0.0278205
 0.0446647 0.00131891  0.0278161
 0.0446579 0.00131842  0.0278116
 0.0446511 0.00131793  0.0278072
 0.0446444 0.00131745  0.0278028
 0.0446377 0.00131696  0.0277985
  0.044631 0.00131648  0.0277941
 0.0446244 0.00131599  0.0277898
 0.0446178 0.00131551  0.0277855
 0.0446113 0.00131503  0.0277812
 0.0446048 0.00131456   0.027777
 0.0445983 0.00131408  0.0277728
 0.0445918 0.00131361  0.0277686
 0.0445854 0.00131313  0.0277644
  0.044579 0.00131266  0.0277602
0.0445727 0.0013122 0.0277561
 0.0445664 0.00131173   0.027752
 0.0445601 0.00131126  0.0277479
0.0445539 0.0013108 0.0277438
 0.0445477 0.00131034  0.0277397
 0.0445415 0.00130988  0.0277357
 0.0445353 0.00130942  0.0277317
 0.0445292 0.00130896  0.0277277
 0.0445231 0.00130851  0.0277237
 0.0445171 0.00130805  0.0277198
 0.044511 0.0013076 0.0277159
  0.044505 0.00130715  0.0277119
 0.0444991 0.00130671   0.027708
 0.0444931 0.00130626  0.0277042
 0.0444872 0.00130581  0.0277003
 0.0444814 0.00130537  0.0276965
 0.0444755 0.00130493  0.0276927
 0.0444697 0.00130449  0.0276889
 0.0444639 0.00130405  0.0276851
 0.0444581 0.00130362  0.0276813
 0.0444524 0.00130318  0.0276776
 0.0444467 0.00130275  0.0276738
  0.044441 0.00130232  0.0276701
 0.0444354 0.00130189  0.0276664
 0.0444298 0.00130146  0.0276628
 0.0444242 0.00130103  0.0276591
 0.0444186 0.00130061  0.0276555
 0.0444131 0.00130019  0.0276519
 0.0444076 0.00129977  0.0276483
 0.0444021 0.00129935  0.0276447
 0.0443967 0.00129893  0.0276411
 0.0443912 0.00129851  0.0276376
0.0443858 0.0012981  0.027634
 0.0443805 0.00129768  0.0276305
 0.0443751 0.00129727   0.027627
 0.0443698 0.00129686  0.0276235
 0.0443645 0.00129645  0.0276201
 0.0443592 0.00129604  0.0276166
  0.044354 0.00129564  0.0276132
 0.0443488 0.00129523  0.0276098
 0.0443436 0.00129483  0.0276064
 0.0443384 0.00129443   0.027603
 0.0443333 0.00129403  0.0275996
 0.0443282 0.00129363  0.0275962
 0.0443231 0.00129323  0.0275929
  0.044318 0.00129284  0.0275896
  0.044313 0.00129245  0.0275863
  0.044308 0.00129205   0.027583
  0.044303 0.00129166  0.0275797
  0.044298 0.00129127  0.0275765
 0.0442931 0.00129089  0.0275732
0.0442882 0.0012905   0.02757
 0.0442833 0.00129011  0.0275668
 0.0442784 0.00128973  0.0275636
 0.0442736 0.00128935  0.0275604
 0.0442687 0.00128897  0.0275572
 0.0442639 0.00128859  0.0275541
 0.0442592 0.00128821  0.0275509
 0.0442544 0.00128783  0.0275478
 0.0442497 0.00128746  0.0275447
  0.044245 0.00128709  0.0275416
 0.0442403 0.00128671  0.0275385
 0.0442356 0.00128634  0.0275355
  0.044231 0.00128597  0.0275324
0.0442264 0.0012856 0.0275294
 0.0442218 0.00128524  0.0275264
 0.0442172 0.00128487  0.0275234
 0.0442126 0.00128451  0.0275204
 0.0442081 0.00128415  0.0275174
 0.0442036 0.00128378  0.0275144
 0.0441991 0.00128342  0.0275115
 0.0441947 0.00128307  0.0275085
 0.0441902 0.00128271  0.0275056
 0.0441858 0.00128235  0.0275027
0.0441814  0.001282 0.0274998
  0.044177 0.00128164  0.0274969
 0.0441727 0.00128129   0.027494
 0.0441683 0.00128094  0.0274912
  0.044164 0.00128059  0.0274883
 0.0441597 0.00128024  0.0274855
0.0441554 0.0012799 0.0274827
 0.0441512 0.00127955  0.0274799
  0.044147 0.00127921  0.0274771
 0.0441427 0.00127886  0.0274743
 0.0441385 0.00127852  0.0274715
 0.0441344 0.00127818  0.0274688
 0.0441302 0.00127784  0.0274661
0.0441261 0.0012775 0.0274633
  0.044122 0.00127717  0.0274606
 0.0441179 0.00127683  0.0274579
0.0441138 0.0012765 0.0274552
 0.0441097 0.00127616  0.0274525
 0.0441057 0.00127583  0.0274499
0.0441017 0.0012755 0.0274472
 0.0440977 0.00127517  0.0274446
 0.0440937 0.00127484  0.0274419
 0.0440897 0.00127452  0.0274393
 0.0440858 0.00127419  0.0274367
 0.0440819 0.00127386  0.0274341
  0.044078 0.00127354  0.0274315
 0.0440741 0.00127322   0.027429
0.0440702 0.0012729 0.0274264
 0.0440664 0.00127258  0.0274239
 0.0440625 0.00127226  0.0274213
 0.0440587 0.00127194  0.0274188
 0.0440549 0.00127162  0.0274163
 0.0440511 0.00127131  0.0274138
 0.0440474 0.00127099  0.0274113
 0.0440436 0.00127068  0.0274088
 0.0440399 0.00127037  0.0274064
 0.0440362 0.00127006  0.0274039
 0.0440325 0.00126975  0.0274015
 0.0440288 0.00126944   0.027399
 0.0440252 0.00126913  0.0273966
 0.0440215 0.00126882  0.0273942
 0.0440179 0.00126852  0.0273918
 0.0440143 0.00126821  0.0273894
 0.0440107 0.00126791   0.027387
 0.0440072 0.00126761  0.0273847
 0.0440036 0.00126731  0.0273823
 0.0440001 0.00126701    0.02738
 0.0439965 0.00126671  0.0273776
  0.043993 0.00126641  0.0273753
 0.0439895 0.00126611   0.027373
 0.0439861 0.00126582  0.0273707
 0.0439826 0.00126552  0.0273684
 0.0439792 0.00126523  0.0273661
 0.0439757 0.00126494  0.0273638
 0.0439723 0.00126465  0.0273616
 0.0439689 0.00126436  0.0273593
 0.0439656 0.00126407  0.0273571
 0.0439622 0.00126378  0.0273548
 0.0439588 0.00126349  0.0273526
0.0439555 0.0012632 0.0273504
 0.0439522 0.00126292  0.0273482
 0.0439489 0.00126263   0.027346
 0.0439456 0.00126235  0.0273438
 0.0439423 0.00126207  0.0273416
 0.0439391 0.00126179  0.0273395
 0.0439358 0.00126151  0.0273373
 0.0439326 0.00126123  0.0273352
 0.0439294 0.00126095   0.027333
 0.0439262 0.00126067  0.0273309
 0.043923 0.0012604 0.0273288
 0.0439199 0.00126012  0.0273267
 0.0439167 0.00125985  0.0273246
 0.0439136 0.00125957  0.0273225
0.0439105 0.0012593 0.0273204
 0.0439073 0.00125903  0.0273184
 0.0439042 0.00125876  0.0273163
 0.0439012 0.00125849  0.0273142
 0.0438981 0.00125822  0.0273122
  0.043895 0.00125795  0.0273102
  0.043892 0.00125769  0.0273081
  0.043889 0.00125742  0.0273061
  0.043886 0.00125716  0.0273041
  0.043883 0.00125689  0.0273021
   0.04388 0.00125663  0.0273001
  0.043877 0.00125637  0.0272981
 0.0438741 0.00125611  0.0272962
 0.0438711 0.00125584  0.0272942
 0.0438682 0.00125559  0.0272923
 0.0438653 0.00125533  0.0272903
 0.0438624 0.00125507  0.0272884
 0.0438595 0.00125481  0.0272864
 0.0438566 0.00125456  0.0272845
0.0438537 0.0012543 0.0272826
 0.0438509 0.00125405  0.0272807
 0.043848 0.0012538 0.0272788
 0.0438452 0.00125354  0.0272769
 0.0438424 0.00125329   0.027275
 0.0438396 0.00125304  0.0272732
 0.0438368 0.00125279  0.0272713
  0.043834 0.00125254  0.0272695
0.0438313 0.0012523 0.0272676
 0.0438285 0.00125205  0.0272658
0.0438258 0.0012518 0.0272639
 0.0438231 0.00125156  0.0272621
 0.0438204 0.00125131  0.0272603
 0.0438177 0.00125107  0.0272585
  0.043815 0.00125083  0.0272567
 0.0438123 0.00125059  0.0272549
 0.0438096 0.00125034  0.0272531
 0.043807 0.0012501 0.0272513
 0.0438043 0.00124987  0.0272496
 0.0438017 0.00124963  0.0272478
 0.0437991 0.00124939  0.0272461
 0.0437965 0.00124915  0.0272443
 0.0437939 0.00124892  0.0272426
 0.0437913 0.00124868  0.0272409
 0.0437887 0.00124845  0.0272391
 0.0437862 0.00124821  0.0272374
 0.0437836 0.00124798  0.0272357
 0.0437811 0.00124775   0.027234
 0.0437786 0.00124752  0.0272323
  0.043776 0.00124729  0.0272306
 0.0437735 0.00124706  0.0272289
  0.043771 0.00124683  0.0272273
0.0437686 0.0012466 0.0272256
 0.0437661 0.00124637   0.027224
 0.0437636 0.00124615  0.0272223
 0.0437612 0.00124592  0.0272207
0.0437587 0.0012457  0.027219
 0.0437563 0.00124547  0.0272174
 0.0437539 0.00124525  0.0272158
 0.0437515 0.00124503  0.0272142
 0.0437491 0.00124481  0.0272126
 0.0437467 0.00124458   0.027211
 0.0437443 0.00124436  0.0272094
  0.043742 0.00124414  0.0272078
 0.0437396 0.00124393  0.0272062
 0.0437373 0.00124371  0.0272046
  0.043735 0.00124349   0.027203
 0.0437326 0.00124327  0.0272015
 0.0437303 0.00124306  0.0271999
  0.043728 0.00124284  0.0271984
 0.0437257 0.00124263  0.0271968
 0.0437235 0.00124242  0.0271953
0.0437212 0.0012422 0.0271938
 0.0437189 0.00124199  0.0271923
 0.0437167 0.00124178  0.0271907
 0.0437144 0.00124157  0.0271892
 0.0437122 0.00124136  0.0271877
   0.04371 0.00124115  0.0271862
 0.0437078 0.00124094  0.0271847
 0.0437056 0.00124073  0.0271833
 0.0437034 0.00124053  0.0271818
 0.0437012 0.00124032  0.0271803
  0.043699 0.00124011  0.0271789
 0.0436968 0.00123991  0.0271774
 0.0436947 0.00123971  0.0271759
0.0436925 0.0012395 0.0271745
0.0436904 0.0012393 0.0271731
0.0436883 0.0012391 0.0271716
0.0436862 0.0012389 0.0271702
 0.0436841 0.00123869  0.0271688
  0.043682 0.00123849  0.0271674
0.0436799 0.0012383 0.0271659
0.0436778 0.0012381 0.0271645
0.0436757 0.0012379 0.0271631
0.0436736 0.0012377 0.0271618
0.0436716 0.0012375 0.0271604
 0.0436695 0.00123731   0.027159
 0.0436675 0.00123711  0.0271576
 0.0436655 0.00123692  0.0271562
 0.0436635 0.00123672  0.0271549
 0.0436614 0.00123653  0.0271535
 0.0436594 0.00123634  0.0271522
 0.0436575 0.00123615  0.0271508
 0.0436555 0.00123595  0.0271495
 0.0436535 0.00123576  0.0271481
 0.0436515 0.00123557  0.0271468
 0.0436496 0.00123538  0.0271455
 0.0436476 0.00123519  0.0271442
 0.0436457 0.00123501  0.0271429
 0.0436437 0.00123482  0.0271416
 0.0436418 0.00123463  0.0271402
 0.0436399 0.00123445   0.027139
  0.043638 0.00123426  0.0271377
 0.0436361 0.00123407  0.0271364
 0.0436342 0.00123389  0.0271351
 0.0436323 0.00123371  0.0271338
 0.0436304 0.00123352  0.0271325
 0.0436286 0.00123334  0.0271313
 0.0436267 0.00123316    0.02713
 0.0436248 0.00123298  0.0271288
 0.043623 0.0012328 0.0271275
 0.0436212 0.00123262  0.0271263
 0.0436193 0.00123244   0.027125
 0.0436175 0.00123226  0.0271238
 0.0436157 0.00123208  0.0271226
0.0436139 0.0012319 0.0271213
 0.0436121 0.00123172  0.0271201
 0.0436103 0.00123155  0.0271189
 0.0436085 0.00123137  0.0271177
0.0436067 0.0012312 0.0271165
  0.043605 0.00123102  0.0271153
 0.0436032 0.00123085  0.0271141
 0.0436015 0.00123067  0.0271129
0.0435997 0.0012305 0.0271117
  0.043598 0.00123033  0.0271106
 0.0435963 0.00123016  0.0271094
 0.0435945 0.00122998  0.0271082
 0.0435928 0.00122981   0.027107
 0.0435911 0.00122964  0.0271059
 0.0435894 0.00122947  0.0271047
 0.0435877 0.00122931  0.0271036
  0.043586 0.00122914  0.0271024
 0.0435843 0.00122897  0.0271013
0.0435827 0.0012288 0.0271002
  0.043581 0.00122863   0.027099
 0.0435793 0.00122847  0.0270979
0.0435777 0.0012283 0.0270968
  0.043576 0.00122814  0.0270956
 0.0435744 0.00122797  0.0270945
 0.0435728 0.00122781  0.0270934
 0.0435711 0.00122765  0.0270923
 0.0435695 0.00122748  0.0270912
 0.0435679 0.00122732  0.0270901
 0.0435663 0.00122716   0.027089
0.0435647  0.001227 0.0270879
 0.0435631 0.00122684  0.0270869
 0.0435615 0.00122668  0.0270858
   0.04356 0.00122652  0.0270847
 0.0435584 0.00122636  0.0270836
0.0435568 0.0012262 0.0270826
 0.0435553 0.00122604  0.0270815
 0.0435537 0.00122588  0.0270805
 0.0435522 0.00122573  0.0270794
 0.0435506 0.00122557  0.0270784
 0.0435491 0.00122541  0.0270773
 0.0435476 0.00122526  0.0270763
 0.043546 0.0012251 0.0270752
 0.0435445 0.00122495  0.0270742
  0.043543 0.00122479  0.0270732
 0.0435415 0.00122464  0.0270722
   0.04354 0.00122449  0.0270711
 0.0435385 0.00122433  0.0270701
 0.0435371 0.00122418  0.0270691
 0.0435356 0.00122403  0.0270681
 0.0435341 0.00122388  0.0270671
 0.0435326 0.00122373  0.0270661
 0.0435312 0.00122358  0.0270651
 0.0435297 0.00122343  0.0270641
 0.0435283 0.00122328  0.0270631
 0.0435269 0.00122313  0.0270621
 0.0435254 0.00122298  0.0270612
  0.043524 0.00122284  0.0270602
 0.0435226 0.00122269  0.0270592
 0.0435211 0.00122254  0.0270582
0.0435197 0.0012224 0.0270573
 0.0435183 0.00122225  0.0270563
 0.0435169 0.00122211  0.0270554
 0.0435155 0.00122196  0.0270544
 0.0435142 0.00122182  0.0270535
 0.0435128 0.00122167  0.0270525
 0.0435114 0.00122153  0.0270516
   0.04351 0.00122139  0.0270506
 0.0435087 0.00122125  0.0270497
0.0435073 0.0012211 0.0270488
 0.0435059 0.00122096  0.0270479
 0.0435046 0.00122082  0.0270469
 0.0435033 0.00122068   0.027046
 0.0435019 0.00122054  0.0270451
0.0435006 0.0012204 0.0270442
 0.0434993 0.00122026  0.0270433
 0.0434979 0.00122012  0.0270424
 0.0434966 0.00121999  0.0270415
 0.0434953 0.00121985  0.0270406
  0.043494 0.00121971  0.0270397
 0.0434927 0.00121957  0.0270388
 0.0434914 0.00121944  0.0270379
0.0434901 0.0012193  0.027037
 0.0434888 0.00121917  0.0270361
 0.0434876 0.00121903  0.0270353
0.0434863 0.0012189 0.0270344
  0.043485 0.00121876  0.0270335
 0.0434838 0.00121863  0.0270327
0.0434825 0.0012185 0.0270318
 0.0434812 0.00121836  0.0270309
   0.04348 0.00121823  0.0270301
0.0434787 0.0012181 0.0270292
 0.0434775 0.00121797  0.0270284
 0.0434763 0.00121784  0.0270275
  0.043475 0.00121771  0.0270267
 0.0434738 0.00121757  0.0270258
 0.0434726 0.00121745   0.027025
 0.0434714 0.00121732  0.0270242
 0.0434702 0.00121719  0.0270233
  0.043469 0.00121706  0.0270225
 0.0434678 0.00121693  0.0270217
0.0434666 0.0012168 0.0270209
 0.0434654 0.00121668  0.0270201
 0.0434642 0.00121655  0.0270193
  0.043463 0.00121642  0.0270184
0.0434619 0.0012163 0.0270176
 0.0434607 0.00121617  0.0270168
 0.0434595 0.00121604   0.027016
 0.0434584 0.00121592  0.0270152
0.0434572 0.0012158 0.0270144
 0.0434561 0.00121567  0.0270136
 0.0434549 0.00121555  0.0270129
 0.0434538 0.00121542  0.0270121
0.0434526 0.0012153 0.0270113
 0.0434515 0.00121518  0.0270105
 0.0434504 0.00121506  0.0270097
 0.0434492 0.00121494   0.027009
 0.0434481 0.00121481  0.0270082
  0.043447 0.00121469  0.0270074
 0.0434459 0.00121457  0.0270067
 0.0434448 0.00121445  0.0270059
 0.0434437 0.00121433  0.0270051
 0.0434426 0.00121421  0.0270044
0.0434415 0.0012141 0.0270036
 0.0434404 0.00121398  0.0270029
 0.0434393 0.00121386  0.0270021
 0.0434382 0.00121374  0.0270014
 0.0434372 0.00121362  0.0270006
 0.0434361 0.00121351  0.0269999
  0.043435 0.00121339  0.0269992
  0.043434 0.00121327  0.0269984
 0.0434329 0.00121316  0.0269977
 0.0434319 0.00121304   0.026997
 0.0434308 0.00121293  0.0269963
 0.0434298 0.00121281  0.0269955
0.0434287 0.0012127 0.0269948
 0.0434277 0.00121258  0.0269941
 0.0434266 0.00121247  0.0269934
 0.0434256 0.00121236  0.0269927
 0.0434246 0.00121224   0.026992
 0.0434236 0.00121213  0.0269913
 0.0434225 0.00121202  0.0269906
 0.0434215 0.00121191  0.0269899
0.0434205 0.0012118 0.0269892
 0.0434195 0.00121169  0.0269885
 0.0434185 0.00121158  0.0269878
 0.0434175 0.00121146  0.0269871
 0.0434165 0.00121135  0.0269864
 0.0434155 0.00121125  0.0269857
 0.0434145 0.00121114   0.026985
 0.0434136 0.00121103  0.0269844
 0.0434126 0.00121092  0.0269837
 0.0434116 0.00121081   0.026983
0.0434106 0.0012107 0.0269823
 0.0434097 0.00121059  0.0269817
 0.0434087 0.00121049   0.026981
 0.0434077 0.00121038  0.0269803
 0.0434068 0.00121027  0.0269797
 0.0434058 0.00121017   0.026979
 0.0434049 0.00121006  0.0269784
 0.0434039 0.00120996  0.0269777
  0.043403 0.00120985  0.0269771
 0.0434021 0.00120975  0.0269764
 0.0434011 0.00120964  0.0269758
 0.0434002 0.00120954  0.0269751
 0.0433993 0.00120943  0.0269745
 0.0433983 0.00120933  0.0269738
 0.0433974 0.00120923  0.0269732
 0.0433965 0.00120913  0.0269726
 0.0433956 0.00120902  0.0269719
 0.0433947 0.00120892  0.0269713
 0.0433938 0.00120882  0.0269707
 0.0433929 0.00120872  0.0269701
  0.043392 0.00120862  0.0269694
 0.0433911 0.00120852  0.0269688
 0.0433902 0.00120841  0.0269682
 0.0433893 0.00120831  0.0269676
 0.0433884 0.00120821   0.026967
 0.0433875 0.00120811  0.0269664
 0.0433867 0.00120802  0.0269658
 0.0433858 0.00120792  0.0269651
 0.0433849 0.00120782  0.0269645
 0.0433841 0.00120772  0.0269639
 0.0433832 0.00120762  0.0269633
 0.0433823 0.00120752  0.0269627
 0.0433815 0.00120743  0.0269621
 0.0433806 0.00120733  0.0269616
 0.0433798 0.00120723   0.026961
 0.0433789 0.00120714  0.0269604
 0.0433781 0.00120704  0.0269598
 0.0433772 0.00120694  0.0269592
 0.0433764 0.00120685  0.0269586
 0.0433756 0.00120675   0.026958
 0.0433747 0.00120666  0.0269575
 0.0433739 0.00120656  0.0269569
 0.0433731 0.00120647  0.0269563
 0.0433722 0.00120638  0.0269558
 0.0433714 0.00120628  0.0269552
 0.0433706 0.00120619  0.0269546
0.0433698 0.0012061 0.0269541
 0.043369  0.001206 0.0269535
 0.0433682 0.00120591  0.0269529
 0.0433674 0.00120582  0.0269524
 0.0433666 0.00120573  0.0269518
 0.0433658 0.00120564  0.0269513
  0.043365 0.00120554  0.0269507
 0.0433642 0.00120545  0.0269502
 0.0433634 0.00120536  0.0269496
 0.0433626 0.00120527  0.0269491
 0.0433618 0.00120518  0.0269485
 0.0433611 0.00120509   0.026948
0.0433603  0.001205 0.0269474
 0.0433595 0.00120491  0.0269469
 0.0433587 0.00120482  0.0269464
  0.043358 0.00120474  0.0269458
 0.0433572 0.00120465  0.0269453
 0.0433564 0.00120456  0.0269448
 0.0433557 0.00120447  0.0269442
 0.0433549 0.00120438  0.0269437
0.0433542 0.0012043 0.0269432
 0.0433534 0.00120421  0.0269427
 0.0433527 0.00120412  0.0269421
 0.0433519 0.00120404  0.0269416
 0.0433512 0.00120395  0.0269411
 0.0433505 0.00120386  0.0269406
 0.0433497 0.00120378  0.0269401
  0.043349 0.00120369  0.0269396
 0.0433483 0.00120361  0.0269391
 0.0433475 0.00120352  0.0269386
 0.0433468 0.00120344  0.0269381
 0.0433461 0.00120335  0.0269376
 0.0433454 0.00120327   0.026937
 0.0433446 0.00120319  0.0269366
0.0433439 0.0012031 0.0269361
 0.0433432 0.00120302  0.0269356
 0.0433425 0.00120294  0.0269351
 0.0433418 0.00120285  0.0269346
 0.0433411 0.00120277  0.0269341
 0.0433404 0.00120269  0.0269336
 0.0433397 0.00120261  0.0269331
  0.043339 0.00120252  0.0269326
 0.0433383 0.00120244  0.0269321
 0.0433376 0.00120236  0.0269317
 0.0433369 0.00120228  0.0269312
0.0433362 0.0012022 0.0269307
 0.0433356 0.00120212  0.0269302
 0.0433349 0.00120204  0.0269297
 0.0433342 0.00120196  0.0269293
 0.0433335 0.00120188  0.0269288
0.0433329 0.0012018 0.0269283
 0.0433322 0.00120172  0.0269279
 0.0433315 0.00120164  0.0269274
 0.0433309 0.00120156  0.0269269
 0.0433302 0.00120149  0.0269265
 0.0433295 0.00120141   0.026926
 0.0433289 0.00120133  0.0269255
 0.0433282 0.00120125  0.0269251
 0.0433276 0.00120117  0.0269246
0.0433269 0.0012011 0.0269242
 0.0433263 0.00120102  0.0269237
 0.0433256 0.00120094  0.0269233
  0.043325 0.00120087  0.0269228
 0.0433243 0.00120079  0.0269224
 0.0433237 0.00120072  0.0269219
 0.0433231 0.00120064  0.0269215
 0.0433224 0.00120056   0.026921
 0.0433218 0.00120049  0.0269206
 0.0433212 0.00120041  0.0269202
 0.0433205 0.00120034  0.0269197
 0.0433199 0.00120026  0.0269193
 0.0433193 0.00120019  0.0269189
 0.0433187 0.00120012  0.0269184
 0.0433181 0.00120004   0.026918
 0.0433174 0.00119997  0.0269176
0.0433168 0.0011999 0.0269171
 0.0433162 0.00119982  0.0269167
 0.0433156 0.00119975  0.0269163
  0.043315 0.00119968  0.0269159
0.0433144 0.0011996 0.0269154
 0.0433138 0.00119953   0.026915
 0.0433132 0.00119946  0.0269146
 0.0433126 0.00119939  0.0269142
  0.043312 0.00119932  0.0269138
 0.0433114 0.00119925  0.0269133
 0.0433108 0.00119917  0.0269129
0.0433102 0.0011991 0.0269125
 0.0433096 0.00119903  0.0269121
 0.0433091 0.00119896  0.0269117
 0.0433085 0.00119889  0.0269113
 0.0433079 0.00119882  0.0269109
 0.0433073 0.00119875  0.0269105
 0.0433067 0.00119868  0.0269101
 0.0433062 0.00119861  0.0269097
 0.0433056 0.00119855  0.0269093
  0.043305 0.00119848  0.0269089
 0.0433045 0.00119841  0.0269085
 0.0433039 0.00119834  0.0269081
 0.0433033 0.00119827  0.0269077
0.0433028 0.0011982 0.0269073
 0.0433022 0.00119814  0.0269069
 0.0433017 0.00119807  0.0269065
0.0433011  0.001198 0.0269061
 0.0433005 0.00119793  0.0269057
    0.0433 0.00119787  0.0269053
0.0432994 0.0011978  0.026905
 0.0432989 0.00119773  0.0269046
 0.0432984 0.00119767  0.0269042
0.0432978 0.0011976 0.0269038
 0.0432973 0.00119753  0.0269034
 0.0432967 0.00119747   0.026903
0.0432962 0.0011974 0.0269027
 0.0432957 0.00119734  0.0269023
 0.0432951 0.00119727  0.0269019
 0.0432946 0.00119721  0.0269015
 0.0432941 0.00119714  0.0269012
 0.0432935 0.00119708  0.0269008
  0.043293 0.00119701  0.0269004
 0.0432925 0.00119695  0.0269001
  0.043292 0.00119689  0.0268997
 0.0432914 0.00119682  0.0268993
 0.0432909 0.00119676   0.026899
0.0432904 0.0011967 0.0268986
 0.0432899 0.00119663  0.0268982
 0.0432894 0.00119657  0.0268979
 0.0432889 0.00119651  0.0268975
 0.0432884 0.00119645  0.0268972
 0.0432879 0.00119638  0.0268968
 0.0432874 0.00119632  0.0268965
 0.0432869 0.00119626  0.0268961
0.0432864 0.0011962 0.0268958
 0.0432859 0.00119614  0.0268954
 0.0432854 0.00119607  0.0268951
 0.0432849 0.00119601  0.0268947
 0.0432844 0.00119595  0.0268944
 0.0432839 0.00119589   0.026894
 0.0432834 0.00119583  0.0268937
 0.0432829 0.00119577  0.0268933
 0.0432824 0.00119571   0.026893
 0.0432819 0.00119565  0.0268926
 0.0432814 0.00119559  0.0268923
  0.043281 0.00119553   0.026892
 0.0432805 0.00119547  0.0268916
   0.04328 0.00119541  0.0268913
 0.0432795 0.00119535  0.0268909
  0.043279 0.00119529  0.0268906
 0.0432786 0.00119524  0.0268903
 0.0432781 0.00119518  0.0268899
 0.0432776 0.00119512  0.0268896
 0.0432772 0.00119506  0.0268893
0.0432767  0.001195  0.026889
 0.0432762 0.00119495  0.0268886
 0.0432758 0.00119489  0.0268883
 0.0432753 0.00119483   0.026888
 0.0432748 0.00119477  0.0268877
 0.0432744 0.00119472  0.0268873
 0.0432739 0.00119466   0.026887
0.0432735 0.0011946 0.0268867
  0.043273 0.00119455  0.0268864
 0.0432726 0.00119449  0.0268861
 0.0432721 0.00119443  0.0268857
 0.0432717 0.00119438  0.0268854
 0.0432712 0.00119432  0.0268851
 0.0432708 0.00119427  0.0268848
 0.0432703 0.00119421  0.0268845
 0.0432699 0.00119416  0.0268842
0.0432694 0.0011941 0.0268839
  0.043269 0.00119405  0.0268835
 0.0432686 0.00119399  0.0268832
 0.0432681 0.00119394  0.0268829
 0.0432677 0.00119388  0.0268826
 0.0432673 0.00119383  0.0268823
 0.0432668 0.00119377   0.026882
 0.0432664 0.00119372  0.0268817
  0.043266 0.00119367  0.0268814
 0.0432656 0.00119361  0.0268811
 0.0432651 0.00119356  0.0268808
 0.0432647 0.00119351  0.0268805
 0.0432643 0.00119345  0.0268802
0.0432639 0.0011934 0.0268799
 0.0432634 0.00119335  0.0268796
  0.043263 0.00119329  0.0268793
 0.0432626 0.00119324   0.026879
 0.0432622 0.00119319  0.0268787
 0.0432618 0.00119314  0.0268784
 0.0432614 0.00119309  0.0268782
  0.043261 0.00119303  0.0268779
 0.0432605 0.00119298  0.0268776
 0.0432601 0.00119293  0.0268773
 0.0432597 0.00119288   0.026877
 0.0432593 0.00119283  0.0268767
 0.0432589 0.00119278  0.0268764
 0.0432585 0.00119273  0.0268761
 0.0432581 0.00119268  0.0268759
 0.0432577 0.00119262  0.0268756
 0.0432573 0.00119257  0.0268753
 0.0432569 0.00119252   0.026875
 0.0432565 0.00119247  0.0268747
 0.0432561 0.00119242  0.0268745
 0.0432557 0.00119237  0.0268742
 0.0432554 0.00119233  0.0268739
  0.043255 0.00119228  0.0268736
 0.0432546 0.00119223  0.0268734
 0.0432542 0.00119218  0.0268731
 0.0432538 0.00119213  0.0268728
 0.0432534 0.00119208  0.0268725
  0.043253 0.00119203  0.0268723
 0.0432527 0.00119198   0.026872
 0.0432523 0.00119193  0.0268717
 0.0432519 0.00119189  0.0268715
 0.0432515 0.00119184  0.0268712
 0.0432511 0.00119179  0.0268709
 0.0432508 0.00119174  0.0268707
 0.0432504 0.00119169  0.0268704
   0.04325 0.00119165  0.0268701
0.0432497 0.0011916 0.0268699
 0.0432493 0.00119155  0.0268696
 0.0432489 0.00119151  0.0268694
 0.0432485 0.00119146  0.0268691
 0.0432482 0.00119141  0.0268688
 0.0432478 0.00119137  0.0268686
 0.0432475 0.00119132  0.0268683
 0.0432471 0.00119127  0.0268681
 0.0432467 0.00119123  0.0268678
 0.0432464 0.00119118  0.0268676
  0.043246 0.00119113  0.0268673
 0.0432457 0.00119109  0.0268671
 0.0432453 0.00119104  0.0268668
0.0432449  0.001191 0.0268666
 0.0432446 0.00119095  0.0268663
 0.0432442 0.00119091  0.0268661
 0.0432439 0.00119086  0.0268658
 0.0432435 0.00119082  0.0268656
 0.0432432 0.00119077  0.0268653
 0.0432428 0.00119073  0.0268651
 0.0432425 0.00119068  0.0268648
 0.0432422 0.00119064  0.0268646
 0.0432418 0.00119059  0.0268643
 0.0432415 0.00119055  0.0268641
 0.0432411 0.00119051  0.0268638
 0.0432408 0.00119046  0.0268636
 0.0432405 0.00119042  0.0268634
 0.0432401 0.00119038  0.0268631
 0.0432398 0.00119033  0.0268629
 0.0432394 0.00119029  0.0268627
 0.0432391 0.00119025  0.0268624
0.0432388 0.0011902 0.0268622
 0.0432384 0.00119016  0.0268619
 0.0432381 0.00119012  0.0268617
 0.0432378 0.00119008  0.0268615
 0.0432375 0.00119003  0.0268612
 0.0432371 0.00118999   0.026861
 0.0432368 0.00118995  0.0268608
 0.0432365 0.00118991  0.0268606
 0.0432362 0.00118986  0.0268603
 0.0432358 0.00118982  0.0268601
 0.0432355 0.00118978  0.0268599
 0.0432352 0.00118974  0.0268596
0.0432349 0.0011897 0.0268594
 0.0432346 0.00118966  0.0268592
 0.0432342 0.00118962   0.026859
 0.0432339 0.00118957  0.0268587
 0.0432336 0.00118953  0.0268585
 0.0432333 0.00118949  0.0268583
  0.043233 0.00118945  0.0268581
 0.0432327 0.00118941  0.0268578
 0.0432324 0.00118937  0.0268576
  0.043232 0.00118933  0.0268574
 0.0432317 0.00118929  0.0268572
 0.0432314 0.00118925   0.026857
 0.0432311 0.00118921  0.0268568
 0.0432308 0.00118917  0.0268565
 0.0432305 0.00118913  0.0268563
 0.0432302 0.00118909  0.0268561
 0.0432299 0.00118905  0.0268559
 0.0432296 0.00118901  0.0268557
 0.0432293 0.00118897  0.0268555
  0.043229 0.00118893  0.0268553
0.0432287 0.0011889  0.026855
 0.0432284 0.00118886  0.0268548
 0.0432281 0.00118882  0.0268546
 0.0432278 0.00118878  0.0268544
 0.0432275 0.00118874  0.0268542
0.0432272 0.0011887  0.026854
 0.0432269 0.00118866  0.0268538
 0.0432266 0.00118863  0.0268536
 0.0432264 0.00118859  0.0268534
 0.0432261 0.00118855  0.0268532
 0.0432258 0.00118851   0.026853
 0.0432255 0.00118848  0.0268528
 0.0432252 0.00118844  0.0268526
0.0432249 0.0011884 0.0268524
 0.0432246 0.00118836  0.0268522
 0.0432244 0.00118833  0.0268519
 0.0432241 0.00118829  0.0268517
 0.0432238 0.00118825  0.0268515
 0.0432235 0.00118822  0.0268513
 0.0432232 0.00118818  0.0268512
  0.043223 0.00118814   0.026851
 0.0432227 0.00118811  0.0268508
 0.0432224 0.00118807  0.0268506
 0.0432221 0.00118803  0.0268504
0.0432218  0.001188 0.0268502
 0.0432216 0.00118796    0.02685
 0.0432213 0.00118793  0.0268498
  0.043221 0.00118789  0.0268496
 0.0432208 0.00118785  0.0268494
 0.0432205 0.00118782  0.0268492
 0.0432202 0.00118778   0.026849
 0.0432199 0.00118775  0.0268488
 0.0432197 0.00118771  0.0268486
 0.0432194 0.00118768  0.0268484
 0.0432191 0.00118764  0.0268483
 0.0432189 0.00118761  0.0268481
 0.0432186 0.00118757  0.0268479
 0.0432184 0.00118754  0.0268477
0.0432181 0.0011875 0.0268475
 0.0432178 0.00118747  0.0268473
 0.0432176 0.00118743  0.0268471
0.0432173 0.0011874 0.0268469
 0.0432171 0.00118737  0.0268468
 0.0432168 0.00118733  0.0268466
0.0432165 0.0011873 0.0268464
 0.0432163 0.00118726  0.0268462
  0.043216 0.00118723   0.026846
0.0432158 0.0011872 0.0268459
 0.0432155 0.00118716  0.0268457
 0.0432153 0.00118713  0.0268455
 0.043215 0.0011871 0.0268453
 0.0432148 0.00118706  0.0268451
 0.0432145 0.00118703   0.026845
0.0432143  0.001187 0.0268448
  0.043214 0.00118696  0.0268446
 0.0432138 0.00118693  0.0268444
0.0432135 0.0011869 0.0268443
 0.0432133 0.00118686  0.0268441
  0.043213 0.00118683  0.0268439
0.0432128 0.0011868 0.0268437
 0.0432125 0.00118677  0.0268436
 0.0432123 0.00118674  0.0268434
0.0432121 0.0011867 0.0268432
 0.0432118 0.00118667   0.026843
 0.0432116 0.00118664  0.0268429
 0.0432113 0.00118661  0.0268427
 0.0432111 0.00118658  0.0268425
 0.0432109 0.00118654  0.0268424
 0.0432106 0.00118651  0.0268422
 0.0432104 0.00118648   0.026842
 0.0432102 0.00118645  0.0268419
 0.0432099 0.00118642  0.0268417
 0.0432097 0.00118639  0.0268415
 0.0432095 0.00118636  0.0268414
 0.0432092 0.00118632  0.0268412
  0.043209 0.00118629   0.026841
 0.0432088 0.00118626  0.0268409
 0.0432085 0.00118623  0.0268407
0.0432083 0.0011862 0.0268405
 0.0432081 0.00118617  0.0268404
 0.0432078 0.00118614  0.0268402
 0.0432076 0.00118611    0.02684
 0.0432074 0.00118608  0.0268399
 0.0432072 0.00118605  0.0268397
 0.0432069 0.00118602  0.0268396
 0.0432067 0.00118599  0.0268394
 0.0432065 0.00118596  0.0268392
 0.0432063 0.00118593  0.0268391
0.0432061 0.0011859 0.0268389
 0.0432058 0.00118587  0.0268388
 0.0432056 0.00118584  0.0268386
 0.0432054 0.00118581  0.0268385
 0.0432052 0.00118578  0.0268383
  0.043205 0.00118575  0.0268382
 0.0432047 0.00118572   0.026838
0.0432045 0.0011857 0.0268378
 0.0432043 0.00118567  0.0268377
 0.0432041 0.00118564  0.0268375
 0.0432039 0.00118561  0.0268374
 0.0432037 0.00118558  0.0268372
 0.0432035 0.00118555  0.0268371
 0.0432032 0.00118552  0.0268369
  0.043203 0.00118549  0.0268368
 0.0432028 0.00118547  0.0268366
 0.0432026 0.00118544  0.0268365
 0.0432024 0.00118541  0.0268363
 0.0432022 0.00118538  0.0268362
  0.043202 0.00118535   0.026836
 0.0432018 0.00118533  0.0268359
0.0432016 0.0011853 0.0268357
 0.0432014 0.00118527  0.0268356
 0.0432012 0.00118524  0.0268354
  0.043201 0.00118522  0.0268353
 0.0432007 0.00118519  0.0268352
 0.0432005 0.00118516   0.026835
 0.0432003 0.00118513  0.0268349
 0.0432001 0.00118511  0.0268347
 0.0431999 0.00118508  0.0268346
 0.0431997 0.00118505  0.0268344
 0.0431995 0.00118502  0.0268343
0.0431993  0.001185 0.0268341
 0.0431991 0.00118497   0.026834
 0.0431989 0.00118494  0.0268339
 0.0431987 0.00118492  0.0268337
 0.0431985 0.00118489  0.0268336
 0.0431984 0.00118486  0.0268334
 0.0431982 0.00118484  0.0268333
  0.043198 0.00118481  0.0268332
 0.0431978 0.00118479   0.026833
 0.0431976 0.00118476  0.0268329
 0.0431974 0.00118473  0.0268328
 0.0431972 0.00118471  0.0268326
  0.043197 0.00118468  0.0268325
 0.0431968 0.00118466  0.0268323
 0.0431966 0.00118463  0.0268322
0.0431964 0.0011846 0.0268321
 0.0431962 0.00118458  0.0268319
