   0.290098 -0.00668686     1.97147    0.289022   -0.299932     1.96844     -1.3475
   0.291013 -0.00491321     1.97191    0.288763   -0.299069     1.96941    -1.34805
   0.291654 -0.00355742     1.97215    0.288393   -0.298528     1.97019    -1.34865
   0.292122 -0.00250966     1.97227    0.287959   -0.298202     1.97083    -1.34927
   0.292482 -0.00169062      1.9723    0.287487   -0.298019     1.97138    -1.34988
   0.292775 -0.00104301     1.97228    0.286993    -0.29793     1.97187    -1.35048
   0.293027 -0.00052539     1.97223    0.286488   -0.297904     1.97232    -1.35106
    0.293254 -0.000107642      1.97217     0.285975    -0.297919      1.97273     -1.35161
   0.293467 0.000232223      1.9721    0.285459   -0.297958     1.97312    -1.35213
   0.293672 0.000510382     1.97202    0.284941   -0.298014     1.97349    -1.35261
   0.293874 0.000738851     1.97194    0.284422   -0.298079     1.97384    -1.35307
   0.294074 0.000926653     1.97187    0.283903   -0.298149     1.97419     -1.3535
  0.294275 0.00108066     1.9718   0.283384  -0.298221    1.97452   -1.35389
  0.294476 0.00120619    1.97174   0.282866  -0.298293    1.97484   -1.35426
 0.294679 0.0013074   1.97168  0.282348 -0.298364   1.97516  -1.35461
  0.294883 0.00138764    1.97162   0.281832  -0.298433    1.97547   -1.35493
  0.295089 0.00144961    1.97157   0.281316  -0.298501    1.97577   -1.35523
  0.295296 0.00149555    1.97153   0.280801  -0.298566    1.97607   -1.35551
  0.295504 0.00152733    1.97149   0.280287  -0.298629    1.97637   -1.35577
  0.295713 0.00154655    1.97145   0.279775  -0.298689    1.97666   -1.35601
  0.295922 0.00155458    1.97142   0.279263  -0.298748    1.97695   -1.35624
  0.296133 0.00155261    1.97139   0.278753  -0.298804    1.97723   -1.35646
  0.296343 0.00154168    1.97136   0.278245  -0.298859    1.97752   -1.35666
  0.296554 0.00152273    1.97134   0.277738  -0.298911     1.9778   -1.35685
  0.296765 0.00149657    1.97132   0.277232  -0.298963    1.97807   -1.35703
  0.296976 0.00146393     1.9713   0.276728  -0.299012    1.97835   -1.35721
  0.297187 0.00142547    1.97128   0.276225   -0.29906    1.97862   -1.35737
  0.297398 0.00138177    1.97127   0.275724  -0.299107    1.97889   -1.35752
  0.297609 0.00133336    1.97125   0.275225  -0.299153    1.97916   -1.35767
  0.297819 0.00128072    1.97124   0.274727  -0.299197    1.97943   -1.35781
  0.298028 0.00122428    1.97123    0.27423  -0.299241     1.9797   -1.35794
  0.298238 0.00116443    1.97123   0.273736  -0.299283    1.97996   -1.35807
  0.298447 0.00110152    1.97122   0.273243  -0.299325    1.98022    -1.3582
  0.298655 0.00103587    1.97121   0.272752  -0.299366    1.98048   -1.35832
   0.298863 0.000967762     1.97121    0.272262   -0.299406     1.98074    -1.35843
    0.29907 0.000897462     1.97121    0.271774   -0.299446       1.981    -1.35854
   0.299277 0.000825205      1.9712    0.271288   -0.299485     1.98126    -1.35865
   0.299482 0.000751204      1.9712    0.270804   -0.299523     1.98152    -1.35876
   0.299688 0.000675653      1.9712    0.270321   -0.299561     1.98177    -1.35886
   0.299892 0.000598728      1.9712     0.26984   -0.299599     1.98203    -1.35896
   0.300096 0.000520588      1.9712    0.269361   -0.299636     1.98228    -1.35905
   0.300299 0.000441377      1.9712    0.268884   -0.299672     1.98253    -1.35915
   0.300502 0.000361226      1.9712    0.268408   -0.299709     1.98278    -1.35924
   0.300704 0.000280253      1.9712    0.267934   -0.299745     1.98303    -1.35933
   0.300905 0.000198566      1.9712    0.267462    -0.29978     1.98328    -1.35942
   0.301105 0.000116261      1.9712    0.266991   -0.299816     1.98353    -1.35951
   0.301305 3.34261e-05     1.97121    0.266522   -0.299851     1.98378    -1.35959
    0.301504 -4.98582e-05      1.97121     0.266055    -0.299885      1.98402     -1.35967
   0.301702 -0.00013352     1.97121     0.26559    -0.29992     1.98427    -1.35976
    0.301899 -0.000217494      1.97122     0.265126    -0.299954      1.98451     -1.35984
    0.302096 -0.000301721      1.97122     0.264664    -0.299988      1.98475     -1.35992
    0.302292 -0.000386147      1.97122     0.264204    -0.300022      1.98499        -1.36
    0.302487 -0.000470723      1.97123     0.263746    -0.300056      1.98523     -1.36008
    0.302682 -0.000555407      1.97123     0.263289    -0.300089      1.98547     -1.36016
    0.302876 -0.000640158      1.97123     0.262834    -0.300123      1.98571     -1.36023
   0.303069 -0.00072494     1.97124     0.26238   -0.300156     1.98595    -1.36031
   0.303261 -0.00080972     1.97124    0.261928   -0.300189     1.98619    -1.36038
    0.303453 -0.000894471      1.97125     0.261478    -0.300222      1.98642     -1.36046
    0.303644 -0.000979164      1.97125      0.26103    -0.300254      1.98666     -1.36053
   0.303834 -0.00106378     1.97125    0.260583   -0.300287     1.98689    -1.36061
   0.304024 -0.00114828     1.97126    0.260138   -0.300319     1.98713    -1.36068
   0.304213 -0.00123267     1.97126    0.259695   -0.300352     1.98736    -1.36075
   0.304401 -0.00131692     1.97127    0.259253   -0.300384     1.98759    -1.36082
   0.304588 -0.00140101     1.97127    0.258813   -0.300416     1.98782    -1.36089
   0.304775 -0.00148493     1.97128    0.258375   -0.300448     1.98805    -1.36096
   0.304961 -0.00156867     1.97128    0.257938    -0.30048     1.98828    -1.36104
   0.305146 -0.00165222     1.97129    0.257503   -0.300512     1.98851    -1.36111
   0.305331 -0.00173556     1.97129    0.257069   -0.300543     1.98874    -1.36117
   0.305515 -0.00181869      1.9713    0.256637   -0.300575     1.98896    -1.36124
   0.305698 -0.00190159      1.9713    0.256207   -0.300606     1.98919    -1.36131
   0.305881 -0.00198427     1.97131    0.255778   -0.300638     1.98941    -1.36138
   0.306063 -0.00206671     1.97131    0.255351   -0.300669     1.98964    -1.36145
  0.306244 -0.0021489    1.97131   0.254925    -0.3007    1.98986   -1.36152
   0.306425 -0.00223086     1.97132    0.254501   -0.300732     1.99008    -1.36158
   0.306604 -0.00231255     1.97132    0.254079   -0.300763      1.9903    -1.36165
 0.306784 -0.002394   1.97133  0.253658 -0.300793   1.99052  -1.36172
   0.306962 -0.00247518     1.97133    0.253239   -0.300824     1.99074    -1.36179
   0.30714 -0.0025561    1.97134   0.252821  -0.300855    1.99096   -1.36185
   0.307317 -0.00263676     1.97134    0.252405   -0.300886     1.99118    -1.36192
   0.307494 -0.00271714     1.97135     0.25199   -0.300916      1.9914    -1.36198
    0.30767 -0.00279726     1.97135    0.251577   -0.300947     1.99161    -1.36205
   0.307845 -0.00287711     1.97136    0.251165   -0.300977     1.99183    -1.36211
   0.308019 -0.00295668     1.97136    0.250755   -0.301008     1.99204    -1.36218
   0.308193 -0.00303598     1.97137    0.250347   -0.301038     1.99226    -1.36224
 0.308367 -0.003115   1.97137   0.24994 -0.301068   1.99247  -1.36231
   0.308539 -0.00319375     1.97138    0.249534   -0.301098     1.99268    -1.36237
   0.308711 -0.00327222     1.97138     0.24913   -0.301129     1.99289    -1.36244
   0.308883 -0.00335041     1.97139    0.248728   -0.301159      1.9931     -1.3625
   0.309053 -0.00342832     1.97139    0.248327   -0.301188     1.99331    -1.36256
   0.309223 -0.00350596      1.9714    0.247928   -0.301218     1.99352    -1.36263
   0.309393 -0.00358332      1.9714    0.247529   -0.301248     1.99373    -1.36269
  0.309562 -0.0036604    1.97141   0.247133  -0.301278    1.99394   -1.36275
   0.30973 -0.0037372    1.97141   0.246738  -0.301307    1.99415   -1.36281
   0.309898 -0.00381372     1.97142    0.246344   -0.301337     1.99435    -1.36288
   0.310065 -0.00388997     1.97142    0.245952   -0.301366     1.99456    -1.36294
   0.310231 -0.00396594     1.97143    0.245561   -0.301396     1.99476      -1.363
   0.310397 -0.00404163     1.97143    0.245172   -0.301425     1.99496    -1.36306
   0.310562 -0.00411705     1.97143    0.244784   -0.301454     1.99517    -1.36312
   0.310726 -0.00419219     1.97144    0.244398   -0.301484     1.99537    -1.36318
    0.31089 -0.00426706     1.97144    0.244013   -0.301513     1.99557    -1.36324
   0.311053 -0.00434165     1.97145    0.243629   -0.301542     1.99577     -1.3633
   0.311216 -0.00441597     1.97145    0.243247   -0.301571     1.99597    -1.36337
   0.311378 -0.00449001     1.97146    0.242866     -0.3016     1.99617    -1.36343
    0.31154 -0.00456379     1.97146    0.242487   -0.301629     1.99637    -1.36349
   0.311701 -0.00463729     1.97147    0.242109   -0.301657     1.99657    -1.36355
   0.311861 -0.00471052     1.97147    0.241732   -0.301686     1.99676     -1.3636
   0.312021 -0.00478348     1.97148    0.241357   -0.301715     1.99696    -1.36366
    0.31218 -0.00485618     1.97148    0.240984   -0.301743     1.99716    -1.36372
  0.312338 -0.0049286    1.97149   0.240611  -0.301772    1.99735   -1.36378
   0.312496 -0.00500076     1.97149     0.24024     -0.3018     1.99754    -1.36384
   0.312654 -0.00507265      1.9715     0.23987   -0.301829     1.99774     -1.3639
   0.312811 -0.00514428      1.9715    0.239502   -0.301857     1.99793    -1.36396
   0.312967 -0.00521564      1.9715    0.239135   -0.301885     1.99812    -1.36402
   0.313122 -0.00528674     1.97151     0.23877   -0.301913     1.99831    -1.36407
   0.313277 -0.00535757     1.97151    0.238405   -0.301941      1.9985    -1.36413
   0.313432 -0.00542815     1.97152    0.238042   -0.301969     1.99869    -1.36419
   0.313586 -0.00549846     1.97152    0.237681   -0.301997     1.99888    -1.36425
   0.313739 -0.00556851     1.97153     0.23732   -0.302025     1.99907     -1.3643
   0.313892 -0.00563831     1.97153    0.236961   -0.302053     1.99926    -1.36436
   0.314044 -0.00570785     1.97154    0.236604   -0.302081     1.99944    -1.36442
   0.314196 -0.00577713     1.97154    0.236247   -0.302109     1.99963    -1.36447
   0.314347 -0.00584615     1.97155    0.235892   -0.302136     1.99982    -1.36453
   0.314498 -0.00591492     1.97155    0.235539   -0.302164           2    -1.36459
   0.314648 -0.00598343     1.97155    0.235186   -0.302191     2.00018    -1.36464
   0.314797 -0.00605169     1.97156    0.234835   -0.302219     2.00037     -1.3647
  0.314946 -0.0061197    1.97156   0.234485  -0.302246    2.00055   -1.36475
   0.315095 -0.00618746     1.97157    0.234137   -0.302274     2.00073    -1.36481
   0.315243 -0.00625497     1.97157    0.233789   -0.302301     2.00091    -1.36486
    0.31539 -0.00632223     1.97158    0.233443   -0.302328      2.0011    -1.36492
   0.315537 -0.00638924     1.97158    0.233099   -0.302355     2.00128    -1.36497
 0.315683 -0.006456   1.97159  0.232755 -0.302382   2.00145  -1.36503
   0.315829 -0.00652251     1.97159    0.232413   -0.302409     2.00163    -1.36508
   0.315974 -0.00658878      1.9716    0.232072   -0.302436     2.00181    -1.36514
   0.316118 -0.00665481      1.9716    0.231732   -0.302463     2.00199    -1.36519
   0.316263 -0.00672059      1.9716    0.231393    -0.30249     2.00217    -1.36524
   0.316406 -0.00678613     1.97161    0.231056   -0.302517     2.00234     -1.3653
   0.316549 -0.00685143     1.97161     0.23072   -0.302543     2.00252    -1.36535
   0.316692 -0.00691648     1.97162    0.230385    -0.30257     2.00269     -1.3654
  0.316834 -0.0069813    1.97162   0.230052  -0.302597    2.00287   -1.36546
   0.316975 -0.00704588     1.97163    0.229719   -0.302623     2.00304    -1.36551
   0.317116 -0.00711022     1.97163    0.229388    -0.30265     2.00321    -1.36556
   0.317257 -0.00717432     1.97164    0.229058   -0.302676     2.00338    -1.36562
   0.317397 -0.00723819     1.97164    0.228729   -0.302702     2.00356    -1.36567
   0.317536 -0.00730182     1.97164    0.228402   -0.302729     2.00373    -1.36572
   0.317675 -0.00736521     1.97165    0.228075   -0.302755      2.0039    -1.36577
   0.317814 -0.00742837     1.97165     0.22775   -0.302781     2.00407    -1.36582
  0.317952 -0.0074913    1.97166   0.227426  -0.302807    2.00424   -1.36588
 0.318089 -0.007554   1.97166  0.227103 -0.302833   2.00441  -1.36593
   0.318226 -0.00761647     1.97167    0.226782   -0.302859     2.00457    -1.36598
   0.318362 -0.00767871     1.97167    0.226461   -0.302885     2.00474    -1.36603
   0.318498 -0.00774071     1.97167    0.226142   -0.302911     2.00491    -1.36608
   0.318634 -0.00780249     1.97168    0.225824   -0.302937     2.00507    -1.36613
   0.318769 -0.00786405     1.97168    0.225507   -0.302962     2.00524    -1.36618
   0.318903 -0.00792537     1.97169    0.225191   -0.302988      2.0054    -1.36623
   0.319037 -0.00798647     1.97169    0.224876   -0.303014     2.00557    -1.36628
   0.319171 -0.00804735      1.9717    0.224562   -0.303039     2.00573    -1.36633
 0.319304 -0.008108    1.9717   0.22425 -0.303065   2.00589  -1.36638
   0.319436 -0.00816843     1.97171    0.223939    -0.30309     2.00606    -1.36643
   0.319568 -0.00822863     1.97171    0.223629   -0.303115     2.00622    -1.36648
     0.3197 -0.00828862     1.97171    0.223319   -0.303141     2.00638    -1.36653
   0.319831 -0.00834838     1.97172    0.223012   -0.303166     2.00654    -1.36658
   0.319962 -0.00840793     1.97172    0.222705   -0.303191      2.0067    -1.36663
   0.320092 -0.00846725     1.97173    0.222399   -0.303216     2.00686    -1.36668
   0.320221 -0.00852636     1.97173    0.222094   -0.303241     2.00702    -1.36673
   0.320351 -0.00858525     1.97174    0.221791   -0.303266     2.00718    -1.36677
   0.320479 -0.00864393     1.97174    0.221489   -0.303291     2.00733    -1.36682
   0.320608 -0.00870238     1.97174    0.221187   -0.303316     2.00749    -1.36687
   0.320735 -0.00876063     1.97175    0.220887   -0.303341     2.00765    -1.36692
   0.320863 -0.00881866     1.97175    0.220588   -0.303366      2.0078    -1.36697
    0.32099 -0.00887648     1.97176     0.22029   -0.303391     2.00796    -1.36701
   0.321116 -0.00893408     1.97176    0.219993   -0.303415     2.00811    -1.36706
   0.321242 -0.00899148     1.97177    0.219697    -0.30344     2.00827    -1.36711
   0.321368 -0.00904866     1.97177    0.219402   -0.303465     2.00842    -1.36716
   0.321493 -0.00910563     1.97178    0.219108   -0.303489     2.00858     -1.3672
  0.321617 -0.0091624    1.97178   0.218816  -0.303514    2.00873   -1.36725
   0.321741 -0.00921895     1.97178    0.218524   -0.303538     2.00888     -1.3673
  0.321865 -0.0092753    1.97179   0.218234  -0.303563    2.00903   -1.36734
   0.321988 -0.00933144     1.97179    0.217944   -0.303587     2.00918    -1.36739
   0.322111 -0.00938738      1.9718    0.217656   -0.303611     2.00933    -1.36744
   0.322234 -0.00944311      1.9718    0.217368   -0.303635     2.00948    -1.36748
   0.322356 -0.00949864     1.97181    0.217082   -0.303659     2.00963    -1.36753
   0.322477 -0.00955396     1.97181    0.216796   -0.303684     2.00978    -1.36757
   0.322598 -0.00960908     1.97181    0.216512   -0.303708     2.00993    -1.36762
 0.322719 -0.009664   1.97182  0.216229 -0.303732   2.01008  -1.36767
   0.322839 -0.00971872     1.97182    0.215946   -0.303755     2.01022    -1.36771
   0.322959 -0.00977323     1.97183    0.215665   -0.303779     2.01037    -1.36776
   0.323078 -0.00982755     1.97183    0.215385   -0.303803     2.01052     -1.3678
   0.323197 -0.00988167     1.97184    0.215106   -0.303827     2.01066    -1.36785
   0.323315 -0.00993559     1.97184    0.214827   -0.303851     2.01081    -1.36789
   0.323433 -0.00998931     1.97184     0.21455   -0.303874     2.01095    -1.36793
  0.323551 -0.0100428    1.97185   0.214274  -0.303898     2.0111   -1.36798
  0.323668 -0.0100962    1.97185   0.213999  -0.303922    2.01124   -1.36802
  0.323785 -0.0101493    1.97186   0.213724  -0.303945    2.01138   -1.36807
  0.323901 -0.0102022    1.97186   0.213451  -0.303968    2.01152   -1.36811
 0.324017 -0.010255   1.97187  0.213179 -0.303992   2.01167  -1.36815
  0.324133 -0.0103075    1.97187   0.212907  -0.304015    2.01181    -1.3682
  0.324248 -0.0103599    1.97188   0.212637  -0.304039    2.01195   -1.36824
  0.324363 -0.0104121    1.97188   0.212368  -0.304062    2.01209   -1.36828
  0.324477 -0.0104641    1.97188   0.212099  -0.304085    2.01223   -1.36833
  0.324591 -0.0105158    1.97189   0.211832  -0.304108    2.01237   -1.36837
  0.324704 -0.0105674    1.97189   0.211566  -0.304131    2.01251   -1.36841
  0.324817 -0.0106189     1.9719     0.2113  -0.304154    2.01264   -1.36846
   0.32493 -0.0106701     1.9719   0.211035  -0.304177    2.01278    -1.3685
  0.325042 -0.0107211    1.97191   0.210772    -0.3042    2.01292   -1.36854
 0.325154 -0.010772   1.97191  0.210509 -0.304223   2.01306  -1.36858
  0.325265 -0.0108226    1.97191   0.210248  -0.304246    2.01319   -1.36863
  0.325377 -0.0108731    1.97192   0.209987  -0.304269    2.01333   -1.36867
  0.325487 -0.0109234    1.97192   0.209727  -0.304291    2.01346   -1.36871
  0.325597 -0.0109735    1.97193   0.209468  -0.304314     2.0136   -1.36875
  0.325707 -0.0110234    1.97193    0.20921  -0.304337    2.01373   -1.36879
  0.325817 -0.0110732    1.97194   0.208953  -0.304359    2.01387   -1.36883
  0.325926 -0.0111227    1.97194   0.208697  -0.304382      2.014   -1.36888
  0.326034 -0.0111721    1.97194   0.208442  -0.304404    2.01413   -1.36892
  0.326143 -0.0112213    1.97195   0.208187  -0.304427    2.01426   -1.36896
  0.326251 -0.0112703    1.97195   0.207934  -0.304449     2.0144     -1.369
  0.326358 -0.0113192    1.97196   0.207682  -0.304472    2.01453   -1.36904
  0.326465 -0.0113678    1.97196    0.20743  -0.304494    2.01466   -1.36908
  0.326572 -0.0114163    1.97197   0.207179  -0.304516    2.01479   -1.36912
  0.326678 -0.0114646    1.97197    0.20693  -0.304538    2.01492   -1.36916
  0.326784 -0.0115128    1.97198   0.206681  -0.304561    2.01505    -1.3692
   0.32689 -0.0115607    1.97198   0.206433  -0.304583    2.01518   -1.36924
  0.326995 -0.0116085    1.97198   0.206186  -0.304605    2.01531   -1.36928
    0.3271 -0.0116561    1.97199    0.20594  -0.304627    2.01543   -1.36932
  0.327204 -0.0117035    1.97199   0.205694  -0.304649    2.01556   -1.36936
  0.327309 -0.0117508      1.972    0.20545  -0.304671    2.01569    -1.3694
  0.327412 -0.0117979      1.972   0.205206  -0.304693    2.01582   -1.36944
  0.327516 -0.0118448    1.97201   0.204964  -0.304714    2.01594   -1.36948
  0.327619 -0.0118915    1.97201   0.204722  -0.304736    2.01607   -1.36952
  0.327721 -0.0119381    1.97201   0.204481  -0.304758    2.01619   -1.36956
  0.327823 -0.0119845    1.97202   0.204241   -0.30478    2.01632   -1.36959
  0.327925 -0.0120307    1.97202   0.204001  -0.304801    2.01644   -1.36963
  0.328027 -0.0120768    1.97203   0.203763  -0.304823    2.01657   -1.36967
  0.328128 -0.0121227    1.97203   0.203526  -0.304844    2.01669   -1.36971
  0.328229 -0.0121684    1.97204   0.203289  -0.304866    2.01681   -1.36975
 0.328329 -0.012214   1.97204  0.203053 -0.304887   2.01694  -1.36979
  0.328429 -0.0122594    1.97205   0.202818  -0.304909    2.01706   -1.36982
  0.328529 -0.0123046    1.97205   0.202584   -0.30493    2.01718   -1.36986
  0.328628 -0.0123497    1.97205   0.202351  -0.304951     2.0173    -1.3699
  0.328727 -0.0123946    1.97206   0.202118  -0.304973    2.01742   -1.36994
  0.328826 -0.0124393    1.97206   0.201887  -0.304994    2.01754   -1.36997
  0.328924 -0.0124839    1.97207   0.201656  -0.305015    2.01766   -1.37001
  0.329022 -0.0125283    1.97207   0.201426  -0.305036    2.01778   -1.37005
   0.32912 -0.0125726    1.97208   0.201197  -0.305057     2.0179   -1.37009
  0.329217 -0.0126166    1.97208   0.200968  -0.305078    2.01802   -1.37012
  0.329314 -0.0126606    1.97209   0.200741  -0.305099    2.01814   -1.37016
  0.329411 -0.0127043    1.97209   0.200514   -0.30512    2.01826    -1.3702
  0.329507 -0.0127479    1.97209   0.200288  -0.305141    2.01837   -1.37023
  0.329603 -0.0127914     1.9721   0.200063  -0.305162    2.01849   -1.37027
  0.329698 -0.0128347     1.9721   0.199839  -0.305183    2.01861   -1.37031
  0.329793 -0.0128778    1.97211   0.199615  -0.305204    2.01872   -1.37034
  0.329888 -0.0129208    1.97211   0.199392  -0.305224    2.01884   -1.37038
  0.329983 -0.0129636    1.97212   0.199171  -0.305245    2.01896   -1.37041
  0.330077 -0.0130063    1.97212   0.198949  -0.305266    2.01907   -1.37045
  0.330171 -0.0130488    1.97213   0.198729  -0.305286    2.01919   -1.37049
  0.330264 -0.0130911    1.97213    0.19851  -0.305307     2.0193   -1.37052
  0.330358 -0.0131333    1.97213   0.198291  -0.305327    2.01941   -1.37056
   0.33045 -0.0131754    1.97214   0.198073  -0.305348    2.01953   -1.37059
  0.330543 -0.0132172    1.97214   0.197856  -0.305368    2.01964   -1.37063
 0.330635 -0.013259   1.97215  0.197639 -0.305389   2.01975  -1.37066
  0.330727 -0.0133006    1.97215   0.197424  -0.305409    2.01986    -1.3707
 0.330819 -0.013342   1.97216  0.197209 -0.305429   2.01998  -1.37073
   0.33091 -0.0133833    1.97216   0.196995   -0.30545    2.02009   -1.37077
  0.331001 -0.0134244    1.97217   0.196781   -0.30547     2.0202    -1.3708
  0.331091 -0.0134654    1.97217   0.196569   -0.30549    2.02031   -1.37084
  0.331181 -0.0135062    1.97218   0.196357   -0.30551    2.02042   -1.37087
  0.331271 -0.0135469    1.97218   0.196146   -0.30553    2.02053    -1.3709
  0.331361 -0.0135874    1.97218   0.195936   -0.30555    2.02064   -1.37094
   0.33145 -0.0136278    1.97219   0.195726   -0.30557    2.02075   -1.37097
  0.331539 -0.0136681    1.97219   0.195517   -0.30559    2.02086   -1.37101
  0.331628 -0.0137082     1.9722   0.195309   -0.30561    2.02096   -1.37104
  0.331716 -0.0137481     1.9722   0.195102   -0.30563    2.02107   -1.37107
  0.331804 -0.0137879    1.97221   0.194895   -0.30565    2.02118   -1.37111
  0.331892 -0.0138276    1.97221   0.194689   -0.30567    2.02129   -1.37114
  0.331979 -0.0138671    1.97222   0.194484   -0.30569    2.02139   -1.37117
  0.332066 -0.0139064    1.97222    0.19428  -0.305709     2.0215   -1.37121
  0.332153 -0.0139457    1.97223   0.194076  -0.305729     2.0216   -1.37124
   0.33224 -0.0139847    1.97223   0.193873  -0.305749    2.02171   -1.37127
  0.332326 -0.0140237    1.97223   0.193671  -0.305768    2.02181   -1.37131
  0.332412 -0.0140625    1.97224   0.193469  -0.305788    2.02192   -1.37134
  0.332497 -0.0141011    1.97224   0.193269  -0.305807    2.02202   -1.37137
  0.332582 -0.0141396    1.97225   0.193068  -0.305827    2.02213    -1.3714
 0.332667 -0.014178   1.97225  0.192869 -0.305846   2.02223  -1.37144
  0.332752 -0.0142163    1.97226    0.19267  -0.305866    2.02233   -1.37147
  0.332836 -0.0142543    1.97226   0.192473  -0.305885    2.02244    -1.3715
   0.33292 -0.0142923    1.97227   0.192275  -0.305904    2.02254   -1.37153
  0.333004 -0.0143301    1.97227   0.192079  -0.305924    2.02264   -1.37157
  0.333088 -0.0143678    1.97228   0.191883  -0.305943    2.02274    -1.3716
  0.333171 -0.0144053    1.97228   0.191688  -0.305962    2.02285   -1.37163
  0.333254 -0.0144427    1.97228   0.191493  -0.305981    2.02295   -1.37166
0.333336 -0.01448  1.97229   0.1913   -0.306  2.02305 -1.37169
  0.333418 -0.0145171    1.97229   0.191106   -0.30602    2.02315   -1.37172
    0.3335 -0.0145541     1.9723   0.190914  -0.306039    2.02325   -1.37176
 0.333582 -0.014591    1.9723  0.190722 -0.306058   2.02335  -1.37179
  0.333663 -0.0146277    1.97231   0.190531  -0.306077    2.02345   -1.37182
  0.333745 -0.0146643    1.97231   0.190341  -0.306096    2.02354   -1.37185
  0.333825 -0.0147008    1.97232   0.190151  -0.306114    2.02364   -1.37188
  0.333906 -0.0147371    1.97232   0.189962  -0.306133    2.02374   -1.37191
  0.333986 -0.0147733    1.97233   0.189774  -0.306152    2.02384   -1.37194
  0.334066 -0.0148094    1.97233   0.189586  -0.306171    2.02394   -1.37197
  0.334146 -0.0148453    1.97234   0.189399   -0.30619    2.02403     -1.372
  0.334225 -0.0148811    1.97234   0.189213  -0.306208    2.02413   -1.37203
  0.334304 -0.0149168    1.97235   0.189027  -0.306227    2.02423   -1.37206
  0.334383 -0.0149523    1.97235   0.188842  -0.306246    2.02432   -1.37209
  0.334462 -0.0149877    1.97235   0.188658  -0.306264    2.02442   -1.37212
  0.33454 -0.015023   1.97236  0.188474 -0.306283   2.02451  -1.37215
  0.334618 -0.0150581    1.97236   0.188291  -0.306301    2.02461   -1.37218
  0.334696 -0.0150932    1.97237   0.188109   -0.30632     2.0247   -1.37221
  0.334773 -0.0151281    1.97237   0.187927  -0.306338     2.0248   -1.37224
   0.33485 -0.0151628    1.97238   0.187746  -0.306357    2.02489   -1.37227
  0.334927 -0.0151975    1.97238   0.187566  -0.306375    2.02499    -1.3723
 0.335004 -0.015232   1.97239  0.187386 -0.306394   2.02508  -1.37233
   0.33508 -0.0152664    1.97239   0.187207  -0.306412    2.02517   -1.37236
  0.335156 -0.0153006     1.9724   0.187028   -0.30643    2.02526   -1.37239
  0.335232 -0.0153348     1.9724    0.18685  -0.306448    2.02536   -1.37242
  0.335308 -0.0153688    1.97241   0.186673  -0.306467    2.02545   -1.37245
  0.335383 -0.0154027    1.97241   0.186496  -0.306485    2.02554   -1.37248
  0.335458 -0.0154364    1.97242    0.18632  -0.306503    2.02563    -1.3725
  0.335533 -0.0154701    1.97242   0.186145  -0.306521    2.02572   -1.37253
  0.335607 -0.0155036    1.97243    0.18597  -0.306539    2.02581   -1.37256
 0.335682 -0.015537   1.97243  0.185796 -0.306557    2.0259  -1.37259
  0.335756 -0.0155703    1.97243   0.185623  -0.306575    2.02599   -1.37262
  0.335829 -0.0156034    1.97244    0.18545  -0.306593    2.02608   -1.37265
  0.335903 -0.0156365    1.97244   0.185277  -0.306611    2.02617   -1.37268
  0.335976 -0.0156694    1.97245   0.185106  -0.306629    2.02626    -1.3727
  0.336049 -0.0157022    1.97245   0.184935  -0.306647    2.02635   -1.37273
  0.336122 -0.0157348    1.97246   0.184764  -0.306665    2.02644   -1.37276
  0.336194 -0.0157674    1.97246   0.184594  -0.306682    2.02653   -1.37279
  0.336266 -0.0157998    1.97247   0.184425    -0.3067    2.02662   -1.37281
  0.336338 -0.0158322    1.97247   0.184256  -0.306718     2.0267   -1.37284
   0.33641 -0.0158643    1.97248   0.184088  -0.306736    2.02679   -1.37287
  0.336481 -0.0158964    1.97248   0.183921  -0.306753    2.02688    -1.3729
  0.336552 -0.0159284    1.97249   0.183754  -0.306771    2.02696   -1.37292
  0.336623 -0.0159602    1.97249   0.183588  -0.306788    2.02705   -1.37295
 0.336694 -0.015992    1.9725  0.183422 -0.306806   2.02714  -1.37298
  0.336764 -0.0160236     1.9725   0.183257  -0.306823    2.02722   -1.37301
  0.336834 -0.0160551    1.97251   0.183092  -0.306841    2.02731   -1.37303
  0.336904 -0.0160865    1.97251   0.182928  -0.306858    2.02739   -1.37306
  0.336974 -0.0161177    1.97252   0.182765  -0.306876    2.02748   -1.37309
  0.337043 -0.0161489    1.97252   0.182602  -0.306893    2.02756   -1.37311
  0.337112 -0.0161799    1.97253    0.18244  -0.306911    2.02765   -1.37314
  0.337181 -0.0162109    1.97253   0.182278  -0.306928    2.02773   -1.37317
   0.33725 -0.0162417    1.97254   0.182117  -0.306945    2.02781   -1.37319
  0.337319 -0.0162724    1.97254   0.181957  -0.306962     2.0279   -1.37322
 0.337387 -0.016303   1.97255  0.181797  -0.30698   2.02798  -1.37325
  0.337455 -0.0163334    1.97255   0.181637  -0.306997    2.02806   -1.37327
  0.337522 -0.0163638    1.97256   0.181479  -0.307014    2.02814    -1.3733
   0.33759 -0.0163941    1.97256    0.18132  -0.307031    2.02823   -1.37332
  0.337657 -0.0164242    1.97257   0.181163  -0.307048    2.02831   -1.37335
  0.337724 -0.0164542    1.97257   0.181006  -0.307065    2.02839   -1.37338
  0.337791 -0.0164842    1.97258   0.180849  -0.307082    2.02847    -1.3734
 0.337857 -0.016514   1.97258  0.180693 -0.307099   2.02855  -1.37343
  0.337924 -0.0165437    1.97258   0.180538  -0.307116    2.02863   -1.37345
   0.33799 -0.0165733    1.97259   0.180383  -0.307133    2.02871   -1.37348
  0.338056 -0.0166028    1.97259   0.180228   -0.30715    2.02879    -1.3735
  0.338121 -0.0166322     1.9726   0.180075  -0.307167    2.02887   -1.37353
  0.338187 -0.0166614     1.9726   0.179921  -0.307184    2.02895   -1.37355
  0.338252 -0.0166906    1.97261   0.179769  -0.307201    2.02903   -1.37358
  0.338317 -0.0167197    1.97261   0.179616  -0.307217    2.02911    -1.3736
  0.338381 -0.0167486    1.97262   0.179465  -0.307234    2.02919   -1.37363
  0.338446 -0.0167775    1.97262   0.179314  -0.307251    2.02927   -1.37365
   0.33851 -0.0168062    1.97263   0.179163  -0.307268    2.02935   -1.37368
  0.338574 -0.0168349    1.97263   0.179013  -0.307284    2.02942    -1.3737
  0.338638 -0.0168634    1.97264   0.178864  -0.307301     2.0295   -1.37373
  0.338701 -0.0168918    1.97264   0.178715  -0.307317    2.02958   -1.37375
  0.338765 -0.0169201    1.97265   0.178566  -0.307334    2.02966   -1.37378
  0.338828 -0.0169484    1.97265   0.178418   -0.30735    2.02973    -1.3738
  0.338891 -0.0169765    1.97266   0.178271  -0.307367    2.02981   -1.37382
  0.338953 -0.0170045    1.97266   0.178124  -0.307383    2.02988   -1.37385
  0.339016 -0.0170324    1.97267   0.177978    -0.3074    2.02996   -1.37387
  0.339078 -0.0170602    1.97267   0.177832  -0.307416    2.03004    -1.3739
   0.33914 -0.0170879    1.97268   0.177687  -0.307433    2.03011   -1.37392
  0.339202 -0.0171155    1.97268   0.177542  -0.307449    2.03019   -1.37394
 0.339263 -0.017143   1.97269  0.177397 -0.307465   2.03026  -1.37397
  0.339325 -0.0171704    1.97269   0.177254  -0.307482    2.03034   -1.37399
  0.339386 -0.0171977     1.9727    0.17711  -0.307498    2.03041   -1.37402
  0.339447 -0.0172249     1.9727   0.176968  -0.307514    2.03048   -1.37404
 0.339507 -0.017252   1.97271  0.176825  -0.30753   2.03056  -1.37406
 0.339568 -0.017279   1.97271  0.176684 -0.307547   2.03063  -1.37409
 0.339628 -0.017306   1.97272  0.176542 -0.307563    2.0307  -1.37411
  0.339688 -0.0173328    1.97272   0.176402  -0.307579    2.03078   -1.37413
  0.339748 -0.0173595    1.97273   0.176261  -0.307595    2.03085   -1.37416
  0.339808 -0.0173861    1.97273   0.176121  -0.307611    2.03092   -1.37418
  0.339867 -0.0174126    1.97274   0.175982  -0.307627    2.03099    -1.3742
 0.339926 -0.017439   1.97275  0.175843 -0.307643   2.03107  -1.37422
  0.339985 -0.0174653    1.97275   0.175705  -0.307659    2.03114   -1.37425
  0.340044 -0.0174916    1.97276   0.175567  -0.307675    2.03121   -1.37427
  0.340103 -0.0175177    1.97276    0.17543  -0.307691    2.03128   -1.37429
  0.340161 -0.0175437    1.97277   0.175293  -0.307707    2.03135   -1.37431
  0.340219 -0.0175696    1.97277   0.175157  -0.307723    2.03142   -1.37434
  0.340277 -0.0175955    1.97278   0.175021  -0.307738    2.03149   -1.37436
  0.340335 -0.0176212    1.97278   0.174886  -0.307754    2.03156   -1.37438
  0.340393 -0.0176469    1.97279   0.174751   -0.30777    2.03163    -1.3744
   0.34045 -0.0176724    1.97279   0.174616  -0.307786     2.0317   -1.37443
  0.340507 -0.0176979     1.9728   0.174482  -0.307802    2.03177   -1.37445
  0.340564 -0.0177233     1.9728   0.174349  -0.307817    2.03184   -1.37447
  0.340621 -0.0177485    1.97281   0.174216  -0.307833    2.03191   -1.37449
  0.340678 -0.0177737    1.97281   0.174083  -0.307849    2.03198   -1.37451
  0.340734 -0.0177988    1.97282   0.173951  -0.307864    2.03205   -1.37454
   0.34079 -0.0178238    1.97282    0.17382   -0.30788    2.03212   -1.37456
  0.340846 -0.0178487    1.97283   0.173688  -0.307895    2.03218   -1.37458
  0.340902 -0.0178735    1.97283   0.173558  -0.307911    2.03225    -1.3746
  0.340957 -0.0178983    1.97284   0.173428  -0.307926    2.03232   -1.37462
  0.341013 -0.0179229    1.97284   0.173298  -0.307942    2.03239   -1.37464
  0.341068 -0.0179474    1.97285   0.173168  -0.307957    2.03245   -1.37467
  0.341123 -0.0179719    1.97285    0.17304  -0.307973    2.03252   -1.37469
  0.341178 -0.0179962    1.97286   0.172911  -0.307988    2.03259   -1.37471
  0.341232 -0.0180205    1.97286   0.172783  -0.308003    2.03265   -1.37473
  0.341287 -0.0180447    1.97287   0.172656  -0.308019    2.03272   -1.37475
  0.341341 -0.0180688    1.97287   0.172529  -0.308034    2.03278   -1.37477
  0.341395 -0.0180928    1.97288   0.172402  -0.308049    2.03285   -1.37479
  0.341449 -0.0181167    1.97288   0.172276  -0.308065    2.03292   -1.37481
  0.341503 -0.0181406    1.97289    0.17215   -0.30808    2.03298   -1.37483
  0.341556 -0.0181643    1.97289   0.172025  -0.308095    2.03305   -1.37485
   0.34161 -0.0181879     1.9729     0.1719   -0.30811    2.03311   -1.37487
  0.341663 -0.0182115    1.97291   0.171776  -0.308125    2.03317    -1.3749
 0.341716 -0.018235   1.97291  0.171652 -0.308141   2.03324  -1.37492
  0.341768 -0.0182584    1.97292   0.171529  -0.308156     2.0333   -1.37494
  0.341821 -0.0182817    1.97292   0.171406  -0.308171    2.03337   -1.37496
  0.341873 -0.0183049    1.97293   0.171283  -0.308186    2.03343   -1.37498
  0.341925 -0.0183281    1.97293   0.171161  -0.308201    2.03349     -1.375
  0.341977 -0.0183511    1.97294   0.171039  -0.308216    2.03356   -1.37502
  0.342029 -0.0183741    1.97294   0.170918  -0.308231    2.03362   -1.37504
 0.342081 -0.018397   1.97295  0.170797 -0.308246   2.03368  -1.37506
  0.342132 -0.0184198    1.97295   0.170676  -0.308261    2.03374   -1.37508
  0.342184 -0.0184425    1.97296   0.170556  -0.308276    2.03381    -1.3751
  0.342235 -0.0184651    1.97296   0.170437  -0.308291    2.03387   -1.37512
  0.342286 -0.0184876    1.97297   0.170317  -0.308305    2.03393   -1.37514
  0.342336 -0.0185101    1.97297   0.170199   -0.30832    2.03399   -1.37516
  0.342387 -0.0185325    1.97298    0.17008  -0.308335    2.03405   -1.37518
  0.342437 -0.0185548    1.97298   0.169962   -0.30835    2.03411    -1.3752
 0.342487 -0.018577   1.97299  0.169845 -0.308365   2.03417  -1.37522
  0.342537 -0.0185991      1.973   0.169728  -0.308379    2.03424   -1.37523
  0.342587 -0.0186212      1.973   0.169611  -0.308394     2.0343   -1.37525
  0.342637 -0.0186432    1.97301   0.169495  -0.308409    2.03436   -1.37527
 0.342687 -0.018665   1.97301  0.169379 -0.308423   2.03442  -1.37529
  0.342736 -0.0186869    1.97302   0.169263  -0.308438    2.03448   -1.37531
  0.342785 -0.0187086    1.97302   0.169148  -0.308453    2.03454   -1.37533
  0.342834 -0.0187302    1.97303   0.169034  -0.308467    2.03459   -1.37535
  0.342883 -0.0187518    1.97303   0.168919  -0.308482    2.03465   -1.37537
  0.342931 -0.0187733    1.97304   0.168806  -0.308496    2.03471   -1.37539
   0.34298 -0.0187947    1.97304   0.168692  -0.308511    2.03477   -1.37541
 0.343028 -0.018816   1.97305  0.168579 -0.308525   2.03483  -1.37542
  0.343076 -0.0188373    1.97305   0.168466   -0.30854    2.03489   -1.37544
  0.343124 -0.0188584    1.97306   0.168354  -0.308554    2.03495   -1.37546
  0.343172 -0.0188795    1.97307   0.168242  -0.308569      2.035   -1.37548
   0.34322 -0.0189006    1.97307   0.168131  -0.308583    2.03506    -1.3755
  0.343267 -0.0189215    1.97308    0.16802  -0.308598    2.03512   -1.37552
  0.343315 -0.0189424    1.97308   0.167909  -0.308612    2.03518   -1.37554
  0.343362 -0.0189631    1.97309   0.167799  -0.308626    2.03523   -1.37555
  0.343409 -0.0189838    1.97309   0.167689  -0.308641    2.03529   -1.37557
  0.343455 -0.0190045     1.9731    0.16758  -0.308655    2.03535   -1.37559
 0.343502 -0.019025    1.9731   0.16747 -0.308669    2.0354  -1.37561
  0.343549 -0.0190455    1.97311   0.167362  -0.308683    2.03546   -1.37563
  0.343595 -0.0190659    1.97311   0.167253  -0.308698    2.03552   -1.37564
  0.343641 -0.0190862    1.97312   0.167145  -0.308712    2.03557   -1.37566
  0.343687 -0.0191065    1.97312   0.167038  -0.308726    2.03563   -1.37568
  0.343733 -0.0191267    1.97313   0.166931   -0.30874    2.03568    -1.3757
  0.343778 -0.0191468    1.97314   0.166824  -0.308754    2.03574   -1.37572
  0.343824 -0.0191668    1.97314   0.166717  -0.308768    2.03579   -1.37573
  0.343869 -0.0191867    1.97315   0.166611  -0.308782    2.03585   -1.37575
  0.343915 -0.0192066    1.97315   0.166506  -0.308796     2.0359   -1.37577
   0.34396 -0.0192264    1.97316     0.1664  -0.308811    2.03596   -1.37579
  0.344004 -0.0192462    1.97316   0.166295  -0.308825    2.03601    -1.3758
  0.344049 -0.0192658    1.97317   0.166191  -0.308839    2.03607   -1.37582
  0.344094 -0.0192854    1.97317   0.166086  -0.308852    2.03612   -1.37584
  0.344138 -0.0193049    1.97318   0.165983  -0.308866    2.03617   -1.37586
  0.344182 -0.0193244    1.97319   0.165879   -0.30888    2.03623   -1.37587
  0.344226 -0.0193437    1.97319   0.165776  -0.308894    2.03628   -1.37589
  0.34427 -0.019363    1.9732  0.165673 -0.308908   2.03633  -1.37591
  0.344314 -0.0193822     1.9732   0.165571  -0.308922    2.03639   -1.37592
  0.344358 -0.0194014    1.97321   0.165469  -0.308936    2.03644   -1.37594
  0.344401 -0.0194205    1.97321   0.165367   -0.30895    2.03649   -1.37596
  0.344445 -0.0194395    1.97322   0.165266  -0.308964    2.03655   -1.37598
  0.344488 -0.0194584    1.97322   0.165165  -0.308977     2.0366   -1.37599
  0.344531 -0.0194773    1.97323   0.165064  -0.308991    2.03665   -1.37601
  0.344574 -0.0194961    1.97324   0.164964  -0.309005     2.0367   -1.37603
  0.344616 -0.0195148    1.97324   0.164864  -0.309019    2.03675   -1.37604
  0.344659 -0.0195335    1.97325   0.164765  -0.309032     2.0368   -1.37606
  0.344701 -0.0195521    1.97325   0.164665  -0.309046    2.03686   -1.37608
  0.344744 -0.0195706    1.97326   0.164567   -0.30906    2.03691   -1.37609
  0.344786 -0.0195891    1.97326   0.164468  -0.309073    2.03696   -1.37611
  0.344828 -0.0196074    1.97327    0.16437  -0.309087    2.03701   -1.37612
   0.34487 -0.0196258    1.97327   0.164272    -0.3091    2.03706   -1.37614
 0.344911 -0.019644   1.97328  0.164175 -0.309114   2.03711  -1.37616
  0.344953 -0.0196622    1.97329   0.164078  -0.309128    2.03716   -1.37617
  0.344994 -0.0196803    1.97329   0.163981  -0.309141    2.03721   -1.37619
  0.345036 -0.0196984     1.9733   0.163884  -0.309155    2.03726   -1.37621
  0.345077 -0.0197163     1.9733   0.163788  -0.309168    2.03731   -1.37622
  0.345118 -0.0197342    1.97331   0.163692  -0.309182    2.03736   -1.37624
  0.345159 -0.0197521    1.97331   0.163597  -0.309195    2.03741   -1.37625
  0.345199 -0.0197699    1.97332   0.163502  -0.309208    2.03746   -1.37627
   0.34524 -0.0197876    1.97332   0.163407  -0.309222    2.03751   -1.37629
   0.34528 -0.0198052    1.97333   0.163313  -0.309235    2.03756    -1.3763
   0.34532 -0.0198228    1.97334   0.163219  -0.309249     2.0376   -1.37632
  0.345361 -0.0198403    1.97334   0.163125  -0.309262    2.03765   -1.37633
  0.345401 -0.0198578    1.97335   0.163032  -0.309275     2.0377   -1.37635
   0.34544 -0.0198751    1.97335   0.162939  -0.309289    2.03775   -1.37636
   0.34548 -0.0198925    1.97336   0.162846  -0.309302     2.0378   -1.37638
   0.34552 -0.0199097    1.97336   0.162753  -0.309315    2.03785   -1.37639
  0.345559 -0.0199269    1.97337   0.162661  -0.309328    2.03789   -1.37641
 0.345598 -0.019944   1.97338  0.162569 -0.309342   2.03794  -1.37642
  0.345637 -0.0199611    1.97338   0.162478  -0.309355    2.03799   -1.37644
  0.345677 -0.0199781    1.97339   0.162387  -0.309368    2.03804   -1.37646
 0.345715 -0.019995   1.97339  0.162296 -0.309381   2.03808  -1.37647
  0.345754 -0.0200119     1.9734   0.162206  -0.309394    2.03813   -1.37649
  0.345793 -0.0200287     1.9734   0.162115  -0.309407    2.03818    -1.3765
  0.345831 -0.0200454    1.97341   0.162026  -0.309421    2.03822   -1.37652
   0.34587 -0.0200621    1.97342   0.161936  -0.309434    2.03827   -1.37653
  0.345908 -0.0200787    1.97342   0.161847  -0.309447    2.03831   -1.37655
  0.345946 -0.0200953    1.97343   0.161758   -0.30946    2.03836   -1.37656
  0.345984 -0.0201118    1.97343   0.161669  -0.309473    2.03841   -1.37658
  0.346022 -0.0201282    1.97344   0.161581  -0.309486    2.03845   -1.37659
  0.346059 -0.0201446    1.97344   0.161493  -0.309499     2.0385    -1.3766
  0.346097 -0.0201609    1.97345   0.161405  -0.309512    2.03854   -1.37662
  0.346134 -0.0201772    1.97346   0.161318  -0.309525    2.03859   -1.37663
  0.346171 -0.0201933    1.97346   0.161231  -0.309538    2.03863   -1.37665
  0.346209 -0.0202095    1.97347   0.161144  -0.309551    2.03868   -1.37666
  0.346246 -0.0202255    1.97347   0.161058  -0.309564    2.03872   -1.37668
  0.346283 -0.0202416    1.97348   0.160972  -0.309577    2.03877   -1.37669
  0.346319 -0.0202575    1.97348   0.160886  -0.309589    2.03881   -1.37671
  0.346356 -0.0202734    1.97349     0.1608  -0.309602    2.03886   -1.37672
  0.346392 -0.0202892     1.9735   0.160715  -0.309615     2.0389   -1.37673
 0.346429 -0.020305    1.9735   0.16063 -0.309628   2.03894  -1.37675
  0.346465 -0.0203207    1.97351   0.160546  -0.309641    2.03899   -1.37676
  0.346501 -0.0203363    1.97351   0.160461  -0.309654    2.03903   -1.37678
  0.346537 -0.0203519    1.97352   0.160377  -0.309666    2.03907   -1.37679
  0.346573 -0.0203675    1.97353   0.160294  -0.309679    2.03912   -1.37681
  0.346609 -0.0203829    1.97353    0.16021  -0.309692    2.03916   -1.37682
  0.346644 -0.0203984    1.97354   0.160127  -0.309705     2.0392   -1.37683
   0.34668 -0.0204137    1.97354   0.160044  -0.309717    2.03925   -1.37685
 0.346715 -0.020429   1.97355  0.159962  -0.30973   2.03929  -1.37686
  0.346751 -0.0204443    1.97355   0.159879  -0.309743    2.03933   -1.37687
  0.346786 -0.0204594    1.97356   0.159797  -0.309755    2.03937   -1.37689
  0.346821 -0.0204746    1.97357   0.159716  -0.309768    2.03942    -1.3769
  0.346856 -0.0204896    1.97357   0.159634   -0.30978    2.03946   -1.37692
   0.34689 -0.0205047    1.97358   0.159553  -0.309793     2.0395   -1.37693
  0.346925 -0.0205196    1.97358   0.159472  -0.309806    2.03954   -1.37694
   0.34696 -0.0205345    1.97359   0.159392  -0.309818    2.03958   -1.37696
  0.346994 -0.0205494    1.97359   0.159312  -0.309831    2.03963   -1.37697
  0.347028 -0.0205642     1.9736   0.159232  -0.309843    2.03967   -1.37698
  0.347062 -0.0205789    1.97361   0.159152  -0.309856    2.03971     -1.377
  0.347096 -0.0205936    1.97361   0.159072  -0.309868    2.03975   -1.37701
   0.34713 -0.0206082    1.97362   0.158993  -0.309881    2.03979   -1.37702
  0.347164 -0.0206228    1.97362   0.158914  -0.309893    2.03983   -1.37704
  0.347198 -0.0206373    1.97363   0.158836  -0.309906    2.03987   -1.37705
  0.347231 -0.0206517    1.97364   0.158758  -0.309918    2.03991   -1.37706
  0.347265 -0.0206661    1.97364    0.15868   -0.30993    2.03995   -1.37708
  0.347298 -0.0206805    1.97365   0.158602  -0.309943    2.03999   -1.37709
  0.347331 -0.0206948    1.97365   0.158524  -0.309955    2.04003    -1.3771
 0.347365 -0.020709   1.97366  0.158447 -0.309968   2.04007  -1.37711
  0.347398 -0.0207232    1.97367    0.15837   -0.30998    2.04011   -1.37713
   0.34743 -0.0207373    1.97367   0.158294  -0.309992    2.04015   -1.37714
  0.347463 -0.0207514    1.97368   0.158217  -0.310005    2.04019   -1.37715
  0.347496 -0.0207654    1.97368   0.158141  -0.310017    2.04023   -1.37717
  0.347528 -0.0207794    1.97369   0.158065  -0.310029    2.04027   -1.37718
  0.347561 -0.0207933     1.9737    0.15799  -0.310041    2.04031   -1.37719
  0.347593 -0.0208072     1.9737   0.157914  -0.310054    2.04035    -1.3772
 0.347625 -0.020821   1.97371  0.157839 -0.310066   2.04039  -1.37722
  0.347657 -0.0208348    1.97371   0.157764  -0.310078    2.04043   -1.37723
  0.347689 -0.0208485    1.97372    0.15769   -0.31009    2.04046   -1.37724
  0.347721 -0.0208621    1.97372   0.157616  -0.310102     2.0405   -1.37725
  0.347753 -0.0208758    1.97373   0.157542  -0.310115    2.04054   -1.37727
  0.347785 -0.0208893    1.97374   0.157468  -0.310127    2.04058   -1.37728
  0.347816 -0.0209028    1.97374   0.157394  -0.310139    2.04062   -1.37729
  0.347848 -0.0209163    1.97375   0.157321  -0.310151    2.04065    -1.3773
  0.347879 -0.0209297    1.97375   0.157248  -0.310163    2.04069   -1.37732
  0.34791 -0.020943   1.97376  0.157176 -0.310175   2.04073  -1.37733
  0.347941 -0.0209563    1.97377   0.157103  -0.310187    2.04077   -1.37734
  0.347972 -0.0209696    1.97377   0.157031  -0.310199     2.0408   -1.37735
  0.348003 -0.0209828    1.97378   0.156959  -0.310211    2.04084   -1.37737
  0.348034 -0.0209959    1.97378   0.156887  -0.310223    2.04088   -1.37738
 0.348065 -0.021009   1.97379  0.156816 -0.310235   2.04092  -1.37739
  0.348095 -0.0210221     1.9738   0.156745  -0.310247    2.04095    -1.3774
  0.348126 -0.0210351     1.9738   0.156674  -0.310259    2.04099   -1.37741
 0.348156 -0.021048   1.97381  0.156603 -0.310271   2.04103  -1.37742
  0.348186 -0.0210609    1.97381   0.156533  -0.310283    2.04106   -1.37744
  0.348216 -0.0210738    1.97382   0.156462  -0.310295     2.0411   -1.37745
  0.348246 -0.0210866    1.97383   0.156393  -0.310307    2.04113   -1.37746
  0.348276 -0.0210993    1.97383   0.156323  -0.310319    2.04117   -1.37747
 0.348306 -0.021112   1.97384  0.156253 -0.310331   2.04121  -1.37748
  0.348336 -0.0211247    1.97384   0.156184  -0.310343    2.04124    -1.3775
  0.348365 -0.0211373    1.97385   0.156115  -0.310355    2.04128   -1.37751
  0.348395 -0.0211499    1.97386   0.156047  -0.310366    2.04131   -1.37752
  0.348424 -0.0211624    1.97386   0.155978  -0.310378    2.04135   -1.37753
  0.348454 -0.0211748    1.97387    0.15591   -0.31039    2.04138   -1.37754
  0.348483 -0.0211872    1.97387   0.155842  -0.310402    2.04142   -1.37755
  0.348512 -0.0211996    1.97388   0.155774  -0.310414    2.04145   -1.37756
  0.348541 -0.0212119    1.97389   0.155707  -0.310425    2.04149   -1.37758
   0.34857 -0.0212242    1.97389   0.155639  -0.310437    2.04152   -1.37759
  0.348599 -0.0212364     1.9739   0.155572  -0.310449    2.04156    -1.3776
  0.348627 -0.0212486    1.97391   0.155505  -0.310461    2.04159   -1.37761
  0.348656 -0.0212608    1.97391   0.155439  -0.310472    2.04163   -1.37762
  0.348684 -0.0212729    1.97392   0.155373  -0.310484    2.04166   -1.37763
  0.348713 -0.0212849    1.97392   0.155306  -0.310496     2.0417   -1.37764
  0.348741 -0.0212969    1.97393   0.155241  -0.310507    2.04173   -1.37765
  0.348769 -0.0213088    1.97394   0.155175  -0.310519    2.04176   -1.37767
  0.348797 -0.0213207    1.97394    0.15511  -0.310531     2.0418   -1.37768
  0.348825 -0.0213326    1.97395   0.155044  -0.310542    2.04183   -1.37769
  0.348853 -0.0213444    1.97395   0.154979  -0.310554    2.04187    -1.3777
  0.348881 -0.0213562    1.97396   0.154915  -0.310566     2.0419   -1.37771
  0.348909 -0.0213679    1.97397    0.15485  -0.310577    2.04193   -1.37772
  0.348937 -0.0213796    1.97397   0.154786  -0.310589    2.04196   -1.37773
  0.348964 -0.0213912    1.97398   0.154722    -0.3106      2.042   -1.37774
  0.348991 -0.0214028    1.97398   0.154658  -0.310612    2.04203   -1.37775
  0.349019 -0.0214144    1.97399   0.154595  -0.310623    2.04206   -1.37776
  0.349046 -0.0214259      1.974   0.154531  -0.310635     2.0421   -1.37777
  0.349073 -0.0214373      1.974   0.154468  -0.310646    2.04213   -1.37779
    0.3491 -0.0214487    1.97401   0.154405  -0.310658    2.04216    -1.3778
  0.349127 -0.0214601    1.97402   0.154343  -0.310669    2.04219   -1.37781
  0.349154 -0.0214714    1.97402    0.15428  -0.310681    2.04223   -1.37782
  0.349181 -0.0214827    1.97403   0.154218  -0.310692    2.04226   -1.37783
  0.349208 -0.0214939    1.97403   0.154156  -0.310704    2.04229   -1.37784
  0.349234 -0.0215051    1.97404   0.154094  -0.310715    2.04232   -1.37785
  0.349261 -0.0215163    1.97405   0.154032  -0.310727    2.04235   -1.37786
  0.349287 -0.0215274    1.97405   0.153971  -0.310738    2.04239   -1.37787
  0.349313 -0.0215384    1.97406    0.15391  -0.310749    2.04242   -1.37788
   0.34934 -0.0215495    1.97406   0.153849  -0.310761    2.04245   -1.37789
  0.349366 -0.0215604    1.97407   0.153788  -0.310772    2.04248    -1.3779
  0.349392 -0.0215714    1.97408   0.153728  -0.310783    2.04251   -1.37791
  0.349418 -0.0215823    1.97408   0.153667  -0.310795    2.04254   -1.37792
  0.349444 -0.0215931    1.97409   0.153607  -0.310806    2.04257   -1.37793
  0.349469 -0.0216039     1.9741   0.153547  -0.310817     2.0426   -1.37794
  0.349495 -0.0216147     1.9741   0.153488  -0.310829    2.04264   -1.37795
  0.349521 -0.0216254    1.97411   0.153428   -0.31084    2.04267   -1.37796
  0.349546 -0.0216361    1.97411   0.153369  -0.310851     2.0427   -1.37797
  0.349572 -0.0216468    1.97412    0.15331  -0.310862    2.04273   -1.37798
  0.349597 -0.0216574    1.97413   0.153251  -0.310874    2.04276   -1.37799
  0.349622 -0.0216679    1.97413   0.153192  -0.310885    2.04279     -1.378
  0.349647 -0.0216784    1.97414   0.153134  -0.310896    2.04282   -1.37801
  0.349672 -0.0216889    1.97414   0.153076  -0.310907    2.04285   -1.37802
  0.349697 -0.0216994    1.97415   0.153018  -0.310919    2.04288   -1.37803
  0.349722 -0.0217098    1.97416    0.15296   -0.31093    2.04291   -1.37804
  0.349747 -0.0217201    1.97416   0.152902  -0.310941    2.04294   -1.37805
  0.349772 -0.0217304    1.97417   0.152845  -0.310952    2.04297   -1.37806
  0.349796 -0.0217407    1.97418   0.152788  -0.310963      2.043   -1.37807
 0.349821 -0.021751   1.97418  0.152731 -0.310974   2.04303  -1.37808
  0.349845 -0.0217612    1.97419   0.152674  -0.310985    2.04306   -1.37809
   0.34987 -0.0217713    1.97419   0.152617  -0.310997    2.04309    -1.3781
  0.349894 -0.0217814     1.9742   0.152561  -0.311008    2.04311   -1.37811
  0.349918 -0.0217915    1.97421   0.152505  -0.311019    2.04314   -1.37812
  0.349942 -0.0218016    1.97421   0.152449   -0.31103    2.04317   -1.37813
  0.349966 -0.0218116    1.97422   0.152393  -0.311041     2.0432   -1.37814
   0.34999 -0.0218215    1.97423   0.152338  -0.311052    2.04323   -1.37815
  0.350014 -0.0218314    1.97423   0.152282  -0.311063    2.04326   -1.37816
  0.350038 -0.0218413    1.97424   0.152227  -0.311074    2.04329   -1.37816
  0.350062 -0.0218512    1.97424   0.152172  -0.311085    2.04332   -1.37817
 0.350085 -0.021861   1.97425  0.152117 -0.311096   2.04334  -1.37818
  0.350109 -0.0218708    1.97426   0.152062  -0.311107    2.04337   -1.37819
  0.350132 -0.0218805    1.97426   0.152008  -0.311118     2.0434    -1.3782
  0.350156 -0.0218902    1.97427   0.151954  -0.311129    2.04343   -1.37821
  0.350179 -0.0218998    1.97428     0.1519   -0.31114    2.04346   -1.37822
  0.350202 -0.0219095    1.97428   0.151846  -0.311151    2.04348   -1.37823
 0.350225 -0.021919   1.97429  0.151792 -0.311162   2.04351  -1.37824
  0.350248 -0.0219286    1.97429   0.151739  -0.311173    2.04354   -1.37825
  0.350271 -0.0219381     1.9743   0.151685  -0.311183    2.04357   -1.37826
  0.350294 -0.0219475    1.97431   0.151632  -0.311194    2.04359   -1.37827
 0.350317 -0.021957   1.97431  0.151579 -0.311205   2.04362  -1.37827
   0.35034 -0.0219664    1.97432   0.151527  -0.311216    2.04365   -1.37828
  0.350363 -0.0219757    1.97433   0.151474  -0.311227    2.04368   -1.37829
  0.350385 -0.0219851    1.97433   0.151422  -0.311238     2.0437    -1.3783
  0.350408 -0.0219943    1.97434    0.15137  -0.311249    2.04373   -1.37831
   0.35043 -0.0220036    1.97435   0.151318   -0.31126    2.04376   -1.37832
  0.350452 -0.0220128    1.97435   0.151266   -0.31127    2.04378   -1.37833
 0.350475 -0.022022   1.97436  0.151214 -0.311281   2.04381  -1.37834
  0.350497 -0.0220311    1.97436   0.151163  -0.311292    2.04384   -1.37835
  0.350519 -0.0220402    1.97437   0.151111  -0.311303    2.04386   -1.37835
  0.350541 -0.0220493    1.97438    0.15106  -0.311313    2.04389   -1.37836
  0.350563 -0.0220583    1.97438   0.151009  -0.311324    2.04392   -1.37837
  0.350585 -0.0220673    1.97439   0.150959  -0.311335    2.04394   -1.37838
  0.350607 -0.0220763     1.9744   0.150908  -0.311346    2.04397   -1.37839
  0.350628 -0.0220852     1.9744   0.150858  -0.311356    2.04399    -1.3784
   0.35065 -0.0220941    1.97441   0.150808  -0.311367    2.04402   -1.37841
  0.350672 -0.0221029    1.97442   0.150758  -0.311378    2.04405   -1.37841
  0.350693 -0.0221118    1.97442   0.150708  -0.311389    2.04407   -1.37842
  0.350715 -0.0221205    1.97443   0.150658  -0.311399     2.0441   -1.37843
  0.350736 -0.0221293    1.97443   0.150609   -0.31141    2.04412   -1.37844
 0.350757 -0.022138   1.97444  0.150559 -0.311421   2.04415  -1.37845
  0.350779 -0.0221467    1.97445    0.15051  -0.311431    2.04417   -1.37846
    0.3508 -0.0221553    1.97445   0.150461  -0.311442     2.0442   -1.37846
 0.350821 -0.022164   1.97446  0.150412 -0.311452   2.04422  -1.37847
  0.350842 -0.0221725    1.97447   0.150364  -0.311463    2.04425   -1.37848
  0.350863 -0.0221811    1.97447   0.150315  -0.311474    2.04427   -1.37849
  0.350884 -0.0221896    1.97448   0.150267  -0.311484     2.0443    -1.3785
  0.350904 -0.0221981    1.97449   0.150219  -0.311495    2.04432   -1.37851
  0.350925 -0.0222065    1.97449   0.150171  -0.311505    2.04435   -1.37851
  0.350946 -0.0222149     1.9745   0.150123  -0.311516    2.04437   -1.37852
  0.350966 -0.0222233     1.9745   0.150076  -0.311527     2.0444   -1.37853
  0.350987 -0.0222316    1.97451   0.150028  -0.311537    2.04442   -1.37854
 0.351007  -0.02224   1.97452  0.149981 -0.311548   2.04445  -1.37855
  0.351028 -0.0222482    1.97452   0.149934  -0.311558    2.04447   -1.37855
  0.351048 -0.0222565    1.97453   0.149887  -0.311569     2.0445   -1.37856
  0.351068 -0.0222647    1.97454    0.14984  -0.311579    2.04452   -1.37857
  0.351088 -0.0222729    1.97454   0.149793   -0.31159    2.04454   -1.37858
 0.351108 -0.022281   1.97455  0.149747   -0.3116   2.04457  -1.37859
  0.351128 -0.0222891    1.97456   0.149701  -0.311611    2.04459   -1.37859
  0.351148 -0.0222972    1.97456   0.149655  -0.311621    2.04461    -1.3786
  0.351168 -0.0223053    1.97457   0.149609  -0.311632    2.04464   -1.37861
  0.351188 -0.0223133    1.97458   0.149563  -0.311642    2.04466   -1.37862
  0.351208 -0.0223213    1.97458   0.149517  -0.311652    2.04469   -1.37863
  0.351227 -0.0223292    1.97459   0.149472  -0.311663    2.04471   -1.37863
  0.351247 -0.0223371    1.97459   0.149426  -0.311673    2.04473   -1.37864
 0.351266 -0.022345    1.9746  0.149381 -0.311684   2.04476  -1.37865
  0.351286 -0.0223529    1.97461   0.149336  -0.311694    2.04478   -1.37866
  0.351305 -0.0223607    1.97461   0.149292  -0.311704     2.0448   -1.37866
  0.351325 -0.0223685    1.97462   0.149247  -0.311715    2.04483   -1.37867
  0.351344 -0.0223763    1.97463   0.149202  -0.311725    2.04485   -1.37868
 0.351363 -0.022384   1.97463  0.149158 -0.311736   2.04487  -1.37869
  0.351382 -0.0223917    1.97464   0.149114  -0.311746    2.04489   -1.37869
  0.351401 -0.0223994    1.97465    0.14907  -0.311756    2.04492    -1.3787
  0.35142 -0.022407   1.97465  0.149026 -0.311767   2.04494  -1.37871
  0.351439 -0.0224146    1.97466   0.148982  -0.311777    2.04496   -1.37872
  0.351458 -0.0224222    1.97467   0.148939  -0.311787    2.04498   -1.37872
  0.351477 -0.0224297    1.97467   0.148895  -0.311797    2.04501   -1.37873
  0.351496 -0.0224373    1.97468   0.148852  -0.311808    2.04503   -1.37874
  0.351514 -0.0224448    1.97469   0.148809  -0.311818    2.04505   -1.37875
  0.351533 -0.0224522    1.97469   0.148766  -0.311828    2.04507   -1.37875
  0.351551 -0.0224596     1.9747   0.148723  -0.311839     2.0451   -1.37876
  0.35157 -0.022467    1.9747   0.14868 -0.311849   2.04512  -1.37877
  0.351588 -0.0224744    1.97471   0.148638  -0.311859    2.04514   -1.37878
  0.351607 -0.0224817    1.97472   0.148595  -0.311869    2.04516   -1.37878
  0.351625 -0.0224891    1.97472   0.148553   -0.31188    2.04518   -1.37879
  0.351643 -0.0224963    1.97473   0.148511   -0.31189    2.04521    -1.3788
  0.351661 -0.0225036    1.97474   0.148469    -0.3119    2.04523   -1.37881
  0.351679 -0.0225108    1.97474   0.148427   -0.31191    2.04525   -1.37881
 0.351698 -0.022518   1.97475  0.148386  -0.31192   2.04527  -1.37882
  0.351716 -0.0225252    1.97476   0.148344  -0.311931    2.04529   -1.37883
  0.351733 -0.0225323    1.97476   0.148303  -0.311941    2.04531   -1.37883
  0.351751 -0.0225394    1.97477   0.148262  -0.311951    2.04533   -1.37884
  0.351769 -0.0225465    1.97478   0.148221  -0.311961    2.04535   -1.37885
  0.351787 -0.0225535    1.97478    0.14818  -0.311971    2.04538   -1.37886
  0.351804 -0.0225605    1.97479   0.148139  -0.311981     2.0454   -1.37886
  0.351822 -0.0225675     1.9748   0.148098  -0.311991    2.04542   -1.37887
   0.35184 -0.0225745     1.9748   0.148058  -0.312002    2.04544   -1.37888
  0.351857 -0.0225814    1.97481   0.148018  -0.312012    2.04546   -1.37888
  0.351875 -0.0225883    1.97482   0.147978  -0.312022    2.04548   -1.37889
  0.351892 -0.0225952    1.97482   0.147937  -0.312032     2.0455    -1.3789
 0.351909 -0.022602   1.97483  0.147898 -0.312042   2.04552   -1.3789
  0.351926 -0.0226089    1.97484   0.147858  -0.312052    2.04554   -1.37891
  0.351944 -0.0226156    1.97484   0.147818  -0.312062    2.04556   -1.37892
  0.351961 -0.0226224    1.97485   0.147779  -0.312072    2.04558   -1.37892
  0.351978 -0.0226291    1.97486   0.147739  -0.312082     2.0456   -1.37893
  0.351995 -0.0226359    1.97486     0.1477  -0.312092    2.04562   -1.37894
  0.352012 -0.0226425    1.97487   0.147661  -0.312102    2.04564   -1.37894
  0.352029 -0.0226492    1.97487   0.147622  -0.312112    2.04566   -1.37895
  0.352046 -0.0226558    1.97488   0.147583  -0.312122    2.04568   -1.37896
  0.352062 -0.0226624    1.97489   0.147545  -0.312132     2.0457   -1.37896
 0.352079 -0.022669   1.97489  0.147506 -0.312142   2.04572  -1.37897
  0.352096 -0.0226755     1.9749   0.147468  -0.312152    2.04574   -1.37898
  0.352112 -0.0226821    1.97491    0.14743  -0.312162    2.04576   -1.37898
  0.352129 -0.0226886    1.97491   0.147392  -0.312172    2.04578   -1.37899
 0.352145 -0.022695   1.97492  0.147354 -0.312182    2.0458    -1.379
  0.352162 -0.0227015    1.97493   0.147316  -0.312192    2.04582     -1.379
  0.352178 -0.0227079    1.97493   0.147278  -0.312202    2.04584   -1.37901
  0.352194 -0.0227143    1.97494    0.14724  -0.312212    2.04586   -1.37902
  0.352211 -0.0227206    1.97495   0.147203  -0.312222    2.04588   -1.37902
  0.352227 -0.0227269    1.97495   0.147166  -0.312232     2.0459   -1.37903
  0.352243 -0.0227333    1.97496   0.147129  -0.312242    2.04592   -1.37904
  0.352259 -0.0227395    1.97497   0.147092  -0.312252    2.04594   -1.37904
  0.352275 -0.0227458    1.97497   0.147055  -0.312262    2.04596   -1.37905
 0.352291 -0.022752   1.97498  0.147018 -0.312271   2.04598  -1.37905
  0.352307 -0.0227582    1.97499   0.146981  -0.312281    2.04599   -1.37906
  0.352323 -0.0227644    1.97499   0.146945  -0.312291    2.04601   -1.37907
  0.352339 -0.0227706      1.975   0.146908  -0.312301    2.04603   -1.37907
  0.352355 -0.0227767    1.97501   0.146872  -0.312311    2.04605   -1.37908
   0.35237 -0.0227828    1.97501   0.146836  -0.312321    2.04607   -1.37909
  0.352386 -0.0227889    1.97502     0.1468  -0.312331    2.04609   -1.37909
  0.352402 -0.0227949    1.97503   0.146764   -0.31234    2.04611    -1.3791
  0.352417 -0.0228009    1.97503   0.146728   -0.31235    2.04612    -1.3791
  0.352433 -0.0228069    1.97504   0.146693   -0.31236    2.04614   -1.37911
  0.352448 -0.0228129    1.97505   0.146657   -0.31237    2.04616   -1.37912
  0.352464 -0.0228189    1.97505   0.146622   -0.31238    2.04618   -1.37912
  0.352479 -0.0228248    1.97506   0.146586  -0.312389     2.0462   -1.37913
  0.352494 -0.0228307    1.97507   0.146551  -0.312399    2.04622   -1.37914
  0.352509 -0.0228366    1.97507   0.146516  -0.312409    2.04623   -1.37914
  0.352525 -0.0228424    1.97508   0.146481  -0.312419    2.04625   -1.37915
   0.35254 -0.0228483    1.97509   0.146447  -0.312429    2.04627   -1.37915
  0.352555 -0.0228541    1.97509   0.146412  -0.312438    2.04629   -1.37916
   0.35257 -0.0228598     1.9751   0.146378  -0.312448    2.04631   -1.37917
  0.352585 -0.0228656    1.97511   0.146343  -0.312458    2.04632   -1.37917
    0.3526 -0.0228713    1.97511   0.146309  -0.312468    2.04634   -1.37918
 0.352615 -0.022877   1.97512  0.146275 -0.312477   2.04636  -1.37918
  0.352629 -0.0228827    1.97513   0.146241  -0.312487    2.04638   -1.37919
  0.352644 -0.0228884    1.97513   0.146207  -0.312497    2.04639   -1.37919
 0.352659 -0.022894   1.97514  0.146173 -0.312506   2.04641   -1.3792
  0.352674 -0.0228996    1.97515   0.146139  -0.312516    2.04643   -1.37921
  0.352688 -0.0229052    1.97515   0.146106  -0.312526    2.04645   -1.37921
  0.352703 -0.0229108    1.97516   0.146072  -0.312535    2.04646   -1.37922
  0.352717 -0.0229163    1.97517   0.146039  -0.312545    2.04648   -1.37922
  0.352732 -0.0229218    1.97517   0.146006  -0.312555     2.0465   -1.37923
  0.352746 -0.0229273    1.97518   0.145973  -0.312564    2.04651   -1.37924
  0.352761 -0.0229328    1.97519    0.14594  -0.312574    2.04653   -1.37924
  0.352775 -0.0229382    1.97519   0.145907  -0.312584    2.04655   -1.37925
  0.352789 -0.0229437     1.9752   0.145874  -0.312593    2.04657   -1.37925
  0.352803 -0.0229491    1.97521   0.145842  -0.312603    2.04658   -1.37926
  0.352818 -0.0229544    1.97521   0.145809  -0.312613     2.0466   -1.37926
  0.352832 -0.0229598    1.97522   0.145777  -0.312622    2.04662   -1.37927
  0.352846 -0.0229651    1.97523   0.145744  -0.312632    2.04663   -1.37928
   0.35286 -0.0229704    1.97523   0.145712  -0.312642    2.04665   -1.37928
  0.352874 -0.0229757    1.97524    0.14568  -0.312651    2.04667   -1.37929
 0.352888 -0.022981   1.97525  0.145648 -0.312661   2.04668  -1.37929
  0.352902 -0.0229862    1.97525   0.145616   -0.31267     2.0467    -1.3793
  0.352916 -0.0229915    1.97526   0.145585   -0.31268    2.04671    -1.3793
  0.352929 -0.0229967    1.97527   0.145553  -0.312689    2.04673   -1.37931
  0.352943 -0.0230018    1.97527   0.145522  -0.312699    2.04675   -1.37931
 0.352957 -0.023007   1.97528   0.14549 -0.312709   2.04676  -1.37932
   0.35297 -0.0230121    1.97529   0.145459  -0.312718    2.04678   -1.37932
  0.352984 -0.0230172    1.97529   0.145428  -0.312728     2.0468   -1.37933
  0.352998 -0.0230223     1.9753   0.145397  -0.312737    2.04681   -1.37934
  0.353011 -0.0230274    1.97531   0.145366  -0.312747    2.04683   -1.37934
  0.353025 -0.0230324    1.97531   0.145335  -0.312756    2.04684   -1.37935
  0.353038 -0.0230375    1.97532   0.145304  -0.312766    2.04686   -1.37935
  0.353051 -0.0230425    1.97533   0.145274  -0.312775    2.04687   -1.37936
  0.353065 -0.0230475    1.97533   0.145243  -0.312785    2.04689   -1.37936
  0.353078 -0.0230524    1.97534   0.145213  -0.312794    2.04691   -1.37937
  0.353091 -0.0230573    1.97535   0.145183  -0.312804    2.04692   -1.37937
  0.353104 -0.0230623    1.97535   0.145152  -0.312813    2.04694   -1.37938
  0.353118 -0.0230672    1.97536   0.145122  -0.312823    2.04695   -1.37938
 0.353131 -0.023072   1.97537  0.145092 -0.312832   2.04697  -1.37939
  0.353144 -0.0230769    1.97537   0.145063  -0.312842    2.04698   -1.37939
  0.353157 -0.0230817    1.97538   0.145033  -0.312851      2.047    -1.3794
   0.35317 -0.0230865    1.97539   0.145003  -0.312861    2.04701    -1.3794
  0.353183 -0.0230913    1.97539   0.144974   -0.31287    2.04703   -1.37941
  0.353195 -0.0230961     1.9754   0.144944  -0.312879    2.04704   -1.37941
  0.353208 -0.0231008    1.97541   0.144915  -0.312889    2.04706   -1.37942
  0.353221 -0.0231056    1.97542   0.144886  -0.312898    2.04708   -1.37942
  0.353234 -0.0231103    1.97542   0.144856  -0.312908    2.04709   -1.37943
 0.353247 -0.023115   1.97543  0.144827 -0.312917   2.04711  -1.37943
  0.353259 -0.0231196    1.97544   0.144799  -0.312926    2.04712   -1.37944
  0.353272 -0.0231243    1.97544    0.14477  -0.312936    2.04713   -1.37944
  0.353284 -0.0231289    1.97545   0.144741  -0.312945    2.04715   -1.37945
  0.353297 -0.0231335    1.97546   0.144712  -0.312955    2.04716   -1.37945
  0.353309 -0.0231381    1.97546   0.144684  -0.312964    2.04718   -1.37946
  0.353322 -0.0231427    1.97547   0.144655  -0.312973    2.04719   -1.37946
  0.353334 -0.0231472    1.97548   0.144627  -0.312983    2.04721   -1.37947
  0.353347 -0.0231517    1.97548   0.144599  -0.312992    2.04722   -1.37947
  0.353359 -0.0231563    1.97549   0.144571  -0.313001    2.04724   -1.37948
  0.353371 -0.0231607     1.9755   0.144543  -0.313011    2.04725   -1.37948
  0.353383 -0.0231652     1.9755   0.144515   -0.31302    2.04727   -1.37949
  0.353396 -0.0231697    1.97551   0.144487   -0.31303    2.04728   -1.37949
  0.353408 -0.0231741    1.97552   0.144459  -0.313039    2.04729    -1.3795
   0.35342 -0.0231785    1.97552   0.144432  -0.313048    2.04731    -1.3795
  0.353432 -0.0231829    1.97553   0.144404  -0.313057    2.04732   -1.37951
  0.353444 -0.0231873    1.97554   0.144377  -0.313067    2.04734   -1.37951
  0.353456 -0.0231916    1.97554   0.144349  -0.313076    2.04735   -1.37952
  0.353468 -0.0231959    1.97555   0.144322  -0.313085    2.04737   -1.37952
   0.35348 -0.0232002    1.97556   0.144295  -0.313095    2.04738   -1.37953
  0.353492 -0.0232045    1.97556   0.144268  -0.313104    2.04739   -1.37953
  0.353504 -0.0232088    1.97557   0.144241  -0.313113    2.04741   -1.37954
  0.353515 -0.0232131    1.97558   0.144214  -0.313123    2.04742   -1.37954
  0.353527 -0.0232173    1.97558   0.144188  -0.313132    2.04743   -1.37955
  0.353539 -0.0232215    1.97559   0.144161  -0.313141    2.04745   -1.37955
   0.35355 -0.0232257     1.9756   0.144134   -0.31315    2.04746   -1.37956
  0.353562 -0.0232299    1.97561   0.144108   -0.31316    2.04748   -1.37956
  0.353574 -0.0232341    1.97561   0.144081  -0.313169    2.04749   -1.37956
  0.353585 -0.0232382    1.97562   0.144055  -0.313178     2.0475   -1.37957
  0.353597 -0.0232423    1.97563   0.144029  -0.313187    2.04752   -1.37957
  0.353608 -0.0232464    1.97563   0.144003  -0.313197    2.04753   -1.37958
   0.35362 -0.0232505    1.97564   0.143977  -0.313206    2.04754   -1.37958
  0.353631 -0.0232546    1.97565   0.143951  -0.313215    2.04756   -1.37959
  0.353642 -0.0232586    1.97565   0.143925  -0.313224    2.04757   -1.37959
  0.353654 -0.0232627    1.97566   0.143899  -0.313233    2.04758    -1.3796
  0.353665 -0.0232667    1.97567   0.143874  -0.313243     2.0476    -1.3796
  0.353676 -0.0232707    1.97567   0.143848  -0.313252    2.04761   -1.37961
  0.353687 -0.0232747    1.97568   0.143823  -0.313261    2.04762   -1.37961
  0.353699 -0.0232786    1.97569   0.143797   -0.31327    2.04764   -1.37961
   0.35371 -0.0232826    1.97569   0.143772  -0.313279    2.04765   -1.37962
  0.353721 -0.0232865     1.9757   0.143747  -0.313289    2.04766   -1.37962
  0.353732 -0.0232904    1.97571   0.143722  -0.313298    2.04767   -1.37963
  0.353743 -0.0232943    1.97571   0.143697  -0.313307    2.04769   -1.37963
  0.353754 -0.0232982    1.97572   0.143672  -0.313316     2.0477   -1.37964
 0.353765 -0.023302   1.97573  0.143647 -0.313325   2.04771  -1.37964
  0.353776 -0.0233059    1.97574   0.143622  -0.313334    2.04773   -1.37965
  0.353786 -0.0233097    1.97574   0.143598  -0.313343    2.04774   -1.37965
  0.353797 -0.0233135    1.97575   0.143573  -0.313353    2.04775   -1.37965
  0.353808 -0.0233173    1.97576   0.143549  -0.313362    2.04776   -1.37966
 0.353819 -0.023321   1.97576  0.143524 -0.313371   2.04778  -1.37966
   0.35383 -0.0233248    1.97577     0.1435   -0.31338    2.04779   -1.37967
   0.35384 -0.0233285    1.97578   0.143476  -0.313389     2.0478   -1.37967
  0.353851 -0.0233322    1.97578   0.143451  -0.313398    2.04781   -1.37968
  0.353861 -0.0233359    1.97579   0.143427  -0.313407    2.04783   -1.37968
  0.353872 -0.0233396     1.9758   0.143403  -0.313416    2.04784   -1.37968
  0.353883 -0.0233433     1.9758    0.14338  -0.313425    2.04785   -1.37969
  0.353893 -0.0233469    1.97581   0.143356  -0.313435    2.04786   -1.37969
  0.353904 -0.0233506    1.97582   0.143332  -0.313444    2.04788    -1.3797
  0.353914 -0.0233542    1.97582   0.143308  -0.313453    2.04789    -1.3797
  0.353924 -0.0233578    1.97583   0.143285  -0.313462     2.0479    -1.3797
  0.353935 -0.0233614    1.97584   0.143261  -0.313471    2.04791   -1.37971
  0.353945 -0.0233649    1.97585   0.143238   -0.31348    2.04792   -1.37971
  0.353955 -0.0233685    1.97585   0.143215  -0.313489    2.04794   -1.37972
 0.353966 -0.023372   1.97586  0.143192 -0.313498   2.04795  -1.37972
  0.353976 -0.0233755    1.97587   0.143168  -0.313507    2.04796   -1.37973
 0.353986 -0.023379   1.97587  0.143145 -0.313516   2.04797  -1.37973
  0.353996 -0.0233825    1.97588   0.143122  -0.313525    2.04798   -1.37973
 0.354006 -0.023386   1.97589  0.143099 -0.313534     2.048  -1.37974
  0.354016 -0.0233894    1.97589   0.143077  -0.313543    2.04801   -1.37974
  0.354026 -0.0233929     1.9759   0.143054  -0.313552    2.04802   -1.37975
  0.354036 -0.0233963    1.97591   0.143031  -0.313561    2.04803   -1.37975
  0.354046 -0.0233997    1.97591   0.143009   -0.31357    2.04804   -1.37975
  0.354056 -0.0234031    1.97592   0.142986  -0.313579    2.04805   -1.37976
  0.354066 -0.0234065    1.97593   0.142964  -0.313588    2.04807   -1.37976
  0.354076 -0.0234098    1.97593   0.142941  -0.313597    2.04808   -1.37977
  0.354086 -0.0234132    1.97594   0.142919  -0.313606    2.04809   -1.37977
  0.354096 -0.0234165    1.97595   0.142897  -0.313615     2.0481   -1.37977
  0.354105 -0.0234198    1.97596   0.142875  -0.313624    2.04811   -1.37978
  0.354115 -0.0234231    1.97596   0.142853  -0.313633    2.04812   -1.37978
  0.354125 -0.0234264    1.97597   0.142831  -0.313642    2.04813   -1.37978
  0.354135 -0.0234296    1.97598   0.142809  -0.313651    2.04815   -1.37979
  0.354144 -0.0234329    1.97598   0.142787   -0.31366    2.04816   -1.37979
  0.354154 -0.0234361    1.97599   0.142766  -0.313669    2.04817    -1.3798
  0.354163 -0.0234393      1.976   0.142744  -0.313678    2.04818    -1.3798
  0.354173 -0.0234425      1.976   0.142722  -0.313687    2.04819    -1.3798
  0.354182 -0.0234457    1.97601   0.142701  -0.313696     2.0482   -1.37981
  0.354192 -0.0234489    1.97602    0.14268  -0.313705    2.04821   -1.37981
 0.354201 -0.023452   1.97602  0.142658 -0.313714   2.04822  -1.37982
  0.354211 -0.0234552    1.97603   0.142637  -0.313723    2.04823   -1.37982
   0.35422 -0.0234583    1.97604   0.142616  -0.313732    2.04824   -1.37982
   0.35423 -0.0234614    1.97605   0.142595  -0.313741    2.04826   -1.37983
  0.354239 -0.0234645    1.97605   0.142574  -0.313749    2.04827   -1.37983
  0.354248 -0.0234676    1.97606   0.142553  -0.313758    2.04828   -1.37983
  0.354257 -0.0234707    1.97607   0.142532  -0.313767    2.04829   -1.37984
  0.354267 -0.0234737    1.97607   0.142511  -0.313776     2.0483   -1.37984
  0.354276 -0.0234768    1.97608    0.14249  -0.313785    2.04831   -1.37985
  0.354285 -0.0234798    1.97609    0.14247  -0.313794    2.04832   -1.37985
  0.354294 -0.0234828    1.97609   0.142449  -0.313803    2.04833   -1.37985
  0.354303 -0.0234858     1.9761   0.142429  -0.313812    2.04834   -1.37986
  0.354312 -0.0234888    1.97611   0.142408  -0.313821    2.04835   -1.37986
  0.354321 -0.0234917    1.97611   0.142388  -0.313829    2.04836   -1.37986
   0.35433 -0.0234947    1.97612   0.142368  -0.313838    2.04837   -1.37987
  0.354339 -0.0234976    1.97613   0.142347  -0.313847    2.04838   -1.37987
  0.354348 -0.0235005    1.97614   0.142327  -0.313856    2.04839   -1.37987
  0.354357 -0.0235034    1.97614   0.142307  -0.313865     2.0484   -1.37988
  0.354366 -0.0235063    1.97615   0.142287  -0.313874    2.04841   -1.37988
  0.354375 -0.0235092    1.97616   0.142267  -0.313883    2.04842   -1.37988
  0.354384 -0.0235121    1.97616   0.142247  -0.313891    2.04843   -1.37989
  0.354393 -0.0235149    1.97617   0.142228    -0.3139    2.04844   -1.37989
  0.354401 -0.0235178    1.97618   0.142208  -0.313909    2.04845    -1.3799
   0.35441 -0.0235206    1.97618   0.142188  -0.313918    2.04846    -1.3799
  0.354419 -0.0235234    1.97619   0.142169  -0.313927    2.04847    -1.3799
  0.354427 -0.0235262     1.9762   0.142149  -0.313936    2.04849   -1.37991
 0.354436 -0.023529   1.97621   0.14213 -0.313944    2.0485  -1.37991
  0.354445 -0.0235317    1.97621    0.14211  -0.313953    2.04851   -1.37991
  0.354453 -0.0235345    1.97622   0.142091  -0.313962    2.04851   -1.37992
  0.354462 -0.0235372    1.97623   0.142072  -0.313971    2.04852   -1.37992
 0.35447 -0.02354  1.97623 0.142053 -0.31398  2.04853 -1.37992
  0.354479 -0.0235427    1.97624   0.142033  -0.313988    2.04854   -1.37993
  0.354487 -0.0235454    1.97625   0.142014  -0.313997    2.04855   -1.37993
  0.354496 -0.0235481    1.97625   0.141995  -0.314006    2.04856   -1.37993
  0.354504 -0.0235507    1.97626   0.141977  -0.314015    2.04857   -1.37994
  0.354513 -0.0235534    1.97627   0.141958  -0.314024    2.04858   -1.37994
  0.354521 -0.0235561    1.97628   0.141939  -0.314032    2.04859   -1.37994
  0.354529 -0.0235587    1.97628    0.14192  -0.314041     2.0486   -1.37995
  0.354538 -0.0235613    1.97629   0.141902   -0.31405    2.04861   -1.37995
  0.354546 -0.0235639     1.9763   0.141883  -0.314059    2.04862   -1.37995
  0.354554 -0.0235665     1.9763   0.141865  -0.314067    2.04863   -1.37996
  0.354563 -0.0235691    1.97631   0.141846  -0.314076    2.04864   -1.37996
  0.354571 -0.0235717    1.97632   0.141828  -0.314085    2.04865   -1.37996
  0.354579 -0.0235742    1.97632   0.141809  -0.314094    2.04866   -1.37997
  0.354587 -0.0235768    1.97633   0.141791  -0.314102    2.04867   -1.37997
  0.354595 -0.0235793    1.97634   0.141773  -0.314111    2.04868   -1.37997
  0.354603 -0.0235818    1.97635   0.141755   -0.31412    2.04869   -1.37998
  0.354611 -0.0235843    1.97635   0.141737  -0.314129     2.0487   -1.37998
  0.354619 -0.0235868    1.97636   0.141719  -0.314137    2.04871   -1.37998
  0.354627 -0.0235893    1.97637   0.141701  -0.314146    2.04872   -1.37999
  0.354635 -0.0235917    1.97637   0.141683  -0.314155    2.04872   -1.37999
  0.354643 -0.0235942    1.97638   0.141665  -0.314164    2.04873   -1.37999
  0.354651 -0.0235966    1.97639   0.141648  -0.314172    2.04874      -1.38
  0.354659 -0.0235991    1.97639    0.14163  -0.314181    2.04875      -1.38
  0.354667 -0.0236015     1.9764   0.141612   -0.31419    2.04876      -1.38
  0.354675 -0.0236039    1.97641   0.141595  -0.314198    2.04877      -1.38
  0.354683 -0.0236063    1.97642   0.141577  -0.314207    2.04878   -1.38001
   0.35469 -0.0236086    1.97642    0.14156  -0.314216    2.04879   -1.38001
 0.354698 -0.023611   1.97643  0.141542 -0.314224    2.0488  -1.38001
  0.354706 -0.0236134    1.97644   0.141525  -0.314233    2.04881   -1.38002
  0.354714 -0.0236157    1.97644   0.141508  -0.314242    2.04882   -1.38002
 0.354721 -0.023618   1.97645  0.141491 -0.314251   2.04882  -1.38002
  0.354729 -0.0236203    1.97646   0.141474  -0.314259    2.04883   -1.38003
  0.354737 -0.0236226    1.97646   0.141457  -0.314268    2.04884   -1.38003
  0.354744 -0.0236249    1.97647    0.14144  -0.314277    2.04885   -1.38003
  0.354752 -0.0236272    1.97648   0.141423  -0.314285    2.04886   -1.38004
  0.354759 -0.0236295    1.97649   0.141406  -0.314294    2.04887   -1.38004
  0.354767 -0.0236317    1.97649   0.141389  -0.314303    2.04888   -1.38004
 0.354774 -0.023634    1.9765  0.141372 -0.314311   2.04888  -1.38004
  0.354782 -0.0236362    1.97651   0.141356   -0.31432    2.04889   -1.38005
  0.354789 -0.0236384    1.97651   0.141339  -0.314328     2.0489   -1.38005
  0.354797 -0.0236407    1.97652   0.141322  -0.314337    2.04891   -1.38005
  0.354804 -0.0236428    1.97653   0.141306  -0.314346    2.04892   -1.38006
 0.354812 -0.023645   1.97653  0.141289 -0.314354   2.04893  -1.38006
  0.354819 -0.0236472    1.97654   0.141273  -0.314363    2.04894   -1.38006
  0.354826 -0.0236494    1.97655   0.141257  -0.314372    2.04894   -1.38007
  0.354834 -0.0236515    1.97656    0.14124   -0.31438    2.04895   -1.38007
  0.354841 -0.0236537    1.97656   0.141224  -0.314389    2.04896   -1.38007
  0.354848 -0.0236558    1.97657   0.141208  -0.314397    2.04897   -1.38007
  0.354856 -0.0236579    1.97658   0.141192  -0.314406    2.04898   -1.38008
 0.354863  -0.02366   1.97658  0.141176 -0.314415   2.04899  -1.38008
   0.35487 -0.0236621    1.97659    0.14116  -0.314423    2.04899   -1.38008
  0.354877 -0.0236642     1.9766   0.141144  -0.314432      2.049   -1.38009
  0.354884 -0.0236663    1.97661   0.141128   -0.31444    2.04901   -1.38009
  0.354891 -0.0236683    1.97661   0.141112  -0.314449    2.04902   -1.38009
  0.354898 -0.0236704    1.97662   0.141097  -0.314458    2.04903   -1.38009
  0.354906 -0.0236724    1.97663   0.141081  -0.314466    2.04903    -1.3801
