 0.0352423 0.00979296 0.00282564
 0.0381104  0.0047926 0.00364079
0.0398038 0.0014874 0.0041501
   0.0407814 -0.000754806     0.004458
  0.0413265 -0.00231982   0.0046347
  0.0416124 -0.00344579  0.00472699
  0.0417451 -0.00428128  0.00476585
  0.0417888 -0.00492001  0.00477165
  0.0417823 -0.00542187  0.00475767
  0.0417488 -0.00582571  0.00473249
 0.0417021 -0.0061572 0.00470158
  0.0416503 -0.00643368   0.0046684
  0.0415979 -0.00666714  0.00463503
  0.0415475 -0.00686616  0.00460274
 0.0415002  -0.007037 0.00457221
  0.0414566 -0.00718442  0.00454379
  0.0414169 -0.00731208  0.00451761
  0.0413808 -0.00742294  0.00449365
  0.0413482 -0.00751939  0.00447183
  0.0413187 -0.00760339  0.00445202
   0.041292 -0.00767662  0.00443407
  0.0412679 -0.00774049  0.00441784
 0.0412461 -0.0077962 0.00440316
 0.0412263 -0.0078448 0.00438991
  0.0412082 -0.00788719  0.00437793
  0.0411917 -0.00792415   0.0043671
  0.0411766 -0.00795636  0.00435732
  0.0411627 -0.00798442  0.00434847
  0.0411498 -0.00800884  0.00434046
  0.0411379 -0.00803007  0.00433321
  0.0411268 -0.00804852  0.00432664
  0.0411164 -0.00806453  0.00432068
 0.0411067 -0.0080784 0.00431526
 0.0410975 -0.0080904 0.00431035
  0.0410888 -0.00810076  0.00430587
  0.0410806 -0.00810969   0.0043018
  0.0410727 -0.00811736  0.00429808
  0.0410652 -0.00812393  0.00429468
  0.0410579 -0.00812953  0.00429158
  0.041051 -0.0081343 0.00428874
  0.0410442 -0.00813832  0.00428613
 0.0410377 -0.0081417 0.00428374
  0.0410314 -0.00814452  0.00428153
  0.0410252 -0.00814684   0.0042795
  0.0410192 -0.00814873  0.00427763
  0.0410134 -0.00815024  0.00427589
  0.0410076 -0.00815142  0.00427428
   0.041002 -0.00815231  0.00427279
  0.0409964 -0.00815295  0.00427139
   0.040991 -0.00815337  0.00427009
 0.0409856 -0.0081536 0.00426888
  0.0409803 -0.00815366  0.00426774
  0.0409751 -0.00815358  0.00426667
  0.0409699 -0.00815336  0.00426566
  0.0409648 -0.00815304  0.00426471
  0.0409597 -0.00815262  0.00426381
  0.0409547 -0.00815212  0.00426296
  0.0409498 -0.00815154  0.00426215
  0.0409449 -0.00815091  0.00426137
    0.04094 -0.00815021  0.00426063
  0.0409352 -0.00814948  0.00425993
 0.0409304 -0.0081487 0.00425925
  0.0409256 -0.00814788   0.0042586
  0.0409209 -0.00814704  0.00425797
  0.0409163 -0.00814617  0.00425737
  0.0409116 -0.00814528  0.00425678
   0.040907 -0.00814438  0.00425622
  0.0409024 -0.00814345  0.00425567
  0.0408979 -0.00814252  0.00425513
  0.0408933 -0.00814157  0.00425461
  0.0408889 -0.00814062   0.0042541
  0.0408844 -0.00813966  0.00425361
   0.04088 -0.0081387 0.00425312
  0.0408756 -0.00813773  0.00425265
  0.0408712 -0.00813676  0.00425219
  0.0408668 -0.00813578  0.00425173
  0.0408625 -0.00813481  0.00425128
  0.0408582 -0.00813384  0.00425084
  0.0408539 -0.00813286  0.00425041
  0.0408497 -0.00813189  0.00424999
  0.0408454 -0.00813092  0.00424957
  0.0408412 -0.00812995  0.00424915
  0.0408371 -0.00812899  0.00424874
  0.0408329 -0.00812803  0.00424834
  0.0408288 -0.00812707  0.00424794
  0.0408247 -0.00812611  0.00424755
  0.0408206 -0.00812516  0.00424716
  0.0408166 -0.00812421  0.00424678
  0.0408125 -0.00812326   0.0042464
  0.0408085 -0.00812232  0.00424602
  0.0408045 -0.00812139  0.00424565
  0.0408006 -0.00812046  0.00424528
  0.0407966 -0.00811953  0.00424491
 0.0407927 -0.0081186 0.00424455
  0.0407888 -0.00811768  0.00424419
   0.040785 -0.00811677  0.00424384
  0.0407811 -0.00811586  0.00424348
  0.0407773 -0.00811495  0.00424313
  0.0407735 -0.00811405  0.00424279
  0.0407697 -0.00811316  0.00424244
  0.0407659 -0.00811227   0.0042421
  0.0407622 -0.00811138  0.00424176
 0.0407585 -0.0081105 0.00424142
  0.0407548 -0.00810962  0.00424109
  0.0407511 -0.00810874  0.00424076
  0.0407475 -0.00810787  0.00424043
  0.0407438 -0.00810701   0.0042401
  0.0407402 -0.00810615  0.00423978
 0.0407366 -0.0081053 0.00423946
  0.0407331 -0.00810445  0.00423914
 0.0407295 -0.0081036 0.00423882
   0.040726 -0.00810276   0.0042385
  0.0407225 -0.00810192  0.00423819
   0.040719 -0.00810109  0.00423788
  0.0407155 -0.00810026  0.00423757
  0.0407121 -0.00809944  0.00423726
  0.0407086 -0.00809862  0.00423696
 0.0407052 -0.0080978 0.00423666
  0.0407018 -0.00809699  0.00423635
  0.0406985 -0.00809618  0.00423606
  0.0406951 -0.00809538  0.00423576
  0.0406918 -0.00809458  0.00423546
  0.0406885 -0.00809379  0.00423517
 0.0406852  -0.008093 0.00423488
  0.0406819 -0.00809222  0.00423459
  0.0406786 -0.00809144  0.00423431
  0.0406754 -0.00809066  0.00423402
  0.0406722 -0.00808989  0.00423374
   0.040669 -0.00808912  0.00423346
  0.0406658 -0.00808835  0.00423318
  0.0406626 -0.00808759   0.0042329
  0.0406595 -0.00808684  0.00423262
  0.0406564 -0.00808608  0.00423235
  0.0406532 -0.00808534  0.00423208
  0.0406502 -0.00808459  0.00423181
  0.0406471 -0.00808385  0.00423154
   0.040644 -0.00808312  0.00423127
   0.040641 -0.00808238  0.00423101
   0.040638 -0.00808166  0.00423074
   0.040635 -0.00808093  0.00423048
   0.040632 -0.00808021  0.00423022
   0.040629 -0.00807949  0.00422996
   0.040626 -0.00807878  0.00422971
  0.0406231 -0.00807807  0.00422945
  0.0406202 -0.00807737   0.0042292
  0.0406173 -0.00807666  0.00422895
  0.0406144 -0.00807597   0.0042287
  0.0406115 -0.00807527  0.00422845
  0.0406087 -0.00807458   0.0042282
 0.0406058 -0.0080739 0.00422796
   0.040603 -0.00807321  0.00422771
  0.0406002 -0.00807253  0.00422747
  0.0405974 -0.00807186  0.00422723
  0.0405946 -0.00807118  0.00422699
  0.0405919 -0.00807052  0.00422676
  0.0405891 -0.00806985  0.00422652
  0.0405864 -0.00806919  0.00422629
  0.0405837 -0.00806853  0.00422606
   0.040581 -0.00806788  0.00422583
  0.0405783 -0.00806723   0.0042256
  0.0405757 -0.00806658  0.00422537
   0.040573 -0.00806593  0.00422514
  0.0405704 -0.00806529  0.00422492
  0.0405678 -0.00806466  0.00422469
  0.0405652 -0.00806402  0.00422447
  0.0405626 -0.00806339  0.00422425
    0.04056 -0.00806276  0.00422403
  0.0405575 -0.00806214  0.00422382
  0.0405549 -0.00806152   0.0042236
 0.0405524 -0.0080609 0.00422338
  0.0405499 -0.00806029  0.00422317
  0.0405474 -0.00805968  0.00422296
  0.0405449 -0.00805907  0.00422275
  0.0405424 -0.00805846  0.00422254
  0.0405399 -0.00805786  0.00422233
  0.0405375 -0.00805726  0.00422213
  0.0405351 -0.00805667  0.00422192
  0.0405327 -0.00805608  0.00422172
  0.0405303 -0.00805549  0.00422152
 0.0405279 -0.0080549 0.00422132
  0.0405255 -0.00805432  0.00422112
  0.0405231 -0.00805374  0.00422092
  0.0405208 -0.00805317  0.00422072
  0.0405185 -0.00805259  0.00422053
  0.0405161 -0.00805202  0.00422033
  0.0405138 -0.00805145  0.00422014
  0.0405115 -0.00805089  0.00421995
  0.0405092 -0.00805033  0.00421976
   0.040507 -0.00804977  0.00421957
  0.0405047 -0.00804922  0.00421938
  0.0405025 -0.00804866  0.00421919
  0.0405003 -0.00804811  0.00421901
   0.040498 -0.00804757  0.00421882
  0.0404958 -0.00804702  0.00421864
  0.0404936 -0.00804648  0.00421846
  0.0404915 -0.00804594  0.00421828
  0.0404893 -0.00804541   0.0042181
  0.0404871 -0.00804488  0.00421792
   0.040485 -0.00804435  0.00421775
  0.0404829 -0.00804382  0.00421757
 0.0404808 -0.0080433  0.0042174
  0.0404786 -0.00804277  0.00421722
  0.0404766 -0.00804226  0.00421705
  0.0404745 -0.00804174  0.00421688
  0.0404724 -0.00804123  0.00421671
  0.0404703 -0.00804072  0.00421654
  0.0404683 -0.00804021  0.00421638
 0.0404663 -0.0080397 0.00421621
 0.0404642 -0.0080392 0.00421604
 0.0404622 -0.0080387 0.00421588
 0.0404602 -0.0080382 0.00421572
  0.0404582 -0.00803771  0.00421556
  0.0404563 -0.00803722  0.00421539
  0.0404543 -0.00803673  0.00421524
  0.0404524 -0.00803624  0.00421508
  0.0404504 -0.00803576  0.00421492
  0.0404485 -0.00803527  0.00421476
 0.0404466 -0.0080348 0.00421461
  0.0404446 -0.00803432  0.00421445
  0.0404428 -0.00803384   0.0042143
  0.0404409 -0.00803337  0.00421415
  0.040439 -0.0080329   0.004214
  0.0404371 -0.00803244  0.00421385
  0.0404353 -0.00803197   0.0042137
  0.0404334 -0.00803151  0.00421355
  0.0404316 -0.00803105   0.0042134
  0.0404298 -0.00803059  0.00421326
  0.0404279 -0.00803014  0.00421311
  0.0404261 -0.00802969  0.00421297
  0.0404244 -0.00802924  0.00421283
  0.0404226 -0.00802879  0.00421268
  0.0404208 -0.00802834  0.00421254
  0.040419 -0.0080279  0.0042124
  0.0404173 -0.00802746  0.00421226
  0.0404155 -0.00802702  0.00421213
  0.0404138 -0.00802658  0.00421199
  0.0404121 -0.00802615  0.00421185
  0.0404104 -0.00802572  0.00421172
  0.0404087 -0.00802529  0.00421158
   0.040407 -0.00802486  0.00421145
  0.0404053 -0.00802444  0.00421132
  0.0404036 -0.00802401  0.00421119
   0.040402 -0.00802359  0.00421105
  0.0404003 -0.00802318  0.00421092
  0.0403987 -0.00802276   0.0042108
   0.040397 -0.00802235  0.00421067
  0.0403954 -0.00802193  0.00421054
  0.0403938 -0.00802152  0.00421041
  0.0403922 -0.00802112  0.00421029
  0.0403906 -0.00802071  0.00421017
   0.040389 -0.00802031  0.00421004
  0.0403874 -0.00801991  0.00420992
  0.0403858 -0.00801951   0.0042098
  0.0403843 -0.00801911  0.00420968
  0.0403827 -0.00801871  0.00420956
  0.0403812 -0.00801832  0.00420944
  0.0403797 -0.00801793  0.00420932
  0.0403781 -0.00801754   0.0042092
  0.0403766 -0.00801715  0.00420908
  0.0403751 -0.00801677  0.00420897
  0.0403736 -0.00801639  0.00420885
  0.0403721 -0.00801601  0.00420874
  0.0403706 -0.00801563  0.00420863
  0.0403692 -0.00801525  0.00420851
  0.0403677 -0.00801487   0.0042084
 0.0403662 -0.0080145 0.00420829
  0.0403648 -0.00801413  0.00420818
  0.0403633 -0.00801376  0.00420807
  0.0403619 -0.00801339  0.00420796
  0.0403605 -0.00801303  0.00420785
  0.0403591 -0.00801266  0.00420775
 0.0403577 -0.0080123 0.00420764
  0.0403563 -0.00801194  0.00420754
  0.0403549 -0.00801158  0.00420743
  0.0403535 -0.00801123  0.00420733
  0.0403521 -0.00801087  0.00420722
  0.0403507 -0.00801052  0.00420712
  0.0403494 -0.00801017  0.00420702
   0.040348 -0.00800982  0.00420692
  0.0403467 -0.00800948  0.00420682
  0.0403453 -0.00800913  0.00420672
   0.040344 -0.00800879  0.00420662
  0.0403427 -0.00800844  0.00420652
 0.0403414 -0.0080081 0.00420642
  0.0403401 -0.00800777  0.00420633
  0.0403388 -0.00800743  0.00420623
 0.0403375 -0.0080071 0.00420613
  0.0403362 -0.00800676  0.00420604
  0.0403349 -0.00800643  0.00420594
 0.0403337 -0.0080061 0.00420585
  0.0403324 -0.00800577  0.00420576
  0.0403311 -0.00800545  0.00420567
  0.0403299 -0.00800512  0.00420558
 0.0403286 -0.0080048 0.00420548
  0.0403274 -0.00800448  0.00420539
  0.0403262 -0.00800416  0.00420531
   0.040325 -0.00800384  0.00420522
  0.0403238 -0.00800352  0.00420513
  0.0403226 -0.00800321  0.00420504
 0.0403214 -0.0080029 0.00420495
  0.0403202 -0.00800259  0.00420487
   0.040319 -0.00800228  0.00420478
  0.0403178 -0.00800197   0.0042047
  0.0403166 -0.00800166  0.00420461
  0.0403155 -0.00800136  0.00420453
  0.0403143 -0.00800105  0.00420445
  0.0403132 -0.00800075  0.00420436
   0.040312 -0.00800045  0.00420428
  0.0403109 -0.00800015   0.0042042
  0.0403097 -0.00799985  0.00420412
  0.0403086 -0.00799956  0.00420404
  0.0403075 -0.00799926  0.00420396
  0.0403064 -0.00799897  0.00420388
  0.0403053 -0.00799868  0.00420381
  0.0403042 -0.00799839  0.00420373
 0.0403031 -0.0079981 0.00420365
   0.040302 -0.00799781  0.00420357
  0.0403009 -0.00799753   0.0042035
  0.0402999 -0.00799724  0.00420342
  0.0402988 -0.00799696  0.00420335
  0.0402977 -0.00799668  0.00420327
 0.0402967 -0.0079964  0.0042032
  0.0402956 -0.00799612  0.00420313
  0.0402946 -0.00799585  0.00420306
  0.0402935 -0.00799557  0.00420298
 0.0402925 -0.0079953 0.00420291
  0.0402915 -0.00799502  0.00420284
  0.0402905 -0.00799475  0.00420277
  0.0402894 -0.00799448   0.0042027
  0.0402884 -0.00799421  0.00420263
  0.0402874 -0.00799395  0.00420256
  0.0402864 -0.00799368   0.0042025
  0.0402855 -0.00799342  0.00420243
  0.0402845 -0.00799315  0.00420236
  0.0402835 -0.00799289  0.00420229
  0.0402825 -0.00799263  0.00420223
  0.0402815 -0.00799237  0.00420216
  0.0402806 -0.00799212   0.0042021
  0.0402796 -0.00799186  0.00420203
 0.0402787 -0.0079916 0.00420197
  0.0402777 -0.00799135   0.0042019
 0.0402768 -0.0079911 0.00420184
  0.0402759 -0.00799085  0.00420178
 0.0402749 -0.0079906 0.00420172
   0.040274 -0.00799035  0.00420166
 0.0402731 -0.0079901 0.00420159
  0.0402722 -0.00798985  0.00420153
  0.0402713 -0.00798961  0.00420147
  0.0402704 -0.00798937  0.00420141
  0.0402695 -0.00798912  0.00420135
  0.0402686 -0.00798888   0.0042013
  0.0402677 -0.00798864  0.00420124
 0.0402668 -0.0079884 0.00420118
  0.0402659 -0.00798817  0.00420112
  0.0402651 -0.00798793  0.00420107
  0.0402642 -0.00798769  0.00420101
  0.0402633 -0.00798746  0.00420095
  0.0402625 -0.00798723   0.0042009
 0.0402616  -0.007987 0.00420084
  0.0402608 -0.00798676  0.00420079
  0.0402599 -0.00798654  0.00420073
  0.0402591 -0.00798631  0.00420068
  0.0402583 -0.00798608  0.00420063
  0.0402574 -0.00798585  0.00420057
  0.0402566 -0.00798563  0.00420052
  0.0402558 -0.00798541  0.00420047
   0.040255 -0.00798518  0.00420042
  0.0402542 -0.00798496  0.00420037
  0.0402534 -0.00798474  0.00420032
  0.0402526 -0.00798452  0.00420026
  0.0402518 -0.00798431  0.00420021
   0.040251 -0.00798409  0.00420017
  0.0402502 -0.00798387  0.00420012
  0.0402494 -0.00798366  0.00420007
  0.0402486 -0.00798344  0.00420002
  0.0402479 -0.00798323  0.00419997
  0.0402471 -0.00798302  0.00419992
  0.0402463 -0.00798281  0.00419988
 0.0402456 -0.0079826 0.00419983
  0.0402448 -0.00798239  0.00419978
  0.0402441 -0.00798219  0.00419974
  0.0402433 -0.00798198  0.00419969
  0.0402426 -0.00798177  0.00419965
  0.0402419 -0.00798157   0.0041996
  0.0402411 -0.00798137  0.00419956
  0.0402404 -0.00798116  0.00419951
  0.0402397 -0.00798096  0.00419947
   0.040239 -0.00798076  0.00419943
  0.0402382 -0.00798056  0.00419938
  0.0402375 -0.00798037  0.00419934
  0.0402368 -0.00798017   0.0041993
  0.0402361 -0.00797997  0.00419926
  0.0402354 -0.00797978  0.00419921
  0.0402347 -0.00797958  0.00419917
   0.040234 -0.00797939  0.00419913
 0.0402334 -0.0079792 0.00419909
  0.0402327 -0.00797901  0.00419905
   0.040232 -0.00797882  0.00419901
  0.0402313 -0.00797863  0.00419897
  0.0402306 -0.00797844  0.00419893
    0.04023 -0.00797825  0.00419889
  0.0402293 -0.00797807  0.00419885
  0.0402287 -0.00797788  0.00419882
  0.040228 -0.0079777 0.00419878
  0.0402273 -0.00797751  0.00419874
  0.0402267 -0.00797733   0.0041987
  0.0402261 -0.00797715  0.00419867
  0.0402254 -0.00797697  0.00419863
  0.0402248 -0.00797679  0.00419859
  0.0402241 -0.00797661  0.00419856
  0.0402235 -0.00797643  0.00419852
  0.0402229 -0.00797625  0.00419849
  0.0402223 -0.00797608  0.00419845
 0.0402217 -0.0079759 0.00419842
   0.040221 -0.00797573  0.00419838
  0.0402204 -0.00797555  0.00419835
  0.0402198 -0.00797538  0.00419832
  0.0402192 -0.00797521  0.00419828
  0.0402186 -0.00797503  0.00419825
   0.040218 -0.00797486  0.00419822
 0.0402174 -0.0079747 0.00419818
  0.0402168 -0.00797453  0.00419815
  0.0402163 -0.00797436  0.00419812
  0.0402157 -0.00797419  0.00419809
  0.0402151 -0.00797403  0.00419806
  0.0402145 -0.00797386  0.00419803
 0.0402139 -0.0079737   0.004198
  0.0402134 -0.00797353  0.00419797
  0.0402128 -0.00797337  0.00419794
  0.0402122 -0.00797321  0.00419791
  0.0402117 -0.00797305  0.00419788
  0.0402111 -0.00797288  0.00419785
  0.0402106 -0.00797273  0.00419782
    0.04021 -0.00797257  0.00419779
  0.0402095 -0.00797241  0.00419776
  0.0402089 -0.00797225  0.00419773
  0.0402084 -0.00797209   0.0041977
  0.0402079 -0.00797194  0.00419768
  0.0402073 -0.00797178  0.00419765
  0.0402068 -0.00797163  0.00419762
  0.0402063 -0.00797148  0.00419759
  0.0402057 -0.00797132  0.00419757
  0.0402052 -0.00797117  0.00419754
  0.0402047 -0.00797102  0.00419752
  0.0402042 -0.00797087  0.00419749
  0.0402037 -0.00797072  0.00419746
  0.0402032 -0.00797057  0.00419744
  0.0402027 -0.00797042  0.00419741
  0.0402022 -0.00797027  0.00419739
  0.0402017 -0.00797013  0.00419736
  0.0402012 -0.00796998  0.00419734
  0.0402007 -0.00796984  0.00419731
  0.0402002 -0.00796969  0.00419729
  0.0401997 -0.00796955  0.00419727
 0.0401992 -0.0079694 0.00419724
  0.0401987 -0.00796926  0.00419722
  0.0401982 -0.00796912   0.0041972
  0.0401978 -0.00796898  0.00419717
  0.0401973 -0.00796884  0.00419715
 0.0401968 -0.0079687 0.00419713
  0.0401963 -0.00796856  0.00419711
  0.0401959 -0.00796842  0.00419709
  0.0401954 -0.00796828  0.00419706
   0.040195 -0.00796815  0.00419704
  0.0401945 -0.00796801  0.00419702
   0.040194 -0.00796788    0.004197
  0.0401936 -0.00796774  0.00419698
  0.0401931 -0.00796761  0.00419696
  0.0401927 -0.00796747  0.00419694
  0.0401922 -0.00796734  0.00419692
  0.0401918 -0.00796721   0.0041969
  0.0401914 -0.00796708  0.00419688
  0.0401909 -0.00796694  0.00419686
  0.0401905 -0.00796681  0.00419684
  0.0401901 -0.00796668  0.00419682
  0.0401896 -0.00796656   0.0041968
  0.0401892 -0.00796643  0.00419678
 0.0401888 -0.0079663 0.00419677
  0.0401884 -0.00796617  0.00419675
  0.0401879 -0.00796605  0.00419673
  0.0401875 -0.00796592  0.00419671
  0.0401871 -0.00796579  0.00419669
  0.0401867 -0.00796567  0.00419668
  0.0401863 -0.00796555  0.00419666
  0.0401859 -0.00796542  0.00419664
 0.0401855 -0.0079653 0.00419663
  0.0401851 -0.00796518  0.00419661
  0.0401847 -0.00796505  0.00419659
  0.0401843 -0.00796493  0.00419658
  0.0401839 -0.00796481  0.00419656
  0.0401835 -0.00796469  0.00419654
  0.0401831 -0.00796457  0.00419653
  0.0401827 -0.00796446  0.00419651
  0.0401823 -0.00796434   0.0041965
  0.0401819 -0.00796422  0.00419648
 0.0401816 -0.0079641 0.00419647
  0.0401812 -0.00796399  0.00419645
  0.0401808 -0.00796387  0.00419644
  0.0401804 -0.00796375  0.00419642
  0.0401801 -0.00796364  0.00419641
  0.0401797 -0.00796353   0.0041964
  0.0401793 -0.00796341  0.00419638
  0.040179 -0.0079633 0.00419637
  0.0401786 -0.00796319  0.00419635
  0.0401782 -0.00796307  0.00419634
  0.0401779 -0.00796296  0.00419633
  0.0401775 -0.00796285  0.00419631
  0.0401772 -0.00796274   0.0041963
  0.0401768 -0.00796263  0.00419629
  0.0401765 -0.00796252  0.00419628
  0.0401761 -0.00796241  0.00419626
  0.0401758 -0.00796231  0.00419625
 0.0401754 -0.0079622 0.00419624
  0.0401751 -0.00796209  0.00419623
  0.0401747 -0.00796198  0.00419622
  0.0401744 -0.00796188   0.0041962
  0.0401741 -0.00796177  0.00419619
  0.0401737 -0.00796167  0.00419618
  0.0401734 -0.00796156  0.00419617
  0.0401731 -0.00796146  0.00419616
  0.0401727 -0.00796135  0.00419615
  0.0401724 -0.00796125  0.00419614
  0.0401721 -0.00796115  0.00419613
  0.0401718 -0.00796105  0.00419612
  0.0401715 -0.00796095  0.00419611
  0.0401711 -0.00796084   0.0041961
  0.0401708 -0.00796074  0.00419609
  0.0401705 -0.00796064  0.00419608
  0.0401702 -0.00796054  0.00419607
  0.0401699 -0.00796044  0.00419606
  0.0401696 -0.00796035  0.00419605
  0.0401693 -0.00796025  0.00419604
   0.040169 -0.00796015  0.00419603
  0.0401687 -0.00796005  0.00419602
  0.0401684 -0.00795996  0.00419601
  0.0401681 -0.00795986    0.004196
  0.0401678 -0.00795976  0.00419599
  0.0401675 -0.00795967  0.00419598
  0.0401672 -0.00795957  0.00419598
  0.0401669 -0.00795948  0.00419597
  0.0401666 -0.00795938  0.00419596
  0.0401663 -0.00795929  0.00419595
  0.040166 -0.0079592 0.00419594
 0.0401657 -0.0079591 0.00419594
  0.0401654 -0.00795901  0.00419593
  0.0401652 -0.00795892  0.00419592
  0.0401649 -0.00795883  0.00419591
  0.0401646 -0.00795874  0.00419591
  0.0401643 -0.00795865   0.0041959
   0.040164 -0.00795856  0.00419589
  0.0401638 -0.00795847  0.00419589
  0.0401635 -0.00795838  0.00419588
  0.0401632 -0.00795829  0.00419587
  0.040163 -0.0079582 0.00419587
  0.0401627 -0.00795811  0.00419586
  0.0401624 -0.00795803  0.00419585
  0.0401622 -0.00795794  0.00419585
  0.0401619 -0.00795785  0.00419584
  0.0401616 -0.00795777  0.00419583
  0.0401614 -0.00795768  0.00419583
 0.0401611 -0.0079576 0.00419582
  0.0401609 -0.00795751  0.00419582
  0.0401606 -0.00795743  0.00419581
  0.0401604 -0.00795734  0.00419581
  0.0401601 -0.00795726   0.0041958
  0.0401599 -0.00795717   0.0041958
  0.0401596 -0.00795709  0.00419579
  0.0401594 -0.00795701  0.00419579
  0.0401591 -0.00795693  0.00419578
  0.0401589 -0.00795684  0.00419578
  0.0401586 -0.00795676  0.00419577
  0.0401584 -0.00795668  0.00419577
 0.0401581 -0.0079566 0.00419576
  0.0401579 -0.00795652  0.00419576
  0.0401577 -0.00795644  0.00419575
  0.0401574 -0.00795636  0.00419575
  0.0401572 -0.00795628  0.00419575
  0.040157 -0.0079562 0.00419574
  0.0401567 -0.00795613  0.00419574
  0.0401565 -0.00795605  0.00419573
  0.0401563 -0.00795597  0.00419573
   0.040156 -0.00795589  0.00419573
  0.0401558 -0.00795582  0.00419572
  0.0401556 -0.00795574  0.00419572
  0.0401554 -0.00795566  0.00419572
  0.0401552 -0.00795559  0.00419571
  0.0401549 -0.00795551  0.00419571
  0.0401547 -0.00795544  0.00419571
  0.0401545 -0.00795536  0.00419571
  0.0401543 -0.00795529   0.0041957
  0.0401541 -0.00795521   0.0041957
  0.0401539 -0.00795514   0.0041957
  0.0401536 -0.00795507   0.0041957
  0.0401534 -0.00795499  0.00419569
  0.0401532 -0.00795492  0.00419569
   0.040153 -0.00795485  0.00419569
  0.0401528 -0.00795478  0.00419569
 0.0401526 -0.0079547 0.00419568
  0.0401524 -0.00795463  0.00419568
  0.0401522 -0.00795456  0.00419568
   0.040152 -0.00795449  0.00419568
  0.0401518 -0.00795442  0.00419568
  0.0401516 -0.00795435  0.00419567
  0.0401514 -0.00795428  0.00419567
  0.0401512 -0.00795421  0.00419567
   0.040151 -0.00795414  0.00419567
  0.0401508 -0.00795407  0.00419567
  0.0401506 -0.00795401  0.00419567
  0.0401504 -0.00795394  0.00419567
  0.0401502 -0.00795387  0.00419567
   0.04015 -0.0079538 0.00419566
  0.0401498 -0.00795374  0.00419566
  0.0401497 -0.00795367  0.00419566
 0.0401495 -0.0079536 0.00419566
  0.0401493 -0.00795354  0.00419566
  0.0401491 -0.00795347  0.00419566
  0.0401489 -0.00795341  0.00419566
  0.0401487 -0.00795334  0.00419566
  0.0401486 -0.00795328  0.00419566
  0.0401484 -0.00795321  0.00419566
  0.0401482 -0.00795315  0.00419566
   0.040148 -0.00795308  0.00419566
  0.0401478 -0.00795302  0.00419566
  0.0401477 -0.00795296  0.00419566
  0.0401475 -0.00795289  0.00419566
  0.0401473 -0.00795283  0.00419566
  0.0401472 -0.00795277  0.00419566
   0.040147 -0.00795271  0.00419566
  0.0401468 -0.00795264  0.00419566
  0.0401466 -0.00795258  0.00419566
  0.0401465 -0.00795252  0.00419566
  0.0401463 -0.00795246  0.00419566
 0.0401461 -0.0079524 0.00419566
   0.040146 -0.00795234  0.00419566
  0.0401458 -0.00795228  0.00419566
  0.0401456 -0.00795222  0.00419566
  0.0401455 -0.00795216  0.00419566
 0.0401453 -0.0079521 0.00419566
  0.0401452 -0.00795204  0.00419566
   0.040145 -0.00795198  0.00419566
  0.0401448 -0.00795192  0.00419567
  0.0401447 -0.00795187  0.00419567
  0.0401445 -0.00795181  0.00419567
  0.0401444 -0.00795175  0.00419567
  0.0401442 -0.00795169  0.00419567
  0.0401441 -0.00795163  0.00419567
  0.0401439 -0.00795158  0.00419567
  0.0401438 -0.00795152  0.00419567
  0.0401436 -0.00795146  0.00419568
  0.0401435 -0.00795141  0.00419568
  0.0401433 -0.00795135  0.00419568
 0.0401432 -0.0079513 0.00419568
   0.040143 -0.00795124  0.00419568
  0.0401429 -0.00795119  0.00419568
  0.0401427 -0.00795113  0.00419569
  0.0401426 -0.00795108  0.00419569
  0.0401425 -0.00795102  0.00419569
  0.0401423 -0.00795097  0.00419569
  0.0401422 -0.00795092  0.00419569
   0.040142 -0.00795086  0.00419569
  0.0401419 -0.00795081   0.0041957
  0.0401418 -0.00795076   0.0041957
 0.0401416 -0.0079507  0.0041957
  0.0401415 -0.00795065   0.0041957
 0.0401413 -0.0079506 0.00419571
  0.0401412 -0.00795055  0.00419571
  0.0401411 -0.00795049  0.00419571
  0.0401409 -0.00795044  0.00419571
  0.0401408 -0.00795039  0.00419572
  0.0401407 -0.00795034  0.00419572
  0.0401405 -0.00795029  0.00419572
  0.0401404 -0.00795024  0.00419572
  0.0401403 -0.00795019  0.00419573
  0.0401402 -0.00795014  0.00419573
    0.04014 -0.00795009  0.00419573
  0.0401399 -0.00795004  0.00419573
  0.0401398 -0.00794999  0.00419574
  0.0401397 -0.00794994  0.00419574
  0.0401395 -0.00794989  0.00419574
  0.0401394 -0.00794984  0.00419575
  0.0401393 -0.00794979  0.00419575
  0.0401392 -0.00794974  0.00419575
  0.040139 -0.0079497 0.00419575
  0.0401389 -0.00794965  0.00419576
 0.0401388 -0.0079496 0.00419576
  0.0401387 -0.00794955  0.00419576
 0.0401386 -0.0079495 0.00419577
  0.0401384 -0.00794946  0.00419577
  0.0401383 -0.00794941  0.00419577
  0.0401382 -0.00794936  0.00419578
  0.0401381 -0.00794932  0.00419578
   0.040138 -0.00794927  0.00419578
  0.0401379 -0.00794923  0.00419579
  0.0401378 -0.00794918  0.00419579
  0.0401376 -0.00794913  0.00419579
  0.0401375 -0.00794909   0.0041958
  0.0401374 -0.00794904   0.0041958
 0.0401373  -0.007949 0.00419581
  0.0401372 -0.00794895  0.00419581
  0.0401371 -0.00794891  0.00419581
   0.040137 -0.00794886  0.00419582
  0.0401369 -0.00794882  0.00419582
  0.0401368 -0.00794878  0.00419582
  0.0401367 -0.00794873  0.00419583
  0.0401366 -0.00794869  0.00419583
  0.0401365 -0.00794865  0.00419584
 0.0401364 -0.0079486 0.00419584
  0.0401362 -0.00794856  0.00419584
  0.0401361 -0.00794852  0.00419585
   0.040136 -0.00794847  0.00419585
  0.0401359 -0.00794843  0.00419586
  0.0401358 -0.00794839  0.00419586
  0.0401357 -0.00794835  0.00419586
  0.0401356 -0.00794831  0.00419587
  0.0401355 -0.00794826  0.00419587
  0.0401354 -0.00794822  0.00419588
  0.0401353 -0.00794818  0.00419588
  0.0401353 -0.00794814  0.00419588
 0.0401352 -0.0079481 0.00419589
  0.0401351 -0.00794806  0.00419589
   0.040135 -0.00794802   0.0041959
  0.0401349 -0.00794798   0.0041959
  0.0401348 -0.00794794  0.00419591
 0.0401347 -0.0079479 0.00419591
  0.0401346 -0.00794786  0.00419592
  0.0401345 -0.00794782  0.00419592
  0.0401344 -0.00794778  0.00419592
  0.0401343 -0.00794774  0.00419593
 0.0401342 -0.0079477 0.00419593
  0.0401341 -0.00794766  0.00419594
   0.040134 -0.00794762  0.00419594
   0.040134 -0.00794758  0.00419595
  0.0401339 -0.00794755  0.00419595
  0.0401338 -0.00794751  0.00419596
  0.0401337 -0.00794747  0.00419596
  0.0401336 -0.00794743  0.00419597
  0.0401335 -0.00794739  0.00419597
  0.0401334 -0.00794736  0.00419598
  0.0401334 -0.00794732  0.00419598
  0.0401333 -0.00794728  0.00419599
  0.0401332 -0.00794724  0.00419599
  0.0401331 -0.00794721    0.004196
   0.040133 -0.00794717    0.004196
  0.0401329 -0.00794713  0.00419601
 0.0401329 -0.0079471 0.00419601
  0.0401328 -0.00794706  0.00419602
  0.0401327 -0.00794703  0.00419602
  0.0401326 -0.00794699  0.00419603
  0.0401325 -0.00794695  0.00419603
  0.0401325 -0.00794692  0.00419604
  0.0401324 -0.00794688  0.00419604
  0.0401323 -0.00794685  0.00419605
  0.0401322 -0.00794681  0.00419605
  0.0401322 -0.00794678  0.00419606
  0.0401321 -0.00794674  0.00419606
   0.040132 -0.00794671  0.00419607
  0.0401319 -0.00794667  0.00419607
  0.0401318 -0.00794664  0.00419608
  0.0401318 -0.00794661  0.00419608
  0.0401317 -0.00794657  0.00419609
  0.0401316 -0.00794654  0.00419609
 0.0401316 -0.0079465  0.0041961
  0.0401315 -0.00794647   0.0041961
  0.0401314 -0.00794644  0.00419611
 0.0401313 -0.0079464 0.00419611
  0.0401313 -0.00794637  0.00419612
  0.0401312 -0.00794634  0.00419612
 0.0401311 -0.0079463 0.00419613
  0.0401311 -0.00794627  0.00419614
   0.040131 -0.00794624  0.00419614
  0.0401309 -0.00794621  0.00419615
  0.0401309 -0.00794617  0.00419615
  0.0401308 -0.00794614  0.00419616
  0.0401307 -0.00794611  0.00419616
  0.0401307 -0.00794608  0.00419617
  0.0401306 -0.00794605  0.00419617
  0.0401305 -0.00794602  0.00419618
  0.0401305 -0.00794598  0.00419618
  0.0401304 -0.00794595  0.00419619
  0.0401303 -0.00794592   0.0041962
  0.0401303 -0.00794589   0.0041962
  0.0401302 -0.00794586  0.00419621
  0.0401301 -0.00794583  0.00419621
 0.0401301 -0.0079458 0.00419622
    0.04013 -0.00794577  0.00419622
  0.0401299 -0.00794574  0.00419623
  0.0401299 -0.00794571  0.00419623
  0.0401298 -0.00794568  0.00419624
  0.0401298 -0.00794565  0.00419625
  0.0401297 -0.00794562  0.00419625
  0.0401296 -0.00794559  0.00419626
  0.0401296 -0.00794556  0.00419626
  0.0401295 -0.00794553  0.00419627
 0.0401295 -0.0079455 0.00419627
  0.0401294 -0.00794547  0.00419628
  0.0401294 -0.00794544  0.00419629
  0.0401293 -0.00794541  0.00419629
  0.0401292 -0.00794538   0.0041963
  0.0401292 -0.00794536   0.0041963
  0.0401291 -0.00794533  0.00419631
 0.0401291 -0.0079453 0.00419632
   0.040129 -0.00794527  0.00419632
   0.040129 -0.00794524  0.00419633
  0.0401289 -0.00794521  0.00419633
  0.0401288 -0.00794519  0.00419634
  0.0401288 -0.00794516  0.00419634
  0.0401287 -0.00794513  0.00419635
 0.0401287 -0.0079451 0.00419636
  0.0401286 -0.00794508  0.00419636
  0.0401286 -0.00794505  0.00419637
  0.0401285 -0.00794502  0.00419637
  0.0401285 -0.00794499  0.00419638
  0.0401284 -0.00794497  0.00419639
  0.0401284 -0.00794494  0.00419639
  0.0401283 -0.00794491   0.0041964
  0.0401283 -0.00794489   0.0041964
  0.0401282 -0.00794486  0.00419641
  0.0401282 -0.00794483  0.00419642
  0.0401281 -0.00794481  0.00419642
  0.0401281 -0.00794478  0.00419643
   0.040128 -0.00794475  0.00419643
   0.040128 -0.00794473  0.00419644
 0.0401279 -0.0079447 0.00419645
  0.0401279 -0.00794468  0.00419645
  0.0401278 -0.00794465  0.00419646
  0.0401278 -0.00794463  0.00419646
 0.0401277 -0.0079446 0.00419647
  0.0401277 -0.00794458  0.00419648
  0.0401276 -0.00794455  0.00419648
  0.0401276 -0.00794453  0.00419649
 0.0401276 -0.0079445 0.00419649
  0.0401275 -0.00794448   0.0041965
  0.0401275 -0.00794445  0.00419651
  0.0401274 -0.00794443  0.00419651
 0.0401274 -0.0079444 0.00419652
  0.0401273 -0.00794438  0.00419652
  0.0401273 -0.00794435  0.00419653
  0.0401272 -0.00794433  0.00419654
 0.0401272 -0.0079443 0.00419654
  0.0401272 -0.00794428  0.00419655
  0.0401271 -0.00794426  0.00419655
  0.0401271 -0.00794423  0.00419656
   0.040127 -0.00794421  0.00419657
   0.040127 -0.00794419  0.00419657
  0.0401269 -0.00794416  0.00419658
  0.0401269 -0.00794414  0.00419658
  0.0401269 -0.00794412  0.00419659
  0.0401268 -0.00794409   0.0041966
  0.0401268 -0.00794407   0.0041966
  0.0401267 -0.00794405  0.00419661
  0.0401267 -0.00794402  0.00419661
 0.0401267  -0.007944 0.00419662
  0.0401266 -0.00794398  0.00419663
  0.0401266 -0.00794395  0.00419663
  0.0401265 -0.00794393  0.00419664
  0.0401265 -0.00794391  0.00419664
  0.0401265 -0.00794389  0.00419665
  0.0401264 -0.00794387  0.00419666
  0.0401264 -0.00794384  0.00419666
  0.0401264 -0.00794382  0.00419667
 0.0401263 -0.0079438 0.00419668
  0.0401263 -0.00794378  0.00419668
  0.0401262 -0.00794376  0.00419669
  0.0401262 -0.00794373  0.00419669
  0.0401262 -0.00794371   0.0041967
  0.0401261 -0.00794369  0.00419671
  0.0401261 -0.00794367  0.00419671
  0.0401261 -0.00794365  0.00419672
   0.040126 -0.00794363  0.00419672
   0.040126 -0.00794361  0.00419673
   0.040126 -0.00794358  0.00419674
  0.0401259 -0.00794356  0.00419674
  0.0401259 -0.00794354  0.00419675
  0.0401259 -0.00794352  0.00419676
 0.0401258 -0.0079435 0.00419676
  0.0401258 -0.00794348  0.00419677
  0.0401258 -0.00794346  0.00419677
  0.0401257 -0.00794344  0.00419678
  0.0401257 -0.00794342  0.00419679
 0.0401257 -0.0079434 0.00419679
  0.0401256 -0.00794338   0.0041968
  0.0401256 -0.00794336   0.0041968
  0.0401256 -0.00794334  0.00419681
  0.0401255 -0.00794332  0.00419682
 0.0401255 -0.0079433 0.00419682
  0.0401255 -0.00794328  0.00419683
  0.0401254 -0.00794326  0.00419683
  0.0401254 -0.00794324  0.00419684
  0.0401254 -0.00794322  0.00419685
 0.0401254 -0.0079432 0.00419685
  0.0401253 -0.00794318  0.00419686
  0.0401253 -0.00794316  0.00419687
  0.0401253 -0.00794314  0.00419687
  0.0401252 -0.00794312  0.00419688
 0.0401252 -0.0079431 0.00419688
  0.0401252 -0.00794309  0.00419689
  0.0401252 -0.00794307   0.0041969
  0.0401251 -0.00794305   0.0041969
  0.0401251 -0.00794303  0.00419691
  0.0401251 -0.00794301  0.00419691
   0.040125 -0.00794299  0.00419692
   0.040125 -0.00794297  0.00419693
   0.040125 -0.00794296  0.00419693
   0.040125 -0.00794294  0.00419694
  0.0401249 -0.00794292  0.00419694
 0.0401249 -0.0079429 0.00419695
  0.0401249 -0.00794288  0.00419696
  0.0401249 -0.00794286  0.00419696
  0.0401248 -0.00794285  0.00419697
  0.0401248 -0.00794283  0.00419697
  0.0401248 -0.00794281  0.00419698
  0.0401247 -0.00794279  0.00419699
  0.0401247 -0.00794277  0.00419699
  0.0401247 -0.00794276    0.004197
  0.0401247 -0.00794274  0.00419701
  0.0401246 -0.00794272  0.00419701
 0.0401246 -0.0079427 0.00419702
  0.0401246 -0.00794269  0.00419702
  0.0401246 -0.00794267  0.00419703
  0.0401246 -0.00794265  0.00419704
  0.0401245 -0.00794264  0.00419704
  0.0401245 -0.00794262  0.00419705
 0.0401245 -0.0079426 0.00419705
  0.0401245 -0.00794258  0.00419706
  0.0401244 -0.00794257  0.00419707
  0.0401244 -0.00794255  0.00419707
  0.0401244 -0.00794253  0.00419708
  0.0401244 -0.00794252  0.00419708
 0.0401243 -0.0079425 0.00419709
  0.0401243 -0.00794248   0.0041971
  0.0401243 -0.00794247   0.0041971
  0.0401243 -0.00794245  0.00419711
  0.0401243 -0.00794244  0.00419711
  0.0401242 -0.00794242  0.00419712
 0.0401242 -0.0079424 0.00419713
  0.0401242 -0.00794239  0.00419713
  0.0401242 -0.00794237  0.00419714
  0.0401241 -0.00794236  0.00419714
  0.0401241 -0.00794234  0.00419715
  0.0401241 -0.00794232  0.00419716
  0.0401241 -0.00794231  0.00419716
  0.0401241 -0.00794229  0.00419717
   0.040124 -0.00794228  0.00419717
   0.040124 -0.00794226  0.00419718
   0.040124 -0.00794225  0.00419718
   0.040124 -0.00794223  0.00419719
   0.040124 -0.00794221   0.0041972
 0.0401239 -0.0079422  0.0041972
  0.0401239 -0.00794218  0.00419721
  0.0401239 -0.00794217  0.00419721
  0.0401239 -0.00794215  0.00419722
  0.0401239 -0.00794214  0.00419723
  0.0401239 -0.00794212  0.00419723
  0.0401238 -0.00794211  0.00419724
  0.0401238 -0.00794209  0.00419724
  0.0401238 -0.00794208  0.00419725
  0.0401238 -0.00794206  0.00419726
  0.0401238 -0.00794205  0.00419726
  0.0401237 -0.00794203  0.00419727
  0.0401237 -0.00794202  0.00419727
  0.0401237 -0.00794201  0.00419728
  0.0401237 -0.00794199  0.00419728
  0.0401237 -0.00794198  0.00419729
  0.0401237 -0.00794196   0.0041973
  0.0401236 -0.00794195   0.0041973
  0.0401236 -0.00794193  0.00419731
  0.0401236 -0.00794192  0.00419731
 0.0401236 -0.0079419 0.00419732
  0.0401236 -0.00794189  0.00419733
  0.0401236 -0.00794188  0.00419733
  0.0401235 -0.00794186  0.00419734
  0.0401235 -0.00794185  0.00419734
  0.0401235 -0.00794183  0.00419735
  0.0401235 -0.00794182  0.00419735
  0.0401235 -0.00794181  0.00419736
  0.0401235 -0.00794179  0.00419737
  0.0401234 -0.00794178  0.00419737
  0.0401234 -0.00794177  0.00419738
  0.0401234 -0.00794175  0.00419738
  0.0401234 -0.00794174  0.00419739
  0.0401234 -0.00794173  0.00419739
  0.0401234 -0.00794171   0.0041974
 0.0401234 -0.0079417 0.00419741
  0.0401233 -0.00794169  0.00419741
  0.0401233 -0.00794167  0.00419742
  0.0401233 -0.00794166  0.00419742
  0.0401233 -0.00794165  0.00419743
  0.0401233 -0.00794163  0.00419743
  0.0401233 -0.00794162  0.00419744
  0.0401233 -0.00794161  0.00419745
  0.0401232 -0.00794159  0.00419745
  0.0401232 -0.00794158  0.00419746
  0.0401232 -0.00794157  0.00419746
  0.0401232 -0.00794156  0.00419747
  0.0401232 -0.00794154  0.00419747
  0.0401232 -0.00794153  0.00419748
  0.0401232 -0.00794152  0.00419748
 0.0401231 -0.0079415 0.00419749
  0.0401231 -0.00794149   0.0041975
  0.0401231 -0.00794148   0.0041975
