0.00951034 -0.0240831  0.0345806
0.0119628 -0.024306 0.0313416
 0.0137992 -0.0242767  0.0289715
 0.0152212 -0.0241206  0.0271762
 0.0163583 -0.0239083  0.0257688
 0.0172939 -0.0236787  0.0246293
 0.0180825 -0.0234524  0.0236797
 0.0187602 -0.0232397   0.022869
 0.0193514 -0.0230449  0.0221634
  0.019873 -0.0228691  0.0215398
  0.020337 -0.0227119  0.0209823
 0.0207524 -0.0225721  0.0204799
 0.021126 -0.022448 0.0200241
0.0214629 -0.022338 0.0196089
 0.0217675 -0.0222406  0.0192295
 0.0220435 -0.0221542   0.018882
 0.0222937 -0.0220775  0.0185632
 0.0225208 -0.0220094  0.0182704
  0.022727 -0.0219489  0.0180013
 0.0229144 -0.0218949  0.0177539
 0.0230847 -0.0218468  0.0175262
 0.0232395 -0.0218039  0.0173167
 0.0233803 -0.0217654  0.0171238
 0.0235083 -0.0217309  0.0169463
 0.0236247 -0.0216999  0.0167828
 0.0237305 -0.0216721  0.0166323
 0.0238267 -0.0216469  0.0164937
 0.0239141 -0.0216242   0.016366
 0.0239935 -0.0216035  0.0162485
 0.0240657 -0.0215848  0.0161402
 0.0241312 -0.0215678  0.0160404
 0.0241907 -0.0215522  0.0159485
 0.0242447 -0.0215379  0.0158637
 0.0242936 -0.0215248  0.0157857
 0.0243379 -0.0215127  0.0157137
 0.0243781 -0.0215015  0.0156474
 0.0244145 -0.0214911  0.0155862
 0.0244473 -0.0214814  0.0155298
  0.024477 -0.0214724  0.0154777
0.0245038 -0.021464 0.0154297
0.0245279 -0.021456 0.0153854
 0.0245496 -0.0214485  0.0153444
 0.0245691 -0.0214414  0.0153066
 0.0245866 -0.0214347  0.0152717
 0.0246022 -0.0214283  0.0152394
 0.0246161 -0.0214222  0.0152095
 0.0246285 -0.0214163  0.0151819
 0.0246395 -0.0214107  0.0151563
 0.0246492 -0.0214052  0.0151327
0.0246577   -0.0214 0.0151107
 0.0246652 -0.0213949  0.0150904
0.0246716  -0.02139 0.0150715
 0.0246772 -0.0213852  0.0150539
  0.024682 -0.0213805  0.0150376
  0.024686 -0.0213759  0.0150225
 0.0246893 -0.0213715  0.0150084
  0.024692 -0.0213671  0.0149952
 0.0246942 -0.0213628   0.014983
 0.0246958 -0.0213586  0.0149715
 0.0246969 -0.0213545  0.0149608
 0.0246976 -0.0213504  0.0149508
  0.024698 -0.0213464  0.0149415
 0.0246979 -0.0213425  0.0149327
 0.0246975 -0.0213386  0.0149244
 0.0246969 -0.0213347  0.0149167
 0.0246959 -0.0213309  0.0149094
 0.0246947 -0.0213271  0.0149025
 0.0246933 -0.0213234   0.014896
 0.0246917 -0.0213197  0.0148899
 0.0246899 -0.0213161  0.0148841
 0.0246879 -0.0213124  0.0148786
 0.0246858 -0.0213088  0.0148733
 0.0246835 -0.0213053  0.0148683
 0.0246811 -0.0213017  0.0148636
 0.0246786 -0.0212982  0.0148591
  0.024676 -0.0212947  0.0148547
 0.0246733 -0.0212913  0.0148506
 0.0246705 -0.0212878  0.0148466
 0.0246676 -0.0212844  0.0148428
0.0246647 -0.021281 0.0148391
 0.0246617 -0.0212777  0.0148356
 0.0246586 -0.0212743  0.0148322
0.0246555 -0.021271 0.0148289
 0.0246524 -0.0212677  0.0148257
 0.0246492 -0.0212644  0.0148226
  0.024646 -0.0212611  0.0148196
 0.0246428 -0.0212578  0.0148166
 0.0246395 -0.0212546  0.0148138
 0.0246362 -0.0212514   0.014811
 0.0246329 -0.0212482  0.0148083
0.0246296 -0.021245 0.0148057
 0.0246262 -0.0212418  0.0148031
 0.0246229 -0.0212387  0.0148006
 0.0246195 -0.0212355  0.0147981
 0.0246161 -0.0212324  0.0147957
 0.0246128 -0.0212293  0.0147933
 0.0246094 -0.0212262  0.0147909
  0.024606 -0.0212232  0.0147886
 0.0246027 -0.0212201  0.0147864
 0.0245993 -0.0212171  0.0147841
0.0245959 -0.021214 0.0147819
0.0245925 -0.021211 0.0147798
0.0245892 -0.021208 0.0147776
 0.0245858 -0.0212051  0.0147755
 0.0245825 -0.0212021  0.0147734
 0.0245791 -0.0211991  0.0147713
 0.0245758 -0.0211962  0.0147693
 0.0245725 -0.0211933  0.0147673
 0.0245691 -0.0211904  0.0147653
 0.0245658 -0.0211875  0.0147633
 0.0245625 -0.0211846  0.0147613
 0.0245592 -0.0211817  0.0147594
  0.024556 -0.0211789  0.0147575
 0.0245527 -0.0211761  0.0147555
 0.0245494 -0.0211732  0.0147536
 0.0245462 -0.0211704  0.0147518
  0.024543 -0.0211676  0.0147499
 0.0245397 -0.0211648   0.014748
 0.0245365 -0.0211621  0.0147462
 0.0245333 -0.0211593  0.0147444
 0.0245302 -0.0211566  0.0147426
  0.024527 -0.0211538  0.0147408
 0.0245238 -0.0211511   0.014739
 0.0245207 -0.0211484  0.0147372
 0.0245176 -0.0211457  0.0147354
 0.0245144 -0.0211431  0.0147337
 0.0245113 -0.0211404  0.0147319
 0.0245082 -0.0211377  0.0147302
 0.0245052 -0.0211351  0.0147285
 0.0245021 -0.0211325  0.0147268
  0.024499 -0.0211299  0.0147251
  0.024496 -0.0211273  0.0147234
  0.024493 -0.0211247  0.0147217
   0.02449 -0.0211221    0.01472
 0.0244869 -0.0211195  0.0147184
 0.024484 -0.021117 0.0147167
  0.024481 -0.0211144  0.0147151
  0.024478 -0.0211119  0.0147134
 0.0244751 -0.0211094  0.0147118
 0.0244721 -0.0211069  0.0147102
 0.0244692 -0.0211044  0.0147086
 0.0244663 -0.0211019   0.014707
 0.0244634 -0.0210994  0.0147054
0.0244605 -0.021097 0.0147038
 0.0244577 -0.0210945  0.0147022
 0.0244548 -0.0210921  0.0147007
  0.024452 -0.0210897  0.0146991
 0.0244491 -0.0210873  0.0146975
 0.0244463 -0.0210849   0.014696
 0.0244435 -0.0210825  0.0146945
 0.0244407 -0.0210801  0.0146929
  0.024438 -0.0210777  0.0146914
 0.0244352 -0.0210754  0.0146899
0.0244324 -0.021073 0.0146884
 0.0244297 -0.0210707  0.0146869
  0.024427 -0.0210684  0.0146854
 0.0244243 -0.0210661  0.0146839
 0.0244216 -0.0210638  0.0146825
 0.0244189 -0.0210615   0.014681
 0.0244162 -0.0210592  0.0146795
 0.0244135 -0.0210569  0.0146781
 0.0244109 -0.0210547  0.0146766
 0.0244082 -0.0210524  0.0146752
 0.0244056 -0.0210502  0.0146738
 0.024403 -0.021048 0.0146724
 0.0244004 -0.0210458  0.0146709
 0.0243978 -0.0210436  0.0146695
 0.0243952 -0.0210414  0.0146681
 0.0243926 -0.0210392  0.0146667
0.0243901 -0.021037 0.0146653
 0.0243875 -0.0210349   0.014664
  0.024385 -0.0210327  0.0146626
 0.0243825 -0.0210306  0.0146612
   0.02438 -0.0210284  0.0146599
 0.0243775 -0.0210263  0.0146585
  0.024375 -0.0210242  0.0146572
 0.0243725 -0.0210221  0.0146558
  0.02437  -0.02102 0.0146545
 0.0243676 -0.0210179  0.0146532
 0.0243651 -0.0210158  0.0146518
 0.0243627 -0.0210138  0.0146505
 0.0243603 -0.0210117  0.0146492
 0.0243579 -0.0210097  0.0146479
 0.0243555 -0.0210077  0.0146466
 0.0243531 -0.0210056  0.0146453
 0.0243507 -0.0210036  0.0146441
 0.0243484 -0.0210016  0.0146428
  0.024346 -0.0209996  0.0146415
 0.0243437 -0.0209976  0.0146403
 0.0243413 -0.0209957   0.014639
  0.024339 -0.0209937  0.0146378
 0.0243367 -0.0209917  0.0146365
 0.0243344 -0.0209898  0.0146353
 0.0243321 -0.0209878   0.014634
 0.0243298 -0.0209859  0.0146328
0.0243276 -0.020984 0.0146316
 0.0243253 -0.0209821  0.0146304
 0.0243231 -0.0209802  0.0146292
 0.0243208 -0.0209783   0.014628
 0.0243186 -0.0209764  0.0146268
 0.0243164 -0.0209745  0.0146256
 0.0243142 -0.0209727  0.0146244
  0.024312 -0.0209708  0.0146232
 0.0243098 -0.0209689  0.0146221
 0.0243076 -0.0209671  0.0146209
 0.0243054 -0.0209653  0.0146197
 0.0243033 -0.0209635  0.0146186
 0.0243011 -0.0209616  0.0146174
  0.024299 -0.0209598  0.0146163
0.0242969 -0.020958 0.0146151
 0.0242948 -0.0209562   0.014614
 0.0242927 -0.0209545  0.0146129
 0.0242906 -0.0209527  0.0146118
 0.0242885 -0.0209509  0.0146107
 0.0242864 -0.0209492  0.0146095
 0.0242843 -0.0209474  0.0146084
 0.0242823 -0.0209457  0.0146073
 0.0242802 -0.0209439  0.0146062
 0.0242782 -0.0209422  0.0146052
 0.0242761 -0.0209405  0.0146041
 0.0242741 -0.0209388   0.014603
 0.0242721 -0.0209371  0.0146019
 0.0242701 -0.0209354  0.0146009
 0.0242681 -0.0209337  0.0145998
0.0242661 -0.020932 0.0145987
 0.0242641 -0.0209304  0.0145977
 0.0242622 -0.0209287  0.0145966
 0.0242602 -0.0209271  0.0145956
 0.0242583 -0.0209254  0.0145946
 0.0242563 -0.0209238  0.0145935
 0.0242544 -0.0209222  0.0145925
 0.0242525 -0.0209205  0.0145915
 0.0242505 -0.0209189  0.0145905
 0.0242486 -0.0209173  0.0145895
 0.0242467 -0.0209157  0.0145885
 0.0242449 -0.0209141  0.0145875
  0.024243 -0.0209125  0.0145865
0.0242411 -0.020911 0.0145855
 0.0242392 -0.0209094  0.0145845
 0.0242374 -0.0209078  0.0145835
 0.0242355 -0.0209063  0.0145825
 0.0242337 -0.0209047  0.0145816
 0.0242319 -0.0209032  0.0145806
 0.0242301 -0.0209017  0.0145796
 0.0242282 -0.0209001  0.0145787
 0.0242264 -0.0208986  0.0145777
 0.0242246 -0.0208971  0.0145768
 0.0242229 -0.0208956  0.0145758
 0.0242211 -0.0208941  0.0145749
 0.0242193 -0.0208926   0.014574
 0.0242175 -0.0208911   0.014573
 0.0242158 -0.0208896  0.0145721
  0.024214 -0.0208882  0.0145712
 0.0242123 -0.0208867  0.0145703
 0.0242106 -0.0208853  0.0145694
 0.0242088 -0.0208838  0.0145685
 0.0242071 -0.0208824  0.0145676
 0.0242054 -0.0208809  0.0145667
 0.0242037 -0.0208795  0.0145658
  0.024202 -0.0208781  0.0145649
 0.0242003 -0.0208767   0.014564
 0.0241987 -0.0208753  0.0145631
  0.024197 -0.0208739  0.0145623
 0.0241953 -0.0208725  0.0145614
 0.0241937 -0.0208711  0.0145605
  0.024192 -0.0208697  0.0145597
 0.0241904 -0.0208683  0.0145588
 0.0241888 -0.0208669   0.014558
 0.0241871 -0.0208656  0.0145571
 0.0241855 -0.0208642  0.0145563
 0.0241839 -0.0208629  0.0145554
 0.0241823 -0.0208615  0.0145546
 0.0241807 -0.0208602  0.0145538
 0.0241791 -0.0208589  0.0145529
 0.0241775 -0.0208575  0.0145521
  0.024176 -0.0208562  0.0145513
 0.0241744 -0.0208549  0.0145505
 0.0241728 -0.0208536  0.0145497
 0.0241713 -0.0208523  0.0145488
0.0241697 -0.020851  0.014548
 0.0241682 -0.0208497  0.0145472
 0.0241667 -0.0208484  0.0145464
 0.0241651 -0.0208471  0.0145457
 0.0241636 -0.0208459  0.0145449
 0.0241621 -0.0208446  0.0145441
 0.0241606 -0.0208433  0.0145433
 0.0241591 -0.0208421  0.0145425
 0.0241576 -0.0208408  0.0145418
 0.0241561 -0.0208396   0.014541
 0.0241547 -0.0208384  0.0145402
 0.0241532 -0.0208371  0.0145395
 0.0241517 -0.0208359  0.0145387
 0.0241503 -0.0208347   0.014538
 0.0241488 -0.0208335  0.0145372
 0.0241474 -0.0208323  0.0145365
 0.0241459 -0.0208311  0.0145357
 0.0241445 -0.0208299   0.014535
 0.0241431 -0.0208287  0.0145342
 0.0241417 -0.0208275  0.0145335
 0.0241403 -0.0208263  0.0145328
 0.0241389 -0.0208252  0.0145321
0.0241375 -0.020824 0.0145313
 0.0241361 -0.0208228  0.0145306
 0.0241347 -0.0208217  0.0145299
 0.0241333 -0.0208205  0.0145292
 0.0241319 -0.0208194  0.0145285
 0.0241306 -0.0208182  0.0145278
 0.0241292 -0.0208171  0.0145271
0.0241278 -0.020816 0.0145264
 0.0241265 -0.0208148  0.0145257
 0.0241251 -0.0208137   0.014525
 0.0241238 -0.0208126  0.0145243
 0.0241225 -0.0208115  0.0145237
 0.0241212 -0.0208104   0.014523
 0.0241198 -0.0208093  0.0145223
 0.0241185 -0.0208082  0.0145216
 0.0241172 -0.0208071   0.014521
0.0241159 -0.020806 0.0145203
 0.0241146 -0.0208049  0.0145196
 0.0241133 -0.0208039   0.014519
  0.024112 -0.0208028  0.0145183
 0.0241108 -0.0208017  0.0145177
 0.0241095 -0.0208007   0.014517
 0.0241082 -0.0207996  0.0145164
  0.024107 -0.0207986  0.0145157
 0.0241057 -0.0207975  0.0145151
 0.0241045 -0.0207965  0.0145145
 0.0241032 -0.0207954  0.0145138
  0.024102 -0.0207944  0.0145132
 0.0241007 -0.0207934  0.0145126
 0.0240995 -0.0207924   0.014512
 0.0240983 -0.0207914  0.0145113
 0.0240971 -0.0207903  0.0145107
 0.0240959 -0.0207893  0.0145101
 0.0240947 -0.0207883  0.0145095
 0.0240935 -0.0207873  0.0145089
 0.0240923 -0.0207863  0.0145083
 0.0240911 -0.0207854  0.0145077
 0.0240899 -0.0207844  0.0145071
 0.0240887 -0.0207834  0.0145065
 0.0240875 -0.0207824  0.0145059
 0.0240864 -0.0207814  0.0145053
 0.0240852 -0.0207805  0.0145047
 0.0240841 -0.0207795  0.0145041
 0.0240829 -0.0207786  0.0145036
 0.0240818 -0.0207776   0.014503
 0.0240806 -0.0207767  0.0145024
 0.0240795 -0.0207757  0.0145018
 0.0240784 -0.0207748  0.0145013
 0.0240772 -0.0207739  0.0145007
 0.0240761 -0.0207729  0.0145001
 0.024075 -0.020772 0.0144996
 0.0240739 -0.0207711   0.014499
 0.0240728 -0.0207702  0.0144985
 0.0240717 -0.0207693  0.0144979
 0.0240706 -0.0207683  0.0144974
 0.0240695 -0.0207674  0.0144968
 0.0240684 -0.0207665  0.0144963
 0.0240673 -0.0207656  0.0144957
 0.0240662 -0.0207648  0.0144952
 0.0240652 -0.0207639  0.0144947
0.0240641 -0.020763 0.0144941
  0.024063 -0.0207621  0.0144936
  0.024062 -0.0207612  0.0144931
 0.0240609 -0.0207604  0.0144925
 0.0240599 -0.0207595   0.014492
 0.0240588 -0.0207586  0.0144915
 0.0240578 -0.0207578   0.014491
 0.0240568 -0.0207569  0.0144905
 0.0240557 -0.0207561    0.01449
 0.0240547 -0.0207552  0.0144894
 0.0240537 -0.0207544  0.0144889
 0.0240527 -0.0207535  0.0144884
 0.0240517 -0.0207527  0.0144879
 0.0240506 -0.0207519  0.0144874
0.0240496 -0.020751 0.0144869
 0.0240486 -0.0207502  0.0144864
 0.0240477 -0.0207494   0.014486
 0.0240467 -0.0207486  0.0144855
 0.0240457 -0.0207478   0.014485
0.0240447 -0.020747 0.0144845
 0.0240437 -0.0207462   0.014484
 0.0240428 -0.0207454  0.0144835
 0.0240418 -0.0207446  0.0144831
 0.0240408 -0.0207438  0.0144826
0.0240399 -0.020743 0.0144821
 0.0240389 -0.0207422  0.0144816
  0.024038 -0.0207414  0.0144812
  0.024037 -0.0207406  0.0144807
 0.0240361 -0.0207399  0.0144803
 0.0240351 -0.0207391  0.0144798
 0.0240342 -0.0207383  0.0144793
 0.0240333 -0.0207376  0.0144789
 0.0240324 -0.0207368  0.0144784
0.0240314 -0.020736  0.014478
 0.0240305 -0.0207353  0.0144775
 0.0240296 -0.0207345  0.0144771
 0.0240287 -0.0207338  0.0144766
0.0240278 -0.020733 0.0144762
 0.0240269 -0.0207323  0.0144758
  0.024026 -0.0207316  0.0144753
 0.0240251 -0.0207308  0.0144749
 0.0240242 -0.0207301  0.0144745
 0.0240233 -0.0207294   0.014474
 0.0240225 -0.0207287  0.0144736
 0.0240216 -0.0207279  0.0144732
 0.0240207 -0.0207272  0.0144727
 0.0240198 -0.0207265  0.0144723
  0.024019 -0.0207258  0.0144719
 0.0240181 -0.0207251  0.0144715
 0.0240173 -0.0207244  0.0144711
 0.0240164 -0.0207237  0.0144707
0.0240156 -0.020723 0.0144702
 0.0240147 -0.0207223  0.0144698
 0.0240139 -0.0207216  0.0144694
  0.024013 -0.0207209   0.014469
 0.0240122 -0.0207202  0.0144686
 0.0240114 -0.0207196  0.0144682
 0.0240105 -0.0207189  0.0144678
 0.0240097 -0.0207182  0.0144674
 0.0240089 -0.0207175   0.014467
 0.0240081 -0.0207169  0.0144666
 0.0240073 -0.0207162  0.0144662
 0.0240065 -0.0207155  0.0144659
 0.0240057 -0.0207149  0.0144655
 0.0240049 -0.0207142  0.0144651
 0.0240041 -0.0207136  0.0144647
 0.0240033 -0.0207129  0.0144643
 0.0240025 -0.0207123  0.0144639
 0.0240017 -0.0207116  0.0144636
0.0240009 -0.020711 0.0144632
 0.0240001 -0.0207104  0.0144628
 0.0239993 -0.0207097  0.0144625
 0.0239986 -0.0207091  0.0144621
 0.0239978 -0.0207085  0.0144617
  0.023997 -0.0207078  0.0144614
 0.0239963 -0.0207072   0.014461
 0.0239955 -0.0207066  0.0144606
0.0239948 -0.020706 0.0144603
  0.023994 -0.0207054  0.0144599
 0.0239933 -0.0207048  0.0144596
 0.0239925 -0.0207042  0.0144592
 0.0239918 -0.0207035  0.0144588
  0.023991 -0.0207029  0.0144585
 0.0239903 -0.0207023  0.0144581
 0.0239896 -0.0207017  0.0144578
 0.0239888 -0.0207012  0.0144575
 0.0239881 -0.0207006  0.0144571
0.0239874   -0.0207 0.0144568
 0.0239867 -0.0206994  0.0144564
 0.0239859 -0.0206988  0.0144561
 0.0239852 -0.0206982  0.0144558
 0.0239845 -0.0206976  0.0144554
 0.0239838 -0.0206971  0.0144551
 0.0239831 -0.0206965  0.0144548
 0.0239824 -0.0206959  0.0144544
 0.0239817 -0.0206954  0.0144541
  0.023981 -0.0206948  0.0144538
 0.0239803 -0.0206942  0.0144534
 0.0239796 -0.0206937  0.0144531
 0.0239789 -0.0206931  0.0144528
 0.0239783 -0.0206926  0.0144525
0.0239776 -0.020692 0.0144522
 0.0239769 -0.0206915  0.0144519
 0.0239762 -0.0206909  0.0144515
 0.0239756 -0.0206904  0.0144512
 0.0239749 -0.0206898  0.0144509
 0.0239742 -0.0206893  0.0144506
 0.0239736 -0.0206888  0.0144503
 0.0239729 -0.0206882    0.01445
 0.0239723 -0.0206877  0.0144497
 0.0239716 -0.0206872  0.0144494
  0.023971 -0.0206866  0.0144491
 0.0239703 -0.0206861  0.0144488
 0.0239697 -0.0206856  0.0144485
  0.023969 -0.0206851  0.0144482
 0.0239684 -0.0206846  0.0144479
0.0239677 -0.020684 0.0144476
 0.0239671 -0.0206835  0.0144473
0.0239665 -0.020683  0.014447
 0.0239659 -0.0206825  0.0144467
0.0239652 -0.020682 0.0144464
 0.0239646 -0.0206815  0.0144462
 0.023964 -0.020681 0.0144459
 0.0239634 -0.0206805  0.0144456
0.0239628  -0.02068 0.0144453
 0.0239622 -0.0206795   0.014445
0.0239615 -0.020679 0.0144447
 0.0239609 -0.0206785  0.0144445
 0.0239603 -0.0206781  0.0144442
 0.0239597 -0.0206776  0.0144439
 0.0239591 -0.0206771  0.0144436
 0.0239585 -0.0206766  0.0144434
  0.023958 -0.0206761  0.0144431
 0.0239574 -0.0206757  0.0144428
 0.0239568 -0.0206752  0.0144426
 0.0239562 -0.0206747  0.0144423
 0.0239556 -0.0206743   0.014442
  0.023955 -0.0206738  0.0144418
 0.0239545 -0.0206733  0.0144415
 0.0239539 -0.0206729  0.0144412
 0.0239533 -0.0206724   0.014441
 0.0239527 -0.0206719  0.0144407
 0.0239522 -0.0206715  0.0144405
0.0239516 -0.020671 0.0144402
 0.0239511 -0.0206706    0.01444
 0.0239505 -0.0206701  0.0144397
 0.0239499 -0.0206697  0.0144395
 0.0239494 -0.0206692  0.0144392
 0.0239488 -0.0206688   0.014439
 0.0239483 -0.0206684  0.0144387
 0.0239477 -0.0206679  0.0144385
 0.0239472 -0.0206675  0.0144382
0.0239466 -0.020667  0.014438
 0.0239461 -0.0206666  0.0144377
 0.0239456 -0.0206662  0.0144375
  0.023945 -0.0206658  0.0144373
 0.0239445 -0.0206653   0.014437
  0.023944 -0.0206649  0.0144368
 0.0239434 -0.0206645  0.0144366
 0.0239429 -0.0206641  0.0144363
 0.0239424 -0.0206636  0.0144361
 0.0239419 -0.0206632  0.0144359
 0.0239414 -0.0206628  0.0144356
 0.0239408 -0.0206624  0.0144354
0.0239403 -0.020662 0.0144352
 0.0239398 -0.0206616  0.0144349
 0.0239393 -0.0206612  0.0144347
 0.0239388 -0.0206608  0.0144345
 0.0239383 -0.0206604  0.0144343
0.0239378  -0.02066  0.014434
 0.0239373 -0.0206596  0.0144338
 0.0239368 -0.0206592  0.0144336
 0.0239363 -0.0206588  0.0144334
 0.0239358 -0.0206584  0.0144332
0.0239353 -0.020658  0.014433
 0.0239348 -0.0206576  0.0144327
 0.0239343 -0.0206572  0.0144325
 0.0239339 -0.0206568  0.0144323
 0.0239334 -0.0206564  0.0144321
 0.0239329 -0.0206561  0.0144319
 0.0239324 -0.0206557  0.0144317
 0.0239319 -0.0206553  0.0144315
 0.0239315 -0.0206549  0.0144313
  0.023931 -0.0206545  0.0144311
 0.0239305 -0.0206542  0.0144309
 0.0239301 -0.0206538  0.0144306
 0.0239296 -0.0206534  0.0144304
 0.0239291 -0.0206531  0.0144302
 0.0239287 -0.0206527    0.01443
 0.0239282 -0.0206523  0.0144298
0.0239277 -0.020652 0.0144296
 0.0239273 -0.0206516  0.0144294
 0.0239268 -0.0206512  0.0144293
 0.0239264 -0.0206509  0.0144291
 0.0239259 -0.0206505  0.0144289
 0.0239255 -0.0206502  0.0144287
  0.023925 -0.0206498  0.0144285
 0.0239246 -0.0206495  0.0144283
 0.0239242 -0.0206491  0.0144281
 0.0239237 -0.0206488  0.0144279
 0.0239233 -0.0206484  0.0144277
 0.0239228 -0.0206481  0.0144275
 0.0239224 -0.0206477  0.0144273
  0.023922 -0.0206474  0.0144272
0.0239215 -0.020647  0.014427
 0.0239211 -0.0206467  0.0144268
 0.0239207 -0.0206464  0.0144266
0.0239203 -0.020646 0.0144264
 0.0239198 -0.0206457  0.0144263
 0.0239194 -0.0206454  0.0144261
 0.023919 -0.020645 0.0144259
 0.0239186 -0.0206447  0.0144257
 0.0239182 -0.0206444  0.0144255
0.0239178 -0.020644 0.0144254
 0.0239173 -0.0206437  0.0144252
 0.0239169 -0.0206434   0.014425
 0.0239165 -0.0206431  0.0144248
 0.0239161 -0.0206428  0.0144247
 0.0239157 -0.0206424  0.0144245
 0.0239153 -0.0206421  0.0144243
 0.0239149 -0.0206418  0.0144242
 0.0239145 -0.0206415   0.014424
 0.0239141 -0.0206412  0.0144238
 0.0239137 -0.0206409  0.0144237
 0.0239133 -0.0206405  0.0144235
 0.0239129 -0.0206402  0.0144233
 0.0239125 -0.0206399  0.0144232
 0.0239121 -0.0206396   0.014423
 0.0239118 -0.0206393  0.0144229
0.0239114 -0.020639 0.0144227
  0.023911 -0.0206387  0.0144225
 0.0239106 -0.0206384  0.0144224
 0.0239102 -0.0206381  0.0144222
 0.0239099 -0.0206378  0.0144221
 0.0239095 -0.0206375  0.0144219
 0.0239091 -0.0206372  0.0144217
 0.0239087 -0.0206369  0.0144216
 0.0239084 -0.0206366  0.0144214
  0.023908 -0.0206364  0.0144213
 0.0239076 -0.0206361  0.0144211
 0.0239072 -0.0206358   0.014421
 0.0239069 -0.0206355  0.0144208
 0.0239065 -0.0206352  0.0144207
 0.0239062 -0.0206349  0.0144205
 0.0239058 -0.0206346  0.0144204
 0.0239054 -0.0206344  0.0144202
 0.0239051 -0.0206341  0.0144201
 0.0239047 -0.0206338    0.01442
 0.0239044 -0.0206335  0.0144198
  0.023904 -0.0206333  0.0144197
0.0239037 -0.020633 0.0144195
 0.0239033 -0.0206327  0.0144194
  0.023903 -0.0206324  0.0144192
 0.0239026 -0.0206322  0.0144191
 0.0239023 -0.0206319   0.014419
 0.0239019 -0.0206316  0.0144188
 0.0239016 -0.0206314  0.0144187
 0.0239012 -0.0206311  0.0144185
 0.0239009 -0.0206308  0.0144184
 0.0239006 -0.0206306  0.0144183
 0.0239002 -0.0206303  0.0144181
0.0238999  -0.02063  0.014418
 0.0238996 -0.0206298  0.0144179
 0.0238992 -0.0206295  0.0144177
 0.0238989 -0.0206293  0.0144176
0.0238986 -0.020629 0.0144175
 0.0238982 -0.0206288  0.0144173
 0.0238979 -0.0206285  0.0144172
 0.0238976 -0.0206282  0.0144171
0.0238973 -0.020628  0.014417
 0.0238969 -0.0206277  0.0144168
 0.0238966 -0.0206275  0.0144167
 0.0238963 -0.0206273  0.0144166
 0.023896 -0.020627 0.0144165
 0.0238957 -0.0206268  0.0144163
 0.0238954 -0.0206265  0.0144162
  0.023895 -0.0206263  0.0144161
0.0238947 -0.020626  0.014416
 0.0238944 -0.0206258  0.0144158
 0.0238941 -0.0206256  0.0144157
 0.0238938 -0.0206253  0.0144156
 0.0238935 -0.0206251  0.0144155
 0.0238932 -0.0206248  0.0144154
 0.0238929 -0.0206246  0.0144152
 0.0238926 -0.0206244  0.0144151
 0.0238923 -0.0206241   0.014415
  0.023892 -0.0206239  0.0144149
 0.0238917 -0.0206237  0.0144148
 0.0238914 -0.0206234  0.0144147
 0.0238911 -0.0206232  0.0144145
0.0238908 -0.020623 0.0144144
 0.0238905 -0.0206228  0.0144143
 0.0238902 -0.0206225  0.0144142
 0.0238899 -0.0206223  0.0144141
 0.0238896 -0.0206221   0.014414
 0.0238893 -0.0206219  0.0144139
 0.0238891 -0.0206216  0.0144138
 0.0238888 -0.0206214  0.0144136
 0.0238885 -0.0206212  0.0144135
0.0238882 -0.020621 0.0144134
 0.0238879 -0.0206208  0.0144133
 0.0238876 -0.0206206  0.0144132
 0.0238874 -0.0206203  0.0144131
 0.0238871 -0.0206201   0.014413
 0.0238868 -0.0206199  0.0144129
 0.0238865 -0.0206197  0.0144128
 0.0238862 -0.0206195  0.0144127
  0.023886 -0.0206193  0.0144126
 0.0238857 -0.0206191  0.0144125
 0.0238854 -0.0206189  0.0144124
 0.0238852 -0.0206187  0.0144123
 0.0238849 -0.0206185  0.0144122
 0.0238846 -0.0206183  0.0144121
0.0238844 -0.020618  0.014412
 0.0238841 -0.0206178  0.0144119
 0.0238838 -0.0206176  0.0144118
 0.0238836 -0.0206174  0.0144117
 0.0238833 -0.0206172  0.0144116
 0.023883 -0.020617 0.0144115
 0.0238828 -0.0206168  0.0144114
 0.0238825 -0.0206166  0.0144113
 0.0238823 -0.0206165  0.0144112
  0.023882 -0.0206163  0.0144111
 0.0238818 -0.0206161   0.014411
 0.0238815 -0.0206159  0.0144109
 0.0238812 -0.0206157  0.0144108
  0.023881 -0.0206155  0.0144107
 0.0238807 -0.0206153  0.0144106
 0.0238805 -0.0206151  0.0144106
 0.0238802 -0.0206149  0.0144105
   0.02388 -0.0206147  0.0144104
 0.0238798 -0.0206145  0.0144103
 0.0238795 -0.0206144  0.0144102
 0.0238793 -0.0206142  0.0144101
 0.023879 -0.020614   0.01441
 0.0238788 -0.0206138  0.0144099
 0.0238785 -0.0206136  0.0144098
 0.0238783 -0.0206134  0.0144098
 0.0238781 -0.0206133  0.0144097
 0.0238778 -0.0206131  0.0144096
 0.0238776 -0.0206129  0.0144095
 0.0238773 -0.0206127  0.0144094
 0.0238771 -0.0206125  0.0144093
 0.0238769 -0.0206124  0.0144092
 0.0238766 -0.0206122  0.0144092
0.0238764 -0.020612 0.0144091
 0.0238762 -0.0206118   0.014409
  0.023876 -0.0206117  0.0144089
 0.0238757 -0.0206115  0.0144088
 0.0238755 -0.0206113  0.0144088
 0.0238753 -0.0206111  0.0144087
 0.023875 -0.020611 0.0144086
 0.0238748 -0.0206108  0.0144085
 0.0238746 -0.0206106  0.0144084
 0.0238744 -0.0206105  0.0144084
 0.0238741 -0.0206103  0.0144083
 0.0238739 -0.0206101  0.0144082
0.0238737  -0.02061 0.0144081
 0.0238735 -0.0206098  0.0144081
 0.0238733 -0.0206096   0.014408
 0.0238731 -0.0206095  0.0144079
 0.0238728 -0.0206093  0.0144078
 0.0238726 -0.0206092  0.0144078
0.0238724 -0.020609 0.0144077
 0.0238722 -0.0206088  0.0144076
  0.023872 -0.0206087  0.0144075
 0.0238718 -0.0206085  0.0144075
 0.0238716 -0.0206084  0.0144074
 0.0238713 -0.0206082  0.0144073
0.0238711 -0.020608 0.0144072
 0.0238709 -0.0206079  0.0144072
 0.0238707 -0.0206077  0.0144071
 0.0238705 -0.0206076   0.014407
 0.0238703 -0.0206074   0.014407
 0.0238701 -0.0206073  0.0144069
 0.0238699 -0.0206071  0.0144068
0.0238697 -0.020607 0.0144068
 0.0238695 -0.0206068  0.0144067
 0.0238693 -0.0206067  0.0144066
 0.0238691 -0.0206065  0.0144066
 0.0238689 -0.0206064  0.0144065
 0.0238687 -0.0206062  0.0144064
 0.0238685 -0.0206061  0.0144064
 0.0238683 -0.0206059  0.0144063
 0.0238681 -0.0206058  0.0144062
 0.0238679 -0.0206056  0.0144062
 0.0238677 -0.0206055  0.0144061
 0.0238675 -0.0206053   0.014406
 0.0238673 -0.0206052   0.014406
 0.0238671 -0.0206051  0.0144059
  0.023867 -0.0206049  0.0144058
 0.0238668 -0.0206048  0.0144058
 0.0238666 -0.0206046  0.0144057
 0.0238664 -0.0206045  0.0144057
 0.0238662 -0.0206044  0.0144056
  0.023866 -0.0206042  0.0144055
 0.0238658 -0.0206041  0.0144055
 0.0238656 -0.0206039  0.0144054
 0.0238655 -0.0206038  0.0144054
 0.0238653 -0.0206037  0.0144053
 0.0238651 -0.0206035  0.0144052
 0.0238649 -0.0206034  0.0144052
 0.0238647 -0.0206033  0.0144051
 0.0238645 -0.0206031  0.0144051
0.0238644 -0.020603  0.014405
 0.0238642 -0.0206029   0.014405
  0.023864 -0.0206027  0.0144049
 0.0238638 -0.0206026  0.0144048
 0.0238637 -0.0206025  0.0144048
 0.0238635 -0.0206024  0.0144047
 0.0238633 -0.0206022  0.0144047
 0.0238631 -0.0206021  0.0144046
 0.023863 -0.020602 0.0144046
 0.0238628 -0.0206018  0.0144045
 0.0238626 -0.0206017  0.0144045
 0.0238624 -0.0206016  0.0144044
 0.0238623 -0.0206015  0.0144044
 0.0238621 -0.0206013  0.0144043
 0.0238619 -0.0206012  0.0144042
 0.0238618 -0.0206011  0.0144042
0.0238616 -0.020601 0.0144041
 0.0238614 -0.0206009  0.0144041
 0.0238613 -0.0206007   0.014404
 0.0238611 -0.0206006   0.014404
 0.0238609 -0.0206005  0.0144039
 0.0238608 -0.0206004  0.0144039
 0.0238606 -0.0206003  0.0144038
 0.0238604 -0.0206001  0.0144038
0.0238603   -0.0206 0.0144037
 0.0238601 -0.0205999  0.0144037
   0.02386 -0.0205998  0.0144036
 0.0238598 -0.0205997  0.0144036
 0.0238596 -0.0205995  0.0144035
 0.0238595 -0.0205994  0.0144035
 0.0238593 -0.0205993  0.0144035
 0.0238592 -0.0205992  0.0144034
  0.023859 -0.0205991  0.0144034
0.0238589 -0.020599 0.0144033
 0.0238587 -0.0205989  0.0144033
 0.0238586 -0.0205988  0.0144032
 0.0238584 -0.0205986  0.0144032
 0.0238582 -0.0205985  0.0144031
 0.0238581 -0.0205984  0.0144031
 0.0238579 -0.0205983   0.014403
 0.0238578 -0.0205982   0.014403
 0.0238576 -0.0205981   0.014403
0.0238575 -0.020598 0.0144029
 0.0238573 -0.0205979  0.0144029
 0.0238572 -0.0205978  0.0144028
  0.023857 -0.0205977  0.0144028
 0.0238569 -0.0205976  0.0144027
 0.0238568 -0.0205975  0.0144027
 0.0238566 -0.0205973  0.0144027
 0.0238565 -0.0205972  0.0144026
 0.0238563 -0.0205971  0.0144026
0.0238562 -0.020597 0.0144025
  0.023856 -0.0205969  0.0144025
 0.0238559 -0.0205968  0.0144025
 0.0238557 -0.0205967  0.0144024
 0.0238556 -0.0205966  0.0144024
 0.0238555 -0.0205965  0.0144023
 0.0238553 -0.0205964  0.0144023
 0.0238552 -0.0205963  0.0144023
  0.023855 -0.0205962  0.0144022
 0.0238549 -0.0205961  0.0144022
0.0238548 -0.020596 0.0144021
 0.0238546 -0.0205959  0.0144021
 0.0238545 -0.0205958  0.0144021
 0.0238544 -0.0205957   0.014402
 0.0238542 -0.0205956   0.014402
 0.0238541 -0.0205955   0.014402
  0.023854 -0.0205954  0.0144019
 0.0238538 -0.0205953  0.0144019
 0.0238537 -0.0205952  0.0144018
 0.0238536 -0.0205952  0.0144018
 0.0238534 -0.0205951  0.0144018
0.0238533 -0.020595 0.0144017
 0.0238532 -0.0205949  0.0144017
  0.023853 -0.0205948  0.0144017
 0.0238529 -0.0205947  0.0144016
 0.0238528 -0.0205946  0.0144016
 0.0238526 -0.0205945  0.0144016
 0.0238525 -0.0205944  0.0144015
 0.0238524 -0.0205943  0.0144015
 0.0238523 -0.0205942  0.0144015
 0.0238521 -0.0205941  0.0144014
  0.023852 -0.0205941  0.0144014
0.0238519 -0.020594 0.0144014
 0.0238518 -0.0205939  0.0144013
 0.0238516 -0.0205938  0.0144013
 0.0238515 -0.0205937  0.0144013
 0.0238514 -0.0205936  0.0144012
 0.0238513 -0.0205935  0.0144012
 0.0238511 -0.0205934  0.0144012
  0.023851 -0.0205934  0.0144011
 0.0238509 -0.0205933  0.0144011
 0.0238508 -0.0205932  0.0144011
 0.0238507 -0.0205931  0.0144011
0.0238505 -0.020593  0.014401
 0.0238504 -0.0205929   0.014401
 0.0238503 -0.0205928   0.014401
 0.0238502 -0.0205928  0.0144009
 0.0238501 -0.0205927  0.0144009
 0.0238499 -0.0205926  0.0144009
 0.0238498 -0.0205925  0.0144008
 0.0238497 -0.0205924  0.0144008
 0.0238496 -0.0205924  0.0144008
 0.0238495 -0.0205923  0.0144008
 0.0238494 -0.0205922  0.0144007
 0.0238492 -0.0205921  0.0144007
0.0238491 -0.020592 0.0144007
 0.023849 -0.020592 0.0144007
 0.0238489 -0.0205919  0.0144006
 0.0238488 -0.0205918  0.0144006
 0.0238487 -0.0205917  0.0144006
 0.0238486 -0.0205916  0.0144005
 0.0238485 -0.0205916  0.0144005
 0.0238484 -0.0205915  0.0144005
 0.0238482 -0.0205914  0.0144005
 0.0238481 -0.0205913  0.0144004
  0.023848 -0.0205913  0.0144004
 0.0238479 -0.0205912  0.0144004
 0.0238478 -0.0205911  0.0144004
0.0238477 -0.020591 0.0144003
0.0238476 -0.020591 0.0144003
 0.0238475 -0.0205909  0.0144003
 0.0238474 -0.0205908  0.0144003
 0.0238473 -0.0205907  0.0144002
 0.0238472 -0.0205907  0.0144002
 0.0238471 -0.0205906  0.0144002
  0.023847 -0.0205905  0.0144002
 0.0238469 -0.0205904  0.0144001
 0.0238467 -0.0205904  0.0144001
 0.0238466 -0.0205903  0.0144001
 0.0238465 -0.0205902  0.0144001
 0.0238464 -0.0205902  0.0144001
 0.0238463 -0.0205901     0.0144
0.0238462  -0.02059    0.0144
0.0238461  -0.02059    0.0144
  0.023846 -0.0205899     0.0144
 0.0238459 -0.0205898  0.0143999
 0.0238458 -0.0205897  0.0143999
 0.0238457 -0.0205897  0.0143999
 0.0238456 -0.0205896  0.0143999
 0.0238455 -0.0205895  0.0143999
 0.0238454 -0.0205895  0.0143998
 0.0238453 -0.0205894  0.0143998
 0.0238452 -0.0205893  0.0143998
 0.0238451 -0.0205893  0.0143998
 0.0238451 -0.0205892  0.0143998
  0.023845 -0.0205891  0.0143997
 0.0238449 -0.0205891  0.0143997
0.0238448 -0.020589 0.0143997
0.0238447 -0.020589 0.0143997
 0.0238446 -0.0205889  0.0143997
 0.0238445 -0.0205888  0.0143996
 0.0238444 -0.0205888  0.0143996
 0.0238443 -0.0205887  0.0143996
 0.0238442 -0.0205886  0.0143996
 0.0238441 -0.0205886  0.0143996
  0.023844 -0.0205885  0.0143995
 0.0238439 -0.0205884  0.0143995
 0.0238438 -0.0205884  0.0143995
 0.0238437 -0.0205883  0.0143995
 0.0238437 -0.0205883  0.0143995
 0.0238436 -0.0205882  0.0143995
 0.0238435 -0.0205881  0.0143994
 0.0238434 -0.0205881  0.0143994
0.0238433 -0.020588 0.0143994
0.0238432 -0.020588 0.0143994
 0.0238431 -0.0205879  0.0143994
  0.023843 -0.0205878  0.0143994
 0.0238429 -0.0205878  0.0143993
 0.0238429 -0.0205877  0.0143993
 0.0238428 -0.0205877  0.0143993
 0.0238427 -0.0205876  0.0143993
 0.0238426 -0.0205875  0.0143993
 0.0238425 -0.0205875  0.0143993
 0.0238424 -0.0205874  0.0143992
 0.0238423 -0.0205874  0.0143992
 0.0238423 -0.0205873  0.0143992
 0.0238422 -0.0205873  0.0143992
 0.0238421 -0.0205872  0.0143992
  0.023842 -0.0205872  0.0143992
 0.0238419 -0.0205871  0.0143991
0.0238418 -0.020587 0.0143991
0.0238418 -0.020587 0.0143991
 0.0238417 -0.0205869  0.0143991
 0.0238416 -0.0205869  0.0143991
 0.0238415 -0.0205868  0.0143991
 0.0238414 -0.0205868  0.0143991
 0.0238414 -0.0205867   0.014399
 0.0238413 -0.0205867   0.014399
 0.0238412 -0.0205866   0.014399
 0.0238411 -0.0205866   0.014399
  0.023841 -0.0205865   0.014399
  0.023841 -0.0205865   0.014399
 0.0238409 -0.0205864   0.014399
 0.0238408 -0.0205863   0.014399
 0.0238407 -0.0205863  0.0143989
 0.0238406 -0.0205862  0.0143989
 0.0238406 -0.0205862  0.0143989
 0.0238405 -0.0205861  0.0143989
 0.0238404 -0.0205861  0.0143989
0.0238403 -0.020586 0.0143989
0.0238403 -0.020586 0.0143989
 0.0238402 -0.0205859  0.0143989
 0.0238401 -0.0205859  0.0143988
   0.02384 -0.0205858  0.0143988
   0.02384 -0.0205858  0.0143988
 0.0238399 -0.0205857  0.0143988
 0.0238398 -0.0205857  0.0143988
 0.0238397 -0.0205856  0.0143988
 0.0238397 -0.0205856  0.0143988
 0.0238396 -0.0205856  0.0143988
 0.0238395 -0.0205855  0.0143987
 0.0238394 -0.0205855  0.0143987
 0.0238394 -0.0205854  0.0143987
 0.0238393 -0.0205854  0.0143987
 0.0238392 -0.0205853  0.0143987
 0.0238392 -0.0205853  0.0143987
 0.0238391 -0.0205852  0.0143987
  0.023839 -0.0205852  0.0143987
 0.0238389 -0.0205851  0.0143987
 0.0238389 -0.0205851  0.0143987
0.0238388 -0.020585 0.0143986
0.0238387 -0.020585 0.0143986
 0.0238387 -0.0205849  0.0143986
 0.0238386 -0.0205849  0.0143986
 0.0238385 -0.0205849  0.0143986
 0.0238385 -0.0205848  0.0143986
 0.0238384 -0.0205848  0.0143986
 0.0238383 -0.0205847  0.0143986
 0.0238382 -0.0205847  0.0143986
 0.0238382 -0.0205846  0.0143986
 0.0238381 -0.0205846  0.0143986
  0.023838 -0.0205846  0.0143985
  0.023838 -0.0205845  0.0143985
 0.0238379 -0.0205845  0.0143985
