   0.290098 -0.00668686     1.97147    0.289022   -0.299932     1.96844     -1.3475
   0.290819 -0.00703728     1.97324    0.289224   -0.298275     1.96981    -1.34883
   0.291263 -0.00720176     1.97436    0.289095   -0.297234     1.97091    -1.34973
    0.29155 -0.00726946     1.97507    0.288768   -0.296586     1.97182    -1.35038
   0.291753 -0.00729131     1.97552    0.288322   -0.296189     1.97261    -1.35086
   0.291913 -0.00729564     1.97579    0.287805   -0.295953      1.9733    -1.35124
   0.292056 -0.00729763     1.97597    0.287244   -0.295821     1.97393    -1.35154
   0.292195 -0.00730491     1.97607    0.286658   -0.295755     1.97451    -1.35181
   0.292338 -0.00732089     1.97614    0.286057   -0.295731     1.97506    -1.35204
    0.29249 -0.00734668     1.97618    0.285447   -0.295735     1.97557    -1.35225
  0.292651 -0.0073822     1.9762   0.284832  -0.295755    1.97605   -1.35245
  0.292822 -0.0074268    1.97621   0.284215  -0.295787    1.97651   -1.35263
   0.293003 -0.00747961     1.97622    0.283597   -0.295825     1.97696    -1.35281
  0.293192 -0.0075397    1.97622    0.28298  -0.295868    1.97738   -1.35297
   0.29339 -0.0076062    1.97622   0.282363  -0.295913     1.9778   -1.35313
  0.293596 -0.0076783    1.97622   0.281747   -0.29596     1.9782   -1.35328
   0.293807 -0.00775527     1.97622    0.281132   -0.296007     1.97859    -1.35343
  0.294024 -0.0078365    1.97621    0.28052  -0.296055    1.97897   -1.35357
   0.294246 -0.00792143     1.97621    0.279909   -0.296103     1.97934     -1.3537
   0.294471 -0.00800959     1.97621      0.2793    -0.29615     1.97971    -1.35384
     0.2947 -0.00810055     1.97621    0.278693   -0.296197     1.98007    -1.35396
   0.294932 -0.00819395     1.97621    0.278088   -0.296244     1.98042    -1.35409
   0.295166 -0.00828949     1.97621    0.277485   -0.296291     1.98077    -1.35421
   0.295402 -0.00838686     1.97621    0.276885   -0.296337     1.98111    -1.35433
    0.29564 -0.00848584     1.97621    0.276286   -0.296383     1.98144    -1.35444
  0.295878 -0.0085862    1.97621   0.275691  -0.296428    1.98178   -1.35456
   0.296118 -0.00868775     1.97622    0.275097   -0.296473     1.98211    -1.35467
   0.296358 -0.00879031     1.97622    0.274506   -0.296518     1.98243    -1.35478
   0.296599 -0.00889373     1.97622    0.273917   -0.296563     1.98276    -1.35488
    0.29684 -0.00899788     1.97622    0.273331   -0.296607     1.98308    -1.35499
    0.29708 -0.00910264     1.97623    0.272747   -0.296651     1.98339    -1.35509
   0.297321 -0.00920789     1.97623    0.272166   -0.296694     1.98371    -1.35519
   0.297562 -0.00931353     1.97623    0.271587   -0.296737     1.98402    -1.35529
   0.297802 -0.00941949     1.97624     0.27101    -0.29678     1.98433    -1.35539
   0.298042 -0.00952568     1.97624    0.270436   -0.296823     1.98464    -1.35549
   0.298281 -0.00963203     1.97624    0.269865   -0.296866     1.98494    -1.35559
    0.29852 -0.00973847     1.97625    0.269296   -0.296908     1.98525    -1.35568
   0.298758 -0.00984497     1.97625    0.268729    -0.29695     1.98555    -1.35578
   0.298996 -0.00995145     1.97626    0.268165   -0.296992     1.98585    -1.35587
  0.299232 -0.0100579    1.97626   0.267603  -0.297034    1.98615   -1.35596
  0.299468 -0.0101642    1.97626   0.267044  -0.297075    1.98644   -1.35605
  0.299704 -0.0102704    1.97627   0.266487  -0.297117    1.98674   -1.35614
  0.299938 -0.0103765    1.97627   0.265932  -0.297158    1.98703   -1.35623
  0.300171 -0.0104823    1.97628    0.26538  -0.297199    1.98732   -1.35632
  0.300404 -0.0105879    1.97628   0.264831  -0.297239    1.98761   -1.35641
  0.300636 -0.0106933    1.97629   0.264283   -0.29728     1.9879    -1.3565
  0.300867 -0.0107984    1.97629   0.263739  -0.297321    1.98819   -1.35659
  0.301097 -0.0109033     1.9763   0.263196  -0.297361    1.98848   -1.35667
  0.301325 -0.0110078     1.9763   0.262656  -0.297401    1.98876   -1.35676
  0.301554 -0.0111121    1.97631   0.262118  -0.297441    1.98904   -1.35684
 0.301781 -0.011216   1.97631  0.261583 -0.297481   1.98932  -1.35693
  0.302007 -0.0113195    1.97632    0.26105  -0.297521    1.98961   -1.35701
  0.302232 -0.0114228    1.97632    0.26052   -0.29756    1.98988    -1.3571
  0.302456 -0.0115256    1.97633   0.259991    -0.2976    1.99016   -1.35718
   0.30268 -0.0116281    1.97633   0.259465  -0.297639    1.99044   -1.35726
  0.302902 -0.0117303    1.97634   0.258942  -0.297679    1.99071   -1.35735
 0.303123 -0.011832   1.97634   0.25842 -0.297718   1.99099  -1.35743
  0.303344 -0.0119334    1.97635   0.257901  -0.297757    1.99126   -1.35751
  0.303563 -0.0120344    1.97635   0.257385  -0.297795    1.99153   -1.35759
  0.303782 -0.0121349    1.97636    0.25687  -0.297834     1.9918   -1.35767
     0.304 -0.0122351    1.97636   0.256358  -0.297873    1.99207   -1.35775
  0.304216 -0.0123349    1.97637   0.255848  -0.297911    1.99234   -1.35783
  0.304432 -0.0124343    1.97637    0.25534   -0.29795    1.99261   -1.35791
  0.304647 -0.0125333    1.97638   0.254835  -0.297988    1.99287   -1.35799
  0.304861 -0.0126319    1.97638   0.254332  -0.298026    1.99314   -1.35807
  0.305074 -0.0127301    1.97639   0.253831  -0.298064     1.9934   -1.35815
  0.305286 -0.0128278    1.97639   0.253332  -0.298102    1.99366   -1.35823
  0.305497 -0.0129252     1.9764   0.252835   -0.29814    1.99392    -1.3583
  0.305707 -0.0130222     1.9764   0.252341  -0.298177    1.99418   -1.35838
  0.305916 -0.0131187    1.97641   0.251848  -0.298215    1.99444   -1.35846
  0.306124 -0.0132148    1.97641   0.251358  -0.298252     1.9947   -1.35853
  0.306332 -0.0133106    1.97642    0.25087   -0.29829    1.99495   -1.35861
  0.306538 -0.0134059    1.97642   0.250384  -0.298327    1.99521   -1.35869
  0.306744 -0.0135008    1.97643     0.2499  -0.298364    1.99546   -1.35876
  0.306948 -0.0135953    1.97643   0.249419  -0.298401    1.99571   -1.35884
  0.307152 -0.0136894    1.97643   0.248939  -0.298438    1.99596   -1.35891
  0.307355 -0.0137831    1.97644   0.248462  -0.298475    1.99621   -1.35899
  0.307557 -0.0138764    1.97644   0.247987  -0.298511    1.99646   -1.35906
  0.307758 -0.0139693    1.97645   0.247513  -0.298548    1.99671   -1.35914
  0.307959 -0.0140618    1.97645   0.247042  -0.298584    1.99696   -1.35921
  0.308158 -0.0141539    1.97646   0.246573  -0.298621    1.99721   -1.35928
  0.308357 -0.0142455    1.97646   0.246106  -0.298657    1.99745   -1.35936
  0.308554 -0.0143368    1.97647   0.245641  -0.298693    1.99769   -1.35943
  0.308751 -0.0144277    1.97647   0.245178  -0.298729    1.99794    -1.3595
  0.308947 -0.0145182    1.97648   0.244717  -0.298765    1.99818   -1.35957
  0.309142 -0.0146083    1.97648   0.244258  -0.298801    1.99842   -1.35965
 0.309336 -0.014698   1.97649  0.243801 -0.298837   1.99866  -1.35972
   0.30953 -0.0147873    1.97649   0.243346  -0.298873     1.9989   -1.35979
  0.309722 -0.0148762     1.9765   0.242893  -0.298908    1.99913   -1.35986
  0.309914 -0.0149648     1.9765   0.242442  -0.298944    1.99937   -1.35993
  0.310105 -0.0150529    1.97651   0.241993  -0.298979    1.99961      -1.36
  0.310295 -0.0151407    1.97651   0.241546  -0.299014    1.99984   -1.36007
  0.310484 -0.0152281    1.97652   0.241101  -0.299049    2.00007   -1.36014
  0.310672 -0.0153151    1.97652   0.240658  -0.299084     2.0003   -1.36021
   0.31086 -0.0154017    1.97653   0.240216  -0.299119    2.00054   -1.36028
  0.311047 -0.0154879    1.97653   0.239777  -0.299154    2.00077   -1.36035
  0.311233 -0.0155738    1.97653   0.239339  -0.299189      2.001   -1.36042
  0.311418 -0.0156593    1.97654   0.238904  -0.299224    2.00122   -1.36049
  0.311602 -0.0157444    1.97654    0.23847  -0.299258    2.00145   -1.36055
  0.311786 -0.0158291    1.97655   0.238038  -0.299293    2.00168   -1.36062
  0.311968 -0.0159135    1.97655   0.237609  -0.299327     2.0019   -1.36069
   0.31215 -0.0159975    1.97656   0.237181  -0.299361    2.00213   -1.36076
  0.312331 -0.0160811    1.97656   0.236754  -0.299395    2.00235   -1.36082
  0.312512 -0.0161644    1.97657    0.23633  -0.299429    2.00257   -1.36089
  0.312691 -0.0162473    1.97657   0.235908  -0.299463    2.00279   -1.36096
   0.31287 -0.0163298    1.97658   0.235487  -0.299497    2.00301   -1.36102
 0.313048 -0.016412   1.97658  0.235068 -0.299531   2.00323  -1.36109
  0.313225 -0.0164938    1.97659   0.234651  -0.299565    2.00345   -1.36115
  0.313402 -0.0165753    1.97659   0.234236  -0.299598    2.00367   -1.36122
  0.313578 -0.0166564     1.9766   0.233822  -0.299632    2.00388   -1.36128
  0.313752 -0.0167371     1.9766   0.233411  -0.299665     2.0041   -1.36135
  0.313927 -0.0168175     1.9766   0.233001  -0.299699    2.00431   -1.36141
    0.3141 -0.0168975    1.97661   0.232593  -0.299732    2.00453   -1.36148
  0.314273 -0.0169772    1.97661   0.232186  -0.299765    2.00474   -1.36154
  0.314445 -0.0170566    1.97662   0.231782  -0.299798    2.00495   -1.36161
  0.314616 -0.0171356    1.97662   0.231379  -0.299831    2.00516   -1.36167
  0.314786 -0.0172142    1.97663   0.230978  -0.299864    2.00537   -1.36173
  0.314956 -0.0172925    1.97663   0.230579  -0.299897    2.00558    -1.3618
  0.315125 -0.0173705    1.97664   0.230181  -0.299929    2.00579   -1.36186
  0.315293 -0.0174481    1.97664   0.229785  -0.299962      2.006   -1.36192
  0.315461 -0.0175254    1.97665   0.229391  -0.299995     2.0062   -1.36198
  0.315628 -0.0176023    1.97665   0.228999  -0.300027    2.00641   -1.36205
  0.315794 -0.0176789    1.97665   0.228608  -0.300059    2.00661   -1.36211
  0.315959 -0.0177552    1.97666   0.228219  -0.300091    2.00682   -1.36217
  0.316124 -0.0178311    1.97666   0.227831  -0.300124    2.00702   -1.36223
  0.316288 -0.0179068    1.97667   0.227446  -0.300156    2.00722   -1.36229
 0.316451 -0.017982   1.97667  0.227061 -0.300188   2.00742  -1.36235
 0.316614 -0.018057   1.97668  0.226679  -0.30022   2.00762  -1.36241
  0.316776 -0.0181316    1.97668   0.226298  -0.300251    2.00782   -1.36247
  0.316937 -0.0182059    1.97669   0.225919  -0.300283    2.00802   -1.36253
  0.317097 -0.0182799    1.97669   0.225542  -0.300315    2.00821   -1.36259
  0.317257 -0.0183535     1.9767   0.225166  -0.300346    2.00841   -1.36265
  0.317416 -0.0184269     1.9767   0.224791  -0.300378    2.00861   -1.36271
  0.317574 -0.0184999     1.9767   0.224419  -0.300409     2.0088   -1.36277
  0.317732 -0.0185726    1.97671   0.224048   -0.30044      2.009   -1.36283
  0.317889 -0.0186449    1.97671   0.223678  -0.300471    2.00919   -1.36289
 0.318046 -0.018717   1.97672   0.22331 -0.300503   2.00938  -1.36294
  0.318201 -0.0187887    1.97672   0.222944  -0.300534    2.00957     -1.363
  0.318356 -0.0188602    1.97673   0.222579  -0.300565    2.00976   -1.36306
  0.318511 -0.0189313    1.97673   0.222216  -0.300595    2.00995   -1.36312
  0.318664 -0.0190021    1.97674   0.221855  -0.300626    2.01014   -1.36318
  0.318817 -0.0190726    1.97674   0.221495  -0.300657    2.01033   -1.36323
   0.31897 -0.0191428    1.97675   0.221136  -0.300687    2.01052   -1.36329
  0.319122 -0.0192127    1.97675   0.220779  -0.300718     2.0107   -1.36335
  0.319273 -0.0192823    1.97675   0.220424  -0.300748    2.01089    -1.3634
  0.319423 -0.0193515    1.97676    0.22007  -0.300779    2.01107   -1.36346
  0.319573 -0.0194205    1.97676   0.219718  -0.300809    2.01126   -1.36351
  0.319722 -0.0194892    1.97677   0.219367  -0.300839    2.01144   -1.36357
  0.319871 -0.0195576    1.97677   0.219017  -0.300869    2.01162   -1.36363
  0.320018 -0.0196257    1.97678   0.218669  -0.300899    2.01181   -1.36368
  0.320166 -0.0196935    1.97678   0.218323  -0.300929    2.01199   -1.36374
  0.320312 -0.0197609    1.97679   0.217978  -0.300959    2.01217   -1.36379
  0.320458 -0.0198281    1.97679   0.217635  -0.300989    2.01235   -1.36385
 0.320604 -0.019895    1.9768  0.217293 -0.301019   2.01252   -1.3639
  0.320748 -0.0199617     1.9768   0.216952  -0.301048     2.0127   -1.36395
 0.320892 -0.020028   1.97681  0.216613 -0.301078   2.01288  -1.36401
 0.321036 -0.020094   1.97681  0.216276 -0.301107   2.01306  -1.36406
  0.321179 -0.0201598    1.97681    0.21594  -0.301137    2.01323   -1.36412
  0.321321 -0.0202252    1.97682   0.215605  -0.301166    2.01341   -1.36417
  0.321463 -0.0202904    1.97682   0.215272  -0.301195    2.01358   -1.36422
  0.321604 -0.0203553    1.97683    0.21494  -0.301224    2.01375   -1.36427
  0.321744 -0.0204199    1.97683    0.21461  -0.301253    2.01393   -1.36433
  0.321884 -0.0204842    1.97684   0.214281  -0.301282     2.0141   -1.36438
  0.322023 -0.0205483    1.97684   0.213953  -0.301311    2.01427   -1.36443
  0.322162 -0.0206121    1.97685   0.213627   -0.30134    2.01444   -1.36448
    0.3223 -0.0206756    1.97685   0.213302  -0.301369    2.01461   -1.36454
  0.322438 -0.0207388    1.97686   0.212979  -0.301398    2.01478   -1.36459
  0.322574 -0.0208017    1.97686   0.212657  -0.301426    2.01494   -1.36464
  0.322711 -0.0208644    1.97686   0.212336  -0.301455    2.01511   -1.36469
  0.322847 -0.0209268    1.97687   0.212017  -0.301483    2.01528   -1.36474
  0.322982 -0.0209889    1.97687   0.211699  -0.301512    2.01544   -1.36479
  0.323116 -0.0210508    1.97688   0.211382   -0.30154    2.01561   -1.36484
   0.32325 -0.0211124    1.97688   0.211067  -0.301568    2.01577   -1.36489
  0.323384 -0.0211737    1.97689   0.210753  -0.301596    2.01594   -1.36494
  0.323517 -0.0212347    1.97689   0.210441  -0.301625     2.0161   -1.36499
  0.323649 -0.0212955     1.9769    0.21013  -0.301653    2.01626   -1.36504
  0.323781 -0.0213561     1.9769    0.20982   -0.30168    2.01642   -1.36509
  0.323912 -0.0214163    1.97691   0.209511  -0.301708    2.01659   -1.36514
  0.324042 -0.0214763    1.97691   0.209204  -0.301736    2.01675   -1.36519
  0.324172 -0.0215361    1.97692   0.208898  -0.301764    2.01691   -1.36524
  0.324302 -0.0215955    1.97692   0.208594  -0.301792    2.01706   -1.36529
  0.324431 -0.0216548    1.97693    0.20829  -0.301819    2.01722   -1.36534
  0.324559 -0.0217137    1.97693   0.207988  -0.301847    2.01738   -1.36538
  0.324687 -0.0217724    1.97693   0.207688  -0.301874    2.01754   -1.36543
  0.324814 -0.0218309    1.97694   0.207388  -0.301901    2.01769   -1.36548
  0.324941 -0.0218891    1.97694    0.20709  -0.301929    2.01785   -1.36553
 0.325067 -0.021947   1.97695  0.206793 -0.301956     2.018  -1.36558
  0.325193 -0.0220047    1.97695   0.206497  -0.301983    2.01816   -1.36562
  0.325318 -0.0220622    1.97696   0.206203   -0.30201    2.01831   -1.36567
  0.325443 -0.0221194    1.97696    0.20591  -0.302037    2.01846   -1.36572
  0.325567 -0.0221763    1.97697   0.205618  -0.302064    2.01862   -1.36576
 0.325691 -0.022233   1.97697  0.205327 -0.302091   2.01877  -1.36581
  0.325814 -0.0222895    1.97698   0.205038  -0.302118    2.01892   -1.36586
  0.325936 -0.0223457    1.97698    0.20475  -0.302145    2.01907    -1.3659
  0.326058 -0.0224017    1.97699   0.204463  -0.302171    2.01922   -1.36595
   0.32618 -0.0224574    1.97699   0.204177  -0.302198    2.01937   -1.36599
  0.326301 -0.0225129      1.977   0.203893  -0.302224    2.01952   -1.36604
  0.326421 -0.0225681      1.977    0.20361  -0.302251    2.01966   -1.36609
  0.326541 -0.0226231    1.97701   0.203327  -0.302277    2.01981   -1.36613
  0.326661 -0.0226779    1.97701   0.203047  -0.302304    2.01996   -1.36618
  0.326779 -0.0227324    1.97702   0.202767   -0.30233     2.0201   -1.36622
  0.326898 -0.0227867    1.97702   0.202488  -0.302356    2.02025   -1.36627
  0.327016 -0.0228407    1.97702   0.202211  -0.302382    2.02039   -1.36631
  0.327133 -0.0228946    1.97703   0.201935  -0.302408    2.02054   -1.36635
   0.32725 -0.0229481    1.97703    0.20166  -0.302434    2.02068    -1.3664
  0.327367 -0.0230015    1.97704   0.201386   -0.30246    2.02082   -1.36644
  0.327483 -0.0230546    1.97704   0.201114  -0.302486    2.02096   -1.36649
  0.327598 -0.0231075    1.97705   0.200842  -0.302512    2.02111   -1.36653
  0.327713 -0.0231602    1.97705   0.200572  -0.302537    2.02125   -1.36657
  0.327827 -0.0232126    1.97706   0.200303  -0.302563    2.02139   -1.36662
  0.327941 -0.0232648    1.97706   0.200035  -0.302589    2.02153   -1.36666
  0.328055 -0.0233168    1.97707   0.199768  -0.302614    2.02167    -1.3667
  0.328168 -0.0233685    1.97707   0.199502   -0.30264     2.0218   -1.36675
  0.328281 -0.0234201    1.97708   0.199237  -0.302665    2.02194   -1.36679
  0.328393 -0.0234714    1.97708   0.198974   -0.30269    2.02208   -1.36683
  0.328504 -0.0235225    1.97709   0.198712  -0.302716    2.02222   -1.36687
  0.328615 -0.0235733    1.97709    0.19845  -0.302741    2.02235   -1.36691
 0.328726 -0.023624    1.9771   0.19819 -0.302766   2.02249  -1.36696
  0.328836 -0.0236744     1.9771   0.197931  -0.302791    2.02262     -1.367
  0.328946 -0.0237246    1.97711   0.197673  -0.302816    2.02276   -1.36704
  0.329055 -0.0237746    1.97711   0.197416  -0.302841    2.02289   -1.36708
  0.329164 -0.0238243    1.97712   0.197161  -0.302866    2.02302   -1.36712
  0.329272 -0.0238739    1.97712   0.196906  -0.302891    2.02316   -1.36716
   0.32938 -0.0239232    1.97713   0.196652  -0.302916    2.02329    -1.3672
  0.329488 -0.0239723    1.97713     0.1964   -0.30294    2.02342   -1.36724
  0.329594 -0.0240212    1.97714   0.196148  -0.302965    2.02355   -1.36729
  0.329701 -0.0240699    1.97714   0.195898   -0.30299    2.02368   -1.36733
  0.329807 -0.0241184    1.97715   0.195649  -0.303014    2.02381   -1.36737
  0.329913 -0.0241667    1.97715     0.1954  -0.303039    2.02394   -1.36741
  0.330018 -0.0242148    1.97716   0.195153  -0.303063    2.02407   -1.36745
  0.330123 -0.0242626    1.97716   0.194907  -0.303087     2.0242   -1.36749
  0.330227 -0.0243103    1.97717   0.194662  -0.303112    2.02432   -1.36753
  0.330331 -0.0243577    1.97717   0.194418  -0.303136    2.02445   -1.36756
 0.330434 -0.024405   1.97718  0.194175  -0.30316   2.02458   -1.3676
 0.330537 -0.024452   1.97718  0.193933 -0.303184    2.0247  -1.36764
   0.33064 -0.0244988    1.97719   0.193692  -0.303208    2.02483   -1.36768
  0.330742 -0.0245454    1.97719   0.193452  -0.303232    2.02495   -1.36772
  0.330843 -0.0245919     1.9772   0.193213  -0.303256    2.02508   -1.36776
  0.330945 -0.0246381     1.9772   0.192975   -0.30328     2.0252    -1.3678
  0.331045 -0.0246841    1.97721   0.192738  -0.303304    2.02533   -1.36784
  0.331146 -0.0247299    1.97721   0.192502  -0.303328    2.02545   -1.36787
  0.331246 -0.0247756    1.97722   0.192267  -0.303351    2.02557   -1.36791
 0.331345 -0.024821   1.97722  0.192033 -0.303375   2.02569  -1.36795
  0.331444 -0.0248662    1.97723     0.1918  -0.303398    2.02581   -1.36799
  0.331543 -0.0249112    1.97723   0.191568  -0.303422    2.02593   -1.36802
  0.331641 -0.0249561    1.97724   0.191337  -0.303445    2.02606   -1.36806
  0.331739 -0.0250007    1.97724   0.191107  -0.303469    2.02617    -1.3681
  0.331837 -0.0250452    1.97725   0.190878  -0.303492    2.02629   -1.36814
  0.331934 -0.0250894    1.97725    0.19065  -0.303515    2.02641   -1.36817
   0.33203 -0.0251335    1.97726   0.190423  -0.303539    2.02653   -1.36821
  0.332127 -0.0251773    1.97726   0.190197  -0.303562    2.02665   -1.36825
 0.332222 -0.025221   1.97727  0.189971 -0.303585   2.02677  -1.36828
  0.332318 -0.0252645    1.97727   0.189747  -0.303608    2.02688   -1.36832
  0.332413 -0.0253078    1.97728   0.189524  -0.303631      2.027   -1.36836
  0.332507 -0.0253509    1.97728   0.189301  -0.303654    2.02711   -1.36839
  0.332602 -0.0253939    1.97729    0.18908  -0.303677    2.02723   -1.36843
  0.332696 -0.0254366     1.9773    0.18886    -0.3037    2.02734   -1.36846
  0.332789 -0.0254792     1.9773    0.18864  -0.303723    2.02746    -1.3685
  0.332882 -0.0255215    1.97731   0.188421  -0.303745    2.02757   -1.36853
  0.332975 -0.0255637    1.97731   0.188204  -0.303768    2.02769   -1.36857
  0.333067 -0.0256057    1.97732   0.187987  -0.303791     2.0278    -1.3686
  0.333159 -0.0256475    1.97732   0.187771  -0.303813    2.02791   -1.36864
   0.33325 -0.0256892    1.97733   0.187556  -0.303836    2.02802   -1.36867
  0.333341 -0.0257306    1.97733   0.187342  -0.303858    2.02813   -1.36871
  0.333432 -0.0257719    1.97734   0.187129  -0.303881    2.02824   -1.36874
 0.333522 -0.025813   1.97734  0.186917 -0.303903   2.02835  -1.36878
  0.333612 -0.0258539    1.97735   0.186706  -0.303925    2.02846   -1.36881
  0.333702 -0.0258947    1.97735   0.186495  -0.303948    2.02857   -1.36885
  0.333791 -0.0259352    1.97736   0.186286   -0.30397    2.02868   -1.36888
   0.33388 -0.0259756    1.97736   0.186077  -0.303992    2.02879   -1.36891
  0.333968 -0.0260158    1.97737   0.185869  -0.304014     2.0289   -1.36895
  0.334056 -0.0260559    1.97737   0.185662  -0.304036    2.02901   -1.36898
  0.334144 -0.0260957    1.97738   0.185456  -0.304058    2.02911   -1.36902
  0.334231 -0.0261354    1.97739   0.185251   -0.30408    2.02922   -1.36905
  0.334318 -0.0261749    1.97739   0.185047  -0.304102    2.02933   -1.36908
  0.334405 -0.0262143     1.9774   0.184843  -0.304124    2.02943   -1.36912
  0.334491 -0.0262535     1.9774   0.184641  -0.304146    2.02954   -1.36915
  0.334577 -0.0262925    1.97741   0.184439  -0.304168    2.02964   -1.36918
  0.334663 -0.0263313    1.97741   0.184238  -0.304189    2.02975   -1.36921
 0.334748  -0.02637   1.97742  0.184038 -0.304211   2.02985  -1.36925
  0.334833 -0.0264085    1.97742   0.183839  -0.304232    2.02995   -1.36928
  0.334917 -0.0264468    1.97743   0.183641  -0.304254    2.03006   -1.36931
 0.335001 -0.026485   1.97743  0.183443 -0.304276   2.03016  -1.36934
 0.335085 -0.026523   1.97744  0.183246 -0.304297   2.03026  -1.36938
  0.335168 -0.0265608    1.97744   0.183051  -0.304318    2.03036   -1.36941
  0.335251 -0.0265985    1.97745   0.182856   -0.30434    2.03047   -1.36944
 0.335334 -0.026636   1.97746  0.182661 -0.304361   2.03057  -1.36947
  0.335416 -0.0266733    1.97746   0.182468  -0.304382    2.03067    -1.3695
  0.335498 -0.0267105    1.97747   0.182276  -0.304404    2.03077   -1.36953
   0.33558 -0.0267475    1.97747   0.182084  -0.304425    2.03087   -1.36956
  0.335661 -0.0267843    1.97748   0.181893  -0.304446    2.03097    -1.3696
 0.335742 -0.026821   1.97748  0.181703 -0.304467   2.03107  -1.36963
  0.335823 -0.0268576    1.97749   0.181513  -0.304488    2.03116   -1.36966
 0.335903 -0.026894   1.97749  0.181325 -0.304509   2.03126  -1.36969
  0.335983 -0.0269302     1.9775   0.181137   -0.30453    2.03136   -1.36972
  0.336063 -0.0269662    1.97751    0.18095  -0.304551    2.03146   -1.36975
  0.336142 -0.0270021    1.97751   0.180764  -0.304571    2.03155   -1.36978
  0.336221 -0.0270379    1.97752   0.180579  -0.304592    2.03165   -1.36981
  0.336299 -0.0270735    1.97752   0.180394  -0.304613    2.03175   -1.36984
  0.336378 -0.0271089    1.97753    0.18021  -0.304634    2.03184   -1.36987
  0.336456 -0.0271442    1.97753   0.180027  -0.304654    2.03194    -1.3699
  0.336533 -0.0271793    1.97754   0.179845  -0.304675    2.03203   -1.36993
  0.336611 -0.0272143    1.97754   0.179664  -0.304695    2.03212   -1.36996
  0.336688 -0.0272491    1.97755   0.179483  -0.304716    2.03222   -1.36999
  0.336764 -0.0272838    1.97756   0.179303  -0.304736    2.03231   -1.37002
  0.336841 -0.0273183    1.97756   0.179124  -0.304757    2.03241   -1.37005
  0.336917 -0.0273527    1.97757   0.178945  -0.304777     2.0325   -1.37008
  0.336992 -0.0273869    1.97757   0.178768  -0.304798    2.03259   -1.37011
  0.337068 -0.0274209    1.97758   0.178591  -0.304818    2.03268   -1.37013
  0.337143 -0.0274549    1.97758   0.178414  -0.304838    2.03277   -1.37016
  0.337218 -0.0274886    1.97759   0.178239  -0.304858    2.03287   -1.37019
  0.337292 -0.0275223     1.9776   0.178064  -0.304878    2.03296   -1.37022
  0.337366 -0.0275557     1.9776    0.17789  -0.304899    2.03305   -1.37025
   0.33744 -0.0275891    1.97761   0.177717  -0.304919    2.03314   -1.37028
  0.337513 -0.0276223    1.97761   0.177544  -0.304939    2.03323   -1.37031
  0.337587 -0.0276553    1.97762   0.177373  -0.304959    2.03332   -1.37033
  0.337659 -0.0276882    1.97762   0.177202  -0.304978     2.0334   -1.37036
 0.337732 -0.027721   1.97763  0.177031 -0.304998   2.03349  -1.37039
  0.337804 -0.0277536    1.97764   0.176862  -0.305018    2.03358   -1.37042
 0.337876 -0.027786   1.97764  0.176693 -0.305038   2.03367  -1.37044
  0.337948 -0.0278184    1.97765   0.176525  -0.305058    2.03376   -1.37047
  0.338019 -0.0278505    1.97765   0.176357  -0.305077    2.03384    -1.3705
   0.33809 -0.0278826    1.97766    0.17619  -0.305097    2.03393   -1.37053
  0.338161 -0.0279145    1.97766   0.176024  -0.305117    2.03402   -1.37055
  0.338232 -0.0279463    1.97767   0.175859  -0.305136     2.0341   -1.37058
  0.338302 -0.0279779    1.97768   0.175694  -0.305156    2.03419   -1.37061
  0.338372 -0.0280094    1.97768    0.17553  -0.305175    2.03427   -1.37063
  0.338441 -0.0280407    1.97769   0.175367  -0.305195    2.03436   -1.37066
  0.338511 -0.0280719    1.97769   0.175204  -0.305214    2.03444   -1.37069
  0.33858 -0.028103    1.9777  0.175042 -0.305234   2.03453  -1.37071
 0.338648 -0.028134   1.97771  0.174881 -0.305253   2.03461  -1.37074
  0.338717 -0.0281648    1.97771    0.17472  -0.305272    2.03469   -1.37077
  0.338785 -0.0281954    1.97772    0.17456  -0.305292    2.03478   -1.37079
 0.338853 -0.028226   1.97772  0.174401 -0.305311   2.03486  -1.37082
   0.33892 -0.0282564    1.97773   0.174243   -0.30533    2.03494   -1.37085
  0.338988 -0.0282866    1.97774   0.174085  -0.305349    2.03502   -1.37087
  0.339055 -0.0283168    1.97774   0.173928  -0.305368     2.0351    -1.3709
  0.339122 -0.0283468    1.97775   0.173771  -0.305387    2.03519   -1.37092
  0.339188 -0.0283767    1.97775   0.173615  -0.305406    2.03527   -1.37095
  0.339254 -0.0284064    1.97776    0.17346  -0.305425    2.03535   -1.37097
  0.33932 -0.028436   1.97777  0.173305 -0.305444   2.03543    -1.371
  0.339386 -0.0284655    1.97777   0.173151  -0.305463    2.03551   -1.37102
  0.339451 -0.0284948    1.97778   0.172998  -0.305482    2.03559   -1.37105
  0.339516 -0.0285241    1.97778   0.172845  -0.305501    2.03567   -1.37108
  0.339581 -0.0285532    1.97779   0.172693  -0.305519    2.03574    -1.3711
  0.339646 -0.0285821     1.9778   0.172542  -0.305538    2.03582   -1.37112
  0.33971 -0.028611    1.9778  0.172391 -0.305557    2.0359  -1.37115
  0.339774 -0.0286397    1.97781   0.172241  -0.305576    2.03598   -1.37117
  0.339838 -0.0286683    1.97781   0.172092  -0.305594    2.03606    -1.3712
  0.339901 -0.0286968    1.97782   0.171943  -0.305613    2.03613   -1.37122
  0.339964 -0.0287251    1.97783   0.171795  -0.305631    2.03621   -1.37125
  0.340027 -0.0287533    1.97783   0.171647   -0.30565    2.03629   -1.37127
   0.34009 -0.0287814    1.97784     0.1715  -0.305668    2.03636    -1.3713
  0.340152 -0.0288094    1.97784   0.171354  -0.305687    2.03644   -1.37132
  0.340214 -0.0288372    1.97785   0.171208  -0.305705    2.03652   -1.37134
  0.340276 -0.0288649    1.97786   0.171063  -0.305723    2.03659   -1.37137
  0.340338 -0.0288925    1.97786   0.170918  -0.305742    2.03667   -1.37139
0.340399 -0.02892  1.97787 0.170775 -0.30576  2.03674 -1.37142
   0.34046 -0.0289474    1.97787   0.170631  -0.305778    2.03681   -1.37144
  0.340521 -0.0289746    1.97788   0.170489  -0.305797    2.03689   -1.37146
  0.340582 -0.0290017    1.97789   0.170346  -0.305815    2.03696   -1.37149
  0.340642 -0.0290287    1.97789   0.170205  -0.305833    2.03704   -1.37151
  0.340702 -0.0290556     1.9779   0.170064  -0.305851    2.03711   -1.37153
  0.340762 -0.0290824     1.9779   0.169924  -0.305869    2.03718   -1.37156
 0.340822 -0.029109   1.97791  0.169784 -0.305887   2.03725  -1.37158
  0.340881 -0.0291356    1.97792   0.169645  -0.305905    2.03733    -1.3716
  0.34094 -0.029162   1.97792  0.169506 -0.305923    2.0374  -1.37162
  0.340999 -0.0291883    1.97793   0.169368  -0.305941    2.03747   -1.37165
  0.341058 -0.0292144    1.97794   0.169231  -0.305959    2.03754   -1.37167
  0.341116 -0.0292405    1.97794   0.169094  -0.305977    2.03761   -1.37169
  0.341174 -0.0292665    1.97795   0.168958  -0.305994    2.03768   -1.37171
  0.341232 -0.0292923    1.97795   0.168822  -0.306012    2.03775   -1.37174
  0.34129 -0.029318   1.97796  0.168687  -0.30603   2.03782  -1.37176
  0.341347 -0.0293436    1.97797   0.168553  -0.306048    2.03789   -1.37178
  0.341404 -0.0293691    1.97797   0.168419  -0.306065    2.03796    -1.3718
  0.341461 -0.0293945    1.97798   0.168285  -0.306083    2.03803   -1.37183
  0.341518 -0.0294198    1.97799   0.168153  -0.306101     2.0381   -1.37185
  0.341574 -0.0294449    1.97799    0.16802  -0.306118    2.03817   -1.37187
 0.341631  -0.02947     1.978  0.167889 -0.306136   2.03824  -1.37189
  0.341687 -0.0294949      1.978   0.167758  -0.306153    2.03831   -1.37191
  0.341742 -0.0295197    1.97801   0.167627  -0.306171    2.03837   -1.37193
  0.341798 -0.0295445    1.97802   0.167497  -0.306188    2.03844   -1.37196
  0.341853 -0.0295691    1.97802   0.167367  -0.306206    2.03851   -1.37198
  0.341908 -0.0295936    1.97803   0.167238  -0.306223    2.03857     -1.372
 0.341963 -0.029618   1.97804   0.16711  -0.30624   2.03864  -1.37202
  0.342018 -0.0296423    1.97804   0.166982  -0.306258    2.03871   -1.37204
  0.342072 -0.0296664    1.97805   0.166855  -0.306275    2.03877   -1.37206
  0.342126 -0.0296905    1.97806   0.166728  -0.306292    2.03884   -1.37208
   0.34218 -0.0297145    1.97806   0.166602  -0.306309    2.03891    -1.3721
  0.342234 -0.0297383    1.97807   0.166476  -0.306326    2.03897   -1.37212
  0.342287 -0.0297621    1.97807   0.166351  -0.306344    2.03904   -1.37214
  0.342341 -0.0297857    1.97808   0.166226  -0.306361     2.0391   -1.37217
  0.342394 -0.0298093    1.97809   0.166102  -0.306378    2.03916   -1.37219
  0.342446 -0.0298327    1.97809   0.165978  -0.306395    2.03923   -1.37221
 0.342499 -0.029856    1.9781  0.165855 -0.306412   2.03929  -1.37223
  0.342551 -0.0298793    1.97811   0.165732  -0.306429    2.03936   -1.37225
  0.342603 -0.0299024    1.97811    0.16561  -0.306446    2.03942   -1.37227
  0.342655 -0.0299254    1.97812   0.165489  -0.306463    2.03948   -1.37229
  0.342707 -0.0299484    1.97813   0.165368  -0.306479    2.03955   -1.37231
  0.342759 -0.0299712    1.97813   0.165247  -0.306496    2.03961   -1.37233
   0.34281 -0.0299939    1.97814   0.165127  -0.306513    2.03967   -1.37235
  0.342861 -0.0300165    1.97815   0.165008   -0.30653    2.03973   -1.37237
 0.342912 -0.030039   1.97815  0.164889 -0.306547   2.03979  -1.37239
  0.342962 -0.0300615    1.97816    0.16477  -0.306563    2.03985   -1.37241
  0.343013 -0.0300838    1.97816   0.164652   -0.30658    2.03992   -1.37243
 0.343063 -0.030106   1.97817  0.164534 -0.306597   2.03998  -1.37245
  0.343113 -0.0301281    1.97818   0.164417  -0.306613    2.04004   -1.37246
  0.343163 -0.0301502    1.97818   0.164301   -0.30663     2.0401   -1.37248
  0.343213 -0.0301721    1.97819   0.164185  -0.306647    2.04016    -1.3725
  0.343262 -0.0301939     1.9782   0.164069  -0.306663    2.04022   -1.37252
  0.343311 -0.0302157     1.9782   0.163954   -0.30668    2.04028   -1.37254
   0.34336 -0.0302373    1.97821   0.163839  -0.306696    2.04034   -1.37256
  0.343409 -0.0302588    1.97822   0.163725  -0.306713     2.0404   -1.37258
  0.343457 -0.0302803    1.97822   0.163612  -0.306729    2.04046    -1.3726
  0.343506 -0.0303016    1.97823   0.163498  -0.306745    2.04051   -1.37262
  0.343554 -0.0303229    1.97824   0.163386  -0.306762    2.04057   -1.37264
  0.343602 -0.0303441    1.97824   0.163273  -0.306778    2.04063   -1.37265
   0.34365 -0.0303651    1.97825   0.163162  -0.306794    2.04069   -1.37267
  0.343697 -0.0303861    1.97826    0.16305  -0.306811    2.04075   -1.37269
 0.343745 -0.030407   1.97826   0.16294 -0.306827    2.0408  -1.37271
  0.343792 -0.0304278    1.97827   0.162829  -0.306843    2.04086   -1.37273
  0.343839 -0.0304485    1.97828   0.162719  -0.306859    2.04092   -1.37275
  0.343886 -0.0304691    1.97828    0.16261  -0.306875    2.04097   -1.37276
  0.343932 -0.0304896    1.97829   0.162501  -0.306892    2.04103   -1.37278
 0.343979  -0.03051    1.9783  0.162392 -0.306908   2.04109   -1.3728
  0.344025 -0.0305303     1.9783   0.162284  -0.306924    2.04114   -1.37282
  0.344071 -0.0305506    1.97831   0.162177   -0.30694     2.0412   -1.37284
  0.344117 -0.0305707    1.97832    0.16207  -0.306956    2.04125   -1.37285
  0.344162 -0.0305908    1.97832   0.161963  -0.306972    2.04131   -1.37287
  0.344208 -0.0306107    1.97833   0.161857  -0.306988    2.04136   -1.37289
  0.344253 -0.0306306    1.97834   0.161751  -0.307004    2.04142   -1.37291
  0.344298 -0.0306504    1.97834   0.161646   -0.30702    2.04147   -1.37292
  0.344343 -0.0306701    1.97835   0.161541  -0.307036    2.04153   -1.37294
  0.344388 -0.0306897    1.97836   0.161436  -0.307051    2.04158   -1.37296
  0.344432 -0.0307092    1.97836   0.161332  -0.307067    2.04164   -1.37298
  0.344476 -0.0307287    1.97837   0.161229  -0.307083    2.04169   -1.37299
 0.344521 -0.030748   1.97838  0.161125 -0.307099   2.04174  -1.37301
  0.344564 -0.0307673    1.97838   0.161023  -0.307115     2.0418   -1.37303
  0.344608 -0.0307865    1.97839    0.16092   -0.30713    2.04185   -1.37305
  0.344652 -0.0308056     1.9784   0.160818  -0.307146     2.0419   -1.37306
  0.344695 -0.0308246     1.9784   0.160717  -0.307162    2.04196   -1.37308
  0.344738 -0.0308435    1.97841   0.160616  -0.307177    2.04201    -1.3731
  0.344782 -0.0308623    1.97842   0.160515  -0.307193    2.04206   -1.37311
  0.344824 -0.0308811    1.97842   0.160415  -0.307208    2.04211   -1.37313
  0.344867 -0.0308997    1.97843   0.160315  -0.307224    2.04216   -1.37315
   0.34491 -0.0309183    1.97844   0.160216   -0.30724    2.04222   -1.37316
  0.344952 -0.0309368    1.97845   0.160117  -0.307255    2.04227   -1.37318
  0.344994 -0.0309553    1.97845   0.160019  -0.307271    2.04232    -1.3732
  0.345036 -0.0309736    1.97846   0.159921  -0.307286    2.04237   -1.37321
  0.345078 -0.0309918    1.97847   0.159823  -0.307301    2.04242   -1.37323
 0.345119  -0.03101   1.97847  0.159726 -0.307317   2.04247  -1.37324
  0.345161 -0.0310281    1.97848   0.159629  -0.307332    2.04252   -1.37326
  0.345202 -0.0310461    1.97849   0.159532  -0.307348    2.04257   -1.37328
 0.345243 -0.031064   1.97849  0.159436 -0.307363   2.04262  -1.37329
  0.345284 -0.0310819     1.9785   0.159341  -0.307378    2.04267   -1.37331
  0.345325 -0.0310997    1.97851   0.159246  -0.307393    2.04272   -1.37332
  0.345366 -0.0311173    1.97851   0.159151  -0.307409    2.04277   -1.37334
 0.345406 -0.031135   1.97852  0.159056 -0.307424   2.04282  -1.37336
  0.345446 -0.0311525    1.97853   0.158962  -0.307439    2.04286   -1.37337
  0.345487 -0.0311699    1.97853   0.158869  -0.307454    2.04291   -1.37339
  0.345526 -0.0311873    1.97854   0.158775  -0.307469    2.04296    -1.3734
  0.345566 -0.0312046    1.97855   0.158682  -0.307485    2.04301   -1.37342
  0.345606 -0.0312218    1.97856    0.15859    -0.3075    2.04306   -1.37343
 0.345645 -0.031239   1.97856  0.158498 -0.307515   2.04311  -1.37345
 0.345685 -0.031256   1.97857  0.158406  -0.30753   2.04315  -1.37346
 0.345724 -0.031273   1.97858  0.158315 -0.307545    2.0432  -1.37348
  0.345763 -0.0312899    1.97858   0.158224   -0.30756    2.04325   -1.37349
  0.345801 -0.0313067    1.97859   0.158133  -0.307575    2.04329   -1.37351
   0.34584 -0.0313235     1.9786   0.158043   -0.30759    2.04334   -1.37352
  0.345879 -0.0313402     1.9786   0.157954  -0.307605    2.04339   -1.37354
  0.345917 -0.0313568    1.97861   0.157864   -0.30762    2.04343   -1.37355
  0.345955 -0.0313733    1.97862   0.157775  -0.307635    2.04348   -1.37357
  0.345993 -0.0313898    1.97863   0.157686  -0.307649    2.04353   -1.37358
  0.346031 -0.0314061    1.97863   0.157598  -0.307664    2.04357    -1.3736
  0.346069 -0.0314224    1.97864    0.15751  -0.307679    2.04362   -1.37361
  0.346106 -0.0314387    1.97865   0.157423  -0.307694    2.04366   -1.37363
  0.346143 -0.0314548    1.97865   0.157336  -0.307709    2.04371   -1.37364
  0.346181 -0.0314709    1.97866   0.157249  -0.307723    2.04375   -1.37366
  0.346218 -0.0314869    1.97867   0.157162  -0.307738     2.0438   -1.37367
  0.346255 -0.0315029    1.97867   0.157076  -0.307753    2.04384   -1.37369
  0.346291 -0.0315187    1.97868    0.15699  -0.307767    2.04389    -1.3737
  0.346328 -0.0315345    1.97869   0.156905  -0.307782    2.04393   -1.37372
  0.346364 -0.0315502     1.9787    0.15682  -0.307797    2.04397   -1.37373
  0.346401 -0.0315659     1.9787   0.156735  -0.307811    2.04402   -1.37374
  0.346437 -0.0315815    1.97871   0.156651  -0.307826    2.04406   -1.37376
 0.346473 -0.031597   1.97872  0.156567 -0.307841    2.0441  -1.37377
  0.346509 -0.0316124    1.97872   0.156484  -0.307855    2.04415   -1.37379
  0.346544 -0.0316278    1.97873     0.1564   -0.30787    2.04419    -1.3738
   0.34658 -0.0316431    1.97874   0.156318  -0.307884    2.04423   -1.37381
  0.346615 -0.0316583    1.97875   0.156235  -0.307899    2.04428   -1.37383
  0.346651 -0.0316735    1.97875   0.156153  -0.307913    2.04432   -1.37384
  0.346686 -0.0316886    1.97876   0.156071  -0.307927    2.04436   -1.37385
  0.346721 -0.0317036    1.97877   0.155989  -0.307942     2.0444   -1.37387
  0.346755 -0.0317186    1.97877   0.155908  -0.307956    2.04445   -1.37388
   0.34679 -0.0317334    1.97878   0.155828  -0.307971    2.04449    -1.3739
  0.346825 -0.0317483    1.97879   0.155747  -0.307985    2.04453   -1.37391
 0.346859 -0.031763    1.9788  0.155667 -0.307999   2.04457  -1.37392
  0.346893 -0.0317777     1.9788   0.155587  -0.308014    2.04461   -1.37394
  0.346927 -0.0317923    1.97881   0.155508  -0.308028    2.04465   -1.37395
  0.346961 -0.0318069    1.97882   0.155429  -0.308042    2.04469   -1.37396
  0.346995 -0.0318213    1.97882    0.15535  -0.308056    2.04474   -1.37398
  0.347029 -0.0318358    1.97883   0.155271  -0.308071    2.04478   -1.37399
  0.347062 -0.0318501    1.97884   0.155193  -0.308085    2.04482     -1.374
  0.347096 -0.0318644    1.97885   0.155115  -0.308099    2.04486   -1.37402
  0.347129 -0.0318786    1.97885   0.155038  -0.308113     2.0449   -1.37403
  0.347162 -0.0318928    1.97886   0.154961  -0.308127    2.04494   -1.37404
  0.347195 -0.0319069    1.97887   0.154884  -0.308141    2.04498   -1.37405
  0.347228 -0.0319209    1.97888   0.154807  -0.308156    2.04502   -1.37407
  0.347261 -0.0319349    1.97888   0.154731   -0.30817    2.04506   -1.37408
  0.347293 -0.0319488    1.97889   0.154655  -0.308184    2.04509   -1.37409
  0.347326 -0.0319626     1.9789    0.15458  -0.308198    2.04513   -1.37411
  0.347358 -0.0319764     1.9789   0.154504  -0.308212    2.04517   -1.37412
   0.34739 -0.0319901    1.97891    0.15443  -0.308226    2.04521   -1.37413
  0.347422 -0.0320037    1.97892   0.154355   -0.30824    2.04525   -1.37414
  0.347454 -0.0320173    1.97893   0.154281  -0.308254    2.04529   -1.37416
  0.347486 -0.0320308    1.97893   0.154207  -0.308268    2.04533   -1.37417
  0.347518 -0.0320443    1.97894   0.154133  -0.308282    2.04536   -1.37418
  0.347549 -0.0320577    1.97895    0.15406  -0.308295     2.0454   -1.37419
 0.347581 -0.032071   1.97896  0.153987 -0.308309   2.04544   -1.3742
  0.347612 -0.0320843    1.97896   0.153914  -0.308323    2.04548   -1.37422
  0.347643 -0.0320975    1.97897   0.153841  -0.308337    2.04552   -1.37423
  0.347674 -0.0321106    1.97898   0.153769  -0.308351    2.04555   -1.37424
  0.347705 -0.0321237    1.97898   0.153698  -0.308365    2.04559   -1.37425
  0.347736 -0.0321368    1.97899   0.153626  -0.308378    2.04563   -1.37427
  0.347766 -0.0321497      1.979   0.153555  -0.308392    2.04566   -1.37428
  0.347797 -0.0321626    1.97901   0.153484  -0.308406     2.0457   -1.37429
  0.347827 -0.0321755    1.97901   0.153413   -0.30842    2.04574    -1.3743
  0.347857 -0.0321883    1.97902   0.153343  -0.308433    2.04577   -1.37431
 0.347888 -0.032201   1.97903  0.153273 -0.308447   2.04581  -1.37433
  0.347918 -0.0322137    1.97904   0.153203  -0.308461    2.04585   -1.37434
  0.347947 -0.0322263    1.97904   0.153134  -0.308474    2.04588   -1.37435
  0.347977 -0.0322389    1.97905   0.153064  -0.308488    2.04592   -1.37436
  0.348007 -0.0322513    1.97906   0.152996  -0.308502    2.04595   -1.37437
  0.348036 -0.0322638    1.97907   0.152927  -0.308515    2.04599   -1.37438
  0.348066 -0.0322762    1.97907   0.152859  -0.308529    2.04602   -1.37439
  0.348095 -0.0322885    1.97908   0.152791  -0.308542    2.04606   -1.37441
  0.348124 -0.0323008    1.97909   0.152723  -0.308556    2.04609   -1.37442
 0.348153 -0.032313    1.9791  0.152656 -0.308569   2.04613  -1.37443
  0.348182 -0.0323251     1.9791   0.152588  -0.308583    2.04616   -1.37444
  0.348211 -0.0323372    1.97911   0.152522  -0.308596     2.0462   -1.37445
  0.348239 -0.0323493    1.97912   0.152455   -0.30861    2.04623   -1.37446
  0.348268 -0.0323613    1.97912   0.152389  -0.308623    2.04627   -1.37447
  0.348296 -0.0323732    1.97913   0.152323  -0.308637     2.0463   -1.37449
  0.348325 -0.0323851    1.97914   0.152257   -0.30865    2.04634    -1.3745
  0.348353 -0.0323969    1.97915   0.152191  -0.308664    2.04637   -1.37451
  0.348381 -0.0324086    1.97915   0.152126  -0.308677     2.0464   -1.37452
  0.348409 -0.0324203    1.97916   0.152061   -0.30869    2.04644   -1.37453
 0.348437 -0.032432   1.97917  0.151997 -0.308704   2.04647  -1.37454
  0.348464 -0.0324436    1.97918   0.151932  -0.308717     2.0465   -1.37455
  0.348492 -0.0324551    1.97918   0.151868   -0.30873    2.04654   -1.37456
   0.34852 -0.0324666    1.97919   0.151804  -0.308744    2.04657   -1.37457
  0.348547 -0.0324781     1.9792   0.151741  -0.308757     2.0466   -1.37458
  0.348574 -0.0324895    1.97921   0.151677   -0.30877    2.04664   -1.37459
  0.348601 -0.0325008    1.97921   0.151614  -0.308784    2.04667   -1.37461
  0.348628 -0.0325121    1.97922   0.151552  -0.308797     2.0467   -1.37462
  0.348655 -0.0325233    1.97923   0.151489   -0.30881    2.04673   -1.37463
  0.348682 -0.0325345    1.97924   0.151427  -0.308823    2.04677   -1.37464
  0.348709 -0.0325456    1.97924   0.151365  -0.308836     2.0468   -1.37465
  0.348735 -0.0325567    1.97925   0.151303  -0.308849    2.04683   -1.37466
  0.348762 -0.0325677    1.97926   0.151242  -0.308863    2.04686   -1.37467
  0.348788 -0.0325786    1.97927   0.151181  -0.308876    2.04689   -1.37468
  0.348815 -0.0325896    1.97927    0.15112  -0.308889    2.04692   -1.37469
  0.348841 -0.0326004    1.97928   0.151059  -0.308902    2.04696    -1.3747
  0.348867 -0.0326112    1.97929   0.150998  -0.308915    2.04699   -1.37471
 0.348893 -0.032622    1.9793  0.150938 -0.308928   2.04702  -1.37472
  0.348919 -0.0326327    1.97931   0.150878  -0.308941    2.04705   -1.37473
  0.348944 -0.0326434    1.97931   0.150819  -0.308954    2.04708   -1.37474
  0.34897 -0.032654   1.97932  0.150759 -0.308967   2.04711  -1.37475
  0.348996 -0.0326645    1.97933     0.1507   -0.30898    2.04714   -1.37476
 0.349021 -0.032675   1.97934  0.150641 -0.308993   2.04717  -1.37477
  0.349046 -0.0326855    1.97934   0.150582  -0.309006     2.0472   -1.37478
  0.349072 -0.0326959    1.97935   0.150524  -0.309019    2.04723   -1.37479
  0.349097 -0.0327063    1.97936   0.150466  -0.309032    2.04726    -1.3748
  0.349122 -0.0327166    1.97937   0.150408  -0.309045    2.04729   -1.37481
  0.349147 -0.0327269    1.97937    0.15035  -0.309058    2.04732   -1.37482
  0.349171 -0.0327371    1.97938   0.150293  -0.309071    2.04735   -1.37483
  0.349196 -0.0327472    1.97939   0.150236  -0.309084    2.04738   -1.37484
  0.349221 -0.0327574     1.9794   0.150179  -0.309097    2.04741   -1.37485
  0.349245 -0.0327674     1.9794   0.150122  -0.309109    2.04744   -1.37486
   0.34927 -0.0327774    1.97941   0.150065  -0.309122    2.04747   -1.37487
  0.349294 -0.0327874    1.97942   0.150009  -0.309135     2.0475   -1.37488
  0.349318 -0.0327974    1.97943   0.149953  -0.309148    2.04753   -1.37489
  0.349342 -0.0328072    1.97943   0.149897  -0.309161    2.04756    -1.3749
  0.349366 -0.0328171    1.97944   0.149842  -0.309173    2.04759   -1.37491
   0.34939 -0.0328269    1.97945   0.149786  -0.309186    2.04761   -1.37491
  0.349414 -0.0328366    1.97946   0.149731  -0.309199    2.04764   -1.37492
  0.349437 -0.0328463    1.97947   0.149676  -0.309212    2.04767   -1.37493
  0.349461 -0.0328559    1.97947   0.149622  -0.309224     2.0477   -1.37494
  0.349485 -0.0328655    1.97948   0.149567  -0.309237    2.04773   -1.37495
  0.349508 -0.0328751    1.97949   0.149513   -0.30925    2.04775   -1.37496
  0.349531 -0.0328846     1.9795   0.149459  -0.309262    2.04778   -1.37497
  0.349555 -0.0328941     1.9795   0.149406  -0.309275    2.04781   -1.37498
  0.349578 -0.0329035    1.97951   0.149352  -0.309288    2.04784   -1.37499
  0.349601 -0.0329129    1.97952   0.149299    -0.3093    2.04787     -1.375
  0.349624 -0.0329222    1.97953   0.149246  -0.309313    2.04789   -1.37501
  0.349646 -0.0329315    1.97953   0.149193  -0.309325    2.04792   -1.37502
  0.349669 -0.0329407    1.97954    0.14914  -0.309338    2.04795   -1.37502
  0.349692 -0.0329499    1.97955   0.149088  -0.309351    2.04797   -1.37503
  0.349714 -0.0329591    1.97956   0.149036  -0.309363      2.048   -1.37504
  0.349737 -0.0329682    1.97957   0.148984  -0.309376    2.04803   -1.37505
  0.349759 -0.0329773    1.97957   0.148932  -0.309388    2.04806   -1.37506
  0.349781 -0.0329863    1.97958   0.148881  -0.309401    2.04808   -1.37507
  0.349804 -0.0329953    1.97959   0.148829  -0.309413    2.04811   -1.37508
  0.349826 -0.0330042     1.9796   0.148778  -0.309426    2.04813   -1.37509
  0.349848 -0.0330131     1.9796   0.148728  -0.309438    2.04816    -1.3751
   0.34987 -0.0330219    1.97961   0.148677  -0.309451    2.04819    -1.3751
  0.349892 -0.0330307    1.97962   0.148626  -0.309463    2.04821   -1.37511
  0.349913 -0.0330395    1.97963   0.148576  -0.309476    2.04824   -1.37512
  0.349935 -0.0330482    1.97964   0.148526  -0.309488    2.04827   -1.37513
  0.349956 -0.0330569    1.97964   0.148476    -0.3095    2.04829   -1.37514
  0.349978 -0.0330655    1.97965   0.148427  -0.309513    2.04832   -1.37515
  0.349999 -0.0330741    1.97966   0.148378  -0.309525    2.04834   -1.37515
  0.350021 -0.0330827    1.97967   0.148328  -0.309538    2.04837   -1.37516
  0.350042 -0.0330912    1.97967   0.148279   -0.30955    2.04839   -1.37517
  0.350063 -0.0330997    1.97968   0.148231  -0.309562    2.04842   -1.37518
  0.350084 -0.0331081    1.97969   0.148182  -0.309575    2.04844   -1.37519
  0.350105 -0.0331165     1.9797   0.148134  -0.309587    2.04847    -1.3752
  0.350126 -0.0331248    1.97971   0.148086  -0.309599    2.04849    -1.3752
  0.350147 -0.0331332    1.97971   0.148038  -0.309611    2.04852   -1.37521
  0.350167 -0.0331414    1.97972    0.14799  -0.309624    2.04854   -1.37522
  0.350188 -0.0331497    1.97973   0.147942  -0.309636    2.04857   -1.37523
  0.350208 -0.0331578    1.97974   0.147895  -0.309648    2.04859   -1.37524
 0.350229 -0.033166   1.97974  0.147848  -0.30966   2.04862  -1.37525
  0.350249 -0.0331741    1.97975   0.147801  -0.309673    2.04864   -1.37525
  0.350269 -0.0331822    1.97976   0.147754  -0.309685    2.04866   -1.37526
   0.35029 -0.0331902    1.97977   0.147708  -0.309697    2.04869   -1.37527
   0.35031 -0.0331982    1.97978   0.147661  -0.309709    2.04871   -1.37528
   0.35033 -0.0332061    1.97978   0.147615  -0.309721    2.04874   -1.37529
  0.35035 -0.033214   1.97979  0.147569 -0.309734   2.04876  -1.37529
  0.350369 -0.0332219     1.9798   0.147524  -0.309746    2.04878    -1.3753
  0.350389 -0.0332298    1.97981   0.147478  -0.309758    2.04881   -1.37531
  0.350409 -0.0332376    1.97982   0.147433   -0.30977    2.04883   -1.37532
  0.350429 -0.0332453    1.97982   0.147387  -0.309782    2.04885   -1.37532
 0.350448 -0.033253   1.97983  0.147342 -0.309794   2.04888  -1.37533
  0.350468 -0.0332607    1.97984   0.147298  -0.309806     2.0489   -1.37534
  0.350487 -0.0332684    1.97985   0.147253  -0.309818    2.04892   -1.37535
 0.350506 -0.033276   1.97985  0.147209  -0.30983   2.04895  -1.37535
  0.350525 -0.0332835    1.97986   0.147164  -0.309842    2.04897   -1.37536
  0.350545 -0.0332911    1.97987    0.14712  -0.309854    2.04899   -1.37537
  0.350564 -0.0332986    1.97988   0.147076  -0.309866    2.04901   -1.37538
 0.350583 -0.033306   1.97989  0.147033 -0.309879   2.04904  -1.37539
  0.350601 -0.0333134    1.97989   0.146989  -0.309891    2.04906   -1.37539
   0.35062 -0.0333208     1.9799   0.146946  -0.309903    2.04908    -1.3754
  0.350639 -0.0333282    1.97991   0.146903  -0.309914     2.0491   -1.37541
  0.350658 -0.0333355    1.97992    0.14686  -0.309926    2.04913   -1.37541
  0.350676 -0.0333428    1.97993   0.146817  -0.309938    2.04915   -1.37542
0.350695 -0.03335  1.97993 0.146774 -0.30995  2.04917 -1.37543
  0.350713 -0.0333572    1.97994   0.146732  -0.309962    2.04919   -1.37544
  0.350732 -0.0333644    1.97995    0.14669  -0.309974    2.04921   -1.37544
   0.35075 -0.0333715    1.97996   0.146648  -0.309986    2.04924   -1.37545
  0.350768 -0.0333786    1.97997   0.146606  -0.309998    2.04926   -1.37546
  0.350786 -0.0333857    1.97997   0.146564   -0.31001    2.04928   -1.37547
  0.350804 -0.0333927    1.97998   0.146523  -0.310022     2.0493   -1.37547
  0.350822 -0.0333997    1.97999   0.146481  -0.310034    2.04932   -1.37548
   0.35084 -0.0334066       1.98    0.14644  -0.310045    2.04934   -1.37549
  0.350858 -0.0334135    1.98001   0.146399  -0.310057    2.04936   -1.37549
  0.350876 -0.0334204    1.98001   0.146358  -0.310069    2.04939    -1.3755
  0.350894 -0.0334273    1.98002   0.146317  -0.310081    2.04941   -1.37551
  0.350911 -0.0334341    1.98003   0.146277  -0.310093    2.04943   -1.37551
  0.350929 -0.0334409    1.98004   0.146237  -0.310105    2.04945   -1.37552
  0.350946 -0.0334476    1.98005   0.146197  -0.310116    2.04947   -1.37553
  0.350964 -0.0334544    1.98005   0.146157  -0.310128    2.04949   -1.37554
 0.350981 -0.033461   1.98006  0.146117  -0.31014   2.04951  -1.37554
  0.350998 -0.0334677    1.98007   0.146077  -0.310152    2.04953   -1.37555
  0.351016 -0.0334743    1.98008   0.146038  -0.310163    2.04955   -1.37556
  0.351033 -0.0334809    1.98009   0.145998  -0.310175    2.04957   -1.37556
   0.35105 -0.0334874    1.98009   0.145959  -0.310187    2.04959   -1.37557
  0.351067 -0.0334939     1.9801    0.14592  -0.310199    2.04961   -1.37558
  0.351084 -0.0335004    1.98011   0.145881   -0.31021    2.04963   -1.37558
    0.3511 -0.0335069    1.98012   0.145843  -0.310222    2.04965   -1.37559
  0.351117 -0.0335133    1.98013   0.145804  -0.310234    2.04967    -1.3756
  0.351134 -0.0335197    1.98013   0.145766  -0.310245    2.04969    -1.3756
 0.351151 -0.033526   1.98014  0.145728 -0.310257   2.04971  -1.37561
  0.351167 -0.0335323    1.98015    0.14569  -0.310269    2.04973   -1.37562
  0.351184 -0.0335386    1.98016   0.145652   -0.31028    2.04975   -1.37562
    0.3512 -0.0335449    1.98017   0.145614  -0.310292    2.04977   -1.37563
  0.351217 -0.0335511    1.98017   0.145577  -0.310304    2.04979   -1.37564
  0.351233 -0.0335573    1.98018   0.145539  -0.310315    2.04981   -1.37564
  0.351249 -0.0335635    1.98019   0.145502  -0.310327    2.04983   -1.37565
  0.351265 -0.0335696     1.9802   0.145465  -0.310338    2.04985   -1.37565
  0.351281 -0.0335757    1.98021   0.145428   -0.31035    2.04987   -1.37566
  0.351297 -0.0335818    1.98021   0.145391  -0.310361    2.04989   -1.37567
  0.351313 -0.0335878    1.98022   0.145355  -0.310373     2.0499   -1.37567
  0.351329 -0.0335938    1.98023   0.145318  -0.310385    2.04992   -1.37568
  0.351345 -0.0335998    1.98024   0.145282  -0.310396    2.04994   -1.37569
  0.351361 -0.0336057    1.98025   0.145246  -0.310408    2.04996   -1.37569
  0.351377 -0.0336116    1.98025    0.14521  -0.310419    2.04998    -1.3757
  0.351392 -0.0336175    1.98026   0.145174  -0.310431       2.05   -1.37571
  0.351408 -0.0336234    1.98027   0.145138  -0.310442    2.05002   -1.37571
  0.351423 -0.0336292    1.98028   0.145103  -0.310454    2.05003   -1.37572
 0.351439 -0.033635   1.98029  0.145067 -0.310465   2.05005  -1.37572
  0.351454 -0.0336407    1.98029   0.145032  -0.310477    2.05007   -1.37573
   0.35147 -0.0336465     1.9803   0.144997  -0.310488    2.05009   -1.37574
  0.351485 -0.0336522    1.98031   0.144962    -0.3105    2.05011   -1.37574
    0.3515 -0.0336578    1.98032   0.144927  -0.310511    2.05012   -1.37575
  0.351515 -0.0336635    1.98033   0.144893  -0.310522    2.05014   -1.37575
   0.35153 -0.0336691    1.98034   0.144858  -0.310534    2.05016   -1.37576
  0.351545 -0.0336747    1.98034   0.144824  -0.310545    2.05018   -1.37577
   0.35156 -0.0336802    1.98035    0.14479  -0.310557     2.0502   -1.37577
  0.351575 -0.0336858    1.98036   0.144756  -0.310568    2.05021   -1.37578
   0.35159 -0.0336913    1.98037   0.144722  -0.310579    2.05023   -1.37578
  0.351605 -0.0336967    1.98038   0.144688  -0.310591    2.05025   -1.37579
   0.35162 -0.0337022    1.98038   0.144654  -0.310602    2.05027    -1.3758
  0.351634 -0.0337076    1.98039   0.144621  -0.310614    2.05028    -1.3758
 0.351649 -0.033713    1.9804  0.144588 -0.310625    2.0503  -1.37581
  0.351663 -0.0337183    1.98041   0.144554  -0.310636    2.05032   -1.37581
  0.351678 -0.0337237    1.98042   0.144521  -0.310648    2.05033   -1.37582
 0.351692 -0.033729   1.98042  0.144488 -0.310659   2.05035  -1.37582
  0.351707 -0.0337342    1.98043   0.144456   -0.31067    2.05037   -1.37583
  0.351721 -0.0337395    1.98044   0.144423  -0.310682    2.05039   -1.37584
  0.351735 -0.0337447    1.98045    0.14439  -0.310693     2.0504   -1.37584
   0.35175 -0.0337499    1.98046   0.144358  -0.310704    2.05042   -1.37585
 0.351764 -0.033755   1.98047  0.144326 -0.310715   2.05044  -1.37585
  0.351778 -0.0337602    1.98047   0.144294  -0.310727    2.05045   -1.37586
  0.351792 -0.0337653    1.98048   0.144262  -0.310738    2.05047   -1.37586
  0.351806 -0.0337704    1.98049    0.14423  -0.310749    2.05048   -1.37587
   0.35182 -0.0337754     1.9805   0.144198   -0.31076     2.0505   -1.37587
  0.351834 -0.0337804    1.98051   0.144167  -0.310772    2.05052   -1.37588
  0.351847 -0.0337854    1.98051   0.144135  -0.310783    2.05053   -1.37589
  0.351861 -0.0337904    1.98052   0.144104  -0.310794    2.05055   -1.37589
  0.351875 -0.0337954    1.98053   0.144073  -0.310805    2.05057    -1.3759
  0.351888 -0.0338003    1.98054   0.144042  -0.310817    2.05058    -1.3759
  0.351902 -0.0338052    1.98055   0.144011  -0.310828     2.0506   -1.37591
 0.351916  -0.03381   1.98056   0.14398 -0.310839   2.05061  -1.37591
  0.351929 -0.0338149    1.98056   0.143949   -0.31085    2.05063   -1.37592
  0.351942 -0.0338197    1.98057   0.143919  -0.310861    2.05065   -1.37592
  0.351956 -0.0338245    1.98058   0.143888  -0.310872    2.05066   -1.37593
  0.351969 -0.0338292    1.98059   0.143858  -0.310884    2.05068   -1.37593
 0.351982 -0.033834    1.9806  0.143828 -0.310895   2.05069  -1.37594
  0.351995 -0.0338387     1.9806   0.143798  -0.310906    2.05071   -1.37594
  0.352009 -0.0338434    1.98061   0.143768  -0.310917    2.05072   -1.37595
 0.352022 -0.033848   1.98062  0.143738 -0.310928   2.05074  -1.37596
  0.352035 -0.0338527    1.98063   0.143709  -0.310939    2.05075   -1.37596
  0.352048 -0.0338573    1.98064   0.143679   -0.31095    2.05077   -1.37597
  0.352061 -0.0338619    1.98065    0.14365  -0.310961    2.05078   -1.37597
  0.352074 -0.0338664    1.98065   0.143621  -0.310972     2.0508   -1.37598
 0.352086 -0.033871   1.98066  0.143592 -0.310984   2.05081  -1.37598
  0.352099 -0.0338755    1.98067   0.143563  -0.310995    2.05083   -1.37599
 0.352112  -0.03388   1.98068  0.143534 -0.311006   2.05084  -1.37599
  0.352125 -0.0338844    1.98069   0.143505  -0.311017    2.05086     -1.376
  0.352137 -0.0338889     1.9807   0.143476  -0.311028    2.05087     -1.376
   0.35215 -0.0338933     1.9807   0.143448  -0.311039    2.05089   -1.37601
  0.352162 -0.0338977    1.98071   0.143419   -0.31105     2.0509   -1.37601
  0.352175 -0.0339021    1.98072   0.143391  -0.311061    2.05092   -1.37602
  0.352187 -0.0339064    1.98073   0.143363  -0.311072    2.05093   -1.37602
    0.3522 -0.0339107    1.98074   0.143335  -0.311083    2.05095   -1.37603
 0.352212 -0.033915   1.98075  0.143307 -0.311094   2.05096  -1.37603
  0.352224 -0.0339193    1.98075   0.143279  -0.311105    2.05098   -1.37604
  0.352236 -0.0339235    1.98076   0.143251  -0.311116    2.05099   -1.37604
  0.352248 -0.0339278    1.98077   0.143224  -0.311127      2.051   -1.37605
 0.352261 -0.033932   1.98078  0.143196 -0.311138   2.05102  -1.37605
  0.352273 -0.0339361    1.98079   0.143169  -0.311149    2.05103   -1.37605
  0.352285 -0.0339403    1.98079   0.143142   -0.31116    2.05105   -1.37606
  0.352297 -0.0339444     1.9808   0.143115  -0.311171    2.05106   -1.37606
  0.352309 -0.0339485    1.98081   0.143088  -0.311182    2.05107   -1.37607
   0.35232 -0.0339526    1.98082   0.143061  -0.311193    2.05109   -1.37607
  0.352332 -0.0339567    1.98083   0.143034  -0.311204     2.0511   -1.37608
  0.352344 -0.0339607    1.98084   0.143007  -0.311214    2.05112   -1.37608
  0.352356 -0.0339647    1.98084   0.142981  -0.311225    2.05113   -1.37609
  0.352367 -0.0339687    1.98085   0.142955  -0.311236    2.05114   -1.37609
  0.352379 -0.0339727    1.98086   0.142928  -0.311247    2.05116    -1.3761
  0.352391 -0.0339767    1.98087   0.142902  -0.311258    2.05117    -1.3761
  0.352402 -0.0339806    1.98088   0.142876  -0.311269    2.05118   -1.37611
  0.352414 -0.0339845    1.98089    0.14285   -0.31128     2.0512   -1.37611
  0.352425 -0.0339884    1.98089   0.142824  -0.311291    2.05121   -1.37612
  0.352437 -0.0339922     1.9809   0.142798  -0.311302    2.05122   -1.37612
  0.352448 -0.0339961    1.98091   0.142773  -0.311312    2.05124   -1.37612
  0.352459 -0.0339999    1.98092   0.142747  -0.311323    2.05125   -1.37613
  0.352471 -0.0340037    1.98093   0.142722  -0.311334    2.05126   -1.37613
  0.352482 -0.0340075    1.98094   0.142696  -0.311345    2.05128   -1.37614
  0.352493 -0.0340112    1.98094   0.142671  -0.311356    2.05129   -1.37614
  0.352504 -0.0340149    1.98095   0.142646  -0.311367     2.0513   -1.37615
  0.352515 -0.0340187    1.98096   0.142621  -0.311377    2.05132   -1.37615
  0.352526 -0.0340223    1.98097   0.142596  -0.311388    2.05133   -1.37616
 0.352537 -0.034026   1.98098  0.142571 -0.311399   2.05134  -1.37616
  0.352548 -0.0340297    1.98099   0.142547   -0.31141    2.05135   -1.37616
  0.352559 -0.0340333    1.98099   0.142522  -0.311421    2.05137   -1.37617
   0.35257 -0.0340369      1.981   0.142497  -0.311431    2.05138   -1.37617
  0.352581 -0.0340405    1.98101   0.142473  -0.311442    2.05139   -1.37618
 0.352592 -0.034044   1.98102  0.142449 -0.311453    2.0514  -1.37618
  0.352602 -0.0340476    1.98103   0.142425  -0.311464    2.05142   -1.37619
  0.352613 -0.0340511    1.98104   0.142401  -0.311474    2.05143   -1.37619
  0.352624 -0.0340546    1.98104   0.142377  -0.311485    2.05144   -1.37619
  0.352634 -0.0340581    1.98105   0.142353  -0.311496    2.05145    -1.3762
  0.352645 -0.0340615    1.98106   0.142329  -0.311507    2.05147    -1.3762
 0.352655 -0.034065   1.98107  0.142305 -0.311517   2.05148  -1.37621
  0.352666 -0.0340684    1.98108   0.142282  -0.311528    2.05149   -1.37621
  0.352676 -0.0340718    1.98109   0.142258  -0.311539     2.0515   -1.37622
  0.352687 -0.0340752    1.98109   0.142235   -0.31155    2.05151   -1.37622
  0.352697 -0.0340786     1.9811   0.142212   -0.31156    2.05153   -1.37622
  0.352707 -0.0340819    1.98111   0.142188  -0.311571    2.05154   -1.37623
  0.352718 -0.0340852    1.98112   0.142165  -0.311582    2.05155   -1.37623
  0.352728 -0.0340885    1.98113   0.142142  -0.311592    2.05156   -1.37624
  0.352738 -0.0340918    1.98114   0.142119  -0.311603    2.05157   -1.37624
  0.352748 -0.0340951    1.98114   0.142097  -0.311614    2.05159   -1.37624
  0.352758 -0.0340983    1.98115   0.142074  -0.311624     2.0516   -1.37625
  0.352768 -0.0341015    1.98116   0.142051  -0.311635    2.05161   -1.37625
  0.352778 -0.0341047    1.98117   0.142029  -0.311646    2.05162   -1.37626
  0.352788 -0.0341079    1.98118   0.142006  -0.311656    2.05163   -1.37626
  0.352798 -0.0341111    1.98119   0.141984  -0.311667    2.05164   -1.37626
  0.352808 -0.0341142     1.9812   0.141962  -0.311678    2.05166   -1.37627
  0.352818 -0.0341174     1.9812    0.14194  -0.311688    2.05167   -1.37627
  0.352828 -0.0341205    1.98121   0.141918  -0.311699    2.05168   -1.37628
  0.352838 -0.0341236    1.98122   0.141896   -0.31171    2.05169   -1.37628
  0.352847 -0.0341266    1.98123   0.141874   -0.31172     2.0517   -1.37628
  0.352857 -0.0341297    1.98124   0.141852  -0.311731    2.05171   -1.37629
  0.352867 -0.0341327    1.98125   0.141831  -0.311741    2.05172   -1.37629
  0.352876 -0.0341357    1.98125   0.141809  -0.311752    2.05173    -1.3763
  0.352886 -0.0341387    1.98126   0.141788  -0.311763    2.05175    -1.3763
  0.352896 -0.0341417    1.98127   0.141766  -0.311773    2.05176    -1.3763
  0.352905 -0.0341447    1.98128   0.141745  -0.311784    2.05177   -1.37631
  0.352915 -0.0341476    1.98129   0.141724  -0.311794    2.05178   -1.37631
  0.352924 -0.0341506     1.9813   0.141703  -0.311805    2.05179   -1.37631
  0.352933 -0.0341535     1.9813   0.141682  -0.311815     2.0518   -1.37632
  0.352943 -0.0341564    1.98131   0.141661  -0.311826    2.05181   -1.37632
  0.352952 -0.0341592    1.98132    0.14164  -0.311837    2.05182   -1.37633
  0.352961 -0.0341621    1.98133   0.141619  -0.311847    2.05183   -1.37633
  0.352971 -0.0341649    1.98134   0.141598  -0.311858    2.05184   -1.37633
   0.35298 -0.0341677    1.98135   0.141578  -0.311868    2.05185   -1.37634
  0.352989 -0.0341705    1.98136   0.141557  -0.311879    2.05186   -1.37634
  0.352998 -0.0341733    1.98136   0.141537  -0.311889    2.05187   -1.37634
  0.353007 -0.0341761    1.98137   0.141517    -0.3119    2.05188   -1.37635
  0.353016 -0.0341788    1.98138   0.141496   -0.31191     2.0519   -1.37635
  0.353025 -0.0341816    1.98139   0.141476  -0.311921    2.05191   -1.37636
  0.353034 -0.0341843     1.9814   0.141456  -0.311931    2.05192   -1.37636
 0.353043 -0.034187   1.98141  0.141436 -0.311942   2.05193  -1.37636
  0.353052 -0.0341897    1.98141   0.141416  -0.311952    2.05194   -1.37637
  0.353061 -0.0341923    1.98142   0.141396  -0.311963    2.05195   -1.37637
  0.35307 -0.034195   1.98143  0.141377 -0.311973   2.05196  -1.37637
  0.353079 -0.0341976    1.98144   0.141357  -0.311984    2.05197   -1.37638
  0.353088 -0.0342002    1.98145   0.141338  -0.311994    2.05198   -1.37638
  0.353096 -0.0342028    1.98146   0.141318  -0.312005    2.05199   -1.37638
  0.353105 -0.0342054    1.98147   0.141299  -0.312015      2.052   -1.37639
 0.353114 -0.034208   1.98147  0.141279 -0.312025   2.05201  -1.37639
  0.353123 -0.0342105    1.98148    0.14126  -0.312036    2.05202   -1.37639
  0.353131 -0.0342131    1.98149   0.141241  -0.312046    2.05203    -1.3764
   0.35314 -0.0342156     1.9815   0.141222  -0.312057    2.05204    -1.3764
  0.353148 -0.0342181    1.98151   0.141203  -0.312067    2.05205    -1.3764
  0.353157 -0.0342205    1.98152   0.141184  -0.312078    2.05206   -1.37641
 0.353165 -0.034223   1.98152  0.141165 -0.312088   2.05207  -1.37641
  0.353174 -0.0342255    1.98153   0.141146  -0.312098    2.05208   -1.37641
  0.353182 -0.0342279    1.98154   0.141128  -0.312109    2.05209   -1.37642
   0.35319 -0.0342303    1.98155   0.141109  -0.312119     2.0521   -1.37642
  0.353199 -0.0342327    1.98156   0.141091   -0.31213     2.0521   -1.37642
  0.353207 -0.0342351    1.98157   0.141072   -0.31214    2.05211   -1.37643
  0.353215 -0.0342375    1.98158   0.141054   -0.31215    2.05212   -1.37643
  0.353224 -0.0342398    1.98158   0.141036  -0.312161    2.05213   -1.37643
  0.353232 -0.0342422    1.98159   0.141017  -0.312171    2.05214   -1.37644
   0.35324 -0.0342445     1.9816   0.140999  -0.312182    2.05215   -1.37644
  0.353248 -0.0342468    1.98161   0.140981  -0.312192    2.05216   -1.37644
  0.353256 -0.0342491    1.98162   0.140963  -0.312202    2.05217   -1.37645
  0.353264 -0.0342514    1.98163   0.140945  -0.312213    2.05218   -1.37645
  0.353272 -0.0342536    1.98164   0.140928  -0.312223    2.05219   -1.37645
   0.35328 -0.0342559    1.98164    0.14091  -0.312233     2.0522   -1.37646
  0.353288 -0.0342581    1.98165   0.140892  -0.312244    2.05221   -1.37646
  0.353296 -0.0342603    1.98166   0.140875  -0.312254    2.05222   -1.37646
  0.353304 -0.0342625    1.98167   0.140857  -0.312264    2.05222   -1.37647
  0.353312 -0.0342647    1.98168    0.14084  -0.312275    2.05223   -1.37647
   0.35332 -0.0342669    1.98169   0.140822  -0.312285    2.05224   -1.37647
 0.353328 -0.034269   1.98169  0.140805 -0.312295   2.05225  -1.37648
  0.353336 -0.0342712     1.9817   0.140788  -0.312306    2.05226   -1.37648
  0.353343 -0.0342733    1.98171   0.140771  -0.312316    2.05227   -1.37648
  0.353351 -0.0342754    1.98172   0.140754  -0.312326    2.05228   -1.37649
  0.353359 -0.0342775    1.98173   0.140737  -0.312337    2.05229   -1.37649
  0.353367 -0.0342796    1.98174    0.14072  -0.312347     2.0523   -1.37649
  0.353374 -0.0342817    1.98175   0.140703  -0.312357     2.0523   -1.37649
  0.353382 -0.0342837    1.98175   0.140686  -0.312368    2.05231    -1.3765
  0.353389 -0.0342858    1.98176   0.140669  -0.312378    2.05232    -1.3765
  0.353397 -0.0342878    1.98177   0.140653  -0.312388    2.05233    -1.3765
  0.353404 -0.0342898    1.98178   0.140636  -0.312398    2.05234   -1.37651
  0.353412 -0.0342918    1.98179    0.14062  -0.312409    2.05235   -1.37651
  0.353419 -0.0342938     1.9818   0.140603  -0.312419    2.05236   -1.37651
  0.353427 -0.0342958    1.98181   0.140587  -0.312429    2.05236   -1.37652
  0.353434 -0.0342977    1.98181    0.14057  -0.312439    2.05237   -1.37652
  0.353442 -0.0342997    1.98182   0.140554   -0.31245    2.05238   -1.37652
  0.353449 -0.0343016    1.98183   0.140538   -0.31246    2.05239   -1.37652
  0.353456 -0.0343035    1.98184   0.140522   -0.31247     2.0524   -1.37653
  0.353464 -0.0343054    1.98185   0.140506   -0.31248    2.05241   -1.37653
  0.353471 -0.0343073    1.98186    0.14049  -0.312491    2.05241   -1.37653
  0.353478 -0.0343092    1.98187   0.140474  -0.312501    2.05242   -1.37654
 0.353485 -0.034311   1.98187  0.140458 -0.312511   2.05243  -1.37654
  0.353492 -0.0343129    1.98188   0.140443  -0.312521    2.05244   -1.37654
    0.3535 -0.0343147    1.98189   0.140427  -0.312532    2.05245   -1.37654
  0.353507 -0.0343165     1.9819   0.140411  -0.312542    2.05245   -1.37655
  0.353514 -0.0343183    1.98191   0.140396  -0.312552    2.05246   -1.37655
  0.353521 -0.0343201    1.98192    0.14038  -0.312562    2.05247   -1.37655
  0.353528 -0.0343219    1.98193   0.140365  -0.312572    2.05248   -1.37656
  0.353535 -0.0343237    1.98193    0.14035  -0.312583    2.05249   -1.37656
  0.353542 -0.0343254    1.98194   0.140334  -0.312593    2.05249   -1.37656
  0.353549 -0.0343272    1.98195   0.140319  -0.312603     2.0525   -1.37656
  0.353556 -0.0343289    1.98196   0.140304  -0.312613    2.05251   -1.37657
  0.353563 -0.0343306    1.98197   0.140289  -0.312623    2.05252   -1.37657
   0.35357 -0.0343323    1.98198   0.140274  -0.312634    2.05253   -1.37657
 0.353576 -0.034334   1.98199  0.140259 -0.312644   2.05253  -1.37658
  0.353583 -0.0343357    1.98199   0.140244  -0.312654    2.05254   -1.37658
   0.35359 -0.0343373      1.982   0.140229  -0.312664    2.05255   -1.37658
 0.353597 -0.034339   1.98201  0.140214 -0.312674   2.05256  -1.37658
  0.353604 -0.0343406    1.98202     0.1402  -0.312684    2.05256   -1.37659
   0.35361 -0.0343422    1.98203   0.140185  -0.312695    2.05257   -1.37659
  0.353617 -0.0343438    1.98204    0.14017  -0.312705    2.05258   -1.37659
  0.353624 -0.0343454    1.98205   0.140156  -0.312715    2.05259   -1.37659
  0.35363 -0.034347   1.98205  0.140141 -0.312725   2.05259   -1.3766
  0.353637 -0.0343486    1.98206   0.140127  -0.312735     2.0526    -1.3766
  0.353643 -0.0343502    1.98207   0.140113  -0.312745    2.05261    -1.3766
   0.35365 -0.0343517    1.98208   0.140098  -0.312755    2.05262   -1.37661
  0.353657 -0.0343533    1.98209   0.140084  -0.312766    2.05262   -1.37661
  0.353663 -0.0343548     1.9821    0.14007  -0.312776    2.05263   -1.37661
   0.35367 -0.0343563    1.98211   0.140056  -0.312786    2.05264   -1.37661
  0.353676 -0.0343578    1.98211   0.140042  -0.312796    2.05264   -1.37662
  0.353682 -0.0343593    1.98212   0.140028  -0.312806    2.05265   -1.37662
  0.353689 -0.0343608    1.98213   0.140014  -0.312816    2.05266   -1.37662
  0.353695 -0.0343622    1.98214       0.14  -0.312826    2.05267   -1.37662
  0.353702 -0.0343637    1.98215   0.139986  -0.312836    2.05267   -1.37663
  0.353708 -0.0343651    1.98216   0.139973  -0.312846    2.05268   -1.37663
  0.353714 -0.0343666    1.98217   0.139959  -0.312856    2.05269   -1.37663
  0.35372 -0.034368   1.98217  0.139945 -0.312867   2.05269  -1.37663
  0.353727 -0.0343694    1.98218   0.139932  -0.312877     2.0527   -1.37664
  0.353733 -0.0343708    1.98219   0.139918  -0.312887    2.05271   -1.37664
  0.353739 -0.0343722     1.9822   0.139905  -0.312897    2.05272   -1.37664
  0.353745 -0.0343735    1.98221   0.139891  -0.312907    2.05272   -1.37664
  0.353751 -0.0343749    1.98222   0.139878  -0.312917    2.05273   -1.37665
  0.353758 -0.0343762    1.98223   0.139865  -0.312927    2.05274   -1.37665
  0.353764 -0.0343776    1.98224   0.139852  -0.312937    2.05274   -1.37665
   0.35377 -0.0343789    1.98224   0.139838  -0.312947    2.05275   -1.37665
  0.353776 -0.0343802    1.98225   0.139825  -0.312957    2.05276   -1.37666
  0.353782 -0.0343815    1.98226   0.139812  -0.312967    2.05276   -1.37666
  0.353788 -0.0343828    1.98227   0.139799  -0.312977    2.05277   -1.37666
  0.353794 -0.0343841    1.98228   0.139786  -0.312987    2.05278   -1.37666
    0.3538 -0.0343853    1.98229   0.139773  -0.312997    2.05278   -1.37667
  0.353806 -0.0343866     1.9823   0.139761  -0.313007    2.05279   -1.37667
  0.353812 -0.0343879     1.9823   0.139748  -0.313017     2.0528   -1.37667
  0.353818 -0.0343891    1.98231   0.139735  -0.313028     2.0528   -1.37667
  0.353824 -0.0343903    1.98232   0.139722  -0.313038    2.05281   -1.37668
  0.353829 -0.0343915    1.98233    0.13971  -0.313048    2.05282   -1.37668
  0.353835 -0.0343927    1.98234   0.139697  -0.313058    2.05282   -1.37668
  0.353841 -0.0343939    1.98235   0.139685  -0.313068    2.05283   -1.37668
  0.353847 -0.0343951    1.98236   0.139672  -0.313078    2.05284   -1.37668
  0.353853 -0.0343963    1.98236    0.13966  -0.313088    2.05284   -1.37669
  0.353858 -0.0343974    1.98237   0.139648  -0.313098    2.05285   -1.37669
  0.353864 -0.0343986    1.98238   0.139635  -0.313108    2.05285   -1.37669
   0.35387 -0.0343997    1.98239   0.139623  -0.313118    2.05286   -1.37669
  0.353875 -0.0344009     1.9824   0.139611  -0.313128    2.05287    -1.3767
 0.353881 -0.034402   1.98241  0.139599 -0.313138   2.05287   -1.3767
  0.353887 -0.0344031    1.98242   0.139587  -0.313148    2.05288    -1.3767
  0.353892 -0.0344042    1.98243   0.139575  -0.313158    2.05289    -1.3767
  0.353898 -0.0344053    1.98243   0.139563  -0.313168    2.05289   -1.37671
  0.353903 -0.0344063    1.98244   0.139551  -0.313178     2.0529   -1.37671
  0.353909 -0.0344074    1.98245   0.139539  -0.313188     2.0529   -1.37671
  0.353915 -0.0344085    1.98246   0.139527  -0.313198    2.05291   -1.37671
   0.35392 -0.0344095    1.98247   0.139515  -0.313208    2.05292   -1.37671
  0.353926 -0.0344105    1.98248   0.139504  -0.313217    2.05292   -1.37672
  0.353931 -0.0344116    1.98249   0.139492  -0.313227    2.05293   -1.37672
  0.353936 -0.0344126    1.98249    0.13948  -0.313237    2.05293   -1.37672
  0.353942 -0.0344136     1.9825   0.139469  -0.313247    2.05294   -1.37672
  0.353947 -0.0344146    1.98251   0.139457  -0.313257    2.05295   -1.37673
  0.353953 -0.0344156    1.98252   0.139446  -0.313267    2.05295   -1.37673
  0.353958 -0.0344165    1.98253   0.139434  -0.313277    2.05296   -1.37673
  0.353963 -0.0344175    1.98254   0.139423  -0.313287    2.05296   -1.37673
  0.353969 -0.0344185    1.98255   0.139412  -0.313297    2.05297   -1.37673
  0.353974 -0.0344194    1.98256     0.1394  -0.313307    2.05298   -1.37674
  0.353979 -0.0344203    1.98256   0.139389  -0.313317    2.05298   -1.37674
  0.353984 -0.0344213    1.98257   0.139378  -0.313327    2.05299   -1.37674
   0.35399 -0.0344222    1.98258   0.139367  -0.313337    2.05299   -1.37674
  0.353995 -0.0344231    1.98259   0.139356  -0.313347      2.053   -1.37674
    0.354 -0.034424    1.9826  0.139345 -0.313357     2.053  -1.37675
  0.354005 -0.0344249    1.98261   0.139334  -0.313367    2.05301   -1.37675
   0.35401 -0.0344258    1.98262   0.139323  -0.313377    2.05302   -1.37675
  0.354016 -0.0344266    1.98262   0.139312  -0.313386    2.05302   -1.37675
  0.354021 -0.0344275    1.98263   0.139301  -0.313396    2.05303   -1.37675
  0.354026 -0.0344283    1.98264    0.13929  -0.313406    2.05303   -1.37676
  0.354031 -0.0344292    1.98265   0.139279  -0.313416    2.05304   -1.37676
 0.354036  -0.03443   1.98266  0.139269 -0.313426   2.05304  -1.37676
  0.354041 -0.0344308    1.98267   0.139258  -0.313436    2.05305   -1.37676
  0.354046 -0.0344316    1.98268   0.139247  -0.313446    2.05305   -1.37676
  0.354051 -0.0344325    1.98269   0.139237  -0.313456    2.05306   -1.37677
  0.354056 -0.0344332    1.98269   0.139226  -0.313466    2.05306   -1.37677
 0.354061 -0.034434    1.9827  0.139216 -0.313476   2.05307  -1.37677
  0.354066 -0.0344348    1.98271   0.139205  -0.313486    2.05308   -1.37677
  0.354071 -0.0344356    1.98272   0.139195  -0.313495    2.05308   -1.37677
  0.354076 -0.0344363    1.98273   0.139184  -0.313505    2.05309   -1.37678
  0.354081 -0.0344371    1.98274   0.139174  -0.313515    2.05309   -1.37678
  0.354085 -0.0344378    1.98275   0.139164  -0.313525     2.0531   -1.37678
   0.35409 -0.0344386    1.98276   0.139154  -0.313535     2.0531   -1.37678
  0.354095 -0.0344393    1.98276   0.139143  -0.313545    2.05311   -1.37678
   0.3541  -0.03444   1.98277  0.139133 -0.313555   2.05311  -1.37679
  0.354105 -0.0344407    1.98278   0.139123  -0.313565    2.05312   -1.37679
  0.354109 -0.0344414    1.98279   0.139113  -0.313574    2.05312   -1.37679
  0.354114 -0.0344421     1.9828   0.139103  -0.313584    2.05313   -1.37679
  0.354119 -0.0344428    1.98281   0.139093  -0.313594    2.05313   -1.37679
  0.354124 -0.0344434    1.98282   0.139083  -0.313604    2.05314    -1.3768
  0.354128 -0.0344441    1.98283   0.139073  -0.313614    2.05314    -1.3768
  0.354133 -0.0344447    1.98283   0.139064  -0.313624    2.05315    -1.3768
  0.354138 -0.0344454    1.98284   0.139054  -0.313634    2.05315    -1.3768
 0.354142 -0.034446   1.98285  0.139044 -0.313643   2.05316   -1.3768
  0.354147 -0.0344467    1.98286   0.139034  -0.313653    2.05316   -1.37681
  0.354152 -0.0344473    1.98287   0.139025  -0.313663    2.05317   -1.37681
  0.354156 -0.0344479    1.98288   0.139015  -0.313673    2.05317   -1.37681
  0.354161 -0.0344485    1.98289   0.139005  -0.313683    2.05318   -1.37681
  0.354165 -0.0344491    1.98289   0.138996  -0.313693    2.05318   -1.37681
   0.35417 -0.0344497     1.9829   0.138986  -0.313702    2.05319   -1.37682
