   0.290098 -0.00668686     1.97147    0.289022   -0.299932     1.96844     -1.3475
    0.29141 -0.00375682     1.97143    0.288998   -0.299136     1.97073    -1.34625
   0.292183 -0.00170352     1.97144    0.288745   -0.298566     1.97251    -1.34551
     0.29263 -0.000260968      1.97147     0.288356    -0.298168      1.97394     -1.34513
   0.292886 0.000754776     1.97151    0.287887   -0.297896     1.97513    -1.34497
  0.293035 0.00147096    1.97154    0.28737  -0.297718    1.97614   -1.34495
  0.293127 0.00197571    1.97156   0.286825  -0.297608    1.97702   -1.34502
  0.293195 0.00233021    1.97157   0.286263  -0.297546    1.97781   -1.34515
  0.293257 0.00257703    1.97158    0.28569  -0.297519    1.97851   -1.34532
  0.293324 0.00274588    1.97158   0.285112  -0.297516    1.97916    -1.3455
  0.293402 0.00285764    1.97158    0.28453  -0.297531    1.97976   -1.34569
 0.293494  0.002927   1.97158  0.283945 -0.297557   1.98031  -1.34589
  0.293601 0.00296443    1.97157    0.28336  -0.297591    1.98084   -1.34608
 0.293722 0.0029774   1.97156  0.282774 -0.297631   1.98133  -1.34627
  0.293858 0.00297135    1.97155   0.282189  -0.297674     1.9818   -1.34645
  0.294006 0.00295023    1.97154   0.281603  -0.297719    1.98225   -1.34663
  0.294166 0.00291699    1.97154   0.281018  -0.297766    1.98268    -1.3468
  0.294336 0.00287384    1.97153   0.280434  -0.297813    1.98309   -1.34697
  0.294516 0.00282248    1.97152   0.279851  -0.297861    1.98349   -1.34712
  0.294703 0.00276424    1.97152    0.27927  -0.297908    1.98387   -1.34728
  0.294898 0.00270017    1.97151   0.278689  -0.297955    1.98425   -1.34742
 0.295098 0.0026311   1.97151  0.278111 -0.298002   1.98461  -1.34757
  0.295304 0.00255773    1.97151   0.277533  -0.298048    1.98497    -1.3477
  0.295514 0.00248065     1.9715   0.276958  -0.298094    1.98532   -1.34784
  0.295727 0.00240033     1.9715   0.276384  -0.298139    1.98566   -1.34796
 0.295944 0.0023172    1.9715  0.275812 -0.298184     1.986  -1.34809
  0.296163 0.00223161     1.9715   0.275242  -0.298228    1.98633   -1.34821
  0.296385 0.00214387     1.9715   0.274674  -0.298272    1.98665   -1.34833
  0.296608 0.00205426     1.9715   0.274108  -0.298315    1.98697   -1.34844
  0.296833 0.00196301     1.9715   0.273544  -0.298358    1.98729   -1.34855
  0.297059 0.00187035     1.9715   0.272982  -0.298401    1.98761   -1.34866
  0.297285 0.00177646     1.9715   0.272422  -0.298443    1.98792   -1.34877
 0.297512 0.0016815   1.97151  0.271865 -0.298485   1.98822  -1.34888
   0.29774 0.00158564    1.97151   0.271309  -0.298526    1.98853   -1.34898
 0.297968  0.001489   1.97151  0.270756 -0.298567   1.98883  -1.34908
 0.298196 0.0013917   1.97152  0.270205 -0.298608   1.98913  -1.34918
  0.298424 0.00129385    1.97152   0.269656  -0.298648    1.98942   -1.34928
  0.298651 0.00119555    1.97152    0.26911  -0.298689    1.98972   -1.34937
  0.298879 0.00109689    1.97153   0.268565  -0.298729    1.99001   -1.34947
   0.299105 0.000997943     1.97153    0.268023   -0.298768      1.9903    -1.34956
   0.299332 0.000898776     1.97153    0.267483   -0.298808     1.99059    -1.34966
   0.299558 0.000799457     1.97154    0.266946   -0.298847     1.99087    -1.34975
  0.299783 0.00070004    1.97154    0.26641  -0.298886    1.99116   -1.34984
   0.300008 0.000600577     1.97155    0.265877   -0.298925     1.99144    -1.34993
   0.300232 0.000501114     1.97155    0.265346   -0.298964     1.99172    -1.35002
   0.300456 0.000401691     1.97156    0.264817   -0.299003       1.992     -1.3501
   0.300678 0.000302346     1.97156     0.26429   -0.299041     1.99228    -1.35019
     0.3009 0.000203111     1.97157    0.263766   -0.299079     1.99256    -1.35028
   0.301122 0.000104016     1.97157    0.263244   -0.299117     1.99283    -1.35036
   0.301342 5.08854e-06     1.97158    0.262724   -0.299155     1.99311    -1.35045
    0.301562 -9.36487e-05      1.97158     0.262206    -0.299193      1.99338     -1.35053
     0.30178 -0.000192174      1.97159     0.261691     -0.29923      1.99365     -1.35062
    0.301998 -0.000290468      1.97159     0.261177    -0.299268      1.99392      -1.3507
    0.302215 -0.000388514       1.9716     0.260666    -0.299305      1.99419     -1.35078
    0.302432 -0.000486296       1.9716     0.260157    -0.299342      1.99446     -1.35086
    0.302647 -0.000583802      1.97161      0.25965    -0.299379      1.99473     -1.35095
    0.302861 -0.000681017      1.97161     0.259145    -0.299416      1.99499     -1.35103
    0.303075 -0.000777933      1.97162     0.258643    -0.299453      1.99526     -1.35111
    0.303288 -0.000874539      1.97162     0.258142    -0.299489      1.99552     -1.35119
      0.3035 -0.000970827      1.97163     0.257644    -0.299526      1.99578     -1.35127
   0.303711 -0.00106679     1.97164    0.257147   -0.299562     1.99604    -1.35135
   0.303921 -0.00116242     1.97164    0.256653   -0.299599      1.9963    -1.35142
    0.30413 -0.00125771     1.97165    0.256161   -0.299635     1.99656     -1.3515
   0.304339 -0.00135266     1.97165    0.255671   -0.299671     1.99682    -1.35158
   0.304546 -0.00144726     1.97166    0.255183   -0.299707     1.99707    -1.35166
   0.304753 -0.00154151     1.97166    0.254697   -0.299743     1.99733    -1.35173
  0.304959 -0.0016354    1.97167   0.254213  -0.299778    1.99758   -1.35181
   0.305164 -0.00172894     1.97167    0.253732   -0.299814     1.99783    -1.35189
   0.305368 -0.00182211     1.97168    0.253252    -0.29985     1.99809    -1.35196
   0.305571 -0.00191492     1.97168    0.252774   -0.299885     1.99834    -1.35204
   0.305774 -0.00200737     1.97169    0.252298    -0.29992     1.99859    -1.35211
   0.305975 -0.00209946     1.97169    0.251825   -0.299955     1.99883    -1.35219
   0.306176 -0.00219118      1.9717    0.251353   -0.299991     1.99908    -1.35226
   0.306376 -0.00228253     1.97171    0.250883   -0.300026     1.99933    -1.35234
   0.306575 -0.00237351     1.97171    0.250416    -0.30006     1.99957    -1.35241
   0.306773 -0.00246413     1.97172     0.24995   -0.300095     1.99982    -1.35249
   0.306971 -0.00255437     1.97172    0.249486    -0.30013     2.00006    -1.35256
   0.307167 -0.00264425     1.97173    0.249024   -0.300165      2.0003    -1.35263
   0.307363 -0.00273376     1.97173    0.248564   -0.300199     2.00054    -1.35271
   0.307558 -0.00282291     1.97174    0.248106   -0.300234     2.00078    -1.35278
   0.307752 -0.00291168     1.97174     0.24765   -0.300268     2.00102    -1.35285
   0.307945 -0.00300009     1.97175    0.247196   -0.300302     2.00126    -1.35292
   0.308138 -0.00308814     1.97175    0.246744   -0.300336      2.0015    -1.35299
   0.308329 -0.00317582     1.97176    0.246294    -0.30037     2.00173    -1.35306
    0.30852 -0.00326313     1.97176    0.245845   -0.300404     2.00197    -1.35314
    0.30871 -0.00335008     1.97177    0.245399   -0.300438      2.0022    -1.35321
   0.308899 -0.00343667     1.97177    0.244954   -0.300472     2.00243    -1.35328
  0.309088 -0.0035229    1.97178   0.244512  -0.300505    2.00267   -1.35335
   0.309275 -0.00360876     1.97179    0.244071   -0.300539      2.0029    -1.35342
   0.309462 -0.00369427     1.97179    0.243632   -0.300572     2.00313    -1.35349
   0.309648 -0.00377942      1.9718    0.243194   -0.300606     2.00336    -1.35356
   0.309834 -0.00386421      1.9718    0.242759   -0.300639     2.00358    -1.35362
   0.310018 -0.00394865     1.97181    0.242326   -0.300672     2.00381    -1.35369
   0.310202 -0.00403273     1.97181    0.241894   -0.300705     2.00404    -1.35376
   0.310385 -0.00411646     1.97182    0.241464   -0.300738     2.00426    -1.35383
   0.310567 -0.00419983     1.97182    0.241036   -0.300771     2.00449     -1.3539
   0.310749 -0.00428286     1.97183     0.24061   -0.300804     2.00471    -1.35396
   0.310929 -0.00436554     1.97183    0.240185   -0.300837     2.00493    -1.35403
   0.311109 -0.00444786     1.97184    0.239762    -0.30087     2.00515     -1.3541
   0.311288 -0.00452985     1.97184    0.239341   -0.300902     2.00537    -1.35417
   0.311467 -0.00461148     1.97185    0.238922   -0.300935     2.00559    -1.35423
   0.311644 -0.00469278     1.97185    0.238505   -0.300967     2.00581     -1.3543
   0.311821 -0.00477373     1.97186    0.238089   -0.300999     2.00603    -1.35436
   0.311997 -0.00485434     1.97186    0.237675   -0.301032     2.00624    -1.35443
   0.312173 -0.00493461     1.97187    0.237263   -0.301064     2.00646     -1.3545
   0.312348 -0.00501454     1.97187    0.236852   -0.301096     2.00667    -1.35456
   0.312522 -0.00509413     1.97188    0.236443   -0.301128     2.00689    -1.35463
   0.312695 -0.00517339     1.97188    0.236036    -0.30116      2.0071    -1.35469
   0.312867 -0.00525232     1.97189    0.235631   -0.301192     2.00731    -1.35475
   0.313039 -0.00533091     1.97189    0.235227   -0.301223     2.00752    -1.35482
    0.31321 -0.00540918      1.9719    0.234825   -0.301255     2.00774    -1.35488
   0.313381 -0.00548711      1.9719    0.234425   -0.301286     2.00794    -1.35495
    0.31355 -0.00556471     1.97191    0.234026   -0.301318     2.00815    -1.35501
   0.313719 -0.00564199     1.97191    0.233629   -0.301349     2.00836    -1.35507
   0.313888 -0.00571894     1.97192    0.233234   -0.301381     2.00857    -1.35514
   0.314055 -0.00579557     1.97192     0.23284   -0.301412     2.00877     -1.3552
   0.314222 -0.00587188     1.97193    0.232448   -0.301443     2.00898    -1.35526
   0.314388 -0.00594786     1.97193    0.232057   -0.301474     2.00918    -1.35532
   0.314554 -0.00602352     1.97194    0.231669   -0.301505     2.00939    -1.35538
   0.314719 -0.00609887     1.97194    0.231281   -0.301536     2.00959    -1.35545
  0.314883 -0.0061739    1.97195   0.230896  -0.301567    2.00979   -1.35551
   0.315046 -0.00624861     1.97195    0.230512   -0.301597     2.00999    -1.35557
   0.315209 -0.00632301     1.97196    0.230129   -0.301628     2.01019    -1.35563
   0.315371 -0.00639709     1.97196    0.229749   -0.301659     2.01039    -1.35569
   0.315532 -0.00647086     1.97197    0.229369   -0.301689     2.01059    -1.35575
   0.315693 -0.00654433     1.97197    0.228992   -0.301719     2.01078    -1.35581
   0.315853 -0.00661748     1.97198    0.228616    -0.30175     2.01098    -1.35587
   0.316012 -0.00669033     1.97198    0.228241    -0.30178     2.01118    -1.35593
   0.316171 -0.00676287     1.97199    0.227868    -0.30181     2.01137    -1.35599
  0.316329 -0.0068351    1.97199   0.227497   -0.30184    2.01157   -1.35605
   0.316487 -0.00690703       1.972    0.227127    -0.30187     2.01176    -1.35611
   0.316643 -0.00697866       1.972    0.226759     -0.3019     2.01195    -1.35617
     0.3168 -0.00704999     1.97201    0.226392    -0.30193     2.01214    -1.35623
   0.316955 -0.00712102     1.97201    0.226026    -0.30196     2.01233    -1.35628
    0.31711 -0.00719175     1.97202    0.225663   -0.301989     2.01252    -1.35634
   0.317264 -0.00726218     1.97202      0.2253   -0.302019     2.01271     -1.3564
   0.317418 -0.00733232     1.97203     0.22494   -0.302049      2.0129    -1.35646
   0.317571 -0.00740216     1.97203     0.22458   -0.302078     2.01309    -1.35651
   0.317723 -0.00747171     1.97204    0.224223   -0.302107     2.01328    -1.35657
   0.317874 -0.00754097     1.97204    0.223866   -0.302137     2.01346    -1.35663
   0.318025 -0.00760993     1.97205    0.223512   -0.302166     2.01365    -1.35669
   0.318176 -0.00767861     1.97205    0.223158   -0.302195     2.01383    -1.35674
 0.318326 -0.007747   1.97206  0.222806 -0.302224   2.01402   -1.3568
  0.318475 -0.0078151    1.97206   0.222456  -0.302253     2.0142   -1.35685
   0.318623 -0.00788292     1.97206    0.222107   -0.302282     2.01438    -1.35691
   0.318771 -0.00795045     1.97207    0.221759   -0.302311     2.01456    -1.35697
   0.318919 -0.00801769     1.97207    0.221413    -0.30234     2.01474    -1.35702
   0.319065 -0.00808466     1.97208    0.221069   -0.302368     2.01492    -1.35708
   0.319211 -0.00815135     1.97208    0.220725   -0.302397      2.0151    -1.35713
   0.319357 -0.00821775     1.97209    0.220383   -0.302426     2.01528    -1.35719
   0.319502 -0.00828388     1.97209    0.220043   -0.302454     2.01546    -1.35724
   0.319646 -0.00834973      1.9721    0.219704   -0.302482     2.01564     -1.3573
   0.31979 -0.0084153     1.9721   0.219366  -0.302511    2.01581   -1.35735
  0.319933 -0.0084806    1.97211    0.21903  -0.302539    2.01599    -1.3574
   0.320075 -0.00854563     1.97211    0.218695   -0.302567     2.01616    -1.35746
   0.320217 -0.00861038     1.97212    0.218362   -0.302595     2.01634    -1.35751
   0.320359 -0.00867486     1.97212     0.21803   -0.302623     2.01651    -1.35756
   0.320499 -0.00873907     1.97213    0.217699   -0.302651     2.01668    -1.35762
    0.32064 -0.00880302     1.97213     0.21737   -0.302679     2.01685    -1.35767
   0.320779 -0.00886669     1.97214    0.217042   -0.302707     2.01703    -1.35772
  0.320918 -0.0089301    1.97214   0.216715  -0.302735     2.0172   -1.35777
   0.321057 -0.00899324     1.97215     0.21639   -0.302763     2.01737    -1.35783
   0.321195 -0.00905612     1.97215    0.216066    -0.30279     2.01753    -1.35788
   0.321332 -0.00911874     1.97216    0.215743   -0.302818      2.0177    -1.35793
   0.321469 -0.00918109     1.97216    0.215422   -0.302845     2.01787    -1.35798
   0.321605 -0.00924318     1.97217    0.215102   -0.302873     2.01804    -1.35803
    0.32174 -0.00930501     1.97217    0.214783     -0.3029      2.0182    -1.35808
   0.321876 -0.00936659     1.97218    0.214466   -0.302927     2.01837    -1.35814
   0.32201 -0.0094279    1.97218    0.21415  -0.302954    2.01853   -1.35819
   0.322144 -0.00948896     1.97219    0.213835   -0.302981      2.0187    -1.35824
   0.322277 -0.00954977     1.97219    0.213522   -0.303009     2.01886    -1.35829
    0.32241 -0.00961032      1.9722     0.21321   -0.303036     2.01902    -1.35834
   0.322543 -0.00967061      1.9722    0.212899   -0.303062     2.01919    -1.35839
   0.322674 -0.00973066     1.97221    0.212589   -0.303089     2.01935    -1.35844
   0.322806 -0.00979045     1.97221    0.212281   -0.303116     2.01951    -1.35849
   0.322936 -0.00984999     1.97222    0.211974   -0.303143     2.01967    -1.35854
   0.323067 -0.00990929     1.97222    0.211668   -0.303169     2.01983    -1.35859
   0.323196 -0.00996833     1.97222    0.211364   -0.303196     2.01999    -1.35864
  0.323325 -0.0100271    1.97223    0.21106  -0.303223    2.02015   -1.35868
  0.323454 -0.0100857    1.97223   0.210758  -0.303249     2.0203   -1.35873
 0.323582 -0.010144   1.97224  0.210457 -0.303275   2.02046  -1.35878
  0.323709 -0.0102021    1.97224   0.210158  -0.303302    2.02062   -1.35883
  0.323836 -0.0102599    1.97225    0.20986  -0.303328    2.02077   -1.35888
  0.323963 -0.0103175    1.97225   0.209562  -0.303354    2.02093   -1.35893
  0.324089 -0.0103748    1.97226   0.209267   -0.30338    2.02108   -1.35897
  0.324214 -0.0104319    1.97226   0.208972  -0.303406    2.02123   -1.35902
  0.324339 -0.0104888    1.97227   0.208678  -0.303432    2.02139   -1.35907
  0.324464 -0.0105454    1.97227   0.208386  -0.303458    2.02154   -1.35911
  0.324587 -0.0106018    1.97228   0.208095  -0.303484    2.02169   -1.35916
  0.324711 -0.0106579    1.97228   0.207805   -0.30351    2.02184   -1.35921
  0.324834 -0.0107138    1.97229   0.207517  -0.303536    2.02199   -1.35926
  0.324956 -0.0107695    1.97229   0.207229  -0.303561    2.02214    -1.3593
 0.325078 -0.010825    1.9723  0.206943 -0.303587   2.02229  -1.35935
  0.325199 -0.0108802     1.9723   0.206658  -0.303612    2.02244   -1.35939
   0.32532 -0.0109352    1.97231   0.206374  -0.303638    2.02259   -1.35944
  0.325441 -0.0109899    1.97231   0.206091  -0.303663    2.02274   -1.35949
  0.325561 -0.0110445    1.97232   0.205809  -0.303689    2.02288   -1.35953
   0.32568 -0.0110988    1.97232   0.205529  -0.303714    2.02303   -1.35958
  0.325799 -0.0111529    1.97233   0.205249  -0.303739    2.02317   -1.35962
  0.325917 -0.0112067    1.97233   0.204971  -0.303764    2.02332   -1.35967
  0.326035 -0.0112603    1.97234   0.204694  -0.303789    2.02346   -1.35971
  0.326153 -0.0113137    1.97234   0.204418  -0.303814    2.02361   -1.35976
   0.32627 -0.0113669    1.97235   0.204144  -0.303839    2.02375    -1.3598
  0.326386 -0.0114199    1.97235    0.20387  -0.303864    2.02389   -1.35984
  0.326502 -0.0114726    1.97236   0.203597  -0.303889    2.02403   -1.35989
  0.326618 -0.0115251    1.97236   0.203326  -0.303914    2.02418   -1.35993
  0.326733 -0.0115774    1.97237   0.203056  -0.303939    2.02432   -1.35998
  0.326848 -0.0116295    1.97237   0.202786  -0.303963    2.02446   -1.36002
  0.326962 -0.0116814    1.97238   0.202518  -0.303988     2.0246   -1.36006
 0.327076 -0.011733   1.97238  0.202251 -0.304012   2.02474  -1.36011
  0.327189 -0.0117844    1.97239   0.201985  -0.304037    2.02487   -1.36015
  0.327302 -0.0118356    1.97239    0.20172  -0.304061    2.02501   -1.36019
  0.327414 -0.0118866     1.9724   0.201457  -0.304086    2.02515   -1.36024
  0.327526 -0.0119374     1.9724   0.201194   -0.30411    2.02529   -1.36028
 0.327637 -0.011988   1.97241  0.200932 -0.304134   2.02542  -1.36032
  0.327748 -0.0120384    1.97241   0.200672  -0.304158    2.02556   -1.36036
  0.327858 -0.0120885    1.97242   0.200412  -0.304183    2.02569    -1.3604
  0.327969 -0.0121385    1.97242   0.200154  -0.304207    2.02583   -1.36045
  0.328078 -0.0121882    1.97243   0.199897  -0.304231    2.02596   -1.36049
  0.328187 -0.0122377    1.97243    0.19964  -0.304255     2.0261   -1.36053
  0.328296 -0.0122871    1.97244   0.199385  -0.304279    2.02623   -1.36057
  0.328404 -0.0123362    1.97244   0.199131  -0.304302    2.02636   -1.36061
  0.328512 -0.0123851    1.97245   0.198878  -0.304326    2.02649   -1.36065
  0.328619 -0.0124338    1.97245   0.198625   -0.30435    2.02662   -1.36069
  0.328726 -0.0124823    1.97246   0.198374  -0.304374    2.02675   -1.36074
  0.328833 -0.0125306    1.97246   0.198124  -0.304397    2.02688   -1.36078
  0.328939 -0.0125787    1.97247   0.197875  -0.304421    2.02701   -1.36082
  0.329045 -0.0126266    1.97247   0.197627  -0.304444    2.02714   -1.36086
   0.32915 -0.0126743    1.97248    0.19738  -0.304468    2.02727    -1.3609
  0.329254 -0.0127218    1.97248   0.197134  -0.304491     2.0274   -1.36094
  0.329359 -0.0127691    1.97249   0.196889  -0.304514    2.02753   -1.36098
  0.329463 -0.0128162    1.97249   0.196645  -0.304538    2.02765   -1.36102
  0.329566 -0.0128631     1.9725   0.196402  -0.304561    2.02778   -1.36106
  0.329669 -0.0129098     1.9725    0.19616  -0.304584    2.02791    -1.3611
  0.329772 -0.0129563    1.97251   0.195919  -0.304607    2.02803   -1.36113
  0.329874 -0.0130027    1.97251   0.195679   -0.30463    2.02816   -1.36117
  0.329976 -0.0130488    1.97252    0.19544  -0.304653    2.02828   -1.36121
  0.330078 -0.0130947    1.97252   0.195202  -0.304676    2.02841   -1.36125
  0.330179 -0.0131405    1.97253   0.194964  -0.304699    2.02853   -1.36129
 0.330279 -0.013186   1.97253  0.194728 -0.304722   2.02865  -1.36133
  0.330379 -0.0132314    1.97254   0.194493  -0.304745    2.02877   -1.36137
  0.330479 -0.0132766    1.97254   0.194259  -0.304768     2.0289    -1.3614
  0.330578 -0.0133216    1.97255   0.194025   -0.30479    2.02902   -1.36144
  0.330677 -0.0133664    1.97255   0.193793  -0.304813    2.02914   -1.36148
 0.330776 -0.013411   1.97256  0.193562 -0.304835   2.02926  -1.36152
  0.330874 -0.0134554    1.97256   0.193331  -0.304858    2.02938   -1.36156
  0.330972 -0.0134996    1.97257   0.193102   -0.30488     2.0295   -1.36159
  0.331069 -0.0135437    1.97257   0.192873  -0.304903    2.02962   -1.36163
  0.331166 -0.0135876    1.97258   0.192645  -0.304925    2.02974   -1.36167
  0.331263 -0.0136312    1.97258   0.192419  -0.304948    2.02985    -1.3617
  0.331359 -0.0136748    1.97259   0.192193   -0.30497    2.02997   -1.36174
  0.331455 -0.0137181    1.97259   0.191968  -0.304992    2.03009   -1.36178
   0.33155 -0.0137612     1.9726   0.191744  -0.305014     2.0302   -1.36181
  0.331645 -0.0138042     1.9726   0.191521  -0.305036    2.03032   -1.36185
  0.33174 -0.013847   1.97261  0.191299 -0.305058   2.03044  -1.36189
  0.331834 -0.0138896    1.97262   0.191077   -0.30508    2.03055   -1.36192
 0.331928 -0.013932   1.97262  0.190857 -0.305102   2.03067  -1.36196
  0.332022 -0.0139743    1.97263   0.190638  -0.305124    2.03078     -1.362
  0.332115 -0.0140163    1.97263   0.190419  -0.305146    2.03089   -1.36203
  0.332207 -0.0140582    1.97264   0.190201  -0.305168    2.03101   -1.36207
  0.3323  -0.0141  1.97264 0.189985 -0.30519  2.03112  -1.3621
  0.332392 -0.0141415    1.97265   0.189769  -0.305211    2.03123   -1.36214
  0.332483 -0.0141829    1.97265   0.189554  -0.305233    2.03134   -1.36217
  0.332575 -0.0142241    1.97266    0.18934  -0.305255    2.03145   -1.36221
  0.332665 -0.0142651    1.97266   0.189126  -0.305276    2.03157   -1.36224
 0.332756 -0.014306   1.97267  0.188914 -0.305298   2.03168  -1.36228
  0.332846 -0.0143467    1.97267   0.188702  -0.305319    2.03179   -1.36231
  0.332936 -0.0143872    1.97268   0.188492  -0.305341     2.0319   -1.36235
  0.333025 -0.0144275    1.97268   0.188282  -0.305362      2.032   -1.36238
  0.333114 -0.0144677    1.97269   0.188073  -0.305383    2.03211   -1.36241
  0.333203 -0.0145077    1.97269   0.187865  -0.305404    2.03222   -1.36245
  0.333291 -0.0145476     1.9727   0.187657  -0.305426    2.03233   -1.36248
  0.333379 -0.0145873     1.9727   0.187451  -0.305447    2.03244   -1.36252
  0.333467 -0.0146268    1.97271   0.187245  -0.305468    2.03254   -1.36255
  0.333554 -0.0146661    1.97272    0.18704  -0.305489    2.03265   -1.36258
  0.333641 -0.0147053    1.97272   0.186837   -0.30551    2.03276   -1.36262
  0.333728 -0.0147443    1.97273   0.186633  -0.305531    2.03286   -1.36265
  0.333814 -0.0147832    1.97273   0.186431  -0.305552    2.03297   -1.36268
    0.3339 -0.0148219    1.97274    0.18623  -0.305573    2.03307   -1.36272
  0.333985 -0.0148604    1.97274   0.186029  -0.305594    2.03318   -1.36275
   0.33407 -0.0148988    1.97275   0.185829  -0.305614    2.03328   -1.36278
 0.334155 -0.014937   1.97275   0.18563 -0.305635   2.03338  -1.36281
  0.33424 -0.014975   1.97276  0.185432 -0.305656   2.03349  -1.36285
  0.334324 -0.0150129    1.97276   0.185235  -0.305677    2.03359   -1.36288
  0.334408 -0.0150507    1.97277   0.185038  -0.305697    2.03369   -1.36291
  0.334491 -0.0150882    1.97277   0.184842  -0.305718    2.03379   -1.36294
  0.334574 -0.0151257    1.97278   0.184647  -0.305738    2.03389   -1.36298
  0.334657 -0.0151629    1.97279   0.184453  -0.305759    2.03399   -1.36301
 0.334739   -0.0152   1.97279  0.184259 -0.305779   2.03409  -1.36304
 0.334821 -0.015237    1.9728  0.184067   -0.3058   2.03419  -1.36307
  0.334903 -0.0152738     1.9728   0.183875   -0.30582    2.03429    -1.3631
  0.334985 -0.0153104    1.97281   0.183684   -0.30584    2.03439   -1.36313
  0.335066 -0.0153469    1.97281   0.183494   -0.30586    2.03449   -1.36316
  0.335147 -0.0153833    1.97282   0.183304  -0.305881    2.03459    -1.3632
  0.335227 -0.0154194    1.97282   0.183115  -0.305901    2.03469   -1.36323
  0.335307 -0.0154555    1.97283   0.182927  -0.305921    2.03479   -1.36326
  0.335387 -0.0154914    1.97283    0.18274  -0.305941    2.03488   -1.36329
  0.335467 -0.0155271    1.97284   0.182554  -0.305961    2.03498   -1.36332
  0.335546 -0.0155627    1.97285   0.182368  -0.305981    2.03508   -1.36335
  0.335625 -0.0155981    1.97285   0.182183  -0.306001    2.03517   -1.36338
  0.335703 -0.0156334    1.97286   0.181999  -0.306021    2.03527   -1.36341
  0.335781 -0.0156685    1.97286   0.181815  -0.306041    2.03536   -1.36344
  0.335859 -0.0157035    1.97287   0.181632   -0.30606    2.03546   -1.36347
  0.335937 -0.0157384    1.97287    0.18145   -0.30608    2.03555    -1.3635
  0.336014 -0.0157731    1.97288   0.181269    -0.3061    2.03565   -1.36353
  0.336091 -0.0158076    1.97288   0.181089   -0.30612    2.03574   -1.36356
 0.336168 -0.015842   1.97289  0.180909 -0.306139   2.03583  -1.36359
  0.336244 -0.0158763     1.9729    0.18073  -0.306159    2.03593   -1.36362
   0.33632 -0.0159104     1.9729   0.180551  -0.306178    2.03602   -1.36365
  0.336396 -0.0159444    1.97291   0.180374  -0.306198    2.03611   -1.36368
  0.336471 -0.0159782    1.97291   0.180197  -0.306217     2.0362   -1.36371
  0.336546 -0.0160119    1.97292   0.180021  -0.306237     2.0363   -1.36373
  0.336621 -0.0160455    1.97292   0.179845  -0.306256    2.03639   -1.36376
  0.336696 -0.0160789    1.97293   0.179671  -0.306276    2.03648   -1.36379
   0.33677 -0.0161122    1.97293   0.179497  -0.306295    2.03657   -1.36382
  0.336844 -0.0161453    1.97294   0.179323  -0.306314    2.03666   -1.36385
  0.336917 -0.0161783    1.97295   0.179151  -0.306333    2.03675   -1.36388
  0.336991 -0.0162112    1.97295   0.178979  -0.306353    2.03684   -1.36391
  0.337064 -0.0162439    1.97296   0.178807  -0.306372    2.03693   -1.36393
  0.337136 -0.0162765    1.97296   0.178637  -0.306391    2.03701   -1.36396
  0.337209 -0.0163089    1.97297   0.178467   -0.30641     2.0371   -1.36399
  0.337281 -0.0163412    1.97297   0.178298  -0.306429    2.03719   -1.36402
  0.337353 -0.0163734    1.97298   0.178129  -0.306448    2.03728   -1.36405
  0.337424 -0.0164054    1.97298   0.177962  -0.306467    2.03737   -1.36407
  0.337496 -0.0164373    1.97299   0.177795  -0.306486    2.03745    -1.3641
  0.337567 -0.0164691      1.973   0.177628  -0.306505    2.03754   -1.36413
  0.337637 -0.0165007      1.973   0.177462  -0.306523    2.03762   -1.36416
  0.337708 -0.0165322    1.97301   0.177297  -0.306542    2.03771   -1.36418
  0.337778 -0.0165636    1.97301   0.177133  -0.306561     2.0378   -1.36421
  0.337848 -0.0165948    1.97302   0.176969   -0.30658    2.03788   -1.36424
 0.337917 -0.016626   1.97302  0.176806 -0.306598   2.03797  -1.36426
  0.337987 -0.0166569    1.97303   0.176644  -0.306617    2.03805   -1.36429
  0.338056 -0.0166878    1.97304   0.176482  -0.306636    2.03813   -1.36432
  0.338124 -0.0167185    1.97304   0.176321  -0.306654    2.03822   -1.36434
  0.338193 -0.0167491    1.97305    0.17616  -0.306673     2.0383   -1.36437
  0.338261 -0.0167795    1.97305      0.176  -0.306691    2.03838    -1.3644
  0.338329 -0.0168099    1.97306   0.175841   -0.30671    2.03847   -1.36442
  0.338397 -0.0168401    1.97307   0.175683  -0.306728    2.03855   -1.36445
  0.338464 -0.0168702    1.97307   0.175525  -0.306746    2.03863   -1.36448
  0.338531 -0.0169001    1.97308   0.175368  -0.306765    2.03871    -1.3645
  0.338598 -0.0169299    1.97308   0.175211  -0.306783    2.03879   -1.36453
  0.338664 -0.0169596    1.97309   0.175055  -0.306801    2.03887   -1.36455
  0.338731 -0.0169892    1.97309     0.1749  -0.306819    2.03895   -1.36458
  0.338797 -0.0170187     1.9731   0.174745  -0.306838    2.03903    -1.3646
 0.338862 -0.017048   1.97311  0.174591 -0.306856   2.03911  -1.36463
  0.338928 -0.0170772    1.97311   0.174437  -0.306874    2.03919   -1.36466
  0.338993 -0.0171063    1.97312   0.174285  -0.306892    2.03927   -1.36468
  0.339058 -0.0171352    1.97312   0.174132   -0.30691    2.03935   -1.36471
  0.339123 -0.0171641    1.97313   0.173981  -0.306928    2.03943   -1.36473
  0.339187 -0.0171928    1.97313    0.17383  -0.306946    2.03951   -1.36476
  0.339251 -0.0172214    1.97314   0.173679  -0.306964    2.03959   -1.36478
  0.339315 -0.0172498    1.97315    0.17353  -0.306982    2.03967   -1.36481
  0.339379 -0.0172782    1.97315   0.173381     -0.307    2.03974   -1.36483
  0.339442 -0.0173064    1.97316   0.173232  -0.307017    2.03982   -1.36485
  0.339506 -0.0173345    1.97316   0.173084  -0.307035     2.0399   -1.36488
  0.339568 -0.0173625    1.97317   0.172937  -0.307053    2.03997    -1.3649
  0.339631 -0.0173904    1.97318    0.17279  -0.307071    2.04005   -1.36493
  0.339693 -0.0174182    1.97318   0.172644  -0.307088    2.04012   -1.36495
  0.339756 -0.0174458    1.97319   0.172498  -0.307106     2.0402   -1.36498
  0.339817 -0.0174734    1.97319   0.172353  -0.307124    2.04028     -1.365
  0.339879 -0.0175008     1.9732   0.172209  -0.307141    2.04035   -1.36502
  0.339941 -0.0175281    1.97321   0.172065  -0.307159    2.04043   -1.36505
  0.340002 -0.0175552    1.97321   0.171922  -0.307176     2.0405   -1.36507
  0.340063 -0.0175823    1.97322   0.171779  -0.307194    2.04057    -1.3651
  0.340123 -0.0176093    1.97322   0.171637  -0.307211    2.04065   -1.36512
  0.340184 -0.0176361    1.97323   0.171495  -0.307228    2.04072   -1.36514
  0.340244 -0.0176628    1.97324   0.171355  -0.307246    2.04079   -1.36517
  0.340304 -0.0176894    1.97324   0.171214  -0.307263    2.04087   -1.36519
  0.340363 -0.0177159    1.97325   0.171074  -0.307281    2.04094   -1.36521
  0.340423 -0.0177423    1.97325   0.170935  -0.307298    2.04101   -1.36524
  0.340482 -0.0177686    1.97326   0.170796  -0.307315    2.04108   -1.36526
  0.340541 -0.0177948    1.97327   0.170658  -0.307332    2.04115   -1.36528
    0.3406 -0.0178208    1.97327   0.170521  -0.307349    2.04123    -1.3653
  0.340658 -0.0178468    1.97328   0.170384  -0.307367     2.0413   -1.36533
  0.340717 -0.0178726    1.97328   0.170247  -0.307384    2.04137   -1.36535
  0.340775 -0.0178983    1.97329   0.170112  -0.307401    2.04144   -1.36537
 0.340832 -0.017924    1.9733  0.169976 -0.307418   2.04151  -1.36539
   0.34089 -0.0179495     1.9733   0.169841  -0.307435    2.04158   -1.36542
  0.340947 -0.0179749    1.97331   0.169707  -0.307452    2.04165   -1.36544
  0.341004 -0.0180002    1.97331   0.169573  -0.307469    2.04172   -1.36546
  0.341061 -0.0180253    1.97332    0.16944  -0.307486    2.04179   -1.36548
  0.341118 -0.0180504    1.97333   0.169308  -0.307502    2.04185   -1.36551
  0.341174 -0.0180754    1.97333   0.169176  -0.307519    2.04192   -1.36553
  0.341231 -0.0181003    1.97334   0.169044  -0.307536    2.04199   -1.36555
 0.341286 -0.018125   1.97334  0.168913 -0.307553   2.04206  -1.36557
  0.341342 -0.0181497    1.97335   0.168783   -0.30757    2.04213   -1.36559
  0.341398 -0.0181742    1.97336   0.168653  -0.307586    2.04219   -1.36561
  0.341453 -0.0181987    1.97336   0.168523  -0.307603    2.04226   -1.36564
 0.341508 -0.018223   1.97337  0.168394  -0.30762   2.04233  -1.36566
  0.341563 -0.0182473    1.97338   0.168266  -0.307636     2.0424   -1.36568
  0.341618 -0.0182714    1.97338   0.168138  -0.307653    2.04246    -1.3657
  0.341672 -0.0182955    1.97339   0.168011  -0.307669    2.04253   -1.36572
  0.341726 -0.0183194    1.97339   0.167884  -0.307686    2.04259   -1.36574
   0.34178 -0.0183432     1.9734   0.167757  -0.307703    2.04266   -1.36576
 0.341834 -0.018367   1.97341  0.167632 -0.307719   2.04272  -1.36578
  0.341887 -0.0183906    1.97341   0.167506  -0.307735    2.04279   -1.36581
  0.341941 -0.0184141    1.97342   0.167382  -0.307752    2.04285   -1.36583
  0.341994 -0.0184376    1.97342   0.167257  -0.307768    2.04292   -1.36585
  0.342047 -0.0184609    1.97343   0.167133  -0.307785    2.04298   -1.36587
    0.3421 -0.0184841    1.97344    0.16701  -0.307801    2.04305   -1.36589
  0.342152 -0.0185073    1.97344   0.166887  -0.307817    2.04311   -1.36591
  0.342204 -0.0185303    1.97345   0.166765  -0.307833    2.04317   -1.36593
  0.342256 -0.0185532    1.97346   0.166643   -0.30785    2.04324   -1.36595
  0.342308 -0.0185761    1.97346   0.166522  -0.307866     2.0433   -1.36597
   0.34236 -0.0185988    1.97347   0.166401  -0.307882    2.04336   -1.36599
  0.342411 -0.0186215    1.97347   0.166281  -0.307898    2.04342   -1.36601
 0.342463 -0.018644   1.97348  0.166161 -0.307914   2.04349  -1.36603
  0.342514 -0.0186665    1.97349   0.166042   -0.30793    2.04355   -1.36605
  0.342564 -0.0186888    1.97349   0.165923  -0.307946    2.04361   -1.36607
  0.342615 -0.0187111     1.9735   0.165804  -0.307962    2.04367   -1.36609
  0.342665 -0.0187333    1.97351   0.165686  -0.307978    2.04373   -1.36611
  0.342716 -0.0187554    1.97351   0.165569  -0.307994    2.04379   -1.36613
  0.342766 -0.0187773    1.97352   0.165452   -0.30801    2.04385   -1.36615
  0.342815 -0.0187992    1.97352   0.165335  -0.308026    2.04391   -1.36617
 0.342865 -0.018821   1.97353  0.165219 -0.308042   2.04397  -1.36619
  0.342914 -0.0188427    1.97354   0.165104  -0.308058    2.04403   -1.36621
  0.342964 -0.0188643    1.97354   0.164989  -0.308074    2.04409   -1.36622
  0.343013 -0.0188859    1.97355   0.164874   -0.30809    2.04415   -1.36624
  0.343062 -0.0189073    1.97356    0.16476  -0.308105    2.04421   -1.36626
   0.34311 -0.0189286    1.97356   0.164646  -0.308121    2.04427   -1.36628
  0.343159 -0.0189499    1.97357   0.164533  -0.308137    2.04433    -1.3663
 0.343207 -0.018971   1.97358   0.16442 -0.308153   2.04439  -1.36632
  0.343255 -0.0189921    1.97358   0.164308  -0.308168    2.04445   -1.36634
  0.343303 -0.0190131    1.97359   0.164196  -0.308184     2.0445   -1.36636
   0.34335 -0.0190339    1.97359   0.164085    -0.3082    2.04456   -1.36638
  0.343398 -0.0190547     1.9736   0.163974  -0.308215    2.04462   -1.36639
  0.343445 -0.0190754    1.97361   0.163863  -0.308231    2.04468   -1.36641
  0.343492 -0.0190961    1.97361   0.163753  -0.308246    2.04473   -1.36643
  0.343539 -0.0191166    1.97362   0.163643  -0.308262    2.04479   -1.36645
 0.343586 -0.019137   1.97363  0.163534 -0.308277   2.04485  -1.36647
  0.343632 -0.0191574    1.97363   0.163425  -0.308293     2.0449   -1.36649
  0.343679 -0.0191777    1.97364   0.163317  -0.308308    2.04496    -1.3665
  0.343725 -0.0191978    1.97365   0.163209  -0.308323    2.04502   -1.36652
  0.343771 -0.0192179    1.97365   0.163102  -0.308339    2.04507   -1.36654
  0.343817 -0.0192379    1.97366   0.162995  -0.308354    2.04513   -1.36656
  0.343862 -0.0192579    1.97366   0.162888  -0.308369    2.04518   -1.36658
  0.343908 -0.0192777    1.97367   0.162782  -0.308385    2.04524   -1.36659
  0.343953 -0.0192975    1.97368   0.162676    -0.3084    2.04529   -1.36661
  0.343998 -0.0193171    1.97368   0.162571  -0.308415    2.04535   -1.36663
  0.344043 -0.0193367    1.97369   0.162466  -0.308431     2.0454   -1.36665
  0.344087 -0.0193562     1.9737   0.162362  -0.308446    2.04545   -1.36666
  0.344132 -0.0193756     1.9737   0.162258  -0.308461    2.04551   -1.36668
 0.344176 -0.019395   1.97371  0.162154 -0.308476   2.04556   -1.3667
   0.34422 -0.0194142    1.97372   0.162051  -0.308491    2.04562   -1.36672
  0.344264 -0.0194334    1.97372   0.161948  -0.308506    2.04567   -1.36673
  0.344308 -0.0194525    1.97373   0.161846  -0.308521    2.04572   -1.36675
  0.344352 -0.0194715    1.97374   0.161744  -0.308536    2.04577   -1.36677
  0.344395 -0.0194904    1.97374   0.161643  -0.308551    2.04583   -1.36678
  0.344439 -0.0195092    1.97375   0.161541  -0.308566    2.04588    -1.3668
 0.344482 -0.019528   1.97376  0.161441 -0.308581   2.04593  -1.36682
  0.344525 -0.0195467    1.97376    0.16134  -0.308596    2.04598   -1.36683
  0.344568 -0.0195653    1.97377   0.161241  -0.308611    2.04604   -1.36685
   0.34461 -0.0195838    1.97378   0.161141  -0.308626    2.04609   -1.36687
  0.344653 -0.0196022    1.97378   0.161042  -0.308641    2.04614   -1.36688
  0.344695 -0.0196206    1.97379   0.160943  -0.308656    2.04619    -1.3669
  0.344737 -0.0196389     1.9738   0.160845  -0.308671    2.04624   -1.36692
  0.344779 -0.0196571     1.9738   0.160747  -0.308685    2.04629   -1.36693
  0.344821 -0.0196752    1.97381    0.16065    -0.3087    2.04634   -1.36695
  0.344862 -0.0196932    1.97381   0.160553  -0.308715    2.04639   -1.36697
  0.344904 -0.0197112    1.97382   0.160456   -0.30873    2.04644   -1.36698
  0.344945 -0.0197291    1.97383    0.16036  -0.308744    2.04649     -1.367
  0.344986 -0.0197469    1.97383   0.160264  -0.308759    2.04654   -1.36702
  0.345027 -0.0197647    1.97384   0.160168  -0.308774    2.04659   -1.36703
  0.345068 -0.0197823    1.97385   0.160073  -0.308788    2.04664   -1.36705
  0.345108 -0.0197999    1.97385   0.159978  -0.308803    2.04669   -1.36706
  0.345149 -0.0198174    1.97386   0.159884  -0.308817    2.04674   -1.36708
  0.345189 -0.0198348    1.97387    0.15979  -0.308832    2.04679   -1.36709
  0.345229 -0.0198522    1.97387   0.159696  -0.308847    2.04683   -1.36711
  0.345269 -0.0198695    1.97388   0.159603  -0.308861    2.04688   -1.36713
  0.345309 -0.0198867    1.97389    0.15951  -0.308876    2.04693   -1.36714
  0.345348 -0.0199038    1.97389   0.159418   -0.30889    2.04698   -1.36716
  0.345388 -0.0199209     1.9739   0.159325  -0.308904    2.04703   -1.36717
  0.345427 -0.0199379    1.97391   0.159234  -0.308919    2.04707   -1.36719
  0.345466 -0.0199548    1.97391   0.159142  -0.308933    2.04712    -1.3672
  0.345505 -0.0199716    1.97392   0.159051  -0.308948    2.04717   -1.36722
  0.345544 -0.0199884    1.97393   0.158961  -0.308962    2.04722   -1.36723
  0.345583 -0.0200051    1.97393    0.15887  -0.308976    2.04726   -1.36725
  0.345622 -0.0200217    1.97394    0.15878  -0.308991    2.04731   -1.36726
   0.34566 -0.0200383    1.97395   0.158691  -0.309005    2.04736   -1.36728
  0.345698 -0.0200547    1.97395   0.158602  -0.309019     2.0474   -1.36729
  0.345736 -0.0200712    1.97396   0.158513  -0.309033    2.04745   -1.36731
  0.345774 -0.0200875    1.97397   0.158424  -0.309048    2.04749   -1.36732
  0.345812 -0.0201038    1.97397   0.158336  -0.309062    2.04754   -1.36734
  0.34585  -0.02012   1.97398  0.158249 -0.309076   2.04758  -1.36735
  0.345887 -0.0201361    1.97399   0.158161   -0.30909    2.04763   -1.36737
  0.345924 -0.0201521      1.974   0.158074  -0.309104    2.04767   -1.36738
  0.345962 -0.0201681      1.974   0.157987  -0.309118    2.04772    -1.3674
 0.345999 -0.020184   1.97401  0.157901 -0.309133   2.04776  -1.36741
  0.346035 -0.0201999    1.97402   0.157815  -0.309147    2.04781   -1.36743
  0.346072 -0.0202157    1.97402   0.157729  -0.309161    2.04785   -1.36744
  0.346109 -0.0202314    1.97403   0.157644  -0.309175     2.0479   -1.36746
 0.346145 -0.020247   1.97404  0.157559 -0.309189   2.04794  -1.36747
  0.346182 -0.0202626    1.97404   0.157475  -0.309203    2.04798   -1.36748
  0.346218 -0.0202781    1.97405    0.15739  -0.309217    2.04803    -1.3675
  0.346254 -0.0202935    1.97406   0.157306  -0.309231    2.04807   -1.36751
   0.34629 -0.0203089    1.97406   0.157223  -0.309244    2.04812   -1.36753
  0.346325 -0.0203242    1.97407    0.15714  -0.309258    2.04816   -1.36754
  0.346361 -0.0203394    1.97408   0.157057  -0.309272     2.0482   -1.36755
  0.346396 -0.0203546    1.97408   0.156974  -0.309286    2.04824   -1.36757
  0.346432 -0.0203697    1.97409   0.156892    -0.3093    2.04829   -1.36758
  0.346467 -0.0203847     1.9741    0.15681  -0.309314    2.04833    -1.3676
  0.346502 -0.0203997     1.9741   0.156728  -0.309328    2.04837   -1.36761
  0.346537 -0.0204146    1.97411   0.156647  -0.309341    2.04841   -1.36762
  0.346571 -0.0204295    1.97412   0.156566  -0.309355    2.04845   -1.36764
  0.346606 -0.0204443    1.97412   0.156485  -0.309369     2.0485   -1.36765
  0.34664 -0.020459   1.97413  0.156405 -0.309383   2.04854  -1.36766
  0.346675 -0.0204736    1.97414   0.156325  -0.309396    2.04858   -1.36768
  0.346709 -0.0204882    1.97415   0.156246   -0.30941    2.04862   -1.36769
  0.346743 -0.0205027    1.97415   0.156166  -0.309424    2.04866    -1.3677
  0.346777 -0.0205172    1.97416   0.156087  -0.309437     2.0487   -1.36772
  0.346811 -0.0205316    1.97417   0.156009  -0.309451    2.04874   -1.36773
  0.346844 -0.0205459    1.97417    0.15593  -0.309465    2.04878   -1.36774
  0.346878 -0.0205602    1.97418   0.155852  -0.309478    2.04882   -1.36776
  0.346911 -0.0205744    1.97419   0.155775  -0.309492    2.04886   -1.36777
  0.346945 -0.0205885    1.97419   0.155697  -0.309505     2.0489   -1.36778
  0.346978 -0.0206026     1.9742    0.15562  -0.309519    2.04894    -1.3678
  0.347011 -0.0206166    1.97421   0.155543  -0.309532    2.04898   -1.36781
  0.347043 -0.0206306    1.97421   0.155467  -0.309546    2.04902   -1.36782
  0.347076 -0.0206445    1.97422   0.155391  -0.309559    2.04906   -1.36784
  0.347109 -0.0206583    1.97423   0.155315  -0.309573     2.0491   -1.36785
  0.347141 -0.0206721    1.97424   0.155239  -0.309586    2.04914   -1.36786
  0.347174 -0.0206858    1.97424   0.155164    -0.3096    2.04918   -1.36787
  0.347206 -0.0206995    1.97425   0.155089  -0.309613    2.04922   -1.36789
  0.347238 -0.0207131    1.97426   0.155014  -0.309626    2.04926    -1.3679
   0.34727 -0.0207266    1.97426    0.15494   -0.30964     2.0493   -1.36791
  0.347302 -0.0207401    1.97427   0.154866  -0.309653    2.04933   -1.36792
  0.347333 -0.0207535    1.97428   0.154792  -0.309666    2.04937   -1.36794
  0.347365 -0.0207668    1.97428   0.154719   -0.30968    2.04941   -1.36795
  0.347396 -0.0207801    1.97429   0.154646  -0.309693    2.04945   -1.36796
  0.347428 -0.0207934     1.9743   0.154573  -0.309706    2.04949   -1.36797
  0.347459 -0.0208066     1.9743     0.1545  -0.309719    2.04952   -1.36799
   0.34749 -0.0208197    1.97431   0.154428  -0.309733    2.04956     -1.368
  0.347521 -0.0208328    1.97432   0.154356  -0.309746     2.0496   -1.36801
  0.347552 -0.0208458    1.97433   0.154284  -0.309759    2.04964   -1.36802
  0.347582 -0.0208587    1.97433   0.154213  -0.309772    2.04967   -1.36804
  0.347613 -0.0208716    1.97434   0.154142  -0.309785    2.04971   -1.36805
  0.347643 -0.0208844    1.97435   0.154071  -0.309799    2.04975   -1.36806
  0.347674 -0.0208972    1.97435   0.154001  -0.309812    2.04978   -1.36807
 0.347704  -0.02091   1.97436   0.15393 -0.309825   2.04982  -1.36808
  0.347734 -0.0209226    1.97437    0.15386  -0.309838    2.04985   -1.36809
  0.347764 -0.0209352    1.97438   0.153791  -0.309851    2.04989   -1.36811
  0.347794 -0.0209478    1.97438   0.153721  -0.309864    2.04993   -1.36812
  0.347824 -0.0209603    1.97439   0.153652  -0.309877    2.04996   -1.36813
  0.347853 -0.0209727     1.9744   0.153583   -0.30989       2.05   -1.36814
  0.347883 -0.0209851     1.9744   0.153515  -0.309903    2.05003   -1.36815
  0.347912 -0.0209975    1.97441   0.153446  -0.309916    2.05007   -1.36817
  0.347941 -0.0210097    1.97442   0.153378  -0.309929     2.0501   -1.36818
  0.34797 -0.021022   1.97442  0.153311 -0.309942   2.05014  -1.36819
     0.348 -0.0210341    1.97443   0.153243  -0.309955    2.05017    -1.3682
  0.348028 -0.0210462    1.97444   0.153176  -0.309968    2.05021   -1.36821
  0.348057 -0.0210583    1.97445   0.153109  -0.309981    2.05024   -1.36822
  0.348086 -0.0210703    1.97445   0.153043  -0.309994    2.05028   -1.36823
  0.348114 -0.0210823    1.97446   0.152976  -0.310007    2.05031   -1.36824
  0.348143 -0.0210942    1.97447    0.15291  -0.310019    2.05035   -1.36826
 0.348171 -0.021106   1.97447  0.152844 -0.310032   2.05038  -1.36827
    0.3482 -0.0211178    1.97448   0.152779  -0.310045    2.05041   -1.36828
  0.348228 -0.0211296    1.97449   0.152713  -0.310058    2.05045   -1.36829
  0.348256 -0.0211413     1.9745   0.152648  -0.310071    2.05048    -1.3683
  0.348284 -0.0211529     1.9745   0.152584  -0.310083    2.05052   -1.36831
  0.348311 -0.0211645    1.97451   0.152519  -0.310096    2.05055   -1.36832
 0.348339 -0.021176   1.97452  0.152455 -0.310109   2.05058  -1.36833
  0.348367 -0.0211875    1.97452   0.152391  -0.310122    2.05061   -1.36834
  0.348394 -0.0211989    1.97453   0.152327  -0.310134    2.05065   -1.36836
  0.348421 -0.0212103    1.97454   0.152264  -0.310147    2.05068   -1.36837
  0.348449 -0.0212216    1.97455     0.1522   -0.31016    2.05071   -1.36838
  0.348476 -0.0212329    1.97455   0.152137  -0.310172    2.05075   -1.36839
  0.348503 -0.0212442    1.97456   0.152075  -0.310185    2.05078    -1.3684
   0.34853 -0.0212553    1.97457   0.152012  -0.310198    2.05081   -1.36841
  0.348557 -0.0212665    1.97457    0.15195   -0.31021    2.05084   -1.36842
  0.348583 -0.0212775    1.97458   0.151888  -0.310223    2.05087   -1.36843
   0.34861 -0.0212886    1.97459   0.151826  -0.310235    2.05091   -1.36844
  0.348636 -0.0212996     1.9746   0.151765  -0.310248    2.05094   -1.36845
  0.348663 -0.0213105     1.9746   0.151704  -0.310261    2.05097   -1.36846
  0.348689 -0.0213214    1.97461   0.151643  -0.310273      2.051   -1.36847
  0.348715 -0.0213322    1.97462   0.151582  -0.310286    2.05103   -1.36848
 0.348741 -0.021343   1.97462  0.151521 -0.310298   2.05106  -1.36849
  0.348767 -0.0213537    1.97463   0.151461  -0.310311     2.0511    -1.3685
  0.348793 -0.0213644    1.97464   0.151401  -0.310323    2.05113   -1.36851
  0.348819 -0.0213751    1.97465   0.151341  -0.310336    2.05116   -1.36852
  0.348845 -0.0213856    1.97465   0.151282  -0.310348    2.05119   -1.36853
   0.34887 -0.0213962    1.97466   0.151223   -0.31036    2.05122   -1.36854
  0.348896 -0.0214067    1.97467   0.151164  -0.310373    2.05125   -1.36855
  0.348921 -0.0214171    1.97468   0.151105  -0.310385    2.05128   -1.36856
  0.348946 -0.0214275    1.97468   0.151046  -0.310398    2.05131   -1.36857
  0.348971 -0.0214379    1.97469   0.150988   -0.31041    2.05134   -1.36858
  0.348996 -0.0214482     1.9747    0.15093  -0.310422    2.05137   -1.36859
  0.349021 -0.0214585     1.9747   0.150872  -0.310435     2.0514    -1.3686
  0.349046 -0.0214687    1.97471   0.150815  -0.310447    2.05143   -1.36861
  0.349071 -0.0214789    1.97472   0.150757  -0.310459    2.05146   -1.36862
 0.349096 -0.021489   1.97473    0.1507 -0.310472   2.05149  -1.36863
   0.34912 -0.0214991    1.97473   0.150643  -0.310484    2.05152   -1.36864
  0.349145 -0.0215091    1.97474   0.150586  -0.310496    2.05155   -1.36865
  0.349169 -0.0215191    1.97475    0.15053  -0.310508    2.05158   -1.36866
 0.349193 -0.021529   1.97476  0.150474 -0.310521   2.05161  -1.36867
  0.349217 -0.0215389    1.97476   0.150418  -0.310533    2.05163   -1.36868
  0.349242 -0.0215488    1.97477   0.150362  -0.310545    2.05166   -1.36869
  0.349266 -0.0215586    1.97478   0.150306  -0.310557    2.05169    -1.3687
  0.349289 -0.0215683    1.97478   0.150251   -0.31057    2.05172   -1.36871
 0.349313 -0.021578   1.97479  0.150196 -0.310582   2.05175  -1.36872
  0.349337 -0.0215877     1.9748   0.150141  -0.310594    2.05178   -1.36873
  0.349361 -0.0215973    1.97481   0.150087  -0.310606    2.05181   -1.36874
  0.349384 -0.0216069    1.97481   0.150032  -0.310618    2.05183   -1.36875
  0.349407 -0.0216165    1.97482   0.149978   -0.31063    2.05186   -1.36876
 0.349431 -0.021626   1.97483  0.149924 -0.310642   2.05189  -1.36877
  0.349454 -0.0216354    1.97484    0.14987  -0.310654    2.05192   -1.36877
  0.349477 -0.0216448    1.97484   0.149817  -0.310667    2.05195   -1.36878
    0.3495 -0.0216542    1.97485   0.149763  -0.310679    2.05197   -1.36879
  0.349523 -0.0216635    1.97486    0.14971  -0.310691      2.052    -1.3688
  0.349546 -0.0216728    1.97487   0.149657  -0.310703    2.05203   -1.36881
  0.349569 -0.0216821    1.97487   0.149605  -0.310715    2.05205   -1.36882
  0.349592 -0.0216913    1.97488   0.149552  -0.310727    2.05208   -1.36883
  0.349614 -0.0217004    1.97489     0.1495  -0.310739    2.05211   -1.36884
  0.349637 -0.0217095     1.9749   0.149448  -0.310751    2.05214   -1.36885
  0.349659 -0.0217186     1.9749   0.149396  -0.310763    2.05216   -1.36886
  0.349681 -0.0217276    1.97491   0.149344  -0.310775    2.05219   -1.36886
  0.349704 -0.0217366    1.97492   0.149293  -0.310787    2.05222   -1.36887
  0.349726 -0.0217456    1.97492   0.149242  -0.310799    2.05224   -1.36888
  0.349748 -0.0217545    1.97493   0.149191   -0.31081    2.05227   -1.36889
   0.34977 -0.0217633    1.97494    0.14914  -0.310822     2.0523    -1.3689
  0.349792 -0.0217722    1.97495   0.149089  -0.310834    2.05232   -1.36891
  0.349814 -0.0217809    1.97495   0.149039  -0.310846    2.05235   -1.36892
  0.349835 -0.0217897    1.97496   0.148989  -0.310858    2.05237   -1.36893
  0.349857 -0.0217984    1.97497   0.148939   -0.31087     2.0524   -1.36893
  0.349879 -0.0218071    1.97498   0.148889  -0.310882    2.05242   -1.36894
    0.3499 -0.0218157    1.97498   0.148839  -0.310894    2.05245   -1.36895
  0.349921 -0.0218243    1.97499    0.14879  -0.310905    2.05248   -1.36896
  0.349943 -0.0218328      1.975   0.148741  -0.310917     2.0525   -1.36897
  0.349964 -0.0218413    1.97501   0.148692  -0.310929    2.05253   -1.36898
  0.349985 -0.0218498    1.97501   0.148643  -0.310941    2.05255   -1.36898
  0.350006 -0.0218582    1.97502   0.148594  -0.310953    2.05258   -1.36899
  0.350027 -0.0218666    1.97503   0.148546  -0.310964     2.0526     -1.369
  0.350048 -0.0218749    1.97504   0.148498  -0.310976    2.05263   -1.36901
  0.350069 -0.0218833    1.97504    0.14845  -0.310988    2.05265   -1.36902
  0.350089 -0.0218915    1.97505   0.148402     -0.311    2.05268   -1.36903
   0.35011 -0.0218998    1.97506   0.148354  -0.311011     2.0527   -1.36903
 0.350131 -0.021908   1.97507  0.148307 -0.311023   2.05273  -1.36904
  0.350151 -0.0219161    1.97507    0.14826  -0.311035    2.05275   -1.36905
  0.350171 -0.0219242    1.97508   0.148212  -0.311046    2.05277   -1.36906
  0.350192 -0.0219323    1.97509   0.148166  -0.311058     2.0528   -1.36907
  0.350212 -0.0219403     1.9751   0.148119   -0.31107    2.05282   -1.36907
  0.350232 -0.0219484     1.9751   0.148072  -0.311081    2.05285   -1.36908
  0.350252 -0.0219563    1.97511   0.148026  -0.311093    2.05287   -1.36909
  0.350272 -0.0219643    1.97512    0.14798  -0.311104    2.05289    -1.3691
  0.350292 -0.0219721    1.97513   0.147934  -0.311116    2.05292   -1.36911
 0.350312  -0.02198   1.97513  0.147888 -0.311128   2.05294  -1.36911
  0.350332 -0.0219878    1.97514   0.147843  -0.311139    2.05297   -1.36912
  0.350351 -0.0219956    1.97515   0.147798  -0.311151    2.05299   -1.36913
  0.350371 -0.0220034    1.97516   0.147752  -0.311162    2.05301   -1.36914
  0.350391 -0.0220111    1.97516   0.147707  -0.311174    2.05304   -1.36915
   0.35041 -0.0220187    1.97517   0.147663  -0.311185    2.05306   -1.36915
  0.350429 -0.0220264    1.97518   0.147618  -0.311197    2.05308   -1.36916
 0.350449 -0.022034   1.97519  0.147573 -0.311209    2.0531  -1.36917
  0.350468 -0.0220415    1.97519   0.147529   -0.31122    2.05313   -1.36918
  0.350487 -0.0220491     1.9752   0.147485  -0.311232    2.05315   -1.36918
  0.350506 -0.0220566    1.97521   0.147441  -0.311243    2.05317   -1.36919
 0.350525 -0.022064   1.97522  0.147397 -0.311254    2.0532   -1.3692
  0.350544 -0.0220715    1.97522   0.147354  -0.311266    2.05322   -1.36921
  0.350563 -0.0220789    1.97523   0.147311  -0.311277    2.05324   -1.36921
  0.350582 -0.0220862    1.97524   0.147267  -0.311289    2.05326   -1.36922
    0.3506 -0.0220935    1.97525   0.147224    -0.3113    2.05328   -1.36923
  0.350619 -0.0221008    1.97525   0.147181  -0.311312    2.05331   -1.36924
  0.350637 -0.0221081    1.97526   0.147139  -0.311323    2.05333   -1.36924
  0.350656 -0.0221153    1.97527   0.147096  -0.311334    2.05335   -1.36925
  0.350674 -0.0221225    1.97528   0.147054  -0.311346    2.05337   -1.36926
  0.350693 -0.0221296    1.97528   0.147012  -0.311357    2.05339   -1.36927
  0.350711 -0.0221367    1.97529    0.14697  -0.311369    2.05342   -1.36927
  0.350729 -0.0221438     1.9753   0.146928   -0.31138    2.05344   -1.36928
  0.350747 -0.0221509    1.97531   0.146886  -0.311391    2.05346   -1.36929
  0.350765 -0.0221579    1.97531   0.146845  -0.311403    2.05348   -1.36929
  0.350783 -0.0221649    1.97532   0.146803  -0.311414     2.0535    -1.3693
  0.350801 -0.0221718    1.97533   0.146762  -0.311425    2.05352   -1.36931
  0.350819 -0.0221787    1.97534   0.146721  -0.311437    2.05354   -1.36932
  0.350837 -0.0221856    1.97534    0.14668  -0.311448    2.05357   -1.36932
  0.350854 -0.0221924    1.97535    0.14664  -0.311459    2.05359   -1.36933
  0.350872 -0.0221993    1.97536   0.146599   -0.31147    2.05361   -1.36934
 0.350889 -0.022206   1.97537  0.146559 -0.311482   2.05363  -1.36934
  0.350907 -0.0222128    1.97538   0.146519  -0.311493    2.05365   -1.36935
  0.350924 -0.0222195    1.97538   0.146479  -0.311504    2.05367   -1.36936
  0.350942 -0.0222262    1.97539   0.146439  -0.311515    2.05369   -1.36936
  0.350959 -0.0222329     1.9754   0.146399  -0.311527    2.05371   -1.36937
  0.350976 -0.0222395    1.97541    0.14636  -0.311538    2.05373   -1.36938
  0.350993 -0.0222461    1.97541    0.14632  -0.311549    2.05375   -1.36939
   0.35101 -0.0222526    1.97542   0.146281   -0.31156    2.05377   -1.36939
  0.351027 -0.0222592    1.97543   0.146242  -0.311571    2.05379    -1.3694
  0.351044 -0.0222657    1.97544   0.146203  -0.311582    2.05381   -1.36941
  0.351061 -0.0222721    1.97544   0.146165  -0.311594    2.05383   -1.36941
  0.351078 -0.0222786    1.97545   0.146126  -0.311605    2.05385   -1.36942
 0.351095 -0.022285   1.97546  0.146088 -0.311616   2.05387  -1.36943
  0.351111 -0.0222913    1.97547   0.146049  -0.311627    2.05389   -1.36943
  0.351128 -0.0222977    1.97547   0.146011  -0.311638    2.05391   -1.36944
 0.351145 -0.022304   1.97548  0.145973 -0.311649   2.05393  -1.36945
  0.351161 -0.0223103    1.97549   0.145935   -0.31166    2.05395   -1.36945
  0.351177 -0.0223165     1.9755   0.145898  -0.311671    2.05397   -1.36946
  0.351194 -0.0223227     1.9755    0.14586  -0.311683    2.05399   -1.36947
   0.35121 -0.0223289    1.97551   0.145823  -0.311694    2.05401   -1.36947
  0.351226 -0.0223351    1.97552   0.145786  -0.311705    2.05403   -1.36948
  0.351242 -0.0223412    1.97553   0.145749  -0.311716    2.05405   -1.36948
  0.351259 -0.0223473    1.97554   0.145712  -0.311727    2.05407   -1.36949
  0.351275 -0.0223534    1.97554   0.145675  -0.311738    2.05408    -1.3695
  0.351291 -0.0223594    1.97555   0.145639  -0.311749     2.0541    -1.3695
  0.351306 -0.0223654    1.97556   0.145602   -0.31176    2.05412   -1.36951
  0.351322 -0.0223714    1.97557   0.145566  -0.311771    2.05414   -1.36952
  0.351338 -0.0223774    1.97557    0.14553  -0.311782    2.05416   -1.36952
  0.351354 -0.0223833    1.97558   0.145494  -0.311793    2.05418   -1.36953
  0.351369 -0.0223892    1.97559   0.145458  -0.311804     2.0542   -1.36954
 0.351385 -0.022395    1.9756  0.145422 -0.311815   2.05422  -1.36954
  0.351401 -0.0224009     1.9756   0.145387  -0.311826    2.05423   -1.36955
  0.351416 -0.0224067    1.97561   0.145351  -0.311837    2.05425   -1.36955
  0.351431 -0.0224125    1.97562   0.145316  -0.311848    2.05427   -1.36956
  0.351447 -0.0224182    1.97563   0.145281  -0.311859    2.05429   -1.36957
  0.351462 -0.0224239    1.97564   0.145246   -0.31187    2.05431   -1.36957
  0.351477 -0.0224296    1.97564   0.145211   -0.31188    2.05432   -1.36958
  0.351493 -0.0224353    1.97565   0.145176  -0.311891    2.05434   -1.36958
  0.351508 -0.0224409    1.97566   0.145142  -0.311902    2.05436   -1.36959
  0.351523 -0.0224465    1.97567   0.145107  -0.311913    2.05438    -1.3696
  0.351538 -0.0224521    1.97567   0.145073  -0.311924     2.0544    -1.3696
  0.351553 -0.0224577    1.97568   0.145039  -0.311935    2.05441   -1.36961
  0.351567 -0.0224632    1.97569   0.145005  -0.311946    2.05443   -1.36961
  0.351582 -0.0224687     1.9757   0.144971  -0.311957    2.05445   -1.36962
  0.351597 -0.0224742    1.97571   0.144937  -0.311967    2.05447   -1.36963
  0.351612 -0.0224796    1.97571   0.144904  -0.311978    2.05448   -1.36963
 0.351626 -0.022485   1.97572   0.14487 -0.311989    2.0545  -1.36964
  0.351641 -0.0224904    1.97573   0.144837     -0.312    2.05452   -1.36964
  0.351656 -0.0224958    1.97574   0.144804  -0.312011    2.05453   -1.36965
   0.35167 -0.0225011    1.97574    0.14477  -0.312022    2.05455   -1.36966
  0.351684 -0.0225064    1.97575   0.144738  -0.312032    2.05457   -1.36966
  0.351699 -0.0225117    1.97576   0.144705  -0.312043    2.05459   -1.36967
 0.351713 -0.022517   1.97577  0.144672 -0.312054    2.0546  -1.36967
  0.351727 -0.0225222    1.97578    0.14464  -0.312065    2.05462   -1.36968
  0.351741 -0.0225274    1.97578   0.144607  -0.312076    2.05464   -1.36968
  0.351756 -0.0225326    1.97579   0.144575  -0.312086    2.05465   -1.36969
   0.35177 -0.0225377     1.9758   0.144543  -0.312097    2.05467   -1.36969
  0.351784 -0.0225429    1.97581   0.144511  -0.312108    2.05469    -1.3697
 0.351798 -0.022548   1.97581  0.144479 -0.312118    2.0547  -1.36971
 0.351812 -0.022553   1.97582  0.144447 -0.312129   2.05472  -1.36971
  0.351825 -0.0225581    1.97583   0.144416   -0.31214    2.05473   -1.36972
  0.351839 -0.0225631    1.97584   0.144384  -0.312151    2.05475   -1.36972
  0.351853 -0.0225681    1.97585   0.144353  -0.312161    2.05477   -1.36973
  0.351867 -0.0225731    1.97585   0.144321  -0.312172    2.05478   -1.36973
  0.35188 -0.022578   1.97586   0.14429 -0.312183    2.0548  -1.36974
 0.351894 -0.022583   1.97587  0.144259 -0.312193   2.05482  -1.36974
  0.351908 -0.0225879    1.97588   0.144229  -0.312204    2.05483   -1.36975
  0.351921 -0.0225927    1.97588   0.144198  -0.312215    2.05485   -1.36976
  0.351934 -0.0225976    1.97589   0.144167  -0.312225    2.05486   -1.36976
  0.351948 -0.0226024     1.9759   0.144137  -0.312236    2.05488   -1.36977
  0.351961 -0.0226072    1.97591   0.144106  -0.312247    2.05489   -1.36977
 0.351974 -0.022612   1.97592  0.144076 -0.312257   2.05491  -1.36978
  0.351988 -0.0226167    1.97592   0.144046  -0.312268    2.05493   -1.36978
  0.352001 -0.0226215    1.97593   0.144016  -0.312279    2.05494   -1.36979
  0.352014 -0.0226262    1.97594   0.143986  -0.312289    2.05496   -1.36979
  0.352027 -0.0226308    1.97595   0.143956    -0.3123    2.05497    -1.3698
   0.35204 -0.0226355    1.97595   0.143927   -0.31231    2.05499    -1.3698
  0.352053 -0.0226401    1.97596   0.143897  -0.312321      2.055   -1.36981
  0.352066 -0.0226447    1.97597   0.143868  -0.312331    2.05502   -1.36981
  0.352079 -0.0226493    1.97598   0.143839  -0.312342    2.05503   -1.36982
  0.352092 -0.0226539    1.97599   0.143809  -0.312353    2.05505   -1.36982
  0.352104 -0.0226584    1.97599    0.14378  -0.312363    2.05506   -1.36983
  0.352117 -0.0226629      1.976   0.143752  -0.312374    2.05508   -1.36983
   0.35213 -0.0226674    1.97601   0.143723  -0.312384    2.05509   -1.36984
  0.352142 -0.0226719    1.97602   0.143694  -0.312395    2.05511   -1.36984
  0.352155 -0.0226763    1.97603   0.143666  -0.312405    2.05512   -1.36985
  0.352167 -0.0226807    1.97603   0.143637  -0.312416    2.05514   -1.36985
   0.35218 -0.0226851    1.97604   0.143609  -0.312426    2.05515   -1.36986
  0.352192 -0.0226895    1.97605   0.143581  -0.312437    2.05517   -1.36986
  0.352205 -0.0226938    1.97606   0.143552  -0.312447    2.05518   -1.36987
  0.352217 -0.0226982    1.97606   0.143524  -0.312458    2.05519   -1.36987
  0.352229 -0.0227025    1.97607   0.143497  -0.312468    2.05521   -1.36988
  0.352242 -0.0227068    1.97608   0.143469  -0.312479    2.05522   -1.36988
 0.352254 -0.022711   1.97609  0.143441 -0.312489   2.05524  -1.36989
  0.352266 -0.0227153     1.9761   0.143414    -0.3125    2.05525   -1.36989
  0.352278 -0.0227195     1.9761   0.143386   -0.31251    2.05527    -1.3699
   0.35229 -0.0227237    1.97611   0.143359  -0.312521    2.05528    -1.3699
  0.352302 -0.0227278    1.97612   0.143332  -0.312531    2.05529   -1.36991
 0.352314 -0.022732   1.97613  0.143305 -0.312541   2.05531  -1.36991
  0.352326 -0.0227361    1.97614   0.143278  -0.312552    2.05532   -1.36992
  0.352338 -0.0227402    1.97614   0.143251  -0.312562    2.05534   -1.36992
   0.35235 -0.0227443    1.97615   0.143224  -0.312573    2.05535   -1.36993
  0.352361 -0.0227484    1.97616   0.143197  -0.312583    2.05536   -1.36993
  0.352373 -0.0227524    1.97617   0.143171  -0.312594    2.05538   -1.36994
  0.352385 -0.0227564    1.97617   0.143144  -0.312604    2.05539   -1.36994
  0.352396 -0.0227604    1.97618   0.143118  -0.312614     2.0554   -1.36995
  0.352408 -0.0227644    1.97619   0.143092  -0.312625    2.05542   -1.36995
  0.352419 -0.0227684     1.9762   0.143066  -0.312635    2.05543   -1.36995
  0.352431 -0.0227723    1.97621    0.14304  -0.312645    2.05544   -1.36996
  0.352442 -0.0227762    1.97621   0.143014  -0.312656    2.05546   -1.36996
  0.352454 -0.0227801    1.97622   0.142988  -0.312666    2.05547   -1.36997
 0.352465 -0.022784   1.97623  0.142962 -0.312677   2.05548  -1.36997
  0.352476 -0.0227878    1.97624   0.142937  -0.312687     2.0555   -1.36998
  0.352488 -0.0227916    1.97625   0.142911  -0.312697    2.05551   -1.36998
  0.352499 -0.0227955    1.97625   0.142886  -0.312708    2.05552   -1.36999
   0.35251 -0.0227992    1.97626    0.14286  -0.312718    2.05554   -1.36999
 0.352521 -0.022803   1.97627  0.142835 -0.312728   2.05555     -1.37
  0.352532 -0.0228068    1.97628    0.14281  -0.312738    2.05556      -1.37
  0.352543 -0.0228105    1.97629   0.142785  -0.312749    2.05558      -1.37
  0.352554 -0.0228142    1.97629    0.14276  -0.312759    2.05559   -1.37001
  0.352565 -0.0228179     1.9763   0.142736  -0.312769     2.0556   -1.37001
  0.352576 -0.0228215    1.97631   0.142711   -0.31278    2.05561   -1.37002
  0.352587 -0.0228252    1.97632   0.142686   -0.31279    2.05563   -1.37002
  0.352598 -0.0228288    1.97633   0.142662    -0.3128    2.05564   -1.37003
  0.352609 -0.0228324    1.97633   0.142638   -0.31281    2.05565   -1.37003
  0.35262 -0.022836   1.97634  0.142613 -0.312821   2.05566  -1.37004
   0.35263 -0.0228396    1.97635   0.142589  -0.312831    2.05568   -1.37004
  0.352641 -0.0228431    1.97636   0.142565  -0.312841    2.05569   -1.37004
  0.352652 -0.0228467    1.97636   0.142541  -0.312851     2.0557   -1.37005
  0.352662 -0.0228502    1.97637   0.142517  -0.312862    2.05571   -1.37005
  0.352673 -0.0228537    1.97638   0.142493  -0.312872    2.05573   -1.37006
  0.352683 -0.0228571    1.97639    0.14247  -0.312882    2.05574   -1.37006
  0.352694 -0.0228606     1.9764   0.142446  -0.312892    2.05575   -1.37006
 0.352704 -0.022864    1.9764  0.142423 -0.312903   2.05576  -1.37007
  0.352715 -0.0228674    1.97641   0.142399  -0.312913    2.05577   -1.37007
  0.352725 -0.0228708    1.97642   0.142376  -0.312923    2.05579   -1.37008
  0.352735 -0.0228742    1.97643   0.142353  -0.312933     2.0558   -1.37008
  0.352746 -0.0228776    1.97644    0.14233  -0.312943    2.05581   -1.37009
  0.352756 -0.0228809    1.97644   0.142307  -0.312954    2.05582   -1.37009
  0.352766 -0.0228842    1.97645   0.142284  -0.312964    2.05583   -1.37009
  0.352776 -0.0228875    1.97646   0.142261  -0.312974    2.05585    -1.3701
  0.352786 -0.0228908    1.97647   0.142238  -0.312984    2.05586    -1.3701
  0.352796 -0.0228941    1.97648   0.142215  -0.312994    2.05587   -1.37011
  0.352806 -0.0228973    1.97648   0.142193  -0.313004    2.05588   -1.37011
  0.352816 -0.0229005    1.97649    0.14217  -0.313014    2.05589   -1.37011
  0.352826 -0.0229037     1.9765   0.142148  -0.313025     2.0559   -1.37012
  0.352836 -0.0229069    1.97651   0.142126  -0.313035    2.05592   -1.37012
  0.352846 -0.0229101    1.97652   0.142103  -0.313045    2.05593   -1.37013
  0.352856 -0.0229133    1.97652   0.142081  -0.313055    2.05594   -1.37013
  0.352866 -0.0229164    1.97653   0.142059  -0.313065    2.05595   -1.37013
  0.352875 -0.0229195    1.97654   0.142037  -0.313075    2.05596   -1.37014
  0.352885 -0.0229226    1.97655   0.142016  -0.313085    2.05597   -1.37014
  0.352895 -0.0229257    1.97656   0.141994  -0.313095    2.05598   -1.37015
  0.352905 -0.0229288    1.97656   0.141972  -0.313106    2.05599   -1.37015
  0.352914 -0.0229318    1.97657   0.141951  -0.313116    2.05601   -1.37015
  0.352924 -0.0229348    1.97658   0.141929  -0.313126    2.05602   -1.37016
  0.352933 -0.0229379    1.97659   0.141908  -0.313136    2.05603   -1.37016
  0.352943 -0.0229409     1.9766   0.141886  -0.313146    2.05604   -1.37016
  0.352952 -0.0229438     1.9766   0.141865  -0.313156    2.05605   -1.37017
  0.352962 -0.0229468    1.97661   0.141844  -0.313166    2.05606   -1.37017
  0.352971 -0.0229497    1.97662   0.141823  -0.313176    2.05607   -1.37018
   0.35298 -0.0229527    1.97663   0.141802  -0.313186    2.05608   -1.37018
   0.35299 -0.0229556    1.97664   0.141781  -0.313196    2.05609   -1.37018
  0.352999 -0.0229585    1.97664    0.14176  -0.313206     2.0561   -1.37019
  0.353008 -0.0229614    1.97665    0.14174  -0.313216    2.05611   -1.37019
  0.353017 -0.0229642    1.97666   0.141719  -0.313226    2.05613   -1.37019
  0.353027 -0.0229671    1.97667   0.141699  -0.313236    2.05614    -1.3702
  0.353036 -0.0229699    1.97668   0.141678  -0.313246    2.05615    -1.3702
  0.353045 -0.0229727    1.97668   0.141658  -0.313256    2.05616   -1.37021
  0.353054 -0.0229755    1.97669   0.141637  -0.313266    2.05617   -1.37021
  0.353063 -0.0229783     1.9767   0.141617  -0.313276    2.05618   -1.37021
 0.353072 -0.022981   1.97671  0.141597 -0.313286   2.05619  -1.37022
  0.353081 -0.0229838    1.97672   0.141577  -0.313296     2.0562   -1.37022
   0.35309 -0.0229865    1.97672   0.141557  -0.313306    2.05621   -1.37022
  0.353099 -0.0229892    1.97673   0.141537  -0.313316    2.05622   -1.37023
  0.353108 -0.0229919    1.97674   0.141517  -0.313326    2.05623   -1.37023
  0.353117 -0.0229946    1.97675   0.141498  -0.313336    2.05624   -1.37023
  0.353125 -0.0229972    1.97676   0.141478  -0.313346    2.05625   -1.37024
  0.353134 -0.0229999    1.97677   0.141458  -0.313356    2.05626   -1.37024
  0.353143 -0.0230025    1.97677   0.141439  -0.313366    2.05627   -1.37025
  0.353152 -0.0230051    1.97678    0.14142  -0.313376    2.05628   -1.37025
   0.35316 -0.0230077    1.97679     0.1414  -0.313386    2.05629   -1.37025
  0.353169 -0.0230103     1.9768   0.141381  -0.313396     2.0563   -1.37026
  0.353177 -0.0230129    1.97681   0.141362  -0.313406    2.05631   -1.37026
  0.353186 -0.0230154    1.97681   0.141343  -0.313416    2.05632   -1.37026
 0.353195 -0.023018   1.97682  0.141324 -0.313426   2.05633  -1.37027
  0.353203 -0.0230205    1.97683   0.141305  -0.313436    2.05634   -1.37027
 0.353211 -0.023023   1.97684  0.141286 -0.313446   2.05635  -1.37027
   0.35322 -0.0230255    1.97685   0.141267  -0.313456    2.05636   -1.37028
 0.353228 -0.023028   1.97685  0.141248 -0.313465   2.05637  -1.37028
  0.353237 -0.0230304    1.97686    0.14123  -0.313475    2.05638   -1.37028
  0.353245 -0.0230329    1.97687   0.141211  -0.313485    2.05639   -1.37029
  0.353253 -0.0230353    1.97688   0.141193  -0.313495     2.0564   -1.37029
  0.353262 -0.0230377    1.97689   0.141174  -0.313505    2.05641   -1.37029
   0.35327 -0.0230401    1.97689   0.141156  -0.313515    2.05642    -1.3703
  0.353278 -0.0230425     1.9769   0.141138  -0.313525    2.05642    -1.3703
  0.353286 -0.0230449    1.97691    0.14112  -0.313535    2.05643    -1.3703
  0.353294 -0.0230472    1.97692   0.141102  -0.313545    2.05644   -1.37031
  0.353302 -0.0230496    1.97693   0.141084  -0.313554    2.05645   -1.37031
  0.353311 -0.0230519    1.97693   0.141066  -0.313564    2.05646   -1.37031
  0.353319 -0.0230542    1.97694   0.141048  -0.313574    2.05647   -1.37032
  0.353327 -0.0230565    1.97695    0.14103  -0.313584    2.05648   -1.37032
  0.353335 -0.0230588    1.97696   0.141012  -0.313594    2.05649   -1.37032
  0.353343 -0.0230611    1.97697   0.140995  -0.313604     2.0565   -1.37033
  0.353351 -0.0230633    1.97698   0.140977  -0.313614    2.05651   -1.37033
  0.353358 -0.0230656    1.97698   0.140959  -0.313623    2.05652   -1.37033
  0.353366 -0.0230678    1.97699   0.140942  -0.313633    2.05653   -1.37034
 0.353374  -0.02307     1.977  0.140925 -0.313643   2.05653  -1.37034
  0.353382 -0.0230722    1.97701   0.140907  -0.313653    2.05654   -1.37034
   0.35339 -0.0230744    1.97702    0.14089  -0.313663    2.05655   -1.37034
  0.353397 -0.0230765    1.97702   0.140873  -0.313673    2.05656   -1.37035
  0.353405 -0.0230787    1.97703   0.140856  -0.313682    2.05657   -1.37035
  0.353413 -0.0230808    1.97704   0.140839  -0.313692    2.05658   -1.37035
 0.353421 -0.023083   1.97705  0.140822 -0.313702   2.05659  -1.37036
  0.353428 -0.0230851    1.97706   0.140805  -0.313712     2.0566   -1.37036
  0.353436 -0.0230872    1.97706   0.140788  -0.313722    2.05661   -1.37036
  0.353443 -0.0230893    1.97707   0.140771  -0.313731    2.05661   -1.37037
  0.353451 -0.0230913    1.97708   0.140755  -0.313741    2.05662   -1.37037
  0.353458 -0.0230934    1.97709   0.140738  -0.313751    2.05663   -1.37037
  0.353466 -0.0230954     1.9771   0.140722  -0.313761    2.05664   -1.37038
  0.353473 -0.0230975     1.9771   0.140705   -0.31377    2.05665   -1.37038
  0.353481 -0.0230995    1.97711   0.140689   -0.31378    2.05666   -1.37038
  0.353488 -0.0231015    1.97712   0.140672   -0.31379    2.05666   -1.37038
  0.353496 -0.0231035    1.97713   0.140656    -0.3138    2.05667   -1.37039
  0.353503 -0.0231055    1.97714    0.14064   -0.31381    2.05668   -1.37039
   0.35351 -0.0231074    1.97715   0.140624  -0.313819    2.05669   -1.37039
  0.353518 -0.0231094    1.97715   0.140608  -0.313829     2.0567    -1.3704
  0.353525 -0.0231113    1.97716   0.140592  -0.313839    2.05671    -1.3704
  0.353532 -0.0231133    1.97717   0.140576  -0.313849    2.05671    -1.3704
  0.353539 -0.0231152    1.97718    0.14056  -0.313858    2.05672   -1.37041
  0.353546 -0.0231171    1.97719   0.140544  -0.313868    2.05673   -1.37041
 0.353554 -0.023119   1.97719  0.140528 -0.313878   2.05674  -1.37041
  0.353561 -0.0231208     1.9772   0.140513  -0.313887    2.05675   -1.37041
  0.353568 -0.0231227    1.97721   0.140497  -0.313897    2.05676   -1.37042
  0.353575 -0.0231245    1.97722   0.140481  -0.313907    2.05676   -1.37042
  0.353582 -0.0231264    1.97723   0.140466  -0.313917    2.05677   -1.37042
  0.353589 -0.0231282    1.97724    0.14045  -0.313926    2.05678   -1.37043
 0.353596  -0.02313   1.97724  0.140435 -0.313936   2.05679  -1.37043
  0.353603 -0.0231318    1.97725    0.14042  -0.313946    2.05679   -1.37043
   0.35361 -0.0231336    1.97726   0.140404  -0.313955     2.0568   -1.37043
  0.353617 -0.0231354    1.97727   0.140389  -0.313965    2.05681   -1.37044
  0.353624 -0.0231371    1.97728   0.140374  -0.313975    2.05682   -1.37044
  0.353631 -0.0231389    1.97728   0.140359  -0.313984    2.05683   -1.37044
  0.353637 -0.0231406    1.97729   0.140344  -0.313994    2.05683   -1.37044
  0.353644 -0.0231423     1.9773   0.140329  -0.314004    2.05684   -1.37045
 0.353651 -0.023144   1.97731  0.140314 -0.314014   2.05685  -1.37045
  0.353658 -0.0231457    1.97732   0.140299  -0.314023    2.05686   -1.37045
  0.353665 -0.0231474    1.97732   0.140285  -0.314033    2.05686   -1.37046
  0.353671 -0.0231491    1.97733    0.14027  -0.314043    2.05687   -1.37046
  0.353678 -0.0231508    1.97734   0.140255  -0.314052    2.05688   -1.37046
  0.353685 -0.0231524    1.97735   0.140241  -0.314062    2.05689   -1.37046
  0.353691 -0.0231541    1.97736   0.140226  -0.314071    2.05689   -1.37047
  0.353698 -0.0231557    1.97737   0.140212  -0.314081     2.0569   -1.37047
  0.353704 -0.0231573    1.97737   0.140197  -0.314091    2.05691   -1.37047
  0.353711 -0.0231589    1.97738   0.140183    -0.3141    2.05692   -1.37047
  0.353717 -0.0231605    1.97739   0.140169   -0.31411    2.05692   -1.37048
  0.353724 -0.0231621     1.9774   0.140155   -0.31412    2.05693   -1.37048
   0.35373 -0.0231636    1.97741    0.14014  -0.314129    2.05694   -1.37048
  0.353737 -0.0231652    1.97741   0.140126  -0.314139    2.05695   -1.37048
  0.353743 -0.0231668    1.97742   0.140112  -0.314149    2.05695   -1.37049
   0.35375 -0.0231683    1.97743   0.140098  -0.314158    2.05696   -1.37049
  0.353756 -0.0231698    1.97744   0.140084  -0.314168    2.05697   -1.37049
  0.353763 -0.0231713    1.97745   0.140071  -0.314177    2.05697    -1.3705
  0.353769 -0.0231728    1.97746   0.140057  -0.314187    2.05698    -1.3705
  0.353775 -0.0231743    1.97746   0.140043  -0.314197    2.05699    -1.3705
  0.353781 -0.0231758    1.97747   0.140029  -0.314206      2.057    -1.3705
  0.353788 -0.0231773    1.97748   0.140016  -0.314216      2.057   -1.37051
  0.353794 -0.0231787    1.97749   0.140002  -0.314225    2.05701   -1.37051
    0.3538 -0.0231802     1.9775   0.139988  -0.314235    2.05702   -1.37051
  0.353806 -0.0231816     1.9775   0.139975  -0.314245    2.05702   -1.37051
 0.353813 -0.023183   1.97751  0.139962 -0.314254   2.05703  -1.37052
  0.353819 -0.0231844    1.97752   0.139948  -0.314264    2.05704   -1.37052
  0.353825 -0.0231858    1.97753   0.139935  -0.314273    2.05704   -1.37052
  0.353831 -0.0231872    1.97754   0.139922  -0.314283    2.05705   -1.37052
  0.353837 -0.0231886    1.97755   0.139908  -0.314293    2.05706   -1.37053
 0.353843  -0.02319   1.97755  0.139895 -0.314302   2.05706  -1.37053
  0.353849 -0.0231913    1.97756   0.139882  -0.314312    2.05707   -1.37053
  0.353855 -0.0231927    1.97757   0.139869  -0.314321    2.05708   -1.37053
 0.353861 -0.023194   1.97758  0.139856 -0.314331   2.05708  -1.37054
  0.353867 -0.0231953    1.97759   0.139843   -0.31434    2.05709   -1.37054
  0.353873 -0.0231966    1.97759    0.13983   -0.31435     2.0571   -1.37054
  0.353879 -0.0231979     1.9776   0.139817  -0.314359     2.0571   -1.37054
  0.353885 -0.0231992    1.97761   0.139805  -0.314369    2.05711   -1.37054
  0.353891 -0.0232005    1.97762   0.139792  -0.314379    2.05712   -1.37055
  0.353897 -0.0232018    1.97763   0.139779  -0.314388    2.05712   -1.37055
 0.353902 -0.023203   1.97764  0.139767 -0.314398   2.05713  -1.37055
  0.353908 -0.0232043    1.97764   0.139754  -0.314407    2.05714   -1.37055
  0.353914 -0.0232055    1.97765   0.139742  -0.314417    2.05714   -1.37056
   0.35392 -0.0232068    1.97766   0.139729  -0.314426    2.05715   -1.37056
 0.353926 -0.023208   1.97767  0.139717 -0.314436   2.05716  -1.37056
  0.353931 -0.0232092    1.97768   0.139704  -0.314445    2.05716   -1.37056
  0.353937 -0.0232104    1.97769   0.139692  -0.314455    2.05717   -1.37057
  0.353943 -0.0232116    1.97769    0.13968  -0.314464    2.05718   -1.37057
  0.353948 -0.0232128     1.9777   0.139667  -0.314474    2.05718   -1.37057
  0.353954 -0.0232139    1.97771   0.139655  -0.314483    2.05719   -1.37057
   0.35396 -0.0232151    1.97772   0.139643  -0.314493    2.05719   -1.37058
  0.353965 -0.0232162    1.97773   0.139631  -0.314502     2.0572   -1.37058
  0.353971 -0.0232174    1.97773   0.139619  -0.314512    2.05721   -1.37058
  0.353976 -0.0232185    1.97774   0.139607  -0.314521    2.05721   -1.37058
  0.353982 -0.0232196    1.97775   0.139595  -0.314531    2.05722   -1.37058
  0.353987 -0.0232207    1.97776   0.139583   -0.31454    2.05723   -1.37059
  0.353993 -0.0232218    1.97777   0.139572   -0.31455    2.05723   -1.37059
  0.353998 -0.0232229    1.97778    0.13956  -0.314559    2.05724   -1.37059
 0.354004 -0.023224   1.97778  0.139548 -0.314569   2.05724  -1.37059
  0.354009 -0.0232251    1.97779   0.139536  -0.314578    2.05725    -1.3706
  0.354015 -0.0232262     1.9778   0.139525  -0.314588    2.05726    -1.3706
   0.35402 -0.0232272    1.97781   0.139513  -0.314597    2.05726    -1.3706
  0.354025 -0.0232282    1.97782   0.139502  -0.314607    2.05727    -1.3706
  0.354031 -0.0232293    1.97783    0.13949  -0.314616    2.05727    -1.3706
  0.354036 -0.0232303    1.97783   0.139479  -0.314626    2.05728   -1.37061
  0.354041 -0.0232313    1.97784   0.139467  -0.314635    2.05729   -1.37061
  0.354047 -0.0232323    1.97785   0.139456  -0.314644    2.05729   -1.37061
  0.354052 -0.0232333    1.97786   0.139445  -0.314654     2.0573   -1.37061
  0.354057 -0.0232343    1.97787   0.139433  -0.314663     2.0573   -1.37061
  0.354062 -0.0232353    1.97787   0.139422  -0.314673    2.05731   -1.37062
  0.354068 -0.0232363    1.97788   0.139411  -0.314682    2.05731   -1.37062
  0.354073 -0.0232372    1.97789     0.1394  -0.314692    2.05732   -1.37062
  0.354078 -0.0232382     1.9779   0.139389  -0.314701    2.05733   -1.37062
  0.354083 -0.0232391    1.97791   0.139378  -0.314711    2.05733   -1.37063
0.354088 -0.02324  1.97792 0.139367 -0.31472  2.05734 -1.37063
 0.354093 -0.023241   1.97792  0.139356 -0.314729   2.05734  -1.37063
  0.354099 -0.0232419    1.97793   0.139345  -0.314739    2.05735   -1.37063
  0.354104 -0.0232428    1.97794   0.139334  -0.314748    2.05735   -1.37063
  0.354109 -0.0232437    1.97795   0.139323  -0.314758    2.05736   -1.37064
  0.354114 -0.0232446    1.97796   0.139313  -0.314767    2.05736   -1.37064
