  0.287851 -0.0055199    1.97237   0.286933  -0.298989    1.96848   -1.34702
   0.297074 -0.00256503     1.97303    0.291112   -0.296732     1.97384    -1.34517
    0.303159 -0.000492251      1.97353     0.293161    -0.295171      1.97719      -1.3439
   0.307266 0.000923193     1.97391    0.293938   -0.294098     1.97933    -1.34304
   0.31012 0.00185711    1.97419   0.293955  -0.293368    1.98074   -1.34247
  0.312174 0.00244308    1.97441   0.293521  -0.292876    1.98173    -1.3421
  0.313715 0.00278052    1.97457   0.292823  -0.292553    1.98246   -1.34188
  0.314921 0.00294227     1.9747   0.291971  -0.292346    1.98305   -1.34176
  0.315905 0.00298108    1.97479   0.291031  -0.292222    1.98355   -1.34171
  0.316741 0.00293474    1.97486   0.290044  -0.292155    1.98402   -1.34171
  0.317475 0.00283014    1.97492   0.289033  -0.292128    1.98446   -1.34175
  0.318138 0.00268624    1.97497   0.288011   -0.29213     1.9849   -1.34182
  0.318748 0.00251633      1.975   0.286987  -0.292151    1.98533    -1.3419
   0.31932 0.00232966    1.97503   0.285965  -0.292185    1.98577     -1.342
  0.319863 0.00213261    1.97506   0.284949  -0.292229    1.98621   -1.34211
  0.320383 0.00192957    1.97508   0.283939   -0.29228    1.98666   -1.34222
 0.320884 0.0017235    1.9751  0.282936 -0.292335   1.98712  -1.34234
 0.321369 0.0015164   1.97512   0.28194 -0.292393   1.98758  -1.34247
  0.321841 0.00130958    1.97514   0.280953  -0.292453    1.98804   -1.34259
  0.322303 0.00110389    1.97515   0.279972  -0.292515    1.98851   -1.34272
   0.322754 0.000899856     1.97517       0.279   -0.292577     1.98898    -1.34285
   0.323197 0.000697798     1.97518    0.278035    -0.29264     1.98945    -1.34298
   0.323632 0.000497883      1.9752    0.277077   -0.292704     1.98992    -1.34311
    0.32406 0.000300185     1.97521    0.276126   -0.292768     1.99039    -1.34325
   0.324482 0.000104716     1.97522    0.275182   -0.292832     1.99086    -1.34338
    0.324898 -8.85518e-05      1.97524     0.274246    -0.292895      1.99134     -1.34351
    0.325309 -0.000279668      1.97525     0.273316    -0.292959      1.99181     -1.34365
    0.325714 -0.000468696      1.97526     0.272393    -0.293023      1.99228     -1.34378
    0.326115 -0.000655706      1.97527     0.271476    -0.293086      1.99275     -1.34391
    0.326512 -0.000840769      1.97528     0.270566     -0.29315      1.99322     -1.34404
   0.326905 -0.00102396     1.97529    0.269663   -0.293213     1.99368    -1.34418
   0.327293 -0.00120534     1.97531    0.268766   -0.293276     1.99415    -1.34431
   0.327678 -0.00138497     1.97532    0.267875   -0.293339     1.99461    -1.34444
    0.32806 -0.00156292     1.97533    0.266991   -0.293401     1.99507    -1.34457
   0.328438 -0.00173924     1.97534    0.266113   -0.293464     1.99553     -1.3447
   0.328812 -0.00191399     1.97535     0.26524   -0.293526     1.99598    -1.34484
  0.329184 -0.0020872    1.97536   0.264375  -0.293588    1.99644   -1.34497
   0.329552 -0.00225893     1.97537    0.263515   -0.293649     1.99689    -1.34509
   0.329918 -0.00242922     1.97538    0.262661   -0.293711     1.99734    -1.34522
   0.330281 -0.00259809     1.97539    0.261813   -0.293772     1.99778    -1.34535
    0.33064 -0.00276559      1.9754    0.260971   -0.293833     1.99822    -1.34548
   0.330997 -0.00293175     1.97541    0.260134   -0.293893     1.99866    -1.34561
   0.331352 -0.00309659     1.97542    0.259304   -0.293954      1.9991    -1.34573
   0.331704 -0.00326014     1.97543    0.258479   -0.294014     1.99953    -1.34586
   0.332053 -0.00342243     1.97544     0.25766   -0.294074     1.99996    -1.34599
   0.332399 -0.00358348     1.97545    0.256847   -0.294134     2.00039    -1.34611
   0.332743 -0.00374331     1.97546    0.256039   -0.294193     2.00082    -1.34623
   0.333085 -0.00390194     1.97547    0.255236   -0.294253     2.00124    -1.34636
   0.333424 -0.00405938     1.97548     0.25444   -0.294312     2.00166    -1.34648
   0.333761 -0.00421567     1.97549    0.253648    -0.29437     2.00208     -1.3466
  0.334095 -0.0043708     1.9755   0.252862  -0.294429    2.00249   -1.34672
  0.334427 -0.0045248     1.9755   0.252082  -0.294487     2.0029   -1.34684
   0.334757 -0.00467769     1.97551    0.251307   -0.294545     2.00331    -1.34696
   0.335084 -0.00482947     1.97552    0.250537   -0.294603     2.00371    -1.34708
   0.335409 -0.00498015     1.97553    0.249772   -0.294661     2.00412     -1.3472
   0.335732 -0.00512976     1.97554    0.249013   -0.294718     2.00452    -1.34732
  0.336053 -0.0052783    1.97555   0.248259  -0.294775    2.00492   -1.34744
   0.336371 -0.00542579     1.97556     0.24751   -0.294832     2.00531    -1.34755
   0.336687 -0.00557223     1.97557    0.246766   -0.294888      2.0057    -1.34767
   0.337001 -0.00571763     1.97558    0.246027   -0.294945     2.00609    -1.34778
   0.337313 -0.00586201     1.97558    0.245293   -0.295001     2.00648     -1.3479
   0.337623 -0.00600537     1.97559    0.244564   -0.295057     2.00686    -1.34801
    0.33793 -0.00614773      1.9756    0.243841   -0.295112     2.00724    -1.34812
   0.338236 -0.00628909     1.97561    0.243122   -0.295168     2.00762    -1.34824
   0.338539 -0.00642946     1.97562    0.242408   -0.295223       2.008    -1.34835
    0.33884 -0.00656886     1.97563    0.241698   -0.295278     2.00837    -1.34846
    0.33914 -0.00670728     1.97563    0.240994   -0.295332     2.00874    -1.34857
   0.339437 -0.00684474     1.97564    0.240295   -0.295387     2.00911    -1.34868
   0.339732 -0.00698124     1.97565      0.2396   -0.295441     2.00948    -1.34879
   0.340025 -0.00711679     1.97566     0.23891   -0.295495     2.00984    -1.34889
   0.340316 -0.00725141     1.97567    0.238224   -0.295549      2.0102      -1.349
   0.340606 -0.00738509     1.97568    0.237544   -0.295602     2.01056    -1.34911
   0.340893 -0.00751785     1.97568    0.236868   -0.295656     2.01092    -1.34921
   0.341178 -0.00764969     1.97569    0.236196   -0.295709     2.01127    -1.34932
   0.341461 -0.00778062      1.9757    0.235529   -0.295761     2.01162    -1.34942
   0.341743 -0.00791064     1.97571    0.234867   -0.295814     2.01197    -1.34953
   0.342022 -0.00803977     1.97572    0.234209   -0.295866     2.01232    -1.34963
     0.3423 -0.00816801     1.97573    0.233555   -0.295919     2.01266    -1.34973
   0.342576 -0.00829536     1.97573    0.232906   -0.295971       2.013    -1.34984
   0.342849 -0.00842184     1.97574    0.232262   -0.296022     2.01334    -1.34994
   0.343121 -0.00854744     1.97575    0.231621   -0.296074     2.01368    -1.35004
   0.343392 -0.00867218     1.97576    0.230985   -0.296125     2.01401    -1.35014
    0.34366 -0.00879606     1.97577    0.230354   -0.296176     2.01435    -1.35024
  0.343926 -0.0089191    1.97577   0.229726  -0.296227    2.01468   -1.35034
   0.344191 -0.00904128     1.97578    0.229103   -0.296277       2.015    -1.35043
   0.344454 -0.00916262     1.97579    0.228484   -0.296328     2.01533    -1.35053
   0.344715 -0.00928313      1.9758     0.22787   -0.296378     2.01565    -1.35063
   0.344975 -0.00940282     1.97581    0.227259   -0.296428     2.01597    -1.35072
   0.345232 -0.00952168     1.97581    0.226653   -0.296478     2.01629    -1.35082
   0.345488 -0.00963972     1.97582     0.22605   -0.296527     2.01661    -1.35092
   0.345742 -0.00975696     1.97583    0.225452   -0.296577     2.01692    -1.35101
   0.345995 -0.00987339     1.97584    0.224858   -0.296626     2.01724     -1.3511
   0.346246 -0.00998902     1.97584    0.224267   -0.296675     2.01755     -1.3512
  0.346495 -0.0101039    1.97585   0.223681  -0.296723    2.01785   -1.35129
  0.346742 -0.0102179    1.97586   0.223099  -0.296772    2.01816   -1.35138
  0.346988 -0.0103312    1.97587   0.222521   -0.29682    2.01846   -1.35147
  0.347232 -0.0104437    1.97588   0.221946  -0.296868    2.01877   -1.35156
  0.347474 -0.0105554    1.97588   0.221376  -0.296916    2.01907   -1.35165
  0.347715 -0.0106663    1.97589   0.220809  -0.296964    2.01936   -1.35174
  0.347954 -0.0107765     1.9759   0.220246  -0.297012    2.01966   -1.35183
 0.348192 -0.010886   1.97591  0.219687 -0.297059   2.01995  -1.35192
  0.348427 -0.0109947    1.97592   0.219132  -0.297106    2.02025   -1.35201
  0.348662 -0.0111026    1.97592    0.21858  -0.297153    2.02054    -1.3521
  0.348895 -0.0112098    1.97593   0.218032    -0.2972    2.02082   -1.35218
  0.349126 -0.0113163    1.97594   0.217488  -0.297246    2.02111   -1.35227
 0.349355 -0.011422   1.97595  0.216948 -0.297292   2.02139  -1.35236
 0.349584 -0.011527   1.97596  0.216411 -0.297339   2.02167  -1.35244
   0.34981 -0.0116313    1.97596   0.215877  -0.297384    2.02195   -1.35253
  0.350035 -0.0117349    1.97597   0.215348   -0.29743    2.02223   -1.35261
  0.350259 -0.0118378    1.97598   0.214822  -0.297476    2.02251   -1.35269
 0.350481  -0.01194   1.97599  0.214299 -0.297521   2.02278  -1.35278
  0.350701 -0.0120414    1.97599    0.21378  -0.297566    2.02306   -1.35286
   0.35092 -0.0121422      1.976   0.213265  -0.297611    2.02333   -1.35294
  0.351138 -0.0122423    1.97601   0.212753  -0.297656     2.0236   -1.35302
  0.351354 -0.0123417    1.97602   0.212244  -0.297701    2.02386    -1.3531
  0.351569 -0.0124404    1.97603   0.211739  -0.297745    2.02413   -1.35318
  0.351782 -0.0125384    1.97603   0.211237  -0.297789    2.02439   -1.35326
  0.351994 -0.0126358    1.97604   0.210738  -0.297834    2.02465   -1.35334
  0.352204 -0.0127325    1.97605   0.210243  -0.297877    2.02491   -1.35342
  0.352413 -0.0128286    1.97606   0.209752  -0.297921    2.02517    -1.3535
  0.352621 -0.0129239    1.97607   0.209263  -0.297965    2.02543   -1.35358
  0.352827 -0.0130187    1.97607   0.208778  -0.298008    2.02568   -1.35366
  0.353032 -0.0131127    1.97608   0.208296  -0.298051    2.02593   -1.35373
  0.353235 -0.0132062    1.97609   0.207817  -0.298094    2.02619   -1.35381
 0.353437 -0.013299    1.9761  0.207342 -0.298137   2.02643  -1.35389
  0.353638 -0.0133911    1.97611    0.20687   -0.29818    2.02668   -1.35396
  0.353837 -0.0134827    1.97611   0.206401  -0.298222    2.02693   -1.35404
  0.354035 -0.0135736    1.97612   0.205935  -0.298265    2.02717   -1.35411
  0.354232 -0.0136639    1.97613   0.205472  -0.298307    2.02742   -1.35418
  0.354427 -0.0137535    1.97614   0.205012  -0.298349    2.02766   -1.35426
  0.354621 -0.0138426    1.97615   0.204555   -0.29839     2.0279   -1.35433
 0.354814 -0.013931   1.97615  0.204102 -0.298432   2.02813   -1.3544
  0.355005 -0.0140188    1.97616   0.203651  -0.298474    2.02837   -1.35448
  0.355196 -0.0141061    1.97617   0.203204  -0.298515     2.0286   -1.35455
  0.355385 -0.0141927    1.97618   0.202759  -0.298556    2.02884   -1.35462
  0.355572 -0.0142788    1.97619   0.202318  -0.298597    2.02907   -1.35469
  0.355759 -0.0143642    1.97619   0.201879  -0.298638     2.0293   -1.35476
  0.355944 -0.0144491     1.9762   0.201444  -0.298678    2.02953   -1.35483
  0.356128 -0.0145334    1.97621   0.201011  -0.298719    2.02975    -1.3549
   0.35631 -0.0146171    1.97622   0.200581  -0.298759    2.02998   -1.35497
  0.356492 -0.0147002    1.97623   0.200154  -0.298799     2.0302   -1.35504
  0.356672 -0.0147828    1.97624    0.19973  -0.298839    2.03043    -1.3551
  0.356851 -0.0148648    1.97624   0.199309  -0.298879    2.03065   -1.35517
  0.357029 -0.0149462    1.97625   0.198891  -0.298919    2.03087   -1.35524
  0.357206 -0.0150271    1.97626   0.198475  -0.298959    2.03108   -1.35531
  0.357381 -0.0151074    1.97627   0.198062  -0.298998     2.0313   -1.35537
  0.357555 -0.0151872    1.97628   0.197652  -0.299037    2.03151   -1.35544
  0.357729 -0.0152664    1.97628   0.197245  -0.299076    2.03173    -1.3555
  0.357901 -0.0153451    1.97629   0.196841  -0.299115    2.03194   -1.35557
  0.358071 -0.0154232     1.9763   0.196439  -0.299154    2.03215   -1.35563
  0.358241 -0.0155008    1.97631    0.19604  -0.299193    2.03236    -1.3557
   0.35841 -0.0155779    1.97632   0.195643  -0.299231    2.03257   -1.35576
  0.358577 -0.0156545    1.97633   0.195249  -0.299269    2.03277   -1.35583
  0.358743 -0.0157305    1.97633   0.194858  -0.299308    2.03298   -1.35589
 0.358909 -0.015806   1.97634  0.194469 -0.299346   2.03318  -1.35595
 0.359073 -0.015881   1.97635  0.194084 -0.299383   2.03338  -1.35601
  0.359236 -0.0159554    1.97636     0.1937  -0.299421    2.03358   -1.35608
  0.359398 -0.0160294    1.97637   0.193319  -0.299459    2.03378   -1.35614
  0.359559 -0.0161028    1.97638   0.192941  -0.299496    2.03398    -1.3562
  0.359718 -0.0161758    1.97639   0.192565  -0.299534    2.03418   -1.35626
  0.359877 -0.0162482    1.97639   0.192192  -0.299571    2.03437   -1.35632
  0.360035 -0.0163202     1.9764   0.191821  -0.299608    2.03457   -1.35638
  0.360191 -0.0163916    1.97641   0.191453  -0.299645    2.03476   -1.35644
  0.360347 -0.0164626    1.97642   0.191087  -0.299681    2.03495    -1.3565
  0.360501 -0.0165331    1.97643   0.190724  -0.299718    2.03514   -1.35656
  0.360655 -0.0166031    1.97644   0.190363  -0.299754    2.03533   -1.35661
  0.360807 -0.0166726    1.97645   0.190005  -0.299791    2.03552   -1.35667
  0.360959 -0.0167416    1.97645   0.189649  -0.299827     2.0357   -1.35673
  0.361109 -0.0168102    1.97646   0.189295  -0.299863    2.03589   -1.35679
  0.361259 -0.0168783    1.97647   0.188943  -0.299899    2.03607   -1.35684
  0.361407 -0.0169459    1.97648   0.188594  -0.299935    2.03626    -1.3569
 0.361555 -0.017013   1.97649  0.188248  -0.29997   2.03644  -1.35696
  0.361701 -0.0170797     1.9765   0.187903  -0.300006    2.03662   -1.35701
 0.361847 -0.017146   1.97651  0.187561 -0.300041    2.0368  -1.35707
  0.361991 -0.0172117    1.97651   0.187222  -0.300077    2.03697   -1.35712
  0.362135 -0.0172771    1.97652   0.186884  -0.300112    2.03715   -1.35718
  0.362277 -0.0173419    1.97653   0.186549  -0.300147    2.03733   -1.35723
  0.362419 -0.0174064    1.97654   0.186216  -0.300182     2.0375   -1.35729
   0.36256 -0.0174704    1.97655   0.185885  -0.300216    2.03767   -1.35734
    0.3627 -0.0175339    1.97656   0.185557  -0.300251    2.03785   -1.35739
 0.362838 -0.017597   1.97657   0.18523 -0.300285   2.03802  -1.35745
  0.362976 -0.0176597    1.97658   0.184906   -0.30032    2.03819    -1.3575
  0.363113 -0.0177219    1.97659   0.184584  -0.300354    2.03835   -1.35755
  0.363249 -0.0177838    1.97659   0.184264  -0.300388    2.03852    -1.3576
  0.363385 -0.0178451     1.9766   0.183947  -0.300422    2.03869   -1.35765
  0.363519 -0.0179061    1.97661   0.183631  -0.300456    2.03885    -1.3577
  0.363652 -0.0179667    1.97662   0.183317   -0.30049    2.03902   -1.35776
  0.363785 -0.0180268    1.97663   0.183006  -0.300523    2.03918   -1.35781
  0.363916 -0.0180865    1.97664   0.182697  -0.300557    2.03934   -1.35786
  0.364047 -0.0181458    1.97665   0.182389   -0.30059     2.0395   -1.35791
  0.364177 -0.0182047    1.97666   0.182084  -0.300624    2.03966   -1.35796
  0.364306 -0.0182632    1.97667   0.181781  -0.300657    2.03982   -1.35801
  0.364434 -0.0183213    1.97668    0.18148   -0.30069    2.03998   -1.35805
 0.364562 -0.018379   1.97668  0.181181 -0.300723   2.04013   -1.3581
  0.364688 -0.0184363    1.97669   0.180884  -0.300755    2.04029   -1.35815
  0.364814 -0.0184931     1.9767   0.180589  -0.300788    2.04044    -1.3582
  0.364939 -0.0185496    1.97671   0.180295  -0.300821     2.0406   -1.35825
  0.365063 -0.0186058    1.97672   0.180004  -0.300853    2.04075    -1.3583
  0.365186 -0.0186615    1.97673   0.179715  -0.300885     2.0409   -1.35834
  0.365308 -0.0187168    1.97674   0.179428  -0.300918    2.04105   -1.35839
   0.36543 -0.0187718    1.97675   0.179142   -0.30095     2.0412   -1.35844
   0.36555 -0.0188263    1.97676   0.178859  -0.300982    2.04135   -1.35848
   0.36567 -0.0188805    1.97677   0.178577  -0.301014    2.04149   -1.35853
  0.365789 -0.0189344    1.97678   0.178297  -0.301045    2.04164   -1.35857
  0.365908 -0.0189878    1.97679   0.178019  -0.301077    2.04179   -1.35862
  0.366025 -0.0190409     1.9768   0.177743  -0.301109    2.04193   -1.35866
  0.366142 -0.0190936    1.97681   0.177469   -0.30114    2.04207   -1.35871
 0.366258 -0.019146   1.97681  0.177197 -0.301172   2.04222  -1.35875
  0.366373 -0.0191979    1.97682   0.176926  -0.301203    2.04236    -1.3588
  0.366488 -0.0192496    1.97683   0.176658  -0.301234     2.0425   -1.35884
  0.366601 -0.0193008    1.97684   0.176391  -0.301265    2.04264   -1.35889
  0.366714 -0.0193518    1.97685   0.176126  -0.301296    2.04277   -1.35893
  0.366826 -0.0194023    1.97686   0.175862  -0.301327    2.04291   -1.35897
  0.366938 -0.0194525    1.97687   0.175601  -0.301357    2.04305   -1.35901
  0.367048 -0.0195024    1.97688   0.175341  -0.301388    2.04318   -1.35906
  0.367158 -0.0195519    1.97689   0.175082  -0.301419    2.04332    -1.3591
  0.367268 -0.0196011     1.9769   0.174826  -0.301449    2.04345   -1.35914
  0.367376 -0.0196499    1.97691   0.174571  -0.301479    2.04359   -1.35918
  0.367484 -0.0196984    1.97692   0.174318  -0.301509    2.04372   -1.35922
  0.367591 -0.0197466    1.97693   0.174067   -0.30154    2.04385   -1.35927
  0.367697 -0.0197944    1.97694   0.173817   -0.30157    2.04398   -1.35931
  0.367803 -0.0198419    1.97695   0.173569  -0.301599    2.04411   -1.35935
 0.367908 -0.019889   1.97696  0.173323 -0.301629   2.04424  -1.35939
  0.368012 -0.0199359    1.97697   0.173078  -0.301659    2.04437   -1.35943
  0.368116 -0.0199824    1.97698   0.172835  -0.301689    2.04449   -1.35947
  0.368219 -0.0200286    1.97699   0.172594  -0.301718    2.04462   -1.35951
  0.368321 -0.0200744      1.977   0.172354  -0.301748    2.04474   -1.35955
 0.368423  -0.02012   1.97701  0.172116 -0.301777   2.04487  -1.35959
  0.368523 -0.0201652    1.97702   0.171879  -0.301806    2.04499   -1.35962
  0.368624 -0.0202101    1.97703   0.171644  -0.301835    2.04511   -1.35966
  0.368723 -0.0202547    1.97704   0.171411  -0.301864    2.04524    -1.3597
 0.368822 -0.020299   1.97705  0.171179 -0.301893   2.04536  -1.35974
  0.36892 -0.020343   1.97706  0.170948 -0.301922   2.04548  -1.35978
  0.369018 -0.0203867    1.97707    0.17072  -0.301951     2.0456   -1.35981
0.369115 -0.02043  1.97708 0.170492 -0.30198  2.04572 -1.35985
  0.369211 -0.0204731    1.97709   0.170266  -0.302008    2.04583   -1.35989
  0.369307 -0.0205159     1.9771   0.170042  -0.302037    2.04595   -1.35993
  0.369402 -0.0205584    1.97711   0.169819  -0.302065    2.04607   -1.35996
  0.369496 -0.0206005    1.97712   0.169598  -0.302093    2.04618      -1.36
   0.36959 -0.0206424    1.97713   0.169378  -0.302122     2.0463   -1.36004
 0.369683 -0.020684   1.97714   0.16916  -0.30215   2.04641  -1.36007
  0.369775 -0.0207253    1.97715   0.168943  -0.302178    2.04652   -1.36011
  0.369867 -0.0207663    1.97716   0.168727  -0.302206    2.04664   -1.36014
 0.369959 -0.020807   1.97717  0.168513 -0.302234   2.04675  -1.36018
  0.370049 -0.0208475    1.97718   0.168301  -0.302261    2.04686   -1.36021
  0.370139 -0.0208876    1.97719    0.16809  -0.302289    2.04697   -1.36025
  0.370229 -0.0209275     1.9772    0.16788  -0.302317    2.04708   -1.36028
  0.370318 -0.0209671    1.97721   0.167671  -0.302344    2.04719   -1.36032
  0.370406 -0.0210064    1.97722   0.167464  -0.302372     2.0473   -1.36035
  0.370494 -0.0210454    1.97723   0.167259  -0.302399     2.0474   -1.36038
  0.370581 -0.0210842    1.97724   0.167055  -0.302427    2.04751   -1.36042
  0.370668 -0.0211227    1.97725   0.166852  -0.302454    2.04762   -1.36045
  0.370754 -0.0211609    1.97726    0.16665  -0.302481    2.04772   -1.36049
  0.370839 -0.0211989    1.97727    0.16645  -0.302508    2.04783   -1.36052
  0.370924 -0.0212366    1.97728   0.166251  -0.302535    2.04793   -1.36055
 0.371008 -0.021274   1.97729  0.166054 -0.302562   2.04803  -1.36058
  0.371092 -0.0213112     1.9773   0.165857  -0.302589    2.04813   -1.36062
  0.371175 -0.0213481    1.97731   0.165663  -0.302615    2.04824   -1.36065
  0.371258 -0.0213847    1.97732   0.165469  -0.302642    2.04834   -1.36068
   0.37134 -0.0214211    1.97733   0.165277  -0.302669    2.04844   -1.36071
  0.371421 -0.0214573    1.97734   0.165086  -0.302695    2.04854   -1.36074
  0.371502 -0.0214931    1.97735   0.164896  -0.302721    2.04864   -1.36078
  0.371583 -0.0215288    1.97736   0.164707  -0.302748    2.04873   -1.36081
  0.371663 -0.0215641    1.97737    0.16452  -0.302774    2.04883   -1.36084
  0.371742 -0.0215993    1.97739   0.164334    -0.3028    2.04893   -1.36087
  0.371821 -0.0216341     1.9774   0.164149  -0.302826    2.04903    -1.3609
    0.3719 -0.0216688    1.97741   0.163966  -0.302852    2.04912   -1.36093
  0.371977 -0.0217032    1.97742   0.163784  -0.302878    2.04922   -1.36096
  0.372055 -0.0217373    1.97743   0.163603  -0.302904    2.04931   -1.36099
  0.372132 -0.0217712    1.97744   0.163423   -0.30293     2.0494   -1.36102
  0.372208 -0.0218049    1.97745   0.163244  -0.302956     2.0495   -1.36105
  0.372284 -0.0218383    1.97746   0.163067  -0.302982    2.04959   -1.36108
  0.372359 -0.0218715    1.97747    0.16289  -0.303007    2.04968   -1.36111
  0.372434 -0.0219045    1.97748   0.162715  -0.303033    2.04977   -1.36114
  0.372508 -0.0219372    1.97749   0.162541  -0.303058    2.04986   -1.36117
  0.372582 -0.0219697     1.9775   0.162369  -0.303084    2.04995   -1.36119
  0.372655 -0.0220019    1.97751   0.162197  -0.303109    2.05004   -1.36122
 0.372728 -0.022034   1.97752  0.162026 -0.303134   2.05013  -1.36125
  0.372801 -0.0220658    1.97753   0.161857  -0.303159    2.05022   -1.36128
  0.372873 -0.0220974    1.97755   0.161689  -0.303184    2.05031   -1.36131
  0.372944 -0.0221287    1.97756   0.161522  -0.303209     2.0504   -1.36133
  0.373015 -0.0221599    1.97757   0.161356  -0.303234    2.05048   -1.36136
  0.373085 -0.0221908    1.97758   0.161191  -0.303259    2.05057   -1.36139
  0.373155 -0.0222215    1.97759   0.161027  -0.303284    2.05065   -1.36142
  0.373225 -0.0222519     1.9776   0.160864  -0.303309    2.05074   -1.36144
  0.373294 -0.0222822    1.97761   0.160703  -0.303334    2.05082   -1.36147
  0.373363 -0.0223123    1.97762   0.160542  -0.303358    2.05091    -1.3615
  0.373431 -0.0223421    1.97763   0.160383  -0.303383    2.05099   -1.36152
  0.373499 -0.0223717    1.97764   0.160224  -0.303407    2.05107   -1.36155
  0.373566 -0.0224011    1.97766   0.160067  -0.303432    2.05115   -1.36158
  0.373633 -0.0224303    1.97767   0.159911  -0.303456    2.05123    -1.3616
  0.373699 -0.0224593    1.97768   0.159756  -0.303481    2.05132   -1.36163
  0.373765 -0.0224881    1.97769   0.159601  -0.303505     2.0514   -1.36165
  0.373831 -0.0225167     1.9777   0.159448  -0.303529    2.05148   -1.36168
  0.373896 -0.0225451    1.97771   0.159296  -0.303553    2.05155    -1.3617
  0.373961 -0.0225732    1.97772   0.159145  -0.303577    2.05163   -1.36173
  0.374025 -0.0226012    1.97773   0.158995  -0.303601    2.05171   -1.36175
 0.374089 -0.022629   1.97774  0.158846 -0.303625   2.05179  -1.36178
  0.374152 -0.0226566    1.97775   0.158697  -0.303649    2.05187    -1.3618
  0.374215 -0.0226839    1.97777    0.15855  -0.303673    2.05194   -1.36183
  0.374278 -0.0227111    1.97778   0.158404  -0.303697    2.05202   -1.36185
   0.37434 -0.0227381    1.97779   0.158259   -0.30372     2.0521   -1.36188
  0.374402 -0.0227649     1.9778   0.158115  -0.303744    2.05217    -1.3619
  0.374463 -0.0227915    1.97781   0.157971  -0.303768    2.05225   -1.36193
  0.374524 -0.0228179    1.97782   0.157829  -0.303791    2.05232   -1.36195
  0.374585 -0.0228441    1.97783   0.157688  -0.303815    2.05239   -1.36197
  0.374645 -0.0228702    1.97784   0.157547  -0.303838    2.05247     -1.362
 0.374705 -0.022896   1.97786  0.157408 -0.303861   2.05254  -1.36202
  0.374764 -0.0229217    1.97787   0.157269  -0.303885    2.05261   -1.36204
  0.374823 -0.0229472    1.97788   0.157132  -0.303908    2.05268   -1.36207
  0.374881 -0.0229724    1.97789   0.156995  -0.303931    2.05275   -1.36209
   0.37494 -0.0229976     1.9779   0.156859  -0.303954    2.05282   -1.36211
  0.374997 -0.0230225    1.97791   0.156724  -0.303977    2.05289   -1.36213
  0.375055 -0.0230472    1.97792    0.15659     -0.304    2.05296   -1.36216
  0.375112 -0.0230718    1.97794   0.156457  -0.304023    2.05303   -1.36218
  0.375169 -0.0230962    1.97795   0.156325  -0.304046     2.0531    -1.3622
  0.375225 -0.0231204    1.97796   0.156194  -0.304069    2.05317   -1.36222
  0.375281 -0.0231445    1.97797   0.156063  -0.304092    2.05324   -1.36224
  0.375336 -0.0231683    1.97798   0.155934  -0.304115    2.05331   -1.36227
 0.375392 -0.023192   1.97799  0.155805 -0.304137   2.05337  -1.36229
  0.375446 -0.0232156      1.978   0.155677   -0.30416    2.05344   -1.36231
  0.375501 -0.0232389    1.97802    0.15555  -0.304183    2.05351   -1.36233
  0.375555 -0.0232621    1.97803   0.155424  -0.304205    2.05357   -1.36235
  0.375609 -0.0232851    1.97804   0.155298  -0.304228    2.05364   -1.36237
 0.375662 -0.023308   1.97805  0.155174  -0.30425    2.0537  -1.36239
  0.375715 -0.0233307    1.97806    0.15505  -0.304272    2.05377   -1.36241
  0.375768 -0.0233532    1.97807   0.154927  -0.304295    2.05383   -1.36244
   0.37582 -0.0233755    1.97809   0.154805  -0.304317    2.05389   -1.36246
  0.375872 -0.0233977     1.9781   0.154684  -0.304339    2.05396   -1.36248
  0.375924 -0.0234198    1.97811   0.154564  -0.304361    2.05402    -1.3625
  0.375975 -0.0234416    1.97812   0.154444  -0.304383    2.05408   -1.36252
  0.376026 -0.0234633    1.97813   0.154326  -0.304406    2.05414   -1.36254
  0.376077 -0.0234849    1.97814   0.154208  -0.304428    2.05421   -1.36256
  0.376127 -0.0235063    1.97816    0.15409   -0.30445    2.05427   -1.36258
  0.376178 -0.0235275    1.97817   0.153974  -0.304471    2.05433    -1.3626
  0.376227 -0.0235486    1.97818   0.153858  -0.304493    2.05439   -1.36261
  0.376277 -0.0235695    1.97819   0.153743  -0.304515    2.05445   -1.36263
  0.376326 -0.0235903     1.9782   0.153629  -0.304537    2.05451   -1.36265
 0.376374 -0.023611   1.97821  0.153516 -0.304559   2.05457  -1.36267
  0.376423 -0.0236314    1.97823   0.153403   -0.30458    2.05462   -1.36269
  0.376471 -0.0236518    1.97824   0.153291  -0.304602    2.05468   -1.36271
  0.376518 -0.0236719    1.97825    0.15318  -0.304624    2.05474   -1.36273
 0.376566 -0.023692   1.97826   0.15307 -0.304645    2.0548  -1.36275
  0.376613 -0.0237118    1.97827    0.15296  -0.304667    2.05485   -1.36277
   0.37666 -0.0237316    1.97829   0.152851  -0.304688    2.05491   -1.36278
  0.376706 -0.0237512     1.9783   0.152743   -0.30471    2.05497    -1.3628
  0.376753 -0.0237706    1.97831   0.152636  -0.304731    2.05502   -1.36282
  0.376799 -0.0237899    1.97832   0.152529  -0.304752    2.05508   -1.36284
  0.376844 -0.0238091    1.97833   0.152423  -0.304774    2.05513   -1.36286
  0.376889 -0.0238281    1.97834   0.152318  -0.304795    2.05519   -1.36287
 0.376934 -0.023847   1.97836  0.152213 -0.304816   2.05524  -1.36289
  0.376979 -0.0238657    1.97837   0.152109  -0.304837     2.0553   -1.36291
  0.377024 -0.0238843    1.97838   0.152006  -0.304858    2.05535   -1.36293
  0.377068 -0.0239028    1.97839   0.151904  -0.304879     2.0554   -1.36294
  0.377112 -0.0239211     1.9784   0.151802    -0.3049    2.05546   -1.36296
  0.377155 -0.0239393    1.97842   0.151701  -0.304921    2.05551   -1.36298
  0.377198 -0.0239573    1.97843     0.1516  -0.304942    2.05556     -1.363
  0.377241 -0.0239753    1.97844     0.1515  -0.304963    2.05561   -1.36301
 0.377284 -0.023993   1.97845  0.151401 -0.304984   2.05567  -1.36303
  0.377326 -0.0240107    1.97846   0.151303  -0.305005    2.05572   -1.36305
  0.377369 -0.0240282    1.97848   0.151205  -0.305026    2.05577   -1.36306
   0.37741 -0.0240456    1.97849   0.151108  -0.305046    2.05582   -1.36308
  0.377452 -0.0240629     1.9785   0.151011  -0.305067    2.05587    -1.3631
 0.377493  -0.02408   1.97851  0.150915 -0.305088   2.05592  -1.36311
 0.377534 -0.024097   1.97853   0.15082 -0.305108   2.05597  -1.36313
  0.377575 -0.0241139    1.97854   0.150725  -0.305129    2.05602   -1.36314
  0.377616 -0.0241306    1.97855   0.150631  -0.305149    2.05607   -1.36316
  0.377656 -0.0241473    1.97856   0.150538   -0.30517    2.05611   -1.36318
  0.377696 -0.0241638    1.97857   0.150445   -0.30519    2.05616   -1.36319
  0.377736 -0.0241802    1.97859   0.150353  -0.305211    2.05621   -1.36321
  0.377775 -0.0241964     1.9786   0.150262  -0.305231    2.05626   -1.36322
  0.377814 -0.0242125    1.97861   0.150171  -0.305252    2.05631   -1.36324
  0.377853 -0.0242286    1.97862   0.150081  -0.305272    2.05635   -1.36325
  0.377892 -0.0242444    1.97863   0.149991  -0.305292     2.0564   -1.36327
   0.37793 -0.0242602    1.97865   0.149902  -0.305312    2.05645   -1.36328
  0.377969 -0.0242759    1.97866   0.149813  -0.305333    2.05649    -1.3633
  0.378007 -0.0242914    1.97867   0.149725  -0.305353    2.05654   -1.36331
  0.378044 -0.0243068    1.97868   0.149638  -0.305373    2.05658   -1.36333
  0.378082 -0.0243221     1.9787   0.149551  -0.305393    2.05663   -1.36334
  0.378119 -0.0243373    1.97871   0.149465  -0.305413    2.05667   -1.36336
  0.378156 -0.0243524    1.97872    0.14938  -0.305433    2.05672   -1.36337
  0.378193 -0.0243673    1.97873   0.149295  -0.305453    2.05676   -1.36339
  0.378229 -0.0243822    1.97875    0.14921  -0.305473    2.05681    -1.3634
  0.378265 -0.0243969    1.97876   0.149126  -0.305493    2.05685   -1.36342
  0.378301 -0.0244115    1.97877   0.149043  -0.305513    2.05689   -1.36343
 0.378337 -0.024426   1.97878   0.14896 -0.305532   2.05694  -1.36344
  0.378373 -0.0244404    1.97879   0.148878  -0.305552    2.05698   -1.36346
  0.378408 -0.0244547    1.97881   0.148797  -0.305572    2.05702   -1.36347
  0.378443 -0.0244689    1.97882   0.148715  -0.305592    2.05706   -1.36349
 0.378478 -0.024483   1.97883  0.148635 -0.305611    2.0571   -1.3635
  0.378513 -0.0244969    1.97884   0.148555  -0.305631    2.05715   -1.36351
  0.378547 -0.0245108    1.97886   0.148475  -0.305651    2.05719   -1.36353
  0.378581 -0.0245245    1.97887   0.148396   -0.30567    2.05723   -1.36354
  0.378615 -0.0245382    1.97888   0.148318   -0.30569    2.05727   -1.36355
  0.378649 -0.0245517    1.97889    0.14824  -0.305709    2.05731   -1.36357
  0.378682 -0.0245651    1.97891   0.148163  -0.305729    2.05735   -1.36358
  0.378716 -0.0245785    1.97892   0.148086  -0.305748    2.05739   -1.36359
  0.378749 -0.0245917    1.97893   0.148009  -0.305768    2.05743   -1.36361
  0.378782 -0.0246048    1.97894   0.147934  -0.305787    2.05747   -1.36362
  0.378814 -0.0246178    1.97896   0.147858  -0.305807    2.05751   -1.36363
  0.378847 -0.0246308    1.97897   0.147783  -0.305826    2.05755   -1.36364
  0.378879 -0.0246436    1.97898   0.147709  -0.305845    2.05759   -1.36366
  0.378911 -0.0246563    1.97899   0.147635  -0.305864    2.05762   -1.36367
  0.378943 -0.0246689    1.97901   0.147562  -0.305884    2.05766   -1.36368
  0.378974 -0.0246815    1.97902   0.147489  -0.305903     2.0577   -1.36369
  0.379006 -0.0246939    1.97903   0.147417  -0.305922    2.05774   -1.36371
  0.379037 -0.0247062    1.97904   0.147345  -0.305941    2.05778   -1.36372
  0.379068 -0.0247185    1.97906   0.147273   -0.30596    2.05781   -1.36373
  0.379099 -0.0247306    1.97907   0.147203  -0.305979    2.05785   -1.36374
  0.379129 -0.0247426    1.97908   0.147132  -0.305999    2.05789   -1.36376
  0.379159 -0.0247546    1.97909   0.147062  -0.306018    2.05792   -1.36377
   0.37919 -0.0247664    1.97911   0.146993  -0.306037    2.05796   -1.36378
   0.37922 -0.0247782    1.97912   0.146924  -0.306056    2.05799   -1.36379
  0.379249 -0.0247899    1.97913   0.146855  -0.306074    2.05803    -1.3638
  0.379279 -0.0248015    1.97915   0.146787  -0.306093    2.05807   -1.36382
  0.379308 -0.0248129    1.97916   0.146719  -0.306112     2.0581   -1.36383
  0.379338 -0.0248243    1.97917   0.146652  -0.306131    2.05814   -1.36384
  0.379367 -0.0248357    1.97918   0.146585   -0.30615    2.05817   -1.36385
  0.379395 -0.0248469     1.9792   0.146519  -0.306169     2.0582   -1.36386
 0.379424 -0.024858   1.97921  0.146453 -0.306188   2.05824  -1.36387
 0.379453 -0.024869   1.97922  0.146388 -0.306206   2.05827  -1.36388
 0.379481  -0.02488   1.97923  0.146323 -0.306225   2.05831  -1.36389
  0.379509 -0.0248909    1.97925   0.146258  -0.306244    2.05834   -1.36391
  0.379537 -0.0249016    1.97926   0.146194  -0.306262    2.05837   -1.36392
  0.379565 -0.0249123    1.97927    0.14613  -0.306281    2.05841   -1.36393
 0.379592 -0.024923   1.97929  0.146067   -0.3063   2.05844  -1.36394
  0.379619 -0.0249335     1.9793   0.146004  -0.306318    2.05847   -1.36395
  0.379647 -0.0249439    1.97931   0.145942  -0.306337     2.0585   -1.36396
  0.379674 -0.0249543    1.97932    0.14588  -0.306355    2.05854   -1.36397
  0.379701 -0.0249645    1.97934   0.145818  -0.306374    2.05857   -1.36398
  0.379727 -0.0249747    1.97935   0.145757  -0.306392     2.0586   -1.36399
  0.379754 -0.0249848    1.97936   0.145696  -0.306411    2.05863     -1.364
   0.37978 -0.0249949    1.97937   0.145636  -0.306429    2.05866   -1.36401
  0.379806 -0.0250048    1.97939   0.145576  -0.306448    2.05869   -1.36402
  0.379832 -0.0250147     1.9794   0.145516  -0.306466    2.05873   -1.36403
  0.379858 -0.0250245    1.97941   0.145457  -0.306484    2.05876   -1.36404
  0.379884 -0.0250342    1.97943   0.145398  -0.306503    2.05879   -1.36405
  0.379909 -0.0250438    1.97944    0.14534  -0.306521    2.05882   -1.36406
  0.379934 -0.0250534    1.97945   0.145282  -0.306539    2.05885   -1.36407
   0.37996 -0.0250628    1.97946   0.145224  -0.306557    2.05888   -1.36408
  0.379985 -0.0250722    1.97948   0.145167  -0.306576    2.05891   -1.36409
  0.380009 -0.0250815    1.97949    0.14511  -0.306594    2.05894    -1.3641
  0.380034 -0.0250908     1.9795   0.145054  -0.306612    2.05897   -1.36411
0.380059  -0.0251  1.97952 0.144997 -0.30663    2.059 -1.36412
 0.380083 -0.025109   1.97953  0.144942 -0.306648   2.05902  -1.36413
  0.380107 -0.0251181    1.97954   0.144886  -0.306666    2.05905   -1.36414
 0.380131 -0.025127   1.97956  0.144832 -0.306685   2.05908  -1.36415
  0.380155 -0.0251359    1.97957   0.144777  -0.306703    2.05911   -1.36416
  0.380179 -0.0251447    1.97958   0.144723  -0.306721    2.05914   -1.36417
  0.380202 -0.0251534    1.97959   0.144669  -0.306739    2.05917   -1.36418
 0.380226 -0.025162   1.97961  0.144615 -0.306757   2.05919  -1.36419
  0.380249 -0.0251706    1.97962   0.144562  -0.306775    2.05922    -1.3642
  0.380272 -0.0251791    1.97963   0.144509  -0.306793    2.05925   -1.36421
  0.380295 -0.0251876    1.97965   0.144457  -0.306811    2.05928   -1.36422
  0.380318 -0.0251959    1.97966   0.144405  -0.306828     2.0593   -1.36423
  0.380341 -0.0252042    1.97967   0.144353  -0.306846    2.05933   -1.36424
  0.380363 -0.0252124    1.97969   0.144302  -0.306864    2.05936   -1.36424
  0.380385 -0.0252206     1.9797   0.144251  -0.306882    2.05938   -1.36425
  0.380408 -0.0252287    1.97971     0.1442    -0.3069    2.05941   -1.36426
   0.38043 -0.0252367    1.97972    0.14415  -0.306918    2.05944   -1.36427
  0.380452 -0.0252447    1.97974     0.1441  -0.306935    2.05946   -1.36428
  0.380474 -0.0252525    1.97975    0.14405  -0.306953    2.05949   -1.36429
  0.380495 -0.0252604    1.97976   0.144001  -0.306971    2.05951    -1.3643
  0.380517 -0.0252681    1.97978   0.143952  -0.306989    2.05954   -1.36431
  0.380538 -0.0252758    1.97979   0.143903  -0.307006    2.05956   -1.36431
  0.380559 -0.0252834     1.9798   0.143854  -0.307024    2.05959   -1.36432
  0.38058 -0.025291   1.97982  0.143806 -0.307042   2.05961  -1.36433
  0.380601 -0.0252985    1.97983   0.143759  -0.307059    2.05964   -1.36434
  0.380622 -0.0253059    1.97984   0.143711  -0.307077    2.05966   -1.36435
  0.380643 -0.0253133    1.97986   0.143664  -0.307095    2.05969   -1.36436
  0.380664 -0.0253206    1.97987   0.143617  -0.307112    2.05971   -1.36436
  0.380684 -0.0253278    1.97988   0.143571   -0.30713    2.05974   -1.36437
 0.380704 -0.025335   1.97989  0.143525 -0.307147   2.05976  -1.36438
  0.380725 -0.0253421    1.97991   0.143479  -0.307165    2.05978   -1.36439
  0.380745 -0.0253491    1.97992   0.143433  -0.307182    2.05981    -1.3644
  0.380765 -0.0253561    1.97993   0.143388    -0.3072    2.05983    -1.3644
  0.380784 -0.0253631    1.97995   0.143343  -0.307217    2.05985   -1.36441
  0.380804 -0.0253699    1.97996   0.143299  -0.307235    2.05988   -1.36442
  0.380824 -0.0253767    1.97997   0.143254  -0.307252     2.0599   -1.36443
  0.380843 -0.0253835    1.97999    0.14321  -0.307269    2.05992   -1.36444
  0.380862 -0.0253902       1.98   0.143167  -0.307287    2.05995   -1.36444
  0.380881 -0.0253968    1.98001   0.143123  -0.307304    2.05997   -1.36445
    0.3809 -0.0254034    1.98003    0.14308  -0.307321    2.05999   -1.36446
  0.380919 -0.0254099    1.98004   0.143037  -0.307339    2.06001   -1.36447
  0.380938 -0.0254164    1.98005   0.142995  -0.307356    2.06004   -1.36447
  0.380957 -0.0254228    1.98007   0.142952  -0.307373    2.06006   -1.36448
  0.380975 -0.0254291    1.98008    0.14291  -0.307391    2.06008   -1.36449
  0.380994 -0.0254354    1.98009   0.142869  -0.307408     2.0601    -1.3645
  0.381012 -0.0254416    1.98011   0.142827  -0.307425    2.06012    -1.3645
   0.38103 -0.0254478    1.98012   0.142786  -0.307442    2.06014   -1.36451
  0.381048 -0.0254539    1.98013   0.142745   -0.30746    2.06016   -1.36452
 0.381066  -0.02546   1.98015  0.142704 -0.307477   2.06019  -1.36452
 0.381084 -0.025466   1.98016  0.142664 -0.307494   2.06021  -1.36453
  0.381102 -0.0254719    1.98017   0.142624  -0.307511    2.06023   -1.36454
   0.38112 -0.0254778    1.98019   0.142584  -0.307528    2.06025   -1.36455
  0.381137 -0.0254837     1.9802   0.142545  -0.307545    2.06027   -1.36455
  0.381155 -0.0254895    1.98021   0.142505  -0.307562    2.06029   -1.36456
  0.381172 -0.0254952    1.98023   0.142466  -0.307579    2.06031   -1.36457
  0.381189 -0.0255009    1.98024   0.142428  -0.307597    2.06033   -1.36457
  0.381206 -0.0255065    1.98025   0.142389  -0.307614    2.06035   -1.36458
  0.381223 -0.0255121    1.98026   0.142351  -0.307631    2.06037   -1.36459
   0.38124 -0.0255177    1.98028   0.142313  -0.307648    2.06039   -1.36459
  0.381257 -0.0255231    1.98029   0.142275  -0.307665    2.06041    -1.3646
  0.381273 -0.0255286     1.9803   0.142238  -0.307682    2.06043   -1.36461
  0.38129 -0.025534   1.98032  0.142201 -0.307699   2.06045  -1.36461
  0.381306 -0.0255393    1.98033   0.142164  -0.307716    2.06047   -1.36462
  0.381323 -0.0255446    1.98034   0.142127  -0.307733    2.06049   -1.36463
  0.381339 -0.0255498    1.98036   0.142091  -0.307749     2.0605   -1.36463
 0.381355 -0.025555   1.98037  0.142054 -0.307766   2.06052  -1.36464
  0.381371 -0.0255601    1.98039   0.142018  -0.307783    2.06054   -1.36465
  0.381387 -0.0255652     1.9804   0.141983    -0.3078    2.06056   -1.36465
  0.381403 -0.0255702    1.98041   0.141947  -0.307817    2.06058   -1.36466
  0.381419 -0.0255752    1.98043   0.141912  -0.307834     2.0606   -1.36466
  0.381434 -0.0255802    1.98044   0.141877  -0.307851    2.06062   -1.36467
  0.38145 -0.025585   1.98045  0.141842 -0.307867   2.06063  -1.36468
  0.381465 -0.0255899    1.98047   0.141808  -0.307884    2.06065   -1.36468
   0.38148 -0.0255947    1.98048   0.141773  -0.307901    2.06067   -1.36469
  0.381496 -0.0255994    1.98049   0.141739  -0.307918    2.06069    -1.3647
  0.381511 -0.0256041    1.98051   0.141705  -0.307935     2.0607    -1.3647
  0.381526 -0.0256088    1.98052   0.141672  -0.307951    2.06072   -1.36471
  0.381541 -0.0256134    1.98053   0.141638  -0.307968    2.06074   -1.36471
 0.381556 -0.025618   1.98055  0.141605 -0.307985   2.06076  -1.36472
   0.38157 -0.0256225    1.98056   0.141572  -0.308002    2.06077   -1.36473
 0.381585 -0.025627   1.98057  0.141539 -0.308018   2.06079  -1.36473
  0.381599 -0.0256314    1.98059   0.141507  -0.308035    2.06081   -1.36474
  0.381614 -0.0256358     1.9806   0.141475  -0.308052    2.06082   -1.36474
  0.381628 -0.0256402    1.98061   0.141443  -0.308068    2.06084   -1.36475
  0.381643 -0.0256445    1.98063   0.141411  -0.308085    2.06086   -1.36475
  0.381657 -0.0256487    1.98064   0.141379  -0.308101    2.06087   -1.36476
 0.381671 -0.025653   1.98065  0.141348 -0.308118   2.06089  -1.36477
  0.381685 -0.0256571    1.98067   0.141316  -0.308135    2.06091   -1.36477
  0.381699 -0.0256613    1.98068   0.141285  -0.308151    2.06092   -1.36478
  0.381713 -0.0256654    1.98069   0.141255  -0.308168    2.06094   -1.36478
  0.381726 -0.0256694    1.98071   0.141224  -0.308184    2.06095   -1.36479
   0.38174 -0.0256734    1.98072   0.141194  -0.308201    2.06097   -1.36479
  0.381754 -0.0256774    1.98073   0.141163  -0.308217    2.06099    -1.3648
  0.381767 -0.0256813    1.98075   0.141133  -0.308234      2.061    -1.3648
  0.381781 -0.0256852    1.98076   0.141104   -0.30825    2.06102   -1.36481
  0.381794 -0.0256891    1.98077   0.141074  -0.308267    2.06103   -1.36482
  0.381807 -0.0256929    1.98079   0.141045  -0.308283    2.06105   -1.36482
   0.38182 -0.0256966     1.9808   0.141015    -0.3083    2.06106   -1.36483
  0.381833 -0.0257004    1.98082   0.140987  -0.308316    2.06108   -1.36483
  0.381846 -0.0257041    1.98083   0.140958  -0.308333    2.06109   -1.36484
  0.381859 -0.0257077    1.98084   0.140929  -0.308349    2.06111   -1.36484
  0.381872 -0.0257113    1.98086   0.140901  -0.308366    2.06112   -1.36485
  0.381885 -0.0257149    1.98087   0.140873  -0.308382    2.06114   -1.36485
  0.381897 -0.0257184    1.98088   0.140844  -0.308398    2.06115   -1.36486
   0.38191 -0.0257219     1.9809   0.140817  -0.308415    2.06117   -1.36486
  0.381923 -0.0257254    1.98091   0.140789  -0.308431    2.06118   -1.36487
  0.381935 -0.0257288    1.98092   0.140762  -0.308448    2.06119   -1.36487
  0.381947 -0.0257322    1.98094   0.140734  -0.308464    2.06121   -1.36488
   0.38196 -0.0257355    1.98095   0.140707   -0.30848    2.06122   -1.36488
  0.381972 -0.0257388    1.98096    0.14068  -0.308497    2.06124   -1.36489
  0.381984 -0.0257421    1.98098   0.140654  -0.308513    2.06125   -1.36489
  0.381996 -0.0257453    1.98099   0.140627  -0.308529    2.06126    -1.3649
  0.382008 -0.0257485    1.98101   0.140601  -0.308545    2.06128    -1.3649
   0.38202 -0.0257517    1.98102   0.140574  -0.308562    2.06129   -1.36491
  0.382032 -0.0257548    1.98103   0.140548  -0.308578     2.0613   -1.36491
  0.382043 -0.0257579    1.98105   0.140523  -0.308594    2.06132   -1.36492
 0.382055 -0.025761   1.98106  0.140497  -0.30861   2.06133  -1.36492
 0.382067 -0.025764   1.98107  0.140471 -0.308627   2.06134  -1.36492
 0.382078 -0.025767   1.98109  0.140446 -0.308643   2.06136  -1.36493
  0.38209  -0.02577    1.9811  0.140421 -0.308659   2.06137  -1.36493
  0.382101 -0.0257729    1.98111   0.140396  -0.308675    2.06138   -1.36494
  0.382112 -0.0257758    1.98113   0.140371  -0.308692     2.0614   -1.36494
  0.382123 -0.0257786    1.98114   0.140347  -0.308708    2.06141   -1.36495
  0.382135 -0.0257814    1.98116   0.140322  -0.308724    2.06142   -1.36495
  0.382146 -0.0257842    1.98117   0.140298   -0.30874    2.06143   -1.36496
 0.382157 -0.025787   1.98118  0.140274 -0.308756   2.06145  -1.36496
  0.382168 -0.0257897     1.9812    0.14025  -0.308772    2.06146   -1.36497
  0.382179 -0.0257924    1.98121   0.140226  -0.308789    2.06147   -1.36497
  0.382189 -0.0257951    1.98122   0.140202  -0.308805    2.06148   -1.36497
    0.3822 -0.0257977    1.98124   0.140179  -0.308821     2.0615   -1.36498
  0.382211 -0.0258003    1.98125   0.140155  -0.308837    2.06151   -1.36498
  0.382222 -0.0258028    1.98126   0.140132  -0.308853    2.06152   -1.36499
  0.382232 -0.0258054    1.98128   0.140109  -0.308869    2.06153   -1.36499
  0.382243 -0.0258079    1.98129   0.140086  -0.308885    2.06154     -1.365
  0.382253 -0.0258103    1.98131   0.140064  -0.308901    2.06156     -1.365
  0.382263 -0.0258128    1.98132   0.140041  -0.308917    2.06157     -1.365
  0.382274 -0.0258152    1.98133   0.140019  -0.308933    2.06158   -1.36501
  0.382284 -0.0258175    1.98135   0.139996  -0.308949    2.06159   -1.36501
  0.382294 -0.0258199    1.98136   0.139974  -0.308965     2.0616   -1.36502
  0.382304 -0.0258222    1.98137   0.139952  -0.308981    2.06161   -1.36502
  0.382314 -0.0258245    1.98139    0.13993  -0.308997    2.06162   -1.36502
  0.382324 -0.0258267     1.9814   0.139909  -0.309013    2.06164   -1.36503
  0.382334 -0.0258289    1.98141   0.139887  -0.309029    2.06165   -1.36503
  0.382344 -0.0258311    1.98143   0.139866  -0.309045    2.06166   -1.36504
  0.382354 -0.0258333    1.98144   0.139845  -0.309061    2.06167   -1.36504
  0.382363 -0.0258354    1.98146   0.139824  -0.309077    2.06168   -1.36504
  0.382373 -0.0258376    1.98147   0.139803  -0.309093    2.06169   -1.36505
  0.382383 -0.0258396    1.98148   0.139782  -0.309109     2.0617   -1.36505
  0.382392 -0.0258417     1.9815   0.139761  -0.309125    2.06171   -1.36506
  0.382402 -0.0258437    1.98151   0.139741  -0.309141    2.06172   -1.36506
  0.382411 -0.0258457    1.98152    0.13972  -0.309157    2.06173   -1.36506
  0.382421 -0.0258477    1.98154     0.1397  -0.309173    2.06174   -1.36507
   0.38243 -0.0258496    1.98155    0.13968  -0.309189    2.06175   -1.36507
  0.382439 -0.0258515    1.98157    0.13966  -0.309205    2.06176   -1.36507
  0.382448 -0.0258534    1.98158    0.13964   -0.30922    2.06177   -1.36508
  0.382458 -0.0258553    1.98159   0.139621  -0.309236    2.06179   -1.36508
  0.382467 -0.0258571    1.98161   0.139601  -0.309252     2.0618   -1.36509
  0.382476 -0.0258589    1.98162   0.139582  -0.309268    2.06181   -1.36509
  0.382485 -0.0258607    1.98163   0.139562  -0.309284    2.06182   -1.36509
  0.382494 -0.0258624    1.98165   0.139543    -0.3093    2.06183    -1.3651
  0.382503 -0.0258641    1.98166   0.139524  -0.309316    2.06184    -1.3651
  0.382511 -0.0258658    1.98168   0.139505  -0.309331    2.06184    -1.3651
   0.38252 -0.0258675    1.98169   0.139486  -0.309347    2.06185   -1.36511
  0.382529 -0.0258692     1.9817   0.139468  -0.309363    2.06186   -1.36511
  0.382537 -0.0258708    1.98172   0.139449  -0.309379    2.06187   -1.36511
  0.382546 -0.0258724    1.98173   0.139431  -0.309395    2.06188   -1.36512
  0.382555 -0.0258739    1.98175   0.139413   -0.30941    2.06189   -1.36512
  0.382563 -0.0258755    1.98176   0.139394  -0.309426     2.0619   -1.36512
 0.382572 -0.025877   1.98177  0.139376 -0.309442   2.06191  -1.36513
   0.38258 -0.0258785    1.98179   0.139358  -0.309458    2.06192   -1.36513
 0.382588  -0.02588    1.9818  0.139341 -0.309474   2.06193  -1.36513
  0.382597 -0.0258814    1.98181   0.139323  -0.309489    2.06194   -1.36514
  0.382605 -0.0258829    1.98183   0.139305  -0.309505    2.06195   -1.36514
  0.382613 -0.0258843    1.98184   0.139288  -0.309521    2.06196   -1.36514
  0.382621 -0.0258856    1.98186   0.139271  -0.309536    2.06197   -1.36515
 0.382629 -0.025887   1.98187  0.139254 -0.309552   2.06198  -1.36515
  0.382637 -0.0258883    1.98188   0.139236  -0.309568    2.06198   -1.36515
  0.382645 -0.0258896     1.9819    0.13922  -0.309584    2.06199   -1.36516
  0.382653 -0.0258909    1.98191   0.139203  -0.309599      2.062   -1.36516
  0.382661 -0.0258921    1.98192   0.139186  -0.309615    2.06201   -1.36516
  0.382669 -0.0258934    1.98194   0.139169  -0.309631    2.06202   -1.36517
  0.382677 -0.0258946    1.98195   0.139153  -0.309646    2.06203   -1.36517
  0.382685 -0.0258958    1.98197   0.139136  -0.309662    2.06204   -1.36517
 0.382692 -0.025897   1.98198   0.13912 -0.309678   2.06204  -1.36518
    0.3827 -0.0258981    1.98199   0.139104  -0.309693    2.06205   -1.36518
  0.382708 -0.0258992    1.98201   0.139088  -0.309709    2.06206   -1.36518
  0.382715 -0.0259003    1.98202   0.139072  -0.309725    2.06207   -1.36519
  0.382723 -0.0259014    1.98204   0.139056   -0.30974    2.06208   -1.36519
   0.38273 -0.0259025    1.98205    0.13904  -0.309756    2.06209   -1.36519
  0.382738 -0.0259035    1.98206   0.139025  -0.309772    2.06209   -1.36519
  0.382745 -0.0259045    1.98208   0.139009  -0.309787     2.0621    -1.3652
  0.382752 -0.0259055    1.98209   0.138994  -0.309803    2.06211    -1.3652
   0.38276 -0.0259065     1.9821   0.138979  -0.309818    2.06212    -1.3652
  0.382767 -0.0259074    1.98212   0.138963  -0.309834    2.06213   -1.36521
  0.382774 -0.0259083    1.98213   0.138948   -0.30985    2.06213   -1.36521
  0.382781 -0.0259093    1.98215   0.138933  -0.309865    2.06214   -1.36521
  0.382788 -0.0259101    1.98216   0.138918  -0.309881    2.06215   -1.36522
 0.382795 -0.025911   1.98217  0.138904 -0.309896   2.06216  -1.36522
  0.382802 -0.0259119    1.98219   0.138889  -0.309912    2.06216   -1.36522
  0.382809 -0.0259127     1.9822   0.138874  -0.309927    2.06217   -1.36522
  0.382816 -0.0259135    1.98222    0.13886  -0.309943    2.06218   -1.36523
  0.382823 -0.0259143    1.98223   0.138846  -0.309958    2.06219   -1.36523
  0.38283 -0.025915   1.98224  0.138831 -0.309974   2.06219  -1.36523
  0.382837 -0.0259158    1.98226   0.138817   -0.30999     2.0622   -1.36524
  0.382844 -0.0259165    1.98227   0.138803  -0.310005    2.06221   -1.36524
  0.382851 -0.0259172    1.98229   0.138789  -0.310021    2.06222   -1.36524
  0.382857 -0.0259179     1.9823   0.138775  -0.310036    2.06222   -1.36524
  0.382864 -0.0259186    1.98231   0.138761  -0.310052    2.06223   -1.36525
  0.382871 -0.0259192    1.98233   0.138748  -0.310067    2.06224   -1.36525
  0.382877 -0.0259199    1.98234   0.138734  -0.310083    2.06224   -1.36525
  0.382884 -0.0259205    1.98235    0.13872  -0.310098    2.06225   -1.36525
   0.38289 -0.0259211    1.98237   0.138707  -0.310114    2.06226   -1.36526
  0.382897 -0.0259216    1.98238   0.138694  -0.310129    2.06226   -1.36526
  0.382903 -0.0259222     1.9824    0.13868  -0.310145    2.06227   -1.36526
   0.38291 -0.0259227    1.98241   0.138667   -0.31016    2.06228   -1.36526
  0.382916 -0.0259232    1.98242   0.138654  -0.310176    2.06229   -1.36527
  0.382922 -0.0259238    1.98244   0.138641  -0.310191    2.06229   -1.36527
  0.382929 -0.0259242    1.98245   0.138628  -0.310206     2.0623   -1.36527
  0.382935 -0.0259247    1.98247   0.138615  -0.310222    2.06231   -1.36528
  0.382941 -0.0259251    1.98248   0.138603  -0.310237    2.06231   -1.36528
  0.382947 -0.0259256    1.98249    0.13859  -0.310253    2.06232   -1.36528
 0.382953 -0.025926   1.98251  0.138578 -0.310268   2.06232  -1.36528
  0.382959 -0.0259264    1.98252   0.138565  -0.310284    2.06233   -1.36529
  0.382965 -0.0259268    1.98254   0.138553  -0.310299    2.06234   -1.36529
  0.382971 -0.0259271    1.98255    0.13854  -0.310315    2.06234   -1.36529
  0.382977 -0.0259275    1.98256   0.138528   -0.31033    2.06235   -1.36529
  0.382983 -0.0259278    1.98258   0.138516  -0.310345    2.06236   -1.36529
  0.382989 -0.0259281    1.98259   0.138504  -0.310361    2.06236    -1.3653
  0.382995 -0.0259284    1.98261   0.138492  -0.310376    2.06237    -1.3653
  0.383001 -0.0259287    1.98262    0.13848  -0.310392    2.06238    -1.3653
  0.383007 -0.0259289    1.98263   0.138469  -0.310407    2.06238    -1.3653
  0.383013 -0.0259292    1.98265   0.138457  -0.310422    2.06239   -1.36531
  0.383018 -0.0259294    1.98266   0.138445  -0.310438    2.06239   -1.36531
  0.383024 -0.0259296    1.98268   0.138434  -0.310453     2.0624   -1.36531
   0.38303 -0.0259298    1.98269   0.138422  -0.310468    2.06241   -1.36531
 0.383036  -0.02593    1.9827  0.138411 -0.310484   2.06241  -1.36532
  0.383041 -0.0259302    1.98272   0.138399  -0.310499    2.06242   -1.36532
  0.383047 -0.0259303    1.98273   0.138388  -0.310515    2.06242   -1.36532
  0.383052 -0.0259304    1.98275   0.138377   -0.31053    2.06243   -1.36532
  0.383058 -0.0259306    1.98276   0.138366  -0.310545    2.06243   -1.36533
  0.383063 -0.0259307    1.98277   0.138355  -0.310561    2.06244   -1.36533
  0.383069 -0.0259307    1.98279   0.138344  -0.310576    2.06245   -1.36533
  0.383074 -0.0259308     1.9828   0.138333  -0.310591    2.06245   -1.36533
   0.38308 -0.0259309    1.98282   0.138322  -0.310607    2.06246   -1.36533
  0.383085 -0.0259309    1.98283   0.138312  -0.310622    2.06246   -1.36534
   0.38309 -0.0259309    1.98284   0.138301  -0.310637    2.06247   -1.36534
 0.383096 -0.025931   1.98286  0.138291 -0.310653   2.06247  -1.36534
  0.383101 -0.0259309    1.98287    0.13828  -0.310668    2.06248   -1.36534
  0.383106 -0.0259309    1.98289    0.13827  -0.310683    2.06248   -1.36534
  0.383111 -0.0259309     1.9829   0.138259  -0.310698    2.06249   -1.36535
  0.383116 -0.0259308    1.98291   0.138249  -0.310714    2.06249   -1.36535
  0.383122 -0.0259308    1.98293   0.138239  -0.310729     2.0625   -1.36535
  0.383127 -0.0259307    1.98294   0.138229  -0.310744     2.0625   -1.36535
  0.383132 -0.0259306    1.98296   0.138219   -0.31076    2.06251   -1.36536
  0.383137 -0.0259305    1.98297   0.138209  -0.310775    2.06252   -1.36536
  0.383142 -0.0259304    1.98298   0.138199   -0.31079    2.06252   -1.36536
  0.383147 -0.0259303      1.983   0.138189  -0.310805    2.06253   -1.36536
  0.383152 -0.0259301    1.98301   0.138179  -0.310821    2.06253   -1.36536
 0.383157  -0.02593   1.98303  0.138169 -0.310836   2.06254  -1.36537
  0.383162 -0.0259298    1.98304    0.13816  -0.310851    2.06254   -1.36537
  0.383167 -0.0259296    1.98305    0.13815  -0.310866    2.06255   -1.36537
  0.383171 -0.0259294    1.98307   0.138141  -0.310882    2.06255   -1.36537
  0.383176 -0.0259292    1.98308   0.138131  -0.310897    2.06256   -1.36537
 0.383181 -0.025929    1.9831  0.138122 -0.310912   2.06256  -1.36538
  0.383186 -0.0259287    1.98311   0.138113  -0.310927    2.06256   -1.36538
  0.383191 -0.0259285    1.98312   0.138103  -0.310943    2.06257   -1.36538
  0.383195 -0.0259282    1.98314   0.138094  -0.310958    2.06257   -1.36538
    0.3832 -0.0259279    1.98315   0.138085  -0.310973    2.06258   -1.36538
  0.383205 -0.0259276    1.98317   0.138076  -0.310988    2.06258   -1.36539
  0.383209 -0.0259273    1.98318   0.138067  -0.311004    2.06259   -1.36539
 0.383214 -0.025927   1.98319  0.138058 -0.311019   2.06259  -1.36539
  0.383219 -0.0259267    1.98321   0.138049  -0.311034     2.0626   -1.36539
  0.383223 -0.0259263    1.98322    0.13804  -0.311049     2.0626   -1.36539
 0.383228 -0.025926   1.98324  0.138032 -0.311064   2.06261  -1.36539
  0.383232 -0.0259256    1.98325   0.138023   -0.31108    2.06261    -1.3654
  0.383237 -0.0259252    1.98326   0.138014  -0.311095    2.06262    -1.3654
  0.383241 -0.0259248    1.98328   0.138006   -0.31111    2.06262    -1.3654
  0.383246 -0.0259244    1.98329   0.137997  -0.311125    2.06262    -1.3654
  0.38325 -0.025924   1.98331  0.137989  -0.31114   2.06263   -1.3654
  0.383254 -0.0259236    1.98332    0.13798  -0.311156    2.06263   -1.36541
  0.383259 -0.0259232    1.98333   0.137972  -0.311171    2.06264   -1.36541
  0.383263 -0.0259227    1.98335   0.137964  -0.311186    2.06264   -1.36541
  0.383267 -0.0259222    1.98336   0.137956  -0.311201    2.06265   -1.36541
  0.383272 -0.0259218    1.98338   0.137947  -0.311216    2.06265   -1.36541
  0.383276 -0.0259213    1.98339   0.137939  -0.311232    2.06265   -1.36541
   0.38328 -0.0259208     1.9834   0.137931  -0.311247    2.06266   -1.36542
  0.383284 -0.0259203    1.98342   0.137923  -0.311262    2.06266   -1.36542
  0.383289 -0.0259197    1.98343   0.137915  -0.311277    2.06267   -1.36542
  0.383293 -0.0259192    1.98345   0.137908  -0.311292    2.06267   -1.36542
  0.383297 -0.0259187    1.98346     0.1379  -0.311307    2.06267   -1.36542
  0.383301 -0.0259181    1.98348   0.137892  -0.311323    2.06268   -1.36542
  0.383305 -0.0259176    1.98349   0.137884  -0.311338    2.06268   -1.36543
 0.383309 -0.025917    1.9835  0.137877 -0.311353   2.06269  -1.36543
  0.383313 -0.0259164    1.98352   0.137869  -0.311368    2.06269   -1.36543
  0.383317 -0.0259158    1.98353   0.137861  -0.311383    2.06269   -1.36543
  0.383321 -0.0259152    1.98355   0.137854  -0.311398     2.0627   -1.36543
  0.383325 -0.0259146    1.98356   0.137846  -0.311413     2.0627   -1.36543
  0.383329 -0.0259139    1.98357   0.137839  -0.311428    2.06271   -1.36544
  0.383333 -0.0259133    1.98359   0.137832  -0.311444    2.06271   -1.36544
  0.383337 -0.0259126     1.9836   0.137824  -0.311459    2.06271   -1.36544
 0.383341 -0.025912   1.98362  0.137817 -0.311474   2.06272  -1.36544
  0.383345 -0.0259113    1.98363    0.13781  -0.311489    2.06272   -1.36544
  0.383349 -0.0259106    1.98364   0.137803  -0.311504    2.06272   -1.36544
  0.383353 -0.0259099    1.98366   0.137796  -0.311519    2.06273   -1.36545
  0.383357 -0.0259092    1.98367   0.137789  -0.311534    2.06273   -1.36545
   0.38336 -0.0259085    1.98369   0.137782  -0.311549    2.06274   -1.36545
  0.383364 -0.0259078     1.9837   0.137775  -0.311565    2.06274   -1.36545
  0.383368 -0.0259071    1.98371   0.137768   -0.31158    2.06274   -1.36545
  0.383372 -0.0259063    1.98373   0.137761  -0.311595    2.06275   -1.36545
  0.383375 -0.0259056    1.98374   0.137754   -0.31161    2.06275   -1.36546
  0.383379 -0.0259048    1.98376   0.137747  -0.311625    2.06275   -1.36546
 0.383383 -0.025904   1.98377  0.137741  -0.31164   2.06276  -1.36546
  0.383386 -0.0259033    1.98379   0.137734  -0.311655    2.06276   -1.36546
   0.38339 -0.0259025     1.9838   0.137728   -0.31167    2.06276   -1.36546
  0.383394 -0.0259017    1.98381   0.137721  -0.311685    2.06277   -1.36546
  0.383397 -0.0259009    1.98383   0.137714    -0.3117    2.06277   -1.36546
  0.383401 -0.0259001    1.98384   0.137708  -0.311715    2.06277   -1.36547
  0.383404 -0.0258992    1.98386   0.137702   -0.31173    2.06278   -1.36547
  0.383408 -0.0258984    1.98387   0.137695  -0.311746    2.06278   -1.36547
  0.383411 -0.0258975    1.98388   0.137689  -0.311761    2.06278   -1.36547
  0.383415 -0.0258967     1.9839   0.137683  -0.311776    2.06279   -1.36547
  0.383418 -0.0258958    1.98391   0.137676  -0.311791    2.06279   -1.36547
  0.383422 -0.0258949    1.98393    0.13767  -0.311806    2.06279   -1.36547
  0.383425 -0.0258941    1.98394   0.137664  -0.311821     2.0628   -1.36548
  0.383429 -0.0258932    1.98395   0.137658  -0.311836     2.0628   -1.36548
  0.383432 -0.0258923    1.98397   0.137652  -0.311851     2.0628   -1.36548
  0.383436 -0.0258914    1.98398   0.137646  -0.311866    2.06281   -1.36548
  0.383439 -0.0258905      1.984    0.13764  -0.311881    2.06281   -1.36548
  0.383442 -0.0258895    1.98401   0.137634  -0.311896    2.06281   -1.36548
  0.383446 -0.0258886    1.98403   0.137628  -0.311911    2.06281   -1.36548
  0.383449 -0.0258876    1.98404   0.137622  -0.311926    2.06282   -1.36549
  0.383452 -0.0258867    1.98405   0.137616  -0.311941    2.06282   -1.36549
  0.383456 -0.0258857    1.98407   0.137611  -0.311956    2.06282   -1.36549
  0.383459 -0.0258848    1.98408   0.137605  -0.311971    2.06283   -1.36549
  0.383462 -0.0258838     1.9841   0.137599  -0.311986    2.06283   -1.36549
  0.383465 -0.0258828    1.98411   0.137593  -0.312001    2.06283   -1.36549
  0.383469 -0.0258818    1.98412   0.137588  -0.312016    2.06284   -1.36549
  0.383472 -0.0258808    1.98414   0.137582  -0.312031    2.06284    -1.3655
  0.383475 -0.0258798    1.98415   0.137577  -0.312046    2.06284    -1.3655
  0.383478 -0.0258788    1.98417   0.137571  -0.312061    2.06284    -1.3655
  0.383481 -0.0258778    1.98418   0.137566  -0.312076    2.06285    -1.3655
  0.383484 -0.0258767     1.9842    0.13756  -0.312092    2.06285    -1.3655
  0.383488 -0.0258757    1.98421   0.137555  -0.312107    2.06285    -1.3655
  0.383491 -0.0258746    1.98422    0.13755  -0.312122    2.06285    -1.3655
  0.383494 -0.0258736    1.98424   0.137544  -0.312137    2.06286    -1.3655
  0.383497 -0.0258725    1.98425   0.137539  -0.312152    2.06286   -1.36551
    0.3835 -0.0258714    1.98427   0.137534  -0.312167    2.06286   -1.36551
  0.383503 -0.0258704    1.98428   0.137529  -0.312182    2.06287   -1.36551
  0.383506 -0.0258693    1.98429   0.137524  -0.312197    2.06287   -1.36551
  0.383509 -0.0258682    1.98431   0.137518  -0.312212    2.06287   -1.36551
  0.383512 -0.0258671    1.98432   0.137513  -0.312227    2.06287   -1.36551
 0.383515 -0.025866   1.98434  0.137508 -0.312242   2.06288  -1.36551
  0.383518 -0.0258649    1.98435   0.137503  -0.312257    2.06288   -1.36551
  0.383521 -0.0258637    1.98437   0.137498  -0.312272    2.06288   -1.36552
  0.383524 -0.0258626    1.98438   0.137493  -0.312287    2.06288   -1.36552
  0.383527 -0.0258615    1.98439   0.137489  -0.312302    2.06289   -1.36552
   0.38353 -0.0258603    1.98441   0.137484  -0.312317    2.06289   -1.36552
  0.383533 -0.0258592    1.98442   0.137479  -0.312332    2.06289   -1.36552
 0.383535 -0.025858   1.98444  0.137474 -0.312346   2.06289  -1.36552
  0.383538 -0.0258568    1.98445   0.137469  -0.312361     2.0629   -1.36552
  0.383541 -0.0258557    1.98446   0.137465  -0.312376     2.0629   -1.36552
  0.383544 -0.0258545    1.98448    0.13746  -0.312391     2.0629   -1.36552
  0.383547 -0.0258533    1.98449   0.137455  -0.312406     2.0629   -1.36553
   0.38355 -0.0258521    1.98451   0.137451  -0.312421    2.06291   -1.36553
  0.383552 -0.0258509    1.98452   0.137446  -0.312436    2.06291   -1.36553
  0.383555 -0.0258497    1.98454   0.137442  -0.312451    2.06291   -1.36553
  0.383558 -0.0258485    1.98455   0.137437  -0.312466    2.06291   -1.36553
  0.383561 -0.0258473    1.98456   0.137433  -0.312481    2.06291   -1.36553
 0.383563 -0.025846   1.98458  0.137428 -0.312496   2.06292  -1.36553
  0.383566 -0.0258448    1.98459   0.137424  -0.312511    2.06292   -1.36553
  0.383569 -0.0258435    1.98461   0.137419  -0.312526    2.06292   -1.36554
  0.383572 -0.0258423    1.98462   0.137415  -0.312541    2.06292   -1.36554
 0.383574 -0.025841   1.98463  0.137411 -0.312556   2.06293  -1.36554
  0.383577 -0.0258398    1.98465   0.137406  -0.312571    2.06293   -1.36554
   0.38358 -0.0258385    1.98466   0.137402  -0.312586    2.06293   -1.36554
  0.383582 -0.0258372    1.98468   0.137398  -0.312601    2.06293   -1.36554
 0.383585 -0.025836   1.98469  0.137394 -0.312616   2.06293  -1.36554
  0.383587 -0.0258347    1.98471   0.137389  -0.312631    2.06294   -1.36554
   0.38359 -0.0258334    1.98472   0.137385  -0.312646    2.06294   -1.36554
  0.383593 -0.0258321    1.98473   0.137381  -0.312661    2.06294   -1.36555
  0.383595 -0.0258308    1.98475   0.137377  -0.312676    2.06294   -1.36555
  0.383598 -0.0258295    1.98476   0.137373  -0.312691    2.06295   -1.36555
    0.3836 -0.0258282    1.98478   0.137369  -0.312706    2.06295   -1.36555
  0.383603 -0.0258268    1.98479   0.137365  -0.312721    2.06295   -1.36555
  0.383605 -0.0258255     1.9848   0.137361  -0.312735    2.06295   -1.36555
  0.383608 -0.0258242    1.98482   0.137357   -0.31275    2.06295   -1.36555
   0.38361 -0.0258228    1.98483   0.137353  -0.312765    2.06296   -1.36555
  0.383613 -0.0258215    1.98485   0.137349   -0.31278    2.06296   -1.36555
  0.383615 -0.0258201    1.98486   0.137346  -0.312795    2.06296   -1.36555
  0.383618 -0.0258188    1.98488   0.137342   -0.31281    2.06296   -1.36556
   0.38362 -0.0258174    1.98489   0.137338  -0.312825    2.06296   -1.36556
 0.383623 -0.025816    1.9849  0.137334  -0.31284   2.06297  -1.36556
  0.383625 -0.0258147    1.98492    0.13733  -0.312855    2.06297   -1.36556
  0.383628 -0.0258133    1.98493   0.137327   -0.31287    2.06297   -1.36556
   0.38363 -0.0258119    1.98495   0.137323  -0.312885    2.06297   -1.36556
  0.383632 -0.0258105    1.98496   0.137319    -0.3129    2.06297   -1.36556
  0.383635 -0.0258091    1.98498   0.137316  -0.312915    2.06297   -1.36556
  0.383637 -0.0258077    1.98499   0.137312   -0.31293    2.06298   -1.36556
   0.38364 -0.0258063      1.985   0.137309  -0.312944    2.06298   -1.36556
  0.383642 -0.0258049    1.98502   0.137305  -0.312959    2.06298   -1.36557
  0.383644 -0.0258035    1.98503   0.137301  -0.312974    2.06298   -1.36557
 0.383647 -0.025802   1.98505  0.137298 -0.312989   2.06298  -1.36557
  0.383649 -0.0258006    1.98506   0.137295  -0.313004    2.06299   -1.36557
  0.383651 -0.0257992    1.98507   0.137291  -0.313019    2.06299   -1.36557
  0.383653 -0.0257977    1.98509   0.137288  -0.313034    2.06299   -1.36557
  0.383656 -0.0257963     1.9851   0.137284  -0.313049    2.06299   -1.36557
  0.383658 -0.0257948    1.98512   0.137281  -0.313064    2.06299   -1.36557
   0.38366 -0.0257934    1.98513   0.137278  -0.313079    2.06299   -1.36557
  0.383663 -0.0257919    1.98515   0.137274  -0.313094      2.063   -1.36557
  0.383665 -0.0257904    1.98516   0.137271  -0.313108      2.063   -1.36558
 0.383667 -0.025789   1.98517  0.137268 -0.313123     2.063  -1.36558
  0.383669 -0.0257875    1.98519   0.137264  -0.313138      2.063   -1.36558
 0.383672 -0.025786    1.9852  0.137261 -0.313153     2.063  -1.36558
  0.383674 -0.0257845    1.98522   0.137258  -0.313168      2.063   -1.36558
 0.383676 -0.025783   1.98523  0.137255 -0.313183   2.06301  -1.36558
  0.383678 -0.0257815    1.98525   0.137252  -0.313198    2.06301   -1.36558
  0.38368  -0.02578   1.98526  0.137249 -0.313213   2.06301  -1.36558
  0.383682 -0.0257785    1.98527   0.137246  -0.313228    2.06301   -1.36558
 0.383685 -0.025777   1.98529  0.137242 -0.313243   2.06301  -1.36558
  0.383687 -0.0257755     1.9853   0.137239  -0.313257    2.06301   -1.36558
 0.383689 -0.025774   1.98532  0.137236 -0.313272   2.06301  -1.36559
  0.383691 -0.0257725    1.98533   0.137233  -0.313287    2.06302   -1.36559
  0.383693 -0.0257709    1.98535    0.13723  -0.313302    2.06302   -1.36559
  0.383695 -0.0257694    1.98536   0.137227  -0.313317    2.06302   -1.36559
  0.383697 -0.0257679    1.98537   0.137224  -0.313332    2.06302   -1.36559
  0.383699 -0.0257663    1.98539   0.137222  -0.313347    2.06302   -1.36559
  0.383702 -0.0257648     1.9854   0.137219  -0.313362    2.06302   -1.36559
  0.383704 -0.0257632    1.98542   0.137216  -0.313377    2.06303   -1.36559
  0.383706 -0.0257617    1.98543   0.137213  -0.313391    2.06303   -1.36559
  0.383708 -0.0257601    1.98545    0.13721  -0.313406    2.06303   -1.36559
   0.38371 -0.0257585    1.98546   0.137207  -0.313421    2.06303   -1.36559
 0.383712 -0.025757   1.98547  0.137204 -0.313436   2.06303   -1.3656
  0.383714 -0.0257554    1.98549   0.137202  -0.313451    2.06303    -1.3656
  0.383716 -0.0257538     1.9855   0.137199  -0.313466    2.06303    -1.3656
  0.383718 -0.0257522    1.98552   0.137196  -0.313481    2.06304    -1.3656
   0.38372 -0.0257506    1.98553   0.137194  -0.313496    2.06304    -1.3656
  0.383722 -0.0257491    1.98554   0.137191  -0.313511    2.06304    -1.3656
  0.383724 -0.0257475    1.98556   0.137188  -0.313525    2.06304    -1.3656
  0.383726 -0.0257459    1.98557   0.137186   -0.31354    2.06304    -1.3656
  0.383728 -0.0257443    1.98559   0.137183  -0.313555    2.06304    -1.3656
   0.38373 -0.0257426     1.9856    0.13718   -0.31357    2.06304    -1.3656
 0.383732 -0.025741   1.98562  0.137178 -0.313585   2.06304   -1.3656
  0.383734 -0.0257394    1.98563   0.137175    -0.3136    2.06305    -1.3656
  0.383736 -0.0257378    1.98564   0.137173  -0.313615    2.06305   -1.36561
  0.383737 -0.0257362    1.98566    0.13717  -0.313629    2.06305   -1.36561
  0.383739 -0.0257345    1.98567   0.137168  -0.313644    2.06305   -1.36561
  0.383741 -0.0257329    1.98569   0.137165  -0.313659    2.06305   -1.36561
  0.383743 -0.0257313     1.9857   0.137163  -0.313674    2.06305   -1.36561
  0.383745 -0.0257296    1.98572    0.13716  -0.313689    2.06305   -1.36561
 0.383747 -0.025728   1.98573  0.137158 -0.313704   2.06305  -1.36561
  0.383749 -0.0257263    1.98574   0.137155  -0.313719    2.06306   -1.36561
  0.383751 -0.0257247    1.98576   0.137153  -0.313734    2.06306   -1.36561
 0.383753 -0.025723   1.98577  0.137151 -0.313748   2.06306  -1.36561
  0.383754 -0.0257214    1.98579   0.137148  -0.313763    2.06306   -1.36561
  0.383756 -0.0257197     1.9858   0.137146  -0.313778    2.06306   -1.36561
 0.383758 -0.025718   1.98582  0.137144 -0.313793   2.06306  -1.36561
   0.38376 -0.0257164    1.98583   0.137141  -0.313808    2.06306   -1.36562
  0.383762 -0.0257147    1.98584   0.137139  -0.313823    2.06306   -1.36562
 0.383764 -0.025713   1.98586  0.137137 -0.313838   2.06307  -1.36562
  0.383765 -0.0257113    1.98587   0.137135  -0.313852    2.06307   -1.36562
  0.383767 -0.0257097    1.98589   0.137132  -0.313867    2.06307   -1.36562
 0.383769 -0.025708    1.9859   0.13713 -0.313882   2.06307  -1.36562
  0.383771 -0.0257063    1.98592   0.137128  -0.313897    2.06307   -1.36562
  0.383773 -0.0257046    1.98593   0.137126  -0.313912    2.06307   -1.36562
  0.383774 -0.0257029    1.98594   0.137124  -0.313927    2.06307   -1.36562
  0.383776 -0.0257012    1.98596   0.137122  -0.313942    2.06307   -1.36562
  0.383778 -0.0256995    1.98597   0.137119  -0.313956    2.06307   -1.36562
   0.38378 -0.0256978    1.98599   0.137117  -0.313971    2.06308   -1.36562
 0.383781 -0.025696     1.986  0.137115 -0.313986   2.06308  -1.36562
  0.383783 -0.0256943    1.98602   0.137113  -0.314001    2.06308   -1.36563
  0.383785 -0.0256926    1.98603   0.137111  -0.314016    2.06308   -1.36563
  0.383787 -0.0256909    1.98604   0.137109  -0.314031    2.06308   -1.36563
  0.383788 -0.0256892    1.98606   0.137107  -0.314045    2.06308   -1.36563
   0.38379 -0.0256874    1.98607   0.137105   -0.31406    2.06308   -1.36563
  0.383792 -0.0256857    1.98609   0.137103  -0.314075    2.06308   -1.36563
 0.383793 -0.025684    1.9861  0.137101  -0.31409   2.06308  -1.36563
  0.383795 -0.0256822    1.98612   0.137099  -0.314105    2.06308   -1.36563
  0.383797 -0.0256805    1.98613   0.137097   -0.31412    2.06309   -1.36563
  0.383798 -0.0256787    1.98614   0.137095  -0.314135    2.06309   -1.36563
   0.3838 -0.025677   1.98616  0.137093 -0.314149   2.06309  -1.36563
  0.383802 -0.0256752    1.98617   0.137091  -0.314164    2.06309   -1.36563
  0.383803 -0.0256735    1.98619    0.13709  -0.314179    2.06309   -1.36563
  0.383805 -0.0256717     1.9862   0.137088  -0.314194    2.06309   -1.36563
  0.383807 -0.0256699    1.98622   0.137086  -0.314209    2.06309   -1.36564
  0.383808 -0.0256682    1.98623   0.137084  -0.314224    2.06309   -1.36564
   0.38381 -0.0256664    1.98624   0.137082  -0.314238    2.06309   -1.36564
  0.383812 -0.0256646    1.98626    0.13708  -0.314253    2.06309   -1.36564
  0.383813 -0.0256629    1.98627   0.137079  -0.314268    2.06309   -1.36564
  0.383815 -0.0256611    1.98629   0.137077  -0.314283     2.0631   -1.36564
  0.383816 -0.0256593     1.9863   0.137075  -0.314298     2.0631   -1.36564
  0.383818 -0.0256575    1.98632   0.137073  -0.314313     2.0631   -1.36564
   0.38382 -0.0256557    1.98633   0.137072  -0.314327     2.0631   -1.36564
  0.383821 -0.0256539    1.98634    0.13707  -0.314342     2.0631   -1.36564
  0.383823 -0.0256521    1.98636   0.137068  -0.314357     2.0631   -1.36564
  0.383824 -0.0256503    1.98637   0.137066  -0.314372     2.0631   -1.36564
  0.383826 -0.0256485    1.98639   0.137065  -0.314387     2.0631   -1.36564
  0.383828 -0.0256467     1.9864   0.137063  -0.314402     2.0631   -1.36564
  0.383829 -0.0256449    1.98642   0.137061  -0.314416     2.0631   -1.36564
  0.383831 -0.0256431    1.98643    0.13706  -0.314431     2.0631   -1.36565
  0.383832 -0.0256413    1.98644   0.137058  -0.314446    2.06311   -1.36565
  0.383834 -0.0256395    1.98646   0.137057  -0.314461    2.06311   -1.36565
  0.383835 -0.0256377    1.98647   0.137055  -0.314476    2.06311   -1.36565
  0.383837 -0.0256359    1.98649   0.137053  -0.314491    2.06311   -1.36565
  0.383838 -0.0256341     1.9865   0.137052  -0.314505    2.06311   -1.36565
   0.38384 -0.0256322    1.98652    0.13705   -0.31452    2.06311   -1.36565
  0.383841 -0.0256304    1.98653   0.137049  -0.314535    2.06311   -1.36565
  0.383843 -0.0256286    1.98654   0.137047   -0.31455    2.06311   -1.36565
  0.383844 -0.0256267    1.98656   0.137046  -0.314565    2.06311   -1.36565
  0.383846 -0.0256249    1.98657   0.137044   -0.31458    2.06311   -1.36565
  0.383847 -0.0256231    1.98659   0.137043  -0.314594    2.06311   -1.36565
  0.383849 -0.0256212     1.9866   0.137041  -0.314609    2.06311   -1.36565
   0.38385 -0.0256194    1.98662    0.13704  -0.314624    2.06311   -1.36565
  0.383852 -0.0256175    1.98663   0.137038  -0.314639    2.06312   -1.36565
  0.383853 -0.0256157    1.98664   0.137037  -0.314654    2.06312   -1.36565
  0.383855 -0.0256138    1.98666   0.137035  -0.314669    2.06312   -1.36566
 0.383856 -0.025612   1.98667  0.137034 -0.314683   2.06312  -1.36566
  0.383858 -0.0256101    1.98669   0.137033  -0.314698    2.06312   -1.36566
  0.383859 -0.0256083     1.9867   0.137031  -0.314713    2.06312   -1.36566
  0.383861 -0.0256064    1.98672    0.13703  -0.314728    2.06312   -1.36566
  0.383862 -0.0256046    1.98673   0.137028  -0.314743    2.06312   -1.36566
  0.383864 -0.0256027    1.98674   0.137027  -0.314758    2.06312   -1.36566
  0.383865 -0.0256008    1.98676   0.137026  -0.314772    2.06312   -1.36566
 0.383866 -0.025599   1.98677  0.137024 -0.314787   2.06312  -1.36566
  0.383868 -0.0255971    1.98679   0.137023  -0.314802    2.06312   -1.36566
  0.383869 -0.0255952     1.9868   0.137022  -0.314817    2.06312   -1.36566
  0.383871 -0.0255933    1.98682    0.13702  -0.314832    2.06312   -1.36566
  0.383872 -0.0255915    1.98683   0.137019  -0.314846    2.06312   -1.36566
  0.383873 -0.0255896    1.98685   0.137018  -0.314861    2.06313   -1.36566
  0.383875 -0.0255877    1.98686   0.137017  -0.314876    2.06313   -1.36566
  0.383876 -0.0255858    1.98687   0.137015  -0.314891    2.06313   -1.36566
  0.383878 -0.0255839    1.98689   0.137014  -0.314906    2.06313   -1.36567
 0.383879 -0.025582    1.9869  0.137013 -0.314921   2.06313  -1.36567
   0.38388 -0.0255801    1.98692   0.137012  -0.314935    2.06313   -1.36567
  0.383882 -0.0255782    1.98693   0.137011   -0.31495    2.06313   -1.36567
  0.383883 -0.0255763    1.98695   0.137009  -0.314965    2.06313   -1.36567
  0.383885 -0.0255744    1.98696   0.137008   -0.31498    2.06313   -1.36567
  0.383886 -0.0255725    1.98697   0.137007  -0.314995    2.06313   -1.36567
  0.383887 -0.0255706    1.98699   0.137006  -0.315009    2.06313   -1.36567
  0.383889 -0.0255687      1.987   0.137005  -0.315024    2.06313   -1.36567
   0.38389 -0.0255668    1.98702   0.137003  -0.315039    2.06313   -1.36567
  0.383891 -0.0255649    1.98703   0.137002  -0.315054    2.06313   -1.36567
 0.383893 -0.025563   1.98705  0.137001 -0.315069   2.06313  -1.36567
  0.383894 -0.0255611    1.98706      0.137  -0.315084    2.06313   -1.36567
  0.383895 -0.0255591    1.98707   0.136999  -0.315098    2.06313   -1.36567
  0.383897 -0.0255572    1.98709   0.136998  -0.315113    2.06314   -1.36567
  0.383898 -0.0255553     1.9871   0.136997  -0.315128    2.06314   -1.36567
  0.383899 -0.0255534    1.98712   0.136996  -0.315143    2.06314   -1.36567
  0.383901 -0.0255515    1.98713   0.136995  -0.315158    2.06314   -1.36568
  0.383902 -0.0255495    1.98715   0.136994  -0.315172    2.06314   -1.36568
  0.383903 -0.0255476    1.98716   0.136993  -0.315187    2.06314   -1.36568
  0.383905 -0.0255457    1.98717   0.136992  -0.315202    2.06314   -1.36568
  0.383906 -0.0255437    1.98719   0.136991  -0.315217    2.06314   -1.36568
  0.383907 -0.0255418     1.9872    0.13699  -0.315232    2.06314   -1.36568
  0.383908 -0.0255399    1.98722   0.136988  -0.315247    2.06314   -1.36568
   0.38391 -0.0255379    1.98723   0.136987  -0.315261    2.06314   -1.36568
 0.383911 -0.025536   1.98725  0.136987 -0.315276   2.06314  -1.36568
 0.383912 -0.025534   1.98726  0.136986 -0.315291   2.06314  -1.36568
