   0.290098 -0.00668686     1.97147    0.289022   -0.299932     1.96844     -1.3475
  0.290712 -0.0120594    1.97352   0.291729  -0.299303    1.97182   -1.35272
  0.290769 -0.0154999     1.9747   0.293134   -0.29909    1.97437    -1.3563
  0.290568 -0.0176876    1.97536   0.293739  -0.299092    1.97637   -1.35882
 0.290269 -0.019065   1.97572  0.293851 -0.299197   1.97802  -1.36064
  0.289961 -0.0199204    1.97589   0.293656  -0.299345    1.97942     -1.362
  0.289685 -0.0204418    1.97597   0.293269  -0.299505    1.98064   -1.36304
  0.289461 -0.0207516    1.97598   0.292762  -0.299661    1.98172   -1.36387
  0.289295 -0.0209293    1.97596   0.292179  -0.299807     1.9827   -1.36455
  0.289186 -0.0210269    1.97593   0.291548  -0.299941     1.9836   -1.36512
   0.28913 -0.0210778    1.97589   0.290885  -0.300063    1.98442   -1.36561
  0.289121 -0.0211036    1.97585   0.290203  -0.300176    1.98518   -1.36605
  0.289154 -0.0211181     1.9758   0.289508  -0.300279     1.9859   -1.36644
  0.289224 -0.0211297    1.97577   0.288804  -0.300375    1.98657    -1.3668
  0.289326 -0.0211438    1.97573   0.288096  -0.300465     1.9872   -1.36712
  0.289454 -0.0211634     1.9757   0.287385  -0.300551     1.9878   -1.36742
  0.289606 -0.0211901    1.97567   0.286672  -0.300632    1.98838    -1.3677
  0.289779 -0.0212247    1.97564   0.285958  -0.300709    1.98892   -1.36797
  0.289968 -0.0212674    1.97562   0.285245  -0.300784    1.98945   -1.36822
  0.290172 -0.0213179     1.9756   0.284533  -0.300856    1.98995   -1.36845
  0.290388 -0.0213758    1.97558   0.283822  -0.300926    1.99044   -1.36867
  0.290615 -0.0214408    1.97556   0.283112  -0.300995    1.99091   -1.36888
  0.290852 -0.0215121    1.97554   0.282405  -0.301062    1.99137   -1.36908
  0.291095 -0.0215893    1.97553     0.2817  -0.301127    1.99181   -1.36928
  0.291346 -0.0216718    1.97552   0.280997  -0.301191    1.99225   -1.36946
  0.291601 -0.0217591    1.97551   0.280296  -0.301254    1.99267   -1.36964
  0.291861 -0.0218506     1.9755   0.279598  -0.301316    1.99309   -1.36981
 0.292125 -0.021946   1.97549  0.278903 -0.301377    1.9935  -1.36997
  0.292392 -0.0220447    1.97548    0.27821  -0.301437     1.9939   -1.37013
  0.292661 -0.0221464    1.97547   0.277521  -0.301496     1.9943   -1.37029
  0.292932 -0.0222508    1.97547   0.276834  -0.301554    1.99469   -1.37043
  0.293205 -0.0223575    1.97546    0.27615  -0.301612    1.99507   -1.37058
  0.293478 -0.0224663    1.97546    0.27547  -0.301669    1.99545   -1.37072
  0.293753 -0.0225768    1.97546   0.274792  -0.301725    1.99583   -1.37086
  0.294028 -0.0226889    1.97545   0.274118  -0.301781     1.9962   -1.37099
  0.294303 -0.0228023    1.97545   0.273446  -0.301836    1.99656   -1.37112
  0.294579 -0.0229169    1.97545   0.272778  -0.301891    1.99693   -1.37125
  0.294854 -0.0230324    1.97545   0.272113  -0.301945    1.99729   -1.37138
  0.295129 -0.0231487    1.97545   0.271451  -0.301999    1.99765    -1.3715
  0.295403 -0.0232656    1.97544   0.270792  -0.302052      1.998   -1.37162
  0.295677 -0.0233832    1.97544   0.270137  -0.302105    1.99835   -1.37174
   0.29595 -0.0235011    1.97544   0.269484  -0.302158     1.9987   -1.37186
  0.296222 -0.0236194    1.97544   0.268835   -0.30221    1.99905   -1.37197
  0.296494 -0.0237379    1.97545   0.268189  -0.302262    1.99939   -1.37209
  0.296765 -0.0238566    1.97545   0.267546  -0.302314    1.99973    -1.3722
  0.297034 -0.0239753    1.97545   0.266907  -0.302365    2.00007   -1.37231
  0.297303 -0.0240941    1.97545    0.26627  -0.302416    2.00041   -1.37242
   0.29757 -0.0242128    1.97545   0.265637  -0.302466    2.00075   -1.37253
  0.297837 -0.0243314    1.97545   0.265007  -0.302517    2.00108   -1.37264
  0.298102 -0.0244498    1.97545    0.26438  -0.302567    2.00141   -1.37274
  0.298367 -0.0245681    1.97545   0.263756  -0.302617    2.00174   -1.37285
   0.29863 -0.0246861    1.97546   0.263135  -0.302666    2.00207   -1.37295
  0.298892 -0.0248039    1.97546   0.262517  -0.302716     2.0024   -1.37305
  0.299152 -0.0249214    1.97546   0.261902  -0.302765    2.00272   -1.37316
  0.299412 -0.0250386    1.97546   0.261291  -0.302814    2.00304   -1.37326
   0.29967 -0.0251554    1.97547   0.260682  -0.302862    2.00336   -1.37336
  0.299927 -0.0252718    1.97547   0.260077  -0.302911    2.00368   -1.37346
  0.300183 -0.0253879    1.97547   0.259474  -0.302959      2.004   -1.37356
  0.300438 -0.0255035    1.97547   0.258875  -0.303007    2.00431   -1.37366
  0.300691 -0.0256188    1.97547   0.258278  -0.303055    2.00463   -1.37375
  0.300944 -0.0257336    1.97548   0.257685  -0.303103    2.00494   -1.37385
  0.301195 -0.0258479    1.97548   0.257094   -0.30315    2.00525   -1.37395
  0.301444 -0.0259618    1.97548   0.256507  -0.303198    2.00556   -1.37404
  0.301693 -0.0260753    1.97549   0.255922  -0.303245    2.00586   -1.37414
   0.30194 -0.0261882    1.97549   0.255341  -0.303292    2.00617   -1.37423
  0.302186 -0.0263007    1.97549   0.254762  -0.303338    2.00647   -1.37433
  0.302431 -0.0264127    1.97549   0.254186  -0.303385    2.00678   -1.37442
  0.302675 -0.0265242     1.9755   0.253613  -0.303431    2.00708   -1.37451
  0.302917 -0.0266352     1.9755   0.253043  -0.303477    2.00738    -1.3746
  0.303159 -0.0267457     1.9755   0.252475  -0.303524    2.00767    -1.3747
  0.303399 -0.0268557     1.9755   0.251911  -0.303569    2.00797   -1.37479
  0.303638 -0.0269652    1.97551   0.251349  -0.303615    2.00826   -1.37488
  0.303875 -0.0270742    1.97551   0.250791  -0.303661    2.00856   -1.37497
  0.304112 -0.0271827    1.97551   0.250235  -0.303706    2.00885   -1.37506
  0.304347 -0.0272906    1.97552   0.249681  -0.303751    2.00914   -1.37515
  0.304581 -0.0273981    1.97552   0.249131  -0.303796    2.00943   -1.37524
 0.304814 -0.027505   1.97552  0.248583 -0.303841   2.00971  -1.37532
  0.305046 -0.0276115    1.97552   0.248038  -0.303886       2.01   -1.37541
  0.305277 -0.0277174    1.97553   0.247496  -0.303931    2.01028    -1.3755
  0.305506 -0.0278228    1.97553   0.246956  -0.303975    2.01057   -1.37559
  0.305735 -0.0279277    1.97553   0.246419  -0.304019    2.01085   -1.37567
  0.305962 -0.0280321    1.97554   0.245885  -0.304064    2.01113   -1.37576
 0.306188 -0.028136   1.97554  0.245353 -0.304108   2.01141  -1.37584
  0.306413 -0.0282394    1.97554   0.244824  -0.304151    2.01168   -1.37593
  0.306637 -0.0283422    1.97554   0.244298  -0.304195    2.01196   -1.37602
   0.30686 -0.0284446    1.97555   0.243775  -0.304239    2.01223    -1.3761
  0.307082 -0.0285464    1.97555   0.243253  -0.304282    2.01251   -1.37618
  0.307302 -0.0286478    1.97555   0.242735  -0.304325    2.01278   -1.37627
  0.307522 -0.0287487    1.97556   0.242219  -0.304369    2.01305   -1.37635
  0.30774 -0.028849   1.97556  0.241706 -0.304412   2.01332  -1.37643
  0.307957 -0.0289489    1.97556   0.241195  -0.304454    2.01359   -1.37652
  0.308174 -0.0290483    1.97556   0.240687  -0.304497    2.01385    -1.3766
  0.308389 -0.0291471    1.97557   0.240181   -0.30454    2.01412   -1.37668
  0.308603 -0.0292455    1.97557   0.239678  -0.304582    2.01438   -1.37676
  0.308816 -0.0293434    1.97557   0.239177  -0.304624    2.01464   -1.37684
  0.309028 -0.0294408    1.97558   0.238679  -0.304666     2.0149   -1.37692
  0.309239 -0.0295377    1.97558   0.238183  -0.304708    2.01516     -1.377
  0.309449 -0.0296342    1.97558    0.23769   -0.30475    2.01542   -1.37708
  0.309657 -0.0297301    1.97559   0.237199  -0.304792    2.01568   -1.37716
  0.309865 -0.0298256    1.97559   0.236711  -0.304833    2.01593   -1.37724
  0.310072 -0.0299206    1.97559   0.236225  -0.304875    2.01619   -1.37732
  0.310278 -0.0300152    1.97559   0.235741  -0.304916    2.01644    -1.3774
  0.310482 -0.0301092     1.9756    0.23526  -0.304957    2.01669   -1.37748
  0.310686 -0.0302028     1.9756   0.234781  -0.304998    2.01694   -1.37755
  0.310889 -0.0302959     1.9756   0.234305  -0.305039    2.01719   -1.37763
   0.31109 -0.0303886    1.97561    0.23383   -0.30508    2.01744   -1.37771
  0.311291 -0.0304808    1.97561   0.233359  -0.305121    2.01769   -1.37778
  0.311491 -0.0305725    1.97561   0.232889  -0.305161    2.01793   -1.37786
   0.31169 -0.0306638    1.97561   0.232422  -0.305201    2.01818   -1.37794
  0.311887 -0.0307547    1.97562   0.231957  -0.305242    2.01842   -1.37801
 0.312084 -0.030845   1.97562  0.231495 -0.305282   2.01866  -1.37809
   0.31228 -0.0309349    1.97562   0.231035  -0.305322     2.0189   -1.37816
  0.312475 -0.0310244    1.97563   0.230577  -0.305362    2.01914   -1.37823
  0.312669 -0.0311134    1.97563   0.230121  -0.305401    2.01938   -1.37831
 0.312861 -0.031202   1.97563  0.229668 -0.305441   2.01962  -1.37838
  0.313053 -0.0312902    1.97564   0.229217   -0.30548    2.01985   -1.37846
  0.313244 -0.0313779    1.97564   0.228768   -0.30552    2.02009   -1.37853
  0.313435 -0.0314651    1.97564   0.228321  -0.305559    2.02032    -1.3786
  0.313624 -0.0315519    1.97564   0.227876  -0.305598    2.02055   -1.37867
  0.313812 -0.0316383    1.97565   0.227434  -0.305637    2.02078   -1.37875
  0.313999 -0.0317243    1.97565   0.226994  -0.305676    2.02102   -1.37882
  0.314185 -0.0318098    1.97565   0.226556  -0.305714    2.02124   -1.37889
  0.314371 -0.0318949    1.97566    0.22612  -0.305753    2.02147   -1.37896
  0.314555 -0.0319796    1.97566   0.225686  -0.305791     2.0217   -1.37903
  0.314739 -0.0320639    1.97566   0.225255   -0.30583    2.02192    -1.3791
  0.314922 -0.0321477    1.97567   0.224825  -0.305868    2.02215   -1.37917
  0.315104 -0.0322311    1.97567   0.224398  -0.305906    2.02237   -1.37924
  0.315285 -0.0323141    1.97567   0.223973  -0.305944    2.02259   -1.37931
  0.315465 -0.0323967    1.97568    0.22355  -0.305982    2.02281   -1.37938
  0.315644 -0.0324789    1.97568   0.223129  -0.306019    2.02303   -1.37945
  0.315822 -0.0325606    1.97568    0.22271  -0.306057    2.02325   -1.37951
 0.315999 -0.032642   1.97568  0.222293 -0.306094   2.02347  -1.37958
  0.316176 -0.0327229    1.97569   0.221878  -0.306132    2.02369   -1.37965
  0.316352 -0.0328035    1.97569   0.221465  -0.306169     2.0239   -1.37972
  0.316526 -0.0328836    1.97569   0.221054  -0.306206    2.02412   -1.37978
    0.3167 -0.0329634     1.9757   0.220645  -0.306243    2.02433   -1.37985
  0.316873 -0.0330427     1.9757   0.220239   -0.30628    2.02454   -1.37992
  0.317046 -0.0331217     1.9757   0.219834  -0.306316    2.02476   -1.37998
  0.317217 -0.0332003    1.97571   0.219431  -0.306353    2.02497   -1.38005
  0.317388 -0.0332784    1.97571    0.21903   -0.30639    2.02517   -1.38012
  0.317557 -0.0333562    1.97571   0.218631  -0.306426    2.02538   -1.38018
  0.317726 -0.0334336    1.97572   0.218234  -0.306462    2.02559   -1.38025
  0.317894 -0.0335106    1.97572    0.21784  -0.306498     2.0258   -1.38031
  0.318061 -0.0335872    1.97572   0.217447  -0.306534      2.026   -1.38037
  0.318228 -0.0336635    1.97573   0.217055   -0.30657    2.02621   -1.38044
  0.318394 -0.0337393    1.97573   0.216666  -0.306606    2.02641    -1.3805
  0.318558 -0.0338148    1.97573   0.216279  -0.306642    2.02661   -1.38057
  0.318722 -0.0338899    1.97574   0.215894  -0.306678    2.02681   -1.38063
  0.318885 -0.0339646    1.97574    0.21551  -0.306713    2.02701   -1.38069
 0.319048 -0.034039   1.97574  0.215129 -0.306748   2.02721  -1.38075
 0.319209 -0.034113   1.97575  0.214749 -0.306784   2.02741  -1.38082
   0.31937 -0.0341866    1.97575   0.214371  -0.306819    2.02761   -1.38088
   0.31953 -0.0342599    1.97575   0.213995  -0.306854     2.0278   -1.38094
   0.31969 -0.0343328    1.97576   0.213621  -0.306889      2.028     -1.381
  0.319848 -0.0344053    1.97576   0.213248  -0.306924    2.02819   -1.38106
  0.320006 -0.0344775    1.97576   0.212878  -0.306958    2.02839   -1.38112
  0.320163 -0.0345493    1.97577   0.212509  -0.306993    2.02858   -1.38118
  0.320319 -0.0346207    1.97577   0.212142  -0.307027    2.02877   -1.38124
  0.320474 -0.0346918    1.97577   0.211777  -0.307062    2.02896    -1.3813
  0.320629 -0.0347626    1.97578   0.211414  -0.307096    2.02915   -1.38136
  0.320783 -0.0348329    1.97578   0.211052   -0.30713    2.02934   -1.38142
 0.320936 -0.034903   1.97578  0.210692 -0.307164   2.02953  -1.38148
  0.321088 -0.0349727    1.97579   0.210334  -0.307198    2.02971   -1.38154
  0.32124 -0.035042   1.97579  0.209978 -0.307232    2.0299   -1.3816
 0.321391 -0.035111    1.9758  0.209624 -0.307266   2.03008  -1.38166
  0.321541 -0.0351797     1.9758   0.209271    -0.3073    2.03027   -1.38172
  0.32169 -0.035248    1.9758   0.20892 -0.307333   2.03045  -1.38177
 0.321839 -0.035316   1.97581   0.20857 -0.307367   2.03063  -1.38183
  0.321987 -0.0353836    1.97581   0.208223    -0.3074    2.03081   -1.38189
  0.322134 -0.0354509    1.97581   0.207877  -0.307433    2.03099   -1.38194
  0.322281 -0.0355179    1.97582   0.207532  -0.307466    2.03117     -1.382
  0.322427 -0.0355845    1.97582    0.20719  -0.307499    2.03135   -1.38206
  0.322572 -0.0356508    1.97582   0.206849  -0.307532    2.03153   -1.38211
  0.322716 -0.0357168    1.97583   0.206509  -0.307565    2.03171   -1.38217
   0.32286 -0.0357824    1.97583   0.206172  -0.307598    2.03188   -1.38223
  0.323003 -0.0358477    1.97584   0.205836   -0.30763    2.03206   -1.38228
  0.323145 -0.0359127    1.97584   0.205502  -0.307663    2.03223   -1.38234
  0.323287 -0.0359774    1.97584   0.205169  -0.307695    2.03241   -1.38239
  0.323428 -0.0360417    1.97585   0.204838  -0.307728    2.03258   -1.38245
  0.323568 -0.0361058    1.97585   0.204508   -0.30776    2.03275    -1.3825
  0.323707 -0.0361695    1.97585    0.20418  -0.307792    2.03292   -1.38255
  0.323846 -0.0362329    1.97586   0.203854  -0.307824    2.03309   -1.38261
  0.323985 -0.0362959    1.97586   0.203529  -0.307856    2.03326   -1.38266
  0.324122 -0.0363587    1.97587   0.203206  -0.307888    2.03343   -1.38272
  0.324259 -0.0364212    1.97587   0.202885   -0.30792     2.0336   -1.38277
  0.324395 -0.0364833    1.97587   0.202565  -0.307951    2.03376   -1.38282
  0.324531 -0.0365451    1.97588   0.202246  -0.307983    2.03393   -1.38287
  0.324666 -0.0366066    1.97588    0.20193  -0.308014    2.03409   -1.38293
    0.3248 -0.0366679    1.97589   0.201614  -0.308046    2.03426   -1.38298
  0.324933 -0.0367288    1.97589   0.201301  -0.308077    2.03442   -1.38303
  0.325066 -0.0367894    1.97589   0.200988  -0.308108    2.03458   -1.38308
  0.325199 -0.0368497     1.9759   0.200678  -0.308139    2.03475   -1.38313
   0.32533 -0.0369097     1.9759   0.200368   -0.30817    2.03491   -1.38318
  0.325461 -0.0369694    1.97591   0.200061  -0.308201    2.03507   -1.38324
  0.325592 -0.0370288    1.97591   0.199754  -0.308232    2.03523   -1.38329
 0.325721 -0.037088   1.97591   0.19945 -0.308262   2.03538  -1.38334
  0.325851 -0.0371468    1.97592   0.199146  -0.308293    2.03554   -1.38339
  0.325979 -0.0372053    1.97592   0.198845  -0.308324     2.0357   -1.38344
  0.326107 -0.0372636    1.97593   0.198544  -0.308354    2.03586   -1.38349
  0.326234 -0.0373215    1.97593   0.198246  -0.308384    2.03601   -1.38354
  0.326361 -0.0373792    1.97593   0.197948  -0.308415    2.03617   -1.38359
  0.326487 -0.0374365    1.97594   0.197652  -0.308445    2.03632   -1.38363
  0.326612 -0.0374936    1.97594   0.197358  -0.308475    2.03647   -1.38368
  0.326737 -0.0375504    1.97595   0.197065  -0.308505    2.03663   -1.38373
 0.326861 -0.037607   1.97595  0.196773 -0.308535   2.03678  -1.38378
  0.326985 -0.0376632    1.97595   0.196483  -0.308565    2.03693   -1.38383
  0.327108 -0.0377192    1.97596   0.196194  -0.308594    2.03708   -1.38388
   0.32723 -0.0377749    1.97596   0.195907  -0.308624    2.03723   -1.38392
  0.327352 -0.0378303    1.97597   0.195621  -0.308653    2.03738   -1.38397
  0.327473 -0.0378854    1.97597   0.195336  -0.308683    2.03753   -1.38402
  0.327594 -0.0379403    1.97598   0.195053  -0.308712    2.03767   -1.38407
  0.327714 -0.0379949    1.97598   0.194771  -0.308742    2.03782   -1.38411
  0.327833 -0.0380492    1.97598    0.19449  -0.308771    2.03797   -1.38416
  0.327952 -0.0381032    1.97599   0.194211    -0.3088    2.03811   -1.38421
  0.32807 -0.038157   1.97599  0.193933 -0.308829   2.03826  -1.38425
  0.328188 -0.0382105      1.976   0.193657  -0.308858     2.0384    -1.3843
  0.328305 -0.0382637      1.976   0.193382  -0.308887    2.03854   -1.38434
  0.328422 -0.0383167    1.97601   0.193108  -0.308916    2.03869   -1.38439
  0.328538 -0.0383694    1.97601   0.192836  -0.308944    2.03883   -1.38443
  0.328653 -0.0384219    1.97602   0.192564  -0.308973    2.03897   -1.38448
  0.328768 -0.0384741    1.97602   0.192295  -0.309001    2.03911   -1.38452
 0.328883 -0.038526   1.97602  0.192026  -0.30903   2.03925  -1.38457
  0.328997 -0.0385777    1.97603   0.191759  -0.309058    2.03939   -1.38461
   0.32911 -0.0386291    1.97603   0.191493  -0.309086    2.03953   -1.38466
  0.329223 -0.0386802    1.97604   0.191229  -0.309115    2.03966    -1.3847
  0.329335 -0.0387312    1.97604   0.190965  -0.309143     2.0398   -1.38475
  0.329446 -0.0387818    1.97605   0.190703  -0.309171    2.03994   -1.38479
  0.329557 -0.0388322    1.97605   0.190442  -0.309199    2.04007   -1.38483
  0.329668 -0.0388823    1.97606   0.190183  -0.309227    2.04021   -1.38488
  0.329778 -0.0389322    1.97606   0.189925  -0.309254    2.04034   -1.38492
  0.329887 -0.0389819    1.97607   0.189668  -0.309282    2.04048   -1.38496
  0.329996 -0.0390313    1.97607   0.189412   -0.30931    2.04061     -1.385
  0.330105 -0.0390805    1.97607   0.189157  -0.309337    2.04074   -1.38505
  0.330213 -0.0391294    1.97608   0.188904  -0.309365    2.04087   -1.38509
  0.33032 -0.039178   1.97608  0.188652 -0.309392     2.041  -1.38513
  0.330427 -0.0392265    1.97609   0.188401   -0.30942    2.04113   -1.38517
  0.330533 -0.0392746    1.97609   0.188152  -0.309447    2.04126   -1.38522
  0.330639 -0.0393226     1.9761   0.187903  -0.309474    2.04139   -1.38526
  0.330744 -0.0393703     1.9761   0.187656  -0.309501    2.04152    -1.3853
  0.330849 -0.0394178    1.97611    0.18741  -0.309528    2.04165   -1.38534
 0.330954 -0.039465   1.97611  0.187165 -0.309555   2.04178  -1.38538
 0.331057 -0.039512   1.97612  0.186922 -0.309582    2.0419  -1.38542
  0.331161 -0.0395588    1.97612   0.186679  -0.309609    2.04203   -1.38546
  0.331264 -0.0396053    1.97613   0.186438  -0.309636    2.04215    -1.3855
  0.331366 -0.0396516    1.97613   0.186198  -0.309662    2.04228   -1.38554
  0.331468 -0.0396977    1.97614   0.185959  -0.309689     2.0424   -1.38558
  0.331569 -0.0397435    1.97614   0.185721  -0.309715    2.04253   -1.38562
   0.33167 -0.0397891    1.97615   0.185484  -0.309742    2.04265   -1.38566
   0.33177 -0.0398345    1.97615   0.185249  -0.309768    2.04277    -1.3857
   0.33187 -0.0398796    1.97616   0.185014  -0.309794    2.04289   -1.38574
  0.331969 -0.0399246    1.97616   0.184781  -0.309821    2.04302   -1.38578
  0.332068 -0.0399693    1.97617   0.184549  -0.309847    2.04314   -1.38582
  0.332167 -0.0400137    1.97617   0.184318  -0.309873    2.04326   -1.38586
 0.332265 -0.040058   1.97618  0.184088 -0.309899   2.04338  -1.38589
 0.332362 -0.040102   1.97618   0.18386 -0.309925   2.04349  -1.38593
  0.332459 -0.0401459    1.97619   0.183632  -0.309951    2.04361   -1.38597
  0.332556 -0.0401895    1.97619   0.183405  -0.309976    2.04373   -1.38601
  0.332652 -0.0402329     1.9762    0.18318  -0.310002    2.04385   -1.38605
 0.332748 -0.040276    1.9762  0.182956 -0.310028   2.04396  -1.38608
 0.332843 -0.040319   1.97621  0.182732 -0.310053   2.04408  -1.38612
  0.332937 -0.0403617    1.97621    0.18251  -0.310079     2.0442   -1.38616
  0.333032 -0.0404042    1.97622   0.182289  -0.310104    2.04431    -1.3862
  0.333125 -0.0404465    1.97622   0.182069   -0.31013    2.04442   -1.38623
  0.333219 -0.0404886    1.97623    0.18185  -0.310155    2.04454   -1.38627
  0.333312 -0.0405305    1.97623   0.181632   -0.31018    2.04465   -1.38631
  0.333404 -0.0405722    1.97624   0.181415  -0.310205    2.04476   -1.38634
  0.333496 -0.0406137    1.97624     0.1812   -0.31023    2.04488   -1.38638
 0.333588 -0.040655   1.97625  0.180985 -0.310255   2.04499  -1.38642
 0.333679 -0.040696   1.97625  0.180771  -0.31028    2.0451  -1.38645
   0.33377 -0.0407369    1.97626   0.180558  -0.310305    2.04521   -1.38649
   0.33386 -0.0407775    1.97626   0.180347   -0.31033    2.04532   -1.38652
  0.33395 -0.040818   1.97627  0.180136 -0.310355   2.04543  -1.38656
  0.334039 -0.0408582    1.97627   0.179927   -0.31038    2.04554   -1.38659
  0.334128 -0.0408983    1.97628   0.179718  -0.310404    2.04565   -1.38663
  0.334216 -0.0409381    1.97629    0.17951  -0.310429    2.04575   -1.38666
  0.334305 -0.0409777    1.97629   0.179304  -0.310453    2.04586    -1.3867
  0.334392 -0.0410172     1.9763   0.179098  -0.310478    2.04597   -1.38673
  0.334479 -0.0410564     1.9763   0.178894  -0.310502    2.04607   -1.38677
  0.334566 -0.0410955    1.97631    0.17869  -0.310526    2.04618    -1.3868
  0.334653 -0.0411343    1.97631   0.178487  -0.310551    2.04628   -1.38684
 0.334739 -0.041173   1.97632  0.178286 -0.310575   2.04639  -1.38687
  0.334824 -0.0412115    1.97632   0.178085  -0.310599    2.04649    -1.3869
   0.33491 -0.0412497    1.97633   0.177885  -0.310623     2.0466   -1.38694
  0.334994 -0.0412878    1.97633   0.177687  -0.310647     2.0467   -1.38697
  0.335079 -0.0413257    1.97634   0.177489  -0.310671     2.0468     -1.387
  0.335163 -0.0413634    1.97635   0.177292  -0.310695    2.04691   -1.38704
  0.335246 -0.0414009    1.97635   0.177096  -0.310718    2.04701   -1.38707
  0.335329 -0.0414383    1.97636   0.176901  -0.310742    2.04711    -1.3871
  0.335412 -0.0414754    1.97636   0.176707  -0.310766    2.04721   -1.38713
  0.335494 -0.0415124    1.97637   0.176514   -0.31079    2.04731   -1.38717
  0.335576 -0.0415491    1.97637   0.176322  -0.310813    2.04741    -1.3872
  0.335658 -0.0415857    1.97638   0.176131  -0.310837    2.04751   -1.38723
  0.335739 -0.0416221    1.97639   0.175941   -0.31086    2.04761   -1.38726
   0.33582 -0.0416583    1.97639   0.175751  -0.310883    2.04771    -1.3873
    0.3359 -0.0416944     1.9764   0.175563  -0.310907     2.0478   -1.38733
   0.33598 -0.0417302     1.9764   0.175375   -0.31093     2.0479   -1.38736
   0.33606 -0.0417659    1.97641   0.175189  -0.310953      2.048   -1.38739
  0.336139 -0.0418014    1.97641   0.175003  -0.310976    2.04809   -1.38742
  0.336218 -0.0418367    1.97642   0.174818  -0.310999    2.04819   -1.38745
  0.336297 -0.0418719    1.97643   0.174634  -0.311022    2.04828   -1.38748
  0.336375 -0.0419068    1.97643   0.174451  -0.311045    2.04838   -1.38752
  0.336452 -0.0419416    1.97644   0.174269  -0.311068    2.04847   -1.38755
   0.33653 -0.0419762    1.97644   0.174088  -0.311091    2.04857   -1.38758
  0.336607 -0.0420107    1.97645   0.173907  -0.311114    2.04866   -1.38761
  0.336683 -0.0420449    1.97645   0.173728  -0.311137    2.04876   -1.38764
  0.33676 -0.042079   1.97646  0.173549 -0.311159   2.04885  -1.38767
 0.336835 -0.042113   1.97647  0.173371 -0.311182   2.04894   -1.3877
  0.336911 -0.0421467    1.97647   0.173194  -0.311204    2.04903   -1.38773
  0.336986 -0.0421803    1.97648   0.173018  -0.311227    2.04912   -1.38776
  0.337061 -0.0422137    1.97648   0.172843  -0.311249    2.04921   -1.38779
 0.337135 -0.042247   1.97649  0.172669 -0.311272    2.0493  -1.38782
 0.337209  -0.04228    1.9765  0.172495 -0.311294   2.04939  -1.38785
  0.337283 -0.0423129     1.9765   0.172322  -0.311316    2.04948   -1.38788
  0.337357 -0.0423457    1.97651   0.172151  -0.311339    2.04957    -1.3879
   0.33743 -0.0423783    1.97651   0.171979  -0.311361    2.04966   -1.38793
  0.337502 -0.0424107    1.97652   0.171809  -0.311383    2.04975   -1.38796
  0.337575 -0.0424429    1.97653    0.17164  -0.311405    2.04984   -1.38799
 0.337647 -0.042475   1.97653  0.171471 -0.311427   2.04993  -1.38802
 0.337718 -0.042507   1.97654  0.171304 -0.311449   2.05001  -1.38805
   0.33779 -0.0425387    1.97654   0.171137  -0.311471     2.0501   -1.38808
   0.33786 -0.0425704    1.97655    0.17097  -0.311493    2.05019    -1.3881
  0.337931 -0.0426018    1.97656   0.170805  -0.311515    2.05027   -1.38813
  0.338001 -0.0426331    1.97656   0.170641  -0.311536    2.05036   -1.38816
  0.338071 -0.0426642    1.97657   0.170477  -0.311558    2.05044   -1.38819
  0.338141 -0.0426952    1.97658   0.170314   -0.31158    2.05053   -1.38822
  0.33821 -0.042726   1.97658  0.170152 -0.311601   2.05061  -1.38824
  0.338279 -0.0427567    1.97659    0.16999  -0.311623    2.05069   -1.38827
  0.338348 -0.0427872    1.97659    0.16983  -0.311644    2.05078    -1.3883
  0.338416 -0.0428176     1.9766    0.16967  -0.311666    2.05086   -1.38832
  0.338484 -0.0428478    1.97661   0.169511  -0.311687    2.05094   -1.38835
  0.338552 -0.0428778    1.97661   0.169352  -0.311709    2.05102   -1.38838
  0.338619 -0.0429077    1.97662   0.169195   -0.31173    2.05111   -1.38841
  0.338686 -0.0429375    1.97663   0.169038  -0.311751    2.05119   -1.38843
  0.338752 -0.0429671    1.97663   0.168882  -0.311772    2.05127   -1.38846
  0.338819 -0.0429965    1.97664   0.168727  -0.311793    2.05135   -1.38849
  0.338885 -0.0430258    1.97664   0.168572  -0.311814    2.05143   -1.38851
 0.338951 -0.043055   1.97665  0.168418 -0.311835   2.05151  -1.38854
 0.339016 -0.043084   1.97666  0.168265 -0.311856   2.05159  -1.38856
  0.339081 -0.0431128    1.97666   0.168113  -0.311877    2.05167   -1.38859
  0.339146 -0.0431415    1.97667   0.167961  -0.311898    2.05175   -1.38862
   0.33921 -0.0431701    1.97668   0.167811  -0.311919    2.05182   -1.38864
  0.339274 -0.0431985    1.97668   0.167661   -0.31194     2.0519   -1.38867
  0.339338 -0.0432268    1.97669   0.167511  -0.311961    2.05198   -1.38869
  0.339402 -0.0432549     1.9767   0.167363  -0.311981    2.05206   -1.38872
  0.339465 -0.0432829     1.9767   0.167215  -0.312002    2.05213   -1.38874
  0.339528 -0.0433108    1.97671   0.167067  -0.312023    2.05221   -1.38877
  0.339591 -0.0433385    1.97672   0.166921  -0.312043    2.05229   -1.38879
  0.339653 -0.0433661    1.97672   0.166775  -0.312064    2.05236   -1.38882
  0.339715 -0.0433935    1.97673    0.16663  -0.312084    2.05244   -1.38884
  0.339777 -0.0434208    1.97673   0.166485  -0.312105    2.05251   -1.38887
  0.339838 -0.0434479    1.97674   0.166342  -0.312125    2.05259   -1.38889
  0.339899 -0.0434749    1.97675   0.166199  -0.312145    2.05266   -1.38892
   0.33996 -0.0435018    1.97675   0.166056  -0.312166    2.05273   -1.38894
  0.340021 -0.0435286    1.97676   0.165915  -0.312186    2.05281   -1.38896
  0.340081 -0.0435552    1.97677   0.165774  -0.312206    2.05288   -1.38899
  0.340141 -0.0435816    1.97677   0.165633  -0.312226    2.05295   -1.38901
 0.340201 -0.043608   1.97678  0.165494 -0.312246   2.05303  -1.38904
   0.34026 -0.0436342    1.97679   0.165355  -0.312266     2.0531   -1.38906
  0.340319 -0.0436602    1.97679   0.165217  -0.312286    2.05317   -1.38908
  0.340378 -0.0436862     1.9768   0.165079  -0.312306    2.05324   -1.38911
 0.340437 -0.043712   1.97681  0.164942 -0.312326   2.05331  -1.38913
  0.340495 -0.0437376    1.97681   0.164806  -0.312346    2.05338   -1.38915
  0.340553 -0.0437632    1.97682    0.16467  -0.312366    2.05345   -1.38918
  0.340611 -0.0437886    1.97683   0.164535  -0.312386    2.05352    -1.3892
  0.340668 -0.0438139    1.97683   0.164401  -0.312405    2.05359   -1.38922
 0.340725 -0.043839   1.97684  0.164267 -0.312425   2.05366  -1.38924
  0.340782 -0.0438641    1.97685   0.164134  -0.312445    2.05373   -1.38927
 0.340839 -0.043889   1.97686  0.164002 -0.312464    2.0538  -1.38929
  0.340895 -0.0439137    1.97686    0.16387  -0.312484    2.05387   -1.38931
  0.340951 -0.0439384    1.97687   0.163739  -0.312503    2.05393   -1.38933
  0.341007 -0.0439629    1.97688   0.163609  -0.312523      2.054   -1.38936
  0.341063 -0.0439873    1.97688   0.163479  -0.312542    2.05407   -1.38938
  0.341118 -0.0440115    1.97689    0.16335  -0.312562    2.05414    -1.3894
  0.341173 -0.0440357     1.9769   0.163221  -0.312581     2.0542   -1.38942
  0.341228 -0.0440597     1.9769   0.163093    -0.3126    2.05427   -1.38944
  0.341282 -0.0440836    1.97691   0.162966   -0.31262    2.05434   -1.38947
  0.341336 -0.0441074    1.97692   0.162839  -0.312639     2.0544   -1.38949
  0.34139 -0.044131   1.97692  0.162713 -0.312658   2.05447  -1.38951
  0.341444 -0.0441546    1.97693   0.162587  -0.312677    2.05453   -1.38953
 0.341498 -0.044178   1.97694  0.162462 -0.312696    2.0546  -1.38955
  0.341551 -0.0442013    1.97694   0.162338  -0.312715    2.05466   -1.38957
  0.341604 -0.0442245    1.97695   0.162214  -0.312734    2.05472    -1.3896
  0.341657 -0.0442475    1.97696   0.162091  -0.312753    2.05479   -1.38962
  0.341709 -0.0442705    1.97697   0.161969  -0.312772    2.05485   -1.38964
  0.341761 -0.0442933    1.97697   0.161847  -0.312791    2.05491   -1.38966
 0.341813 -0.044316   1.97698  0.161725  -0.31281   2.05498  -1.38968
  0.341865 -0.0443386    1.97699   0.161605  -0.312829    2.05504    -1.3897
 0.341916 -0.044361   1.97699  0.161484 -0.312848    2.0551  -1.38972
  0.341968 -0.0443834      1.977   0.161365  -0.312866    2.05516   -1.38974
  0.342019 -0.0444056    1.97701   0.161246  -0.312885    2.05523   -1.38976
  0.342069 -0.0444278    1.97702   0.161127  -0.312904    2.05529   -1.38978
   0.34212 -0.0444498    1.97702   0.161009  -0.312923    2.05535    -1.3898
   0.34217 -0.0444717    1.97703   0.160892  -0.312941    2.05541   -1.38982
   0.34222 -0.0444935    1.97704   0.160775   -0.31296    2.05547   -1.38984
   0.34227 -0.0445151    1.97704   0.160659  -0.312978    2.05553   -1.38986
  0.342319 -0.0445367    1.97705   0.160544  -0.312997    2.05559   -1.38988
  0.342369 -0.0445582    1.97706   0.160428  -0.313015    2.05565    -1.3899
  0.342418 -0.0445795    1.97707   0.160314  -0.313034    2.05571   -1.38992
  0.342467 -0.0446007    1.97707     0.1602  -0.313052    2.05577   -1.38994
  0.342515 -0.0446219    1.97708   0.160087   -0.31307    2.05583   -1.38996
  0.342563 -0.0446429    1.97709   0.159974  -0.313089    2.05588   -1.38998
  0.342612 -0.0446638    1.97709   0.159861  -0.313107    2.05594      -1.39
   0.34266 -0.0446846     1.9771    0.15975  -0.313125      2.056   -1.39002
  0.342707 -0.0447053    1.97711   0.159638  -0.313143    2.05606   -1.39004
  0.342755 -0.0447259    1.97712   0.159528  -0.313161    2.05612   -1.39006
  0.342802 -0.0447464    1.97712   0.159417  -0.313179    2.05617   -1.39007
  0.342849 -0.0447667    1.97713   0.159308  -0.313198    2.05623   -1.39009
 0.342896 -0.044787   1.97714  0.159199 -0.313216   2.05629  -1.39011
  0.342942 -0.0448072    1.97715    0.15909  -0.313234    2.05634   -1.39013
  0.342989 -0.0448272    1.97715   0.158982  -0.313252     2.0564   -1.39015
  0.343035 -0.0448472    1.97716   0.158875   -0.31327    2.05645   -1.39017
 0.343081 -0.044867   1.97717  0.158768 -0.313287   2.05651  -1.39019
  0.343126 -0.0448868    1.97717   0.158661  -0.313305    2.05656    -1.3902
  0.343172 -0.0449064    1.97718   0.158555  -0.313323    2.05662   -1.39022
 0.343217 -0.044926   1.97719   0.15845 -0.313341   2.05667  -1.39024
  0.343262 -0.0449454     1.9772   0.158345  -0.313359    2.05673   -1.39026
  0.343307 -0.0449648     1.9772    0.15824  -0.313376    2.05678   -1.39028
 0.343351 -0.044984   1.97721  0.158136 -0.313394   2.05684   -1.3903
  0.343396 -0.0450032    1.97722   0.158033  -0.313412    2.05689   -1.39031
   0.34344 -0.0450222    1.97723    0.15793  -0.313429    2.05694   -1.39033
  0.343484 -0.0450412    1.97723   0.157827  -0.313447      2.057   -1.39035
 0.343528  -0.04506   1.97724  0.157725 -0.313465   2.05705  -1.39037
  0.343571 -0.0450788    1.97725   0.157624  -0.313482     2.0571   -1.39038
  0.343614 -0.0450974    1.97726   0.157523    -0.3135    2.05715    -1.3904
 0.343658 -0.045116   1.97726  0.157422 -0.313517   2.05721  -1.39042
  0.343701 -0.0451344    1.97727   0.157322  -0.313535    2.05726   -1.39044
  0.343743 -0.0451528    1.97728   0.157223  -0.313552    2.05731   -1.39045
  0.343786 -0.0451711    1.97729   0.157124  -0.313569    2.05736   -1.39047
  0.343828 -0.0451892    1.97729   0.157025  -0.313587    2.05741   -1.39049
   0.34387 -0.0452073     1.9773   0.156927  -0.313604    2.05746    -1.3905
  0.343912 -0.0452253    1.97731   0.156829  -0.313621    2.05751   -1.39052
  0.343954 -0.0452432    1.97732   0.156732  -0.313638    2.05756   -1.39054
 0.343995 -0.045261   1.97732  0.156635 -0.313656   2.05761  -1.39055
  0.344037 -0.0452787    1.97733   0.156539  -0.313673    2.05766   -1.39057
  0.344078 -0.0452963    1.97734   0.156443   -0.31369    2.05771   -1.39059
  0.344119 -0.0453138    1.97735   0.156348  -0.313707    2.05776    -1.3906
  0.344159 -0.0453313    1.97736   0.156253  -0.313724    2.05781   -1.39062
    0.3442 -0.0453486    1.97736   0.156159  -0.313741    2.05786   -1.39064
   0.34424 -0.0453658    1.97737   0.156065  -0.313758    2.05791   -1.39065
  0.34428 -0.045383   1.97738  0.155972 -0.313775   2.05796  -1.39067
   0.34432 -0.0454001    1.97739   0.155878  -0.313792      2.058   -1.39068
   0.34436 -0.0454171    1.97739   0.155786  -0.313809    2.05805    -1.3907
    0.3444 -0.0454339     1.9774   0.155694  -0.313826     2.0581   -1.39072
  0.344439 -0.0454507    1.97741   0.155602  -0.313843    2.05815   -1.39073
  0.344478 -0.0454675    1.97742   0.155511   -0.31386    2.05819   -1.39075
  0.344517 -0.0454841    1.97742    0.15542  -0.313876    2.05824   -1.39076
  0.344556 -0.0455006    1.97743    0.15533  -0.313893    2.05829   -1.39078
  0.344595 -0.0455171    1.97744    0.15524   -0.31391    2.05833   -1.39079
  0.344633 -0.0455334    1.97745    0.15515  -0.313927    2.05838   -1.39081
  0.344672 -0.0455497    1.97746   0.155061  -0.313943    2.05843   -1.39083
   0.34471 -0.0455659    1.97746   0.154973   -0.31396    2.05847   -1.39084
 0.344748 -0.045582   1.97747  0.154884 -0.313977   2.05852  -1.39086
  0.344785 -0.0455981    1.97748   0.154797  -0.313993    2.05856   -1.39087
 0.344823 -0.045614   1.97749  0.154709  -0.31401   2.05861  -1.39089
   0.34486 -0.0456299    1.97749   0.154622  -0.314026    2.05865    -1.3909
  0.344898 -0.0456456     1.9775   0.154536  -0.314043     2.0587   -1.39092
  0.344935 -0.0456613    1.97751    0.15445  -0.314059    2.05874   -1.39093
  0.344971 -0.0456769    1.97752   0.154364  -0.314076    2.05879   -1.39095
  0.345008 -0.0456925    1.97753   0.154279  -0.314092    2.05883   -1.39096
  0.345045 -0.0457079    1.97753   0.154194  -0.314109    2.05888   -1.39098
  0.345081 -0.0457233    1.97754   0.154109  -0.314125    2.05892   -1.39099
  0.345117 -0.0457385    1.97755   0.154025  -0.314141    2.05896   -1.39101
  0.345153 -0.0457537    1.97756   0.153942  -0.314158    2.05901   -1.39102
  0.345189 -0.0457689    1.97757   0.153858  -0.314174    2.05905   -1.39103
  0.345225 -0.0457839    1.97757   0.153775   -0.31419    2.05909   -1.39105
   0.34526 -0.0457989    1.97758   0.153693  -0.314206    2.05913   -1.39106
  0.345295 -0.0458137    1.97759   0.153611  -0.314223    2.05918   -1.39108
  0.345331 -0.0458285     1.9776   0.153529  -0.314239    2.05922   -1.39109
  0.345366 -0.0458433    1.97761   0.153448  -0.314255    2.05926   -1.39111
    0.3454 -0.0458579    1.97761   0.153367  -0.314271     2.0593   -1.39112
  0.345435 -0.0458725    1.97762   0.153287  -0.314287    2.05935   -1.39113
 0.345469 -0.045887   1.97763  0.153207 -0.314303   2.05939  -1.39115
  0.345504 -0.0459014    1.97764   0.153127  -0.314319    2.05943   -1.39116
  0.345538 -0.0459157    1.97765   0.153048  -0.314335    2.05947   -1.39117
 0.345572  -0.04593   1.97765  0.152969 -0.314351   2.05951  -1.39119
  0.345606 -0.0459442    1.97766    0.15289  -0.314367    2.05955    -1.3912
  0.345639 -0.0459583    1.97767   0.152812  -0.314383    2.05959   -1.39122
  0.345673 -0.0459723    1.97768   0.152734  -0.314399    2.05963   -1.39123
  0.345706 -0.0459863    1.97769   0.152657  -0.314415    2.05967   -1.39124
   0.34574 -0.0460002    1.97769    0.15258  -0.314431    2.05971   -1.39126
 0.345773 -0.046014    1.9777  0.152503 -0.314447   2.05975  -1.39127
  0.345805 -0.0460277    1.97771   0.152427  -0.314462    2.05979   -1.39128
  0.345838 -0.0460414    1.97772   0.152351  -0.314478    2.05983    -1.3913
 0.345871 -0.046055   1.97773  0.152275 -0.314494   2.05987  -1.39131
  0.345903 -0.0460685    1.97773     0.1522   -0.31451    2.05991   -1.39132
  0.345935 -0.0460819    1.97774   0.152125  -0.314525    2.05995   -1.39134
  0.345968 -0.0460953    1.97775   0.152051  -0.314541    2.05998   -1.39135
  0.345999 -0.0461086    1.97776   0.151977  -0.314557    2.06002   -1.39136
  0.346031 -0.0461219    1.97777   0.151903  -0.314572    2.06006   -1.39137
 0.346063 -0.046135   1.97777  0.151829 -0.314588    2.0601  -1.39139
  0.346094 -0.0461481    1.97778   0.151756  -0.314604    2.06014    -1.3914
  0.346126 -0.0461611    1.97779   0.151684  -0.314619    2.06017   -1.39141
  0.346157 -0.0461741     1.9778   0.151611  -0.314635    2.06021   -1.39142
 0.346188 -0.046187   1.97781  0.151539  -0.31465   2.06025  -1.39144
  0.346219 -0.0461998    1.97782   0.151468  -0.314666    2.06029   -1.39145
   0.34625 -0.0462125    1.97782   0.151396  -0.314681    2.06032   -1.39146
   0.34628 -0.0462252    1.97783   0.151325  -0.314697    2.06036   -1.39147
  0.346311 -0.0462378    1.97784   0.151255  -0.314712     2.0604   -1.39149
  0.346341 -0.0462503    1.97785   0.151184  -0.314728    2.06043    -1.3915
  0.346371 -0.0462628    1.97786   0.151114  -0.314743    2.06047   -1.39151
  0.346401 -0.0462752    1.97787   0.151045  -0.314758     2.0605   -1.39152
  0.346431 -0.0462875    1.97787   0.150976  -0.314774    2.06054   -1.39154
  0.346461 -0.0462998    1.97788   0.150907  -0.314789    2.06058   -1.39155
 0.346491 -0.046312   1.97789  0.150838 -0.314804   2.06061  -1.39156
   0.34652 -0.0463242     1.9779    0.15077  -0.314819    2.06065   -1.39157
   0.34655 -0.0463362    1.97791   0.150702  -0.314835    2.06068   -1.39158
  0.346579 -0.0463482    1.97792   0.150634   -0.31485    2.06072    -1.3916
  0.346608 -0.0463602    1.97792   0.150567  -0.314865    2.06075   -1.39161
  0.346637 -0.0463721    1.97793     0.1505   -0.31488    2.06079   -1.39162
  0.346666 -0.0463839    1.97794   0.150433  -0.314895    2.06082   -1.39163
  0.346694 -0.0463956    1.97795   0.150367  -0.314911    2.06085   -1.39164
  0.346723 -0.0464073    1.97796   0.150301  -0.314926    2.06089   -1.39165
  0.346751 -0.0464189    1.97797   0.150235  -0.314941    2.06092   -1.39166
  0.346779 -0.0464305    1.97797    0.15017  -0.314956    2.06096   -1.39168
 0.346807 -0.046442   1.97798  0.150105 -0.314971   2.06099  -1.39169
  0.346835 -0.0464534    1.97799    0.15004  -0.314986    2.06102    -1.3917
  0.346863 -0.0464648      1.978   0.149976  -0.315001    2.06106   -1.39171
  0.346891 -0.0464761    1.97801   0.149912  -0.315016    2.06109   -1.39172
  0.346919 -0.0464873    1.97802   0.149848  -0.315031    2.06112   -1.39173
  0.346946 -0.0464985    1.97802   0.149784  -0.315046    2.06116   -1.39174
  0.346973 -0.0465097    1.97803   0.149721  -0.315061    2.06119   -1.39175
  0.347001 -0.0465207    1.97804   0.149658  -0.315076    2.06122   -1.39177
  0.347028 -0.0465317    1.97805   0.149596   -0.31509    2.06125   -1.39178
  0.347055 -0.0465427    1.97806   0.149533  -0.315105    2.06129   -1.39179
  0.347081 -0.0465536    1.97807   0.149471   -0.31512    2.06132    -1.3918
  0.347108 -0.0465644    1.97807    0.14941  -0.315135    2.06135   -1.39181
  0.347135 -0.0465751    1.97808   0.149348   -0.31515    2.06138   -1.39182
  0.347161 -0.0465858    1.97809   0.149287  -0.315164    2.06141   -1.39183
  0.347187 -0.0465965     1.9781   0.149226  -0.315179    2.06144   -1.39184
  0.347214 -0.0466071    1.97811   0.149166  -0.315194    2.06148   -1.39185
   0.34724 -0.0466176    1.97812   0.149106  -0.315209    2.06151   -1.39186
  0.347266 -0.0466281    1.97813   0.149046  -0.315223    2.06154   -1.39187
  0.347291 -0.0466385    1.97813   0.148986  -0.315238    2.06157   -1.39188
  0.347317 -0.0466489    1.97814   0.148927  -0.315253     2.0616   -1.39189
  0.347343 -0.0466592    1.97815   0.148868  -0.315267    2.06163    -1.3919
  0.347368 -0.0466694    1.97816   0.148809  -0.315282    2.06166   -1.39191
  0.347394 -0.0466796    1.97817    0.14875  -0.315296    2.06169   -1.39193
  0.347419 -0.0466897    1.97818   0.148692  -0.315311    2.06172   -1.39194
  0.347444 -0.0466998    1.97819   0.148634  -0.315326    2.06175   -1.39195
  0.347469 -0.0467098    1.97819   0.148577   -0.31534    2.06178   -1.39196
  0.347494 -0.0467198     1.9782   0.148519  -0.315355    2.06181   -1.39197
  0.347518 -0.0467297    1.97821   0.148462  -0.315369    2.06184   -1.39198
  0.347543 -0.0467395    1.97822   0.148405  -0.315384    2.06187   -1.39199
  0.347568 -0.0467493    1.97823   0.148349  -0.315398     2.0619     -1.392
  0.347592 -0.0467591    1.97824   0.148293  -0.315412    2.06193   -1.39201
  0.347616 -0.0467688    1.97825   0.148237  -0.315427    2.06196   -1.39202
   0.34764 -0.0467784    1.97825   0.148181  -0.315441    2.06198   -1.39203
 0.347664 -0.046788   1.97826  0.148125 -0.315456   2.06201  -1.39203
  0.347688 -0.0467975    1.97827    0.14807   -0.31547    2.06204   -1.39204
 0.347712 -0.046807   1.97828  0.148015 -0.315484   2.06207  -1.39205
  0.347736 -0.0468164    1.97829   0.147961  -0.315499     2.0621   -1.39206
   0.34776 -0.0468258     1.9783   0.147906  -0.315513    2.06213   -1.39207
  0.347783 -0.0468351    1.97831   0.147852  -0.315527    2.06215   -1.39208
  0.347806 -0.0468444    1.97832   0.147798  -0.315542    2.06218   -1.39209
   0.34783 -0.0468536    1.97832   0.147745  -0.315556    2.06221    -1.3921
  0.347853 -0.0468627    1.97833   0.147691   -0.31557    2.06224   -1.39211
  0.347876 -0.0468718    1.97834   0.147638  -0.315584    2.06226   -1.39212
  0.347899 -0.0468809    1.97835   0.147585  -0.315598    2.06229   -1.39213
  0.347922 -0.0468899    1.97836   0.147533  -0.315613    2.06232   -1.39214
  0.347944 -0.0468989    1.97837    0.14748  -0.315627    2.06235   -1.39215
  0.347967 -0.0469078    1.97838   0.147428  -0.315641    2.06237   -1.39216
   0.34799 -0.0469166    1.97838   0.147377  -0.315655     2.0624   -1.39217
  0.348012 -0.0469254    1.97839   0.147325  -0.315669    2.06243   -1.39218
  0.348034 -0.0469342     1.9784   0.147274  -0.315683    2.06245   -1.39219
  0.348057 -0.0469429    1.97841   0.147223  -0.315697    2.06248   -1.39219
  0.348079 -0.0469516    1.97842   0.147172  -0.315711    2.06251    -1.3922
  0.348101 -0.0469602    1.97843   0.147121  -0.315725    2.06253   -1.39221
  0.348123 -0.0469687    1.97844   0.147071  -0.315739    2.06256   -1.39222
  0.348144 -0.0469772    1.97845   0.147021  -0.315753    2.06258   -1.39223
  0.348166 -0.0469857    1.97845   0.146971  -0.315767    2.06261   -1.39224
  0.348188 -0.0469941    1.97846   0.146921  -0.315781    2.06264   -1.39225
  0.348209 -0.0470025    1.97847   0.146872  -0.315795    2.06266   -1.39226
   0.34823 -0.0470108    1.97848   0.146823  -0.315809    2.06269   -1.39226
  0.348252 -0.0470191    1.97849   0.146774  -0.315823    2.06271   -1.39227
  0.348273 -0.0470273     1.9785   0.146725  -0.315837    2.06274   -1.39228
  0.348294 -0.0470355    1.97851   0.146677  -0.315851    2.06276   -1.39229
  0.348315 -0.0470436    1.97852   0.146629  -0.315865    2.06279    -1.3923
  0.348336 -0.0470517    1.97853   0.146581  -0.315879    2.06281   -1.39231
  0.348357 -0.0470598    1.97853   0.146533  -0.315893    2.06284   -1.39232
  0.348377 -0.0470677    1.97854   0.146485  -0.315906    2.06286   -1.39232
  0.348398 -0.0470757    1.97855   0.146438   -0.31592    2.06288   -1.39233
  0.348418 -0.0470836    1.97856   0.146391  -0.315934    2.06291   -1.39234
  0.348439 -0.0470915    1.97857   0.146344  -0.315948    2.06293   -1.39235
  0.348459 -0.0470993    1.97858   0.146298  -0.315962    2.06296   -1.39236
 0.348479 -0.047107   1.97859  0.146251 -0.315975   2.06298  -1.39237
  0.348499 -0.0471148     1.9786   0.146205  -0.315989      2.063   -1.39237
  0.348519 -0.0471224    1.97861   0.146159  -0.316003    2.06303   -1.39238
  0.348539 -0.0471301    1.97861   0.146114  -0.316017    2.06305   -1.39239
  0.348559 -0.0471377    1.97862   0.146068   -0.31603    2.06308    -1.3924
  0.348579 -0.0471452    1.97863   0.146023  -0.316044     2.0631   -1.39241
  0.348599 -0.0471527    1.97864   0.145978  -0.316058    2.06312   -1.39241
  0.348618 -0.0471602    1.97865   0.145933  -0.316071    2.06315   -1.39242
  0.348638 -0.0471676    1.97866   0.145888  -0.316085    2.06317   -1.39243
  0.348657 -0.0471749    1.97867   0.145844  -0.316098    2.06319   -1.39244
  0.348676 -0.0471823    1.97868     0.1458  -0.316112    2.06321   -1.39245
  0.348695 -0.0471896    1.97869   0.145756  -0.316126    2.06324   -1.39245
  0.348714 -0.0471968    1.97869   0.145712  -0.316139    2.06326   -1.39246
 0.348734 -0.047204    1.9787  0.145669 -0.316153   2.06328  -1.39247
  0.348752 -0.0472112    1.97871   0.145625  -0.316166     2.0633   -1.39248
  0.348771 -0.0472183    1.97872   0.145582   -0.31618    2.06333   -1.39248
   0.34879 -0.0472254    1.97873   0.145539  -0.316193    2.06335   -1.39249
  0.348809 -0.0472324    1.97874   0.145497  -0.316207    2.06337    -1.3925
  0.348827 -0.0472394    1.97875   0.145454   -0.31622    2.06339   -1.39251
  0.348846 -0.0472463    1.97876   0.145412  -0.316234    2.06341   -1.39252
  0.348864 -0.0472533    1.97877    0.14537  -0.316247    2.06344   -1.39252
  0.348882 -0.0472601    1.97878   0.145328  -0.316261    2.06346   -1.39253
 0.348901 -0.047267   1.97878  0.145286 -0.316274   2.06348  -1.39254
  0.348919 -0.0472737    1.97879   0.145245  -0.316288     2.0635   -1.39255
  0.348937 -0.0472805     1.9788   0.145203  -0.316301    2.06352   -1.39255
  0.348955 -0.0472872    1.97881   0.145162  -0.316314    2.06354   -1.39256
  0.348973 -0.0472939    1.97882   0.145121  -0.316328    2.06356   -1.39257
   0.34899 -0.0473005    1.97883   0.145081  -0.316341    2.06359   -1.39257
  0.349008 -0.0473071    1.97884    0.14504  -0.316354    2.06361   -1.39258
  0.349026 -0.0473137    1.97885      0.145  -0.316368    2.06363   -1.39259
  0.349043 -0.0473202    1.97886    0.14496  -0.316381    2.06365    -1.3926
  0.349061 -0.0473266    1.97887    0.14492  -0.316394    2.06367    -1.3926
  0.349078 -0.0473331    1.97887    0.14488  -0.316408    2.06369   -1.39261
  0.349096 -0.0473395    1.97888   0.144841  -0.316421    2.06371   -1.39262
  0.349113 -0.0473458    1.97889   0.144801  -0.316434    2.06373   -1.39262
   0.34913 -0.0473522     1.9789   0.144762  -0.316447    2.06375   -1.39263
  0.349147 -0.0473585    1.97891   0.144723  -0.316461    2.06377   -1.39264
  0.349164 -0.0473647    1.97892   0.144685  -0.316474    2.06379   -1.39265
  0.349181 -0.0473709    1.97893   0.144646  -0.316487    2.06381   -1.39265
  0.349198 -0.0473771    1.97894   0.144608    -0.3165    2.06383   -1.39266
  0.349214 -0.0473832    1.97895    0.14457  -0.316513    2.06385   -1.39267
  0.349231 -0.0473893    1.97896   0.144532  -0.316527    2.06387   -1.39267
  0.349248 -0.0473954    1.97897   0.144494   -0.31654    2.06389   -1.39268
  0.349264 -0.0474014    1.97897   0.144456  -0.316553    2.06391   -1.39269
  0.349281 -0.0474074    1.97898   0.144419  -0.316566    2.06393   -1.39269
  0.349297 -0.0474133    1.97899   0.144381  -0.316579    2.06395    -1.3927
  0.349313 -0.0474193      1.979   0.144344  -0.316592    2.06397   -1.39271
   0.34933 -0.0474251    1.97901   0.144307  -0.316605    2.06398   -1.39271
 0.349346 -0.047431   1.97902  0.144271 -0.316619     2.064  -1.39272
  0.349362 -0.0474368    1.97903   0.144234  -0.316632    2.06402   -1.39273
  0.349378 -0.0474426    1.97904   0.144198  -0.316645    2.06404   -1.39273
  0.349394 -0.0474483    1.97905   0.144161  -0.316658    2.06406   -1.39274
 0.349409 -0.047454   1.97906  0.144125 -0.316671   2.06408  -1.39275
  0.349425 -0.0474597    1.97907    0.14409  -0.316684     2.0641   -1.39275
  0.349441 -0.0474653    1.97908   0.144054  -0.316697    2.06412   -1.39276
  0.349457 -0.0474709    1.97908   0.144018   -0.31671    2.06413   -1.39276
  0.349472 -0.0474765    1.97909   0.143983  -0.316723    2.06415   -1.39277
 0.349488 -0.047482    1.9791  0.143948 -0.316736   2.06417  -1.39278
  0.349503 -0.0474875    1.97911   0.143913  -0.316749    2.06419   -1.39278
 0.349518 -0.047493   1.97912  0.143878 -0.316762   2.06421  -1.39279
  0.349534 -0.0474984    1.97913   0.143843  -0.316775    2.06422    -1.3928
  0.349549 -0.0475038    1.97914   0.143809  -0.316788    2.06424    -1.3928
  0.349564 -0.0475092    1.97915   0.143775    -0.3168    2.06426   -1.39281
  0.349579 -0.0475145    1.97916    0.14374  -0.316813    2.06428   -1.39281
  0.349594 -0.0475198    1.97917   0.143706  -0.316826    2.06429   -1.39282
 0.349609 -0.047525   1.97918  0.143673 -0.316839   2.06431  -1.39283
  0.349624 -0.0475303    1.97919   0.143639  -0.316852    2.06433   -1.39283
  0.349638 -0.0475355    1.97919   0.143605  -0.316865    2.06435   -1.39284
  0.349653 -0.0475406     1.9792   0.143572  -0.316878    2.06436   -1.39284
  0.349668 -0.0475458    1.97921   0.143539  -0.316891    2.06438   -1.39285
  0.349682 -0.0475509    1.97922   0.143506  -0.316903     2.0644   -1.39286
  0.349697 -0.0475559    1.97923   0.143473  -0.316916    2.06441   -1.39286
 0.349711 -0.047561   1.97924   0.14344 -0.316929   2.06443  -1.39287
 0.349726 -0.047566   1.97925  0.143408 -0.316942   2.06445  -1.39287
  0.34974 -0.047571   1.97926  0.143375 -0.316955   2.06447  -1.39288
  0.349754 -0.0475759    1.97927   0.143343  -0.316967    2.06448   -1.39289
  0.349768 -0.0475808    1.97928   0.143311   -0.31698     2.0645   -1.39289
  0.349782 -0.0475857    1.97929   0.143279  -0.316993    2.06451    -1.3929
  0.349796 -0.0475905     1.9793   0.143247  -0.317006    2.06453    -1.3929
   0.34981 -0.0475954    1.97931   0.143216  -0.317018    2.06455   -1.39291
  0.349824 -0.0476001    1.97932   0.143184  -0.317031    2.06456   -1.39291
  0.349838 -0.0476049    1.97932   0.143153  -0.317044    2.06458   -1.39292
  0.349852 -0.0476096    1.97933   0.143122  -0.317056     2.0646   -1.39293
  0.349866 -0.0476143    1.97934   0.143091  -0.317069    2.06461   -1.39293
 0.349879 -0.047619   1.97935   0.14306 -0.317082   2.06463  -1.39294
  0.349893 -0.0476236    1.97936   0.143029  -0.317094    2.06464   -1.39294
  0.349906 -0.0476282    1.97937   0.142999  -0.317107    2.06466   -1.39295
   0.34992 -0.0476328    1.97938   0.142968   -0.31712    2.06468   -1.39295
  0.349933 -0.0476374    1.97939   0.142938  -0.317132    2.06469   -1.39296
  0.349946 -0.0476419     1.9794   0.142908  -0.317145    2.06471   -1.39296
   0.34996 -0.0476464    1.97941   0.142878  -0.317158    2.06472   -1.39297
  0.349973 -0.0476508    1.97942   0.142848   -0.31717    2.06474   -1.39298
  0.349986 -0.0476553    1.97943   0.142819  -0.317183    2.06475   -1.39298
  0.349999 -0.0476597    1.97944   0.142789  -0.317195    2.06477   -1.39299
 0.350012 -0.047664   1.97945   0.14276 -0.317208   2.06478  -1.39299
  0.350025 -0.0476684    1.97946    0.14273  -0.317221     2.0648     -1.393
  0.350038 -0.0476727    1.97946   0.142701  -0.317233    2.06481     -1.393
 0.350051 -0.047677   1.97947  0.142672 -0.317246   2.06483  -1.39301
  0.350064 -0.0476812    1.97948   0.142644  -0.317258    2.06484   -1.39301
  0.350076 -0.0476855    1.97949   0.142615  -0.317271    2.06486   -1.39302
  0.350089 -0.0476897     1.9795   0.142586  -0.317283    2.06487   -1.39302
  0.350102 -0.0476939    1.97951   0.142558  -0.317296    2.06489   -1.39303
 0.350114 -0.047698   1.97952   0.14253 -0.317308    2.0649  -1.39303
  0.350127 -0.0477021    1.97953   0.142502  -0.317321    2.06492   -1.39304
  0.350139 -0.0477062    1.97954   0.142474  -0.317333    2.06493   -1.39304
  0.350152 -0.0477103    1.97955   0.142446  -0.317346    2.06494   -1.39305
  0.350164 -0.0477143    1.97956   0.142418  -0.317358    2.06496   -1.39305
  0.350176 -0.0477184    1.97957    0.14239  -0.317371    2.06497   -1.39306
  0.350188 -0.0477223    1.97958   0.142363  -0.317383    2.06499   -1.39306
    0.3502 -0.0477263    1.97959   0.142336  -0.317395      2.065   -1.39307
  0.350213 -0.0477302     1.9796   0.142308  -0.317408    2.06502   -1.39307
  0.350225 -0.0477341    1.97961   0.142281   -0.31742    2.06503   -1.39308
 0.350237 -0.047738   1.97961  0.142254 -0.317433   2.06504  -1.39308
  0.350249 -0.0477419    1.97962   0.142228  -0.317445    2.06506   -1.39309
   0.35026 -0.0477457    1.97963   0.142201  -0.317458    2.06507   -1.39309
  0.350272 -0.0477495    1.97964   0.142174   -0.31747    2.06508    -1.3931
  0.350284 -0.0477533    1.97965   0.142148  -0.317482     2.0651    -1.3931
 0.350296 -0.047757   1.97966  0.142122 -0.317495   2.06511  -1.39311
  0.350307 -0.0477608    1.97967   0.142096  -0.317507    2.06513   -1.39311
  0.350319 -0.0477645    1.97968    0.14207  -0.317519    2.06514   -1.39312
  0.350331 -0.0477681    1.97969   0.142044  -0.317532    2.06515   -1.39312
  0.350342 -0.0477718     1.9797   0.142018  -0.317544    2.06517   -1.39313
  0.350353 -0.0477754    1.97971   0.141992  -0.317556    2.06518   -1.39313
 0.350365 -0.047779   1.97972  0.141967 -0.317569   2.06519  -1.39314
  0.350376 -0.0477826    1.97973   0.141941  -0.317581     2.0652   -1.39314
  0.350387 -0.0477861    1.97974   0.141916  -0.317593    2.06522   -1.39315
  0.350399 -0.0477897    1.97975   0.141891  -0.317605    2.06523   -1.39315
   0.35041 -0.0477932    1.97976   0.141866  -0.317618    2.06524   -1.39315
  0.350421 -0.0477967    1.97977   0.141841   -0.31763    2.06526   -1.39316
  0.350432 -0.0478001    1.97978   0.141816  -0.317642    2.06527   -1.39316
  0.350443 -0.0478035    1.97979   0.141792  -0.317655    2.06528   -1.39317
  0.350454 -0.0478069    1.97979   0.141767  -0.317667    2.06529   -1.39317
  0.350465 -0.0478103     1.9798   0.141743  -0.317679    2.06531   -1.39318
  0.350476 -0.0478137    1.97981   0.141718  -0.317691    2.06532   -1.39318
 0.350487 -0.047817   1.97982  0.141694 -0.317703   2.06533  -1.39319
  0.350498 -0.0478203    1.97983    0.14167  -0.317716    2.06534   -1.39319
  0.350508 -0.0478236    1.97984   0.141646  -0.317728    2.06536    -1.3932
  0.350519 -0.0478269    1.97985   0.141622   -0.31774    2.06537    -1.3932
   0.35053 -0.0478301    1.97986   0.141599  -0.317752    2.06538    -1.3932
   0.35054 -0.0478333    1.97987   0.141575  -0.317764    2.06539   -1.39321
  0.350551 -0.0478365    1.97988   0.141551  -0.317777    2.06541   -1.39321
  0.350561 -0.0478397    1.97989   0.141528  -0.317789    2.06542   -1.39322
  0.350572 -0.0478428     1.9799   0.141505  -0.317801    2.06543   -1.39322
 0.350582 -0.047846   1.97991  0.141482 -0.317813   2.06544  -1.39323
  0.350592 -0.0478491    1.97992   0.141459  -0.317825    2.06545   -1.39323
  0.350603 -0.0478522    1.97993   0.141436  -0.317837    2.06547   -1.39323
  0.350613 -0.0478552    1.97994   0.141413  -0.317849    2.06548   -1.39324
  0.350623 -0.0478582    1.97995    0.14139  -0.317862    2.06549   -1.39324
  0.350633 -0.0478613    1.97996   0.141368  -0.317874     2.0655   -1.39325
  0.350643 -0.0478643    1.97997   0.141345  -0.317886    2.06551   -1.39325
  0.350653 -0.0478672    1.97998   0.141323  -0.317898    2.06552   -1.39326
  0.350663 -0.0478702    1.97999     0.1413   -0.31791    2.06554   -1.39326
  0.350673 -0.0478731    1.97999   0.141278  -0.317922    2.06555   -1.39326
 0.350683 -0.047876      1.98  0.141256 -0.317934   2.06556  -1.39327
  0.350693 -0.0478789    1.98001   0.141234  -0.317946    2.06557   -1.39327
  0.350703 -0.0478818    1.98002   0.141212  -0.317958    2.06558   -1.39328
  0.350713 -0.0478846    1.98003   0.141191   -0.31797    2.06559   -1.39328
  0.350723 -0.0478874    1.98004   0.141169  -0.317982     2.0656   -1.39328
  0.350732 -0.0478902    1.98005   0.141148  -0.317994    2.06561   -1.39329
 0.350742 -0.047893   1.98006  0.141126 -0.318006   2.06562  -1.39329
  0.350752 -0.0478957    1.98007   0.141105  -0.318018    2.06564    -1.3933
  0.350761 -0.0478985    1.98008   0.141084   -0.31803    2.06565    -1.3933
  0.350771 -0.0479012    1.98009   0.141063  -0.318042    2.06566    -1.3933
   0.35078 -0.0479039     1.9801   0.141042  -0.318054    2.06567   -1.39331
   0.35079 -0.0479066    1.98011   0.141021  -0.318066    2.06568   -1.39331
  0.350799 -0.0479092    1.98012      0.141  -0.318078    2.06569   -1.39331
  0.350808 -0.0479119    1.98013   0.140979   -0.31809     2.0657   -1.39332
  0.350818 -0.0479145    1.98014   0.140959  -0.318102    2.06571   -1.39332
  0.350827 -0.0479171    1.98015   0.140938  -0.318114    2.06572   -1.39333
  0.350836 -0.0479196    1.98016   0.140918  -0.318126    2.06573   -1.39333
  0.350845 -0.0479222    1.98017   0.140897  -0.318138    2.06574   -1.39333
  0.350854 -0.0479247    1.98018   0.140877   -0.31815    2.06575   -1.39334
  0.350864 -0.0479272    1.98019   0.140857  -0.318162    2.06576   -1.39334
  0.350873 -0.0479297     1.9802   0.140837  -0.318174    2.06577   -1.39335
  0.350882 -0.0479322    1.98021   0.140817  -0.318186    2.06578   -1.39335
  0.350891 -0.0479347    1.98022   0.140797  -0.318198    2.06579   -1.39335
  0.350899 -0.0479371    1.98023   0.140778   -0.31821     2.0658   -1.39336
  0.350908 -0.0479395    1.98024   0.140758  -0.318222    2.06581   -1.39336
  0.350917 -0.0479419    1.98024   0.140739  -0.318233    2.06582   -1.39336
  0.350926 -0.0479443    1.98025   0.140719  -0.318245    2.06583   -1.39337
  0.350935 -0.0479467    1.98026     0.1407  -0.318257    2.06584   -1.39337
 0.350944 -0.047949   1.98027  0.140681 -0.318269   2.06585  -1.39337
  0.350952 -0.0479513    1.98028   0.140661  -0.318281    2.06586   -1.39338
  0.350961 -0.0479536    1.98029   0.140642  -0.318293    2.06587   -1.39338
   0.35097 -0.0479559     1.9803   0.140623  -0.318305    2.06588   -1.39339
  0.350978 -0.0479582    1.98031   0.140605  -0.318317    2.06589   -1.39339
  0.350987 -0.0479604    1.98032   0.140586  -0.318328     2.0659   -1.39339
  0.350995 -0.0479626    1.98033   0.140567   -0.31834    2.06591    -1.3934
  0.351004 -0.0479649    1.98034   0.140549  -0.318352    2.06592    -1.3934
 0.351012 -0.047967   1.98035   0.14053 -0.318364   2.06593   -1.3934
   0.35102 -0.0479692    1.98036   0.140512  -0.318376    2.06594   -1.39341
  0.351029 -0.0479714    1.98037   0.140493  -0.318388    2.06595   -1.39341
  0.351037 -0.0479735    1.98038   0.140475  -0.318399    2.06596   -1.39341
  0.351045 -0.0479756    1.98039   0.140457  -0.318411    2.06597   -1.39342
  0.351054 -0.0479777     1.9804   0.140439  -0.318423    2.06598   -1.39342
  0.351062 -0.0479798    1.98041   0.140421  -0.318435    2.06599   -1.39342
   0.35107 -0.0479819    1.98042   0.140403  -0.318446      2.066   -1.39343
  0.351078 -0.0479839    1.98043   0.140385  -0.318458    2.06601   -1.39343
 0.351086 -0.047986   1.98044  0.140368  -0.31847   2.06602  -1.39343
 0.351094 -0.047988   1.98045   0.14035 -0.318482   2.06602  -1.39344
 0.351102  -0.04799   1.98046  0.140332 -0.318494   2.06603  -1.39344
  0.35111 -0.047992   1.98047  0.140315 -0.318505   2.06604  -1.39344
  0.351118 -0.0479939    1.98048   0.140298  -0.318517    2.06605   -1.39345
  0.351126 -0.0479959    1.98049    0.14028  -0.318529    2.06606   -1.39345
  0.351134 -0.0479978     1.9805   0.140263  -0.318541    2.06607   -1.39345
  0.351142 -0.0479997    1.98051   0.140246  -0.318552    2.06608   -1.39346
   0.35115 -0.0480016    1.98052   0.140229  -0.318564    2.06609   -1.39346
  0.351157 -0.0480035    1.98053   0.140212  -0.318576     2.0661   -1.39346
  0.351165 -0.0480054    1.98054   0.140195  -0.318587     2.0661   -1.39347
  0.351173 -0.0480072    1.98055   0.140178  -0.318599    2.06611   -1.39347
  0.35118 -0.048009   1.98055  0.140162 -0.318611   2.06612  -1.39347
  0.351188 -0.0480109    1.98056   0.140145  -0.318622    2.06613   -1.39348
  0.351196 -0.0480127    1.98057   0.140129  -0.318634    2.06614   -1.39348
  0.351203 -0.0480144    1.98058   0.140112  -0.318646    2.06615   -1.39348
  0.351211 -0.0480162    1.98059   0.140096  -0.318658    2.06616   -1.39348
 0.351218 -0.048018    1.9806   0.14008 -0.318669   2.06616  -1.39349
  0.351226 -0.0480197    1.98061   0.140063  -0.318681    2.06617   -1.39349
  0.351233 -0.0480214    1.98062   0.140047  -0.318693    2.06618   -1.39349
   0.35124 -0.0480231    1.98063   0.140031  -0.318704    2.06619    -1.3935
  0.351248 -0.0480248    1.98064   0.140015  -0.318716     2.0662    -1.3935
  0.351255 -0.0480265    1.98065   0.139999  -0.318727    2.06621    -1.3935
  0.351262 -0.0480281    1.98066   0.139983  -0.318739    2.06621   -1.39351
   0.35127 -0.0480298    1.98067   0.139968  -0.318751    2.06622   -1.39351
  0.351277 -0.0480314    1.98068   0.139952  -0.318762    2.06623   -1.39351
 0.351284 -0.048033   1.98069  0.139937 -0.318774   2.06624  -1.39352
  0.351291 -0.0480346     1.9807   0.139921  -0.318786    2.06625   -1.39352
  0.351298 -0.0480362    1.98071   0.139906  -0.318797    2.06625   -1.39352
  0.351305 -0.0480377    1.98072    0.13989  -0.318809    2.06626   -1.39352
  0.351313 -0.0480393    1.98073   0.139875   -0.31882    2.06627   -1.39353
   0.35132 -0.0480408    1.98074    0.13986  -0.318832    2.06628   -1.39353
  0.351327 -0.0480423    1.98075   0.139845  -0.318844    2.06628   -1.39353
  0.351334 -0.0480438    1.98076    0.13983  -0.318855    2.06629   -1.39354
   0.35134 -0.0480453    1.98077   0.139815  -0.318867     2.0663   -1.39354
  0.351347 -0.0480468    1.98078     0.1398  -0.318878    2.06631   -1.39354
  0.351354 -0.0480482    1.98079   0.139785   -0.31889    2.06632   -1.39354
  0.351361 -0.0480497     1.9808    0.13977  -0.318902    2.06632   -1.39355
  0.351368 -0.0480511    1.98081   0.139755  -0.318913    2.06633   -1.39355
  0.351375 -0.0480525    1.98082   0.139741  -0.318925    2.06634   -1.39355
  0.351381 -0.0480539    1.98083   0.139726  -0.318936    2.06635   -1.39356
  0.351388 -0.0480553    1.98084   0.139712  -0.318948    2.06635   -1.39356
  0.351395 -0.0480567    1.98085   0.139697  -0.318959    2.06636   -1.39356
 0.351402 -0.048058   1.98086  0.139683 -0.318971   2.06637  -1.39356
  0.351408 -0.0480594    1.98087   0.139669  -0.318982    2.06638   -1.39357
  0.351415 -0.0480607    1.98088   0.139654  -0.318994    2.06638   -1.39357
 0.351421 -0.048062   1.98089   0.13964 -0.319005   2.06639  -1.39357
  0.351428 -0.0480633     1.9809   0.139626  -0.319017     2.0664   -1.39357
  0.351434 -0.0480646    1.98091   0.139612  -0.319028     2.0664   -1.39358
  0.351441 -0.0480659    1.98092   0.139598   -0.31904    2.06641   -1.39358
  0.351447 -0.0480672    1.98093   0.139585  -0.319051    2.06642   -1.39358
  0.351454 -0.0480684    1.98094   0.139571  -0.319063    2.06643   -1.39359
   0.35146 -0.0480696    1.98095   0.139557  -0.319074    2.06643   -1.39359
  0.351467 -0.0480709    1.98096   0.139543  -0.319086    2.06644   -1.39359
  0.351473 -0.0480721    1.98097    0.13953  -0.319097    2.06645   -1.39359
  0.351479 -0.0480733    1.98098   0.139516  -0.319109    2.06645    -1.3936
  0.351486 -0.0480744    1.98099   0.139503   -0.31912    2.06646    -1.3936
  0.351492 -0.0480756      1.981   0.139489  -0.319132    2.06647    -1.3936
  0.351498 -0.0480768    1.98101   0.139476  -0.319143    2.06647    -1.3936
  0.351504 -0.0480779    1.98101   0.139463  -0.319155    2.06648   -1.39361
  0.35151 -0.048079   1.98102   0.13945 -0.319166   2.06649  -1.39361
  0.351517 -0.0480801    1.98103   0.139437  -0.319178    2.06649   -1.39361
  0.351523 -0.0480812    1.98104   0.139423  -0.319189     2.0665   -1.39361
  0.351529 -0.0480823    1.98105   0.139411  -0.319201    2.06651   -1.39362
  0.351535 -0.0480834    1.98106   0.139398  -0.319212    2.06651   -1.39362
  0.351541 -0.0480845    1.98107   0.139385  -0.319224    2.06652   -1.39362
  0.351547 -0.0480855    1.98108   0.139372  -0.319235    2.06653   -1.39362
  0.351553 -0.0480865    1.98109   0.139359  -0.319246    2.06653   -1.39363
  0.351559 -0.0480876     1.9811   0.139346  -0.319258    2.06654   -1.39363
  0.351565 -0.0480886    1.98111   0.139334  -0.319269    2.06655   -1.39363
  0.351571 -0.0480896    1.98112   0.139321  -0.319281    2.06655   -1.39363
  0.351577 -0.0480906    1.98113   0.139309  -0.319292    2.06656   -1.39364
  0.351583 -0.0480915    1.98114   0.139296  -0.319303    2.06657   -1.39364
  0.351588 -0.0480925    1.98115   0.139284  -0.319315    2.06657   -1.39364
  0.351594 -0.0480935    1.98116   0.139272  -0.319326    2.06658   -1.39364
    0.3516 -0.0480944    1.98117   0.139259  -0.319338    2.06659   -1.39365
  0.351606 -0.0480953    1.98118   0.139247  -0.319349    2.06659   -1.39365
  0.351611 -0.0480962    1.98119   0.139235   -0.31936     2.0666   -1.39365
  0.351617 -0.0480971     1.9812   0.139223  -0.319372     2.0666   -1.39365
 0.351623 -0.048098   1.98121  0.139211 -0.319383   2.06661  -1.39366
  0.351628 -0.0480989    1.98122   0.139199  -0.319395    2.06662   -1.39366
  0.351634 -0.0480998    1.98123   0.139187  -0.319406    2.06662   -1.39366
   0.35164 -0.0481006    1.98124   0.139175  -0.319417    2.06663   -1.39366
  0.351645 -0.0481015    1.98125   0.139164  -0.319429    2.06663   -1.39366
  0.351651 -0.0481023    1.98126   0.139152   -0.31944    2.06664   -1.39367
  0.351656 -0.0481031    1.98127    0.13914  -0.319451    2.06665   -1.39367
  0.351662 -0.0481039    1.98128   0.139129  -0.319463    2.06665   -1.39367
  0.351667 -0.0481047    1.98129   0.139117  -0.319474    2.06666   -1.39367
  0.351673 -0.0481055     1.9813   0.139106  -0.319485    2.06666   -1.39368
  0.351678 -0.0481063    1.98131   0.139094  -0.319497    2.06667   -1.39368
 0.351684 -0.048107   1.98132  0.139083 -0.319508   2.06668  -1.39368
  0.351689 -0.0481078    1.98133   0.139071  -0.319519    2.06668   -1.39368
  0.351694 -0.0481085    1.98134    0.13906  -0.319531    2.06669   -1.39369
    0.3517 -0.0481093    1.98135   0.139049  -0.319542    2.06669   -1.39369
 0.351705  -0.04811   1.98136  0.139038 -0.319553    2.0667  -1.39369
   0.35171 -0.0481107    1.98137   0.139027  -0.319565    2.06671   -1.39369
  0.351716 -0.0481114    1.98138   0.139016  -0.319576    2.06671   -1.39369
  0.351721 -0.0481121    1.98139   0.139005  -0.319587    2.06672    -1.3937
  0.351726 -0.0481127     1.9814   0.138994  -0.319599    2.06672    -1.3937
  0.351731 -0.0481134    1.98141   0.138983   -0.31961    2.06673    -1.3937
  0.351737 -0.0481141    1.98142   0.138972  -0.319621    2.06673    -1.3937
  0.351742 -0.0481147    1.98143   0.138961  -0.319633    2.06674    -1.3937
  0.351747 -0.0481153    1.98144   0.138951  -0.319644    2.06674   -1.39371
  0.351752 -0.0481159    1.98145    0.13894  -0.319655    2.06675   -1.39371
  0.351757 -0.0481166    1.98146   0.138929  -0.319666    2.06676   -1.39371
  0.351762 -0.0481172    1.98147   0.138919  -0.319678    2.06676   -1.39371
  0.351767 -0.0481177    1.98148   0.138908  -0.319689    2.06677   -1.39372
  0.351772 -0.0481183    1.98149   0.138898    -0.3197    2.06677   -1.39372
  0.351777 -0.0481189     1.9815   0.138887  -0.319712    2.06678   -1.39372
  0.351782 -0.0481194    1.98151   0.138877  -0.319723    2.06678   -1.39372
 0.351787  -0.04812   1.98152  0.138867 -0.319734   2.06679  -1.39372
  0.351792 -0.0481205    1.98153   0.138856  -0.319745    2.06679   -1.39373
  0.351797 -0.0481211    1.98154   0.138846  -0.319757     2.0668   -1.39373
  0.351802 -0.0481216    1.98155   0.138836  -0.319768     2.0668   -1.39373
  0.351807 -0.0481221    1.98156   0.138826  -0.319779    2.06681   -1.39373
  0.351812 -0.0481226    1.98157   0.138816   -0.31979    2.06681   -1.39373
  0.351817 -0.0481231    1.98158   0.138806  -0.319802    2.06682   -1.39374
  0.351821 -0.0481235    1.98159   0.138796  -0.319813    2.06682   -1.39374
 0.351826 -0.048124    1.9816  0.138786 -0.319824   2.06683  -1.39374
  0.351831 -0.0481245    1.98161   0.138776  -0.319835    2.06683   -1.39374
  0.351836 -0.0481249    1.98162   0.138766  -0.319847    2.06684   -1.39374
   0.35184 -0.0481253    1.98163   0.138757  -0.319858    2.06684   -1.39375
  0.351845 -0.0481258    1.98164   0.138747  -0.319869    2.06685   -1.39375
   0.35185 -0.0481262    1.98165   0.138737   -0.31988    2.06685   -1.39375
  0.351855 -0.0481266    1.98166   0.138728  -0.319891    2.06686   -1.39375
 0.351859 -0.048127   1.98167  0.138718 -0.319903   2.06686  -1.39375
  0.351864 -0.0481274    1.98168   0.138709  -0.319914    2.06687   -1.39376
  0.351868 -0.0481278    1.98169   0.138699  -0.319925    2.06687   -1.39376
  0.351873 -0.0481281     1.9817    0.13869  -0.319936    2.06688   -1.39376
  0.351878 -0.0481285    1.98171    0.13868  -0.319947    2.06688   -1.39376
  0.351882 -0.0481288    1.98172   0.138671  -0.319959    2.06689   -1.39376
  0.351887 -0.0481292    1.98173   0.138662   -0.31997    2.06689   -1.39377
  0.351891 -0.0481295    1.98174   0.138652  -0.319981     2.0669   -1.39377
  0.351896 -0.0481298    1.98175   0.138643  -0.319992     2.0669   -1.39377
    0.3519 -0.0481302    1.98176   0.138634  -0.320003    2.06691   -1.39377
  0.351905 -0.0481305    1.98177   0.138625  -0.320015    2.06691   -1.39377
  0.351909 -0.0481308    1.98178   0.138616  -0.320026    2.06692   -1.39377
 0.351913 -0.048131   1.98179  0.138607 -0.320037   2.06692  -1.39378
  0.351918 -0.0481313     1.9818   0.138598  -0.320048    2.06693   -1.39378
  0.351922 -0.0481316    1.98181   0.138589  -0.320059    2.06693   -1.39378
  0.351927 -0.0481318    1.98182    0.13858  -0.320071    2.06693   -1.39378
  0.351931 -0.0481321    1.98183   0.138571  -0.320082    2.06694   -1.39378
  0.351935 -0.0481323    1.98184   0.138562  -0.320093    2.06694   -1.39379
   0.35194 -0.0481326    1.98185   0.138554  -0.320104    2.06695   -1.39379
  0.351944 -0.0481328    1.98186   0.138545  -0.320115    2.06695   -1.39379
 0.351948 -0.048133   1.98187  0.138536 -0.320126   2.06696  -1.39379
  0.351952 -0.0481332    1.98188   0.138528  -0.320137    2.06696   -1.39379
  0.351957 -0.0481334    1.98189   0.138519  -0.320149    2.06697   -1.39379
  0.351961 -0.0481336     1.9819   0.138511   -0.32016    2.06697    -1.3938
  0.351965 -0.0481338    1.98191   0.138502  -0.320171    2.06697    -1.3938
 0.351969 -0.048134   1.98192  0.138494 -0.320182   2.06698   -1.3938
  0.351973 -0.0481341    1.98193   0.138485  -0.320193    2.06698    -1.3938
  0.351978 -0.0481343    1.98194   0.138477  -0.320204    2.06699    -1.3938
  0.351982 -0.0481344    1.98195   0.138469  -0.320215    2.06699    -1.3938
  0.351986 -0.0481346    1.98196    0.13846  -0.320227      2.067   -1.39381
   0.35199 -0.0481347    1.98197   0.138452  -0.320238      2.067   -1.39381
  0.351994 -0.0481348    1.98198   0.138444  -0.320249      2.067   -1.39381
  0.351998 -0.0481349    1.98199   0.138436   -0.32026    2.06701   -1.39381
 0.352002 -0.048135     1.982  0.138428 -0.320271   2.06701  -1.39381
  0.352006 -0.0481351    1.98201   0.138419  -0.320282    2.06702   -1.39382
   0.35201 -0.0481352    1.98202   0.138411  -0.320293    2.06702   -1.39382
  0.352014 -0.0481353    1.98203   0.138403  -0.320304    2.06703   -1.39382
  0.352018 -0.0481354    1.98204   0.138395  -0.320316    2.06703   -1.39382
  0.352022 -0.0481355    1.98205   0.138388  -0.320327    2.06703   -1.39382
  0.352026 -0.0481355    1.98206    0.13838  -0.320338    2.06704   -1.39382
   0.35203 -0.0481356    1.98207   0.138372  -0.320349    2.06704   -1.39382
  0.352034 -0.0481356    1.98208   0.138364   -0.32036    2.06705   -1.39383
  0.352038 -0.0481356    1.98209   0.138356  -0.320371    2.06705   -1.39383
  0.352042 -0.0481357     1.9821   0.138349  -0.320382    2.06705   -1.39383
  0.352045 -0.0481357    1.98211   0.138341  -0.320393    2.06706   -1.39383
  0.352049 -0.0481357    1.98212   0.138333  -0.320404    2.06706   -1.39383
  0.352053 -0.0481357    1.98213   0.138326  -0.320415    2.06707   -1.39383
  0.352057 -0.0481357    1.98214   0.138318  -0.320426    2.06707   -1.39384
  0.352061 -0.0481357    1.98215   0.138311  -0.320438    2.06707   -1.39384
  0.352064 -0.0481357    1.98216   0.138303  -0.320449    2.06708   -1.39384
  0.352068 -0.0481356    1.98217   0.138296   -0.32046    2.06708   -1.39384
  0.352072 -0.0481356    1.98218   0.138288  -0.320471    2.06708   -1.39384
  0.352076 -0.0481356    1.98219   0.138281  -0.320482    2.06709   -1.39384
  0.352079 -0.0481355     1.9822   0.138273  -0.320493    2.06709   -1.39385
  0.352083 -0.0481355    1.98221   0.138266  -0.320504     2.0671   -1.39385
  0.352087 -0.0481354    1.98222   0.138259  -0.320515     2.0671   -1.39385
   0.35209 -0.0481353    1.98223   0.138252  -0.320526     2.0671   -1.39385
  0.352094 -0.0481352    1.98224   0.138244  -0.320537    2.06711   -1.39385
  0.352098 -0.0481351    1.98225   0.138237  -0.320548    2.06711   -1.39385
  0.352101 -0.0481351    1.98226    0.13823  -0.320559    2.06711   -1.39385
 0.352105 -0.048135   1.98227  0.138223  -0.32057   2.06712  -1.39386
  0.352109 -0.0481348    1.98228   0.138216  -0.320581    2.06712   -1.39386
  0.352112 -0.0481347    1.98229   0.138209  -0.320592    2.06712   -1.39386
  0.352116 -0.0481346     1.9823   0.138202  -0.320603    2.06713   -1.39386
  0.352119 -0.0481345    1.98231   0.138195  -0.320614    2.06713   -1.39386
  0.352123 -0.0481343    1.98232   0.138188  -0.320626    2.06714   -1.39386
  0.352126 -0.0481342    1.98233   0.138181  -0.320637    2.06714   -1.39387
   0.35213 -0.0481341    1.98234   0.138174  -0.320648    2.06714   -1.39387
  0.352133 -0.0481339    1.98235   0.138167  -0.320659    2.06715   -1.39387
  0.352137 -0.0481337    1.98236   0.138161   -0.32067    2.06715   -1.39387
   0.35214 -0.0481336    1.98237   0.138154  -0.320681    2.06715   -1.39387
  0.352144 -0.0481334    1.98238   0.138147  -0.320692    2.06716   -1.39387
  0.352147 -0.0481332    1.98239   0.138141  -0.320703    2.06716   -1.39387
 0.352151 -0.048133    1.9824  0.138134 -0.320714   2.06716  -1.39388
  0.352154 -0.0481328    1.98241   0.138127  -0.320725    2.06717   -1.39388
  0.352157 -0.0481326    1.98242   0.138121  -0.320736    2.06717   -1.39388
  0.352161 -0.0481324    1.98243   0.138114  -0.320747    2.06717   -1.39388
  0.352164 -0.0481322    1.98244   0.138108  -0.320758    2.06718   -1.39388
 0.352167 -0.048132   1.98245  0.138101 -0.320769   2.06718  -1.39388
  0.352171 -0.0481317    1.98246   0.138095   -0.32078    2.06718   -1.39388
  0.352174 -0.0481315    1.98247   0.138088  -0.320791    2.06719   -1.39389
  0.352177 -0.0481312    1.98248   0.138082  -0.320802    2.06719   -1.39389
 0.352181 -0.048131   1.98249  0.138076 -0.320813   2.06719  -1.39389
  0.352184 -0.0481307     1.9825   0.138069  -0.320824     2.0672   -1.39389
  0.352187 -0.0481305    1.98251   0.138063  -0.320835     2.0672   -1.39389
  0.352191 -0.0481302    1.98252   0.138057  -0.320846     2.0672   -1.39389
  0.352194 -0.0481299    1.98253    0.13805  -0.320857    2.06721   -1.39389
  0.352197 -0.0481296    1.98254   0.138044  -0.320868    2.06721   -1.39389
    0.3522 -0.0481293    1.98255   0.138038  -0.320879    2.06721    -1.3939
  0.352203 -0.0481291    1.98256   0.138032   -0.32089    2.06722    -1.3939
  0.352207 -0.0481288    1.98257   0.138026  -0.320901    2.06722    -1.3939
   0.35221 -0.0481284    1.98258    0.13802  -0.320912    2.06722    -1.3939
  0.352213 -0.0481281    1.98259   0.138014  -0.320923    2.06722    -1.3939
