-0.0833668  0.0265998  -0.226399
-0.0615507  0.0188212  -0.167812
-0.0380792  0.0143778  -0.121848
-0.016841 0.0118294 -0.086826
0.00102226  0.0103399 -0.0605011
 0.0156066 0.00943331 -0.0407122
 0.0274204 0.00884355   -0.02569
 0.0370233 0.00842462 -0.0141034
  0.044901 0.00809805 -0.0049944
 0.0514388  0.0078228 0.00231185
 0.0569308 0.00757812 0.00828731
 0.0615981 0.00735399  0.0132623
 0.0656064 0.00714583  0.0174695
   0.06908 0.00695171  0.0210749
 0.0721134 0.00677083  0.0241985
 0.0747791 0.00660277  0.0269286
0.0771337 0.0064472 0.0293314
0.0792217 0.0063037 0.0314577
 0.0810792 0.00617176  0.0333471
 0.0827356 0.00605078  0.0350314
 0.0842151 0.00594007  0.0365365
 0.0855385 0.00583892  0.0378838
 0.0867233 0.00574662  0.0390914
 0.0877845 0.00566246  0.0401748
 0.0887355 0.00558575  0.0411475
 0.0895876 0.00551584   0.042021
 0.0903513 0.00545213  0.0428057
 0.0910354 0.00539403  0.0435108
 0.0916482 0.00534104  0.0441442
 0.0921967 0.00529267  0.0447133
 0.0926875 0.00524848  0.0452244
 0.0931264 0.00520808  0.0456835
 0.0935185 0.00517109  0.0460956
0.0938686 0.0051372 0.0464655
0.0941808 0.0051061 0.0467973
  0.094459 0.00507752  0.0470949
 0.0947065 0.00505122  0.0473617
 0.0949264 0.00502699  0.0476007
 0.0951216 0.00500462  0.0478147
 0.0952944 0.00498393  0.0480062
 0.0954472 0.00496477  0.0481775
 0.0955819 0.00494698  0.0483305
 0.0957005 0.00493044  0.0484671
 0.0958044 0.00491503  0.0485889
 0.0958953 0.00490064  0.0486974
 0.0959745 0.00488718   0.048794
  0.096043 0.00487455  0.0488798
 0.0961022 0.00486269  0.0489559
 0.0961528 0.00485152  0.0490233
 0.0961958 0.00484097  0.0490829
0.0962319  0.004831 0.0491355
  0.096262 0.00482154  0.0491817
 0.0962865 0.00481255  0.0492223
0.0963062  0.004804 0.0492577
 0.0963215 0.00479583  0.0492886
 0.0963329 0.00478802  0.0493154
 0.0963407 0.00478054  0.0493384
 0.0963455 0.00477336  0.0493582
 0.0963474 0.00476645  0.0493749
 0.0963469 0.00475979  0.0493891
 0.0963442 0.00475336  0.0494008
 0.0963396 0.00474714  0.0494104
 0.0963332 0.00474112   0.049418
 0.0963252 0.00473527   0.049424
  0.096316 0.00472959  0.0494284
 0.0963055 0.00472407  0.0494315
  0.096294 0.00471868  0.0494334
 0.0962816 0.00471343  0.0494341
0.0962683 0.0047083 0.0494339
 0.0962544 0.00470329  0.0494328
 0.0962399 0.00469838   0.049431
 0.0962249 0.00469357  0.0494285
 0.0962094 0.00468886  0.0494254
 0.0961936 0.00468423  0.0494217
 0.0961774 0.00467969  0.0494176
  0.096161 0.00467522  0.0494131
 0.0961444 0.00467083  0.0494082
 0.0961276 0.00466651   0.049403
 0.0961107 0.00466225  0.0493976
 0.0960937 0.00465806  0.0493919
 0.0960767 0.00465393   0.049386
 0.0960596 0.00464986  0.0493799
 0.0960425 0.00464584  0.0493737
 0.0960254 0.00464188  0.0493673
 0.0960084 0.00463797  0.0493609
0.0959914 0.0046341 0.0493543
 0.0959745 0.00463029  0.0493477
 0.0959576 0.00462652  0.0493411
 0.0959409 0.00462279  0.0493344
 0.0959242 0.00461911  0.0493277
 0.0959077 0.00461547   0.049321
 0.0958913 0.00461188  0.0493142
  0.095875 0.00460832  0.0493075
0.0958588 0.0046048 0.0493008
 0.0958428 0.00460131  0.0492941
 0.0958269 0.00459787  0.0492874
 0.0958112 0.00459446  0.0492808
 0.0957956 0.00459109  0.0492742
 0.0957801 0.00458775  0.0492676
 0.0957648 0.00458444  0.0492611
 0.0957497 0.00458117  0.0492546
 0.0957347 0.00457793  0.0492482
 0.0957199 0.00457473  0.0492418
 0.0957052 0.00457155  0.0492354
 0.0956907 0.00456841  0.0492292
0.0956763 0.0045653 0.0492229
 0.0956621 0.00456221  0.0492168
 0.0956481 0.00455916  0.0492107
 0.0956342 0.00455614  0.0492046
 0.0956204 0.00455314  0.0491986
 0.0956069 0.00455018  0.0491927
 0.0955934 0.00454724  0.0491868
 0.0955801 0.00454433   0.049181
  0.095567 0.00454145  0.0491753
 0.095554 0.0045386 0.0491696
 0.0955412 0.00453577  0.0491639
 0.0955285 0.00453297  0.0491584
  0.095516 0.00453019  0.0491529
 0.0955036 0.00452744  0.0491474
 0.0954913 0.00452472   0.049142
 0.0954792 0.00452202  0.0491367
 0.0954673 0.00451935  0.0491314
0.0954554 0.0045167 0.0491262
 0.0954437 0.00451408   0.049121
 0.0954322 0.00451148  0.0491159
 0.0954208 0.00450891  0.0491109
 0.0954095 0.00450635  0.0491059
 0.0953983 0.00450383   0.049101
 0.0953873 0.00450132  0.0490961
 0.0953764 0.00449884  0.0490913
 0.0953656 0.00449638  0.0490865
 0.0953549 0.00449395  0.0490818
 0.0953444 0.00449153  0.0490772
  0.095334 0.00448914  0.0490726
 0.0953237 0.00448677   0.049068
 0.0953135 0.00448442  0.0490635
0.0953035 0.0044821 0.0490591
 0.0952936 0.00447979  0.0490547
 0.0952837 0.00447751  0.0490503
  0.095274 0.00447525   0.049046
0.0952644  0.004473 0.0490418
 0.0952549 0.00447078  0.0490376
 0.0952456 0.00446858  0.0490334
0.0952363 0.0044664 0.0490293
 0.0952271 0.00446424  0.0490252
 0.0952181 0.00446209  0.0490212
 0.0952091 0.00445997  0.0490172
 0.0952002 0.00445787  0.0490133
 0.0951915 0.00445578  0.0490094
 0.0951828 0.00445372  0.0490056
 0.0951743 0.00445167  0.0490018
 0.0951658 0.00444964  0.0489981
 0.0951574 0.00444764  0.0489943
 0.0951492 0.00444564  0.0489907
  0.095141 0.00444367   0.048987
 0.0951329 0.00444172  0.0489835
 0.0951249 0.00443978  0.0489799
  0.095117 0.00443786  0.0489764
 0.0951092 0.00443595  0.0489729
 0.0951015 0.00443407  0.0489695
0.0950938 0.0044322 0.0489661
 0.0950863 0.00443035  0.0489628
 0.0950788 0.00442851  0.0489594
0.0950714 0.0044267 0.0489562
 0.0950641 0.00442489  0.0489529
 0.0950569 0.00442311  0.0489497
 0.0950497 0.00442134  0.0489465
 0.0950427 0.00441959  0.0489434
 0.0950357 0.00441785  0.0489403
 0.0950288 0.00441613  0.0489372
 0.0950219 0.00441442  0.0489342
 0.0950152 0.00441273  0.0489312
 0.0950085 0.00441105  0.0489282
 0.0950019 0.00440939  0.0489253
 0.0949953 0.00440775  0.0489224
 0.0949889 0.00440612  0.0489195
0.0949825 0.0044045 0.0489167
0.0949762 0.0044029 0.0489139
 0.0949699 0.00440131  0.0489111
 0.0949637 0.00439974  0.0489083
 0.0949576 0.00439818  0.0489056
 0.0949515 0.00439664  0.0489029
0.0949455 0.0043951 0.0489003
 0.0949396 0.00439359  0.0488976
 0.0949338 0.00439208   0.048895
  0.094928 0.00439059  0.0488925
 0.0949222 0.00438912  0.0488899
 0.0949166 0.00438765  0.0488874
 0.094911 0.0043862 0.0488849
 0.0949054 0.00438477  0.0488824
 0.0948999 0.00438334    0.04888
 0.0948945 0.00438193  0.0488776
 0.0948891 0.00438053  0.0488752
 0.0948838 0.00437915  0.0488728
 0.0948786 0.00437777  0.0488705
 0.0948734 0.00437641  0.0488682
 0.0948682 0.00437506  0.0488659
 0.0948631 0.00437372  0.0488636
0.0948581 0.0043724 0.0488614
 0.0948531 0.00437109  0.0488592
 0.0948482 0.00436978   0.048857
0.0948433 0.0043685 0.0488548
 0.0948385 0.00436722  0.0488527
 0.0948337 0.00436595  0.0488505
  0.094829 0.00436469  0.0488484
 0.0948243 0.00436345  0.0488464
 0.0948197 0.00436222  0.0488443
0.0948151  0.004361 0.0488423
 0.0948106 0.00435978  0.0488403
 0.0948061 0.00435858  0.0488383
 0.0948017 0.00435739  0.0488363
 0.0947973 0.00435622  0.0488343
 0.0947929 0.00435505  0.0488324
 0.0947886 0.00435389  0.0488305
 0.0947844 0.00435274  0.0488286
0.0947802 0.0043516 0.0488267
  0.094776 0.00435048  0.0488249
 0.0947719 0.00434936  0.0488231
 0.0947678 0.00434825  0.0488213
 0.0947638 0.00434716  0.0488195
 0.0947598 0.00434607  0.0488177
 0.0947559 0.00434499  0.0488159
  0.094752 0.00434392  0.0488142
 0.0947481 0.00434287  0.0488125
 0.0947443 0.00434182  0.0488108
 0.0947405 0.00434078  0.0488091
 0.0947367 0.00433975  0.0488074
  0.094733 0.00433873  0.0488058
 0.0947294 0.00433771  0.0488041
 0.0947257 0.00433671  0.0488025
 0.0947221 0.00433572  0.0488009
 0.0947186 0.00433473  0.0487993
  0.094715 0.00433376  0.0487978
 0.0947116 0.00433279  0.0487962
 0.0947081 0.00433183  0.0487947
 0.0947047 0.00433088  0.0487932
 0.0947013 0.00432994  0.0487917
 0.094698  0.004329 0.0487902
 0.0946947 0.00432808  0.0487887
 0.0946914 0.00432716  0.0487872
 0.0946881 0.00432625  0.0487858
 0.0946849 0.00432535  0.0487844
 0.0946818 0.00432446   0.048783
 0.0946786 0.00432358  0.0487816
0.0946755 0.0043227 0.0487802
 0.0946724 0.00432183  0.0487788
 0.0946694 0.00432097  0.0487774
 0.0946663 0.00432011  0.0487761
 0.0946634 0.00431927  0.0487748
 0.0946604 0.00431843  0.0487735
0.0946575 0.0043176 0.0487722
 0.0946546 0.00431678  0.0487709
 0.0946517 0.00431596  0.0487696
 0.0946489 0.00431515  0.0487683
  0.094646 0.00431435  0.0487671
 0.0946433 0.00431356  0.0487658
 0.0946405 0.00431277  0.0487646
 0.0946378 0.00431199  0.0487634
 0.0946351 0.00431121  0.0487622
 0.0946324 0.00431045   0.048761
 0.0946298 0.00430969  0.0487598
 0.0946271 0.00430893  0.0487587
 0.0946245 0.00430819  0.0487575
  0.094622 0.00430745  0.0487564
 0.0946194 0.00430672  0.0487553
 0.0946169 0.00430599  0.0487541
 0.0946144 0.00430527   0.048753
  0.094612 0.00430456  0.0487519
 0.0946095 0.00430385  0.0487508
 0.0946071 0.00430315  0.0487498
 0.0946047 0.00430245  0.0487487
 0.0946023 0.00430176  0.0487477
    0.0946 0.00430108  0.0487466
 0.0945977 0.00430041  0.0487456
 0.0945954 0.00429974  0.0487446
 0.0945931 0.00429907  0.0487435
 0.0945908 0.00429841  0.0487425
 0.0945886 0.00429776  0.0487416
 0.0945864 0.00429711  0.0487406
 0.0945842 0.00429647  0.0487396
  0.094582 0.00429584  0.0487386
 0.0945799 0.00429521  0.0487377
 0.0945778 0.00429458  0.0487367
 0.0945757 0.00429397  0.0487358
 0.0945736 0.00429335  0.0487349
 0.0945715 0.00429274   0.048734
 0.0945695 0.00429214  0.0487331
 0.0945675 0.00429155  0.0487322
 0.0945655 0.00429095  0.0487313
 0.0945635 0.00429037  0.0487304
 0.0945615 0.00428979  0.0487295
 0.0945596 0.00428921  0.0487287
 0.0945576 0.00428864  0.0487278
 0.0945557 0.00428808   0.048727
 0.0945539 0.00428751  0.0487261
  0.094552 0.00428696  0.0487253
 0.0945501 0.00428641  0.0487245
 0.0945483 0.00428586  0.0487237
 0.0945465 0.00428532  0.0487229
 0.0945447 0.00428479  0.0487221
 0.0945429 0.00428425  0.0487213
 0.0945412 0.00428373  0.0487205
 0.0945394 0.00428321  0.0487197
 0.0945377 0.00428269   0.048719
  0.094536 0.00428218  0.0487182
 0.0945343 0.00428167  0.0487174
 0.0945326 0.00428116  0.0487167
 0.0945309 0.00428067   0.048716
 0.0945293 0.00428017  0.0487152
 0.0945277 0.00427968  0.0487145
 0.0945261 0.00427919  0.0487138
 0.0945245 0.00427871  0.0487131
 0.0945229 0.00427824  0.0487124
 0.0945213 0.00427776  0.0487117
 0.0945198 0.00427729   0.048711
 0.0945182 0.00427683  0.0487103
 0.0945167 0.00427637  0.0487097
 0.0945152 0.00427591   0.048709
 0.0945137 0.00427546  0.0487083
 0.0945122 0.00427501  0.0487077
 0.0945108 0.00427457   0.048707
 0.0945093 0.00427413  0.0487064
 0.0945079 0.00427369  0.0487058
 0.0945064 0.00427326  0.0487051
  0.094505 0.00427283  0.0487045
0.0945036 0.0042724 0.0487039
 0.0945023 0.00427198  0.0487033
 0.0945009 0.00427156  0.0487027
 0.0944995 0.00427115  0.0487021
 0.0944982 0.00427074  0.0487015
 0.0944969 0.00427033  0.0487009
 0.0944956 0.00426993  0.0487003
 0.0944943 0.00426953  0.0486997
  0.094493 0.00426914  0.0486992
 0.0944917 0.00426874  0.0486986
 0.0944904 0.00426836   0.048698
 0.0944892 0.00426797  0.0486975
 0.0944879 0.00426759  0.0486969
 0.0944867 0.00426721  0.0486964
 0.0944855 0.00426684  0.0486959
 0.0944843 0.00426646  0.0486953
0.0944831 0.0042661 0.0486948
 0.0944819 0.00426573  0.0486943
 0.0944807 0.00426537  0.0486938
 0.0944796 0.00426501  0.0486932
 0.0944784 0.00426465  0.0486927
0.0944773 0.0042643 0.0486922
 0.0944761 0.00426395  0.0486917
  0.094475 0.00426361  0.0486912
 0.0944739 0.00426326  0.0486908
 0.0944728 0.00426292  0.0486903
 0.0944717 0.00426259  0.0486898
 0.0944707 0.00426225  0.0486893
 0.0944696 0.00426192  0.0486889
 0.0944685 0.00426159  0.0486884
 0.0944675 0.00426127  0.0486879
 0.0944665 0.00426095  0.0486875
 0.0944654 0.00426063   0.048687
 0.0944644 0.00426031  0.0486866
0.0944634   0.00426 0.0486861
 0.0944624 0.00425969  0.0486857
 0.0944614 0.00425938  0.0486853
 0.0944604 0.00425907  0.0486848
 0.0944595 0.00425877  0.0486844
 0.0944585 0.00425847   0.048684
 0.0944576 0.00425817  0.0486836
 0.0944566 0.00425788  0.0486832
 0.0944557 0.00425758  0.0486828
0.0944548 0.0042573 0.0486823
 0.0944539 0.00425701  0.0486819
  0.094453 0.00425672  0.0486815
 0.0944521 0.00425644  0.0486812
 0.0944512 0.00425616  0.0486808
 0.0944503 0.00425589  0.0486804
 0.0944494 0.00425561    0.04868
 0.0944486 0.00425534  0.0486796
 0.0944477 0.00425507  0.0486792
0.0944468 0.0042548 0.0486789
  0.094446 0.00425454  0.0486785
 0.0944452 0.00425428  0.0486781
 0.0944444 0.00425402  0.0486778
 0.0944435 0.00425376  0.0486774
0.0944427 0.0042535 0.0486771
 0.0944419 0.00425325  0.0486767
0.0944411  0.004253 0.0486764
 0.0944404 0.00425275   0.048676
0.0944396 0.0042525 0.0486757
 0.0944388 0.00425226  0.0486754
  0.094438 0.00425202   0.048675
 0.0944373 0.00425178  0.0486747
 0.0944365 0.00425154  0.0486744
0.0944358 0.0042513  0.048674
 0.0944351 0.00425107  0.0486737
 0.0944343 0.00425084  0.0486734
 0.0944336 0.00425061  0.0486731
 0.0944329 0.00425038  0.0486728
 0.0944322 0.00425015  0.0486725
 0.0944315 0.00424993  0.0486722
 0.0944308 0.00424971  0.0486719
 0.0944301 0.00424949  0.0486716
 0.0944294 0.00424927  0.0486713
 0.0944287 0.00424906   0.048671
 0.0944281 0.00424884  0.0486707
 0.0944274 0.00424863  0.0486704
 0.0944268 0.00424842  0.0486701
 0.0944261 0.00424821  0.0486698
 0.0944255 0.00424801  0.0486695
0.0944248 0.0042478 0.0486693
0.0944242 0.0042476  0.048669
0.0944236 0.0042474 0.0486687
0.0944229 0.0042472 0.0486685
0.0944223  0.004247 0.0486682
 0.0944217 0.00424681  0.0486679
 0.0944211 0.00424661  0.0486677
 0.0944205 0.00424642  0.0486674
 0.0944199 0.00424623  0.0486672
 0.0944194 0.00424604  0.0486669
 0.0944188 0.00424586  0.0486666
 0.0944182 0.00424567  0.0486664
 0.0944176 0.00424549  0.0486662
0.0944171 0.0042453 0.0486659
 0.0944165 0.00424512  0.0486657
 0.0944159 0.00424495  0.0486654
 0.0944154 0.00424477  0.0486652
 0.0944149 0.00424459   0.048665
 0.0944143 0.00424442  0.0486647
 0.0944138 0.00424425  0.0486645
 0.0944133 0.00424407  0.0486643
 0.0944127 0.00424391   0.048664
 0.0944122 0.00424374  0.0486638
 0.0944117 0.00424357  0.0486636
 0.0944112 0.00424341  0.0486634
 0.0944107 0.00424324  0.0486632
 0.0944102 0.00424308  0.0486629
 0.0944097 0.00424292  0.0486627
 0.0944092 0.00424276  0.0486625
0.0944087 0.0042426 0.0486623
 0.0944082 0.00424245  0.0486621
 0.0944078 0.00424229  0.0486619
 0.0944073 0.00424214  0.0486617
 0.0944068 0.00424199  0.0486615
 0.0944064 0.00424184  0.0486613
 0.0944059 0.00424169  0.0486611
 0.0944055 0.00424154  0.0486609
  0.094405 0.00424139  0.0486607
 0.0944046 0.00424124  0.0486605
0.0944041 0.0042411 0.0486603
 0.0944037 0.00424096  0.0486602
 0.0944032 0.00424082    0.04866
 0.0944028 0.00424068  0.0486598
 0.0944024 0.00424054  0.0486596
 0.094402 0.0042404 0.0486594
 0.0944016 0.00424026  0.0486593
 0.0944011 0.00424013  0.0486591
 0.0944007 0.00423999  0.0486589
 0.0944003 0.00423986  0.0486587
 0.0943999 0.00423973  0.0486586
0.0943995 0.0042396 0.0486584
 0.0943991 0.00423947  0.0486582
 0.0943987 0.00423934  0.0486581
 0.0943984 0.00423921  0.0486579
  0.094398 0.00423908  0.0486577
 0.0943976 0.00423896  0.0486576
 0.0943972 0.00423884  0.0486574
 0.0943968 0.00423871  0.0486573
 0.0943965 0.00423859  0.0486571
 0.0943961 0.00423847  0.0486569
 0.0943957 0.00423835  0.0486568
 0.0943954 0.00423823  0.0486566
  0.094395 0.00423811  0.0486565
0.0943947  0.004238 0.0486563
 0.0943943 0.00423788  0.0486562
  0.094394 0.00423777  0.0486561
 0.0943936 0.00423765  0.0486559
 0.0943933 0.00423754  0.0486558
  0.094393 0.00423743  0.0486556
 0.0943926 0.00423732  0.0486555
 0.0943923 0.00423721  0.0486553
 0.094392 0.0042371 0.0486552
0.0943917  0.004237 0.0486551
 0.0943913 0.00423689  0.0486549
  0.094391 0.00423678  0.0486548
 0.0943907 0.00423668  0.0486547
 0.0943904 0.00423658  0.0486545
 0.0943901 0.00423647  0.0486544
 0.0943898 0.00423637  0.0486543
 0.0943895 0.00423627  0.0486542
 0.0943892 0.00423617   0.048654
 0.0943889 0.00423607  0.0486539
 0.0943886 0.00423597  0.0486538
 0.0943883 0.00423588  0.0486537
  0.094388 0.00423578  0.0486536
 0.0943877 0.00423568  0.0486534
 0.0943874 0.00423559  0.0486533
 0.0943872 0.00423549  0.0486532
0.0943869 0.0042354 0.0486531
 0.0943866 0.00423531   0.048653
 0.0943863 0.00423522  0.0486529
 0.0943861 0.00423513  0.0486527
 0.0943858 0.00423504  0.0486526
 0.0943855 0.00423495  0.0486525
 0.0943853 0.00423486  0.0486524
  0.094385 0.00423477  0.0486523
 0.0943848 0.00423469  0.0486522
0.0943845 0.0042346 0.0486521
 0.0943842 0.00423452   0.048652
  0.094384 0.00423443  0.0486519
 0.0943837 0.00423435  0.0486518
 0.0943835 0.00423426  0.0486517
 0.0943833 0.00423418  0.0486516
 0.094383 0.0042341 0.0486515
 0.0943828 0.00423402  0.0486514
 0.0943825 0.00423394  0.0486513
 0.0943823 0.00423386  0.0486512
 0.0943821 0.00423378  0.0486511
0.0943818 0.0042337  0.048651
 0.0943816 0.00423363  0.0486509
 0.0943814 0.00423355  0.0486508
 0.0943812 0.00423348  0.0486507
0.0943809 0.0042334 0.0486507
 0.0943807 0.00423333  0.0486506
 0.0943805 0.00423325  0.0486505
 0.0943803 0.00423318  0.0486504
 0.0943801 0.00423311  0.0486503
 0.0943799 0.00423304  0.0486502
 0.0943797 0.00423296  0.0486501
 0.0943795 0.00423289  0.0486501
 0.0943793 0.00423282    0.04865
 0.0943791 0.00423275  0.0486499
 0.0943789 0.00423269  0.0486498
 0.0943787 0.00423262  0.0486497
 0.0943785 0.00423255  0.0486497
 0.0943783 0.00423248  0.0486496
 0.0943781 0.00423242  0.0486495
 0.0943779 0.00423235  0.0486494
 0.0943777 0.00423229  0.0486494
 0.0943775 0.00423222  0.0486493
 0.0943773 0.00423216  0.0486492
0.0943771 0.0042321 0.0486491
 0.0943769 0.00423203  0.0486491
 0.0943768 0.00423197   0.048649
 0.0943766 0.00423191  0.0486489
 0.0943764 0.00423185  0.0486488
 0.0943762 0.00423179  0.0486488
 0.0943761 0.00423173  0.0486487
 0.0943759 0.00423167  0.0486486
 0.0943757 0.00423161  0.0486486
 0.0943755 0.00423155  0.0486485
 0.0943754 0.00423149  0.0486484
 0.0943752 0.00423144  0.0486484
 0.0943751 0.00423138  0.0486483
 0.0943749 0.00423132  0.0486483
 0.0943747 0.00423127  0.0486482
 0.0943746 0.00423121  0.0486481
 0.0943744 0.00423116  0.0486481
0.0943743 0.0042311  0.048648
 0.0943741 0.00423105  0.0486479
 0.0943739 0.00423099  0.0486479
 0.0943738 0.00423094  0.0486478
 0.0943736 0.00423089  0.0486478
 0.0943735 0.00423084  0.0486477
 0.0943733 0.00423079  0.0486477
 0.0943732 0.00423073  0.0486476
 0.0943731 0.00423068  0.0486475
 0.0943729 0.00423063  0.0486475
 0.0943728 0.00423058  0.0486474
 0.0943726 0.00423053  0.0486474
 0.0943725 0.00423049  0.0486473
 0.0943724 0.00423044  0.0486473
 0.0943722 0.00423039  0.0486472
 0.0943721 0.00423034  0.0486472
 0.094372 0.0042303 0.0486471
 0.0943718 0.00423025  0.0486471
0.0943717 0.0042302  0.048647
 0.0943716 0.00423016   0.048647
 0.0943714 0.00423011  0.0486469
 0.0943713 0.00423007  0.0486469
 0.0943712 0.00423002  0.0486468
 0.0943711 0.00422998  0.0486468
 0.0943709 0.00422993  0.0486468
 0.0943708 0.00422989  0.0486467
 0.0943707 0.00422985  0.0486467
0.0943706 0.0042298 0.0486466
 0.0943704 0.00422976  0.0486466
 0.0943703 0.00422972  0.0486465
 0.0943702 0.00422968  0.0486465
 0.0943701 0.00422964  0.0486464
  0.09437 0.0042296 0.0486464
 0.0943699 0.00422956  0.0486464
 0.0943698 0.00422952  0.0486463
 0.0943696 0.00422948  0.0486463
 0.0943695 0.00422944  0.0486462
0.0943694 0.0042294 0.0486462
 0.0943693 0.00422936  0.0486462
 0.0943692 0.00422932  0.0486461
 0.0943691 0.00422928  0.0486461
  0.094369 0.00422925  0.0486461
 0.0943689 0.00422921   0.048646
 0.0943688 0.00422917   0.048646
 0.0943687 0.00422914  0.0486459
0.0943686 0.0042291 0.0486459
 0.0943685 0.00422906  0.0486459
 0.0943684 0.00422903  0.0486458
 0.0943683 0.00422899  0.0486458
 0.0943682 0.00422896  0.0486458
 0.0943681 0.00422892  0.0486457
  0.094368 0.00422889  0.0486457
 0.0943679 0.00422886  0.0486457
 0.0943678 0.00422882  0.0486456
 0.0943677 0.00422879  0.0486456
 0.0943677 0.00422876  0.0486456
 0.0943676 0.00422872  0.0486456
 0.0943675 0.00422869  0.0486455
 0.0943674 0.00422866  0.0486455
 0.0943673 0.00422863  0.0486455
 0.0943672 0.00422859  0.0486454
 0.0943671 0.00422856  0.0486454
  0.094367 0.00422853  0.0486454
 0.094367 0.0042285 0.0486454
 0.0943669 0.00422847  0.0486453
 0.0943668 0.00422844  0.0486453
 0.0943667 0.00422841  0.0486453
 0.0943666 0.00422838  0.0486452
 0.0943666 0.00422835  0.0486452
 0.0943665 0.00422832  0.0486452
 0.0943664 0.00422829  0.0486452
 0.0943663 0.00422826  0.0486451
 0.0943662 0.00422824  0.0486451
 0.0943662 0.00422821  0.0486451
 0.0943661 0.00422818  0.0486451
  0.094366 0.00422815  0.0486451
 0.0943659 0.00422813   0.048645
0.0943659 0.0042281  0.048645
 0.0943658 0.00422807   0.048645
 0.0943657 0.00422805   0.048645
 0.0943657 0.00422802  0.0486449
 0.0943656 0.00422799  0.0486449
 0.0943655 0.00422797  0.0486449
 0.0943655 0.00422794  0.0486449
 0.0943654 0.00422792  0.0486449
 0.0943653 0.00422789  0.0486448
 0.0943653 0.00422787  0.0486448
 0.0943652 0.00422784  0.0486448
 0.0943651 0.00422782  0.0486448
 0.0943651 0.00422779  0.0486448
  0.094365 0.00422777  0.0486447
 0.0943649 0.00422774  0.0486447
 0.0943649 0.00422772  0.0486447
0.0943648 0.0042277 0.0486447
 0.0943648 0.00422767  0.0486447
 0.0943647 0.00422765  0.0486447
 0.0943646 0.00422763  0.0486446
 0.0943646 0.00422761  0.0486446
 0.0943645 0.00422758  0.0486446
 0.0943645 0.00422756  0.0486446
 0.0943644 0.00422754  0.0486446
 0.0943644 0.00422752  0.0486446
0.0943643 0.0042275 0.0486445
 0.0943642 0.00422747  0.0486445
 0.0943642 0.00422745  0.0486445
 0.0943641 0.00422743  0.0486445
 0.0943641 0.00422741  0.0486445
  0.094364 0.00422739  0.0486445
  0.094364 0.00422737  0.0486445
 0.0943639 0.00422735  0.0486445
 0.0943639 0.00422733  0.0486444
 0.0943638 0.00422731  0.0486444
 0.0943638 0.00422729  0.0486444
 0.0943637 0.00422727  0.0486444
 0.0943637 0.00422725  0.0486444
 0.0943636 0.00422723  0.0486444
 0.0943636 0.00422721  0.0486444
 0.0943635 0.00422719  0.0486444
 0.0943635 0.00422718  0.0486443
 0.0943634 0.00422716  0.0486443
 0.0943634 0.00422714  0.0486443
 0.0943634 0.00422712  0.0486443
0.0943633 0.0042271 0.0486443
 0.0943633 0.00422708  0.0486443
 0.0943632 0.00422707  0.0486443
 0.0943632 0.00422705  0.0486443
 0.0943631 0.00422703  0.0486443
 0.0943631 0.00422702  0.0486443
0.0943631  0.004227 0.0486442
  0.094363 0.00422698  0.0486442
  0.094363 0.00422696  0.0486442
 0.0943629 0.00422695  0.0486442
 0.0943629 0.00422693  0.0486442
 0.0943629 0.00422692  0.0486442
0.0943628 0.0042269 0.0486442
 0.0943628 0.00422688  0.0486442
 0.0943627 0.00422687  0.0486442
 0.0943627 0.00422685  0.0486442
 0.0943627 0.00422684  0.0486442
 0.0943626 0.00422682  0.0486442
 0.0943626 0.00422681  0.0486442
 0.0943626 0.00422679  0.0486442
 0.0943625 0.00422678  0.0486441
 0.0943625 0.00422676  0.0486441
 0.0943625 0.00422675  0.0486441
 0.0943624 0.00422673  0.0486441
 0.0943624 0.00422672  0.0486441
0.0943624 0.0042267 0.0486441
 0.0943623 0.00422669  0.0486441
 0.0943623 0.00422668  0.0486441
 0.0943623 0.00422666  0.0486441
 0.0943622 0.00422665  0.0486441
 0.0943622 0.00422663  0.0486441
 0.0943622 0.00422662  0.0486441
 0.0943621 0.00422661  0.0486441
 0.0943621 0.00422659  0.0486441
 0.0943621 0.00422658  0.0486441
  0.094362 0.00422657  0.0486441
  0.094362 0.00422655  0.0486441
  0.094362 0.00422654  0.0486441
  0.094362 0.00422653  0.0486441
 0.0943619 0.00422652  0.0486441
0.0943619 0.0042265 0.0486441
 0.0943619 0.00422649  0.0486441
 0.0943619 0.00422648  0.0486441
 0.0943618 0.00422647  0.0486441
 0.0943618 0.00422646  0.0486441
 0.0943618 0.00422644  0.0486441
 0.0943617 0.00422643  0.0486441
 0.0943617 0.00422642  0.0486441
 0.0943617 0.00422641  0.0486441
0.0943617 0.0042264 0.0486441
 0.0943617 0.00422639  0.0486441
 0.0943616 0.00422638  0.0486441
 0.0943616 0.00422636  0.0486441
 0.0943616 0.00422635  0.0486441
 0.0943616 0.00422634  0.0486441
 0.0943615 0.00422633  0.0486441
 0.0943615 0.00422632  0.0486441
 0.0943615 0.00422631  0.0486441
0.0943615 0.0042263 0.0486441
 0.0943614 0.00422629  0.0486441
 0.0943614 0.00422628  0.0486441
 0.0943614 0.00422627  0.0486441
 0.0943614 0.00422626  0.0486441
 0.0943614 0.00422625  0.0486441
 0.0943613 0.00422624  0.0486441
 0.0943613 0.00422623  0.0486441
 0.0943613 0.00422622  0.0486441
 0.0943613 0.00422621  0.0486441
0.0943613 0.0042262 0.0486441
 0.0943612 0.00422619  0.0486441
 0.0943612 0.00422618  0.0486441
 0.0943612 0.00422617  0.0486441
 0.0943612 0.00422616  0.0486441
 0.0943612 0.00422615  0.0486441
 0.0943612 0.00422614  0.0486441
 0.0943611 0.00422614  0.0486441
 0.0943611 0.00422613  0.0486441
 0.0943611 0.00422612  0.0486441
 0.0943611 0.00422611  0.0486441
0.0943611 0.0042261 0.0486441
 0.0943611 0.00422609  0.0486441
  0.094361 0.00422608  0.0486441
  0.094361 0.00422608  0.0486441
  0.094361 0.00422607  0.0486441
  0.094361 0.00422606  0.0486441
  0.094361 0.00422605  0.0486441
  0.094361 0.00422604  0.0486441
  0.094361 0.00422603  0.0486441
 0.0943609 0.00422603  0.0486441
 0.0943609 0.00422602  0.0486441
 0.0943609 0.00422601  0.0486441
0.0943609  0.004226 0.0486441
0.0943609  0.004226 0.0486441
 0.0943609 0.00422599  0.0486441
 0.0943609 0.00422598  0.0486441
 0.0943609 0.00422597  0.0486441
 0.0943608 0.00422597  0.0486441
 0.0943608 0.00422596  0.0486442
 0.0943608 0.00422595  0.0486442
 0.0943608 0.00422595  0.0486442
 0.0943608 0.00422594  0.0486442
 0.0943608 0.00422593  0.0486442
 0.0943608 0.00422592  0.0486442
 0.0943608 0.00422592  0.0486442
 0.0943608 0.00422591  0.0486442
0.0943607 0.0042259 0.0486442
0.0943607 0.0042259 0.0486442
 0.0943607 0.00422589  0.0486442
 0.0943607 0.00422588  0.0486442
 0.0943607 0.00422588  0.0486442
 0.0943607 0.00422587  0.0486442
 0.0943607 0.00422586  0.0486442
 0.0943607 0.00422586  0.0486442
 0.0943607 0.00422585  0.0486442
 0.0943607 0.00422585  0.0486442
 0.0943607 0.00422584  0.0486442
 0.0943606 0.00422583  0.0486443
 0.0943606 0.00422583  0.0486443
 0.0943606 0.00422582  0.0486443
 0.0943606 0.00422582  0.0486443
 0.0943606 0.00422581  0.0486443
0.0943606 0.0042258 0.0486443
0.0943606 0.0042258 0.0486443
 0.0943606 0.00422579  0.0486443
 0.0943606 0.00422579  0.0486443
 0.0943606 0.00422578  0.0486443
 0.0943606 0.00422578  0.0486443
 0.0943606 0.00422577  0.0486443
 0.0943606 0.00422577  0.0486443
 0.0943606 0.00422576  0.0486443
 0.0943605 0.00422576  0.0486444
 0.0943605 0.00422575  0.0486444
 0.0943605 0.00422575  0.0486444
 0.0943605 0.00422574  0.0486444
 0.0943605 0.00422574  0.0486444
 0.0943605 0.00422573  0.0486444
 0.0943605 0.00422573  0.0486444
 0.0943605 0.00422572  0.0486444
 0.0943605 0.00422572  0.0486444
 0.0943605 0.00422571  0.0486444
 0.0943605 0.00422571  0.0486444
0.0943605 0.0042257 0.0486444
0.0943605 0.0042257 0.0486444
 0.0943605 0.00422569  0.0486445
 0.0943605 0.00422569  0.0486445
 0.0943605 0.00422568  0.0486445
 0.0943605 0.00422568  0.0486445
 0.0943605 0.00422567  0.0486445
 0.0943605 0.00422567  0.0486445
 0.0943605 0.00422567  0.0486445
 0.0943605 0.00422566  0.0486445
 0.0943605 0.00422566  0.0486445
 0.0943605 0.00422565  0.0486445
 0.0943605 0.00422565  0.0486445
 0.0943604 0.00422564  0.0486445
 0.0943604 0.00422564  0.0486446
 0.0943604 0.00422564  0.0486446
 0.0943604 0.00422563  0.0486446
 0.0943604 0.00422563  0.0486446
 0.0943604 0.00422562  0.0486446
 0.0943604 0.00422562  0.0486446
 0.0943604 0.00422562  0.0486446
 0.0943604 0.00422561  0.0486446
 0.0943604 0.00422561  0.0486446
 0.0943604 0.00422561  0.0486446
0.0943604 0.0042256 0.0486446
0.0943604 0.0042256 0.0486447
 0.0943604 0.00422559  0.0486447
 0.0943604 0.00422559  0.0486447
 0.0943604 0.00422559  0.0486447
 0.0943604 0.00422558  0.0486447
 0.0943604 0.00422558  0.0486447
 0.0943604 0.00422558  0.0486447
 0.0943604 0.00422557  0.0486447
 0.0943604 0.00422557  0.0486447
 0.0943604 0.00422557  0.0486447
 0.0943604 0.00422556  0.0486448
 0.0943604 0.00422556  0.0486448
 0.0943604 0.00422556  0.0486448
 0.0943604 0.00422555  0.0486448
 0.0943604 0.00422555  0.0486448
 0.0943604 0.00422555  0.0486448
 0.0943604 0.00422554  0.0486448
 0.0943604 0.00422554  0.0486448
 0.0943604 0.00422554  0.0486448
 0.0943604 0.00422554  0.0486448
 0.0943604 0.00422553  0.0486449
 0.0943604 0.00422553  0.0486449
 0.0943604 0.00422553  0.0486449
 0.0943604 0.00422552  0.0486449
 0.0943604 0.00422552  0.0486449
 0.0943604 0.00422552  0.0486449
 0.0943604 0.00422552  0.0486449
 0.0943604 0.00422551  0.0486449
 0.0943604 0.00422551  0.0486449
 0.0943604 0.00422551  0.0486449
0.0943604 0.0042255  0.048645
0.0943604 0.0042255  0.048645
0.0943604 0.0042255  0.048645
0.0943605 0.0042255  0.048645
 0.0943605 0.00422549   0.048645
 0.0943605 0.00422549   0.048645
 0.0943605 0.00422549   0.048645
 0.0943605 0.00422549   0.048645
 0.0943605 0.00422548   0.048645
 0.0943605 0.00422548  0.0486451
 0.0943605 0.00422548  0.0486451
 0.0943605 0.00422548  0.0486451
 0.0943605 0.00422547  0.0486451
 0.0943605 0.00422547  0.0486451
 0.0943605 0.00422547  0.0486451
 0.0943605 0.00422547  0.0486451
 0.0943605 0.00422547  0.0486451
 0.0943605 0.00422546  0.0486451
 0.0943605 0.00422546  0.0486452
 0.0943605 0.00422546  0.0486452
 0.0943605 0.00422546  0.0486452
 0.0943605 0.00422545  0.0486452
 0.0943605 0.00422545  0.0486452
 0.0943605 0.00422545  0.0486452
 0.0943605 0.00422545  0.0486452
 0.0943605 0.00422545  0.0486452
 0.0943605 0.00422544  0.0486452
 0.0943605 0.00422544  0.0486453
 0.0943605 0.00422544  0.0486453
 0.0943605 0.00422544  0.0486453
 0.0943605 0.00422544  0.0486453
 0.0943605 0.00422544  0.0486453
 0.0943605 0.00422543  0.0486453
 0.0943605 0.00422543  0.0486453
 0.0943606 0.00422543  0.0486453
 0.0943606 0.00422543  0.0486454
 0.0943606 0.00422543  0.0486454
 0.0943606 0.00422542  0.0486454
 0.0943606 0.00422542  0.0486454
 0.0943606 0.00422542  0.0486454
 0.0943606 0.00422542  0.0486454
 0.0943606 0.00422542  0.0486454
 0.0943606 0.00422542  0.0486454
 0.0943606 0.00422541  0.0486455
 0.0943606 0.00422541  0.0486455
 0.0943606 0.00422541  0.0486455
 0.0943606 0.00422541  0.0486455
 0.0943606 0.00422541  0.0486455
 0.0943606 0.00422541  0.0486455
0.0943606 0.0042254 0.0486455
0.0943606 0.0042254 0.0486455
0.0943606 0.0042254 0.0486455
0.0943606 0.0042254 0.0486456
0.0943606 0.0042254 0.0486456
0.0943607 0.0042254 0.0486456
0.0943607 0.0042254 0.0486456
 0.0943607 0.00422539  0.0486456
 0.0943607 0.00422539  0.0486456
 0.0943607 0.00422539  0.0486456
 0.0943607 0.00422539  0.0486456
 0.0943607 0.00422539  0.0486457
 0.0943607 0.00422539  0.0486457
 0.0943607 0.00422539  0.0486457
 0.0943607 0.00422539  0.0486457
 0.0943607 0.00422538  0.0486457
 0.0943607 0.00422538  0.0486457
 0.0943607 0.00422538  0.0486457
 0.0943607 0.00422538  0.0486457
 0.0943607 0.00422538  0.0486458
 0.0943607 0.00422538  0.0486458
 0.0943607 0.00422538  0.0486458
 0.0943608 0.00422538  0.0486458
 0.0943608 0.00422537  0.0486458
 0.0943608 0.00422537  0.0486458
 0.0943608 0.00422537  0.0486458
 0.0943608 0.00422537  0.0486459
 0.0943608 0.00422537  0.0486459
 0.0943608 0.00422537  0.0486459
 0.0943608 0.00422537  0.0486459
 0.0943608 0.00422537  0.0486459
 0.0943608 0.00422537  0.0486459
 0.0943608 0.00422537  0.0486459
 0.0943608 0.00422536  0.0486459
 0.0943608 0.00422536   0.048646
 0.0943608 0.00422536   0.048646
 0.0943608 0.00422536   0.048646
 0.0943609 0.00422536   0.048646
 0.0943609 0.00422536   0.048646
 0.0943609 0.00422536   0.048646
 0.0943609 0.00422536   0.048646
 0.0943609 0.00422536   0.048646
 0.0943609 0.00422536  0.0486461
 0.0943609 0.00422536  0.0486461
 0.0943609 0.00422535  0.0486461
 0.0943609 0.00422535  0.0486461
 0.0943609 0.00422535  0.0486461
 0.0943609 0.00422535  0.0486461
 0.0943609 0.00422535  0.0486461
 0.0943609 0.00422535  0.0486462
  0.094361 0.00422535  0.0486462
  0.094361 0.00422535  0.0486462
  0.094361 0.00422535  0.0486462
  0.094361 0.00422535  0.0486462
  0.094361 0.00422535  0.0486462
  0.094361 0.00422535  0.0486462
  0.094361 0.00422535  0.0486462
  0.094361 0.00422534  0.0486463
  0.094361 0.00422534  0.0486463
  0.094361 0.00422534  0.0486463
  0.094361 0.00422534  0.0486463
  0.094361 0.00422534  0.0486463
  0.094361 0.00422534  0.0486463
 0.0943611 0.00422534  0.0486463
 0.0943611 0.00422534  0.0486464
 0.0943611 0.00422534  0.0486464
 0.0943611 0.00422534  0.0486464
 0.0943611 0.00422534  0.0486464
 0.0943611 0.00422534  0.0486464
 0.0943611 0.00422534  0.0486464
 0.0943611 0.00422534  0.0486464
 0.0943611 0.00422534  0.0486464
 0.0943611 0.00422534  0.0486465
 0.0943611 0.00422534  0.0486465
 0.0943611 0.00422534  0.0486465
 0.0943611 0.00422533  0.0486465
 0.0943612 0.00422533  0.0486465
 0.0943612 0.00422533  0.0486465
