   0.109671  0.00205497 -0.00595726
  0.119598 -0.0109396 -0.0064327
   0.125653  -0.0187223 -0.00597887
     0.1293  -0.0234308 -0.00507085
   0.131464  -0.0263007 -0.00396701
   0.132725  -0.0280607 -0.00280806
   0.133438  -0.0291464 -0.00166924
     0.13382   -0.0298205 -0.000588942
   0.134006  -0.0302422 0.000415237
  0.134075 -0.0305085 0.00133731
  0.134076 -0.0306787 0.00217763
  0.134039 -0.0307891 0.00293986
   0.13398 -0.0308621 0.00362923
  0.133912 -0.0309112 0.00425156
  0.133839  -0.030945 0.00481276
  0.133766 -0.0309687 0.00531847
  0.133695 -0.0309857 0.00577401
  0.133626 -0.0309979 0.00618425
   0.13356 -0.0310068 0.00655366
  0.133497 -0.0310132 0.00688628
  0.133437 -0.0310177 0.00718577
  0.133381 -0.0310206 0.00745542
  0.133327 -0.0310222 0.00769822
  0.133276 -0.0310228 0.00791684
  0.133228 -0.0310224 0.00811368
  0.133182 -0.0310212 0.00829093
  0.133138 -0.0310194 0.00845054
  0.133096  -0.031017 0.00859425
  0.133056  -0.031014 0.00872367
  0.133018 -0.0310106  0.0088402
  0.132981 -0.0310067 0.00894513
  0.132946 -0.0310025 0.00903962
 0.132912 -0.030998 0.0091247
   0.13288 -0.0309932 0.00920132
  0.132848 -0.0309882 0.00927031
  0.132818  -0.030983 0.00933243
  0.132789 -0.0309776 0.00938837
  0.132761 -0.0309721 0.00943875
  0.132733 -0.0309664 0.00948411
  0.132707 -0.0309607 0.00952495
  0.132681 -0.0309549 0.00956173
  0.132656  -0.030949 0.00959485
  0.132632 -0.0309431 0.00962468
  0.132608 -0.0309372 0.00965154
  0.132586 -0.0309312 0.00967573
  0.132563 -0.0309252 0.00969751
  0.132542 -0.0309193 0.00971713
  0.132521 -0.0309133  0.0097348
    0.1325 -0.0309074 0.00975072
   0.13248 -0.0309015 0.00976505
  0.132461 -0.0308957 0.00977797
  0.132442 -0.0308899 0.00978961
  0.132423 -0.0308841  0.0098001
  0.132405 -0.0308784 0.00980956
  0.132387 -0.0308727 0.00981808
   0.13237 -0.0308671 0.00982577
  0.132353 -0.0308616  0.0098327
  0.132336 -0.0308561 0.00983896
   0.13232 -0.0308506  0.0098446
  0.132304 -0.0308453  0.0098497
  0.132289   -0.03084 0.00985431
  0.132274 -0.0308348 0.00985848
  0.132259 -0.0308296 0.00986225
  0.132244 -0.0308245 0.00986566
   0.13223 -0.0308195 0.00986875
  0.132216 -0.0308146 0.00987155
  0.132203 -0.0308097  0.0098741
  0.132189 -0.0308049 0.00987642
  0.132176 -0.0308001 0.00987852
  0.132164 -0.0307955 0.00988045
  0.132151 -0.0307909  0.0098822
  0.132139 -0.0307863 0.00988381
  0.132127 -0.0307819 0.00988528
  0.132115 -0.0307775 0.00988663
  0.132104 -0.0307731 0.00988788
  0.132092 -0.0307689 0.00988903
  0.132081 -0.0307647  0.0098901
  0.132071 -0.0307605 0.00989109
   0.13206 -0.0307564 0.00989201
   0.13205 -0.0307524 0.00989288
  0.132039 -0.0307485 0.00989369
  0.132029 -0.0307446 0.00989445
   0.13202 -0.0307408 0.00989517
   0.13201  -0.030737 0.00989585
  0.132001 -0.0307333  0.0098965
  0.131992 -0.0307297 0.00989712
  0.131983 -0.0307261 0.00989772
  0.131974 -0.0307225 0.00989829
  0.131965  -0.030719 0.00989884
  0.131957 -0.0307156 0.00989938
  0.131948 -0.0307122  0.0098999
   0.13194 -0.0307089 0.00990041
  0.131932 -0.0307057  0.0099009
  0.131925 -0.0307025 0.00990139
  0.131917 -0.0306993 0.00990187
   0.13191 -0.0306962 0.00990234
  0.131902 -0.0306931 0.00990281
  0.131895 -0.0306901 0.00990327
  0.131888 -0.0306871 0.00990373
  0.131881 -0.0306842 0.00990418
  0.131874 -0.0306813 0.00990463
  0.131868 -0.0306785 0.00990508
  0.131861 -0.0306757 0.00990553
  0.131855  -0.030673 0.00990597
  0.131849 -0.0306703 0.00990642
  0.131843 -0.0306676 0.00990686
  0.131837  -0.030665 0.00990731
  0.131831 -0.0306624 0.00990775
  0.131825 -0.0306599  0.0099082
   0.13182 -0.0306574 0.00990865
  0.131814  -0.030655 0.00990909
  0.131809 -0.0306525 0.00990954
  0.131804 -0.0306502 0.00990999
  0.131798 -0.0306478 0.00991044
  0.131793 -0.0306455 0.00991089
  0.131789 -0.0306433 0.00991135
 0.131784 -0.030641 0.0099118
  0.131779 -0.0306388 0.00991226
  0.131774 -0.0306367 0.00991271
   0.13177 -0.0306345 0.00991317
  0.131765 -0.0306324 0.00991363
  0.131761 -0.0306304 0.00991409
  0.131757 -0.0306283 0.00991455
  0.131753 -0.0306263 0.00991501
  0.131749 -0.0306244 0.00991548
  0.131745 -0.0306224 0.00991594
  0.131741 -0.0306205  0.0099164
  0.131737 -0.0306187 0.00991687
  0.131733 -0.0306168 0.00991734
  0.13173 -0.030615 0.0099178
  0.131726 -0.0306132 0.00991827
  0.131723 -0.0306114 0.00991874
  0.131719 -0.0306097 0.00991921
  0.131716  -0.030608 0.00991968
  0.131712 -0.0306063 0.00992015
  0.131709 -0.0306046 0.00992062
  0.131706  -0.030603 0.00992109
  0.131703 -0.0306014 0.00992156
    0.1317 -0.0305998 0.00992204
  0.131697 -0.0305982 0.00992251
  0.131694 -0.0305967 0.00992298
  0.131691 -0.0305952 0.00992345
  0.131689 -0.0305937 0.00992392
  0.131686 -0.0305922 0.00992439
  0.131683 -0.0305908 0.00992487
  0.131681 -0.0305894 0.00992534
  0.131678 -0.0305879 0.00992581
  0.131676 -0.0305866 0.00992628
  0.131674 -0.0305852 0.00992675
  0.131671 -0.0305839 0.00992722
  0.131669 -0.0305825 0.00992769
  0.131667 -0.0305812 0.00992815
  0.131665   -0.03058 0.00992862
  0.131662 -0.0305787 0.00992909
   0.13166 -0.0305775 0.00992955
  0.131658 -0.0305762 0.00993002
  0.131656  -0.030575 0.00993048
  0.131654 -0.0305738 0.00993095
  0.131652 -0.0305727 0.00993141
  0.131651 -0.0305715 0.00993187
  0.131649 -0.0305704 0.00993233
  0.131647 -0.0305693 0.00993279
  0.131645 -0.0305682 0.00993325
  0.131644 -0.0305671 0.00993371
  0.131642  -0.030566 0.00993416
   0.13164  -0.030565 0.00993462
  0.131639 -0.0305639 0.00993507
  0.131637 -0.0305629 0.00993552
  0.131636 -0.0305619 0.00993597
  0.131634 -0.0305609 0.00993642
  0.131633 -0.0305599 0.00993687
  0.131631 -0.0305589 0.00993731
   0.13163  -0.030558 0.00993776
  0.131629 -0.0305571  0.0099382
  0.131627 -0.0305561 0.00993864
  0.131626 -0.0305552 0.00993908
  0.131625 -0.0305543 0.00993952
  0.131624 -0.0305534 0.00993996
  0.131623 -0.0305526  0.0099404
  0.131621 -0.0305517 0.00994083
   0.13162 -0.0305509 0.00994126
  0.131619   -0.03055 0.00994169
  0.131618 -0.0305492 0.00994212
  0.131617 -0.0305484 0.00994255
  0.131616 -0.0305476 0.00994297
  0.131615 -0.0305468 0.00994339
  0.131614 -0.0305461 0.00994382
  0.131613 -0.0305453 0.00994424
  0.131612 -0.0305445 0.00994465
  0.131612 -0.0305438 0.00994507
  0.131611 -0.0305431 0.00994548
   0.13161 -0.0305423 0.00994589
  0.131609 -0.0305416  0.0099463
  0.131608 -0.0305409 0.00994671
  0.131608 -0.0305402 0.00994712
  0.131607 -0.0305396 0.00994752
  0.131606 -0.0305389 0.00994793
  0.131605 -0.0305382 0.00994833
  0.131605 -0.0305376 0.00994872
  0.131604 -0.0305369 0.00994912
  0.131603 -0.0305363 0.00994951
  0.131603 -0.0305357 0.00994991
  0.131602 -0.0305351  0.0099503
  0.131602 -0.0305344 0.00995069
  0.131601 -0.0305338 0.00995107
    0.1316 -0.0305333 0.00995146
    0.1316 -0.0305327 0.00995184
  0.131599 -0.0305321 0.00995222
  0.131599 -0.0305315  0.0099526
  0.131598  -0.030531 0.00995297
  0.131598 -0.0305304 0.00995335
  0.131598 -0.0305299 0.00995372
  0.131597 -0.0305293 0.00995409
  0.131597 -0.0305288 0.00995445
  0.131596 -0.0305283 0.00995482
  0.131596 -0.0305278 0.00995518
  0.131595 -0.0305273 0.00995555
  0.131595 -0.0305268  0.0099559
  0.131595 -0.0305263 0.00995626
  0.131594 -0.0305258 0.00995662
  0.131594 -0.0305253 0.00995697
  0.131594 -0.0305248 0.00995732
  0.131593 -0.0305244 0.00995767
  0.131593 -0.0305239 0.00995802
  0.131593 -0.0305235 0.00995836
 0.131592 -0.030523 0.0099587
  0.131592 -0.0305226 0.00995904
  0.131592 -0.0305221 0.00995938
  0.131592 -0.0305217 0.00995972
  0.131591 -0.0305213 0.00996005
  0.131591 -0.0305209 0.00996038
  0.131591 -0.0305204 0.00996071
  0.131591   -0.03052 0.00996104
  0.131591 -0.0305196 0.00996137
   0.13159 -0.0305192 0.00996169
   0.13159 -0.0305188 0.00996201
   0.13159 -0.0305185 0.00996233
   0.13159 -0.0305181 0.00996265
   0.13159 -0.0305177 0.00996297
   0.13159 -0.0305173 0.00996328
  0.131589  -0.030517 0.00996359
  0.131589 -0.0305166  0.0099639
  0.131589 -0.0305162 0.00996421
  0.131589 -0.0305159 0.00996451
  0.131589 -0.0305155 0.00996482
  0.131589 -0.0305152 0.00996512
  0.131589 -0.0305149 0.00996542
  0.131589 -0.0305145 0.00996571
  0.131589 -0.0305142 0.00996601
  0.131588 -0.0305139  0.0099663
  0.131588 -0.0305136 0.00996659
  0.131588 -0.0305132 0.00996688
  0.131588 -0.0305129 0.00996717
  0.131588 -0.0305126 0.00996746
  0.131588 -0.0305123 0.00996774
  0.131588  -0.030512 0.00996802
  0.131588 -0.0305117  0.0099683
  0.131588 -0.0305114 0.00996858
  0.131588 -0.0305111 0.00996885
  0.131588 -0.0305109 0.00996913
  0.131588 -0.0305106  0.0099694
  0.131588 -0.0305103 0.00996967
  0.131588   -0.03051 0.00996994
  0.131588 -0.0305097  0.0099702
  0.131588 -0.0305095 0.00997047
  0.131588 -0.0305092 0.00997073
  0.131588  -0.030509 0.00997099
  0.131588 -0.0305087 0.00997125
  0.131588 -0.0305084  0.0099715
  0.131588 -0.0305082 0.00997176
  0.131588 -0.0305079 0.00997201
  0.131588 -0.0305077 0.00997226
  0.131588 -0.0305075 0.00997251
  0.131588 -0.0305072 0.00997276
  0.131588  -0.030507 0.00997301
  0.131588 -0.0305067 0.00997325
  0.131588 -0.0305065 0.00997349
  0.131588 -0.0305063 0.00997373
  0.131588 -0.0305061 0.00997397
  0.131588 -0.0305058 0.00997421
  0.131588 -0.0305056 0.00997444
  0.131588 -0.0305054 0.00997468
  0.131588 -0.0305052 0.00997491
  0.131588  -0.030505 0.00997514
  0.131588 -0.0305048 0.00997537
  0.131588 -0.0305046 0.00997559
  0.131589 -0.0305044 0.00997582
  0.131589 -0.0305042 0.00997604
  0.131589  -0.030504 0.00997626
  0.131589 -0.0305038 0.00997648
  0.131589 -0.0305036  0.0099767
  0.131589 -0.0305034 0.00997692
  0.131589 -0.0305032 0.00997713
  0.131589  -0.030503 0.00997735
  0.131589 -0.0305028 0.00997756
  0.131589 -0.0305027 0.00997777
  0.131589 -0.0305025 0.00997798
  0.131589 -0.0305023 0.00997818
  0.131589 -0.0305021 0.00997839
  0.131589 -0.0305019 0.00997859
   0.13159 -0.0305018 0.00997879
   0.13159 -0.0305016 0.00997899
   0.13159 -0.0305014 0.00997919
   0.13159 -0.0305013 0.00997939
   0.13159 -0.0305011 0.00997959
   0.13159  -0.030501 0.00997978
   0.13159 -0.0305008 0.00997997
   0.13159 -0.0305006 0.00998017
   0.13159 -0.0305005 0.00998035
   0.13159 -0.0305003 0.00998054
   0.13159 -0.0305002 0.00998073
  0.131591    -0.0305 0.00998092
  0.131591 -0.0304999  0.0099811
  0.131591 -0.0304997 0.00998128
  0.131591 -0.0304996 0.00998146
  0.131591 -0.0304994 0.00998164
  0.131591 -0.0304993 0.00998182
  0.131591 -0.0304992   0.009982
  0.131591  -0.030499 0.00998217
  0.131591 -0.0304989 0.00998235
  0.131591 -0.0304988 0.00998252
  0.131592 -0.0304986 0.00998269
  0.131592 -0.0304985 0.00998286
  0.131592 -0.0304984 0.00998303
  0.131592 -0.0304982  0.0099832
  0.131592 -0.0304981 0.00998336
  0.131592  -0.030498 0.00998353
  0.131592 -0.0304978 0.00998369
  0.131592 -0.0304977 0.00998385
  0.131592 -0.0304976 0.00998401
  0.131593 -0.0304975 0.00998417
  0.131593 -0.0304974 0.00998433
  0.131593 -0.0304972 0.00998449
  0.131593 -0.0304971 0.00998464
 0.131593 -0.030497 0.0099848
  0.131593 -0.0304969 0.00998495
  0.131593 -0.0304968  0.0099851
  0.131593 -0.0304967 0.00998525
  0.131593 -0.0304966  0.0099854
  0.131593 -0.0304965 0.00998555
  0.131594 -0.0304964  0.0099857
  0.131594 -0.0304962 0.00998584
  0.131594 -0.0304961 0.00998599
  0.131594  -0.030496 0.00998613
  0.131594 -0.0304959 0.00998627
  0.131594 -0.0304958 0.00998642
  0.131594 -0.0304957 0.00998655
  0.131594 -0.0304956 0.00998669
  0.131594 -0.0304955 0.00998683
  0.131595 -0.0304954 0.00998697
  0.131595 -0.0304953  0.0099871
  0.131595 -0.0304952 0.00998724
  0.131595 -0.0304952 0.00998737
  0.131595 -0.0304951  0.0099875
  0.131595  -0.030495 0.00998763
  0.131595 -0.0304949 0.00998776
  0.131595 -0.0304948 0.00998789
  0.131595 -0.0304947 0.00998802
  0.131596 -0.0304946 0.00998815
  0.131596 -0.0304945 0.00998827
  0.131596 -0.0304944  0.0099884
  0.131596 -0.0304944 0.00998852
  0.131596 -0.0304943 0.00998864
  0.131596 -0.0304942 0.00998876
  0.131596 -0.0304941 0.00998888
 0.131596 -0.030494  0.009989
  0.131596 -0.0304939 0.00998912
  0.131596 -0.0304939 0.00998924
  0.131597 -0.0304938 0.00998936
  0.131597 -0.0304937 0.00998947
  0.131597 -0.0304936 0.00998959
  0.131597 -0.0304936  0.0099897
  0.131597 -0.0304935 0.00998981
  0.131597 -0.0304934 0.00998992
  0.131597 -0.0304933 0.00999003
  0.131597 -0.0304933 0.00999014
  0.131597 -0.0304932 0.00999025
  0.131597 -0.0304931 0.00999036
  0.131598  -0.030493 0.00999047
  0.131598  -0.030493 0.00999057
  0.131598 -0.0304929 0.00999068
  0.131598 -0.0304928 0.00999078
  0.131598 -0.0304928 0.00999089
  0.131598 -0.0304927 0.00999099
  0.131598 -0.0304926 0.00999109
  0.131598 -0.0304926 0.00999119
  0.131598 -0.0304925 0.00999129
  0.131598 -0.0304924 0.00999139
  0.131599 -0.0304924 0.00999149
  0.131599 -0.0304923 0.00999159
  0.131599 -0.0304922 0.00999168
  0.131599 -0.0304922 0.00999178
  0.131599 -0.0304921 0.00999187
  0.131599 -0.0304921 0.00999197
  0.131599  -0.030492 0.00999206
  0.131599 -0.0304919 0.00999215
  0.131599 -0.0304919 0.00999224
  0.131599 -0.0304918 0.00999234
  0.131599 -0.0304918 0.00999243
    0.1316 -0.0304917 0.00999251
    0.1316 -0.0304916  0.0099926
    0.1316 -0.0304916 0.00999269
    0.1316 -0.0304915 0.00999278
    0.1316 -0.0304915 0.00999286
    0.1316 -0.0304914 0.00999295
    0.1316 -0.0304914 0.00999303
    0.1316 -0.0304913 0.00999312
    0.1316 -0.0304913  0.0099932
    0.1316 -0.0304912 0.00999328
    0.1316 -0.0304912 0.00999337
    0.1316 -0.0304911 0.00999345
  0.131601 -0.0304911 0.00999353
  0.131601  -0.030491 0.00999361
  0.131601  -0.030491 0.00999369
  0.131601 -0.0304909 0.00999377
  0.131601 -0.0304909 0.00999384
  0.131601 -0.0304908 0.00999392
  0.131601 -0.0304908   0.009994
  0.131601 -0.0304907 0.00999407
  0.131601 -0.0304907 0.00999415
  0.131601 -0.0304906 0.00999422
  0.131601 -0.0304906  0.0099943
  0.131601 -0.0304905 0.00999437
  0.131602 -0.0304905 0.00999444
  0.131602 -0.0304905 0.00999451
  0.131602 -0.0304904 0.00999458
  0.131602 -0.0304904 0.00999465
  0.131602 -0.0304903 0.00999472
  0.131602 -0.0304903 0.00999479
  0.131602 -0.0304902 0.00999486
  0.131602 -0.0304902 0.00999493
  0.131602 -0.0304902   0.009995
  0.131602 -0.0304901 0.00999507
  0.131602 -0.0304901 0.00999513
 0.131602  -0.03049 0.0099952
  0.131602   -0.03049 0.00999526
  0.131602 -0.0304899 0.00999533
  0.131603 -0.0304899 0.00999539
  0.131603 -0.0304899 0.00999545
  0.131603 -0.0304898 0.00999552
  0.131603 -0.0304898 0.00999558
  0.131603 -0.0304898 0.00999564
  0.131603 -0.0304897  0.0099957
  0.131603 -0.0304897 0.00999576
  0.131603 -0.0304896 0.00999582
  0.131603 -0.0304896 0.00999588
  0.131603 -0.0304896 0.00999594
  0.131603 -0.0304895   0.009996
  0.131603 -0.0304895 0.00999606
  0.131603 -0.0304895 0.00999612
  0.131603 -0.0304894 0.00999617
  0.131603 -0.0304894 0.00999623
  0.131604 -0.0304894 0.00999629
  0.131604 -0.0304893 0.00999634
  0.131604 -0.0304893  0.0099964
  0.131604 -0.0304893 0.00999645
  0.131604 -0.0304892  0.0099965
  0.131604 -0.0304892 0.00999656
  0.131604 -0.0304892 0.00999661
  0.131604 -0.0304891 0.00999666
  0.131604 -0.0304891 0.00999671
  0.131604 -0.0304891 0.00999677
  0.131604  -0.030489 0.00999682
  0.131604  -0.030489 0.00999687
  0.131604  -0.030489 0.00999692
  0.131604 -0.0304889 0.00999697
  0.131604 -0.0304889 0.00999702
  0.131604 -0.0304889 0.00999707
  0.131604 -0.0304889 0.00999711
  0.131604 -0.0304888 0.00999716
  0.131605 -0.0304888 0.00999721
  0.131605 -0.0304888 0.00999726
  0.131605 -0.0304887  0.0099973
  0.131605 -0.0304887 0.00999735
  0.131605 -0.0304887  0.0099974
  0.131605 -0.0304887 0.00999744
  0.131605 -0.0304886 0.00999749
  0.131605 -0.0304886 0.00999753
  0.131605 -0.0304886 0.00999758
  0.131605 -0.0304886 0.00999762
  0.131605 -0.0304885 0.00999766
  0.131605 -0.0304885 0.00999771
  0.131605 -0.0304885 0.00999775
  0.131605 -0.0304885 0.00999779
  0.131605 -0.0304884 0.00999783
  0.131605 -0.0304884 0.00999787
  0.131605 -0.0304884 0.00999791
  0.131605 -0.0304884 0.00999796
  0.131605 -0.0304883   0.009998
  0.131605 -0.0304883 0.00999804
  0.131606 -0.0304883 0.00999808
  0.131606 -0.0304883 0.00999811
  0.131606 -0.0304882 0.00999815
  0.131606 -0.0304882 0.00999819
  0.131606 -0.0304882 0.00999823
  0.131606 -0.0304882 0.00999827
  0.131606 -0.0304881  0.0099983
  0.131606 -0.0304881 0.00999834
  0.131606 -0.0304881 0.00999838
  0.131606 -0.0304881 0.00999841
  0.131606  -0.030488 0.00999845
  0.131606  -0.030488 0.00999849
  0.131606  -0.030488 0.00999852
  0.131606  -0.030488 0.00999856
  0.131606  -0.030488 0.00999859
  0.131606 -0.0304879 0.00999863
  0.131606 -0.0304879 0.00999866
  0.131606 -0.0304879 0.00999869
  0.131606 -0.0304879 0.00999873
  0.131606 -0.0304879 0.00999876
  0.131606 -0.0304878 0.00999879
  0.131606 -0.0304878 0.00999883
  0.131606 -0.0304878 0.00999886
  0.131606 -0.0304878 0.00999889
  0.131606 -0.0304878 0.00999892
  0.131607 -0.0304877 0.00999895
  0.131607 -0.0304877 0.00999898
  0.131607 -0.0304877 0.00999901
  0.131607 -0.0304877 0.00999905
  0.131607 -0.0304877 0.00999908
  0.131607 -0.0304876 0.00999911
  0.131607 -0.0304876 0.00999913
  0.131607 -0.0304876 0.00999916
  0.131607 -0.0304876 0.00999919
  0.131607 -0.0304876 0.00999922
  0.131607 -0.0304876 0.00999925
  0.131607 -0.0304875 0.00999928
  0.131607 -0.0304875 0.00999931
  0.131607 -0.0304875 0.00999933
  0.131607 -0.0304875 0.00999936
  0.131607 -0.0304875 0.00999939
  0.131607 -0.0304874 0.00999942
  0.131607 -0.0304874 0.00999944
  0.131607 -0.0304874 0.00999947
  0.131607 -0.0304874 0.00999949
  0.131607 -0.0304874 0.00999952
  0.131607 -0.0304874 0.00999955
  0.131607 -0.0304873 0.00999957
  0.131607 -0.0304873  0.0099996
  0.131607 -0.0304873 0.00999962
  0.131607 -0.0304873 0.00999965
  0.131607 -0.0304873 0.00999967
  0.131607 -0.0304873 0.00999969
  0.131607 -0.0304873 0.00999972
  0.131607 -0.0304872 0.00999974
  0.131607 -0.0304872 0.00999977
  0.131607 -0.0304872 0.00999979
  0.131607 -0.0304872 0.00999981
  0.131607 -0.0304872 0.00999984
  0.131608 -0.0304872 0.00999986
  0.131608 -0.0304871 0.00999988
  0.131608 -0.0304871  0.0099999
  0.131608 -0.0304871 0.00999992
  0.131608 -0.0304871 0.00999995
  0.131608 -0.0304871 0.00999997
  0.131608 -0.0304871 0.00999999
  0.131608 -0.0304871       0.01
 0.131608 -0.030487      0.01
 0.131608 -0.030487 0.0100001
 0.131608 -0.030487 0.0100001
 0.131608 -0.030487 0.0100001
 0.131608 -0.030487 0.0100001
 0.131608 -0.030487 0.0100001
 0.131608 -0.030487 0.0100002
 0.131608 -0.030487 0.0100002
  0.131608 -0.0304869  0.0100002
  0.131608 -0.0304869  0.0100002
  0.131608 -0.0304869  0.0100002
  0.131608 -0.0304869  0.0100002
  0.131608 -0.0304869  0.0100003
  0.131608 -0.0304869  0.0100003
  0.131608 -0.0304869  0.0100003
  0.131608 -0.0304868  0.0100003
  0.131608 -0.0304868  0.0100003
  0.131608 -0.0304868  0.0100004
  0.131608 -0.0304868  0.0100004
  0.131608 -0.0304868  0.0100004
  0.131608 -0.0304868  0.0100004
  0.131608 -0.0304868  0.0100004
  0.131608 -0.0304868  0.0100004
  0.131608 -0.0304868  0.0100005
  0.131608 -0.0304867  0.0100005
  0.131608 -0.0304867  0.0100005
  0.131608 -0.0304867  0.0100005
  0.131608 -0.0304867  0.0100005
  0.131608 -0.0304867  0.0100005
  0.131608 -0.0304867  0.0100006
  0.131608 -0.0304867  0.0100006
  0.131608 -0.0304867  0.0100006
  0.131608 -0.0304867  0.0100006
  0.131608 -0.0304866  0.0100006
  0.131608 -0.0304866  0.0100006
  0.131608 -0.0304866  0.0100006
  0.131608 -0.0304866  0.0100007
  0.131608 -0.0304866  0.0100007
  0.131608 -0.0304866  0.0100007
  0.131608 -0.0304866  0.0100007
  0.131608 -0.0304866  0.0100007
  0.131608 -0.0304866  0.0100007
  0.131608 -0.0304865  0.0100007
  0.131608 -0.0304865  0.0100008
  0.131608 -0.0304865  0.0100008
  0.131608 -0.0304865  0.0100008
  0.131608 -0.0304865  0.0100008
  0.131608 -0.0304865  0.0100008
  0.131609 -0.0304865  0.0100008
  0.131609 -0.0304865  0.0100008
  0.131609 -0.0304865  0.0100008
  0.131609 -0.0304865  0.0100009
  0.131609 -0.0304864  0.0100009
  0.131609 -0.0304864  0.0100009
  0.131609 -0.0304864  0.0100009
  0.131609 -0.0304864  0.0100009
  0.131609 -0.0304864  0.0100009
  0.131609 -0.0304864  0.0100009
  0.131609 -0.0304864  0.0100009
  0.131609 -0.0304864   0.010001
  0.131609 -0.0304864   0.010001
  0.131609 -0.0304864   0.010001
  0.131609 -0.0304864   0.010001
  0.131609 -0.0304863   0.010001
  0.131609 -0.0304863   0.010001
  0.131609 -0.0304863   0.010001
  0.131609 -0.0304863   0.010001
  0.131609 -0.0304863   0.010001
  0.131609 -0.0304863   0.010001
  0.131609 -0.0304863  0.0100011
  0.131609 -0.0304863  0.0100011
  0.131609 -0.0304863  0.0100011
  0.131609 -0.0304863  0.0100011
  0.131609 -0.0304863  0.0100011
  0.131609 -0.0304863  0.0100011
  0.131609 -0.0304862  0.0100011
  0.131609 -0.0304862  0.0100011
  0.131609 -0.0304862  0.0100011
  0.131609 -0.0304862  0.0100011
  0.131609 -0.0304862  0.0100012
  0.131609 -0.0304862  0.0100012
  0.131609 -0.0304862  0.0100012
  0.131609 -0.0304862  0.0100012
  0.131609 -0.0304862  0.0100012
  0.131609 -0.0304862  0.0100012
  0.131609 -0.0304862  0.0100012
  0.131609 -0.0304862  0.0100012
  0.131609 -0.0304861  0.0100012
  0.131609 -0.0304861  0.0100012
  0.131609 -0.0304861  0.0100012
  0.131609 -0.0304861  0.0100012
  0.131609 -0.0304861  0.0100013
  0.131609 -0.0304861  0.0100013
  0.131609 -0.0304861  0.0100013
  0.131609 -0.0304861  0.0100013
  0.131609 -0.0304861  0.0100013
  0.131609 -0.0304861  0.0100013
  0.131609 -0.0304861  0.0100013
  0.131609 -0.0304861  0.0100013
  0.131609 -0.0304861  0.0100013
  0.131609 -0.0304861  0.0100013
 0.131609 -0.030486 0.0100013
 0.131609 -0.030486 0.0100013
 0.131609 -0.030486 0.0100013
 0.131609 -0.030486 0.0100014
 0.131609 -0.030486 0.0100014
 0.131609 -0.030486 0.0100014
 0.131609 -0.030486 0.0100014
 0.131609 -0.030486 0.0100014
 0.131609 -0.030486 0.0100014
 0.131609 -0.030486 0.0100014
 0.131609 -0.030486 0.0100014
 0.131609 -0.030486 0.0100014
 0.131609 -0.030486 0.0100014
 0.131609 -0.030486 0.0100014
  0.131609 -0.0304859  0.0100014
  0.131609 -0.0304859  0.0100014
  0.131609 -0.0304859  0.0100014
  0.131609 -0.0304859  0.0100014
  0.131609 -0.0304859  0.0100014
  0.131609 -0.0304859  0.0100014
  0.131609 -0.0304859  0.0100015
  0.131609 -0.0304859  0.0100015
  0.131609 -0.0304859  0.0100015
  0.131609 -0.0304859  0.0100015
  0.131609 -0.0304859  0.0100015
  0.131609 -0.0304859  0.0100015
  0.131609 -0.0304859  0.0100015
  0.131609 -0.0304859  0.0100015
  0.131609 -0.0304859  0.0100015
  0.131609 -0.0304859  0.0100015
  0.131609 -0.0304858  0.0100015
  0.131609 -0.0304858  0.0100015
  0.131609 -0.0304858  0.0100015
  0.131609 -0.0304858  0.0100015
  0.131609 -0.0304858  0.0100015
  0.131609 -0.0304858  0.0100015
  0.131609 -0.0304858  0.0100015
  0.131609 -0.0304858  0.0100015
  0.131609 -0.0304858  0.0100015
  0.131609 -0.0304858  0.0100015
  0.131609 -0.0304858  0.0100015
  0.131609 -0.0304858  0.0100016
  0.131609 -0.0304858  0.0100016
  0.131609 -0.0304858  0.0100016
  0.131609 -0.0304858  0.0100016
  0.131609 -0.0304858  0.0100016
  0.131609 -0.0304858  0.0100016
  0.131609 -0.0304858  0.0100016
  0.131609 -0.0304857  0.0100016
  0.131609 -0.0304857  0.0100016
  0.131609 -0.0304857  0.0100016
  0.131609 -0.0304857  0.0100016
  0.131609 -0.0304857  0.0100016
  0.131609 -0.0304857  0.0100016
  0.131609 -0.0304857  0.0100016
  0.131609 -0.0304857  0.0100016
  0.131609 -0.0304857  0.0100016
  0.131609 -0.0304857  0.0100016
  0.131609 -0.0304857  0.0100016
  0.131609 -0.0304857  0.0100016
  0.131609 -0.0304857  0.0100016
  0.131609 -0.0304857  0.0100016
  0.131609 -0.0304857  0.0100016
  0.131609 -0.0304857  0.0100016
  0.131609 -0.0304857  0.0100016
  0.131609 -0.0304857  0.0100016
  0.131609 -0.0304857  0.0100016
  0.131609 -0.0304856  0.0100016
  0.131609 -0.0304856  0.0100016
  0.131609 -0.0304856  0.0100016
  0.131609 -0.0304856  0.0100016
  0.131609 -0.0304856  0.0100017
  0.131609 -0.0304856  0.0100017
  0.131609 -0.0304856  0.0100017
  0.131609 -0.0304856  0.0100017
  0.131609 -0.0304856  0.0100017
  0.131609 -0.0304856  0.0100017
  0.131609 -0.0304856  0.0100017
  0.131609 -0.0304856  0.0100017
  0.131609 -0.0304856  0.0100017
  0.131609 -0.0304856  0.0100017
  0.131609 -0.0304856  0.0100017
  0.131609 -0.0304856  0.0100017
  0.131609 -0.0304856  0.0100017
  0.131609 -0.0304856  0.0100017
  0.131609 -0.0304856  0.0100017
  0.131609 -0.0304856  0.0100017
  0.131609 -0.0304856  0.0100017
  0.131609 -0.0304855  0.0100017
  0.131609 -0.0304855  0.0100017
  0.131609 -0.0304855  0.0100017
  0.131609 -0.0304855  0.0100017
  0.131609 -0.0304855  0.0100017
  0.131609 -0.0304855  0.0100017
  0.131609 -0.0304855  0.0100017
  0.131609 -0.0304855  0.0100017
  0.131609 -0.0304855  0.0100017
  0.131609 -0.0304855  0.0100017
  0.131609 -0.0304855  0.0100017
  0.131609 -0.0304855  0.0100017
  0.131609 -0.0304855  0.0100017
  0.131609 -0.0304855  0.0100017
  0.131609 -0.0304855  0.0100017
  0.131609 -0.0304855  0.0100017
  0.131609 -0.0304855  0.0100017
  0.131609 -0.0304855  0.0100017
  0.131609 -0.0304855  0.0100017
  0.131609 -0.0304855  0.0100017
  0.131609 -0.0304855  0.0100017
  0.131609 -0.0304855  0.0100017
  0.131609 -0.0304854  0.0100017
  0.131609 -0.0304854  0.0100017
  0.131609 -0.0304854  0.0100017
  0.131609 -0.0304854  0.0100017
  0.131609 -0.0304854  0.0100017
  0.131609 -0.0304854  0.0100017
  0.131609 -0.0304854  0.0100017
  0.131609 -0.0304854  0.0100017
  0.131609 -0.0304854  0.0100017
  0.131609 -0.0304854  0.0100017
  0.131609 -0.0304854  0.0100017
  0.131609 -0.0304854  0.0100017
  0.131609 -0.0304854  0.0100017
  0.131609 -0.0304854  0.0100017
  0.131609 -0.0304854  0.0100017
  0.131609 -0.0304854  0.0100017
  0.131609 -0.0304854  0.0100017
  0.131609 -0.0304854  0.0100017
  0.131609 -0.0304854  0.0100017
  0.131609 -0.0304854  0.0100017
  0.131609 -0.0304854  0.0100017
  0.131609 -0.0304854  0.0100017
  0.131609 -0.0304854  0.0100017
  0.131609 -0.0304854  0.0100017
  0.131609 -0.0304853  0.0100017
  0.131609 -0.0304853  0.0100017
  0.131609 -0.0304853  0.0100017
  0.131609 -0.0304853  0.0100017
  0.131609 -0.0304853  0.0100017
  0.131609 -0.0304853  0.0100017
  0.131609 -0.0304853  0.0100017
  0.131609 -0.0304853  0.0100017
  0.131609 -0.0304853  0.0100017
  0.131609 -0.0304853  0.0100017
  0.131609 -0.0304853  0.0100017
  0.131609 -0.0304853  0.0100017
  0.131609 -0.0304853  0.0100017
  0.131609 -0.0304853  0.0100017
  0.131609 -0.0304853  0.0100017
  0.131609 -0.0304853  0.0100017
  0.131609 -0.0304853  0.0100017
  0.131609 -0.0304853  0.0100017
  0.131609 -0.0304853  0.0100017
  0.131609 -0.0304853  0.0100017
  0.131609 -0.0304853  0.0100017
  0.131609 -0.0304853  0.0100017
  0.131609 -0.0304853  0.0100017
  0.131609 -0.0304853  0.0100017
  0.131609 -0.0304853  0.0100017
  0.131609 -0.0304853  0.0100017
  0.131609 -0.0304852  0.0100017
  0.131609 -0.0304852  0.0100017
  0.131609 -0.0304852  0.0100017
  0.131609 -0.0304852  0.0100017
  0.131609 -0.0304852  0.0100017
  0.131609 -0.0304852  0.0100017
  0.131609 -0.0304852  0.0100017
  0.131609 -0.0304852  0.0100017
  0.131609 -0.0304852  0.0100017
  0.131609 -0.0304852  0.0100017
  0.131609 -0.0304852  0.0100017
  0.131609 -0.0304852  0.0100017
  0.131609 -0.0304852  0.0100017
  0.131609 -0.0304852  0.0100017
  0.131609 -0.0304852  0.0100017
  0.131608 -0.0304852  0.0100017
  0.131608 -0.0304852  0.0100017
  0.131608 -0.0304852  0.0100017
  0.131608 -0.0304852  0.0100017
  0.131608 -0.0304852  0.0100017
  0.131608 -0.0304852  0.0100017
  0.131608 -0.0304852  0.0100017
  0.131608 -0.0304852  0.0100017
  0.131608 -0.0304852  0.0100017
  0.131608 -0.0304852  0.0100017
  0.131608 -0.0304852  0.0100017
  0.131608 -0.0304852  0.0100017
  0.131608 -0.0304852  0.0100017
  0.131608 -0.0304851  0.0100017
  0.131608 -0.0304851  0.0100017
  0.131608 -0.0304851  0.0100017
  0.131608 -0.0304851  0.0100017
  0.131608 -0.0304851  0.0100017
  0.131608 -0.0304851  0.0100017
  0.131608 -0.0304851  0.0100017
  0.131608 -0.0304851  0.0100017
  0.131608 -0.0304851  0.0100017
  0.131608 -0.0304851  0.0100017
  0.131608 -0.0304851  0.0100017
  0.131608 -0.0304851  0.0100017
  0.131608 -0.0304851  0.0100017
  0.131608 -0.0304851  0.0100017
  0.131608 -0.0304851  0.0100017
  0.131608 -0.0304851  0.0100017
  0.131608 -0.0304851  0.0100017
  0.131608 -0.0304851  0.0100017
  0.131608 -0.0304851  0.0100017
  0.131608 -0.0304851  0.0100017
  0.131608 -0.0304851  0.0100017
  0.131608 -0.0304851  0.0100017
  0.131608 -0.0304851  0.0100017
  0.131608 -0.0304851  0.0100017
  0.131608 -0.0304851  0.0100017
  0.131608 -0.0304851  0.0100017
  0.131608 -0.0304851  0.0100017
  0.131608 -0.0304851  0.0100017
  0.131608 -0.0304851  0.0100017
  0.131608 -0.0304851  0.0100017
 0.131608 -0.030485 0.0100017
 0.131608 -0.030485 0.0100017
 0.131608 -0.030485 0.0100017
 0.131608 -0.030485 0.0100017
 0.131608 -0.030485 0.0100017
 0.131608 -0.030485 0.0100017
 0.131608 -0.030485 0.0100017
 0.131608 -0.030485 0.0100017
 0.131608 -0.030485 0.0100017
 0.131608 -0.030485 0.0100017
 0.131608 -0.030485 0.0100017
 0.131608 -0.030485 0.0100017
 0.131608 -0.030485 0.0100017
 0.131608 -0.030485 0.0100017
 0.131608 -0.030485 0.0100017
 0.131608 -0.030485 0.0100017
 0.131608 -0.030485 0.0100017
 0.131608 -0.030485 0.0100017
 0.131608 -0.030485 0.0100017
 0.131608 -0.030485 0.0100017
 0.131608 -0.030485 0.0100017
 0.131608 -0.030485 0.0100017
 0.131608 -0.030485 0.0100017
 0.131608 -0.030485 0.0100017
 0.131608 -0.030485 0.0100017
 0.131608 -0.030485 0.0100017
 0.131608 -0.030485 0.0100017
 0.131608 -0.030485 0.0100016
 0.131608 -0.030485 0.0100016
 0.131608 -0.030485 0.0100016
 0.131608 -0.030485 0.0100016
  0.131608 -0.0304849  0.0100016
  0.131608 -0.0304849  0.0100016
  0.131608 -0.0304849  0.0100016
  0.131608 -0.0304849  0.0100016
  0.131608 -0.0304849  0.0100016
  0.131608 -0.0304849  0.0100016
  0.131608 -0.0304849  0.0100016
  0.131608 -0.0304849  0.0100016
  0.131608 -0.0304849  0.0100016
  0.131608 -0.0304849  0.0100016
  0.131608 -0.0304849  0.0100016
  0.131608 -0.0304849  0.0100016
  0.131608 -0.0304849  0.0100016
  0.131608 -0.0304849  0.0100016
  0.131608 -0.0304849  0.0100016
  0.131608 -0.0304849  0.0100016
  0.131608 -0.0304849  0.0100016
  0.131608 -0.0304849  0.0100016
  0.131608 -0.0304849  0.0100016
  0.131608 -0.0304849  0.0100016
  0.131608 -0.0304849  0.0100016
  0.131608 -0.0304849  0.0100016
  0.131608 -0.0304849  0.0100016
  0.131608 -0.0304849  0.0100016
  0.131608 -0.0304849  0.0100016
  0.131608 -0.0304849  0.0100016
  0.131608 -0.0304849  0.0100016
  0.131608 -0.0304849  0.0100016
  0.131608 -0.0304849  0.0100016
  0.131608 -0.0304849  0.0100016
  0.131608 -0.0304849  0.0100016
  0.131608 -0.0304849  0.0100016
  0.131608 -0.0304848  0.0100016
  0.131608 -0.0304848  0.0100016
  0.131608 -0.0304848  0.0100016
  0.131608 -0.0304848  0.0100016
  0.131608 -0.0304848  0.0100016
  0.131608 -0.0304848  0.0100016
  0.131608 -0.0304848  0.0100016
  0.131608 -0.0304848  0.0100016
  0.131608 -0.0304848  0.0100016
  0.131608 -0.0304848  0.0100016
  0.131608 -0.0304848  0.0100016
  0.131608 -0.0304848  0.0100016
  0.131608 -0.0304848  0.0100016
  0.131608 -0.0304848  0.0100016
  0.131608 -0.0304848  0.0100016
  0.131608 -0.0304848  0.0100016
  0.131608 -0.0304848  0.0100016
  0.131608 -0.0304848  0.0100016
  0.131608 -0.0304848  0.0100016
  0.131608 -0.0304848  0.0100016
  0.131608 -0.0304848  0.0100016
  0.131608 -0.0304848  0.0100015
  0.131608 -0.0304848  0.0100015
  0.131608 -0.0304848  0.0100015
  0.131608 -0.0304848  0.0100015
  0.131607 -0.0304848  0.0100015
  0.131607 -0.0304848  0.0100015
  0.131607 -0.0304848  0.0100015
  0.131607 -0.0304848  0.0100015
  0.131607 -0.0304848  0.0100015
  0.131607 -0.0304848  0.0100015
  0.131607 -0.0304848  0.0100015
  0.131607 -0.0304848  0.0100015
  0.131607 -0.0304848  0.0100015
  0.131607 -0.0304847  0.0100015
  0.131607 -0.0304847  0.0100015
  0.131607 -0.0304847  0.0100015
  0.131607 -0.0304847  0.0100015
  0.131607 -0.0304847  0.0100015
  0.131607 -0.0304847  0.0100015
  0.131607 -0.0304847  0.0100015
  0.131607 -0.0304847  0.0100015
  0.131607 -0.0304847  0.0100015
  0.131607 -0.0304847  0.0100015
  0.131607 -0.0304847  0.0100015
  0.131607 -0.0304847  0.0100015
  0.131607 -0.0304847  0.0100015
  0.131607 -0.0304847  0.0100015
  0.131607 -0.0304847  0.0100015
  0.131607 -0.0304847  0.0100015
  0.131607 -0.0304847  0.0100015
  0.131607 -0.0304847  0.0100015
  0.131607 -0.0304847  0.0100015
  0.131607 -0.0304847  0.0100015
  0.131607 -0.0304847  0.0100015
  0.131607 -0.0304847  0.0100015
  0.131607 -0.0304847  0.0100015
  0.131607 -0.0304847  0.0100015
  0.131607 -0.0304847  0.0100015
  0.131607 -0.0304847  0.0100015
  0.131607 -0.0304847  0.0100015
