  0.047478 0.00490322  -0.016354
  0.0443402  0.00354876 -0.00518008
 0.0445454 0.00293679 0.00370629
 0.0462301 0.00270304  0.0106417
  0.048416 0.00264931  0.0159882
 0.0506228 0.00267126  0.0200832
 0.0526389 0.00271658   0.023214
  0.054391 0.00276108  0.0256122
 0.0558735 0.00279524  0.0274581
 0.0571103 0.00281677  0.0288893
 0.0581359 0.00282664  0.0300093
 0.0589852 0.00282702  0.0308951
 0.0596901 0.00282028   0.031604
 0.0602776 0.00280857  0.0321782
 0.0607698 0.00279362  0.0326491
0.0611848 0.0027768 0.0330398
 0.0615368 0.00275907  0.0333676
  0.061837 0.00274117  0.0336453
 0.0620942 0.00272355  0.0338827
 0.0623157 0.00270654  0.0340871
 0.0625071 0.00269033  0.0342641
 0.0626728 0.00267502  0.0344183
 0.0628165 0.00266065   0.034553
 0.0629413 0.00264722   0.034671
 0.0630496 0.00263472  0.0347746
 0.0631436 0.00262309  0.0348657
 0.063225 0.0026123 0.0349458
 0.0632954 0.00260227  0.0350162
 0.0633559 0.00259297   0.035078
 0.0634078 0.00258432  0.0351321
  0.063452 0.00257628  0.0351795
0.0634893 0.0025688 0.0352208
 0.0635206 0.00256182  0.0352567
 0.0635464 0.00255531  0.0352878
 0.0635674 0.00254922  0.0353146
 0.0635842 0.00254351  0.0353374
 0.0635971 0.00253816  0.0353568
 0.0636065 0.00253312   0.035373
 0.0636129 0.00252837  0.0353865
 0.0636166 0.00252389  0.0353974
 0.0636179 0.00251965   0.035406
  0.063617 0.00251562  0.0354127
0.0636142 0.0025118 0.0354175
 0.0636097 0.00250816  0.0354207
 0.0636036 0.00250468  0.0354225
 0.0635962 0.00250135  0.0354229
 0.0635876 0.00249817  0.0354222
 0.0635779 0.00249511  0.0354204
 0.0635673 0.00249216  0.0354177
 0.0635559 0.00248932  0.0354142
 0.0635437 0.00248657  0.0354099
 0.0635309 0.00248392  0.0354049
 0.0635175 0.00248134  0.0353994
 0.0635036 0.00247885  0.0353933
 0.0634893 0.00247641  0.0353868
 0.0634746 0.00247405  0.0353798
 0.0634596 0.00247174  0.0353725
 0.0634444 0.00246948  0.0353649
 0.0634289 0.00246728   0.035357
 0.0634132 0.00246512  0.0353489
0.0633973  0.002463 0.0353405
 0.0633813 0.00246092  0.0353319
 0.0633652 0.00245888  0.0353232
  0.063349 0.00245687  0.0353144
0.0633328 0.0024549 0.0353054
 0.0633165 0.00245296  0.0352963
 0.0633002 0.00245104  0.0352872
 0.0632838 0.00244915   0.035278
 0.0632675 0.00244729  0.0352687
 0.0632512 0.00244545  0.0352594
 0.0632349 0.00244363  0.0352501
 0.0632187 0.00244184  0.0352407
 0.0632025 0.00244006  0.0352314
0.0631864 0.0024383  0.035222
 0.0631703 0.00243656  0.0352127
 0.0631543 0.00243484  0.0352033
 0.0631384 0.00243314   0.035194
 0.0631225 0.00243145  0.0351847
 0.0631068 0.00242978  0.0351754
 0.0630911 0.00242812  0.0351661
 0.0630755 0.00242647  0.0351569
   0.06306 0.00242484  0.0351477
 0.0630445 0.00242323  0.0351386
 0.0630292 0.00242162  0.0351295
  0.063014 0.00242003  0.0351204
 0.0629989 0.00241845  0.0351114
 0.0629839 0.00241689  0.0351025
 0.0629689 0.00241533  0.0350935
 0.0629541 0.00241379  0.0350847
 0.0629394 0.00241226  0.0350759
 0.0629248 0.00241073  0.0350671
 0.0629103 0.00240922  0.0350584
 0.0628959 0.00240772  0.0350498
 0.0628816 0.00240623  0.0350412
 0.0628674 0.00240475  0.0350326
 0.0628533 0.00240328  0.0350242
 0.0628393 0.00240182  0.0350157
 0.0628254 0.00240037  0.0350074
 0.0628116 0.00239893  0.0349991
0.0627979 0.0023975 0.0349908
 0.0627843 0.00239608  0.0349826
 0.0627708 0.00239467  0.0349745
 0.0627575 0.00239326  0.0349664
 0.0627442 0.00239187  0.0349583
  0.062731 0.00239048  0.0349504
 0.0627179 0.00238911  0.0349424
 0.0627049 0.00238774  0.0349346
  0.062692 0.00238638  0.0349268
 0.0626793 0.00238503   0.034919
 0.0626666 0.00238368  0.0349113
  0.062654 0.00238235  0.0349037
 0.0626415 0.00238102  0.0348961
0.0626291 0.0023797 0.0348886
 0.0626168 0.00237839  0.0348811
 0.0626046 0.00237709  0.0348737
0.0625924 0.0023758 0.0348663
 0.0625804 0.00237451   0.034859
 0.0625685 0.00237323  0.0348517
 0.0625566 0.00237196  0.0348445
0.0625449 0.0023707 0.0348373
 0.0625332 0.00236944  0.0348302
0.0625216 0.0023682 0.0348232
 0.0625101 0.00236696  0.0348161
 0.0624987 0.00236572  0.0348092
0.0624874 0.0023645 0.0348023
 0.0624762 0.00236328  0.0347954
  0.062465 0.00236207  0.0347886
  0.062454 0.00236087  0.0347818
  0.062443 0.00235967  0.0347751
 0.0624321 0.00235848  0.0347685
0.0624213 0.0023573 0.0347618
 0.0624106 0.00235612  0.0347553
 0.0623999 0.00235496  0.0347488
 0.0623893 0.00235379  0.0347423
 0.0623788 0.00235264  0.0347358
 0.0623684 0.00235149  0.0347295
 0.0623581 0.00235035  0.0347231
 0.0623478 0.00234922  0.0347168
 0.0623377 0.00234809  0.0347106
 0.0623275 0.00234697  0.0347044
 0.0623175 0.00234586  0.0346982
 0.0623076 0.00234475  0.0346921
 0.0622977 0.00234365   0.034686
 0.0622879 0.00234256    0.03468
 0.0622781 0.00234147   0.034674
 0.0622685 0.00234039   0.034668
 0.0622589 0.00233931  0.0346621
 0.0622494 0.00233824  0.0346563
 0.0622399 0.00233718  0.0346505
 0.0622305 0.00233612  0.0346447
 0.0622212 0.00233507  0.0346389
  0.062212 0.00233403  0.0346332
 0.0622028 0.00233299  0.0346276
 0.0621937 0.00233196   0.034622
 0.0621847 0.00233093  0.0346164
 0.0621757 0.00232991  0.0346108
0.0621668 0.0023289 0.0346053
  0.062158 0.00232789  0.0345999
 0.0621492 0.00232689  0.0345944
 0.0621405 0.00232589   0.034589
0.0621318 0.0023249 0.0345837
 0.0621232 0.00232392  0.0345784
 0.0621147 0.00232294  0.0345731
 0.0621063 0.00232196  0.0345679
 0.0620979 0.00232099  0.0345627
 0.0620895 0.00232003  0.0345575
 0.0620812 0.00231907  0.0345523
  0.062073 0.00231812  0.0345473
 0.0620649 0.00231718  0.0345422
 0.0620568 0.00231624  0.0345372
0.0620487 0.0023153 0.0345322
 0.0620408 0.00231437  0.0345272
 0.0620328 0.00231345  0.0345223
  0.062025 0.00231253  0.0345174
 0.0620172 0.00231161  0.0345125
 0.0620094 0.00231071  0.0345077
0.0620017 0.0023098 0.0345029
0.0619941 0.0023089 0.0344982
 0.0619865 0.00230801  0.0344934
 0.0619789 0.00230712  0.0344887
 0.0619715 0.00230624  0.0344841
  0.061964 0.00230536  0.0344794
 0.0619567 0.00230449  0.0344748
 0.0619493 0.00230362  0.0344703
 0.0619421 0.00230276  0.0344657
0.0619349 0.0023019 0.0344612
 0.0619277 0.00230105  0.0344568
0.0619206 0.0023002 0.0344523
 0.0619135 0.00229936  0.0344479
 0.0619065 0.00229852  0.0344435
 0.0618995 0.00229768  0.0344392
 0.0618926 0.00229685  0.0344348
 0.0618858 0.00229603  0.0344305
 0.0618789 0.00229521  0.0344263
 0.0618722 0.00229439   0.034422
 0.0618655 0.00229358  0.0344178
 0.0618588 0.00229278  0.0344136
 0.0618522 0.00229198  0.0344095
 0.0618456 0.00229118  0.0344053
  0.061839 0.00229039  0.0344012
0.0618326 0.0022896 0.0343972
 0.0618261 0.00228882  0.0343931
 0.0618197 0.00228804  0.0343891
 0.0618134 0.00228726  0.0343851
  0.061807 0.00228649  0.0343812
 0.0618008 0.00228573  0.0343772
 0.0617946 0.00228496  0.0343733
 0.0617884 0.00228421  0.0343694
 0.0617823 0.00228345  0.0343656
0.0617762 0.0022827 0.0343617
 0.0617701 0.00228196  0.0343579
 0.0617641 0.00228122  0.0343541
 0.0617581 0.00228048  0.0343504
 0.0617522 0.00227975  0.0343466
 0.0617463 0.00227902  0.0343429
0.0617405 0.0022783 0.0343392
 0.0617347 0.00227758  0.0343356
 0.0617289 0.00227686  0.0343319
 0.0617232 0.00227615  0.0343283
 0.0617175 0.00227544  0.0343247
 0.0617119 0.00227474  0.0343212
 0.0617063 0.00227404  0.0343176
 0.0617007 0.00227334  0.0343141
 0.0616952 0.00227265  0.0343106
 0.0616897 0.00227196  0.0343071
 0.0616842 0.00227128  0.0343037
 0.0616788 0.00227059  0.0343003
 0.0616734 0.00226992  0.0342968
 0.0616681 0.00226924  0.0342935
 0.0616628 0.00226857  0.0342901
 0.0616575 0.00226791  0.0342868
 0.0616523 0.00226725  0.0342834
 0.0616471 0.00226659  0.0342801
 0.0616419 0.00226593  0.0342769
 0.0616368 0.00226528  0.0342736
 0.0616317 0.00226463  0.0342704
 0.0616266 0.00226399  0.0342672
 0.0616216 0.00226335   0.034264
 0.0616166 0.00226271  0.0342608
 0.0616117 0.00226208  0.0342577
 0.0616067 0.00226145  0.0342545
 0.0616018 0.00226082  0.0342514
 0.061597 0.0022602 0.0342483
 0.0615922 0.00225958  0.0342453
 0.0615874 0.00225896  0.0342422
 0.0615826 0.00225835  0.0342392
 0.0615779 0.00225774  0.0342362
 0.0615732 0.00225714  0.0342332
 0.0615685 0.00225653  0.0342302
 0.0615639 0.00225593  0.0342272
 0.0615593 0.00225534  0.0342243
 0.0615547 0.00225475  0.0342214
 0.0615502 0.00225416  0.0342185
 0.0615457 0.00225357  0.0342156
 0.0615412 0.00225299  0.0342127
 0.0615367 0.00225241  0.0342099
 0.0615323 0.00225183  0.0342071
 0.0615279 0.00225126  0.0342043
 0.0615236 0.00225069  0.0342015
 0.0615192 0.00225012  0.0341987
 0.0615149 0.00224955   0.034196
 0.0615106 0.00224899  0.0341932
 0.0615064 0.00224844  0.0341905
 0.0615022 0.00224788  0.0341878
  0.061498 0.00224733  0.0341851
 0.0614938 0.00224678  0.0341824
 0.0614897 0.00224623  0.0341798
 0.0614856 0.00224569  0.0341772
 0.0614815 0.00224515  0.0341745
 0.0614774 0.00224462  0.0341719
 0.0614734 0.00224408  0.0341693
 0.0614694 0.00224355  0.0341668
 0.0614654 0.00224302  0.0341642
0.0614615 0.0022425 0.0341617
 0.0614575 0.00224197  0.0341592
 0.0614536 0.00224145  0.0341567
 0.0614498 0.00224094  0.0341542
 0.0614459 0.00224042  0.0341517
 0.0614421 0.00223991  0.0341492
0.0614383 0.0022394 0.0341468
0.0614345 0.0022389 0.0341444
0.0614308 0.0022384  0.034142
 0.061427 0.0022379 0.0341396
0.0614233 0.0022374 0.0341372
0.0614197 0.0022369 0.0341348
  0.061416 0.00223641  0.0341325
 0.0614124 0.00223592  0.0341301
 0.0614088 0.00223544  0.0341278
 0.0614052 0.00223495  0.0341255
 0.0614016 0.00223447  0.0341232
 0.0613981 0.00223399  0.0341209
 0.0613946 0.00223352  0.0341186
 0.0613911 0.00223304  0.0341164
 0.0613876 0.00223257  0.0341141
0.0613842 0.0022321 0.0341119
 0.0613808 0.00223164  0.0341097
 0.0613774 0.00223117  0.0341075
  0.061374 0.00223071  0.0341053
 0.0613706 0.00223026  0.0341031
0.0613673 0.0022298  0.034101
  0.061364 0.00222935  0.0340988
0.0613607 0.0022289 0.0340967
 0.0613574 0.00222845  0.0340946
0.0613542  0.002228 0.0340925
 0.0613509 0.00222756  0.0340904
 0.0613477 0.00222712  0.0340883
 0.0613445 0.00222668  0.0340863
 0.0613414 0.00222624  0.0340842
 0.0613382 0.00222581  0.0340822
 0.0613351 0.00222537  0.0340801
  0.061332 0.00222494  0.0340781
 0.0613289 0.00222452  0.0340761
 0.0613258 0.00222409  0.0340741
 0.0613227 0.00222367  0.0340721
 0.0613197 0.00222325  0.0340702
 0.0613167 0.00222283  0.0340682
 0.0613137 0.00222242  0.0340663
0.0613107  0.002222 0.0340643
 0.0613078 0.00222159  0.0340624
 0.0613048 0.00222118  0.0340605
 0.0613019 0.00222078  0.0340586
  0.061299 0.00222037  0.0340567
 0.0612961 0.00221997  0.0340548
 0.0612933 0.00221957   0.034053
 0.0612904 0.00221917  0.0340511
 0.0612876 0.00221877  0.0340493
 0.0612848 0.00221838  0.0340475
  0.061282 0.00221799  0.0340456
0.0612792 0.0022176 0.0340438
 0.0612765 0.00221721   0.034042
 0.0612737 0.00221682  0.0340403
  0.061271 0.00221644  0.0340385
 0.0612683 0.00221606  0.0340367
 0.0612656 0.00221568   0.034035
0.0612629 0.0022153 0.0340332
 0.0612603 0.00221493  0.0340315
 0.0612576 0.00221455  0.0340298
  0.061255 0.00221418   0.034028
 0.0612524 0.00221381  0.0340263
 0.0612498 0.00221345  0.0340247
 0.0612473 0.00221308   0.034023
 0.0612447 0.00221272  0.0340213
 0.0612422 0.00221236  0.0340196
0.0612396  0.002212  0.034018
 0.0612371 0.00221164  0.0340163
 0.0612346 0.00221128  0.0340147
 0.0612321 0.00221093  0.0340131
 0.0612297 0.00221058  0.0340115
 0.0612272 0.00221023  0.0340099
 0.0612248 0.00220988  0.0340083
 0.0612224 0.00220953  0.0340067
   0.06122 0.00220919  0.0340051
 0.0612176 0.00220885  0.0340036
 0.0612152 0.00220851   0.034002
 0.0612128 0.00220817  0.0340005
 0.0612105 0.00220783  0.0339989
 0.0612082 0.00220749  0.0339974
 0.0612059 0.00220716  0.0339959
 0.0612036 0.00220683  0.0339944
0.0612013 0.0022065 0.0339929
  0.061199 0.00220617  0.0339914
 0.0611967 0.00220584  0.0339899
 0.0611945 0.00220552  0.0339884
0.0611922 0.0022052 0.0339869
   0.06119 0.00220488  0.0339855
 0.0611878 0.00220456   0.033984
 0.0611856 0.00220424  0.0339826
 0.0611835 0.00220392  0.0339812
 0.0611813 0.00220361  0.0339797
 0.0611791 0.00220329  0.0339783
  0.061177 0.00220298  0.0339769
 0.0611749 0.00220267  0.0339755
 0.0611728 0.00220237  0.0339741
 0.0611707 0.00220206  0.0339728
 0.0611686 0.00220176  0.0339714
 0.0611665 0.00220145    0.03397
 0.0611644 0.00220115  0.0339687
 0.0611624 0.00220085  0.0339673
 0.0611603 0.00220055   0.033966
 0.0611583 0.00220026  0.0339646
 0.0611563 0.00219996  0.0339633
 0.0611543 0.00219967   0.033962
 0.0611523 0.00219938  0.0339607
 0.0611503 0.00219909  0.0339594
0.0611484 0.0021988 0.0339581
 0.0611464 0.00219851  0.0339568
 0.0611445 0.00219822  0.0339555
 0.0611426 0.00219794  0.0339542
 0.0611406 0.00219766   0.033953
 0.0611387 0.00219738  0.0339517
0.0611368 0.0021971 0.0339505
 0.0611349 0.00219682  0.0339492
 0.0611331 0.00219654   0.033948
 0.0611312 0.00219627  0.0339468
 0.0611294 0.00219599  0.0339455
 0.0611275 0.00219572  0.0339443
 0.0611257 0.00219545  0.0339431
 0.0611239 0.00219518  0.0339419
 0.0611221 0.00219491  0.0339407
 0.0611203 0.00219465  0.0339395
 0.0611185 0.00219438  0.0339383
 0.0611167 0.00219412  0.0339372
  0.061115 0.00219385   0.033936
 0.0611132 0.00219359  0.0339348
 0.0611115 0.00219333  0.0339337
 0.0611097 0.00219308  0.0339325
  0.061108 0.00219282  0.0339314
 0.0611063 0.00219256  0.0339303
 0.0611046 0.00219231  0.0339291
 0.0611029 0.00219206   0.033928
0.0611012 0.0021918 0.0339269
 0.0610996 0.00219155  0.0339258
 0.0610979 0.00219131  0.0339247
 0.0610962 0.00219106  0.0339236
 0.0610946 0.00219081  0.0339225
  0.061093 0.00219057  0.0339214
 0.0610913 0.00219032  0.0339204
 0.0610897 0.00219008  0.0339193
 0.0610881 0.00218984  0.0339182
0.0610865 0.0021896 0.0339172
  0.061085 0.00218936  0.0339161
 0.0610834 0.00218912  0.0339151
 0.0610818 0.00218889   0.033914
 0.0610803 0.00218865   0.033913
 0.0610787 0.00218842   0.033912
 0.0610772 0.00218819   0.033911
 0.0610756 0.00218796  0.0339099
 0.0610741 0.00218773  0.0339089
0.0610726 0.0021875 0.0339079
 0.0610711 0.00218727  0.0339069
 0.0610696 0.00218704  0.0339059
 0.0610681 0.00218682   0.033905
0.0610667 0.0021866  0.033904
 0.0610652 0.00218637   0.033903
 0.0610637 0.00218615   0.033902
 0.0610623 0.00218593  0.0339011
 0.0610608 0.00218571  0.0339001
 0.0610594 0.00218549  0.0338991
  0.061058 0.00218528  0.0338982
 0.0610566 0.00218506  0.0338973
 0.0610552 0.00218485  0.0338963
 0.0610538 0.00218463  0.0338954
 0.0610524 0.00218442  0.0338945
  0.061051 0.00218421  0.0338935
0.0610496  0.002184 0.0338926
 0.0610482 0.00218379  0.0338917
 0.0610469 0.00218358  0.0338908
 0.0610455 0.00218338  0.0338899
 0.0610442 0.00218317   0.033889
 0.0610429 0.00218297  0.0338881
 0.0610415 0.00218276  0.0338872
 0.0610402 0.00218256  0.0338864
 0.0610389 0.00218236  0.0338855
 0.0610376 0.00218216  0.0338846
 0.0610363 0.00218196  0.0338837
  0.061035 0.00218176  0.0338829
 0.0610337 0.00218156   0.033882
 0.0610324 0.00218137  0.0338812
 0.0610312 0.00218117  0.0338803
 0.0610299 0.00218098  0.0338795
 0.0610287 0.00218079  0.0338787
 0.0610274 0.00218059  0.0338778
0.0610262 0.0021804  0.033877
  0.061025 0.00218021  0.0338762
 0.0610237 0.00218002  0.0338754
 0.0610225 0.00217984  0.0338745
 0.0610213 0.00217965  0.0338737
 0.0610201 0.00217946  0.0338729
 0.0610189 0.00217928  0.0338721
 0.0610177 0.00217909  0.0338713
 0.0610165 0.00217891  0.0338705
 0.0610154 0.00217873  0.0338698
 0.0610142 0.00217855   0.033869
  0.061013 0.00217837  0.0338682
 0.0610119 0.00217819  0.0338674
 0.0610107 0.00217801  0.0338667
 0.0610096 0.00217783  0.0338659
 0.0610084 0.00217766  0.0338651
 0.0610073 0.00217748  0.0338644
0.0610062 0.0021773 0.0338636
 0.0610051 0.00217713  0.0338629
  0.061004 0.00217696  0.0338621
 0.0610029 0.00217679  0.0338614
 0.0610018 0.00217662  0.0338607
 0.0610007 0.00217645  0.0338599
 0.0609996 0.00217628  0.0338592
 0.0609985 0.00217611  0.0338585
 0.0609974 0.00217594  0.0338578
 0.0609964 0.00217577  0.0338571
 0.0609953 0.00217561  0.0338563
 0.0609943 0.00217544  0.0338556
 0.0609932 0.00217528  0.0338549
 0.0609922 0.00217512  0.0338542
 0.0609911 0.00217495  0.0338535
 0.0609901 0.00217479  0.0338529
 0.0609891 0.00217463  0.0338522
 0.0609881 0.00217447  0.0338515
  0.060987 0.00217431  0.0338508
  0.060986 0.00217415  0.0338501
 0.060985  0.002174 0.0338495
  0.060984 0.00217384  0.0338488
  0.060983 0.00217369  0.0338481
 0.0609821 0.00217353  0.0338475
 0.0609811 0.00217338  0.0338468
 0.0609801 0.00217322  0.0338462
 0.0609791 0.00217307  0.0338455
 0.0609782 0.00217292  0.0338449
 0.0609772 0.00217277  0.0338442
 0.0609763 0.00217262  0.0338436
 0.0609753 0.00217247  0.0338429
 0.0609744 0.00217232  0.0338423
 0.0609735 0.00217217  0.0338417
 0.0609725 0.00217203  0.0338411
 0.0609716 0.00217188  0.0338404
 0.0609707 0.00217174  0.0338398
 0.0609698 0.00217159  0.0338392
 0.0609689 0.00217145  0.0338386
 0.060968 0.0021713  0.033838
 0.0609671 0.00217116  0.0338374
 0.0609662 0.00217102  0.0338368
 0.0609653 0.00217088  0.0338362
 0.0609644 0.00217074  0.0338356
0.0609635 0.0021706  0.033835
 0.0609626 0.00217046  0.0338344
 0.0609618 0.00217032  0.0338338
 0.0609609 0.00217019  0.0338332
   0.06096 0.00217005  0.0338327
 0.0609592 0.00216991  0.0338321
 0.0609583 0.00216978  0.0338315
 0.0609575 0.00216965   0.033831
 0.0609567 0.00216951  0.0338304
 0.0609558 0.00216938  0.0338298
  0.060955 0.00216925  0.0338293
 0.0609542 0.00216911  0.0338287
 0.0609533 0.00216898  0.0338282
 0.0609525 0.00216885  0.0338276
 0.0609517 0.00216872  0.0338271
0.0609509 0.0021686 0.0338265
 0.0609501 0.00216847   0.033826
 0.0609493 0.00216834  0.0338254
 0.0609485 0.00216821  0.0338249
 0.0609477 0.00216809  0.0338244
 0.0609469 0.00216796  0.0338238
 0.0609462 0.00216784  0.0338233
 0.0609454 0.00216771  0.0338228
 0.0609446 0.00216759  0.0338223
 0.0609438 0.00216747  0.0338218
 0.0609431 0.00216734  0.0338212
 0.0609423 0.00216722  0.0338207
0.0609416 0.0021671 0.0338202
 0.0609408 0.00216698  0.0338197
 0.0609401 0.00216686  0.0338192
 0.0609393 0.00216674  0.0338187
 0.0609386 0.00216662  0.0338182
 0.0609378 0.00216651  0.0338177
 0.0609371 0.00216639  0.0338172
 0.0609364 0.00216627  0.0338167
 0.0609357 0.00216616  0.0338163
  0.060935 0.00216604  0.0338158
 0.0609342 0.00216593  0.0338153
 0.0609335 0.00216581  0.0338148
0.0609328 0.0021657 0.0338143
 0.0609321 0.00216559  0.0338139
 0.0609314 0.00216547  0.0338134
 0.0609307 0.00216536  0.0338129
   0.06093 0.00216525  0.0338125
 0.0609294 0.00216514   0.033812
 0.0609287 0.00216503  0.0338115
  0.060928 0.00216492  0.0338111
 0.0609273 0.00216481  0.0338106
0.0609266 0.0021647 0.0338102
  0.060926 0.00216459  0.0338097
 0.0609253 0.00216449  0.0338093
 0.0609247 0.00216438  0.0338088
  0.060924 0.00216427  0.0338084
 0.0609233 0.00216417  0.0338079
 0.0609227 0.00216406  0.0338075
  0.060922 0.00216396  0.0338071
 0.0609214 0.00216386  0.0338066
 0.0609208 0.00216375  0.0338062
 0.0609201 0.00216365  0.0338058
 0.0609195 0.00216355  0.0338053
 0.0609189 0.00216344  0.0338049
 0.0609182 0.00216334  0.0338045
 0.0609176 0.00216324  0.0338041
  0.060917 0.00216314  0.0338037
 0.0609164 0.00216304  0.0338032
 0.0609158 0.00216294  0.0338028
 0.0609152 0.00216285  0.0338024
 0.0609146 0.00216275   0.033802
  0.060914 0.00216265  0.0338016
 0.0609134 0.00216255  0.0338012
 0.0609128 0.00216246  0.0338008
 0.0609122 0.00216236  0.0338004
 0.0609116 0.00216226     0.0338
  0.060911 0.00216217  0.0337996
 0.0609104 0.00216207  0.0337992
 0.0609099 0.00216198  0.0337988
 0.0609093 0.00216189  0.0337984
 0.0609087 0.00216179   0.033798
0.0609081 0.0021617 0.0337977
 0.0609076 0.00216161  0.0337973
  0.060907 0.00216152  0.0337969
 0.0609065 0.00216143  0.0337965
 0.0609059 0.00216134  0.0337961
 0.0609053 0.00216125  0.0337958
 0.0609048 0.00216116  0.0337954
 0.0609042 0.00216107   0.033795
 0.0609037 0.00216098  0.0337947
 0.0609032 0.00216089  0.0337943
0.0609026 0.0021608 0.0337939
 0.0609021 0.00216071  0.0337936
 0.0609016 0.00216063  0.0337932
  0.060901 0.00216054  0.0337928
 0.0609005 0.00216045  0.0337925
    0.0609 0.00216037  0.0337921
 0.0608995 0.00216028  0.0337918
0.0608989 0.0021602 0.0337914
 0.0608984 0.00216011  0.0337911
 0.0608979 0.00216003  0.0337907
 0.0608974 0.00215995  0.0337904
 0.0608969 0.00215986  0.0337901
 0.0608964 0.00215978  0.0337897
0.0608959 0.0021597 0.0337894
 0.0608954 0.00215962   0.033789
 0.0608949 0.00215954  0.0337887
 0.0608944 0.00215945  0.0337884
 0.0608939 0.00215937   0.033788
 0.0608934 0.00215929  0.0337877
 0.0608929 0.00215921  0.0337874
 0.0608925 0.00215914   0.033787
  0.060892 0.00215906  0.0337867
 0.0608915 0.00215898  0.0337864
 0.060891 0.0021589 0.0337861
 0.0608906 0.00215882  0.0337858
 0.0608901 0.00215875  0.0337854
 0.0608896 0.00215867  0.0337851
 0.0608892 0.00215859  0.0337848
 0.0608887 0.00215852  0.0337845
 0.0608882 0.00215844  0.0337842
 0.0608878 0.00215837  0.0337839
 0.0608873 0.00215829  0.0337836
 0.0608869 0.00215822  0.0337833
 0.0608864 0.00215814   0.033783
  0.060886 0.00215807  0.0337827
0.0608855  0.002158 0.0337824
 0.0608851 0.00215792  0.0337821
 0.0608846 0.00215785  0.0337818
 0.0608842 0.00215778  0.0337815
 0.0608838 0.00215771  0.0337812
 0.0608833 0.00215763  0.0337809
 0.0608829 0.00215756  0.0337806
 0.0608825 0.00215749  0.0337803
 0.0608821 0.00215742    0.03378
 0.0608816 0.00215735  0.0337797
 0.0608812 0.00215728  0.0337794
 0.0608808 0.00215721  0.0337792
 0.0608804 0.00215715  0.0337789
   0.06088 0.00215708  0.0337786
 0.0608796 0.00215701  0.0337783
 0.0608791 0.00215694   0.033778
 0.0608787 0.00215687  0.0337778
 0.0608783 0.00215681  0.0337775
 0.0608779 0.00215674  0.0337772
 0.0608775 0.00215667  0.0337769
 0.0608771 0.00215661  0.0337767
 0.0608767 0.00215654  0.0337764
 0.0608763 0.00215648  0.0337761
 0.0608759 0.00215641  0.0337759
 0.0608756 0.00215635  0.0337756
 0.0608752 0.00215628  0.0337753
 0.0608748 0.00215622  0.0337751
 0.0608744 0.00215616  0.0337748
  0.060874 0.00215609  0.0337746
 0.0608736 0.00215603  0.0337743
 0.0608733 0.00215597   0.033774
0.0608729 0.0021559 0.0337738
 0.0608725 0.00215584  0.0337735
 0.0608721 0.00215578  0.0337733
 0.0608718 0.00215572   0.033773
 0.0608714 0.00215566  0.0337728
 0.060871 0.0021556 0.0337725
 0.0608707 0.00215554  0.0337723
 0.0608703 0.00215548   0.033772
   0.06087 0.00215542  0.0337718
 0.0608696 0.00215536  0.0337716
0.0608692 0.0021553 0.0337713
 0.0608689 0.00215524  0.0337711
 0.0608685 0.00215518  0.0337708
 0.0608682 0.00215512  0.0337706
 0.0608678 0.00215506  0.0337704
 0.0608675 0.00215501  0.0337701
 0.0608672 0.00215495  0.0337699
 0.0608668 0.00215489  0.0337697
 0.0608665 0.00215484  0.0337694
 0.0608661 0.00215478  0.0337692
 0.0608658 0.00215472   0.033769
 0.0608655 0.00215467  0.0337688
 0.0608651 0.00215461  0.0337685
 0.0608648 0.00215456  0.0337683
0.0608645 0.0021545 0.0337681
 0.0608641 0.00215445  0.0337679
 0.0608638 0.00215439  0.0337676
 0.0608635 0.00215434  0.0337674
 0.0608632 0.00215428  0.0337672
 0.0608628 0.00215423   0.033767
 0.0608625 0.00215418  0.0337668
 0.0608622 0.00215412  0.0337666
 0.0608619 0.00215407  0.0337663
 0.0608616 0.00215402  0.0337661
 0.0608613 0.00215397  0.0337659
  0.060861 0.00215391  0.0337657
 0.0608606 0.00215386  0.0337655
 0.0608603 0.00215381  0.0337653
   0.06086 0.00215376  0.0337651
 0.0608597 0.00215371  0.0337649
 0.0608594 0.00215366  0.0337647
 0.0608591 0.00215361  0.0337645
 0.0608588 0.00215356  0.0337643
 0.0608585 0.00215351  0.0337641
 0.0608582 0.00215346  0.0337639
 0.0608579 0.00215341  0.0337637
 0.0608576 0.00215336  0.0337635
 0.0608574 0.00215331  0.0337633
 0.0608571 0.00215326  0.0337631
 0.0608568 0.00215322  0.0337629
 0.0608565 0.00215317  0.0337627
 0.0608562 0.00215312  0.0337625
 0.0608559 0.00215307  0.0337623
 0.0608556 0.00215302  0.0337621
 0.0608554 0.00215298  0.0337619
 0.0608551 0.00215293  0.0337617
 0.0608548 0.00215288  0.0337615
 0.0608545 0.00215284  0.0337613
 0.0608542 0.00215279  0.0337612
  0.060854 0.00215275   0.033761
0.0608537 0.0021527 0.0337608
 0.0608534 0.00215266  0.0337606
 0.0608532 0.00215261  0.0337604
 0.0608529 0.00215257  0.0337602
 0.0608526 0.00215252  0.0337601
 0.0608524 0.00215248  0.0337599
 0.0608521 0.00215243  0.0337597
 0.0608518 0.00215239  0.0337595
 0.0608516 0.00215234  0.0337594
0.0608513 0.0021523 0.0337592
 0.0608511 0.00215226   0.033759
 0.0608508 0.00215221  0.0337588
 0.0608506 0.00215217  0.0337587
 0.0608503 0.00215213  0.0337585
 0.0608501 0.00215209  0.0337583
 0.0608498 0.00215204  0.0337581
0.0608496  0.002152  0.033758
 0.0608493 0.00215196  0.0337578
 0.0608491 0.00215192  0.0337576
 0.0608488 0.00215188  0.0337575
 0.0608486 0.00215184  0.0337573
0.0608483 0.0021518 0.0337571
 0.0608481 0.00215175   0.033757
 0.0608478 0.00215171  0.0337568
 0.0608476 0.00215167  0.0337567
 0.0608474 0.00215163  0.0337565
 0.0608471 0.00215159  0.0337563
 0.0608469 0.00215155  0.0337562
 0.0608467 0.00215152   0.033756
 0.0608464 0.00215148  0.0337559
 0.0608462 0.00215144  0.0337557
 0.060846 0.0021514 0.0337556
 0.0608457 0.00215136  0.0337554
 0.0608455 0.00215132  0.0337552
 0.0608453 0.00215128  0.0337551
 0.0608451 0.00215124  0.0337549
 0.0608448 0.00215121  0.0337548
 0.0608446 0.00215117  0.0337546
 0.0608444 0.00215113  0.0337545
 0.0608442 0.00215109  0.0337543
  0.060844 0.00215106  0.0337542
 0.0608437 0.00215102   0.033754
 0.0608435 0.00215098  0.0337539
 0.0608433 0.00215095  0.0337537
 0.0608431 0.00215091  0.0337536
 0.0608429 0.00215088  0.0337535
 0.0608427 0.00215084  0.0337533
0.0608425 0.0021508 0.0337532
 0.0608422 0.00215077   0.033753
  0.060842 0.00215073  0.0337529
0.0608418 0.0021507 0.0337527
 0.0608416 0.00215066  0.0337526
 0.0608414 0.00215063  0.0337525
 0.0608412 0.00215059  0.0337523
  0.060841 0.00215056  0.0337522
 0.0608408 0.00215052  0.0337521
 0.0608406 0.00215049  0.0337519
 0.0608404 0.00215046  0.0337518
 0.0608402 0.00215042  0.0337517
   0.06084 0.00215039  0.0337515
 0.0608398 0.00215036  0.0337514
 0.0608396 0.00215032  0.0337513
 0.0608394 0.00215029  0.0337511
 0.0608392 0.00215026   0.033751
  0.060839 0.00215022  0.0337509
 0.0608388 0.00215019  0.0337507
 0.0608386 0.00215016  0.0337506
 0.0608385 0.00215013  0.0337505
0.0608383 0.0021501 0.0337503
 0.0608381 0.00215006  0.0337502
 0.0608379 0.00215003  0.0337501
0.0608377   0.00215   0.03375
 0.0608375 0.00214997  0.0337498
 0.0608373 0.00214994  0.0337497
 0.0608372 0.00214991  0.0337496
  0.060837 0.00214988  0.0337495
 0.0608368 0.00214984  0.0337493
 0.0608366 0.00214981  0.0337492
 0.0608364 0.00214978  0.0337491
 0.0608363 0.00214975   0.033749
 0.0608361 0.00214972  0.0337489
 0.0608359 0.00214969  0.0337487
 0.0608357 0.00214966  0.0337486
 0.0608356 0.00214963  0.0337485
0.0608354 0.0021496 0.0337484
 0.0608352 0.00214958  0.0337483
  0.060835 0.00214955  0.0337482
 0.0608349 0.00214952   0.033748
 0.0608347 0.00214949  0.0337479
 0.0608345 0.00214946  0.0337478
 0.0608344 0.00214943  0.0337477
0.0608342 0.0021494 0.0337476
  0.060834 0.00214937  0.0337475
 0.0608339 0.00214935  0.0337474
 0.0608337 0.00214932  0.0337473
 0.0608335 0.00214929  0.0337472
 0.0608334 0.00214926   0.033747
 0.0608332 0.00214924  0.0337469
 0.0608331 0.00214921  0.0337468
 0.0608329 0.00214918  0.0337467
 0.0608327 0.00214915  0.0337466
 0.0608326 0.00214913  0.0337465
0.0608324 0.0021491 0.0337464
 0.0608323 0.00214907  0.0337463
 0.0608321 0.00214905  0.0337462
 0.0608319 0.00214902  0.0337461
 0.0608318 0.00214899   0.033746
 0.0608316 0.00214897  0.0337459
 0.0608315 0.00214894  0.0337458
 0.0608313 0.00214892  0.0337457
 0.0608312 0.00214889  0.0337456
  0.060831 0.00214886  0.0337455
 0.0608309 0.00214884  0.0337454
 0.0608307 0.00214881  0.0337453
 0.0608306 0.00214879  0.0337452
 0.0608304 0.00214876  0.0337451
 0.0608303 0.00214874   0.033745
 0.0608302 0.00214871  0.0337449
   0.06083 0.00214869  0.0337448
 0.0608299 0.00214866  0.0337447
 0.0608297 0.00214864  0.0337446
 0.0608296 0.00214862  0.0337445
 0.0608294 0.00214859  0.0337444
 0.0608293 0.00214857  0.0337443
 0.0608292 0.00214854  0.0337442
  0.060829 0.00214852  0.0337441
0.0608289 0.0021485  0.033744
 0.0608287 0.00214847  0.0337439
 0.0608286 0.00214845  0.0337438
 0.0608285 0.00214843  0.0337437
0.0608283 0.0021484 0.0337436
 0.0608282 0.00214838  0.0337436
 0.0608281 0.00214836  0.0337435
 0.0608279 0.00214833  0.0337434
 0.0608278 0.00214831  0.0337433
 0.0608277 0.00214829  0.0337432
 0.0608275 0.00214827  0.0337431
 0.0608274 0.00214824   0.033743
 0.0608273 0.00214822  0.0337429
0.0608271 0.0021482 0.0337428
  0.060827 0.00214818  0.0337428
 0.0608269 0.00214815  0.0337427
 0.0608268 0.00214813  0.0337426
 0.0608266 0.00214811  0.0337425
 0.0608265 0.00214809  0.0337424
 0.0608264 0.00214807  0.0337423
 0.0608263 0.00214805  0.0337423
 0.0608261 0.00214803  0.0337422
 0.060826  0.002148 0.0337421
 0.0608259 0.00214798   0.033742
 0.0608258 0.00214796  0.0337419
 0.0608256 0.00214794  0.0337418
 0.0608255 0.00214792  0.0337418
0.0608254 0.0021479 0.0337417
 0.0608253 0.00214788  0.0337416
 0.0608252 0.00214786  0.0337415
  0.060825 0.00214784  0.0337414
 0.0608249 0.00214782  0.0337414
0.0608248 0.0021478 0.0337413
 0.0608247 0.00214778  0.0337412
 0.0608246 0.00214776  0.0337411
 0.0608245 0.00214774  0.0337411
 0.0608243 0.00214772   0.033741
0.0608242 0.0021477 0.0337409
 0.0608241 0.00214768  0.0337408
  0.060824 0.00214766  0.0337407
 0.0608239 0.00214764  0.0337407
 0.0608238 0.00214762  0.0337406
0.0608237 0.0021476 0.0337405
 0.0608236 0.00214759  0.0337405
 0.0608235 0.00214757  0.0337404
 0.0608233 0.00214755  0.0337403
 0.0608232 0.00214753  0.0337402
 0.0608231 0.00214751  0.0337402
  0.060823 0.00214749  0.0337401
 0.0608229 0.00214747    0.03374
 0.0608228 0.00214746  0.0337399
 0.0608227 0.00214744  0.0337399
 0.0608226 0.00214742  0.0337398
0.0608225 0.0021474 0.0337397
 0.0608224 0.00214738  0.0337397
 0.0608223 0.00214737  0.0337396
 0.0608222 0.00214735  0.0337395
 0.0608221 0.00214733  0.0337395
  0.060822 0.00214731  0.0337394
0.0608219 0.0021473 0.0337393
 0.0608218 0.00214728  0.0337393
 0.0608217 0.00214726  0.0337392
 0.0608216 0.00214724  0.0337391
 0.0608215 0.00214723  0.0337391
 0.0608214 0.00214721   0.033739
 0.0608213 0.00214719  0.0337389
 0.0608212 0.00214718  0.0337389
 0.0608211 0.00214716  0.0337388
  0.060821 0.00214714  0.0337387
 0.0608209 0.00214713  0.0337387
 0.0608208 0.00214711  0.0337386
 0.0608207 0.00214709  0.0337385
 0.0608206 0.00214708  0.0337385
 0.0608205 0.00214706  0.0337384
 0.0608204 0.00214704  0.0337384
 0.0608203 0.00214703  0.0337383
 0.0608202 0.00214701  0.0337382
0.0608201  0.002147 0.0337382
 0.0608201 0.00214698  0.0337381
   0.06082 0.00214696   0.033738
 0.0608199 0.00214695   0.033738
 0.0608198 0.00214693  0.0337379
 0.0608197 0.00214692  0.0337379
0.0608196 0.0021469 0.0337378
 0.0608195 0.00214689  0.0337377
 0.0608194 0.00214687  0.0337377
 0.0608193 0.00214686  0.0337376
 0.0608192 0.00214684  0.0337376
 0.0608192 0.00214683  0.0337375
 0.0608191 0.00214681  0.0337375
 0.060819 0.0021468 0.0337374
 0.0608189 0.00214678  0.0337373
 0.0608188 0.00214677  0.0337373
 0.0608187 0.00214675  0.0337372
 0.0608187 0.00214674  0.0337372
 0.0608186 0.00214672  0.0337371
 0.0608185 0.00214671  0.0337371
0.0608184 0.0021467  0.033737
 0.0608183 0.00214668   0.033737
 0.0608182 0.00214667  0.0337369
 0.0608182 0.00214665  0.0337368
 0.0608181 0.00214664  0.0337368
  0.060818 0.00214663  0.0337367
 0.0608179 0.00214661  0.0337367
0.0608178 0.0021466 0.0337366
 0.0608178 0.00214658  0.0337366
 0.0608177 0.00214657  0.0337365
 0.0608176 0.00214656  0.0337365
 0.0608175 0.00214654  0.0337364
 0.0608174 0.00214653  0.0337364
 0.0608174 0.00214652  0.0337363
0.0608173 0.0021465 0.0337363
 0.0608172 0.00214649  0.0337362
 0.0608171 0.00214648  0.0337362
 0.0608171 0.00214646  0.0337361
  0.060817 0.00214645  0.0337361
 0.0608169 0.00214644   0.033736
 0.0608168 0.00214642   0.033736
 0.0608168 0.00214641  0.0337359
0.0608167 0.0021464 0.0337359
 0.0608166 0.00214639  0.0337358
 0.0608165 0.00214637  0.0337358
 0.0608165 0.00214636  0.0337357
 0.0608164 0.00214635  0.0337357
 0.0608163 0.00214634  0.0337356
 0.0608163 0.00214632  0.0337356
 0.0608162 0.00214631  0.0337355
0.0608161 0.0021463 0.0337355
  0.060816 0.00214629  0.0337355
  0.060816 0.00214627  0.0337354
 0.0608159 0.00214626  0.0337354
 0.0608158 0.00214625  0.0337353
 0.0608158 0.00214624  0.0337353
 0.0608157 0.00214623  0.0337352
 0.0608156 0.00214621  0.0337352
0.0608156 0.0021462 0.0337351
 0.0608155 0.00214619  0.0337351
 0.0608154 0.00214618   0.033735
