   0.290098 -0.00668686     1.97147    0.289022   -0.299932     1.96844     -1.3475
  0.298147 -0.0059802    1.97177   0.292566  -0.298801     1.9713   -1.34789
   0.303693 -0.00538357      1.9719    0.294313   -0.298096     1.97274    -1.34827
   0.307636 -0.00491093     1.97195    0.294986    -0.29767     1.97337    -1.34866
    0.31054 -0.00455414     1.97194    0.295017   -0.297427     1.97357    -1.34905
   0.312759 -0.00429655     1.97189    0.294667   -0.297305     1.97354    -1.34945
   0.314516 -0.00411988     1.97183    0.294095   -0.297261     1.97342    -1.34985
   0.315956 -0.00400732     1.97176    0.293394   -0.297267     1.97328    -1.35024
   0.317169 -0.00394473     1.97169    0.292621   -0.297306     1.97315    -1.35062
   0.318217 -0.00392072     1.97162    0.291809   -0.297365     1.97305    -1.35098
   0.319141 -0.00392643     1.97155    0.290978   -0.297436     1.97301    -1.35133
   0.319968 -0.00395506     1.97149    0.290141   -0.297514       1.973    -1.35166
   0.320719 -0.00400151     1.97143    0.289302   -0.297595     1.97305    -1.35197
   0.321408 -0.00406193     1.97138    0.288467   -0.297677     1.97313    -1.35227
   0.322046 -0.00413345     1.97133    0.287637   -0.297759     1.97326    -1.35255
   0.322641 -0.00421389     1.97129    0.286814    -0.29784     1.97341    -1.35282
   0.323199 -0.00430163     1.97125    0.285996    -0.29792      1.9736    -1.35308
   0.323726 -0.00439542     1.97122    0.285186   -0.297997     1.97382    -1.35332
   0.324225 -0.00449429     1.97119    0.284382   -0.298072     1.97406    -1.35355
   0.324701 -0.00459748     1.97116    0.283584   -0.298146     1.97432    -1.35377
   0.325157 -0.00470437     1.97114    0.282793   -0.298217     1.97459    -1.35398
   0.325594 -0.00481448     1.97112    0.282007   -0.298287     1.97489    -1.35418
   0.326016 -0.00492738      1.9711    0.281228   -0.298355     1.97519    -1.35437
   0.326424 -0.00504272     1.97109    0.280453   -0.298421      1.9755    -1.35455
   0.32682 -0.0051602    1.97108   0.279685  -0.298486    1.97583   -1.35473
   0.327204 -0.00527956     1.97107    0.278921   -0.298549     1.97616     -1.3549
   0.327579 -0.00540055     1.97106    0.278162   -0.298612      1.9765    -1.35507
   0.327945 -0.00552297     1.97105    0.277408   -0.298673     1.97684    -1.35523
   0.328303 -0.00564663     1.97105    0.276659   -0.298733     1.97719    -1.35538
   0.328654 -0.00577136     1.97104    0.275914   -0.298792     1.97754    -1.35554
 0.328999 -0.005897   1.97104  0.275174  -0.29885    1.9779  -1.35568
   0.329339 -0.00602341     1.97104    0.274439   -0.298907     1.97826    -1.35583
   0.329673 -0.00615047     1.97104    0.273707   -0.298964     1.97861    -1.35597
   0.330002 -0.00627805     1.97104     0.27298   -0.299019     1.97897     -1.3561
   0.330327 -0.00640605     1.97104    0.272258   -0.299075     1.97933    -1.35624
   0.330648 -0.00653437     1.97104    0.271539   -0.299129     1.97969    -1.35637
   0.330965 -0.00666292     1.97104    0.270825   -0.299183     1.98006     -1.3565
   0.331279 -0.00679162     1.97104    0.270114   -0.299237     1.98042    -1.35662
    0.33159 -0.00692039     1.97104    0.269408    -0.29929     1.98078    -1.35675
   0.331898 -0.00704917     1.97105    0.268706   -0.299342     1.98114    -1.35687
  0.332203 -0.0071779    1.97105   0.268007  -0.299395     1.9815   -1.35699
   0.332505 -0.00730651     1.97106    0.267312   -0.299446     1.98185    -1.35711
   0.332805 -0.00743496     1.97106    0.266622   -0.299498     1.98221    -1.35723
  0.333103 -0.0075632    1.97106   0.265935  -0.299549    1.98257   -1.35735
   0.333398 -0.00769119     1.97107    0.265252     -0.2996     1.98292    -1.35746
   0.333691 -0.00781888     1.97107    0.264572    -0.29965     1.98327    -1.35757
   0.333982 -0.00794625     1.97108    0.263897     -0.2997     1.98363    -1.35769
   0.334271 -0.00807327     1.97108    0.263225    -0.29975     1.98398     -1.3578
  0.334559 -0.0081999    1.97109   0.262556    -0.2998    1.98433   -1.35791
   0.334844 -0.00832611     1.97109    0.261892   -0.299849     1.98467    -1.35802
  0.335127 -0.0084519     1.9711   0.261231  -0.299898    1.98502   -1.35812
   0.335409 -0.00857723      1.9711    0.260573   -0.299947     1.98536    -1.35823
   0.335689 -0.00870209     1.97111     0.25992   -0.299996      1.9857    -1.35834
   0.335967 -0.00882646     1.97112    0.259269   -0.300044     1.98604    -1.35844
   0.336243 -0.00895033     1.97112    0.258623   -0.300092     1.98638    -1.35855
   0.336518 -0.00907368     1.97113    0.257979    -0.30014     1.98672    -1.35865
  0.336792 -0.0091965    1.97113    0.25734  -0.300188    1.98706   -1.35875
   0.337063 -0.00931879     1.97114    0.256703   -0.300235     1.98739    -1.35886
   0.337333 -0.00944052     1.97114    0.256071   -0.300283     1.98772    -1.35896
   0.337602 -0.00956171     1.97115    0.255441    -0.30033     1.98805    -1.35906
   0.337869 -0.00968233     1.97116    0.254815   -0.300377     1.98838    -1.35916
   0.338134 -0.00980239     1.97116    0.254193   -0.300423     1.98871    -1.35926
   0.338399 -0.00992187     1.97117    0.253573    -0.30047     1.98903    -1.35936
  0.338661 -0.0100408    1.97117   0.252957  -0.300516    1.98936   -1.35945
  0.338922 -0.0101591    1.97118   0.252345  -0.300562    1.98968   -1.35955
  0.339182 -0.0102768    1.97119   0.251736  -0.300608       1.99   -1.35965
  0.33944 -0.010394   1.97119   0.25113 -0.300654   1.99032  -1.35974
  0.339697 -0.0105106     1.9712   0.250527    -0.3007    1.99063   -1.35984
  0.339952 -0.0106266     1.9712   0.249927  -0.300745    1.99095   -1.35994
 0.340206 -0.010742   1.97121  0.249331 -0.300791   1.99126  -1.36003
  0.340459 -0.0108568    1.97122   0.248738  -0.300836    1.99157   -1.36012
  0.34071 -0.010971   1.97122  0.248148 -0.300881   1.99188  -1.36022
   0.34096 -0.0110846    1.97123   0.247562  -0.300926    1.99219   -1.36031
  0.341209 -0.0111977    1.97123   0.246978   -0.30097    1.99249    -1.3604
  0.341456 -0.0113101    1.97124   0.246398  -0.301015     1.9928    -1.3605
 0.341702 -0.011422   1.97125   0.24582 -0.301059    1.9931  -1.36059
  0.341946 -0.0115333    1.97125   0.245246  -0.301103     1.9934   -1.36068
  0.34219 -0.011644   1.97126  0.244675 -0.301147    1.9937  -1.36077
  0.342431 -0.0117541    1.97126   0.244107  -0.301191      1.994   -1.36086
  0.342672 -0.0118636    1.97127   0.243542  -0.301235     1.9943   -1.36095
  0.342911 -0.0119726    1.97128    0.24298  -0.301278    1.99459   -1.36104
  0.343149 -0.0120809    1.97128   0.242421  -0.301322    1.99489   -1.36113
  0.343386 -0.0121887    1.97129   0.241865  -0.301365    1.99518   -1.36122
 0.343622 -0.012296   1.97129  0.241312 -0.301408   1.99547   -1.3613
  0.343856 -0.0124026     1.9713   0.240762  -0.301451    1.99576   -1.36139
  0.344089 -0.0125087    1.97131   0.240215  -0.301494    1.99604   -1.36148
   0.34432 -0.0126142    1.97131   0.239671  -0.301537    1.99633   -1.36156
  0.344551 -0.0127192    1.97132    0.23913  -0.301579    1.99661   -1.36165
   0.34478 -0.0128236    1.97132   0.238592  -0.301621     1.9969   -1.36174
  0.345008 -0.0129274    1.97133   0.238056  -0.301664    1.99718   -1.36182
  0.345235 -0.0130307    1.97133   0.237523  -0.301706    1.99746   -1.36191
   0.34546 -0.0131334    1.97134   0.236994  -0.301748    1.99773   -1.36199
  0.345685 -0.0132356    1.97135   0.236467  -0.301789    1.99801   -1.36207
  0.345908 -0.0133372    1.97135   0.235943  -0.301831    1.99828   -1.36216
   0.34613 -0.0134383    1.97136   0.235421  -0.301873    1.99856   -1.36224
  0.346351 -0.0135389    1.97136   0.234903  -0.301914    1.99883   -1.36232
   0.34657 -0.0136389    1.97137   0.234387  -0.301955     1.9991    -1.3624
  0.346789 -0.0137383    1.97138   0.233874  -0.301996    1.99937   -1.36249
  0.347006 -0.0138373    1.97138   0.233364  -0.302037    1.99964   -1.36257
  0.347222 -0.0139357    1.97139   0.232856  -0.302078     1.9999   -1.36265
  0.347437 -0.0140335    1.97139   0.232351  -0.302118    2.00017   -1.36273
  0.347651 -0.0141309     1.9714   0.231849  -0.302159    2.00043   -1.36281
  0.347863 -0.0142277     1.9714    0.23135  -0.302199    2.00069   -1.36289
 0.348075 -0.014324   1.97141  0.230853  -0.30224   2.00095  -1.36297
  0.348285 -0.0144198    1.97142   0.230359   -0.30228    2.00121   -1.36305
 0.348495 -0.014515   1.97142  0.229867  -0.30232   2.00147  -1.36312
  0.348703 -0.0146098    1.97143   0.229378  -0.302359    2.00172    -1.3632
  0.34891 -0.014704   1.97143  0.228892 -0.302399   2.00198  -1.36328
  0.349116 -0.0147978    1.97144   0.228408  -0.302439    2.00223   -1.36336
 0.349321 -0.014891   1.97144  0.227927 -0.302478   2.00248  -1.36343
  0.349525 -0.0149837    1.97145   0.227449  -0.302517    2.00274   -1.36351
 0.349727 -0.015076   1.97146  0.226972 -0.302556   2.00298  -1.36359
  0.349929 -0.0151677    1.97146   0.226499  -0.302595    2.00323   -1.36366
 0.350129 -0.015259   1.97147  0.226028 -0.302634   2.00348  -1.36374
  0.350329 -0.0153497    1.97147   0.225559  -0.302673    2.00372   -1.36381
 0.350527  -0.01544   1.97148  0.225093 -0.302712   2.00397  -1.36389
  0.350725 -0.0155297    1.97148    0.22463   -0.30275    2.00421   -1.36396
 0.350921 -0.015619   1.97149  0.224169 -0.302789   2.00445  -1.36404
  0.351116 -0.0157079    1.97149    0.22371  -0.302827    2.00469   -1.36411
  0.351311 -0.0157962     1.9715   0.223254  -0.302865    2.00493   -1.36418
  0.351504 -0.0158841    1.97151     0.2228  -0.302903    2.00517   -1.36425
  0.351696 -0.0159714    1.97151   0.222349  -0.302941    2.00541   -1.36433
  0.351887 -0.0160584    1.97152     0.2219  -0.302978    2.00564    -1.3644
  0.352077 -0.0161448    1.97152   0.221453  -0.303016    2.00587   -1.36447
  0.352267 -0.0162308    1.97153   0.221009  -0.303054    2.00611   -1.36454
  0.352455 -0.0163163    1.97153   0.220567  -0.303091    2.00634   -1.36461
  0.352642 -0.0164014    1.97154   0.220127  -0.303128    2.00657   -1.36468
 0.352828 -0.016486   1.97155   0.21969 -0.303165    2.0068  -1.36475
  0.353013 -0.0165702    1.97155   0.219255  -0.303202    2.00702   -1.36482
  0.353198 -0.0166539    1.97156   0.218822  -0.303239    2.00725   -1.36489
  0.353381 -0.0167371    1.97156   0.218392  -0.303276    2.00748   -1.36496
  0.353563 -0.0168199    1.97157   0.217964  -0.303312     2.0077   -1.36503
  0.353744 -0.0169023    1.97157   0.217538  -0.303349    2.00792    -1.3651
  0.353925 -0.0169842    1.97158   0.217115  -0.303385    2.00814   -1.36517
  0.354104 -0.0170657    1.97159   0.216693  -0.303421    2.00836   -1.36523
  0.354283 -0.0171467    1.97159   0.216274  -0.303458    2.00858    -1.3653
   0.35446 -0.0172273     1.9716   0.215858  -0.303494     2.0088   -1.36537
  0.354637 -0.0173075     1.9716   0.215443  -0.303529    2.00902   -1.36544
  0.354812 -0.0173872    1.97161    0.21503  -0.303565    2.00923    -1.3655
  0.354987 -0.0174666    1.97161    0.21462  -0.303601    2.00945   -1.36557
  0.355161 -0.0175454    1.97162   0.214212  -0.303636    2.00966   -1.36563
  0.355334 -0.0176239    1.97163   0.213806  -0.303672    2.00987    -1.3657
  0.355506 -0.0177019    1.97163   0.213402  -0.303707    2.01009   -1.36576
  0.355677 -0.0177796    1.97164   0.213001  -0.303742    2.01029   -1.36583
  0.355847 -0.0178568    1.97164   0.212601  -0.303777     2.0105   -1.36589
  0.356016 -0.0179336    1.97165   0.212204  -0.303812    2.01071   -1.36596
  0.356184 -0.0180099    1.97165   0.211808  -0.303847    2.01092   -1.36602
  0.356352 -0.0180859    1.97166   0.211415  -0.303882    2.01112   -1.36608
  0.356519 -0.0181615    1.97167   0.211024  -0.303917    2.01133   -1.36615
  0.356684 -0.0182366    1.97167   0.210635  -0.303951    2.01153   -1.36621
  0.356849 -0.0183114    1.97168   0.210248  -0.303985    2.01173   -1.36627
  0.357013 -0.0183857    1.97168   0.209863   -0.30402    2.01193   -1.36634
  0.357176 -0.0184597    1.97169    0.20948  -0.304054    2.01214    -1.3664
  0.357339 -0.0185332    1.97169   0.209099  -0.304088    2.01233   -1.36646
    0.3575 -0.0186064     1.9717    0.20872  -0.304122    2.01253   -1.36652
   0.35766 -0.0186792    1.97171   0.208343  -0.304156    2.01273   -1.36658
   0.35782 -0.0187515    1.97171   0.207968  -0.304189    2.01292   -1.36664
  0.357979 -0.0188235    1.97172   0.207595  -0.304223    2.01312    -1.3667
  0.358137 -0.0188951    1.97172   0.207224  -0.304257    2.01331   -1.36676
  0.358294 -0.0189663    1.97173   0.206854   -0.30429    2.01351   -1.36682
  0.358451 -0.0190372    1.97174   0.206487  -0.304323     2.0137   -1.36688
  0.358606 -0.0191076    1.97174   0.206122  -0.304357    2.01389   -1.36694
  0.358761 -0.0191777    1.97175   0.205759   -0.30439    2.01408     -1.367
  0.358915 -0.0192474    1.97175   0.205397  -0.304423    2.01427   -1.36706
  0.359068 -0.0193167    1.97176   0.205038  -0.304455    2.01446   -1.36712
   0.35922 -0.0193857    1.97176    0.20468  -0.304488    2.01464   -1.36717
  0.359372 -0.0194543    1.97177   0.204325  -0.304521    2.01483   -1.36723
  0.359523 -0.0195225    1.97178   0.203971  -0.304553    2.01501   -1.36729
  0.359673 -0.0195903    1.97178   0.203619  -0.304586     2.0152   -1.36735
  0.359822 -0.0196578    1.97179   0.203269  -0.304618    2.01538    -1.3674
   0.35997 -0.0197249    1.97179    0.20292  -0.304651    2.01556   -1.36746
  0.360118 -0.0197917     1.9718   0.202574  -0.304683    2.01574   -1.36752
  0.360264 -0.0198581    1.97181   0.202229  -0.304715    2.01592   -1.36757
  0.360411 -0.0199242    1.97181   0.201886  -0.304747     2.0161   -1.36763
  0.360556 -0.0199899    1.97182   0.201545  -0.304779    2.01628   -1.36768
    0.3607 -0.0200552    1.97182   0.201206   -0.30481    2.01646   -1.36774
  0.360844 -0.0201202    1.97183   0.200869  -0.304842    2.01663   -1.36779
  0.360987 -0.0201848    1.97184   0.200533  -0.304874    2.01681   -1.36785
  0.361129 -0.0202491    1.97184   0.200199  -0.304905    2.01698    -1.3679
  0.361271 -0.0203131    1.97185   0.199867  -0.304936    2.01715   -1.36795
  0.361412 -0.0203767    1.97185   0.199537  -0.304968    2.01733   -1.36801
 0.361552  -0.02044   1.97186  0.199208 -0.304999    2.0175  -1.36806
  0.361691 -0.0205029    1.97187   0.198881   -0.30503    2.01767   -1.36811
   0.36183 -0.0205655    1.97187   0.198556  -0.305061    2.01784   -1.36817
  0.361967 -0.0206277    1.97188   0.198232  -0.305092    2.01801   -1.36822
  0.362104 -0.0206896    1.97188    0.19791  -0.305122    2.01817   -1.36827
  0.362241 -0.0207512    1.97189    0.19759  -0.305153    2.01834   -1.36832
  0.362377 -0.0208125     1.9719   0.197272  -0.305184    2.01851   -1.36838
  0.362512 -0.0208734     1.9719   0.196955  -0.305214    2.01867   -1.36843
 0.362646 -0.020934   1.97191   0.19664 -0.305245   2.01884  -1.36848
  0.362779 -0.0209943    1.97191   0.196326  -0.305275      2.019   -1.36853
  0.362912 -0.0210542    1.97192   0.196015  -0.305305    2.01916   -1.36858
  0.363044 -0.0211139    1.97193   0.195704  -0.305335    2.01933   -1.36863
  0.363176 -0.0211732    1.97193   0.195396  -0.305365    2.01949   -1.36868
  0.363307 -0.0212321    1.97194   0.195089  -0.305395    2.01965   -1.36873
  0.363437 -0.0212908    1.97195   0.194784  -0.305425    2.01981   -1.36878
  0.363566 -0.0213492    1.97195    0.19448  -0.305455    2.01996   -1.36883
  0.363695 -0.0214072    1.97196   0.194178  -0.305484    2.02012   -1.36888
 0.363823 -0.021465   1.97196  0.193877 -0.305514   2.02028  -1.36893
  0.363951 -0.0215224    1.97197   0.193578  -0.305543    2.02043   -1.36898
  0.364077 -0.0215795    1.97198   0.193281  -0.305573    2.02059   -1.36903
  0.364203 -0.0216363    1.97198   0.192985  -0.305602    2.02074   -1.36908
  0.364329 -0.0216928    1.97199   0.192691  -0.305631     2.0209   -1.36912
 0.364454 -0.021749     1.972  0.192398  -0.30566   2.02105  -1.36917
  0.364578 -0.0218049      1.972   0.192107   -0.30569     2.0212   -1.36922
  0.364701 -0.0218605    1.97201   0.191817  -0.305718    2.02135   -1.36927
  0.364824 -0.0219158    1.97201   0.191529  -0.305747     2.0215   -1.36931
  0.364946 -0.0219708    1.97202   0.191242  -0.305776    2.02165   -1.36936
  0.365068 -0.0220255    1.97203   0.190957  -0.305805     2.0218   -1.36941
  0.365189 -0.0220799    1.97203   0.190673  -0.305833    2.02195   -1.36945
 0.365309 -0.022134   1.97204  0.190391 -0.305862    2.0221   -1.3695
  0.365429 -0.0221878    1.97205    0.19011   -0.30589    2.02224   -1.36955
  0.365548 -0.0222414    1.97205   0.189831  -0.305919    2.02239   -1.36959
  0.365666 -0.0222946    1.97206   0.189553  -0.305947    2.02253   -1.36964
  0.365784 -0.0223476    1.97207   0.189277  -0.305975    2.02268   -1.36968
  0.365901 -0.0224003    1.97207   0.189002  -0.306003    2.02282   -1.36973
  0.366018 -0.0224527    1.97208   0.188729  -0.306031    2.02296   -1.36977
  0.366133 -0.0225048    1.97208   0.188457  -0.306059     2.0231   -1.36982
  0.366249 -0.0225566    1.97209   0.188186  -0.306087    2.02324   -1.36986
  0.366364 -0.0226082     1.9721   0.187917  -0.306115    2.02338    -1.3699
  0.366478 -0.0226594     1.9721   0.187649  -0.306143    2.02352   -1.36995
  0.366591 -0.0227104    1.97211   0.187383   -0.30617    2.02366   -1.36999
  0.366704 -0.0227612    1.97212   0.187118  -0.306198     2.0238   -1.37004
  0.366817 -0.0228116    1.97212   0.186854  -0.306225    2.02394   -1.37008
  0.366928 -0.0228618    1.97213   0.186592  -0.306252    2.02407   -1.37012
   0.36704 -0.0229117    1.97214   0.186331   -0.30628    2.02421   -1.37016
   0.36715 -0.0229614    1.97214   0.186072  -0.306307    2.02435   -1.37021
   0.36726 -0.0230107    1.97215   0.185813  -0.306334    2.02448   -1.37025
   0.36737 -0.0230598    1.97216   0.185557  -0.306361    2.02461   -1.37029
  0.367479 -0.0231087    1.97216   0.185301  -0.306388    2.02475   -1.37033
  0.367587 -0.0231573    1.97217   0.185047  -0.306415    2.02488   -1.37038
  0.367695 -0.0232056    1.97218   0.184794  -0.306442    2.02501   -1.37042
  0.367802 -0.0232536    1.97218   0.184543  -0.306469    2.02514   -1.37046
  0.367909 -0.0233014    1.97219   0.184293  -0.306495    2.02527    -1.3705
 0.368015 -0.023349    1.9722  0.184044 -0.306522    2.0254  -1.37054
   0.36812 -0.0233963     1.9722   0.183797  -0.306548    2.02553   -1.37058
  0.368225 -0.0234433    1.97221    0.18355  -0.306575    2.02566   -1.37062
   0.36833 -0.0234901    1.97222   0.183305  -0.306601    2.02579   -1.37066
  0.368434 -0.0235366    1.97222   0.183062  -0.306627    2.02591    -1.3707
  0.368537 -0.0235829    1.97223   0.182819  -0.306654    2.02604   -1.37074
   0.36864 -0.0236289    1.97224   0.182578   -0.30668    2.02616   -1.37078
  0.368742 -0.0236747    1.97224   0.182339  -0.306706    2.02629   -1.37082
  0.368844 -0.0237202    1.97225     0.1821  -0.306732    2.02641   -1.37086
  0.368945 -0.0237655    1.97226   0.181863  -0.306758    2.02654    -1.3709
  0.369046 -0.0238105    1.97226   0.181626  -0.306783    2.02666   -1.37094
  0.369146 -0.0238553    1.97227   0.181392  -0.306809    2.02678   -1.37098
  0.369246 -0.0238999    1.97228   0.181158  -0.306835     2.0269   -1.37101
  0.369345 -0.0239442    1.97228   0.180926  -0.306861    2.02703   -1.37105
  0.369444 -0.0239883    1.97229   0.180694  -0.306886    2.02715   -1.37109
  0.369542 -0.0240321     1.9723   0.180464  -0.306912    2.02727   -1.37113
  0.369639 -0.0240757     1.9723   0.180236  -0.306937    2.02738   -1.37117
  0.369736 -0.0241191    1.97231   0.180008  -0.306962     2.0275    -1.3712
  0.369833 -0.0241622    1.97232   0.179782  -0.306988    2.02762   -1.37124
  0.369929 -0.0242051    1.97233   0.179556  -0.307013    2.02774   -1.37128
  0.370025 -0.0242478    1.97233   0.179332  -0.307038    2.02785   -1.37132
   0.37012 -0.0242902    1.97234   0.179109  -0.307063    2.02797   -1.37135
  0.370214 -0.0243324    1.97235   0.178888  -0.307088    2.02809   -1.37139
  0.370309 -0.0243744    1.97235   0.178667  -0.307113     2.0282   -1.37143
  0.370402 -0.0244162    1.97236   0.178448  -0.307138    2.02831   -1.37146
  0.370495 -0.0244577    1.97237   0.178229  -0.307163    2.02843    -1.3715
 0.370588 -0.024499   1.97237  0.178012 -0.307187   2.02854  -1.37153
   0.37068 -0.0245401    1.97238   0.177796  -0.307212    2.02865   -1.37157
  0.370772 -0.0245809    1.97239   0.177581  -0.307237    2.02877    -1.3716
  0.370863 -0.0246216     1.9724   0.177368  -0.307261    2.02888   -1.37164
 0.370954 -0.024662    1.9724  0.177155 -0.307286   2.02899  -1.37168
  0.371044 -0.0247022    1.97241   0.176944   -0.30731     2.0291   -1.37171
  0.371134 -0.0247422    1.97242   0.176733  -0.307334    2.02921   -1.37174
  0.371223 -0.0247819    1.97242   0.176524  -0.307359    2.02932   -1.37178
  0.371312 -0.0248215    1.97243   0.176316  -0.307383    2.02942   -1.37181
    0.3714 -0.0248608    1.97244   0.176109  -0.307407    2.02953   -1.37185
  0.371488 -0.0248999    1.97245   0.175902  -0.307431    2.02964   -1.37188
  0.371576 -0.0249388    1.97245   0.175698  -0.307455    2.02974   -1.37192
  0.371663 -0.0249775    1.97246   0.175494  -0.307479    2.02985   -1.37195
  0.37175 -0.025016   1.97247  0.175291 -0.307503   2.02996  -1.37198
  0.371836 -0.0250543    1.97247   0.175089  -0.307527    2.03006   -1.37202
  0.371921 -0.0250924    1.97248   0.174888   -0.30755    2.03017   -1.37205
  0.372007 -0.0251302    1.97249   0.174689  -0.307574    2.03027   -1.37208
  0.372091 -0.0251679     1.9725    0.17449  -0.307598    2.03037   -1.37212
  0.372176 -0.0252054     1.9725   0.174292  -0.307621    2.03048   -1.37215
   0.37226 -0.0252426    1.97251   0.174096  -0.307645    2.03058   -1.37218
  0.372343 -0.0252797    1.97252     0.1739  -0.307668    2.03068   -1.37221
  0.372426 -0.0253165    1.97252   0.173706  -0.307691    2.03078   -1.37225
  0.372509 -0.0253532    1.97253   0.173512  -0.307715    2.03088   -1.37228
  0.372591 -0.0253896    1.97254    0.17332  -0.307738    2.03098   -1.37231
  0.372673 -0.0254259    1.97255   0.173128  -0.307761    2.03108   -1.37234
  0.372754 -0.0254619    1.97255   0.172938  -0.307784    2.03118   -1.37237
  0.372835 -0.0254978    1.97256   0.172748  -0.307807    2.03128    -1.3724
  0.372916 -0.0255334    1.97257    0.17256   -0.30783    2.03138   -1.37244
  0.372996 -0.0255689    1.97258   0.172372  -0.307853    2.03147   -1.37247
  0.373076 -0.0256042    1.97258   0.172186  -0.307876    2.03157    -1.3725
  0.373155 -0.0256393    1.97259      0.172  -0.307899    2.03167   -1.37253
  0.373234 -0.0256742     1.9726   0.171815  -0.307922    2.03176   -1.37256
  0.373312 -0.0257089    1.97261   0.171632  -0.307945    2.03186   -1.37259
   0.37339 -0.0257434    1.97261   0.171449  -0.307967    2.03195   -1.37262
  0.373468 -0.0257777    1.97262   0.171267   -0.30799    2.03205   -1.37265
  0.373545 -0.0258118    1.97263   0.171087  -0.308012    2.03214   -1.37268
  0.373622 -0.0258458    1.97264   0.170907  -0.308035    2.03224   -1.37271
  0.373698 -0.0258796    1.97264   0.170728  -0.308057    2.03233   -1.37274
  0.373774 -0.0259132    1.97265    0.17055   -0.30808    2.03242   -1.37277
   0.37385 -0.0259466    1.97266   0.170373  -0.308102    2.03251    -1.3728
  0.373925 -0.0259798    1.97267   0.170197  -0.308124     2.0326   -1.37283
     0.374 -0.0260128    1.97267   0.170021  -0.308147     2.0327   -1.37286
  0.374075 -0.0260457    1.97268   0.169847  -0.308169    2.03279   -1.37289
  0.374149 -0.0260784    1.97269   0.169674  -0.308191    2.03288   -1.37292
  0.374222 -0.0261109     1.9727   0.169501  -0.308213    2.03297   -1.37294
  0.374296 -0.0261432     1.9727    0.16933  -0.308235    2.03306   -1.37297
  0.374369 -0.0261753    1.97271   0.169159  -0.308257    2.03314     -1.373
  0.374441 -0.0262073    1.97272   0.168989  -0.308279    2.03323   -1.37303
  0.374513 -0.0262391    1.97273    0.16882  -0.308301    2.03332   -1.37306
  0.374585 -0.0262707    1.97273   0.168652  -0.308322    2.03341   -1.37309
  0.374657 -0.0263022    1.97274   0.168485  -0.308344    2.03349   -1.37311
  0.374728 -0.0263335    1.97275   0.168319  -0.308366    2.03358   -1.37314
  0.374798 -0.0263646    1.97276   0.168154  -0.308387    2.03367   -1.37317
  0.374869 -0.0263955    1.97277   0.167989  -0.308409    2.03375    -1.3732
  0.374939 -0.0264263    1.97277   0.167825   -0.30843    2.03384   -1.37322
  0.375008 -0.0264569    1.97278   0.167662  -0.308452    2.03392   -1.37325
  0.375078 -0.0264873    1.97279     0.1675  -0.308473    2.03401   -1.37328
  0.375147 -0.0265176     1.9728   0.167339  -0.308495    2.03409    -1.3733
  0.375215 -0.0265477     1.9728   0.167179  -0.308516    2.03417   -1.37333
  0.375283 -0.0265776    1.97281    0.16702  -0.308537    2.03426   -1.37336
  0.375351 -0.0266074    1.97282   0.166861  -0.308558    2.03434   -1.37338
 0.375419 -0.026637   1.97283  0.166703  -0.30858   2.03442  -1.37341
  0.375486 -0.0266665    1.97284   0.166546  -0.308601     2.0345   -1.37344
  0.375553 -0.0266957    1.97284    0.16639  -0.308622    2.03458   -1.37346
  0.375619 -0.0267249    1.97285   0.166235  -0.308643    2.03466   -1.37349
  0.375685 -0.0267538    1.97286    0.16608  -0.308664    2.03474   -1.37351
  0.375751 -0.0267826    1.97287   0.165926  -0.308685    2.03482   -1.37354
  0.375816 -0.0268113    1.97287   0.165773  -0.308706     2.0349   -1.37357
  0.375881 -0.0268398    1.97288   0.165621  -0.308726    2.03498   -1.37359
  0.375946 -0.0268681    1.97289    0.16547  -0.308747    2.03506   -1.37362
  0.376011 -0.0268963     1.9729   0.165319  -0.308768    2.03514   -1.37364
  0.376075 -0.0269243    1.97291    0.16517  -0.308789    2.03522   -1.37367
  0.376138 -0.0269522    1.97291   0.165021  -0.308809    2.03529   -1.37369
  0.376202 -0.0269799    1.97292   0.164872   -0.30883    2.03537   -1.37372
  0.376265 -0.0270075    1.97293   0.164725   -0.30885    2.03545   -1.37374
  0.376328 -0.0270349    1.97294   0.164578  -0.308871    2.03552   -1.37377
   0.37639 -0.0270622    1.97295   0.164432  -0.308891     2.0356   -1.37379
  0.376452 -0.0270893    1.97295   0.164287  -0.308912    2.03567   -1.37381
  0.376514 -0.0271162    1.97296   0.164143  -0.308932    2.03575   -1.37384
 0.376575 -0.027143   1.97297  0.163999 -0.308952   2.03582  -1.37386
  0.376637 -0.0271697    1.97298   0.163856  -0.308972     2.0359   -1.37389
  0.376697 -0.0271962    1.97299   0.163714  -0.308993    2.03597   -1.37391
  0.376758 -0.0272226    1.97299   0.163573  -0.309013    2.03605   -1.37393
  0.376818 -0.0272488      1.973   0.163432  -0.309033    2.03612   -1.37396
  0.376878 -0.0272749    1.97301   0.163292  -0.309053    2.03619   -1.37398
  0.376938 -0.0273009    1.97302   0.163153  -0.309073    2.03626     -1.374
  0.376997 -0.0273267    1.97303   0.163014  -0.309093    2.03633   -1.37403
  0.377056 -0.0273523    1.97304   0.162877  -0.309113    2.03641   -1.37405
  0.377115 -0.0273778    1.97304    0.16274  -0.309133    2.03648   -1.37407
  0.377173 -0.0274032    1.97305   0.162603  -0.309153    2.03655    -1.3741
  0.377231 -0.0274284    1.97306   0.162468  -0.309172    2.03662   -1.37412
  0.377289 -0.0274535    1.97307   0.162333  -0.309192    2.03669   -1.37414
  0.377346 -0.0274785    1.97308   0.162199  -0.309212    2.03676   -1.37416
  0.377404 -0.0275033    1.97308   0.162065  -0.309232    2.03683   -1.37419
  0.37746 -0.027528   1.97309  0.161932 -0.309251    2.0369  -1.37421
  0.377517 -0.0275525     1.9731     0.1618  -0.309271    2.03697   -1.37423
  0.377573 -0.0275769    1.97311   0.161669   -0.30929    2.03703   -1.37425
  0.377629 -0.0276012    1.97312   0.161538   -0.30931     2.0371   -1.37428
  0.377685 -0.0276253    1.97313   0.161408  -0.309329    2.03717    -1.3743
  0.377741 -0.0276493    1.97313   0.161278  -0.309349    2.03724   -1.37432
  0.377796 -0.0276732    1.97314    0.16115  -0.309368     2.0373   -1.37434
  0.377851 -0.0276969    1.97315   0.161022  -0.309388    2.03737   -1.37436
  0.377905 -0.0277205    1.97316   0.160894  -0.309407    2.03744   -1.37438
 0.377959 -0.027744   1.97317  0.160768 -0.309426    2.0375   -1.3744
  0.378013 -0.0277673    1.97318   0.160642  -0.309445    2.03757   -1.37443
  0.378067 -0.0277906    1.97318   0.160516  -0.309464    2.03763   -1.37445
  0.378121 -0.0278136    1.97319   0.160391  -0.309484     2.0377   -1.37447
  0.378174 -0.0278366     1.9732   0.160267  -0.309503    2.03776   -1.37449
  0.378227 -0.0278594    1.97321   0.160144  -0.309522    2.03782   -1.37451
  0.378279 -0.0278821    1.97322   0.160021  -0.309541    2.03789   -1.37453
  0.378332 -0.0279047    1.97323   0.159899   -0.30956    2.03795   -1.37455
  0.378384 -0.0279272    1.97323   0.159777  -0.309579    2.03801   -1.37457
  0.378436 -0.0279495    1.97324   0.159657  -0.309598    2.03808   -1.37459
  0.378487 -0.0279717    1.97325   0.159536  -0.309616    2.03814   -1.37461
  0.378539 -0.0279938    1.97326   0.159417  -0.309635     2.0382   -1.37463
   0.37859 -0.0280157    1.97327   0.159298  -0.309654    2.03826   -1.37465
   0.37864 -0.0280375    1.97328   0.159179  -0.309673    2.03833   -1.37467
  0.378691 -0.0280593    1.97328   0.159062  -0.309691    2.03839   -1.37469
  0.378741 -0.0280808    1.97329   0.158944   -0.30971    2.03845   -1.37471
  0.378791 -0.0281023     1.9733   0.158828  -0.309729    2.03851   -1.37473
  0.378841 -0.0281237    1.97331   0.158712  -0.309747    2.03857   -1.37475
   0.37889 -0.0281449    1.97332   0.158597  -0.309766    2.03863   -1.37477
 0.378939 -0.028166   1.97333  0.158482 -0.309784   2.03869  -1.37479
 0.378988 -0.028187   1.97334  0.158368 -0.309803   2.03875  -1.37481
  0.379037 -0.0282079    1.97334   0.158254  -0.309821    2.03881   -1.37483
  0.379086 -0.0282286    1.97335   0.158141   -0.30984    2.03886   -1.37485
  0.379134 -0.0282493    1.97336   0.158029  -0.309858    2.03892   -1.37487
  0.379182 -0.0282698    1.97337   0.157917  -0.309876    2.03898   -1.37488
   0.37923 -0.0282902    1.97338   0.157806  -0.309895    2.03904    -1.3749
  0.379277 -0.0283105    1.97339   0.157695  -0.309913    2.03909   -1.37492
  0.379324 -0.0283307     1.9734   0.157585  -0.309931    2.03915   -1.37494
  0.379371 -0.0283507     1.9734   0.157476  -0.309949    2.03921   -1.37496
  0.379418 -0.0283707    1.97341   0.157367  -0.309968    2.03927   -1.37498
  0.379464 -0.0283905    1.97342   0.157259  -0.309986    2.03932     -1.375
  0.379511 -0.0284103    1.97343   0.157151  -0.310004    2.03938   -1.37501
  0.379557 -0.0284299    1.97344   0.157044  -0.310022    2.03943   -1.37503
  0.379603 -0.0284494    1.97345   0.156937   -0.31004    2.03949   -1.37505
  0.379648 -0.0284688    1.97346   0.156831  -0.310058    2.03954   -1.37507
  0.379693 -0.0284881    1.97346   0.156725  -0.310076     2.0396   -1.37509
  0.379739 -0.0285073    1.97347    0.15662  -0.310094    2.03965    -1.3751
  0.379783 -0.0285264    1.97348   0.156516  -0.310112    2.03971   -1.37512
  0.379828 -0.0285453    1.97349   0.156412  -0.310129    2.03976   -1.37514
  0.379872 -0.0285642     1.9735   0.156309  -0.310147    2.03981   -1.37516
 0.379917 -0.028583   1.97351  0.156206 -0.310165   2.03987  -1.37517
  0.379961 -0.0286016    1.97352   0.156104  -0.310183    2.03992   -1.37519
  0.380004 -0.0286201    1.97353   0.156002    -0.3102    2.03997   -1.37521
  0.380048 -0.0286386    1.97353   0.155901  -0.310218    2.04003   -1.37523
  0.380091 -0.0286569    1.97354     0.1558  -0.310236    2.04008   -1.37524
  0.380134 -0.0286752    1.97355     0.1557  -0.310253    2.04013   -1.37526
  0.380177 -0.0286933    1.97356     0.1556  -0.310271    2.04018   -1.37528
  0.380219 -0.0287113    1.97357   0.155501  -0.310288    2.04023   -1.37529
  0.380262 -0.0287292    1.97358   0.155402  -0.310306    2.04028   -1.37531
  0.380304 -0.0287471    1.97359   0.155304  -0.310323    2.04033   -1.37533
  0.380346 -0.0287648     1.9736   0.155207  -0.310341    2.04039   -1.37534
  0.380388 -0.0287824    1.97361    0.15511  -0.310358    2.04044   -1.37536
  0.380429 -0.0287999    1.97361   0.155013  -0.310376    2.04049   -1.37538
   0.38047 -0.0288173    1.97362   0.154917  -0.310393    2.04054   -1.37539
  0.380512 -0.0288347    1.97363   0.154822   -0.31041    2.04059   -1.37541
  0.380552 -0.0288519    1.97364   0.154726  -0.310428    2.04063   -1.37542
 0.380593 -0.028869   1.97365  0.154632 -0.310445   2.04068  -1.37544
 0.380634 -0.028886   1.97366  0.154538 -0.310462   2.04073  -1.37546
 0.380674 -0.028903   1.97367  0.154444 -0.310479   2.04078  -1.37547
  0.380714 -0.0289198    1.97368   0.154351  -0.310497    2.04083   -1.37549
  0.380754 -0.0289365    1.97369   0.154259  -0.310514    2.04088    -1.3755
  0.380793 -0.0289532    1.97369   0.154166  -0.310531    2.04092   -1.37552
  0.380833 -0.0289697     1.9737   0.154075  -0.310548    2.04097   -1.37554
  0.380872 -0.0289862    1.97371   0.153984  -0.310565    2.04102   -1.37555
  0.380911 -0.0290025    1.97372   0.153893  -0.310582    2.04107   -1.37557
   0.38095 -0.0290188    1.97373   0.153803  -0.310599    2.04111   -1.37558
 0.380989 -0.029035   1.97374  0.153713 -0.310616   2.04116   -1.3756
  0.381027 -0.0290511    1.97375   0.153624  -0.310633    2.04121   -1.37561
  0.381065 -0.0290671    1.97376   0.153535   -0.31065    2.04125   -1.37563
 0.381103 -0.029083   1.97377  0.153447 -0.310667    2.0413  -1.37564
  0.381141 -0.0290988    1.97377   0.153359  -0.310683    2.04134   -1.37566
  0.381179 -0.0291145    1.97378   0.153271    -0.3107    2.04139   -1.37567
  0.381216 -0.0291301    1.97379   0.153184  -0.310717    2.04143   -1.37569
  0.381253 -0.0291456     1.9738   0.153098  -0.310734    2.04148    -1.3757
  0.381291 -0.0291611    1.97381   0.153012  -0.310751    2.04152   -1.37572
  0.381327 -0.0291765    1.97382   0.152926  -0.310767    2.04157   -1.37573
  0.381364 -0.0291917    1.97383   0.152841  -0.310784    2.04161   -1.37575
  0.381401 -0.0292069    1.97384   0.152756  -0.310801    2.04166   -1.37576
 0.381437 -0.029222   1.97385  0.152672 -0.310817    2.0417  -1.37577
 0.381473 -0.029237   1.97386  0.152588 -0.310834   2.04174  -1.37579
  0.381509 -0.0292519    1.97387   0.152505   -0.31085    2.04179    -1.3758
  0.381545 -0.0292668    1.97387   0.152422  -0.310867    2.04183   -1.37582
   0.38158 -0.0292815    1.97388   0.152339  -0.310883    2.04187   -1.37583
  0.381616 -0.0292962    1.97389   0.152257    -0.3109    2.04191   -1.37584
  0.381651 -0.0293108     1.9739   0.152175  -0.310916    2.04196   -1.37586
  0.381686 -0.0293253    1.97391   0.152094  -0.310933      2.042   -1.37587
  0.381721 -0.0293397    1.97392   0.152013  -0.310949    2.04204   -1.37589
 0.381756 -0.029354   1.97393  0.151933 -0.310966   2.04208   -1.3759
   0.38179 -0.0293683    1.97394   0.151853  -0.310982    2.04212   -1.37591
  0.381824 -0.0293824    1.97395   0.151773  -0.310998    2.04216   -1.37593
  0.381859 -0.0293965    1.97396   0.151694  -0.311014    2.04221   -1.37594
  0.381892 -0.0294105    1.97397   0.151615  -0.311031    2.04225   -1.37595
  0.381926 -0.0294244    1.97398   0.151537  -0.311047    2.04229   -1.37597
   0.38196 -0.0294383    1.97398   0.151459  -0.311063    2.04233   -1.37598
 0.381993 -0.029452   1.97399  0.151381 -0.311079   2.04237  -1.37599
  0.382027 -0.0294657      1.974   0.151304  -0.311096    2.04241   -1.37601
   0.38206 -0.0294793    1.97401   0.151228  -0.311112    2.04245   -1.37602
  0.382093 -0.0294928    1.97402   0.151151  -0.311128    2.04249   -1.37603
  0.382125 -0.0295063    1.97403   0.151075  -0.311144    2.04253   -1.37605
  0.382158 -0.0295196    1.97404      0.151   -0.31116    2.04257   -1.37606
  0.382191 -0.0295329    1.97405   0.150925  -0.311176     2.0426   -1.37607
  0.382223 -0.0295461    1.97406    0.15085  -0.311192    2.04264   -1.37608
  0.382255 -0.0295592    1.97407   0.150776  -0.311208    2.04268    -1.3761
  0.382287 -0.0295723    1.97408   0.150702  -0.311224    2.04272   -1.37611
  0.382319 -0.0295853    1.97409   0.150628   -0.31124    2.04276   -1.37612
   0.38235 -0.0295982     1.9741   0.150555  -0.311256     2.0428   -1.37614
 0.382382 -0.029611    1.9741  0.150482 -0.311272   2.04283  -1.37615
  0.382413 -0.0296238    1.97411    0.15041  -0.311288    2.04287   -1.37616
  0.382444 -0.0296364    1.97412   0.150337  -0.311303    2.04291   -1.37617
 0.382475 -0.029649   1.97413  0.150266 -0.311319   2.04295  -1.37618
  0.382506 -0.0296616    1.97414   0.150195  -0.311335    2.04298    -1.3762
 0.382537 -0.029674   1.97415  0.150124 -0.311351   2.04302  -1.37621
  0.382567 -0.0296864    1.97416   0.150053  -0.311367    2.04306   -1.37622
  0.382597 -0.0296987    1.97417   0.149983  -0.311382    2.04309   -1.37623
  0.382628 -0.0297109    1.97418   0.149913  -0.311398    2.04313   -1.37625
  0.382658 -0.0297231    1.97419   0.149844  -0.311414    2.04316   -1.37626
  0.382688 -0.0297352     1.9742   0.149774  -0.311429     2.0432   -1.37627
  0.382717 -0.0297472    1.97421   0.149706  -0.311445    2.04324   -1.37628
  0.382747 -0.0297592    1.97422   0.149637  -0.311461    2.04327   -1.37629
 0.382776 -0.029771   1.97423  0.149569 -0.311476   2.04331   -1.3763
  0.382806 -0.0297828    1.97424   0.149502  -0.311492    2.04334   -1.37632
  0.382835 -0.0297946    1.97425   0.149434  -0.311507    2.04338   -1.37633
  0.382864 -0.0298063    1.97425   0.149367  -0.311523    2.04341   -1.37634
  0.382893 -0.0298179    1.97426   0.149301  -0.311538    2.04345   -1.37635
  0.382921 -0.0298294    1.97427   0.149234  -0.311554    2.04348   -1.37636
   0.38295 -0.0298409    1.97428   0.149168  -0.311569    2.04351   -1.37637
  0.382978 -0.0298522    1.97429   0.149103  -0.311585    2.04355   -1.37638
  0.383006 -0.0298636     1.9743   0.149038    -0.3116    2.04358    -1.3764
  0.383034 -0.0298748    1.97431   0.148973  -0.311616    2.04362   -1.37641
 0.383062 -0.029886   1.97432  0.148908 -0.311631   2.04365  -1.37642
   0.38309 -0.0298972    1.97433   0.148844  -0.311646    2.04368   -1.37643
  0.383118 -0.0299082    1.97434    0.14878  -0.311662    2.04371   -1.37644
  0.383145 -0.0299192    1.97435   0.148717  -0.311677    2.04375   -1.37645
  0.383173 -0.0299301    1.97436   0.148653  -0.311692    2.04378   -1.37646
   0.3832 -0.029941   1.97437   0.14859 -0.311708   2.04381  -1.37647
  0.383227 -0.0299518    1.97438   0.148528  -0.311723    2.04385   -1.37648
  0.383254 -0.0299625    1.97439   0.148466  -0.311738    2.04388   -1.37649
  0.383281 -0.0299732     1.9744   0.148404  -0.311753    2.04391    -1.3765
  0.383308 -0.0299838    1.97441   0.148342  -0.311768    2.04394   -1.37652
  0.383334 -0.0299943    1.97442   0.148281  -0.311784    2.04397   -1.37653
  0.383361 -0.0300048    1.97443    0.14822  -0.311799      2.044   -1.37654
  0.383387 -0.0300152    1.97444   0.148159  -0.311814    2.04404   -1.37655
  0.383413 -0.0300256    1.97444   0.148099  -0.311829    2.04407   -1.37656
  0.383439 -0.0300359    1.97445   0.148039  -0.311844     2.0441   -1.37657
  0.383465 -0.0300461    1.97446   0.147979  -0.311859    2.04413   -1.37658
  0.383491 -0.0300563    1.97447    0.14792  -0.311874    2.04416   -1.37659
  0.383517 -0.0300664    1.97448   0.147861  -0.311889    2.04419    -1.3766
  0.383542 -0.0300764    1.97449   0.147802  -0.311904    2.04422   -1.37661
  0.383567 -0.0300864     1.9745   0.147744  -0.311919    2.04425   -1.37662
  0.383593 -0.0300963    1.97451   0.147686  -0.311934    2.04428   -1.37663
  0.383618 -0.0301062    1.97452   0.147628  -0.311949    2.04431   -1.37664
 0.383643 -0.030116   1.97453   0.14757 -0.311964   2.04434  -1.37665
  0.383668 -0.0301257    1.97454   0.147513  -0.311979    2.04437   -1.37666
  0.383692 -0.0301354    1.97455   0.147456  -0.311994     2.0444   -1.37667
  0.383717 -0.0301451    1.97456   0.147399  -0.312009    2.04443   -1.37668
  0.383741 -0.0301546    1.97457   0.147343  -0.312024    2.04446   -1.37669
  0.383766 -0.0301641    1.97458   0.147287  -0.312039    2.04449    -1.3767
   0.38379 -0.0301736    1.97459   0.147231  -0.312053    2.04452   -1.37671
 0.383814 -0.030183    1.9746  0.147176 -0.312068   2.04455  -1.37672
  0.383838 -0.0301923    1.97461   0.147121  -0.312083    2.04457   -1.37673
  0.383862 -0.0302016    1.97462   0.147066  -0.312098     2.0446   -1.37674
  0.383886 -0.0302108    1.97463   0.147011  -0.312112    2.04463   -1.37675
 0.383909  -0.03022   1.97464  0.146957 -0.312127   2.04466  -1.37675
  0.383933 -0.0302291    1.97465   0.146903  -0.312142    2.04469   -1.37676
  0.383956 -0.0302381    1.97466   0.146849  -0.312157    2.04471   -1.37677
  0.383979 -0.0302471    1.97467   0.146795  -0.312171    2.04474   -1.37678
  0.384003 -0.0302561    1.97468   0.146742  -0.312186    2.04477   -1.37679
 0.384026 -0.030265   1.97469  0.146689 -0.312201    2.0448   -1.3768
  0.384049 -0.0302738     1.9747   0.146637  -0.312215    2.04482   -1.37681
  0.384071 -0.0302826    1.97471   0.146584   -0.31223    2.04485   -1.37682
  0.384094 -0.0302913    1.97472   0.146532  -0.312244    2.04488   -1.37683
 0.384117   -0.0303   1.97473   0.14648 -0.312259   2.04491  -1.37684
  0.384139 -0.0303086    1.97473   0.146429  -0.312273    2.04493   -1.37685
  0.384161 -0.0303172    1.97474   0.146378  -0.312288    2.04496   -1.37686
  0.384184 -0.0303257    1.97475   0.146327  -0.312303    2.04498   -1.37686
  0.384206 -0.0303341    1.97476   0.146276  -0.312317    2.04501   -1.37687
  0.384228 -0.0303425    1.97477   0.146225  -0.312332    2.04504   -1.37688
   0.38425 -0.0303509    1.97478   0.146175  -0.312346    2.04506   -1.37689
  0.384271 -0.0303592    1.97479   0.146125   -0.31236    2.04509    -1.3769
  0.384293 -0.0303674     1.9748   0.146076  -0.312375    2.04511   -1.37691
  0.384315 -0.0303756    1.97481   0.146026  -0.312389    2.04514   -1.37692
  0.384336 -0.0303838    1.97482   0.145977  -0.312404    2.04517   -1.37692
  0.384357 -0.0303919    1.97483   0.145928  -0.312418    2.04519   -1.37693
  0.384379 -0.0303999    1.97484   0.145879  -0.312432    2.04522   -1.37694
    0.3844 -0.0304079    1.97485   0.145831  -0.312447    2.04524   -1.37695
  0.384421 -0.0304158    1.97486   0.145783  -0.312461    2.04527   -1.37696
  0.384442 -0.0304237    1.97487   0.145735  -0.312475    2.04529   -1.37697
  0.384462 -0.0304316    1.97488   0.145687   -0.31249    2.04532   -1.37698
  0.384483 -0.0304394    1.97489    0.14564  -0.312504    2.04534   -1.37698
  0.384504 -0.0304471     1.9749   0.145593  -0.312518    2.04536   -1.37699
  0.384524 -0.0304548    1.97491   0.145546  -0.312533    2.04539     -1.377
  0.384545 -0.0304625    1.97492   0.145499  -0.312547    2.04541   -1.37701
  0.384565 -0.0304701    1.97493   0.145453  -0.312561    2.04544   -1.37702
  0.384585 -0.0304776    1.97494   0.145407  -0.312575    2.04546   -1.37702
  0.384605 -0.0304851    1.97495   0.145361  -0.312589    2.04548   -1.37703
  0.384625 -0.0304926    1.97496   0.145315  -0.312604    2.04551   -1.37704
 0.384645   -0.0305   1.97497  0.145269 -0.312618   2.04553  -1.37705
  0.384665 -0.0305074    1.97498   0.145224  -0.312632    2.04556   -1.37706
  0.384684 -0.0305147    1.97499   0.145179  -0.312646    2.04558   -1.37706
  0.384704 -0.0305219      1.975   0.145134   -0.31266     2.0456   -1.37707
  0.384723 -0.0305292    1.97501    0.14509  -0.312674    2.04562   -1.37708
  0.384743 -0.0305363    1.97502   0.145046  -0.312688    2.04565   -1.37709
  0.384762 -0.0305435    1.97503   0.145002  -0.312703    2.04567   -1.37709
  0.384781 -0.0305506    1.97504   0.144958  -0.312717    2.04569    -1.3771
    0.3848 -0.0305576    1.97505   0.144914  -0.312731    2.04572   -1.37711
  0.384819 -0.0305646    1.97506   0.144871  -0.312745    2.04574   -1.37712
  0.384838 -0.0305715    1.97507   0.144828  -0.312759    2.04576   -1.37713
  0.384857 -0.0305785    1.97508   0.144785  -0.312773    2.04578   -1.37713
  0.384876 -0.0305853    1.97509   0.144742  -0.312787     2.0458   -1.37714
  0.384894 -0.0305921     1.9751     0.1447  -0.312801    2.04583   -1.37715
  0.384913 -0.0305989    1.97511   0.144657  -0.312815    2.04585   -1.37716
  0.384931 -0.0306056    1.97512   0.144615  -0.312829    2.04587   -1.37716
   0.38495 -0.0306123    1.97513   0.144574  -0.312843    2.04589   -1.37717
 0.384968 -0.030619   1.97514  0.144532 -0.312856   2.04591  -1.37718
  0.384986 -0.0306255    1.97515   0.144491   -0.31287    2.04593   -1.37718
  0.385004 -0.0306321    1.97516    0.14445  -0.312884    2.04596   -1.37719
  0.385022 -0.0306386    1.97517   0.144409  -0.312898    2.04598    -1.3772
   0.38504 -0.0306451    1.97518   0.144368  -0.312912      2.046   -1.37721
  0.385058 -0.0306515    1.97519   0.144327  -0.312926    2.04602   -1.37721
  0.385075 -0.0306579     1.9752   0.144287   -0.31294    2.04604   -1.37722
  0.385093 -0.0306642    1.97521   0.144247  -0.312953    2.04606   -1.37723
   0.38511 -0.0306705    1.97522   0.144207  -0.312967    2.04608   -1.37723
  0.385128 -0.0306768    1.97523   0.144167  -0.312981     2.0461   -1.37724
 0.385145 -0.030683   1.97524  0.144128 -0.312995   2.04612  -1.37725
  0.385162 -0.0306892    1.97525   0.144089  -0.313009    2.04614   -1.37726
  0.385179 -0.0306953    1.97526    0.14405  -0.313022    2.04616   -1.37726
  0.385197 -0.0307014    1.97527   0.144011  -0.313036    2.04618   -1.37727
  0.385214 -0.0307075    1.97528   0.143972   -0.31305     2.0462   -1.37728
   0.38523 -0.0307135    1.97529   0.143934  -0.313064    2.04622   -1.37728
  0.385247 -0.0307195     1.9753   0.143896  -0.313077    2.04624   -1.37729
  0.385264 -0.0307254    1.97531   0.143858  -0.313091    2.04626    -1.3773
  0.385281 -0.0307313    1.97532    0.14382  -0.313105    2.04628    -1.3773
  0.385297 -0.0307372    1.97533   0.143782  -0.313118     2.0463   -1.37731
 0.385314 -0.030743   1.97534  0.143745 -0.313132   2.04632  -1.37732
   0.38533 -0.0307488    1.97535   0.143707  -0.313146    2.04634   -1.37732
  0.385346 -0.0307545    1.97536    0.14367  -0.313159    2.04636   -1.37733
  0.385363 -0.0307602    1.97537   0.143634  -0.313173    2.04638   -1.37734
  0.385379 -0.0307659    1.97538   0.143597  -0.313187     2.0464   -1.37734
  0.385395 -0.0307715    1.97539    0.14356    -0.3132    2.04642   -1.37735
  0.385411 -0.0307771     1.9754   0.143524  -0.313214    2.04643   -1.37735
  0.385427 -0.0307827    1.97541   0.143488  -0.313227    2.04645   -1.37736
  0.385443 -0.0307882    1.97542   0.143452  -0.313241    2.04647   -1.37737
  0.385458 -0.0307937    1.97543   0.143416  -0.313254    2.04649   -1.37737
  0.385474 -0.0307991    1.97544   0.143381  -0.313268    2.04651   -1.37738
   0.38549 -0.0308045    1.97545   0.143346  -0.313281    2.04653   -1.37739
  0.385505 -0.0308099    1.97546    0.14331  -0.313295    2.04654   -1.37739
   0.38552 -0.0308152    1.97547   0.143275  -0.313308    2.04656    -1.3774
  0.385536 -0.0308205    1.97548   0.143241  -0.313322    2.04658    -1.3774
  0.385551 -0.0308257    1.97549   0.143206  -0.313335     2.0466   -1.37741
 0.385566 -0.030831    1.9755  0.143172 -0.313349   2.04662  -1.37742
  0.385581 -0.0308361    1.97551   0.143137  -0.313362    2.04663   -1.37742
  0.385596 -0.0308413    1.97552   0.143103  -0.313376    2.04665   -1.37743
  0.385611 -0.0308464    1.97553   0.143069  -0.313389    2.04667   -1.37743
  0.385626 -0.0308515    1.97554   0.143036  -0.313403    2.04669   -1.37744
  0.385641 -0.0308565    1.97555   0.143002  -0.313416     2.0467   -1.37745
  0.385656 -0.0308615    1.97556   0.142969  -0.313429    2.04672   -1.37745
  0.385671 -0.0308665    1.97557   0.142936  -0.313443    2.04674   -1.37746
  0.385685 -0.0308715    1.97558   0.142903  -0.313456    2.04676   -1.37746
    0.3857 -0.0308764    1.97559    0.14287   -0.31347    2.04677   -1.37747
  0.385714 -0.0308812     1.9756   0.142837  -0.313483    2.04679   -1.37748
  0.385729 -0.0308861    1.97561   0.142805  -0.313496    2.04681   -1.37748
  0.385743 -0.0308909    1.97562   0.142772   -0.31351    2.04682   -1.37749
  0.385757 -0.0308956    1.97563    0.14274  -0.313523    2.04684   -1.37749
  0.385771 -0.0309004    1.97564   0.142708  -0.313536    2.04686    -1.3775
  0.385785 -0.0309051    1.97565   0.142676   -0.31355    2.04687    -1.3775
  0.385799 -0.0309098    1.97566   0.142645  -0.313563    2.04689   -1.37751
  0.385813 -0.0309144    1.97567   0.142613  -0.313576    2.04691   -1.37752
 0.385827 -0.030919   1.97568  0.142582 -0.313589   2.04692  -1.37752
  0.385841 -0.0309236     1.9757   0.142551  -0.313603    2.04694   -1.37753
  0.385855 -0.0309281    1.97571    0.14252  -0.313616    2.04695   -1.37753
  0.385868 -0.0309326    1.97572   0.142489  -0.313629    2.04697   -1.37754
  0.385882 -0.0309371    1.97573   0.142458  -0.313642    2.04699   -1.37754
  0.385896 -0.0309415    1.97574   0.142428  -0.313656      2.047   -1.37755
  0.385909 -0.0309459    1.97575   0.142398  -0.313669    2.04702   -1.37755
  0.385923 -0.0309503    1.97576   0.142367  -0.313682    2.04703   -1.37756
  0.385936 -0.0309547    1.97577   0.142337  -0.313695    2.04705   -1.37757
 0.385949 -0.030959   1.97578  0.142307 -0.313708   2.04706  -1.37757
  0.385962 -0.0309633    1.97579   0.142278  -0.313722    2.04708   -1.37758
  0.385975 -0.0309675     1.9758   0.142248  -0.313735    2.04709   -1.37758
  0.385989 -0.0309717    1.97581   0.142219  -0.313748    2.04711   -1.37759
  0.386002 -0.0309759    1.97582    0.14219  -0.313761    2.04712   -1.37759
  0.386015 -0.0309801    1.97583    0.14216  -0.313774    2.04714    -1.3776
  0.386027 -0.0309842    1.97584   0.142131  -0.313787    2.04715    -1.3776
   0.38604 -0.0309883    1.97585   0.142103    -0.3138    2.04717   -1.37761
  0.386053 -0.0309924    1.97586   0.142074  -0.313813    2.04718   -1.37761
  0.386066 -0.0309965    1.97587   0.142046  -0.313827     2.0472   -1.37762
  0.386078 -0.0310005    1.97588   0.142017   -0.31384    2.04721   -1.37762
  0.386091 -0.0310044    1.97589   0.141989  -0.313853    2.04723   -1.37763
  0.386103 -0.0310084     1.9759   0.141961  -0.313866    2.04724   -1.37763
  0.386116 -0.0310123    1.97591   0.141933  -0.313879    2.04726   -1.37764
  0.386128 -0.0310162    1.97592   0.141905  -0.313892    2.04727   -1.37764
   0.38614 -0.0310201    1.97593   0.141878  -0.313905    2.04729   -1.37765
  0.386153 -0.0310239    1.97594    0.14185  -0.313918     2.0473   -1.37765
  0.386165 -0.0310277    1.97595   0.141823  -0.313931    2.04731   -1.37766
  0.386177 -0.0310315    1.97596   0.141796  -0.313944    2.04733   -1.37766
  0.386189 -0.0310353    1.97597   0.141769  -0.313957    2.04734   -1.37767
 0.386201 -0.031039   1.97598  0.141742  -0.31397   2.04736  -1.37767
  0.386213 -0.0310427    1.97599   0.141715  -0.313983    2.04737   -1.37768
  0.386225 -0.0310464      1.976   0.141689  -0.313996    2.04738   -1.37768
 0.386237  -0.03105   1.97601  0.141662 -0.314009    2.0474  -1.37769
  0.386249 -0.0310536    1.97602   0.141636  -0.314022    2.04741   -1.37769
   0.38626 -0.0310572    1.97603    0.14161  -0.314035    2.04742    -1.3777
  0.386272 -0.0310607    1.97604   0.141584  -0.314048    2.04744    -1.3777
  0.386284 -0.0310643    1.97605   0.141558  -0.314061    2.04745   -1.37771
  0.386295 -0.0310678    1.97607   0.141532  -0.314074    2.04746   -1.37771
  0.386307 -0.0310713    1.97608   0.141506  -0.314086    2.04748   -1.37771
  0.386318 -0.0310747    1.97609   0.141481  -0.314099    2.04749   -1.37772
  0.386329 -0.0310781     1.9761   0.141455  -0.314112     2.0475   -1.37772
  0.386341 -0.0310815    1.97611    0.14143  -0.314125    2.04752   -1.37773
  0.386352 -0.0310849    1.97612   0.141405  -0.314138    2.04753   -1.37773
  0.386363 -0.0310882    1.97613    0.14138  -0.314151    2.04754   -1.37774
  0.386374 -0.0310916    1.97614   0.141355  -0.314164    2.04755   -1.37774
  0.386385 -0.0310948    1.97615   0.141331  -0.314177    2.04757   -1.37775
  0.386396 -0.0310981    1.97616   0.141306  -0.314189    2.04758   -1.37775
  0.386407 -0.0311014    1.97617   0.141281  -0.314202    2.04759   -1.37776
  0.386418 -0.0311046    1.97618   0.141257  -0.314215    2.04761   -1.37776
  0.386429 -0.0311078    1.97619   0.141233  -0.314228    2.04762   -1.37776
   0.38644 -0.0311109     1.9762   0.141209  -0.314241    2.04763   -1.37777
  0.386451 -0.0311141    1.97621   0.141185  -0.314254    2.04764   -1.37777
  0.386462 -0.0311172    1.97622   0.141161  -0.314266    2.04766   -1.37778
  0.386472 -0.0311203    1.97623   0.141137  -0.314279    2.04767   -1.37778
  0.386483 -0.0311233    1.97624   0.141114  -0.314292    2.04768   -1.37779
  0.386493 -0.0311264    1.97625    0.14109  -0.314305    2.04769   -1.37779
  0.386504 -0.0311294    1.97626   0.141067  -0.314317     2.0477   -1.37779
  0.386514 -0.0311324    1.97627   0.141044   -0.31433    2.04772    -1.3778
  0.386525 -0.0311353    1.97628   0.141021  -0.314343    2.04773    -1.3778
  0.386535 -0.0311383    1.97629   0.140998  -0.314356    2.04774   -1.37781
  0.386545 -0.0311412     1.9763   0.140975  -0.314368    2.04775   -1.37781
  0.386556 -0.0311441    1.97631   0.140952  -0.314381    2.04776   -1.37781
 0.386566 -0.031147   1.97632   0.14093 -0.314394   2.04777  -1.37782
  0.386576 -0.0311498    1.97634   0.140907  -0.314407    2.04779   -1.37782
  0.386586 -0.0311526    1.97635   0.140885  -0.314419     2.0478   -1.37783
  0.386596 -0.0311554    1.97636   0.140863  -0.314432    2.04781   -1.37783
  0.386606 -0.0311582    1.97637   0.140841  -0.314445    2.04782   -1.37784
 0.386616 -0.031161   1.97638  0.140819 -0.314457   2.04783  -1.37784
  0.386626 -0.0311637    1.97639   0.140797   -0.31447    2.04784   -1.37784
  0.386636 -0.0311664     1.9764   0.140775  -0.314483    2.04785   -1.37785
  0.386646 -0.0311691    1.97641   0.140753  -0.314495    2.04787   -1.37785
  0.386655 -0.0311717    1.97642   0.140732  -0.314508    2.04788   -1.37786
  0.386665 -0.0311744    1.97643    0.14071  -0.314521    2.04789   -1.37786
 0.386675 -0.031177   1.97644  0.140689 -0.314533    2.0479  -1.37786
  0.386684 -0.0311796    1.97645   0.140668  -0.314546    2.04791   -1.37787
  0.386694 -0.0311822    1.97646   0.140647  -0.314558    2.04792   -1.37787
  0.386703 -0.0311847    1.97647   0.140626  -0.314571    2.04793   -1.37787
  0.386713 -0.0311872    1.97648   0.140605  -0.314584    2.04794   -1.37788
  0.386722 -0.0311898    1.97649   0.140584  -0.314596    2.04795   -1.37788
  0.386732 -0.0311922     1.9765   0.140563  -0.314609    2.04796   -1.37789
  0.386741 -0.0311947    1.97651   0.140543  -0.314621    2.04797   -1.37789
   0.38675 -0.0311971    1.97652   0.140522  -0.314634    2.04798   -1.37789
  0.386759 -0.0311996    1.97653   0.140502  -0.314647      2.048    -1.3779
 0.386769 -0.031202   1.97654  0.140482 -0.314659   2.04801   -1.3779
  0.386778 -0.0312043    1.97655   0.140462  -0.314672    2.04802    -1.3779
  0.386787 -0.0312067    1.97656   0.140442  -0.314684    2.04803   -1.37791
 0.386796 -0.031209   1.97658  0.140422 -0.314697   2.04804  -1.37791
  0.386805 -0.0312113    1.97659   0.140402  -0.314709    2.04805   -1.37792
  0.386814 -0.0312136     1.9766   0.140382  -0.314722    2.04806   -1.37792
  0.386823 -0.0312159    1.97661   0.140363  -0.314734    2.04807   -1.37792
  0.386832 -0.0312182    1.97662   0.140343  -0.314747    2.04808   -1.37793
  0.386841 -0.0312204    1.97663   0.140324   -0.31476    2.04809   -1.37793
  0.386849 -0.0312226    1.97664   0.140305  -0.314772     2.0481   -1.37793
  0.386858 -0.0312248    1.97665   0.140285  -0.314785    2.04811   -1.37794
 0.386867 -0.031227   1.97666  0.140266 -0.314797   2.04812  -1.37794
  0.386876 -0.0312291    1.97667   0.140247   -0.31481    2.04813   -1.37794
  0.386884 -0.0312312    1.97668   0.140229  -0.314822    2.04814   -1.37795
  0.386893 -0.0312334    1.97669    0.14021  -0.314834    2.04815   -1.37795
  0.386901 -0.0312354     1.9767   0.140191  -0.314847    2.04816   -1.37795
   0.38691 -0.0312375    1.97671   0.140172  -0.314859    2.04817   -1.37796
  0.386918 -0.0312396    1.97672   0.140154  -0.314872    2.04817   -1.37796
  0.386927 -0.0312416    1.97673   0.140136  -0.314884    2.04818   -1.37796
  0.386935 -0.0312436    1.97674   0.140117  -0.314897    2.04819   -1.37797
  0.386943 -0.0312456    1.97675   0.140099  -0.314909     2.0482   -1.37797
  0.386952 -0.0312476    1.97676   0.140081  -0.314922    2.04821   -1.37798
   0.38696 -0.0312495    1.97678   0.140063  -0.314934    2.04822   -1.37798
  0.386968 -0.0312515    1.97679   0.140045  -0.314946    2.04823   -1.37798
  0.386976 -0.0312534     1.9768   0.140027  -0.314959    2.04824   -1.37799
  0.386984 -0.0312553    1.97681    0.14001  -0.314971    2.04825   -1.37799
  0.386993 -0.0312572    1.97682   0.139992  -0.314984    2.04826   -1.37799
 0.387001 -0.031259   1.97683  0.139974 -0.314996   2.04827  -1.37799
  0.387009 -0.0312609    1.97684   0.139957  -0.315009    2.04828     -1.378
  0.387017 -0.0312627    1.97685    0.13994  -0.315021    2.04829     -1.378
  0.387025 -0.0312645    1.97686   0.139922  -0.315033    2.04829     -1.378
  0.387032 -0.0312663    1.97687   0.139905  -0.315046     2.0483   -1.37801
   0.38704 -0.0312681    1.97688   0.139888  -0.315058    2.04831   -1.37801
  0.387048 -0.0312698    1.97689   0.139871   -0.31507    2.04832   -1.37801
  0.387056 -0.0312716     1.9769   0.139854  -0.315083    2.04833   -1.37802
  0.387064 -0.0312733    1.97691   0.139838  -0.315095    2.04834   -1.37802
 0.387071 -0.031275   1.97692  0.139821 -0.315107   2.04835  -1.37802
  0.387079 -0.0312767    1.97693   0.139804   -0.31512    2.04836   -1.37803
  0.387087 -0.0312783    1.97694   0.139788  -0.315132    2.04836   -1.37803
 0.387094  -0.03128   1.97695  0.139771 -0.315144   2.04837  -1.37803
  0.387102 -0.0312816    1.97697   0.139755  -0.315157    2.04838   -1.37804
  0.387109 -0.0312832    1.97698   0.139739  -0.315169    2.04839   -1.37804
  0.387117 -0.0312848    1.97699   0.139722  -0.315181     2.0484   -1.37804
  0.387124 -0.0312864      1.977   0.139706  -0.315194    2.04841   -1.37805
  0.387132 -0.0312879    1.97701    0.13969  -0.315206    2.04841   -1.37805
  0.387139 -0.0312895    1.97702   0.139674  -0.315218    2.04842   -1.37805
 0.387146 -0.031291   1.97703  0.139658 -0.315231   2.04843  -1.37805
  0.387154 -0.0312925    1.97704   0.139643  -0.315243    2.04844   -1.37806
 0.387161 -0.031294   1.97705  0.139627 -0.315255   2.04845  -1.37806
  0.387168 -0.0312955    1.97706   0.139611  -0.315267    2.04845   -1.37806
 0.387175 -0.031297   1.97707  0.139596  -0.31528   2.04846  -1.37807
  0.387183 -0.0312984    1.97708    0.13958  -0.315292    2.04847   -1.37807
   0.38719 -0.0312998    1.97709   0.139565  -0.315304    2.04848   -1.37807
  0.387197 -0.0313012     1.9771    0.13955  -0.315317    2.04849   -1.37807
  0.387204 -0.0313026    1.97711   0.139535  -0.315329    2.04849   -1.37808
 0.387211 -0.031304   1.97712   0.13952 -0.315341    2.0485  -1.37808
  0.387218 -0.0313054    1.97713   0.139505  -0.315353    2.04851   -1.37808
  0.387225 -0.0313067    1.97715    0.13949  -0.315365    2.04852   -1.37809
  0.387232 -0.0313081    1.97716   0.139475  -0.315378    2.04853   -1.37809
  0.387239 -0.0313094    1.97717    0.13946   -0.31539    2.04853   -1.37809
  0.387246 -0.0313107    1.97718   0.139445  -0.315402    2.04854   -1.37809
 0.387252 -0.031312   1.97719  0.139431 -0.315414   2.04855   -1.3781
  0.387259 -0.0313132     1.9772   0.139416  -0.315427    2.04856    -1.3781
  0.387266 -0.0313145    1.97721   0.139402  -0.315439    2.04856    -1.3781
  0.387273 -0.0313157    1.97722   0.139387  -0.315451    2.04857   -1.37811
 0.387279 -0.031317   1.97723  0.139373 -0.315463   2.04858  -1.37811
  0.387286 -0.0313182    1.97724   0.139359  -0.315475    2.04859   -1.37811
  0.387293 -0.0313194    1.97725   0.139344  -0.315488    2.04859   -1.37811
  0.387299 -0.0313205    1.97726    0.13933    -0.3155     2.0486   -1.37812
  0.387306 -0.0313217    1.97727   0.139316  -0.315512    2.04861   -1.37812
  0.387313 -0.0313228    1.97728   0.139302  -0.315524    2.04861   -1.37812
 0.387319 -0.031324   1.97729  0.139288 -0.315536   2.04862  -1.37812
  0.387326 -0.0313251     1.9773   0.139275  -0.315548    2.04863   -1.37813
  0.387332 -0.0313262    1.97732   0.139261  -0.315561    2.04864   -1.37813
  0.387338 -0.0313273    1.97733   0.139247  -0.315573    2.04864   -1.37813
  0.387345 -0.0313284    1.97734   0.139234  -0.315585    2.04865   -1.37813
  0.387351 -0.0313294    1.97735    0.13922  -0.315597    2.04866   -1.37814
  0.387357 -0.0313305    1.97736   0.139207  -0.315609    2.04866   -1.37814
  0.387364 -0.0313315    1.97737   0.139193  -0.315621    2.04867   -1.37814
   0.38737 -0.0313325    1.97738    0.13918  -0.315633    2.04868   -1.37815
  0.387376 -0.0313335    1.97739   0.139167  -0.315646    2.04868   -1.37815
  0.387382 -0.0313345     1.9774   0.139154  -0.315658    2.04869   -1.37815
  0.387389 -0.0313355    1.97741   0.139141   -0.31567     2.0487   -1.37815
  0.387395 -0.0313365    1.97742   0.139128  -0.315682     2.0487   -1.37816
  0.387401 -0.0313374    1.97743   0.139115  -0.315694    2.04871   -1.37816
  0.387407 -0.0313383    1.97744   0.139102  -0.315706    2.04872   -1.37816
  0.387413 -0.0313393    1.97745   0.139089  -0.315718    2.04872   -1.37816
  0.387419 -0.0313402    1.97746   0.139076   -0.31573    2.04873   -1.37817
  0.387425 -0.0313411    1.97747   0.139063  -0.315742    2.04874   -1.37817
 0.387431 -0.031342   1.97749  0.139051 -0.315755   2.04874  -1.37817
  0.387437 -0.0313428     1.9775   0.139038  -0.315767    2.04875   -1.37817
  0.387443 -0.0313437    1.97751   0.139026  -0.315779    2.04876   -1.37817
  0.387449 -0.0313445    1.97752   0.139013  -0.315791    2.04876   -1.37818
  0.387455 -0.0313453    1.97753   0.139001  -0.315803    2.04877   -1.37818
  0.387461 -0.0313462    1.97754   0.138989  -0.315815    2.04878   -1.37818
 0.387466 -0.031347   1.97755  0.138977 -0.315827   2.04878  -1.37818
  0.387472 -0.0313477    1.97756   0.138964  -0.315839    2.04879   -1.37819
  0.387478 -0.0313485    1.97757   0.138952  -0.315851    2.04879   -1.37819
  0.387484 -0.0313493    1.97758    0.13894  -0.315863     2.0488   -1.37819
 0.387489  -0.03135   1.97759  0.138928 -0.315875   2.04881  -1.37819
  0.387495 -0.0313508     1.9776   0.138917  -0.315887    2.04881    -1.3782
  0.387501 -0.0313515    1.97761   0.138905  -0.315899    2.04882    -1.3782
  0.387506 -0.0313522    1.97762   0.138893  -0.315911    2.04882    -1.3782
  0.387512 -0.0313529    1.97764   0.138881  -0.315923    2.04883    -1.3782
  0.387517 -0.0313536    1.97765    0.13887  -0.315935    2.04884   -1.37821
  0.387523 -0.0313543    1.97766   0.138858  -0.315947    2.04884   -1.37821
  0.387528 -0.0313549    1.97767   0.138847   -0.31596    2.04885   -1.37821
  0.387534 -0.0313556    1.97768   0.138835  -0.315972    2.04885   -1.37821
  0.387539 -0.0313562    1.97769   0.138824  -0.315984    2.04886   -1.37821
  0.387545 -0.0313568     1.9777   0.138812  -0.315996    2.04887   -1.37822
   0.38755 -0.0313575    1.97771   0.138801  -0.316008    2.04887   -1.37822
  0.387556 -0.0313581    1.97772    0.13879   -0.31602    2.04888   -1.37822
  0.387561 -0.0313586    1.97773   0.138779  -0.316032    2.04888   -1.37822
  0.387566 -0.0313592    1.97774   0.138768  -0.316044    2.04889   -1.37823
  0.387572 -0.0313598    1.97775   0.138757  -0.316056     2.0489   -1.37823
  0.387577 -0.0313603    1.97776   0.138746  -0.316068     2.0489   -1.37823
  0.387582 -0.0313609    1.97777   0.138735   -0.31608    2.04891   -1.37823
  0.387587 -0.0313614    1.97778   0.138724  -0.316092    2.04891   -1.37823
  0.387593 -0.0313619     1.9778   0.138713  -0.316103    2.04892   -1.37824
  0.387598 -0.0313624    1.97781   0.138702  -0.316115    2.04892   -1.37824
  0.387603 -0.0313629    1.97782   0.138692  -0.316127    2.04893   -1.37824
  0.387608 -0.0313634    1.97783   0.138681  -0.316139    2.04893   -1.37824
  0.387613 -0.0313639    1.97784    0.13867  -0.316151    2.04894   -1.37824
  0.387618 -0.0313644    1.97785    0.13866  -0.316163    2.04894   -1.37825
  0.387623 -0.0313648    1.97786   0.138649  -0.316175    2.04895   -1.37825
  0.387628 -0.0313653    1.97787   0.138639  -0.316187    2.04896   -1.37825
  0.387633 -0.0313657    1.97788   0.138629  -0.316199    2.04896   -1.37825
  0.387638 -0.0313661    1.97789   0.138618  -0.316211    2.04897   -1.37825
  0.387643 -0.0313665     1.9779   0.138608  -0.316223    2.04897   -1.37826
  0.387648 -0.0313669    1.97791   0.138598  -0.316235    2.04898   -1.37826
  0.387653 -0.0313673    1.97792   0.138588  -0.316247    2.04898   -1.37826
  0.387658 -0.0313677    1.97794   0.138578  -0.316259    2.04899   -1.37826
 0.387663 -0.031368   1.97795  0.138568 -0.316271   2.04899  -1.37826
  0.387668 -0.0313684    1.97796   0.138558  -0.316283      2.049   -1.37827
  0.387673 -0.0313687    1.97797   0.138548  -0.316295      2.049   -1.37827
 0.387678 -0.031369   1.97798  0.138538 -0.316307   2.04901  -1.37827
  0.387682 -0.0313694    1.97799   0.138528  -0.316319    2.04901   -1.37827
  0.387687 -0.0313697      1.978   0.138518   -0.31633    2.04902   -1.37827
 0.387692  -0.03137   1.97801  0.138509 -0.316342   2.04902  -1.37828
  0.387697 -0.0313703    1.97802   0.138499  -0.316354    2.04903   -1.37828
  0.387701 -0.0313705    1.97803    0.13849  -0.316366    2.04903   -1.37828
  0.387706 -0.0313708    1.97804    0.13848  -0.316378    2.04904   -1.37828
  0.387711 -0.0313711    1.97805   0.138471   -0.31639    2.04904   -1.37828
  0.387715 -0.0313713    1.97806   0.138461  -0.316402    2.04905   -1.37829
   0.38772 -0.0313716    1.97807   0.138452  -0.316414    2.04905   -1.37829
  0.387725 -0.0313718    1.97809   0.138442  -0.316426    2.04906   -1.37829
 0.387729 -0.031372    1.9781  0.138433 -0.316438   2.04906  -1.37829
  0.387734 -0.0313722    1.97811   0.138424  -0.316449    2.04907   -1.37829
  0.387738 -0.0313724    1.97812   0.138415  -0.316461    2.04907    -1.3783
  0.387743 -0.0313726    1.97813   0.138405  -0.316473    2.04908    -1.3783
  0.387747 -0.0313728    1.97814   0.138396  -0.316485    2.04908    -1.3783
  0.387752 -0.0313729    1.97815   0.138387  -0.316497    2.04908    -1.3783
  0.387756 -0.0313731    1.97816   0.138378  -0.316509    2.04909    -1.3783
  0.387761 -0.0313732    1.97817   0.138369  -0.316521    2.04909    -1.3783
  0.387765 -0.0313734    1.97818    0.13836  -0.316533     2.0491   -1.37831
  0.387769 -0.0313735    1.97819   0.138352  -0.316544     2.0491   -1.37831
  0.387774 -0.0313736     1.9782   0.138343  -0.316556    2.04911   -1.37831
  0.387778 -0.0313737    1.97821   0.138334  -0.316568    2.04911   -1.37831
  0.387782 -0.0313738    1.97823   0.138325   -0.31658    2.04912   -1.37831
  0.387787 -0.0313739    1.97824   0.138317  -0.316592    2.04912   -1.37832
 0.387791 -0.031374   1.97825  0.138308 -0.316604   2.04913  -1.37832
  0.387795 -0.0313741    1.97826     0.1383  -0.316615    2.04913   -1.37832
    0.3878 -0.0313742    1.97827   0.138291  -0.316627    2.04913   -1.37832
  0.387804 -0.0313742    1.97828   0.138282  -0.316639    2.04914   -1.37832
  0.387808 -0.0313743    1.97829   0.138274  -0.316651    2.04914   -1.37832
  0.387812 -0.0313743     1.9783   0.138266  -0.316663    2.04915   -1.37833
  0.387816 -0.0313743    1.97831   0.138257  -0.316675    2.04915   -1.37833
  0.387821 -0.0313743    1.97832   0.138249  -0.316686    2.04916   -1.37833
  0.387825 -0.0313744    1.97833   0.138241  -0.316698    2.04916   -1.37833
  0.387829 -0.0313744    1.97834   0.138233   -0.31671    2.04916   -1.37833
  0.387833 -0.0313743    1.97836   0.138224  -0.316722    2.04917   -1.37833
  0.387837 -0.0313743    1.97837   0.138216  -0.316734    2.04917   -1.37834
  0.387841 -0.0313743    1.97838   0.138208  -0.316746    2.04918   -1.37834
  0.387845 -0.0313743    1.97839     0.1382  -0.316757    2.04918   -1.37834
  0.387849 -0.0313742     1.9784   0.138192  -0.316769    2.04919   -1.37834
  0.387853 -0.0313742    1.97841   0.138184  -0.316781    2.04919   -1.37834
  0.387857 -0.0313741    1.97842   0.138176  -0.316793    2.04919   -1.37834
 0.387861 -0.031374   1.97843  0.138168 -0.316805    2.0492  -1.37835
 0.387865 -0.031374   1.97844  0.138161 -0.316816    2.0492  -1.37835
  0.387869 -0.0313739    1.97845   0.138153  -0.316828    2.04921   -1.37835
  0.387873 -0.0313738    1.97846   0.138145   -0.31684    2.04921   -1.37835
  0.387877 -0.0313737    1.97847   0.138137  -0.316852    2.04921   -1.37835
  0.387881 -0.0313736    1.97848    0.13813  -0.316864    2.04922   -1.37835
  0.387885 -0.0313735     1.9785   0.138122  -0.316875    2.04922   -1.37836
  0.387888 -0.0313733    1.97851   0.138115  -0.316887    2.04923   -1.37836
  0.387892 -0.0313732    1.97852   0.138107  -0.316899    2.04923   -1.37836
 0.387896 -0.031373   1.97853    0.1381 -0.316911   2.04923  -1.37836
    0.3879 -0.0313729    1.97854   0.138092  -0.316922    2.04924   -1.37836
  0.387904 -0.0313727    1.97855   0.138085  -0.316934    2.04924   -1.37836
  0.387907 -0.0313726    1.97856   0.138077  -0.316946    2.04924   -1.37837
  0.387911 -0.0313724    1.97857    0.13807  -0.316958    2.04925   -1.37837
  0.387915 -0.0313722    1.97858   0.138063   -0.31697    2.04925   -1.37837
 0.387919 -0.031372   1.97859  0.138056 -0.316981   2.04926  -1.37837
  0.387922 -0.0313718     1.9786   0.138048  -0.316993    2.04926   -1.37837
  0.387926 -0.0313716    1.97861   0.138041  -0.317005    2.04926   -1.37837
   0.38793 -0.0313714    1.97863   0.138034  -0.317017    2.04927   -1.37837
  0.387933 -0.0313712    1.97864   0.138027  -0.317028    2.04927   -1.37838
  0.387937 -0.0313709    1.97865    0.13802   -0.31704    2.04927   -1.37838
  0.387941 -0.0313707    1.97866   0.138013  -0.317052    2.04928   -1.37838
  0.387944 -0.0313705    1.97867   0.138006  -0.317064    2.04928   -1.37838
  0.387948 -0.0313702    1.97868   0.137999  -0.317075    2.04928   -1.37838
  0.387951 -0.0313699    1.97869   0.137992  -0.317087    2.04929   -1.37838
  0.387955 -0.0313697     1.9787   0.137985  -0.317099    2.04929   -1.37838
  0.387958 -0.0313694    1.97871   0.137978  -0.317111     2.0493   -1.37839
  0.387962 -0.0313691    1.97872   0.137972  -0.317122     2.0493   -1.37839
  0.387965 -0.0313688    1.97873   0.137965  -0.317134     2.0493   -1.37839
  0.387969 -0.0313685    1.97874   0.137958  -0.317146    2.04931   -1.37839
  0.387972 -0.0313682    1.97876   0.137951  -0.317157    2.04931   -1.37839
  0.387976 -0.0313679    1.97877   0.137945  -0.317169    2.04931   -1.37839
  0.387979 -0.0313676    1.97878   0.137938  -0.317181    2.04932   -1.37839
  0.387983 -0.0313673    1.97879   0.137932  -0.317193    2.04932    -1.3784
  0.387986 -0.0313669     1.9788   0.137925  -0.317204    2.04932    -1.3784
  0.387989 -0.0313666    1.97881   0.137919  -0.317216    2.04933    -1.3784
  0.387993 -0.0313662    1.97882   0.137912  -0.317228    2.04933    -1.3784
  0.387996 -0.0313659    1.97883   0.137906   -0.31724    2.04933    -1.3784
     0.388 -0.0313655    1.97884   0.137899  -0.317251    2.04934    -1.3784
  0.388003 -0.0313651    1.97885   0.137893  -0.317263    2.04934    -1.3784
  0.388006 -0.0313648    1.97886   0.137887  -0.317275    2.04934   -1.37841
   0.38801 -0.0313644    1.97887    0.13788  -0.317286    2.04935   -1.37841
 0.388013 -0.031364   1.97889  0.137874 -0.317298   2.04935  -1.37841
  0.388016 -0.0313636     1.9789   0.137868   -0.31731    2.04935   -1.37841
  0.388019 -0.0313632    1.97891   0.137862  -0.317321    2.04935   -1.37841
  0.388023 -0.0313628    1.97892   0.137855  -0.317333    2.04936   -1.37841
  0.388026 -0.0313624    1.97893   0.137849  -0.317345    2.04936   -1.37841
  0.388029 -0.0313619    1.97894   0.137843  -0.317357    2.04936   -1.37842
  0.388032 -0.0313615    1.97895   0.137837  -0.317368    2.04937   -1.37842
  0.388036 -0.0313611    1.97896   0.137831   -0.31738    2.04937   -1.37842
  0.388039 -0.0313606    1.97897   0.137825  -0.317392    2.04937   -1.37842
  0.388042 -0.0313602    1.97898   0.137819  -0.317403    2.04938   -1.37842
  0.388045 -0.0313597    1.97899   0.137813  -0.317415    2.04938   -1.37842
  0.388048 -0.0313592      1.979   0.137807  -0.317427    2.04938   -1.37842
  0.388051 -0.0313588    1.97902   0.137802  -0.317438    2.04939   -1.37842
  0.388054 -0.0313583    1.97903   0.137796   -0.31745    2.04939   -1.37843
  0.388057 -0.0313578    1.97904    0.13779  -0.317462    2.04939   -1.37843
  0.388061 -0.0313573    1.97905   0.137784  -0.317473    2.04939   -1.37843
  0.388064 -0.0313568    1.97906   0.137778  -0.317485     2.0494   -1.37843
  0.388067 -0.0313563    1.97907   0.137773  -0.317497     2.0494   -1.37843
   0.38807 -0.0313558    1.97908   0.137767  -0.317508     2.0494   -1.37843
  0.388073 -0.0313553    1.97909   0.137761   -0.31752    2.04941   -1.37843
  0.388076 -0.0313548     1.9791   0.137756  -0.317532    2.04941   -1.37843
  0.388079 -0.0313543    1.97911    0.13775  -0.317543    2.04941   -1.37844
  0.388082 -0.0313537    1.97912   0.137745  -0.317555    2.04941   -1.37844
  0.388085 -0.0313532    1.97914   0.137739  -0.317567    2.04942   -1.37844
  0.388088 -0.0313526    1.97915   0.137734  -0.317578    2.04942   -1.37844
  0.388091 -0.0313521    1.97916   0.137728   -0.31759    2.04942   -1.37844
  0.388094 -0.0313515    1.97917   0.137723  -0.317602    2.04943   -1.37844
 0.388097 -0.031351   1.97918  0.137717 -0.317613   2.04943  -1.37844
    0.3881 -0.0313504    1.97919   0.137712  -0.317625    2.04943   -1.37844
  0.388102 -0.0313498     1.9792   0.137707  -0.317637    2.04943   -1.37845
  0.388105 -0.0313492    1.97921   0.137701  -0.317648    2.04944   -1.37845
  0.388108 -0.0313486    1.97922   0.137696   -0.31766    2.04944   -1.37845
  0.388111 -0.0313481    1.97923   0.137691  -0.317672    2.04944   -1.37845
  0.388114 -0.0313475    1.97924   0.137686  -0.317683    2.04945   -1.37845
  0.388117 -0.0313468    1.97925   0.137681  -0.317695    2.04945   -1.37845
   0.38812 -0.0313462    1.97927   0.137675  -0.317707    2.04945   -1.37845
  0.388122 -0.0313456    1.97928    0.13767  -0.317718    2.04945   -1.37845
 0.388125 -0.031345   1.97929  0.137665  -0.31773   2.04946  -1.37846
  0.388128 -0.0313444     1.9793    0.13766  -0.317741    2.04946   -1.37846
  0.388131 -0.0313437    1.97931   0.137655  -0.317753    2.04946   -1.37846
  0.388134 -0.0313431    1.97932    0.13765  -0.317765    2.04946   -1.37846
  0.388136 -0.0313425    1.97933   0.137645  -0.317776    2.04947   -1.37846
  0.388139 -0.0313418    1.97934    0.13764  -0.317788    2.04947   -1.37846
  0.388142 -0.0313411    1.97935   0.137635    -0.3178    2.04947   -1.37846
  0.388145 -0.0313405    1.97936    0.13763  -0.317811    2.04947   -1.37846
  0.388147 -0.0313398    1.97937   0.137625  -0.317823    2.04948   -1.37846
   0.38815 -0.0313391    1.97939    0.13762  -0.317834    2.04948   -1.37847
  0.388153 -0.0313385     1.9794   0.137616  -0.317846    2.04948   -1.37847
  0.388155 -0.0313378    1.97941   0.137611  -0.317858    2.04948   -1.37847
  0.388158 -0.0313371    1.97942   0.137606  -0.317869    2.04949   -1.37847
  0.388161 -0.0313364    1.97943   0.137601  -0.317881    2.04949   -1.37847
  0.388163 -0.0313357    1.97944   0.137597  -0.317893    2.04949   -1.37847
 0.388166 -0.031335   1.97945  0.137592 -0.317904   2.04949  -1.37847
  0.388169 -0.0313343    1.97946   0.137587  -0.317916     2.0495   -1.37847
  0.388171 -0.0313336    1.97947   0.137583  -0.317927     2.0495   -1.37847
  0.388174 -0.0313329    1.97948   0.137578  -0.317939     2.0495   -1.37848
  0.388176 -0.0313321    1.97949   0.137573  -0.317951     2.0495   -1.37848
  0.388179 -0.0313314    1.97951   0.137569  -0.317962     2.0495   -1.37848
  0.388182 -0.0313307    1.97952   0.137564  -0.317974    2.04951   -1.37848
  0.388184 -0.0313299    1.97953    0.13756  -0.317985    2.04951   -1.37848
  0.388187 -0.0313292    1.97954   0.137555  -0.317997    2.04951   -1.37848
  0.388189 -0.0313284    1.97955   0.137551  -0.318009    2.04951   -1.37848
  0.388192 -0.0313277    1.97956   0.137546   -0.31802    2.04952   -1.37848
  0.388194 -0.0313269    1.97957   0.137542  -0.318032    2.04952   -1.37848
  0.388197 -0.0313262    1.97958   0.137537  -0.318043    2.04952   -1.37848
  0.388199 -0.0313254    1.97959   0.137533  -0.318055    2.04952   -1.37849
  0.388202 -0.0313246     1.9796   0.137529  -0.318067    2.04953   -1.37849
  0.388204 -0.0313238    1.97961   0.137524  -0.318078    2.04953   -1.37849
