 0.0928806  0.0220154 0.00741924
 0.0998834 0.00913155  0.0069639
   0.103968 0.000707403  0.00687927
   0.106264 -0.00497412  0.00697515
   0.107482 -0.00892919  0.00715327
  0.108062 -0.0117722 0.00736274
   0.10827 -0.0138812 0.00757762
  0.108268 -0.0154927 0.00778521
  0.108155  -0.016757 0.00797984
  0.107986 -0.0177717 0.00815946
  0.107795 -0.0186012 0.00832386
    0.1076 -0.0192894 0.00847369
  0.107412 -0.0198667 0.00860997
  0.107237  -0.020355 0.00873382
  0.107075 -0.0207707 0.00884635
  0.106927 -0.0211261 0.00894859
  0.106793 -0.0214308 0.00904148
  0.106672 -0.0216927 0.00912588
  0.106563  -0.021918 0.00920255
 0.106465 -0.022112 0.0092722
  0.106376 -0.0222791 0.00933545
  0.106295  -0.022423 0.00939288
  0.106222 -0.0225469   0.009445
  0.106156 -0.0226535 0.00949228
  0.106095 -0.0227452 0.00953515
  0.106039 -0.0228239   0.009574
  0.105988 -0.0228913  0.0096092
   0.10594 -0.0229491 0.00964106
  0.105896 -0.0229985  0.0096699
  0.105856 -0.0230405 0.00969598
  0.105817 -0.0230763 0.00971954
  0.105782 -0.0231065 0.00974083
  0.105748 -0.0231321 0.00976005
  0.105716 -0.0231535 0.00977738
  0.105686 -0.0231714 0.00979301
  0.105658 -0.0231862 0.00980708
  0.105631 -0.0231983 0.00981975
  0.105605 -0.0232082 0.00983114
   0.10558  -0.023216 0.00984137
  0.105556 -0.0232222 0.00985056
  0.105534 -0.0232268  0.0098588
  0.105511 -0.0232302 0.00986618
   0.10549 -0.0232325 0.00987279
  0.105469 -0.0232339 0.00987869
  0.105449 -0.0232344 0.00988395
   0.10543 -0.0232342 0.00988865
  0.105411 -0.0232334 0.00989282
  0.105393 -0.0232321 0.00989653
  0.105375 -0.0232304 0.00989981
  0.105357 -0.0232283 0.00990272
   0.10534 -0.0232259 0.00990528
  0.105323 -0.0232233 0.00990753
  0.105307 -0.0232204 0.00990951
  0.105291 -0.0232173 0.00991123
  0.105275  -0.023214 0.00991273
   0.10526 -0.0232107 0.00991403
  0.105245 -0.0232072 0.00991515
   0.10523 -0.0232037  0.0099161
  0.105216 -0.0232001 0.00991691
  0.105201 -0.0231964 0.00991759
  0.105187 -0.0231927 0.00991815
  0.105174  -0.023189 0.00991861
   0.10516 -0.0231853 0.00991898
  0.105147 -0.0231815 0.00991927
  0.105134 -0.0231778 0.00991948
  0.105121 -0.0231741 0.00991963
  0.105108 -0.0231704 0.00991972
  0.105096 -0.0231667 0.00991976
  0.105084  -0.023163 0.00991976
  0.105072 -0.0231593 0.00991972
   0.10506 -0.0231557 0.00991964
  0.105048 -0.0231521 0.00991954
  0.105037 -0.0231486  0.0099194
  0.105025  -0.023145 0.00991925
  0.105014 -0.0231415 0.00991908
  0.105003 -0.0231381  0.0099189
  0.104993 -0.0231347  0.0099187
  0.104982 -0.0231313 0.00991849
  0.104972 -0.0231279 0.00991827
  0.104961 -0.0231246 0.00991804
  0.104951 -0.0231214 0.00991781
  0.104941 -0.0231181 0.00991758
  0.104932 -0.0231149 0.00991735
  0.104922 -0.0231118 0.00991711
  0.104913 -0.0231087 0.00991687
  0.104903 -0.0231056 0.00991664
  0.104894 -0.0231026  0.0099164
  0.104885 -0.0230995 0.00991617
  0.104876 -0.0230966 0.00991594
  0.104867 -0.0230937 0.00991572
  0.104859 -0.0230908  0.0099155
   0.10485 -0.0230879 0.00991528
  0.104842 -0.0230851 0.00991507
  0.104834 -0.0230823 0.00991487
  0.104826 -0.0230796 0.00991467
  0.104818 -0.0230769 0.00991447
   0.10481 -0.0230742 0.00991428
  0.104802 -0.0230716  0.0099141
  0.104795  -0.023069 0.00991393
  0.104787 -0.0230664 0.00991376
   0.10478 -0.0230638 0.00991359
  0.104772 -0.0230613 0.00991344
  0.104765 -0.0230589 0.00991329
  0.104758 -0.0230564 0.00991315
  0.104751  -0.023054 0.00991301
  0.104744 -0.0230516 0.00991288
  0.104738 -0.0230493 0.00991276
  0.104731  -0.023047 0.00991264
  0.104725 -0.0230447 0.00991253
  0.104718 -0.0230424 0.00991243
  0.104712 -0.0230402 0.00991233
  0.104706  -0.023038 0.00991224
    0.1047 -0.0230358 0.00991216
  0.104694 -0.0230337 0.00991208
  0.104688 -0.0230315   0.009912
  0.104682 -0.0230295 0.00991194
  0.104676 -0.0230274 0.00991188
  0.104671 -0.0230254 0.00991182
  0.104665 -0.0230233 0.00991178
   0.10466 -0.0230214 0.00991173
  0.104654 -0.0230194  0.0099117
  0.104649 -0.0230175 0.00991167
  0.104644 -0.0230156 0.00991164
  0.104639 -0.0230137 0.00991162
  0.104634 -0.0230118  0.0099116
  0.104629   -0.02301 0.00991159
  0.104624 -0.0230082 0.00991159
  0.104619 -0.0230064 0.00991159
  0.104614 -0.0230046 0.00991159
  0.104609 -0.0230029  0.0099116
  0.104605 -0.0230011 0.00991162
    0.1046 -0.0229994 0.00991164
  0.104596 -0.0229978 0.00991166
  0.104592 -0.0229961 0.00991169
  0.104587 -0.0229945 0.00991172
  0.104583 -0.0229929 0.00991176
  0.104579 -0.0229913  0.0099118
  0.104575 -0.0229897 0.00991185
  0.104571 -0.0229881 0.00991189
  0.104567 -0.0229866 0.00991195
  0.104563 -0.0229851   0.009912
  0.104559 -0.0229836 0.00991206
  0.104555 -0.0229821 0.00991213
  0.104551 -0.0229806  0.0099122
  0.104548 -0.0229792 0.00991227
  0.104544 -0.0229778 0.00991234
  0.104541 -0.0229764 0.00991242
 0.104537 -0.022975 0.0099125
  0.104534 -0.0229736 0.00991259
   0.10453 -0.0229723 0.00991267
  0.104527 -0.0229709 0.00991276
  0.104524 -0.0229696 0.00991286
  0.104521 -0.0229683 0.00991296
  0.104517  -0.022967 0.00991305
  0.104514 -0.0229657 0.00991316
  0.104511 -0.0229645 0.00991326
  0.104508 -0.0229632 0.00991337
  0.104505  -0.022962 0.00991348
  0.104502 -0.0229608 0.00991359
  0.104499 -0.0229596 0.00991371
  0.104497 -0.0229584 0.00991383
  0.104494 -0.0229573 0.00991395
  0.104491 -0.0229561 0.00991407
  0.104488  -0.022955 0.00991419
  0.104486 -0.0229539 0.00991432
  0.104483 -0.0229528 0.00991445
  0.104481 -0.0229517 0.00991458
  0.104478 -0.0229506 0.00991471
  0.104476 -0.0229495 0.00991485
  0.104473 -0.0229485 0.00991498
  0.104471 -0.0229474 0.00991512
  0.104469 -0.0229464 0.00991526
  0.104466 -0.0229454  0.0099154
  0.104464 -0.0229444 0.00991555
  0.104462 -0.0229434 0.00991569
   0.10446 -0.0229424 0.00991584
  0.104457 -0.0229415 0.00991599
  0.104455 -0.0229405 0.00991614
  0.104453 -0.0229396 0.00991629
  0.104451 -0.0229386 0.00991644
  0.104449 -0.0229377 0.00991659
  0.104447 -0.0229368 0.00991675
  0.104445 -0.0229359 0.00991691
  0.104443  -0.022935 0.00991706
  0.104441 -0.0229341 0.00991722
   0.10444 -0.0229333 0.00991738
  0.104438 -0.0229324 0.00991754
  0.104436 -0.0229316  0.0099177
  0.104434 -0.0229308 0.00991787
  0.104432 -0.0229299 0.00991803
  0.104431 -0.0229291  0.0099182
  0.104429 -0.0229283 0.00991836
  0.104427 -0.0229275 0.00991853
  0.104426 -0.0229267  0.0099187
  0.104424  -0.022926 0.00991887
  0.104423 -0.0229252 0.00991904
  0.104421 -0.0229244 0.00991921
   0.10442 -0.0229237 0.00991938
  0.104418  -0.022923 0.00991955
  0.104417 -0.0229222 0.00991972
  0.104415 -0.0229215 0.00991989
  0.104414 -0.0229208 0.00992007
  0.104412 -0.0229201 0.00992024
  0.104411 -0.0229194 0.00992041
   0.10441 -0.0229187 0.00992059
  0.104408  -0.022918 0.00992077
  0.104407 -0.0229174 0.00992094
  0.104406 -0.0229167 0.00992112
  0.104405  -0.022916 0.00992129
  0.104403 -0.0229154 0.00992147
  0.104402 -0.0229148 0.00992165
  0.104401 -0.0229141 0.00992183
    0.1044 -0.0229135   0.009922
  0.104399 -0.0229129 0.00992218
  0.104398 -0.0229123 0.00992236
  0.104397 -0.0229117 0.00992254
  0.104396 -0.0229111 0.00992272
  0.104394 -0.0229105  0.0099229
  0.104393 -0.0229099 0.00992308
  0.104392 -0.0229093 0.00992326
  0.104391 -0.0229088 0.00992344
   0.10439 -0.0229082 0.00992361
  0.104389 -0.0229077 0.00992379
  0.104389 -0.0229071 0.00992397
  0.104388 -0.0229066 0.00992415
  0.104387  -0.022906 0.00992433
  0.104386 -0.0229055 0.00992451
  0.104385  -0.022905 0.00992469
  0.104384 -0.0229045 0.00992487
  0.104383  -0.022904 0.00992505
  0.104382 -0.0229035 0.00992523
  0.104382  -0.022903 0.00992541
  0.104381 -0.0229025 0.00992559
   0.10438  -0.022902 0.00992577
  0.104379 -0.0229015 0.00992595
  0.104378  -0.022901 0.00992613
  0.104378 -0.0229005 0.00992631
  0.104377 -0.0229001 0.00992649
  0.104376 -0.0228996 0.00992666
  0.104376 -0.0228992 0.00992684
  0.104375 -0.0228987 0.00992702
  0.104374 -0.0228983  0.0099272
  0.104374 -0.0228978 0.00992738
  0.104373 -0.0228974 0.00992755
  0.104372  -0.022897 0.00992773
  0.104372 -0.0228966 0.00992791
  0.104371 -0.0228961 0.00992808
  0.104371 -0.0228957 0.00992826
   0.10437 -0.0228953 0.00992844
  0.104369 -0.0228949 0.00992861
  0.104369 -0.0228945 0.00992879
  0.104368 -0.0228941 0.00992896
  0.104368 -0.0228937 0.00992914
  0.104367 -0.0228933 0.00992931
  0.104367  -0.022893 0.00992948
  0.104366 -0.0228926 0.00992966
  0.104366 -0.0228922 0.00992983
  0.104365 -0.0228918    0.00993
  0.104365 -0.0228915 0.00993018
  0.104364 -0.0228911 0.00993035
  0.104364 -0.0228907 0.00993052
  0.104363 -0.0228904 0.00993069
  0.104363   -0.02289 0.00993086
  0.104362 -0.0228897 0.00993103
  0.104362 -0.0228894  0.0099312
  0.104362  -0.022889 0.00993137
  0.104361 -0.0228887 0.00993154
  0.104361 -0.0228884 0.00993171
   0.10436  -0.022888 0.00993187
   0.10436 -0.0228877 0.00993204
   0.10436 -0.0228874 0.00993221
  0.104359 -0.0228871 0.00993237
  0.104359 -0.0228868 0.00993254
  0.104359 -0.0228865 0.00993271
  0.104358 -0.0228862 0.00993287
  0.104358 -0.0228859 0.00993303
  0.104358 -0.0228856  0.0099332
  0.104357 -0.0228853 0.00993336
  0.104357  -0.022885 0.00993352
  0.104357 -0.0228847 0.00993369
  0.104356 -0.0228844 0.00993385
  0.104356 -0.0228841 0.00993401
  0.104356 -0.0228838 0.00993417
  0.104356 -0.0228836 0.00993433
  0.104355 -0.0228833 0.00993449
  0.104355  -0.022883 0.00993465
  0.104355 -0.0228827  0.0099348
  0.104355 -0.0228825 0.00993496
  0.104354 -0.0228822 0.00993512
  0.104354  -0.022882 0.00993527
  0.104354 -0.0228817 0.00993543
  0.104354 -0.0228815 0.00993558
  0.104353 -0.0228812 0.00993574
  0.104353  -0.022881 0.00993589
  0.104353 -0.0228807 0.00993605
  0.104353 -0.0228805  0.0099362
  0.104353 -0.0228802 0.00993635
 0.104352  -0.02288 0.0099365
  0.104352 -0.0228798 0.00993665
  0.104352 -0.0228795  0.0099368
  0.104352 -0.0228793 0.00993695
  0.104352 -0.0228791  0.0099371
  0.104352 -0.0228789 0.00993725
  0.104351 -0.0228786  0.0099374
  0.104351 -0.0228784 0.00993755
  0.104351 -0.0228782 0.00993769
  0.104351  -0.022878 0.00993784
  0.104351 -0.0228778 0.00993798
  0.104351 -0.0228776 0.00993813
   0.10435 -0.0228773 0.00993827
   0.10435 -0.0228771 0.00993842
   0.10435 -0.0228769 0.00993856
   0.10435 -0.0228767  0.0099387
   0.10435 -0.0228765 0.00993884
   0.10435 -0.0228763 0.00993898
   0.10435 -0.0228761 0.00993912
   0.10435  -0.022876 0.00993926
   0.10435 -0.0228758  0.0099394
  0.104349 -0.0228756 0.00993954
  0.104349 -0.0228754 0.00993968
  0.104349 -0.0228752 0.00993981
  0.104349  -0.022875 0.00993995
  0.104349 -0.0228748 0.00994009
  0.104349 -0.0228747 0.00994022
  0.104349 -0.0228745 0.00994036
  0.104349 -0.0228743 0.00994049
  0.104349 -0.0228741 0.00994062
  0.104349  -0.022874 0.00994075
  0.104349 -0.0228738 0.00994089
  0.104349 -0.0228736 0.00994102
  0.104348 -0.0228735 0.00994115
  0.104348 -0.0228733 0.00994128
  0.104348 -0.0228731 0.00994141
  0.104348  -0.022873 0.00994154
  0.104348 -0.0228728 0.00994166
  0.104348 -0.0228726 0.00994179
  0.104348 -0.0228725 0.00994192
  0.104348 -0.0228723 0.00994205
  0.104348 -0.0228722 0.00994217
 0.104348 -0.022872 0.0099423
  0.104348 -0.0228719 0.00994242
  0.104348 -0.0228717 0.00994254
  0.104348 -0.0228716 0.00994267
  0.104348 -0.0228714 0.00994279
  0.104348 -0.0228713 0.00994291
  0.104348 -0.0228711 0.00994303
  0.104348  -0.022871 0.00994315
  0.104348 -0.0228709 0.00994327
  0.104348 -0.0228707 0.00994339
  0.104348 -0.0228706 0.00994351
  0.104348 -0.0228705 0.00994363
  0.104348 -0.0228703 0.00994375
  0.104348 -0.0228702 0.00994386
  0.104348 -0.0228701 0.00994398
  0.104348 -0.0228699 0.00994409
  0.104348 -0.0228698 0.00994421
  0.104348 -0.0228697 0.00994432
  0.104348 -0.0228695 0.00994444
  0.104348 -0.0228694 0.00994455
  0.104348 -0.0228693 0.00994466
  0.104348 -0.0228692 0.00994477
  0.104348  -0.022869 0.00994488
  0.104348 -0.0228689   0.009945
  0.104348 -0.0228688 0.00994511
  0.104348 -0.0228687 0.00994521
  0.104348 -0.0228686 0.00994532
  0.104348 -0.0228685 0.00994543
  0.104348 -0.0228683 0.00994554
  0.104348 -0.0228682 0.00994565
  0.104348 -0.0228681 0.00994575
  0.104348  -0.022868 0.00994586
  0.104348 -0.0228679 0.00994596
  0.104348 -0.0228678 0.00994607
  0.104348 -0.0228677 0.00994617
  0.104348 -0.0228676 0.00994628
  0.104348 -0.0228675 0.00994638
  0.104348 -0.0228674 0.00994648
  0.104348 -0.0228673 0.00994658
  0.104348 -0.0228672 0.00994668
  0.104348 -0.0228671 0.00994678
  0.104348  -0.022867 0.00994688
  0.104348 -0.0228669 0.00994698
  0.104348 -0.0228668 0.00994708
  0.104348 -0.0228667 0.00994718
  0.104348 -0.0228666 0.00994728
  0.104348 -0.0228665 0.00994738
  0.104348 -0.0228664 0.00994747
  0.104348 -0.0228663 0.00994757
  0.104348 -0.0228662 0.00994766
  0.104348 -0.0228661 0.00994776
  0.104348  -0.022866 0.00994785
  0.104348 -0.0228659 0.00994795
  0.104348 -0.0228658 0.00994804
  0.104348 -0.0228657 0.00994813
  0.104348 -0.0228656 0.00994823
  0.104348 -0.0228656 0.00994832
  0.104348 -0.0228655 0.00994841
  0.104348 -0.0228654  0.0099485
  0.104348 -0.0228653 0.00994859
  0.104348 -0.0228652 0.00994868
  0.104348 -0.0228651 0.00994877
  0.104348  -0.022865 0.00994886
  0.104348  -0.022865 0.00994894
  0.104349 -0.0228649 0.00994903
  0.104349 -0.0228648 0.00994912
  0.104349 -0.0228647  0.0099492
  0.104349 -0.0228646 0.00994929
  0.104349 -0.0228646 0.00994938
  0.104349 -0.0228645 0.00994946
  0.104349 -0.0228644 0.00994954
  0.104349 -0.0228643 0.00994963
  0.104349 -0.0228643 0.00994971
  0.104349 -0.0228642 0.00994979
  0.104349 -0.0228641 0.00994988
  0.104349  -0.022864 0.00994996
  0.104349  -0.022864 0.00995004
  0.104349 -0.0228639 0.00995012
  0.104349 -0.0228638  0.0099502
  0.104349 -0.0228638 0.00995028
  0.104349 -0.0228637 0.00995036
  0.104349 -0.0228636 0.00995044
  0.104349 -0.0228635 0.00995052
  0.104349 -0.0228635 0.00995059
  0.104349 -0.0228634 0.00995067
  0.104349 -0.0228633 0.00995075
  0.104349 -0.0228633 0.00995083
   0.10435 -0.0228632  0.0099509
   0.10435 -0.0228632 0.00995098
   0.10435 -0.0228631 0.00995105
   0.10435  -0.022863 0.00995113
  0.10435 -0.022863 0.0099512
   0.10435 -0.0228629 0.00995127
   0.10435 -0.0228628 0.00995135
   0.10435 -0.0228628 0.00995142
   0.10435 -0.0228627 0.00995149
   0.10435 -0.0228627 0.00995156
   0.10435 -0.0228626 0.00995164
   0.10435 -0.0228625 0.00995171
   0.10435 -0.0228625 0.00995178
   0.10435 -0.0228624 0.00995185
   0.10435 -0.0228624 0.00995192
   0.10435 -0.0228623 0.00995198
   0.10435 -0.0228622 0.00995205
   0.10435 -0.0228622 0.00995212
   0.10435 -0.0228621 0.00995219
   0.10435 -0.0228621 0.00995226
  0.104351  -0.022862 0.00995232
  0.104351  -0.022862 0.00995239
  0.104351 -0.0228619 0.00995246
  0.104351 -0.0228619 0.00995252
  0.104351 -0.0228618 0.00995259
  0.104351 -0.0228618 0.00995265
  0.104351 -0.0228617 0.00995272
  0.104351 -0.0228617 0.00995278
  0.104351 -0.0228616 0.00995284
  0.104351 -0.0228616 0.00995291
  0.104351 -0.0228615 0.00995297
  0.104351 -0.0228615 0.00995303
  0.104351 -0.0228614 0.00995309
  0.104351 -0.0228614 0.00995316
  0.104351 -0.0228613 0.00995322
  0.104351 -0.0228613 0.00995328
  0.104351 -0.0228612 0.00995334
  0.104351 -0.0228612  0.0099534
  0.104351 -0.0228611 0.00995346
  0.104351 -0.0228611 0.00995352
  0.104352  -0.022861 0.00995358
  0.104352  -0.022861 0.00995363
  0.104352 -0.0228609 0.00995369
  0.104352 -0.0228609 0.00995375
  0.104352 -0.0228608 0.00995381
  0.104352 -0.0228608 0.00995386
  0.104352 -0.0228608 0.00995392
  0.104352 -0.0228607 0.00995398
  0.104352 -0.0228607 0.00995403
  0.104352 -0.0228606 0.00995409
  0.104352 -0.0228606 0.00995414
  0.104352 -0.0228605  0.0099542
  0.104352 -0.0228605 0.00995425
  0.104352 -0.0228605 0.00995431
  0.104352 -0.0228604 0.00995436
  0.104352 -0.0228604 0.00995441
  0.104352 -0.0228603 0.00995447
  0.104352 -0.0228603 0.00995452
  0.104352 -0.0228603 0.00995457
  0.104352 -0.0228602 0.00995462
  0.104353 -0.0228602 0.00995467
  0.104353 -0.0228601 0.00995473
  0.104353 -0.0228601 0.00995478
  0.104353 -0.0228601 0.00995483
  0.104353   -0.02286 0.00995488
  0.104353   -0.02286 0.00995493
  0.104353   -0.02286 0.00995498
  0.104353 -0.0228599 0.00995503
  0.104353 -0.0228599 0.00995507
  0.104353 -0.0228598 0.00995512
  0.104353 -0.0228598 0.00995517
  0.104353 -0.0228598 0.00995522
  0.104353 -0.0228597 0.00995527
  0.104353 -0.0228597 0.00995531
  0.104353 -0.0228597 0.00995536
  0.104353 -0.0228596 0.00995541
  0.104353 -0.0228596 0.00995545
  0.104353 -0.0228596  0.0099555
  0.104353 -0.0228595 0.00995555
  0.104353 -0.0228595 0.00995559
  0.104353 -0.0228595 0.00995564
  0.104353 -0.0228594 0.00995568
  0.104354 -0.0228594 0.00995572
  0.104354 -0.0228594 0.00995577
  0.104354 -0.0228593 0.00995581
  0.104354 -0.0228593 0.00995586
  0.104354 -0.0228593  0.0099559
  0.104354 -0.0228592 0.00995594
  0.104354 -0.0228592 0.00995598
  0.104354 -0.0228592 0.00995603
  0.104354 -0.0228592 0.00995607
  0.104354 -0.0228591 0.00995611
  0.104354 -0.0228591 0.00995615
  0.104354 -0.0228591 0.00995619
  0.104354  -0.022859 0.00995623
  0.104354  -0.022859 0.00995628
  0.104354  -0.022859 0.00995632
  0.104354  -0.022859 0.00995636
  0.104354 -0.0228589  0.0099564
  0.104354 -0.0228589 0.00995644
  0.104354 -0.0228589 0.00995647
  0.104354 -0.0228588 0.00995651
  0.104354 -0.0228588 0.00995655
  0.104354 -0.0228588 0.00995659
  0.104354 -0.0228588 0.00995663
  0.104354 -0.0228587 0.00995667
  0.104355 -0.0228587  0.0099567
  0.104355 -0.0228587 0.00995674
  0.104355 -0.0228586 0.00995678
  0.104355 -0.0228586 0.00995682
  0.104355 -0.0228586 0.00995685
  0.104355 -0.0228586 0.00995689
  0.104355 -0.0228585 0.00995692
  0.104355 -0.0228585 0.00995696
  0.104355 -0.0228585   0.009957
  0.104355 -0.0228585 0.00995703
  0.104355 -0.0228584 0.00995707
  0.104355 -0.0228584  0.0099571
  0.104355 -0.0228584 0.00995714
  0.104355 -0.0228584 0.00995717
  0.104355 -0.0228583  0.0099572
  0.104355 -0.0228583 0.00995724
  0.104355 -0.0228583 0.00995727
  0.104355 -0.0228583 0.00995731
  0.104355 -0.0228583 0.00995734
  0.104355 -0.0228582 0.00995737
  0.104355 -0.0228582  0.0099574
  0.104355 -0.0228582 0.00995744
  0.104355 -0.0228582 0.00995747
  0.104355 -0.0228581  0.0099575
  0.104355 -0.0228581 0.00995753
  0.104355 -0.0228581 0.00995757
  0.104355 -0.0228581  0.0099576
  0.104356 -0.0228581 0.00995763
  0.104356  -0.022858 0.00995766
  0.104356  -0.022858 0.00995769
  0.104356  -0.022858 0.00995772
  0.104356  -0.022858 0.00995775
  0.104356 -0.0228579 0.00995778
  0.104356 -0.0228579 0.00995781
  0.104356 -0.0228579 0.00995784
  0.104356 -0.0228579 0.00995787
  0.104356 -0.0228579  0.0099579
  0.104356 -0.0228578 0.00995793
  0.104356 -0.0228578 0.00995796
  0.104356 -0.0228578 0.00995798
  0.104356 -0.0228578 0.00995801
  0.104356 -0.0228578 0.00995804
  0.104356 -0.0228577 0.00995807
  0.104356 -0.0228577  0.0099581
  0.104356 -0.0228577 0.00995812
  0.104356 -0.0228577 0.00995815
  0.104356 -0.0228577 0.00995818
  0.104356 -0.0228576 0.00995821
  0.104356 -0.0228576 0.00995823
  0.104356 -0.0228576 0.00995826
  0.104356 -0.0228576 0.00995829
  0.104356 -0.0228576 0.00995831
  0.104356 -0.0228576 0.00995834
  0.104356 -0.0228575 0.00995836
  0.104356 -0.0228575 0.00995839
  0.104356 -0.0228575 0.00995842
  0.104356 -0.0228575 0.00995844
  0.104356 -0.0228575 0.00995847
  0.104356 -0.0228574 0.00995849
  0.104357 -0.0228574 0.00995852
  0.104357 -0.0228574 0.00995854
  0.104357 -0.0228574 0.00995856
  0.104357 -0.0228574 0.00995859
  0.104357 -0.0228574 0.00995861
  0.104357 -0.0228573 0.00995864
  0.104357 -0.0228573 0.00995866
  0.104357 -0.0228573 0.00995868
  0.104357 -0.0228573 0.00995871
  0.104357 -0.0228573 0.00995873
  0.104357 -0.0228573 0.00995875
  0.104357 -0.0228572 0.00995878
  0.104357 -0.0228572  0.0099588
  0.104357 -0.0228572 0.00995882
  0.104357 -0.0228572 0.00995884
  0.104357 -0.0228572 0.00995887
  0.104357 -0.0228572 0.00995889
  0.104357 -0.0228572 0.00995891
  0.104357 -0.0228571 0.00995893
  0.104357 -0.0228571 0.00995895
  0.104357 -0.0228571 0.00995897
  0.104357 -0.0228571   0.009959
  0.104357 -0.0228571 0.00995902
  0.104357 -0.0228571 0.00995904
  0.104357 -0.0228571 0.00995906
  0.104357  -0.022857 0.00995908
 0.104357 -0.022857 0.0099591
  0.104357  -0.022857 0.00995912
  0.104357  -0.022857 0.00995914
  0.104357  -0.022857 0.00995916
  0.104357  -0.022857 0.00995918
 0.104357 -0.022857 0.0099592
  0.104357 -0.0228569 0.00995922
  0.104357 -0.0228569 0.00995924
  0.104357 -0.0228569 0.00995926
  0.104357 -0.0228569 0.00995928
  0.104357 -0.0228569 0.00995929
  0.104357 -0.0228569 0.00995931
  0.104357 -0.0228569 0.00995933
  0.104357 -0.0228568 0.00995935
  0.104357 -0.0228568 0.00995937
  0.104358 -0.0228568 0.00995939
  0.104358 -0.0228568 0.00995941
  0.104358 -0.0228568 0.00995942
  0.104358 -0.0228568 0.00995944
  0.104358 -0.0228568 0.00995946
  0.104358 -0.0228568 0.00995948
  0.104358 -0.0228567 0.00995949
  0.104358 -0.0228567 0.00995951
  0.104358 -0.0228567 0.00995953
  0.104358 -0.0228567 0.00995955
  0.104358 -0.0228567 0.00995956
  0.104358 -0.0228567 0.00995958
  0.104358 -0.0228567  0.0099596
  0.104358 -0.0228567 0.00995961
  0.104358 -0.0228566 0.00995963
  0.104358 -0.0228566 0.00995965
  0.104358 -0.0228566 0.00995966
  0.104358 -0.0228566 0.00995968
  0.104358 -0.0228566 0.00995969
  0.104358 -0.0228566 0.00995971
  0.104358 -0.0228566 0.00995972
  0.104358 -0.0228566 0.00995974
  0.104358 -0.0228566 0.00995976
  0.104358 -0.0228565 0.00995977
  0.104358 -0.0228565 0.00995979
  0.104358 -0.0228565  0.0099598
  0.104358 -0.0228565 0.00995982
  0.104358 -0.0228565 0.00995983
  0.104358 -0.0228565 0.00995985
  0.104358 -0.0228565 0.00995986
  0.104358 -0.0228565 0.00995988
  0.104358 -0.0228565 0.00995989
  0.104358 -0.0228564  0.0099599
  0.104358 -0.0228564 0.00995992
  0.104358 -0.0228564 0.00995993
  0.104358 -0.0228564 0.00995995
  0.104358 -0.0228564 0.00995996
  0.104358 -0.0228564 0.00995997
  0.104358 -0.0228564 0.00995999
  0.104358 -0.0228564    0.00996
  0.104358 -0.0228564 0.00996001
  0.104358 -0.0228563 0.00996003
  0.104358 -0.0228563 0.00996004
  0.104358 -0.0228563 0.00996005
  0.104358 -0.0228563 0.00996007
  0.104358 -0.0228563 0.00996008
  0.104358 -0.0228563 0.00996009
  0.104358 -0.0228563 0.00996011
  0.104358 -0.0228563 0.00996012
  0.104358 -0.0228563 0.00996013
  0.104358 -0.0228563 0.00996014
  0.104358 -0.0228563 0.00996015
  0.104358 -0.0228562 0.00996017
  0.104358 -0.0228562 0.00996018
  0.104358 -0.0228562 0.00996019
  0.104358 -0.0228562  0.0099602
  0.104358 -0.0228562 0.00996021
  0.104358 -0.0228562 0.00996023
  0.104358 -0.0228562 0.00996024
  0.104358 -0.0228562 0.00996025
  0.104358 -0.0228562 0.00996026
  0.104358 -0.0228562 0.00996027
  0.104359 -0.0228562 0.00996028
  0.104359 -0.0228561  0.0099603
  0.104359 -0.0228561 0.00996031
  0.104359 -0.0228561 0.00996032
  0.104359 -0.0228561 0.00996033
  0.104359 -0.0228561 0.00996034
  0.104359 -0.0228561 0.00996035
  0.104359 -0.0228561 0.00996036
  0.104359 -0.0228561 0.00996037
  0.104359 -0.0228561 0.00996038
  0.104359 -0.0228561 0.00996039
  0.104359 -0.0228561  0.0099604
  0.104359  -0.022856 0.00996041
  0.104359  -0.022856 0.00996042
  0.104359  -0.022856 0.00996043
  0.104359  -0.022856 0.00996044
  0.104359  -0.022856 0.00996045
  0.104359  -0.022856 0.00996046
  0.104359  -0.022856 0.00996047
  0.104359  -0.022856 0.00996048
  0.104359  -0.022856 0.00996049
 0.104359 -0.022856 0.0099605
  0.104359  -0.022856 0.00996051
  0.104359  -0.022856 0.00996052
  0.104359  -0.022856 0.00996053
  0.104359 -0.0228559 0.00996054
  0.104359 -0.0228559 0.00996055
  0.104359 -0.0228559 0.00996056
  0.104359 -0.0228559 0.00996056
  0.104359 -0.0228559 0.00996057
  0.104359 -0.0228559 0.00996058
  0.104359 -0.0228559 0.00996059
  0.104359 -0.0228559  0.0099606
  0.104359 -0.0228559 0.00996061
  0.104359 -0.0228559 0.00996062
  0.104359 -0.0228559 0.00996062
  0.104359 -0.0228559 0.00996063
  0.104359 -0.0228559 0.00996064
  0.104359 -0.0228558 0.00996065
  0.104359 -0.0228558 0.00996066
  0.104359 -0.0228558 0.00996067
  0.104359 -0.0228558 0.00996067
  0.104359 -0.0228558 0.00996068
  0.104359 -0.0228558 0.00996069
  0.104359 -0.0228558  0.0099607
  0.104359 -0.0228558 0.00996071
  0.104359 -0.0228558 0.00996071
  0.104359 -0.0228558 0.00996072
  0.104359 -0.0228558 0.00996073
  0.104359 -0.0228558 0.00996074
  0.104359 -0.0228558 0.00996074
  0.104359 -0.0228558 0.00996075
  0.104359 -0.0228558 0.00996076
  0.104359 -0.0228557 0.00996076
  0.104359 -0.0228557 0.00996077
  0.104359 -0.0228557 0.00996078
  0.104359 -0.0228557 0.00996079
  0.104359 -0.0228557 0.00996079
  0.104359 -0.0228557  0.0099608
  0.104359 -0.0228557 0.00996081
  0.104359 -0.0228557 0.00996081
  0.104359 -0.0228557 0.00996082
  0.104359 -0.0228557 0.00996083
  0.104359 -0.0228557 0.00996083
  0.104359 -0.0228557 0.00996084
  0.104359 -0.0228557 0.00996085
  0.104359 -0.0228557 0.00996085
  0.104359 -0.0228557 0.00996086
  0.104359 -0.0228557 0.00996087
  0.104359 -0.0228556 0.00996087
  0.104359 -0.0228556 0.00996088
  0.104359 -0.0228556 0.00996088
  0.104359 -0.0228556 0.00996089
  0.104359 -0.0228556  0.0099609
  0.104359 -0.0228556  0.0099609
  0.104359 -0.0228556 0.00996091
  0.104359 -0.0228556 0.00996091
  0.104359 -0.0228556 0.00996092
  0.104359 -0.0228556 0.00996093
  0.104359 -0.0228556 0.00996093
  0.104359 -0.0228556 0.00996094
  0.104359 -0.0228556 0.00996094
  0.104359 -0.0228556 0.00996095
  0.104359 -0.0228556 0.00996095
  0.104359 -0.0228556 0.00996096
  0.104359 -0.0228556 0.00996096
  0.104359 -0.0228555 0.00996097
  0.104359 -0.0228555 0.00996097
  0.104359 -0.0228555 0.00996098
  0.104359 -0.0228555 0.00996099
  0.104359 -0.0228555 0.00996099
  0.104359 -0.0228555   0.009961
  0.104359 -0.0228555   0.009961
  0.104359 -0.0228555 0.00996101
  0.104359 -0.0228555 0.00996101
  0.104359 -0.0228555 0.00996102
  0.104359 -0.0228555 0.00996102
  0.104359 -0.0228555 0.00996102
  0.104359 -0.0228555 0.00996103
  0.104359 -0.0228555 0.00996103
  0.104359 -0.0228555 0.00996104
  0.104359 -0.0228555 0.00996104
  0.104359 -0.0228555 0.00996105
  0.104359 -0.0228555 0.00996105
  0.104359 -0.0228555 0.00996106
  0.104359 -0.0228554 0.00996106
  0.104359 -0.0228554 0.00996107
  0.104359 -0.0228554 0.00996107
  0.104359 -0.0228554 0.00996107
  0.104359 -0.0228554 0.00996108
  0.104359 -0.0228554 0.00996108
  0.104359 -0.0228554 0.00996109
  0.104359 -0.0228554 0.00996109
  0.104359 -0.0228554  0.0099611
  0.104359 -0.0228554  0.0099611
  0.104359 -0.0228554  0.0099611
  0.104359 -0.0228554 0.00996111
  0.104359 -0.0228554 0.00996111
  0.104359 -0.0228554 0.00996112
  0.104359 -0.0228554 0.00996112
  0.104359 -0.0228554 0.00996112
  0.104359 -0.0228554 0.00996113
  0.104359 -0.0228554 0.00996113
  0.104359 -0.0228554 0.00996113
  0.104359 -0.0228554 0.00996114
  0.104359 -0.0228553 0.00996114
  0.104359 -0.0228553 0.00996115
  0.104359 -0.0228553 0.00996115
  0.104359 -0.0228553 0.00996115
  0.104359 -0.0228553 0.00996116
  0.104359 -0.0228553 0.00996116
  0.104359 -0.0228553 0.00996116
  0.104359 -0.0228553 0.00996117
  0.104359 -0.0228553 0.00996117
  0.104359 -0.0228553 0.00996117
  0.104359 -0.0228553 0.00996118
  0.104359 -0.0228553 0.00996118
  0.104359 -0.0228553 0.00996118
  0.104359 -0.0228553 0.00996119
  0.104359 -0.0228553 0.00996119
  0.104359 -0.0228553 0.00996119
  0.104359 -0.0228553 0.00996119
  0.104359 -0.0228553  0.0099612
  0.104359 -0.0228553  0.0099612
  0.104359 -0.0228553  0.0099612
  0.104359 -0.0228553 0.00996121
  0.104359 -0.0228553 0.00996121
  0.104359 -0.0228552 0.00996121
  0.104359 -0.0228552 0.00996121
  0.104359 -0.0228552 0.00996122
  0.104359 -0.0228552 0.00996122
  0.104359 -0.0228552 0.00996122
  0.104359 -0.0228552 0.00996123
  0.104359 -0.0228552 0.00996123
  0.104359 -0.0228552 0.00996123
  0.104359 -0.0228552 0.00996123
  0.104359 -0.0228552 0.00996124
  0.104359 -0.0228552 0.00996124
  0.104359 -0.0228552 0.00996124
  0.104359 -0.0228552 0.00996124
  0.104359 -0.0228552 0.00996125
  0.104359 -0.0228552 0.00996125
  0.104359 -0.0228552 0.00996125
  0.104359 -0.0228552 0.00996125
  0.104359 -0.0228552 0.00996125
  0.104359 -0.0228552 0.00996126
  0.104359 -0.0228552 0.00996126
  0.104359 -0.0228552 0.00996126
  0.104359 -0.0228552 0.00996126
  0.104359 -0.0228552 0.00996127
  0.104359 -0.0228552 0.00996127
  0.104359 -0.0228551 0.00996127
  0.104359 -0.0228551 0.00996127
  0.104359 -0.0228551 0.00996127
  0.104359 -0.0228551 0.00996128
  0.104359 -0.0228551 0.00996128
  0.104359 -0.0228551 0.00996128
  0.104359 -0.0228551 0.00996128
  0.104359 -0.0228551 0.00996128
  0.104359 -0.0228551 0.00996129
  0.104359 -0.0228551 0.00996129
  0.104359 -0.0228551 0.00996129
  0.104359 -0.0228551 0.00996129
  0.104359 -0.0228551 0.00996129
  0.104359 -0.0228551 0.00996129
  0.104359 -0.0228551  0.0099613
  0.104359 -0.0228551  0.0099613
  0.104359 -0.0228551  0.0099613
  0.104359 -0.0228551  0.0099613
  0.104359 -0.0228551  0.0099613
  0.104359 -0.0228551  0.0099613
  0.104359 -0.0228551 0.00996131
  0.104359 -0.0228551 0.00996131
  0.104359 -0.0228551 0.00996131
  0.104359 -0.0228551 0.00996131
  0.104359 -0.0228551 0.00996131
  0.104359 -0.0228551 0.00996131
  0.104359 -0.0228551 0.00996132
  0.104359  -0.022855 0.00996132
  0.104359  -0.022855 0.00996132
  0.104359  -0.022855 0.00996132
  0.104359  -0.022855 0.00996132
  0.104359  -0.022855 0.00996132
  0.104359  -0.022855 0.00996132
  0.104359  -0.022855 0.00996132
  0.104359  -0.022855 0.00996133
  0.104359  -0.022855 0.00996133
  0.104359  -0.022855 0.00996133
  0.104359  -0.022855 0.00996133
  0.104359  -0.022855 0.00996133
  0.104359  -0.022855 0.00996133
  0.104359  -0.022855 0.00996133
  0.104359  -0.022855 0.00996133
  0.104359  -0.022855 0.00996134
  0.104359  -0.022855 0.00996134
  0.104359  -0.022855 0.00996134
  0.104359  -0.022855 0.00996134
  0.104359  -0.022855 0.00996134
  0.104359  -0.022855 0.00996134
  0.104359  -0.022855 0.00996134
  0.104359  -0.022855 0.00996134
  0.104359  -0.022855 0.00996134
  0.104359  -0.022855 0.00996134
  0.104359  -0.022855 0.00996134
  0.104359  -0.022855 0.00996135
  0.104359  -0.022855 0.00996135
  0.104359  -0.022855 0.00996135
  0.104359 -0.0228549 0.00996135
  0.104359 -0.0228549 0.00996135
  0.104359 -0.0228549 0.00996135
  0.104359 -0.0228549 0.00996135
  0.104359 -0.0228549 0.00996135
  0.104359 -0.0228549 0.00996135
  0.104359 -0.0228549 0.00996135
  0.104359 -0.0228549 0.00996135
  0.104359 -0.0228549 0.00996135
  0.104359 -0.0228549 0.00996135
  0.104359 -0.0228549 0.00996136
  0.104359 -0.0228549 0.00996136
  0.104359 -0.0228549 0.00996136
  0.104359 -0.0228549 0.00996136
  0.104359 -0.0228549 0.00996136
  0.104359 -0.0228549 0.00996136
  0.104359 -0.0228549 0.00996136
  0.104359 -0.0228549 0.00996136
  0.104359 -0.0228549 0.00996136
  0.104359 -0.0228549 0.00996136
  0.104359 -0.0228549 0.00996136
  0.104359 -0.0228549 0.00996136
  0.104359 -0.0228549 0.00996136
  0.104359 -0.0228549 0.00996136
  0.104359 -0.0228549 0.00996136
  0.104359 -0.0228549 0.00996136
  0.104359 -0.0228549 0.00996136
  0.104359 -0.0228549 0.00996136
  0.104359 -0.0228549 0.00996136
  0.104359 -0.0228549 0.00996136
  0.104359 -0.0228549 0.00996136
  0.104359 -0.0228549 0.00996136
  0.104359 -0.0228548 0.00996136
  0.104359 -0.0228548 0.00996136
  0.104359 -0.0228548 0.00996136
  0.104359 -0.0228548 0.00996136
  0.104359 -0.0228548 0.00996137
  0.104359 -0.0228548 0.00996137
  0.104359 -0.0228548 0.00996137
  0.104359 -0.0228548 0.00996137
  0.104359 -0.0228548 0.00996137
  0.104359 -0.0228548 0.00996137
  0.104359 -0.0228548 0.00996137
  0.104359 -0.0228548 0.00996137
  0.104359 -0.0228548 0.00996137
  0.104359 -0.0228548 0.00996137
  0.104359 -0.0228548 0.00996137
  0.104359 -0.0228548 0.00996137
  0.104359 -0.0228548 0.00996137
  0.104359 -0.0228548 0.00996137
  0.104359 -0.0228548 0.00996137
  0.104359 -0.0228548 0.00996137
  0.104359 -0.0228548 0.00996137
  0.104359 -0.0228548 0.00996137
  0.104359 -0.0228548 0.00996137
  0.104359 -0.0228548 0.00996137
  0.104359 -0.0228548 0.00996137
  0.104359 -0.0228548 0.00996137
  0.104359 -0.0228548 0.00996137
  0.104359 -0.0228548 0.00996137
  0.104359 -0.0228548 0.00996137
  0.104359 -0.0228548 0.00996137
  0.104359 -0.0228548 0.00996137
  0.104359 -0.0228548 0.00996137
  0.104359 -0.0228548 0.00996136
  0.104359 -0.0228548 0.00996136
  0.104359 -0.0228547 0.00996136
  0.104359 -0.0228547 0.00996136
  0.104359 -0.0228547 0.00996136
  0.104359 -0.0228547 0.00996136
  0.104359 -0.0228547 0.00996136
  0.104359 -0.0228547 0.00996136
  0.104359 -0.0228547 0.00996136
  0.104359 -0.0228547 0.00996136
  0.104359 -0.0228547 0.00996136
  0.104359 -0.0228547 0.00996136
  0.104359 -0.0228547 0.00996136
  0.104359 -0.0228547 0.00996136
  0.104359 -0.0228547 0.00996136
