   0.290098 -0.00668686     1.97147    0.289022   -0.299932     1.96844     -1.3475
   0.314246 -0.00452995     1.97241    0.300841   -0.296406     1.97625    -1.34851
   0.330635 -0.00268622     1.97281    0.307112   -0.294209     1.97985    -1.34952
   0.342057 -0.00119611     1.97291    0.310089    -0.29287     1.98114    -1.35054
     0.35027 -3.86076e-05      1.97286     0.311115    -0.292085      1.98122     -1.35157
   0.356378 0.000832802     1.97273    0.310994   -0.291658     1.98071     -1.3526
  0.361079 0.00147043    1.97255   0.310204  -0.291464    1.97995   -1.35361
 0.364817 0.0019229   1.97235  0.309031 -0.291418   1.97915  -1.35459
  0.367879 0.00223151    1.97215   0.307646  -0.291466    1.97841   -1.35552
  0.370452 0.00242956    1.97195   0.306149  -0.291572    1.97778   -1.35641
  0.372662 0.00254302    1.97177   0.304598  -0.291713    1.97728   -1.35725
  0.374592 0.00259174    1.97159   0.303027  -0.291873    1.97692   -1.35804
  0.376305 0.00259068    1.97143   0.301457  -0.292043    1.97669   -1.35878
  0.377841 0.00255102    1.97129   0.299898  -0.292215    1.97657   -1.35948
  0.379235 0.00248112    1.97116   0.298355  -0.292387    1.97656   -1.36013
  0.380508 0.00238722    1.97104   0.296831  -0.292554    1.97665   -1.36073
  0.381682 0.00227398    1.97094   0.295328  -0.292717    1.97682    -1.3613
   0.38277 0.00214496    1.97085   0.293845  -0.292875    1.97707   -1.36184
  0.383785 0.00200289    1.97077   0.292381  -0.293026    1.97737   -1.36234
  0.384738 0.00184987     1.9707   0.290937  -0.293172    1.97773   -1.36281
 0.385635 0.0016876   1.97064  0.289511 -0.293313   1.97813  -1.36325
  0.386485 0.00151744    1.97059   0.288103  -0.293448    1.97858   -1.36367
 0.387294 0.0013405   1.97054  0.286711 -0.293578   1.97905  -1.36406
  0.388066 0.00115773     1.9705   0.285336  -0.293704    1.97955   -1.36444
   0.388806 0.000969931     1.97046    0.283977   -0.293826     1.98008    -1.36479
 0.389518 0.0007778   1.97044  0.282632 -0.293944   1.98062  -1.36513
  0.390204 0.00058195    1.97041   0.281302  -0.294058    1.98118   -1.36546
  0.390868 0.00038292    1.97039   0.279986   -0.29417    1.98176   -1.36577
   0.391513 0.000181195     1.97037    0.278684   -0.294278     1.98234    -1.36607
    0.392139 -2.27913e-05      1.97036     0.277395    -0.294384      1.98293     -1.36635
     0.39275 -0.000228648      1.97035     0.276119    -0.294488      1.98352     -1.36663
    0.393346 -0.000436022      1.97034     0.274856    -0.294589      1.98412     -1.36689
    0.393928 -0.000644593      1.97033     0.273605    -0.294688      1.98473     -1.36715
   0.394499 -0.00085407     1.97033    0.272367   -0.294786     1.98533     -1.3674
   0.395059 -0.00106419     1.97033     0.27114   -0.294881     1.98594    -1.36764
   0.395608 -0.00127472     1.97033    0.269925   -0.294976     1.98655    -1.36787
   0.396149 -0.00148544     1.97033    0.268722   -0.295068     1.98715     -1.3681
    0.39668 -0.00169615     1.97033     0.26753    -0.29516     1.98775    -1.36832
   0.397204 -0.00190668     1.97033     0.26635    -0.29525     1.98836    -1.36854
    0.39772 -0.00211687     1.97034     0.26518   -0.295339     1.98896    -1.36875
   0.398229 -0.00232657     1.97034    0.264021   -0.295427     1.98955    -1.36896
   0.398731 -0.00253566     1.97035    0.262873   -0.295514     1.99014    -1.36916
   0.399227 -0.00274402     1.97035    0.261736     -0.2956     1.99073    -1.36936
   0.399717 -0.00295155     1.97036    0.260609   -0.295685     1.99132    -1.36956
   0.400201 -0.00315814     1.97036    0.259493   -0.295769      1.9919    -1.36975
   0.400679 -0.00336373     1.97037    0.258387   -0.295853     1.99248    -1.36994
   0.401152 -0.00356823     1.97038    0.257291   -0.295935     1.99305    -1.37013
    0.40162 -0.00377158     1.97039    0.256205   -0.296017     1.99362    -1.37031
   0.402083 -0.00397372      1.9704    0.255129   -0.296098     1.99419    -1.37049
   0.402541 -0.00417461     1.97041    0.254063   -0.296179     1.99475    -1.37067
   0.402994 -0.00437418     1.97041    0.253007   -0.296259      1.9953    -1.37084
   0.403442 -0.00457242     1.97042     0.25196   -0.296338     1.99585    -1.37101
   0.403886 -0.00476927     1.97043    0.250923   -0.296417      1.9964    -1.37118
   0.404326 -0.00496472     1.97044    0.249895   -0.296495     1.99694    -1.37135
   0.404762 -0.00515873     1.97045    0.248877   -0.296572     1.99748    -1.37152
   0.405193 -0.00535129     1.97046    0.247868   -0.296649     1.99801    -1.37168
    0.40562 -0.00554238     1.97047    0.246868   -0.296726     1.99854    -1.37185
   0.406043 -0.00573198     1.97048    0.245877   -0.296801     1.99906    -1.37201
   0.406462 -0.00592008     1.97049    0.244895   -0.296877     1.99958    -1.37217
   0.406877 -0.00610668      1.9705    0.243922   -0.296952      2.0001    -1.37232
   0.407288 -0.00629176     1.97051    0.242958   -0.297026     2.00061    -1.37248
   0.407695 -0.00647532     1.97052    0.242003     -0.2971     2.00111    -1.37263
   0.408098 -0.00665735     1.97053    0.241056   -0.297173     2.00161    -1.37278
   0.408498 -0.00683786     1.97054    0.240118   -0.297246     2.00211    -1.37294
   0.408894 -0.00701685     1.97055    0.239189   -0.297319      2.0026    -1.37308
   0.409286 -0.00719431     1.97056    0.238267   -0.297391     2.00308    -1.37323
   0.409675 -0.00737026     1.97057    0.237355   -0.297463     2.00357    -1.37338
    0.41006 -0.00754468     1.97058     0.23645   -0.297534     2.00405    -1.37352
  0.410442 -0.0077176    1.97059   0.235554  -0.297604    2.00452   -1.37367
  0.41082 -0.007889    1.9706  0.234665 -0.297675   2.00499  -1.37381
   0.411195 -0.00805891     1.97061    0.233785   -0.297745     2.00545    -1.37395
   0.411566 -0.00822733     1.97062    0.232913   -0.297814     2.00592    -1.37409
   0.411934 -0.00839425     1.97063    0.232048   -0.297883     2.00637    -1.37423
  0.412299 -0.0085597    1.97064   0.231192  -0.297952    2.00682   -1.37437
    0.41266 -0.00872368     1.97065    0.230343    -0.29802     2.00727     -1.3745
   0.413018 -0.00888621     1.97066    0.229502   -0.298088     2.00772    -1.37464
   0.413373 -0.00904728     1.97067    0.228668   -0.298155     2.00816    -1.37477
  0.413725 -0.0092069    1.97068   0.227842  -0.298222    2.00859    -1.3749
  0.414073 -0.0093651    1.97069   0.227023  -0.298289    2.00903   -1.37503
   0.414418 -0.00952188      1.9707    0.226212   -0.298355     2.00946    -1.37516
    0.41476 -0.00967724     1.97071    0.225408   -0.298421     2.00988    -1.37529
   0.415099 -0.00983121     1.97072    0.224612   -0.298487      2.0103    -1.37542
   0.415435 -0.00998378     1.97073    0.223822   -0.298552     2.01072    -1.37555
 0.415768 -0.010135   1.97075   0.22304 -0.298617   2.01113  -1.37567
  0.416098 -0.0102848    1.97076   0.222264  -0.298681    2.01154    -1.3758
  0.416425 -0.0104333    1.97077   0.221496  -0.298745    2.01195   -1.37592
  0.416749 -0.0105804    1.97078   0.220735  -0.298809    2.01235   -1.37604
   0.41707 -0.0107262    1.97079    0.21998  -0.298872    2.01275   -1.37616
  0.417388 -0.0108707     1.9708   0.219232  -0.298935    2.01314   -1.37628
  0.417704 -0.0110138    1.97081   0.218491  -0.298998    2.01353    -1.3764
  0.418016 -0.0111557    1.97082   0.217757   -0.29906    2.01392   -1.37652
  0.418326 -0.0112962    1.97083   0.217029  -0.299122     2.0143   -1.37664
  0.418633 -0.0114355    1.97084   0.216308  -0.299183    2.01468   -1.37675
  0.418937 -0.0115735    1.97085   0.215593  -0.299245    2.01506   -1.37687
  0.419238 -0.0117103    1.97086   0.214885  -0.299305    2.01543   -1.37698
  0.419537 -0.0118458    1.97087   0.214183  -0.299366     2.0158   -1.37709
 0.419833  -0.01198   1.97088  0.213488 -0.299426   2.01617   -1.3772
  0.420126 -0.0121131    1.97089   0.212798  -0.299486    2.01653   -1.37732
  0.420417 -0.0122449     1.9709   0.212115  -0.299546    2.01689   -1.37743
  0.420705 -0.0123755    1.97091   0.211438  -0.299605    2.01725   -1.37754
 0.420991 -0.012505   1.97092  0.210767 -0.299664    2.0176  -1.37764
  0.421274 -0.0126332    1.97093   0.210103  -0.299722    2.01796   -1.37775
  0.421554 -0.0127603    1.97094   0.209444   -0.29978     2.0183   -1.37786
  0.421832 -0.0128862    1.97095   0.208791  -0.299838    2.01865   -1.37796
  0.422108 -0.0130109    1.97096   0.208144  -0.299896    2.01899   -1.37807
   0.42238 -0.0131346    1.97097   0.207502  -0.299953    2.01933   -1.37817
  0.422651 -0.0132571    1.97098   0.206867   -0.30001    2.01966   -1.37827
  0.422919 -0.0133784    1.97099   0.206237  -0.300067    2.01999   -1.37837
  0.423185 -0.0134987      1.971   0.205613  -0.300123    2.02032   -1.37848
  0.423448 -0.0136178    1.97101   0.204994  -0.300179    2.02065   -1.37858
  0.423709 -0.0137359    1.97102   0.204381  -0.300235    2.02097   -1.37868
  0.423968 -0.0138529    1.97103   0.203774   -0.30029    2.02129   -1.37877
  0.424224 -0.0139688    1.97104   0.203172  -0.300346    2.02161   -1.37887
  0.424478 -0.0140836    1.97105   0.202575    -0.3004    2.02192   -1.37897
  0.424729 -0.0141974    1.97106   0.201984  -0.300455    2.02223   -1.37906
  0.424979 -0.0143102    1.97108   0.201398  -0.300509    2.02254   -1.37916
  0.425226 -0.0144219    1.97109   0.200817  -0.300563    2.02285   -1.37925
  0.425471 -0.0145326     1.9711   0.200242  -0.300617    2.02315   -1.37935
  0.425714 -0.0146423    1.97111   0.199672   -0.30067    2.02345   -1.37944
  0.425955 -0.0147509    1.97112   0.199107  -0.300724    2.02375   -1.37953
  0.426193 -0.0148586    1.97113   0.198546  -0.300776    2.02404   -1.37962
  0.426429 -0.0149653    1.97114   0.197991  -0.300829    2.02433   -1.37971
 0.426664 -0.015071   1.97115  0.197441 -0.300881   2.02462   -1.3798
  0.426896 -0.0151757    1.97116   0.196896  -0.300933    2.02491   -1.37989
  0.427126 -0.0152795    1.97117   0.196356  -0.300985    2.02519   -1.37998
  0.427354 -0.0153823    1.97118    0.19582  -0.301037    2.02548   -1.38007
   0.42758 -0.0154842    1.97119    0.19529  -0.301088    2.02576   -1.38015
  0.427804 -0.0155851     1.9712   0.194764  -0.301139    2.02603   -1.38024
  0.428026 -0.0156852    1.97122   0.194243  -0.301189    2.02631   -1.38032
  0.428246 -0.0157843    1.97123   0.193726   -0.30124    2.02658   -1.38041
  0.428464 -0.0158824    1.97124   0.193214   -0.30129    2.02685   -1.38049
   0.42868 -0.0159797    1.97125   0.192707   -0.30134    2.02711   -1.38057
  0.428894 -0.0160761    1.97126   0.192204   -0.30139    2.02738   -1.38066
  0.429106 -0.0161716    1.97127   0.191706  -0.301439    2.02764   -1.38074
  0.429317 -0.0162662    1.97128   0.191212  -0.301488     2.0279   -1.38082
 0.429525  -0.01636   1.97129  0.190723 -0.301537   2.02816   -1.3809
  0.429732 -0.0164529     1.9713   0.190238  -0.301586    2.02841   -1.38098
  0.429936 -0.0165449    1.97132   0.189757  -0.301634    2.02866   -1.38105
  0.430139 -0.0166361    1.97133   0.189281  -0.301682    2.02891   -1.38113
   0.43034 -0.0167264    1.97134   0.188809   -0.30173    2.02916   -1.38121
   0.43054 -0.0168159    1.97135   0.188341  -0.301778    2.02941   -1.38129
  0.430737 -0.0169046    1.97136   0.187877  -0.301825    2.02965   -1.38136
  0.430933 -0.0169925    1.97137   0.187418  -0.301872    2.02989   -1.38144
  0.431127 -0.0170796    1.97138   0.186963  -0.301919    2.03013   -1.38151
  0.431319 -0.0171658     1.9714   0.186511  -0.301966    2.03037   -1.38159
   0.43151 -0.0172513    1.97141   0.186064  -0.302013     2.0306   -1.38166
  0.431699 -0.0173359    1.97142   0.185621  -0.302059    2.03084   -1.38173
  0.431886 -0.0174198    1.97143   0.185182  -0.302105    2.03107    -1.3818
 0.432071 -0.017503   1.97144  0.184746 -0.302151    2.0313  -1.38188
  0.432255 -0.0175853    1.97145   0.184315  -0.302196    2.03152   -1.38195
  0.432437 -0.0176669    1.97147   0.183887  -0.302242    2.03175   -1.38202
  0.432618 -0.0177477    1.97148   0.183464  -0.302287    2.03197   -1.38209
  0.432797 -0.0178278    1.97149   0.183044  -0.302332    2.03219   -1.38216
  0.432974 -0.0179072     1.9715   0.182628  -0.302376    2.03241   -1.38222
   0.43315 -0.0179858    1.97151   0.182215  -0.302421    2.03263   -1.38229
  0.433325 -0.0180637    1.97152   0.181806  -0.302465    2.03284   -1.38236
  0.433497 -0.0181409    1.97154   0.181401  -0.302509    2.03305   -1.38243
  0.433668 -0.0182173    1.97155      0.181  -0.302553    2.03326   -1.38249
  0.433838 -0.0182931    1.97156   0.180602  -0.302597    2.03347   -1.38256
  0.434006 -0.0183681    1.97157   0.180208   -0.30264    2.03368   -1.38262
  0.434173 -0.0184425    1.97158   0.179817  -0.302684    2.03389   -1.38269
  0.434338 -0.0185161     1.9716   0.179429  -0.302727    2.03409   -1.38275
  0.434502 -0.0185891    1.97161   0.179046  -0.302769    2.03429   -1.38281
  0.434664 -0.0186614    1.97162   0.178665  -0.302812    2.03449   -1.38288
 0.434825 -0.018733   1.97163  0.178288 -0.302855   2.03469  -1.38294
 0.434984 -0.018804   1.97165  0.177915 -0.302897   2.03488    -1.383
  0.435142 -0.0188743    1.97166   0.177544  -0.302939    2.03508   -1.38306
 0.435298 -0.018944   1.97167  0.177177 -0.302981   2.03527  -1.38312
 0.435453 -0.019013   1.97168  0.176814 -0.303022   2.03546  -1.38318
  0.435607 -0.0190814    1.97169   0.176453  -0.303064    2.03565   -1.38324
   0.43576 -0.0191491    1.97171   0.176096  -0.303105    2.03584    -1.3833
  0.435911 -0.0192162    1.97172   0.175742  -0.303146    2.03602   -1.38336
   0.43606 -0.0192827    1.97173   0.175391  -0.303187    2.03621   -1.38342
  0.436209 -0.0193486    1.97174   0.175044  -0.303228    2.03639   -1.38348
  0.436356 -0.0194138    1.97176   0.174699  -0.303268    2.03657   -1.38353
  0.436501 -0.0194785    1.97177   0.174358  -0.303309    2.03675   -1.38359
  0.436646 -0.0195425    1.97178   0.174019  -0.303349    2.03693   -1.38365
 0.436789 -0.019606    1.9718  0.173684 -0.303389    2.0371   -1.3837
  0.436931 -0.0196688    1.97181   0.173351  -0.303429    2.03728   -1.38376
  0.437071 -0.0197311    1.97182   0.173022  -0.303468    2.03745   -1.38381
  0.437211 -0.0197928    1.97183   0.172695  -0.303508    2.03762   -1.38387
  0.437349 -0.0198539    1.97185   0.172372  -0.303547    2.03779   -1.38392
  0.437486 -0.0199144    1.97186   0.172051  -0.303586    2.03796   -1.38397
  0.437621 -0.0199744    1.97187   0.171733  -0.303625    2.03813   -1.38403
  0.437756 -0.0200338    1.97189   0.171419  -0.303664    2.03829   -1.38408
  0.437889 -0.0200927     1.9719   0.171106  -0.303703    2.03845   -1.38413
 0.438021 -0.020151   1.97191  0.170797 -0.303741   2.03862  -1.38418
  0.438152 -0.0202088    1.97192    0.17049  -0.303779    2.03878   -1.38423
 0.438282 -0.020266   1.97194  0.170187 -0.303818   2.03894  -1.38428
  0.438411 -0.0203227    1.97195   0.169886  -0.303856    2.03909   -1.38433
  0.438538 -0.0203789    1.97196   0.169587  -0.303893    2.03925   -1.38438
  0.438664 -0.0204345    1.97198   0.169291  -0.303931    2.03941   -1.38443
   0.43879 -0.0204896    1.97199   0.168998  -0.303968    2.03956   -1.38448
  0.438914 -0.0205442      1.972   0.168708  -0.304006    2.03971   -1.38453
  0.439037 -0.0205983    1.97202    0.16842  -0.304043    2.03986   -1.38458
  0.439159 -0.0206519    1.97203   0.168135   -0.30408    2.04001   -1.38462
 0.439279 -0.020705   1.97204  0.167852 -0.304117   2.04016  -1.38467
  0.439399 -0.0207576    1.97206   0.167572  -0.304154    2.04031   -1.38472
  0.439518 -0.0208097    1.97207   0.167294   -0.30419    2.04045   -1.38476
  0.439635 -0.0208613    1.97208   0.167019  -0.304227     2.0406   -1.38481
  0.439752 -0.0209124     1.9721   0.166746  -0.304263    2.04074   -1.38486
 0.439868 -0.020963   1.97211  0.166475 -0.304299   2.04088   -1.3849
  0.439982 -0.0210132    1.97213   0.166208  -0.304335    2.04102   -1.38495
  0.440096 -0.0210628    1.97214   0.165942  -0.304371    2.04116   -1.38499
  0.440208 -0.0211121    1.97215   0.165679  -0.304407     2.0413   -1.38503
   0.44032 -0.0211608    1.97217   0.165418  -0.304442    2.04144   -1.38508
   0.44043 -0.0212091    1.97218    0.16516  -0.304478    2.04157   -1.38512
   0.44054 -0.0212569    1.97219   0.164904  -0.304513     2.0417   -1.38516
  0.440648 -0.0213043    1.97221    0.16465  -0.304548    2.04184   -1.38521
  0.440756 -0.0213512    1.97222   0.164398  -0.304583    2.04197   -1.38525
  0.440862 -0.0213977    1.97224   0.164149  -0.304618     2.0421   -1.38529
  0.440968 -0.0214438    1.97225   0.163902  -0.304653    2.04223   -1.38533
  0.441073 -0.0214894    1.97226   0.163657  -0.304687    2.04236   -1.38537
  0.441177 -0.0215346    1.97228   0.163414  -0.304722    2.04248   -1.38541
   0.44128 -0.0215794    1.97229   0.163174  -0.304756    2.04261   -1.38545
  0.441382 -0.0216237    1.97231   0.162935   -0.30479    2.04274   -1.38549
  0.441483 -0.0216676    1.97232   0.162699  -0.304824    2.04286   -1.38553
  0.441583 -0.0217111    1.97233   0.162465  -0.304858    2.04298   -1.38557
  0.441682 -0.0217542    1.97235   0.162233  -0.304892     2.0431   -1.38561
  0.441781 -0.0217969    1.97236   0.162003  -0.304926    2.04322   -1.38565
  0.441878 -0.0218391    1.97238   0.161775  -0.304959    2.04334   -1.38569
 0.441975 -0.021881   1.97239  0.161549 -0.304993   2.04346  -1.38573
  0.442071 -0.0219225    1.97241   0.161325  -0.305026    2.04358   -1.38576
  0.442166 -0.0219635    1.97242   0.161103  -0.305059    2.04369    -1.3858
   0.44226 -0.0220042    1.97243   0.160883  -0.305092    2.04381   -1.38584
  0.442353 -0.0220445    1.97245   0.160666  -0.305125    2.04392   -1.38587
  0.442446 -0.0220844    1.97246    0.16045  -0.305158    2.04404   -1.38591
 0.442537 -0.022124   1.97248  0.160236 -0.305191   2.04415  -1.38595
  0.442628 -0.0221631    1.97249   0.160023  -0.305223    2.04426   -1.38598
  0.442718 -0.0222019    1.97251   0.159813  -0.305256    2.04437   -1.38602
  0.442808 -0.0222403    1.97252   0.159605  -0.305288    2.04448   -1.38605
  0.442896 -0.0222784    1.97254   0.159399  -0.305321    2.04459   -1.38609
 0.442984 -0.022316   1.97255  0.159194 -0.305353   2.04469  -1.38612
  0.443071 -0.0223533    1.97256   0.158991  -0.305385     2.0448   -1.38616
  0.443157 -0.0223903    1.97258    0.15879  -0.305417     2.0449   -1.38619
  0.443242 -0.0224269    1.97259   0.158591  -0.305448    2.04501   -1.38622
  0.443327 -0.0224632    1.97261   0.158394   -0.30548    2.04511   -1.38626
  0.443411 -0.0224991    1.97262   0.158198  -0.305512    2.04521   -1.38629
  0.443494 -0.0225346    1.97264   0.158004  -0.305543    2.04532   -1.38632
  0.443576 -0.0225698    1.97265   0.157812  -0.305575    2.04542   -1.38636
  0.443658 -0.0226047    1.97267   0.157622  -0.305606    2.04552   -1.38639
  0.443739 -0.0226393    1.97268   0.157433  -0.305637    2.04562   -1.38642
  0.443819 -0.0226735     1.9727   0.157246  -0.305668    2.04571   -1.38645
  0.443899 -0.0227073    1.97271   0.157061  -0.305699    2.04581   -1.38648
  0.443978 -0.0227409    1.97273   0.156877   -0.30573    2.04591   -1.38651
  0.444056 -0.0227741    1.97274   0.156695  -0.305761      2.046   -1.38654
 0.444133 -0.022807   1.97276  0.156514 -0.305791    2.0461  -1.38658
   0.44421 -0.0228396    1.97277   0.156336  -0.305822    2.04619   -1.38661
  0.444286 -0.0228719    1.97279   0.156158  -0.305852    2.04628   -1.38664
  0.444361 -0.0229038     1.9728   0.155983  -0.305883    2.04637   -1.38667
  0.444436 -0.0229355    1.97282   0.155809  -0.305913    2.04646   -1.38669
   0.44451 -0.0229668    1.97283   0.155636  -0.305943    2.04655   -1.38672
  0.444584 -0.0229979    1.97285   0.155465  -0.305973    2.04664   -1.38675
  0.444656 -0.0230286    1.97286   0.155296  -0.306003    2.04673   -1.38678
 0.444729 -0.023059   1.97288  0.155128 -0.306033   2.04682  -1.38681
    0.4448 -0.0230892    1.97289   0.154962  -0.306063    2.04691   -1.38684
 0.444871 -0.023119   1.97291  0.154797 -0.306093   2.04699  -1.38687
  0.444941 -0.0231486    1.97293   0.154633  -0.306122    2.04708   -1.38689
  0.445011 -0.0231779    1.97294   0.154471  -0.306152    2.04716   -1.38692
   0.44508 -0.0232068    1.97296   0.154311  -0.306181    2.04725   -1.38695
  0.445148 -0.0232355    1.97297   0.154152  -0.306211    2.04733   -1.38698
  0.445216 -0.0232639    1.97299   0.153994   -0.30624    2.04741     -1.387
  0.445283 -0.0232921      1.973   0.153838  -0.306269     2.0475   -1.38703
   0.44535 -0.0233199    1.97302   0.153683  -0.306298    2.04758   -1.38706
  0.445416 -0.0233475    1.97303    0.15353  -0.306327    2.04766   -1.38708
  0.445481 -0.0233748    1.97305   0.153377  -0.306356    2.04774   -1.38711
  0.445546 -0.0234019    1.97306   0.153227  -0.306385    2.04781   -1.38713
  0.445611 -0.0234287    1.97308   0.153077  -0.306414    2.04789   -1.38716
  0.445674 -0.0234552     1.9731   0.152929  -0.306442    2.04797   -1.38718
  0.445737 -0.0234815    1.97311   0.152783  -0.306471    2.04805   -1.38721
    0.4458 -0.0235074    1.97313   0.152637  -0.306499    2.04812   -1.38723
  0.445862 -0.0235332    1.97314   0.152493  -0.306528     2.0482   -1.38726
  0.445924 -0.0235587    1.97316    0.15235  -0.306556    2.04827   -1.38728
  0.445985 -0.0235839    1.97317   0.152209  -0.306584    2.04835   -1.38731
  0.446045 -0.0236089    1.97319   0.152069  -0.306613    2.04842   -1.38733
  0.446105 -0.0236336    1.97321    0.15193  -0.306641    2.04849   -1.38735
  0.446164 -0.0236581    1.97322   0.151792  -0.306669    2.04856   -1.38738
  0.446223 -0.0236824    1.97324   0.151655  -0.306697    2.04864    -1.3874
  0.446281 -0.0237064    1.97325    0.15152  -0.306725    2.04871   -1.38742
  0.446339 -0.0237301    1.97327   0.151386  -0.306752    2.04878   -1.38745
  0.446397 -0.0237536    1.97329   0.151253   -0.30678    2.04885   -1.38747
  0.446453 -0.0237769     1.9733   0.151121  -0.306808    2.04891   -1.38749
  0.44651   -0.0238   1.97332  0.150991 -0.306835   2.04898  -1.38752
  0.446566 -0.0238228    1.97333   0.150861  -0.306863    2.04905   -1.38754
  0.446621 -0.0238454    1.97335   0.150733   -0.30689    2.04912   -1.38756
  0.446676 -0.0238678    1.97337   0.150606  -0.306918    2.04918   -1.38758
   0.44673 -0.0238899    1.97338    0.15048  -0.306945    2.04925    -1.3876
  0.446784 -0.0239119     1.9734   0.150356  -0.306972    2.04931   -1.38762
  0.446837 -0.0239336    1.97341   0.150232  -0.306999    2.04938   -1.38765
   0.44689 -0.0239551    1.97343   0.150109  -0.307026    2.04944   -1.38767
  0.446943 -0.0239763    1.97345   0.149988  -0.307053    2.04951   -1.38769
  0.446995 -0.0239974    1.97346   0.149868   -0.30708    2.04957   -1.38771
  0.447046 -0.0240182    1.97348   0.149748  -0.307107    2.04963   -1.38773
  0.447097 -0.0240389    1.97349    0.14963  -0.307134    2.04969   -1.38775
  0.447148 -0.0240593    1.97351   0.149513  -0.307161    2.04976   -1.38777
  0.447198 -0.0240795    1.97353   0.149397  -0.307187    2.04982   -1.38779
  0.447248 -0.0240995    1.97354   0.149282  -0.307214    2.04988   -1.38781
  0.447297 -0.0241193    1.97356   0.149168  -0.307241    2.04994   -1.38783
  0.447346 -0.0241389    1.97358   0.149055  -0.307267    2.04999   -1.38785
  0.447395 -0.0241583    1.97359   0.148943  -0.307294    2.05005   -1.38787
  0.447443 -0.0241775    1.97361   0.148832   -0.30732    2.05011   -1.38789
   0.44749 -0.0241965    1.97362   0.148722  -0.307346    2.05017    -1.3879
  0.447538 -0.0242153    1.97364   0.148613  -0.307372    2.05023   -1.38792
  0.447584 -0.0242339    1.97366   0.148505  -0.307399    2.05028   -1.38794
  0.447631 -0.0242524    1.97367   0.148398  -0.307425    2.05034   -1.38796
  0.447677 -0.0242706    1.97369   0.148291  -0.307451    2.05039   -1.38798
  0.447722 -0.0242887    1.97371   0.148186  -0.307477    2.05045     -1.388
  0.447768 -0.0243065    1.97372   0.148082  -0.307503     2.0505   -1.38802
  0.447812 -0.0243242    1.97374   0.147979  -0.307529    2.05056   -1.38803
  0.447857 -0.0243417    1.97376   0.147876  -0.307554    2.05061   -1.38805
 0.447901 -0.024359   1.97377  0.147775  -0.30758   2.05066  -1.38807
  0.447944 -0.0243762    1.97379   0.147675  -0.307606    2.05072   -1.38809
  0.447988 -0.0243931    1.97381   0.147575  -0.307632    2.05077    -1.3881
   0.44803 -0.0244099    1.97382   0.147476  -0.307657    2.05082   -1.38812
  0.448073 -0.0244265    1.97384   0.147378  -0.307683    2.05087   -1.38814
  0.448115 -0.0244429    1.97386   0.147281  -0.307708    2.05092   -1.38815
  0.448157 -0.0244592    1.97387   0.147185  -0.307734    2.05097   -1.38817
  0.448198 -0.0244753    1.97389    0.14709  -0.307759    2.05102   -1.38819
  0.448239 -0.0244912    1.97391   0.146996  -0.307784    2.05107    -1.3882
   0.44828 -0.0245069    1.97392   0.146902   -0.30781    2.05112   -1.38822
   0.44832 -0.0245225    1.97394   0.146809  -0.307835    2.05117   -1.38824
  0.44836 -0.024538   1.97396  0.146718  -0.30786   2.05121  -1.38825
    0.4484 -0.0245532    1.97397   0.146627  -0.307885    2.05126   -1.38827
  0.448439 -0.0245683    1.97399   0.146536   -0.30791    2.05131   -1.38828
  0.448478 -0.0245833    1.97401   0.146447  -0.307935    2.05136    -1.3883
 0.448516 -0.024598   1.97402  0.146358  -0.30796    2.0514  -1.38831
  0.448555 -0.0246127    1.97404    0.14627  -0.307985    2.05145   -1.38833
  0.448592 -0.0246271    1.97406   0.146183   -0.30801    2.05149   -1.38834
   0.44863 -0.0246414    1.97407   0.146097  -0.308035    2.05154   -1.38836
  0.448667 -0.0246556    1.97409   0.146012   -0.30806    2.05158   -1.38837
  0.448704 -0.0246696    1.97411   0.145927  -0.308084    2.05163   -1.38839
  0.448741 -0.0246835    1.97412   0.145843  -0.308109    2.05167    -1.3884
  0.448777 -0.0246972    1.97414    0.14576  -0.308134    2.05171   -1.38842
  0.448813 -0.0247107    1.97416   0.145677  -0.308158    2.05176   -1.38843
  0.448849 -0.0247241    1.97418   0.145596  -0.308183     2.0518   -1.38845
  0.448884 -0.0247374    1.97419   0.145515  -0.308207    2.05184   -1.38846
  0.448919 -0.0247505    1.97421   0.145434  -0.308232    2.05188   -1.38848
  0.448954 -0.0247635    1.97423   0.145355  -0.308256    2.05193   -1.38849
  0.448988 -0.0247763    1.97424   0.145276   -0.30828    2.05197    -1.3885
 0.449022 -0.024789   1.97426  0.145198 -0.308305   2.05201  -1.38852
  0.449056 -0.0248016    1.97428   0.145121  -0.308329    2.05205   -1.38853
  0.44909 -0.024814   1.97429  0.145044 -0.308353   2.05209  -1.38854
  0.449123 -0.0248263    1.97431   0.144968  -0.308377    2.05213   -1.38856
  0.449156 -0.0248385    1.97433   0.144893  -0.308401    2.05217   -1.38857
  0.449189 -0.0248505    1.97435   0.144818  -0.308425    2.05221   -1.38858
  0.449221 -0.0248624    1.97436   0.144744  -0.308449    2.05224    -1.3886
  0.449253 -0.0248741    1.97438   0.144671  -0.308473    2.05228   -1.38861
  0.449285 -0.0248858     1.9744   0.144598  -0.308497    2.05232   -1.38862
  0.449316 -0.0248972    1.97441   0.144526  -0.308521    2.05236   -1.38863
  0.449348 -0.0249086    1.97443   0.144455  -0.308545     2.0524   -1.38865
  0.449379 -0.0249199    1.97445   0.144384  -0.308569    2.05243   -1.38866
 0.449409 -0.024931   1.97447  0.144314 -0.308593   2.05247  -1.38867
  0.44944 -0.024942   1.97448  0.144244 -0.308617   2.05251  -1.38868
   0.44947 -0.0249528     1.9745   0.144176   -0.30864    2.05254    -1.3887
    0.4495 -0.0249636    1.97452   0.144107  -0.308664    2.05258   -1.38871
   0.44953 -0.0249742    1.97454    0.14404  -0.308688    2.05261   -1.38872
  0.449559 -0.0249847    1.97455   0.143973  -0.308711    2.05265   -1.38873
  0.449588 -0.0249951    1.97457   0.143906  -0.308735    2.05268   -1.38874
  0.449617 -0.0250053    1.97459   0.143841  -0.308758    2.05272   -1.38875
  0.449646 -0.0250155     1.9746   0.143775  -0.308782    2.05275   -1.38877
  0.449674 -0.0250255    1.97462   0.143711  -0.308805    2.05278   -1.38878
  0.449703 -0.0250354    1.97464   0.143647  -0.308829    2.05282   -1.38879
   0.44973 -0.0250452    1.97466   0.143583  -0.308852    2.05285    -1.3888
  0.449758 -0.0250549    1.97467    0.14352  -0.308875    2.05288   -1.38881
  0.449786 -0.0250645    1.97469   0.143458  -0.308899    2.05292   -1.38882
 0.449813 -0.025074   1.97471  0.143396 -0.308922   2.05295  -1.38883
   0.44984 -0.0250833    1.97473   0.143335  -0.308945    2.05298   -1.38884
  0.449866 -0.0250926    1.97474   0.143274  -0.308969    2.05301   -1.38885
  0.449893 -0.0251017    1.97476   0.143214  -0.308992    2.05304   -1.38887
  0.449919 -0.0251107    1.97478   0.143155  -0.309015    2.05307   -1.38888
  0.449945 -0.0251196     1.9748   0.143096  -0.309038     2.0531   -1.38889
  0.449971 -0.0251285    1.97481   0.143037  -0.309061    2.05313    -1.3889
  0.449997 -0.0251372    1.97483   0.142979  -0.309084    2.05316   -1.38891
  0.450022 -0.0251458    1.97485   0.142922  -0.309107    2.05319   -1.38892
  0.450047 -0.0251543    1.97487   0.142865   -0.30913    2.05322   -1.38893
  0.450072 -0.0251627    1.97488   0.142808  -0.309153    2.05325   -1.38894
 0.450097 -0.025171    1.9749  0.142752 -0.309176   2.05328  -1.38895
  0.450122 -0.0251792    1.97492   0.142697  -0.309199    2.05331   -1.38896
  0.450146 -0.0251873    1.97494   0.142642  -0.309222    2.05334   -1.38897
   0.45017 -0.0251953    1.97495   0.142588  -0.309244    2.05337   -1.38898
  0.450194 -0.0252033    1.97497   0.142534  -0.309267     2.0534   -1.38899
  0.450218 -0.0252111    1.97499    0.14248   -0.30929    2.05342     -1.389
  0.450241 -0.0252188    1.97501   0.142427  -0.309313    2.05345   -1.38901
  0.450264 -0.0252264    1.97502   0.142375  -0.309335    2.05348   -1.38901
  0.450287 -0.0252339    1.97504   0.142323  -0.309358    2.05351   -1.38902
   0.45031 -0.0252414    1.97506   0.142271  -0.309381    2.05353   -1.38903
  0.450333 -0.0252487    1.97508    0.14222  -0.309403    2.05356   -1.38904
 0.450356 -0.025256   1.97509   0.14217 -0.309426   2.05359  -1.38905
  0.450378 -0.0252632    1.97511    0.14212  -0.309448    2.05361   -1.38906
    0.4504 -0.0252702    1.97513    0.14207  -0.309471    2.05364   -1.38907
  0.450422 -0.0252772    1.97515   0.142021  -0.309493    2.05366   -1.38908
  0.450444 -0.0252841    1.97516   0.141972  -0.309516    2.05369   -1.38909
  0.450465 -0.0252909    1.97518   0.141923  -0.309538    2.05372    -1.3891
  0.450487 -0.0252977     1.9752   0.141875  -0.309561    2.05374    -1.3891
  0.450508 -0.0253043    1.97522   0.141828  -0.309583    2.05376   -1.38911
  0.450529 -0.0253109    1.97524   0.141781  -0.309605    2.05379   -1.38912
   0.45055 -0.0253173    1.97525   0.141734  -0.309628    2.05381   -1.38913
   0.45057 -0.0253237    1.97527   0.141688   -0.30965    2.05384   -1.38914
 0.450591  -0.02533   1.97529  0.141642 -0.309672   2.05386  -1.38915
  0.450611 -0.0253362    1.97531   0.141597  -0.309695    2.05389   -1.38915
  0.450631 -0.0253424    1.97532   0.141552  -0.309717    2.05391   -1.38916
  0.450651 -0.0253484    1.97534   0.141507  -0.309739    2.05393   -1.38917
  0.450671 -0.0253544    1.97536   0.141463  -0.309761    2.05396   -1.38918
   0.45069 -0.0253603    1.97538   0.141419  -0.309783    2.05398   -1.38919
   0.45071 -0.0253661     1.9754   0.141376  -0.309806      2.054   -1.38919
  0.450729 -0.0253719    1.97541   0.141333  -0.309828    2.05402    -1.3892
  0.450748 -0.0253776    1.97543    0.14129   -0.30985    2.05405   -1.38921
  0.450767 -0.0253831    1.97545   0.141248  -0.309872    2.05407   -1.38922
  0.450786 -0.0253887    1.97547   0.141206  -0.309894    2.05409   -1.38923
  0.450805 -0.0253941    1.97549   0.141165  -0.309916    2.05411   -1.38923
  0.450823 -0.0253995     1.9755   0.141124  -0.309938    2.05413   -1.38924
  0.450841 -0.0254048    1.97552   0.141083   -0.30996    2.05415   -1.38925
  0.45086  -0.02541   1.97554  0.141043 -0.309982   2.05417  -1.38926
  0.450878 -0.0254151    1.97556   0.141003  -0.310004    2.05419   -1.38926
  0.450895 -0.0254202    1.97557   0.140963  -0.310025    2.05422   -1.38927
  0.450913 -0.0254252    1.97559   0.140924  -0.310047    2.05424   -1.38928
  0.450931 -0.0254301    1.97561   0.140885  -0.310069    2.05426   -1.38928
 0.450948 -0.025435   1.97563  0.140846 -0.310091   2.05428  -1.38929
  0.450965 -0.0254398    1.97565   0.140808  -0.310113     2.0543    -1.3893
  0.450982 -0.0254445    1.97566    0.14077  -0.310135    2.05432    -1.3893
  0.450999 -0.0254492    1.97568   0.140733  -0.310156    2.05434   -1.38931
  0.451016 -0.0254538     1.9757   0.140695  -0.310178    2.05435   -1.38932
  0.451033 -0.0254583    1.97572   0.140659    -0.3102    2.05437   -1.38933
  0.451049 -0.0254628    1.97574   0.140622  -0.310221    2.05439   -1.38933
  0.451066 -0.0254672    1.97575   0.140586  -0.310243    2.05441   -1.38934
  0.451082 -0.0254715    1.97577    0.14055  -0.310265    2.05443   -1.38935
  0.451098 -0.0254757    1.97579   0.140514  -0.310286    2.05445   -1.38935
  0.451114 -0.0254799    1.97581   0.140479  -0.310308    2.05447   -1.38936
   0.45113 -0.0254841    1.97583   0.140444   -0.31033    2.05449   -1.38936
  0.451146 -0.0254881    1.97584    0.14041  -0.310351     2.0545   -1.38937
  0.451161 -0.0254922    1.97586   0.140375  -0.310373    2.05452   -1.38938
  0.451177 -0.0254961    1.97588   0.140342  -0.310394    2.05454   -1.38938
 0.451192   -0.0255    1.9759  0.140308 -0.310416   2.05456  -1.38939
  0.451207 -0.0255038    1.97592   0.140275  -0.310437    2.05457    -1.3894
  0.451222 -0.0255076    1.97593   0.140242  -0.310459    2.05459    -1.3894
  0.451237 -0.0255113    1.97595   0.140209   -0.31048    2.05461   -1.38941
  0.451252 -0.0255149    1.97597   0.140176  -0.310502    2.05463   -1.38941
  0.451267 -0.0255185    1.97599   0.140144  -0.310523    2.05464   -1.38942
  0.451281 -0.0255221    1.97601   0.140112  -0.310544    2.05466   -1.38943
  0.451296 -0.0255255    1.97602   0.140081  -0.310566    2.05467   -1.38943
  0.45131 -0.025529   1.97604  0.140049 -0.310587   2.05469  -1.38944
  0.451324 -0.0255323    1.97606   0.140018  -0.310609    2.05471   -1.38944
  0.451338 -0.0255356    1.97608   0.139988   -0.31063    2.05472   -1.38945
  0.451352 -0.0255389     1.9761   0.139957  -0.310651    2.05474   -1.38946
  0.451366 -0.0255421    1.97612   0.139927  -0.310673    2.05475   -1.38946
   0.45138 -0.0255452    1.97613   0.139897  -0.310694    2.05477   -1.38947
  0.451394 -0.0255483    1.97615   0.139868  -0.310715    2.05479   -1.38947
  0.451407 -0.0255513    1.97617   0.139838  -0.310736     2.0548   -1.38948
  0.451421 -0.0255543    1.97619   0.139809  -0.310758    2.05482   -1.38948
  0.451434 -0.0255572    1.97621    0.13978  -0.310779    2.05483   -1.38949
  0.451447 -0.0255601    1.97622   0.139752    -0.3108    2.05485   -1.38949
   0.45146 -0.0255629    1.97624   0.139724  -0.310821    2.05486    -1.3895
  0.451473 -0.0255657    1.97626   0.139696  -0.310842    2.05488    -1.3895
  0.451486 -0.0255684    1.97628   0.139668  -0.310863    2.05489   -1.38951
  0.451499 -0.0255711     1.9763    0.13964  -0.310885     2.0549   -1.38951
  0.451511 -0.0255737    1.97632   0.139613  -0.310906    2.05492   -1.38952
  0.451524 -0.0255763    1.97633   0.139586  -0.310927    2.05493   -1.38952
  0.451536 -0.0255788    1.97635   0.139559  -0.310948    2.05495   -1.38953
  0.451548 -0.0255813    1.97637   0.139533  -0.310969    2.05496   -1.38953
  0.451561 -0.0255837    1.97639   0.139506   -0.31099    2.05497   -1.38954
  0.451573 -0.0255861    1.97641    0.13948  -0.311011    2.05499   -1.38954
  0.451585 -0.0255884    1.97642   0.139454  -0.311032      2.055   -1.38955
  0.451597 -0.0255907    1.97644   0.139429  -0.311053    2.05501   -1.38955
 0.451609 -0.025593   1.97646  0.139403 -0.311074   2.05503  -1.38956
   0.45162 -0.0255952    1.97648   0.139378  -0.311095    2.05504   -1.38956
  0.451632 -0.0255973     1.9765   0.139353  -0.311116    2.05505   -1.38957
  0.451643 -0.0255994    1.97652   0.139329  -0.311137    2.05507   -1.38957
  0.451655 -0.0256015    1.97653   0.139304  -0.311158    2.05508   -1.38958
  0.451666 -0.0256035    1.97655    0.13928  -0.311179    2.05509   -1.38958
  0.451678 -0.0256054    1.97657   0.139256    -0.3112     2.0551   -1.38959
  0.451689 -0.0256074    1.97659   0.139232  -0.311221    2.05512   -1.38959
    0.4517 -0.0256092    1.97661   0.139209  -0.311242    2.05513    -1.3896
  0.451711 -0.0256111    1.97663   0.139185  -0.311262    2.05514    -1.3896
  0.451722 -0.0256129    1.97664   0.139162  -0.311283    2.05515   -1.38961
  0.451732 -0.0256146    1.97666   0.139139  -0.311304    2.05516   -1.38961
  0.451743 -0.0256164    1.97668   0.139117  -0.311325    2.05518   -1.38961
 0.451754 -0.025618    1.9767  0.139094 -0.311346   2.05519  -1.38962
  0.451764 -0.0256197    1.97672   0.139072  -0.311367     2.0552   -1.38962
  0.451775 -0.0256212    1.97674    0.13905  -0.311387    2.05521   -1.38963
  0.451785 -0.0256228    1.97675   0.139028  -0.311408    2.05522   -1.38963
  0.451795 -0.0256243    1.97677   0.139006  -0.311429    2.05523   -1.38964
  0.451806 -0.0256258    1.97679   0.138985   -0.31145    2.05524   -1.38964
  0.451816 -0.0256272    1.97681   0.138963  -0.311471    2.05526   -1.38964
  0.451826 -0.0256286    1.97683   0.138942  -0.311491    2.05527   -1.38965
 0.451836  -0.02563   1.97685  0.138921 -0.311512   2.05528  -1.38965
  0.451845 -0.0256313    1.97686   0.138901  -0.311533    2.05529   -1.38966
  0.451855 -0.0256326    1.97688    0.13888  -0.311553     2.0553   -1.38966
  0.451865 -0.0256338     1.9769    0.13886  -0.311574    2.05531   -1.38966
 0.451875 -0.025635   1.97692  0.138839 -0.311595   2.05532  -1.38967
  0.451884 -0.0256362    1.97694    0.13882  -0.311615    2.05533   -1.38967
  0.451894 -0.0256373    1.97696     0.1388  -0.311636    2.05534   -1.38968
  0.451903 -0.0256384    1.97697    0.13878  -0.311657    2.05535   -1.38968
  0.451912 -0.0256394    1.97699   0.138761  -0.311677    2.05536   -1.38968
  0.451922 -0.0256405    1.97701   0.138741  -0.311698    2.05537   -1.38969
  0.451931 -0.0256415    1.97703   0.138722  -0.311719    2.05538   -1.38969
   0.45194 -0.0256424    1.97705   0.138703  -0.311739    2.05539   -1.38969
  0.451949 -0.0256433    1.97707   0.138685   -0.31176     2.0554    -1.3897
  0.451958 -0.0256442    1.97709   0.138666   -0.31178    2.05541    -1.3897
  0.451967 -0.0256451     1.9771   0.138648  -0.311801    2.05542   -1.38971
  0.451976 -0.0256459    1.97712    0.13863  -0.311822    2.05543   -1.38971
  0.451984 -0.0256467    1.97714   0.138611  -0.311842    2.05544   -1.38971
  0.451993 -0.0256474    1.97716   0.138594  -0.311863    2.05545   -1.38972
  0.452002 -0.0256481    1.97718   0.138576  -0.311883    2.05546   -1.38972
   0.45201 -0.0256488     1.9772   0.138558  -0.311904    2.05547   -1.38972
  0.452019 -0.0256495    1.97721   0.138541  -0.311924    2.05548   -1.38973
  0.452027 -0.0256501    1.97723   0.138524  -0.311945    2.05548   -1.38973
  0.452035 -0.0256507    1.97725   0.138507  -0.311965    2.05549   -1.38973
  0.452043 -0.0256512    1.97727    0.13849  -0.311986     2.0555   -1.38974
  0.452052 -0.0256518    1.97729   0.138473  -0.312006    2.05551   -1.38974
   0.45206 -0.0256523    1.97731   0.138456  -0.312027    2.05552   -1.38974
  0.452068 -0.0256527    1.97733    0.13844  -0.312047    2.05553   -1.38975
  0.452076 -0.0256532    1.97734   0.138424  -0.312068    2.05554   -1.38975
  0.452084 -0.0256536    1.97736   0.138407  -0.312088    2.05554   -1.38975
  0.452092 -0.0256539    1.97738   0.138391  -0.312108    2.05555   -1.38976
    0.4521 -0.0256543     1.9774   0.138376  -0.312129    2.05556   -1.38976
  0.452107 -0.0256546    1.97742    0.13836  -0.312149    2.05557   -1.38976
  0.452115 -0.0256549    1.97744   0.138344   -0.31217    2.05558   -1.38977
  0.452123 -0.0256551    1.97745   0.138329   -0.31219    2.05559   -1.38977
   0.45213 -0.0256554    1.97747   0.138314   -0.31221    2.05559   -1.38977
  0.452138 -0.0256556    1.97749   0.138298  -0.312231     2.0556   -1.38978
  0.452145 -0.0256558    1.97751   0.138283  -0.312251    2.05561   -1.38978
  0.452153 -0.0256559    1.97753   0.138269  -0.312271    2.05562   -1.38978
  0.45216 -0.025656   1.97755  0.138254 -0.312292   2.05562  -1.38979
  0.452167 -0.0256561    1.97757   0.138239  -0.312312    2.05563   -1.38979
  0.452174 -0.0256562    1.97758   0.138225  -0.312333    2.05564   -1.38979
  0.452182 -0.0256562     1.9776    0.13821  -0.312353    2.05565   -1.38979
  0.452189 -0.0256562    1.97762   0.138196  -0.312373    2.05565    -1.3898
  0.452196 -0.0256562    1.97764   0.138182  -0.312393    2.05566    -1.3898
  0.452203 -0.0256562    1.97766   0.138168  -0.312414    2.05567    -1.3898
   0.45221 -0.0256561    1.97768   0.138154  -0.312434    2.05568   -1.38981
 0.452217 -0.025656    1.9777  0.138141 -0.312454   2.05568  -1.38981
  0.452223 -0.0256559    1.97771   0.138127  -0.312475    2.05569   -1.38981
   0.45223 -0.0256558    1.97773   0.138114  -0.312495     2.0557   -1.38981
  0.452237 -0.0256556    1.97775     0.1381  -0.312515     2.0557   -1.38982
  0.452244 -0.0256554    1.97777   0.138087  -0.312535    2.05571   -1.38982
   0.45225 -0.0256552    1.97779   0.138074  -0.312556    2.05572   -1.38982
  0.452257 -0.0256549    1.97781   0.138061  -0.312576    2.05572   -1.38983
  0.452263 -0.0256547    1.97783   0.138049  -0.312596    2.05573   -1.38983
   0.45227 -0.0256544    1.97784   0.138036  -0.312616    2.05574   -1.38983
  0.452276 -0.0256541    1.97786   0.138023  -0.312637    2.05574   -1.38983
  0.452283 -0.0256537    1.97788   0.138011  -0.312657    2.05575   -1.38984
  0.452289 -0.0256534     1.9779   0.137998  -0.312677    2.05576   -1.38984
 0.452295 -0.025653   1.97792  0.137986 -0.312697   2.05576  -1.38984
  0.452301 -0.0256526    1.97794   0.137974  -0.312717    2.05577   -1.38984
  0.452308 -0.0256522    1.97796   0.137962  -0.312738    2.05578   -1.38985
  0.452314 -0.0256517    1.97798    0.13795  -0.312758    2.05578   -1.38985
   0.45232 -0.0256512    1.97799   0.137938  -0.312778    2.05579   -1.38985
  0.452326 -0.0256507    1.97801   0.137927  -0.312798    2.05579   -1.38985
  0.452332 -0.0256502    1.97803   0.137915  -0.312818     2.0558   -1.38986
  0.452338 -0.0256497    1.97805   0.137904  -0.312838    2.05581   -1.38986
  0.452344 -0.0256491    1.97807   0.137892  -0.312859    2.05581   -1.38986
   0.45235 -0.0256486    1.97809   0.137881  -0.312879    2.05582   -1.38986
 0.452355 -0.025648   1.97811   0.13787 -0.312899   2.05582  -1.38987
  0.452361 -0.0256473    1.97812   0.137859  -0.312919    2.05583   -1.38987
  0.452367 -0.0256467    1.97814   0.137848  -0.312939    2.05583   -1.38987
 0.452373 -0.025646   1.97816  0.137837 -0.312959   2.05584  -1.38987
  0.452378 -0.0256453    1.97818   0.137827  -0.312979    2.05585   -1.38988
  0.452384 -0.0256446     1.9782   0.137816     -0.313    2.05585   -1.38988
  0.452389 -0.0256439    1.97822   0.137805   -0.31302    2.05586   -1.38988
  0.452395 -0.0256432    1.97824   0.137795   -0.31304    2.05586   -1.38988
    0.4524 -0.0256424    1.97825   0.137785   -0.31306    2.05587   -1.38988
  0.452406 -0.0256416    1.97827   0.137775   -0.31308    2.05587   -1.38989
  0.452411 -0.0256408    1.97829   0.137764    -0.3131    2.05588   -1.38989
0.452417 -0.02564  1.97831 0.137754 -0.31312  2.05588 -1.38989
  0.452422 -0.0256392    1.97833   0.137744   -0.31314    2.05589   -1.38989
  0.452427 -0.0256383    1.97835   0.137735   -0.31316    2.05589    -1.3899
  0.452432 -0.0256374    1.97837   0.137725   -0.31318     2.0559    -1.3899
  0.452438 -0.0256365    1.97839   0.137715    -0.3132     2.0559    -1.3899
  0.452443 -0.0256356     1.9784   0.137706   -0.31322    2.05591    -1.3899
  0.452448 -0.0256347    1.97842   0.137696   -0.31324    2.05591    -1.3899
  0.452453 -0.0256338    1.97844   0.137687   -0.31326    2.05592   -1.38991
  0.452458 -0.0256328    1.97846   0.137677   -0.31328    2.05592   -1.38991
  0.452463 -0.0256318    1.97848   0.137668    -0.3133    2.05593   -1.38991
  0.452468 -0.0256308     1.9785   0.137659   -0.31332    2.05593   -1.38991
  0.452473 -0.0256298    1.97852    0.13765  -0.313341    2.05594   -1.38991
  0.452478 -0.0256287    1.97854   0.137641  -0.313361    2.05594   -1.38992
  0.452483 -0.0256277    1.97855   0.137632  -0.313381    2.05595   -1.38992
  0.452488 -0.0256266    1.97857   0.137623  -0.313401    2.05595   -1.38992
  0.452492 -0.0256255    1.97859   0.137615  -0.313421    2.05596   -1.38992
  0.452497 -0.0256244    1.97861   0.137606  -0.313441    2.05596   -1.38992
  0.452502 -0.0256233    1.97863   0.137597  -0.313461    2.05596   -1.38993
  0.452507 -0.0256222    1.97865   0.137589   -0.31348    2.05597   -1.38993
 0.452511 -0.025621   1.97867  0.137581   -0.3135   2.05597  -1.38993
  0.452516 -0.0256199    1.97869   0.137572   -0.31352    2.05598   -1.38993
   0.45252 -0.0256187     1.9787   0.137564   -0.31354    2.05598   -1.38993
  0.452525 -0.0256175    1.97872   0.137556   -0.31356    2.05599   -1.38994
   0.45253 -0.0256163    1.97874   0.137548   -0.31358    2.05599   -1.38994
 0.452534 -0.025615   1.97876   0.13754   -0.3136   2.05599  -1.38994
  0.452538 -0.0256138    1.97878   0.137532   -0.31362      2.056   -1.38994
  0.452543 -0.0256125     1.9788   0.137524   -0.31364      2.056   -1.38994
  0.452547 -0.0256112    1.97882   0.137516   -0.31366    2.05601   -1.38995
0.452552 -0.02561  1.97884 0.137509 -0.31368  2.05601 -1.38995
  0.452556 -0.0256086    1.97885   0.137501    -0.3137    2.05601   -1.38995
   0.45256 -0.0256073    1.97887   0.137494   -0.31372    2.05602   -1.38995
 0.452565 -0.025606   1.97889  0.137486  -0.31374   2.05602  -1.38995
  0.452569 -0.0256046    1.97891   0.137479   -0.31376    2.05603   -1.38995
  0.452573 -0.0256033    1.97893   0.137471   -0.31378    2.05603   -1.38996
  0.452577 -0.0256019    1.97895   0.137464    -0.3138    2.05603   -1.38996
  0.452581 -0.0256005    1.97897   0.137457   -0.31382    2.05604   -1.38996
  0.452586 -0.0255991    1.97899    0.13745  -0.313839    2.05604   -1.38996
   0.45259 -0.0255977      1.979   0.137443  -0.313859    2.05604   -1.38996
  0.452594 -0.0255963    1.97902   0.137436  -0.313879    2.05605   -1.38997
  0.452598 -0.0255948    1.97904   0.137429  -0.313899    2.05605   -1.38997
  0.452602 -0.0255933    1.97906   0.137422  -0.313919    2.05605   -1.38997
  0.452606 -0.0255919    1.97908   0.137415  -0.313939    2.05606   -1.38997
   0.45261 -0.0255904     1.9791   0.137408  -0.313959    2.05606   -1.38997
  0.452614 -0.0255889    1.97912   0.137402  -0.313979    2.05606   -1.38997
  0.452618 -0.0255874    1.97914   0.137395  -0.313999    2.05607   -1.38998
  0.452621 -0.0255859    1.97915   0.137389  -0.314019    2.05607   -1.38998
  0.452625 -0.0255843    1.97917   0.137382  -0.314038    2.05608   -1.38998
  0.452629 -0.0255828    1.97919   0.137376  -0.314058    2.05608   -1.38998
  0.452633 -0.0255812    1.97921   0.137369  -0.314078    2.05608   -1.38998
  0.452637 -0.0255796    1.97923   0.137363  -0.314098    2.05608   -1.38998
  0.45264 -0.025578   1.97925  0.137357 -0.314118   2.05609  -1.38998
  0.452644 -0.0255764    1.97927   0.137351  -0.314138    2.05609   -1.38999
  0.452648 -0.0255748    1.97929   0.137345  -0.314158    2.05609   -1.38999
  0.452652 -0.0255732     1.9793   0.137339  -0.314177     2.0561   -1.38999
  0.452655 -0.0255716    1.97932   0.137333  -0.314197     2.0561   -1.38999
  0.452659 -0.0255699    1.97934   0.137327  -0.314217     2.0561   -1.38999
  0.452662 -0.0255683    1.97936   0.137321  -0.314237    2.05611   -1.38999
  0.452666 -0.0255666    1.97938   0.137315  -0.314257    2.05611      -1.39
   0.45267 -0.0255649     1.9794   0.137309  -0.314277    2.05611      -1.39
  0.452673 -0.0255632    1.97942   0.137304  -0.314296    2.05612      -1.39
  0.452677 -0.0255615    1.97944   0.137298  -0.314316    2.05612      -1.39
   0.45268 -0.0255598    1.97946   0.137292  -0.314336    2.05612      -1.39
  0.452684 -0.0255581    1.97947   0.137287  -0.314356    2.05612      -1.39
  0.452687 -0.0255563    1.97949   0.137281  -0.314376    2.05613      -1.39
   0.45269 -0.0255546    1.97951   0.137276  -0.314396    2.05613   -1.39001
  0.452694 -0.0255528    1.97953   0.137271  -0.314415    2.05613   -1.39001
  0.452697 -0.0255511    1.97955   0.137265  -0.314435    2.05614   -1.39001
    0.4527 -0.0255493    1.97957    0.13726  -0.314455    2.05614   -1.39001
  0.452704 -0.0255475    1.97959   0.137255  -0.314475    2.05614   -1.39001
  0.452707 -0.0255457    1.97961    0.13725  -0.314495    2.05614   -1.39001
   0.45271 -0.0255439    1.97962   0.137245  -0.314514    2.05615   -1.39001
  0.452714 -0.0255421    1.97964    0.13724  -0.314534    2.05615   -1.39002
  0.452717 -0.0255402    1.97966   0.137235  -0.314554    2.05615   -1.39002
   0.45272 -0.0255384    1.97968    0.13723  -0.314574    2.05615   -1.39002
  0.452723 -0.0255365     1.9797   0.137225  -0.314594    2.05616   -1.39002
  0.452727 -0.0255347    1.97972    0.13722  -0.314613    2.05616   -1.39002
   0.45273 -0.0255328    1.97974   0.137215  -0.314633    2.05616   -1.39002
  0.452733 -0.0255309    1.97976    0.13721  -0.314653    2.05616   -1.39002
 0.452736 -0.025529   1.97978  0.137205 -0.314673   2.05617  -1.39002
  0.452739 -0.0255271    1.97979   0.137201  -0.314693    2.05617   -1.39003
  0.452742 -0.0255252    1.97981   0.137196  -0.314712    2.05617   -1.39003
  0.452745 -0.0255233    1.97983   0.137192  -0.314732    2.05617   -1.39003
  0.452748 -0.0255214    1.97985   0.137187  -0.314752    2.05618   -1.39003
  0.452751 -0.0255194    1.97987   0.137183  -0.314772    2.05618   -1.39003
  0.452754 -0.0255175    1.97989   0.137178  -0.314791    2.05618   -1.39003
  0.452757 -0.0255155    1.97991   0.137174  -0.314811    2.05618   -1.39003
   0.45276 -0.0255136    1.97993   0.137169  -0.314831    2.05618   -1.39004
  0.452763 -0.0255116    1.97995   0.137165  -0.314851    2.05619   -1.39004
  0.452766 -0.0255096    1.97996   0.137161   -0.31487    2.05619   -1.39004
  0.452769 -0.0255076    1.97998   0.137157   -0.31489    2.05619   -1.39004
  0.452772 -0.0255056       1.98   0.137152   -0.31491    2.05619   -1.39004
  0.452775 -0.0255036    1.98002   0.137148   -0.31493     2.0562   -1.39004
  0.452778 -0.0255016    1.98004   0.137144  -0.314949     2.0562   -1.39004
   0.45278 -0.0254996    1.98006    0.13714  -0.314969     2.0562   -1.39004
  0.452783 -0.0254976    1.98008   0.137136  -0.314989     2.0562   -1.39005
  0.452786 -0.0254955     1.9801   0.137132  -0.315009     2.0562   -1.39005
  0.452789 -0.0254935    1.98012   0.137128  -0.315028    2.05621   -1.39005
  0.452792 -0.0254914    1.98013   0.137124  -0.315048    2.05621   -1.39005
  0.452794 -0.0254894    1.98015    0.13712  -0.315068    2.05621   -1.39005
  0.452797 -0.0254873    1.98017   0.137117  -0.315088    2.05621   -1.39005
    0.4528 -0.0254852    1.98019   0.137113  -0.315107    2.05621   -1.39005
  0.452803 -0.0254831    1.98021   0.137109  -0.315127    2.05622   -1.39005
 0.452805 -0.025481   1.98023  0.137105 -0.315147   2.05622  -1.39005
  0.452808 -0.0254789    1.98025   0.137102  -0.315167    2.05622   -1.39006
  0.452811 -0.0254768    1.98027   0.137098  -0.315186    2.05622   -1.39006
  0.452813 -0.0254747    1.98029   0.137094  -0.315206    2.05622   -1.39006
  0.452816 -0.0254726     1.9803   0.137091  -0.315226    2.05622   -1.39006
  0.452819 -0.0254704    1.98032   0.137087  -0.315246    2.05623   -1.39006
  0.452821 -0.0254683    1.98034   0.137084  -0.315265    2.05623   -1.39006
  0.452824 -0.0254661    1.98036    0.13708  -0.315285    2.05623   -1.39006
 0.452826 -0.025464   1.98038  0.137077 -0.315305   2.05623  -1.39006
  0.452829 -0.0254618     1.9804   0.137074  -0.315324    2.05623   -1.39006
  0.452831 -0.0254596    1.98042    0.13707  -0.315344    2.05623   -1.39007
  0.452834 -0.0254575    1.98044   0.137067  -0.315364    2.05624   -1.39007
  0.452836 -0.0254553    1.98046   0.137064  -0.315384    2.05624   -1.39007
  0.452839 -0.0254531    1.98047   0.137061  -0.315403    2.05624   -1.39007
  0.452841 -0.0254509    1.98049   0.137057  -0.315423    2.05624   -1.39007
  0.452844 -0.0254487    1.98051   0.137054  -0.315443    2.05624   -1.39007
  0.452846 -0.0254465    1.98053   0.137051  -0.315462    2.05624   -1.39007
  0.452849 -0.0254443    1.98055   0.137048  -0.315482    2.05625   -1.39007
 0.452851 -0.025442   1.98057  0.137045 -0.315502   2.05625  -1.39007
  0.452854 -0.0254398    1.98059   0.137042  -0.315522    2.05625   -1.39007
  0.452856 -0.0254376    1.98061   0.137039  -0.315541    2.05625   -1.39008
  0.452858 -0.0254353    1.98063   0.137036  -0.315561    2.05625   -1.39008
  0.452861 -0.0254331    1.98064   0.137033  -0.315581    2.05625   -1.39008
  0.452863 -0.0254308    1.98066    0.13703    -0.3156    2.05626   -1.39008
  0.452865 -0.0254286    1.98068   0.137027   -0.31562    2.05626   -1.39008
  0.452868 -0.0254263     1.9807   0.137024   -0.31564    2.05626   -1.39008
  0.45287 -0.025424   1.98072  0.137021 -0.315659   2.05626  -1.39008
  0.452872 -0.0254217    1.98074   0.137019  -0.315679    2.05626   -1.39008
  0.452875 -0.0254195    1.98076   0.137016  -0.315699    2.05626   -1.39008
  0.452877 -0.0254172    1.98078   0.137013  -0.315719    2.05626   -1.39008
  0.452879 -0.0254149     1.9808    0.13701  -0.315738    2.05627   -1.39009
  0.452882 -0.0254126    1.98082   0.137008  -0.315758    2.05627   -1.39009
  0.452884 -0.0254102    1.98083   0.137005  -0.315778    2.05627   -1.39009
  0.452886 -0.0254079    1.98085   0.137002  -0.315797    2.05627   -1.39009
  0.452888 -0.0254056    1.98087      0.137  -0.315817    2.05627   -1.39009
   0.45289 -0.0254033    1.98089   0.136997  -0.315837    2.05627   -1.39009
  0.452893 -0.0254009    1.98091   0.136995  -0.315856    2.05627   -1.39009
  0.452895 -0.0253986    1.98093   0.136992  -0.315876    2.05627   -1.39009
  0.452897 -0.0253963    1.98095    0.13699  -0.315896    2.05628   -1.39009
  0.452899 -0.0253939    1.98097   0.136987  -0.315915    2.05628   -1.39009
  0.452901 -0.0253916    1.98099   0.136985  -0.315935    2.05628    -1.3901
  0.452904 -0.0253892      1.981   0.136983  -0.315955    2.05628    -1.3901
  0.452906 -0.0253868    1.98102    0.13698  -0.315974    2.05628    -1.3901
  0.452908 -0.0253845    1.98104   0.136978  -0.315994    2.05628    -1.3901
   0.45291 -0.0253821    1.98106   0.136975  -0.316014    2.05628    -1.3901
  0.452912 -0.0253797    1.98108   0.136973  -0.316033    2.05628    -1.3901
  0.452914 -0.0253773     1.9811   0.136971  -0.316053    2.05629    -1.3901
  0.452916 -0.0253749    1.98112   0.136969  -0.316073    2.05629    -1.3901
  0.452918 -0.0253725    1.98114   0.136966  -0.316092    2.05629    -1.3901
   0.45292 -0.0253701    1.98116   0.136964  -0.316112    2.05629    -1.3901
  0.452922 -0.0253677    1.98118   0.136962  -0.316132    2.05629    -1.3901
  0.452924 -0.0253653    1.98119    0.13696  -0.316151    2.05629   -1.39011
  0.452926 -0.0253629    1.98121   0.136958  -0.316171    2.05629   -1.39011
  0.452928 -0.0253604    1.98123   0.136956  -0.316191    2.05629   -1.39011
  0.45293 -0.025358   1.98125  0.136954  -0.31621   2.05629  -1.39011
  0.452932 -0.0253556    1.98127   0.136952   -0.31623    2.05629   -1.39011
  0.452934 -0.0253532    1.98129    0.13695   -0.31625     2.0563   -1.39011
  0.452936 -0.0253507    1.98131   0.136948  -0.316269     2.0563   -1.39011
  0.452938 -0.0253483    1.98133   0.136946  -0.316289     2.0563   -1.39011
   0.45294 -0.0253458    1.98135   0.136944  -0.316309     2.0563   -1.39011
  0.452942 -0.0253434    1.98137   0.136942  -0.316328     2.0563   -1.39011
  0.452944 -0.0253409    1.98138    0.13694  -0.316348     2.0563   -1.39011
  0.452946 -0.0253384     1.9814   0.136938  -0.316368     2.0563   -1.39011
 0.452948 -0.025336   1.98142  0.136936 -0.316387    2.0563  -1.39012
   0.45295 -0.0253335    1.98144   0.136934  -0.316407     2.0563   -1.39012
 0.452952 -0.025331   1.98146  0.136932 -0.316427    2.0563  -1.39012
  0.452954 -0.0253285    1.98148   0.136931  -0.316446    2.05631   -1.39012
 0.452956 -0.025326    1.9815  0.136929 -0.316466   2.05631  -1.39012
  0.452958 -0.0253236    1.98152   0.136927  -0.316486    2.05631   -1.39012
   0.45296 -0.0253211    1.98154   0.136925  -0.316505    2.05631   -1.39012
  0.452961 -0.0253186    1.98156   0.136923  -0.316525    2.05631   -1.39012
  0.452963 -0.0253161    1.98157   0.136922  -0.316545    2.05631   -1.39012
  0.452965 -0.0253135    1.98159    0.13692  -0.316564    2.05631   -1.39012
 0.452967 -0.025311   1.98161  0.136918 -0.316584   2.05631  -1.39012
  0.452969 -0.0253085    1.98163   0.136917  -0.316604    2.05631   -1.39012
 0.452971 -0.025306   1.98165  0.136915 -0.316623   2.05631  -1.39013
  0.452972 -0.0253035    1.98167   0.136914  -0.316643    2.05631   -1.39013
 0.452974 -0.025301   1.98169  0.136912 -0.316663   2.05631  -1.39013
  0.452976 -0.0252984    1.98171    0.13691  -0.316682    2.05632   -1.39013
  0.452978 -0.0252959    1.98173   0.136909  -0.316702    2.05632   -1.39013
   0.45298 -0.0252933    1.98175   0.136907  -0.316722    2.05632   -1.39013
  0.452981 -0.0252908    1.98176   0.136906  -0.316741    2.05632   -1.39013
  0.452983 -0.0252883    1.98178   0.136904  -0.316761    2.05632   -1.39013
  0.452985 -0.0252857     1.9818   0.136903   -0.31678    2.05632   -1.39013
  0.452987 -0.0252831    1.98182   0.136901    -0.3168    2.05632   -1.39013
  0.452988 -0.0252806    1.98184     0.1369   -0.31682    2.05632   -1.39013
  0.45299 -0.025278   1.98186  0.136899 -0.316839   2.05632  -1.39013
  0.452992 -0.0252755    1.98188   0.136897  -0.316859    2.05632   -1.39013
  0.452994 -0.0252729     1.9819   0.136896  -0.316879    2.05632   -1.39014
  0.452995 -0.0252703    1.98192   0.136894  -0.316898    2.05632   -1.39014
  0.452997 -0.0252677    1.98194   0.136893  -0.316918    2.05632   -1.39014
  0.452999 -0.0252652    1.98195   0.136892  -0.316938    2.05632   -1.39014
     0.453 -0.0252626    1.98197    0.13689  -0.316957    2.05633   -1.39014
 0.453002  -0.02526   1.98199  0.136889 -0.316977   2.05633  -1.39014
  0.453004 -0.0252574    1.98201   0.136888  -0.316997    2.05633   -1.39014
  0.453005 -0.0252548    1.98203   0.136886  -0.317016    2.05633   -1.39014
  0.453007 -0.0252522    1.98205   0.136885  -0.317036    2.05633   -1.39014
  0.453009 -0.0252496    1.98207   0.136884  -0.317056    2.05633   -1.39014
  0.45301 -0.025247   1.98209  0.136883 -0.317075   2.05633  -1.39014
  0.453012 -0.0252444    1.98211   0.136882  -0.317095    2.05633   -1.39014
  0.453014 -0.0252418    1.98213    0.13688  -0.317114    2.05633   -1.39014
  0.453015 -0.0252392    1.98214   0.136879  -0.317134    2.05633   -1.39014
  0.453017 -0.0252366    1.98216   0.136878  -0.317154    2.05633   -1.39015
 0.453019 -0.025234   1.98218  0.136877 -0.317173   2.05633  -1.39015
   0.45302 -0.0252313     1.9822   0.136876  -0.317193    2.05633   -1.39015
  0.453022 -0.0252287    1.98222   0.136875  -0.317213    2.05633   -1.39015
  0.453023 -0.0252261    1.98224   0.136874  -0.317232    2.05633   -1.39015
  0.453025 -0.0252234    1.98226   0.136872  -0.317252    2.05633   -1.39015
  0.453027 -0.0252208    1.98228   0.136871  -0.317272    2.05633   -1.39015
  0.453028 -0.0252182     1.9823    0.13687  -0.317291    2.05634   -1.39015
   0.45303 -0.0252155    1.98232   0.136869  -0.317311    2.05634   -1.39015
  0.453031 -0.0252129    1.98233   0.136868   -0.31733    2.05634   -1.39015
  0.453033 -0.0252102    1.98235   0.136867   -0.31735    2.05634   -1.39015
  0.453035 -0.0252076    1.98237   0.136866   -0.31737    2.05634   -1.39015
  0.453036 -0.0252049    1.98239   0.136865  -0.317389    2.05634   -1.39015
  0.453038 -0.0252023    1.98241   0.136864  -0.317409    2.05634   -1.39015
  0.453039 -0.0251996    1.98243   0.136863  -0.317429    2.05634   -1.39015
 0.453041 -0.025197   1.98245  0.136862 -0.317448   2.05634  -1.39016
  0.453042 -0.0251943    1.98247   0.136861  -0.317468    2.05634   -1.39016
  0.453044 -0.0251916    1.98249   0.136861  -0.317488    2.05634   -1.39016
 0.453045 -0.025189   1.98251   0.13686 -0.317507   2.05634  -1.39016
  0.453047 -0.0251863    1.98253   0.136859  -0.317527    2.05634   -1.39016
  0.453048 -0.0251836    1.98254   0.136858  -0.317546    2.05634   -1.39016
   0.45305 -0.0251809    1.98256   0.136857  -0.317566    2.05634   -1.39016
  0.453051 -0.0251783    1.98258   0.136856  -0.317586    2.05634   -1.39016
  0.453053 -0.0251756     1.9826   0.136855  -0.317605    2.05634   -1.39016
  0.453054 -0.0251729    1.98262   0.136854  -0.317625    2.05634   -1.39016
  0.453056 -0.0251702    1.98264   0.136854  -0.317645    2.05634   -1.39016
  0.453057 -0.0251675    1.98266   0.136853  -0.317664    2.05634   -1.39016
  0.453059 -0.0251648    1.98268   0.136852  -0.317684    2.05634   -1.39016
   0.45306 -0.0251621     1.9827   0.136851  -0.317704    2.05634   -1.39016
  0.453062 -0.0251594    1.98272    0.13685  -0.317723    2.05634   -1.39016
  0.453063 -0.0251567    1.98274    0.13685  -0.317743    2.05634   -1.39017
 0.453065 -0.025154   1.98275  0.136849 -0.317763   2.05635  -1.39017
  0.453066 -0.0251513    1.98277   0.136848  -0.317782    2.05635   -1.39017
  0.453068 -0.0251486    1.98279   0.136847  -0.317802    2.05635   -1.39017
  0.453069 -0.0251459    1.98281   0.136847  -0.317821    2.05635   -1.39017
   0.45307 -0.0251432    1.98283   0.136846  -0.317841    2.05635   -1.39017
  0.453072 -0.0251405    1.98285   0.136845  -0.317861    2.05635   -1.39017
  0.453073 -0.0251378    1.98287   0.136845   -0.31788    2.05635   -1.39017
  0.453075 -0.0251351    1.98289   0.136844    -0.3179    2.05635   -1.39017
  0.453076 -0.0251323    1.98291   0.136843   -0.31792    2.05635   -1.39017
  0.453078 -0.0251296    1.98293   0.136843  -0.317939    2.05635   -1.39017
  0.453079 -0.0251269    1.98294   0.136842  -0.317959    2.05635   -1.39017
   0.45308 -0.0251242    1.98296   0.136841  -0.317979    2.05635   -1.39017
  0.453082 -0.0251214    1.98298   0.136841  -0.317998    2.05635   -1.39017
  0.453083 -0.0251187      1.983    0.13684  -0.318018    2.05635   -1.39017
 0.453085 -0.025116   1.98302   0.13684 -0.318037   2.05635  -1.39017
  0.453086 -0.0251132    1.98304   0.136839  -0.318057    2.05635   -1.39018
  0.453087 -0.0251105    1.98306   0.136838  -0.318077    2.05635   -1.39018
  0.453089 -0.0251077    1.98308   0.136838  -0.318096    2.05635   -1.39018
  0.45309 -0.025105    1.9831  0.136837 -0.318116   2.05635  -1.39018
  0.453092 -0.0251023    1.98312   0.136837  -0.318136    2.05635   -1.39018
  0.453093 -0.0250995    1.98314   0.136836  -0.318155    2.05635   -1.39018
  0.453094 -0.0250968    1.98315   0.136836  -0.318175    2.05635   -1.39018
 0.453096 -0.025094   1.98317  0.136835 -0.318195   2.05635  -1.39018
  0.453097 -0.0250913    1.98319   0.136835  -0.318214    2.05635   -1.39018
  0.453098 -0.0250885    1.98321   0.136834  -0.318234    2.05635   -1.39018
    0.4531 -0.0250857    1.98323   0.136834  -0.318253    2.05635   -1.39018
 0.453101 -0.025083   1.98325  0.136833 -0.318273   2.05635  -1.39018
  0.453102 -0.0250802    1.98327   0.136833  -0.318293    2.05635   -1.39018
  0.453104 -0.0250775    1.98329   0.136832  -0.318312    2.05635   -1.39018
  0.453105 -0.0250747    1.98331   0.136832  -0.318332    2.05635   -1.39018
  0.453106 -0.0250719    1.98333   0.136831  -0.318352    2.05635   -1.39018
  0.453108 -0.0250692    1.98335   0.136831  -0.318371    2.05635   -1.39018
  0.453109 -0.0250664    1.98336   0.136831  -0.318391    2.05635   -1.39019
   0.45311 -0.0250636    1.98338    0.13683  -0.318411    2.05635   -1.39019
  0.453112 -0.0250608     1.9834    0.13683   -0.31843    2.05635   -1.39019
  0.453113 -0.0250581    1.98342   0.136829   -0.31845    2.05635   -1.39019
  0.453114 -0.0250553    1.98344   0.136829  -0.318469    2.05635   -1.39019
  0.453116 -0.0250525    1.98346   0.136829  -0.318489    2.05635   -1.39019
  0.453117 -0.0250497    1.98348   0.136828  -0.318509    2.05635   -1.39019
 0.453118 -0.025047    1.9835  0.136828 -0.318528   2.05635  -1.39019
   0.45312 -0.0250442    1.98352   0.136828  -0.318548    2.05635   -1.39019
  0.453121 -0.0250414    1.98354   0.136827  -0.318568    2.05635   -1.39019
  0.453122 -0.0250386    1.98356   0.136827  -0.318587    2.05636   -1.39019
  0.453123 -0.0250358    1.98357   0.136826  -0.318607    2.05636   -1.39019
 0.453125 -0.025033   1.98359  0.136826 -0.318627   2.05636  -1.39019
  0.453126 -0.0250302    1.98361   0.136826  -0.318646    2.05636   -1.39019
  0.453127 -0.0250274    1.98363   0.136826  -0.318666    2.05636   -1.39019
  0.453129 -0.0250246    1.98365   0.136825  -0.318686    2.05636   -1.39019
   0.45313 -0.0250218    1.98367   0.136825  -0.318705    2.05636   -1.39019
 0.453131 -0.025019   1.98369  0.136825 -0.318725   2.05636  -1.39019
  0.453132 -0.0250162    1.98371   0.136824  -0.318744    2.05636    -1.3902
  0.453134 -0.0250134    1.98373   0.136824  -0.318764    2.05636    -1.3902
  0.453135 -0.0250106    1.98375   0.136824  -0.318784    2.05636    -1.3902
  0.453136 -0.0250078    1.98377   0.136824  -0.318803    2.05636    -1.3902
 0.453137 -0.025005   1.98379  0.136823 -0.318823   2.05636   -1.3902
  0.453139 -0.0250022     1.9838   0.136823  -0.318843    2.05636    -1.3902
   0.45314 -0.0249994    1.98382   0.136823  -0.318862    2.05636    -1.3902
  0.453141 -0.0249966    1.98384   0.136823  -0.318882    2.05636    -1.3902
  0.453142 -0.0249938    1.98386   0.136822  -0.318902    2.05636    -1.3902
  0.453144 -0.0249909    1.98388   0.136822  -0.318921    2.05636    -1.3902
  0.453145 -0.0249881     1.9839   0.136822  -0.318941    2.05636    -1.3902
  0.453146 -0.0249853    1.98392   0.136822  -0.318961    2.05636    -1.3902
  0.453147 -0.0249825    1.98394   0.136822   -0.31898    2.05636    -1.3902
  0.453149 -0.0249797    1.98396   0.136821     -0.319    2.05636    -1.3902
   0.45315 -0.0249769    1.98398   0.136821  -0.319019    2.05636    -1.3902
 0.453151 -0.024974     1.984  0.136821 -0.319039   2.05636   -1.3902
  0.453152 -0.0249712    1.98401   0.136821  -0.319059    2.05636    -1.3902
  0.453153 -0.0249684    1.98403   0.136821  -0.319078    2.05636    -1.3902
  0.453155 -0.0249655    1.98405   0.136821  -0.319098    2.05636   -1.39021
  0.453156 -0.0249627    1.98407    0.13682  -0.319118    2.05636   -1.39021
  0.453157 -0.0249599    1.98409    0.13682  -0.319137    2.05636   -1.39021
  0.453158 -0.0249571    1.98411    0.13682  -0.319157    2.05636   -1.39021
   0.45316 -0.0249542    1.98413    0.13682  -0.319177    2.05636   -1.39021
  0.453161 -0.0249514    1.98415    0.13682  -0.319196    2.05636   -1.39021
  0.453162 -0.0249486    1.98417    0.13682  -0.319216    2.05636   -1.39021
  0.453163 -0.0249457    1.98419    0.13682  -0.319236    2.05636   -1.39021
  0.453164 -0.0249429    1.98421   0.136819  -0.319255    2.05636   -1.39021
 0.453166  -0.02494   1.98423  0.136819 -0.319275   2.05636  -1.39021
  0.453167 -0.0249372    1.98424   0.136819  -0.319295    2.05636   -1.39021
  0.453168 -0.0249344    1.98426   0.136819  -0.319314    2.05636   -1.39021
  0.453169 -0.0249315    1.98428   0.136819  -0.319334    2.05636   -1.39021
   0.45317 -0.0249287     1.9843   0.136819  -0.319354    2.05636   -1.39021
  0.453171 -0.0249258    1.98432   0.136819  -0.319373    2.05636   -1.39021
 0.453173 -0.024923   1.98434  0.136819 -0.319393   2.05636  -1.39021
  0.453174 -0.0249201    1.98436   0.136819  -0.319412    2.05636   -1.39021
  0.453175 -0.0249173    1.98438   0.136819  -0.319432    2.05636   -1.39021
  0.453176 -0.0249144     1.9844   0.136819  -0.319452    2.05636   -1.39021
  0.453177 -0.0249116    1.98442   0.136819  -0.319471    2.05636   -1.39022
  0.453179 -0.0249087    1.98444   0.136819  -0.319491    2.05636   -1.39022
   0.45318 -0.0249059    1.98445   0.136819  -0.319511    2.05636   -1.39022
 0.453181 -0.024903   1.98447  0.136819  -0.31953   2.05636  -1.39022
  0.453182 -0.0249002    1.98449   0.136819   -0.31955    2.05636   -1.39022
  0.453183 -0.0248973    1.98451   0.136819   -0.31957    2.05636   -1.39022
  0.453184 -0.0248944    1.98453   0.136819  -0.319589    2.05636   -1.39022
  0.453185 -0.0248916    1.98455   0.136818  -0.319609    2.05636   -1.39022
  0.453187 -0.0248887    1.98457   0.136818  -0.319629    2.05636   -1.39022
  0.453188 -0.0248859    1.98459   0.136818  -0.319648    2.05636   -1.39022
 0.453189 -0.024883   1.98461  0.136818 -0.319668   2.05636  -1.39022
   0.45319 -0.0248801    1.98463   0.136819  -0.319688    2.05636   -1.39022
  0.453191 -0.0248773    1.98465   0.136819  -0.319707    2.05636   -1.39022
  0.453192 -0.0248744    1.98467   0.136819  -0.319727    2.05636   -1.39022
  0.453194 -0.0248715    1.98468   0.136819  -0.319747    2.05636   -1.39022
  0.453195 -0.0248687     1.9847   0.136819  -0.319766    2.05636   -1.39022
  0.453196 -0.0248658    1.98472   0.136819  -0.319786    2.05636   -1.39022
  0.453197 -0.0248629    1.98474   0.136819  -0.319806    2.05636   -1.39022
 0.453198  -0.02486   1.98476  0.136819 -0.319825   2.05636  -1.39022
  0.453199 -0.0248572    1.98478   0.136819  -0.319845    2.05636   -1.39022
    0.4532 -0.0248543     1.9848   0.136819  -0.319865    2.05636   -1.39023
  0.453201 -0.0248514    1.98482   0.136819  -0.319884    2.05636   -1.39023
  0.453203 -0.0248485    1.98484   0.136819  -0.319904    2.05636   -1.39023
  0.453204 -0.0248457    1.98486   0.136819  -0.319924    2.05636   -1.39023
  0.453205 -0.0248428    1.98488   0.136819  -0.319943    2.05636   -1.39023
  0.453206 -0.0248399     1.9849   0.136819  -0.319963    2.05636   -1.39023
 0.453207 -0.024837   1.98491  0.136819 -0.319983   2.05636  -1.39023
  0.453208 -0.0248342    1.98493   0.136819  -0.320002    2.05636   -1.39023
  0.453209 -0.0248313    1.98495   0.136819  -0.320022    2.05636   -1.39023
   0.45321 -0.0248284    1.98497   0.136819  -0.320042    2.05636   -1.39023
  0.453212 -0.0248255    1.98499    0.13682  -0.320061    2.05636   -1.39023
  0.453213 -0.0248226    1.98501    0.13682  -0.320081    2.05636   -1.39023
  0.453214 -0.0248197    1.98503    0.13682  -0.320101    2.05636   -1.39023
  0.453215 -0.0248169    1.98505    0.13682   -0.32012    2.05636   -1.39023
 0.453216 -0.024814   1.98507   0.13682  -0.32014   2.05636  -1.39023
  0.453217 -0.0248111    1.98509    0.13682   -0.32016    2.05636   -1.39023
  0.453218 -0.0248082    1.98511    0.13682  -0.320179    2.05636   -1.39023
  0.453219 -0.0248053    1.98513    0.13682  -0.320199    2.05636   -1.39023
   0.45322 -0.0248024    1.98514    0.13682  -0.320219    2.05636   -1.39023
  0.453222 -0.0247995    1.98516   0.136821  -0.320238    2.05636   -1.39023
  0.453223 -0.0247966    1.98518   0.136821  -0.320258    2.05635   -1.39024
  0.453224 -0.0247937     1.9852   0.136821  -0.320278    2.05635   -1.39024
  0.453225 -0.0247908    1.98522   0.136821  -0.320297    2.05635   -1.39024
  0.453226 -0.0247879    1.98524   0.136821  -0.320317    2.05635   -1.39024
 0.453227 -0.024785   1.98526  0.136821 -0.320337   2.05635  -1.39024
  0.453228 -0.0247822    1.98528   0.136821  -0.320356    2.05635   -1.39024
  0.453229 -0.0247793     1.9853   0.136822  -0.320376    2.05635   -1.39024
   0.45323 -0.0247764    1.98532   0.136822  -0.320396    2.05635   -1.39024
  0.453231 -0.0247735    1.98534   0.136822  -0.320415    2.05635   -1.39024
  0.453233 -0.0247706    1.98536   0.136822  -0.320435    2.05635   -1.39024
  0.453234 -0.0247677    1.98537   0.136822  -0.320455    2.05635   -1.39024
  0.453235 -0.0247648    1.98539   0.136822  -0.320474    2.05635   -1.39024
  0.453236 -0.0247619    1.98541   0.136823  -0.320494    2.05635   -1.39024
 0.453237 -0.024759   1.98543  0.136823 -0.320514   2.05635  -1.39024
  0.453238 -0.0247561    1.98545   0.136823  -0.320533    2.05635   -1.39024
  0.453239 -0.0247531    1.98547   0.136823  -0.320553    2.05635   -1.39024
   0.45324 -0.0247502    1.98549   0.136823  -0.320573    2.05635   -1.39024
  0.453241 -0.0247473    1.98551   0.136824  -0.320592    2.05635   -1.39024
  0.453242 -0.0247444    1.98553   0.136824  -0.320612    2.05635   -1.39024
  0.453243 -0.0247415    1.98555   0.136824  -0.320632    2.05635   -1.39024
  0.453244 -0.0247386    1.98557   0.136824  -0.320652    2.05635   -1.39024
  0.453245 -0.0247357    1.98559   0.136824  -0.320671    2.05635   -1.39025
  0.453247 -0.0247328    1.98561   0.136825  -0.320691    2.05635   -1.39025
  0.453248 -0.0247299    1.98562   0.136825  -0.320711    2.05635   -1.39025
 0.453249 -0.024727   1.98564  0.136825  -0.32073   2.05635  -1.39025
   0.45325 -0.0247241    1.98566   0.136825   -0.32075    2.05635   -1.39025
  0.453251 -0.0247212    1.98568   0.136825   -0.32077    2.05635   -1.39025
  0.453252 -0.0247182     1.9857   0.136826  -0.320789    2.05635   -1.39025
  0.453253 -0.0247153    1.98572   0.136826  -0.320809    2.05635   -1.39025
  0.453254 -0.0247124    1.98574   0.136826  -0.320829    2.05635   -1.39025
  0.453255 -0.0247095    1.98576   0.136826  -0.320848    2.05635   -1.39025
  0.453256 -0.0247066    1.98578   0.136827  -0.320868    2.05635   -1.39025
  0.453257 -0.0247037     1.9858   0.136827  -0.320888    2.05635   -1.39025
  0.453258 -0.0247007    1.98582   0.136827  -0.320907    2.05635   -1.39025
  0.453259 -0.0246978    1.98584   0.136827  -0.320927    2.05635   -1.39025
   0.45326 -0.0246949    1.98585   0.136827  -0.320947    2.05635   -1.39025
 0.453261 -0.024692   1.98587  0.136828 -0.320967   2.05635  -1.39025
  0.453262 -0.0246891    1.98589   0.136828  -0.320986    2.05635   -1.39025
  0.453264 -0.0246862    1.98591   0.136828  -0.321006    2.05635   -1.39025
  0.453265 -0.0246832    1.98593   0.136829  -0.321026    2.05635   -1.39025
  0.453266 -0.0246803    1.98595   0.136829  -0.321045    2.05635   -1.39025
  0.453267 -0.0246774    1.98597   0.136829  -0.321065    2.05635   -1.39025
  0.453268 -0.0246745    1.98599   0.136829  -0.321085    2.05635   -1.39026
  0.453269 -0.0246715    1.98601    0.13683  -0.321104    2.05635   -1.39026
   0.45327 -0.0246686    1.98603    0.13683  -0.321124    2.05635   -1.39026
  0.453271 -0.0246657    1.98605    0.13683  -0.321144    2.05635   -1.39026
  0.453272 -0.0246628    1.98607    0.13683  -0.321163    2.05635   -1.39026
  0.453273 -0.0246598    1.98609   0.136831  -0.321183    2.05635   -1.39026
  0.453274 -0.0246569     1.9861   0.136831  -0.321203    2.05635   -1.39026
 0.453275 -0.024654   1.98612  0.136831 -0.321223   2.05635  -1.39026
  0.453276 -0.0246511    1.98614   0.136832  -0.321242    2.05635   -1.39026
  0.453277 -0.0246481    1.98616   0.136832  -0.321262    2.05635   -1.39026
  0.453278 -0.0246452    1.98618   0.136832  -0.321282    2.05635   -1.39026
  0.453279 -0.0246423     1.9862   0.136832  -0.321301    2.05635   -1.39026
   0.45328 -0.0246393    1.98622   0.136833  -0.321321    2.05635   -1.39026
  0.453281 -0.0246364    1.98624   0.136833  -0.321341    2.05635   -1.39026
  0.453282 -0.0246335    1.98626   0.136833   -0.32136    2.05635   -1.39026
  0.453283 -0.0246306    1.98628   0.136834   -0.32138    2.05635   -1.39026
  0.453284 -0.0246276     1.9863   0.136834    -0.3214    2.05635   -1.39026
  0.453285 -0.0246247    1.98632   0.136834   -0.32142    2.05635   -1.39026
  0.453286 -0.0246218    1.98634   0.136834  -0.321439    2.05635   -1.39026
  0.453287 -0.0246188    1.98635   0.136835  -0.321459    2.05635   -1.39026
  0.453289 -0.0246159    1.98637   0.136835  -0.321479    2.05634   -1.39026
  0.45329 -0.024613   1.98639  0.136835 -0.321498   2.05634  -1.39026
 0.453291  -0.02461   1.98641  0.136836 -0.321518   2.05634  -1.39027
  0.453292 -0.0246071    1.98643   0.136836  -0.321538    2.05634   -1.39027
  0.453293 -0.0246041    1.98645   0.136836  -0.321558    2.05634   -1.39027
  0.453294 -0.0246012    1.98647   0.136837  -0.321577    2.05634   -1.39027
  0.453295 -0.0245983    1.98649   0.136837  -0.321597    2.05634   -1.39027
  0.453296 -0.0245953    1.98651   0.136837  -0.321617    2.05634   -1.39027
  0.453297 -0.0245924    1.98653   0.136838  -0.321636    2.05634   -1.39027
  0.453298 -0.0245895    1.98655   0.136838  -0.321656    2.05634   -1.39027
  0.453299 -0.0245865    1.98657   0.136838  -0.321676    2.05634   -1.39027
    0.4533 -0.0245836    1.98659   0.136839  -0.321696    2.05634   -1.39027
  0.453301 -0.0245806     1.9866   0.136839  -0.321715    2.05634   -1.39027
