   0.124364 -0.00979617   0.0560645
   0.117386 -0.00946019   0.0672038
  0.111342 -0.0086502  0.0722637
  0.105715 -0.0076787  0.0734502
   0.100321 -0.00670249   0.0722431
  0.0951162 -0.00579303   0.0696151
   0.090112 -0.00497666   0.0661987
 0.0853354 -0.0042572  0.0624019
   0.080813 -0.00362819    0.058485
  0.0765649 -0.00307933   0.0546117
  0.0726024 -0.00259967   0.0508814
  0.0689285 -0.00217906   0.0473515
  0.0655393 -0.00180863   0.0440518
  0.0624258 -0.00148096   0.0409939
   0.059575 -0.00118988   0.0381778
   0.0569719 -0.000930313    0.0355963
   0.0545999 -0.000698082    0.0332378
   0.0524421 -0.000489736    0.0310886
   0.0504817 -0.000302394    0.0291337
   0.0487023 -0.000133632     0.027358
  0.0470884 1.86093e-05   0.0257466
  0.0456254 0.000156101   0.0242854
  0.0442995 0.000280378   0.0229612
  0.0430984 0.000392781   0.0217614
  0.0420103 0.000494492   0.0206747
 0.0410248 0.00058656  0.0196905
  0.0401322 0.000669916   0.0187992
  0.0393238 0.000745398   0.0179922
  0.0385915 0.000813752   0.0172614
  0.0379281 0.000875655   0.0165996
  0.0373272 0.000931715   0.0160003
  0.0367827 0.000982479   0.0154575
 0.0362893 0.00102845  0.0149659
 0.0358422 0.00107006  0.0145206
  0.035437 0.00110774  0.0141172
 0.0350697 0.00114184  0.0137518
0.0347366 0.0011727 0.0134207
 0.0344347 0.00120062  0.0131208
 0.0341608 0.00122588  0.0128489
 0.0339125 0.00124873  0.0126026
 0.0336871 0.00126938  0.0123793
 0.0334827 0.00128806  0.0121769
 0.0332972 0.00130493  0.0119935
 0.0331287 0.00132018  0.0118272
 0.0329759 0.00133394  0.0116764
  0.032837 0.00134637  0.0115396
 0.0327109 0.00135758  0.0114156
 0.0325963 0.00136769  0.0113032
 0.0324922 0.00137681  0.0112012
 0.0323976 0.00138502  0.0111086
 0.0323115 0.00139241  0.0110247
 0.0322332 0.00139906  0.0109485
  0.032162 0.00140503  0.0108793
0.0320971 0.0014104 0.0108165
  0.032038 0.00141521  0.0107595
 0.0319842 0.00141952  0.0107078
 0.0319351 0.00142338  0.0106608
 0.0318904 0.00142683  0.0106181
 0.0318495 0.00142991  0.0105793
 0.0318122 0.00143265   0.010544
 0.0317781 0.00143508  0.0105119
 0.0317469 0.00143723  0.0104828
 0.0317183 0.00143914  0.0104562
 0.0316922 0.00144082  0.0104321
 0.0316682 0.00144229  0.0104101
 0.0316462 0.00144358    0.01039
0.0316259 0.0014447 0.0103718
 0.0316073 0.00144567  0.0103551
0.0315902 0.0014465 0.0103399
0.0315744 0.0014472 0.0103261
 0.0315598 0.00144779  0.0103134
 0.0315463 0.00144828  0.0103018
 0.0315338 0.00144867  0.0102912
 0.0315222 0.00144899  0.0102815
 0.0315114 0.00144922  0.0102726
 0.0315014 0.00144939  0.0102645
0.0314921 0.0014495  0.010257
 0.0314833 0.00144955  0.0102501
 0.0314752 0.00144955  0.0102438
 0.0314675 0.00144951  0.0102379
 0.0314603 0.00144942  0.0102326
0.0314535 0.0014493 0.0102276
 0.0314471 0.00144915   0.010223
 0.0314411 0.00144896  0.0102187
 0.0314353 0.00144875  0.0102148
 0.0314299 0.00144851  0.0102111
 0.0314247 0.00144825  0.0102077
 0.0314198 0.00144797  0.0102045
  0.031415 0.00144768  0.0102015
 0.0314105 0.00144737  0.0101987
 0.0314062 0.00144704   0.010196
 0.031402 0.0014467 0.0101936
  0.031398 0.00144635  0.0101912
0.0313941  0.001446  0.010189
 0.0313903 0.00144563   0.010187
 0.0313867 0.00144525   0.010185
 0.0313832 0.00144487  0.0101831
 0.0313798 0.00144448  0.0101813
 0.0313764 0.00144409  0.0101796
 0.0313732 0.00144369   0.010178
   0.03137 0.00144328  0.0101764
 0.0313669 0.00144288  0.0101749
 0.0313638 0.00144247  0.0101735
 0.0313609 0.00144206  0.0101721
 0.0313579 0.00144164  0.0101707
 0.0313551 0.00144123  0.0101694
 0.0313522 0.00144081  0.0101681
 0.0313495 0.00144039  0.0101669
 0.0313467 0.00143997  0.0101657
  0.031344 0.00143955  0.0101645
 0.0313414 0.00143913  0.0101634
 0.0313388 0.00143871  0.0101623
 0.0313362 0.00143829  0.0101612
 0.0313336 0.00143787  0.0101601
 0.0313311 0.00143745  0.0101591
 0.0313286 0.00143703  0.0101581
 0.0313261 0.00143662   0.010157
0.0313237 0.0014362 0.0101561
 0.0313212 0.00143578  0.0101551
 0.0313188 0.00143537  0.0101541
 0.0313165 0.00143495  0.0101532
 0.0313141 0.00143454  0.0101522
 0.0313117 0.00143412  0.0101513
 0.0313094 0.00143371  0.0101504
0.0313071 0.0014333 0.0101495
 0.0313048 0.00143289  0.0101486
 0.0313026 0.00143248  0.0101477
 0.0313003 0.00143208  0.0101468
 0.0312981 0.00143167  0.0101459
 0.0312959 0.00143127  0.0101451
 0.0312937 0.00143087  0.0101442
 0.0312915 0.00143047  0.0101434
 0.0312893 0.00143007  0.0101425
 0.0312872 0.00142967  0.0101417
  0.031285 0.00142927  0.0101409
 0.0312829 0.00142888    0.01014
 0.0312808 0.00142848  0.0101392
 0.0312787 0.00142809  0.0101384
0.0312766 0.0014277 0.0101376
 0.0312745 0.00142731  0.0101368
 0.0312724 0.00142692   0.010136
 0.0312704 0.00142654  0.0101352
 0.0312683 0.00142615  0.0101344
 0.0312663 0.00142577  0.0101337
 0.0312643 0.00142539  0.0101329
 0.0312623 0.00142501  0.0101321
 0.0312603 0.00142463  0.0101314
 0.0312583 0.00142426  0.0101306
 0.0312563 0.00142388  0.0101298
 0.0312544 0.00142351  0.0101291
 0.0312524 0.00142314  0.0101283
 0.0312505 0.00142276  0.0101276
0.0312486 0.0014224 0.0101268
 0.0312467 0.00142203  0.0101261
 0.0312448 0.00142166  0.0101254
0.0312429 0.0014213 0.0101247
  0.031241 0.00142094  0.0101239
 0.0312391 0.00142057  0.0101232
 0.0312373 0.00142021  0.0101225
 0.0312354 0.00141986  0.0101218
0.0312336 0.0014195 0.0101211
 0.0312317 0.00141914  0.0101204
 0.0312299 0.00141879  0.0101197
 0.0312281 0.00141844   0.010119
 0.0312263 0.00141809  0.0101183
 0.0312245 0.00141774  0.0101176
 0.0312227 0.00141739  0.0101169
  0.031221 0.00141704  0.0101162
0.0312192 0.0014167 0.0101155
 0.0312175 0.00141636  0.0101149
 0.0312157 0.00141601  0.0101142
  0.031214 0.00141567  0.0101135
 0.0312123 0.00141533  0.0101128
0.0312106  0.001415 0.0101122
 0.0312089 0.00141466  0.0101115
 0.0312072 0.00141433  0.0101109
 0.0312055 0.00141399  0.0101102
 0.0312038 0.00141366  0.0101096
 0.0312021 0.00141333  0.0101089
0.0312005  0.001413 0.0101083
 0.0311988 0.00141267  0.0101076
 0.0311972 0.00141234   0.010107
 0.0311956 0.00141202  0.0101064
0.0311939 0.0014117 0.0101057
 0.0311923 0.00141137  0.0101051
 0.0311907 0.00141105  0.0101045
 0.0311891 0.00141073  0.0101038
 0.0311875 0.00141041  0.0101032
 0.031186 0.0014101 0.0101026
 0.0311844 0.00140978   0.010102
 0.0311828 0.00140947  0.0101014
 0.0311813 0.00140915  0.0101008
 0.0311797 0.00140884  0.0101002
 0.0311782 0.00140853  0.0100996
 0.0311767 0.00140822   0.010099
 0.0311751 0.00140791  0.0100984
 0.0311736 0.00140761  0.0100978
0.0311721 0.0014073 0.0100972
0.0311706  0.001407 0.0100966
 0.0311691 0.00140669   0.010096
 0.0311677 0.00140639  0.0100955
 0.0311662 0.00140609  0.0100949
 0.0311647 0.00140579  0.0100943
 0.0311633 0.00140549  0.0100937
0.0311618 0.0014052 0.0100932
0.0311604 0.0014049 0.0100926
 0.0311589 0.00140461   0.010092
 0.0311575 0.00140431  0.0100915
 0.0311561 0.00140402  0.0100909
 0.0311547 0.00140373  0.0100904
 0.0311533 0.00140344  0.0100898
 0.0311519 0.00140315  0.0100893
 0.0311505 0.00140287  0.0100887
 0.0311491 0.00140258  0.0100882
0.0311477 0.0014023 0.0100876
 0.0311464 0.00140201  0.0100871
  0.031145 0.00140173  0.0100866
 0.0311436 0.00140145   0.010086
 0.0311423 0.00140117  0.0100855
  0.031141 0.00140089   0.010085
 0.0311396 0.00140061  0.0100844
 0.0311383 0.00140034  0.0100839
  0.031137 0.00140006  0.0100834
 0.0311357 0.00139979  0.0100829
 0.0311344 0.00139952  0.0100823
 0.0311331 0.00139924  0.0100818
 0.0311318 0.00139897  0.0100813
0.0311305 0.0013987 0.0100808
 0.0311292 0.00139843  0.0100803
  0.031128 0.00139817  0.0100798
0.0311267 0.0013979 0.0100793
 0.0311254 0.00139764  0.0100788
 0.0311242 0.00139737  0.0100783
 0.0311229 0.00139711  0.0100778
 0.0311217 0.00139685  0.0100773
 0.0311205 0.00139659  0.0100768
 0.0311192 0.00139633  0.0100763
  0.031118 0.00139607  0.0100759
 0.0311168 0.00139581  0.0100754
 0.0311156 0.00139555  0.0100749
0.0311144 0.0013953 0.0100744
 0.0311132 0.00139504  0.0100739
  0.031112 0.00139479  0.0100735
 0.0311108 0.00139454   0.010073
 0.0311097 0.00139429  0.0100725
 0.0311085 0.00139403  0.0100721
 0.0311073 0.00139379  0.0100716
 0.0311062 0.00139354  0.0100711
  0.031105 0.00139329  0.0100707
 0.0311039 0.00139304  0.0100702
0.0311027 0.0013928 0.0100698
 0.0311016 0.00139255  0.0100693
 0.0311005 0.00139231  0.0100688
 0.0310994 0.00139207  0.0100684
 0.0310982 0.00139183   0.010068
 0.0310971 0.00139159  0.0100675
  0.031096 0.00139135  0.0100671
 0.0310949 0.00139111  0.0100666
 0.0310938 0.00139087  0.0100662
 0.0310927 0.00139064  0.0100657
0.0310917 0.0013904 0.0100653
 0.0310906 0.00139017  0.0100649
 0.0310895 0.00138993  0.0100644
0.0310884 0.0013897  0.010064
 0.0310874 0.00138947  0.0100636
 0.0310863 0.00138924  0.0100632
 0.0310853 0.00138901  0.0100627
 0.0310842 0.00138878  0.0100623
 0.0310832 0.00138855  0.0100619
 0.0310822 0.00138833  0.0100615
0.0310811 0.0013881 0.0100611
 0.0310801 0.00138787  0.0100607
 0.0310791 0.00138765  0.0100602
 0.0310781 0.00138743  0.0100598
0.0310771 0.0013872 0.0100594
 0.0310761 0.00138698   0.010059
 0.0310751 0.00138676  0.0100586
 0.0310741 0.00138654  0.0100582
 0.0310731 0.00138632  0.0100578
 0.0310721 0.00138611  0.0100574
 0.0310711 0.00138589   0.010057
 0.0310702 0.00138567  0.0100566
 0.0310692 0.00138546  0.0100562
 0.0310682 0.00138525  0.0100558
 0.0310673 0.00138503  0.0100555
 0.0310663 0.00138482  0.0100551
 0.0310654 0.00138461  0.0100547
0.0310644 0.0013844 0.0100543
 0.0310635 0.00138419  0.0100539
 0.0310625 0.00138398  0.0100535
 0.0310616 0.00138377  0.0100532
 0.0310607 0.00138356  0.0100528
 0.0310598 0.00138336  0.0100524
 0.0310588 0.00138315   0.010052
 0.0310579 0.00138295  0.0100517
  0.031057 0.00138274  0.0100513
 0.0310561 0.00138254  0.0100509
 0.0310552 0.00138234  0.0100506
 0.0310543 0.00138213  0.0100502
 0.0310534 0.00138193  0.0100498
 0.0310526 0.00138173  0.0100495
 0.0310517 0.00138153  0.0100491
 0.0310508 0.00138134  0.0100488
 0.0310499 0.00138114  0.0100484
 0.0310491 0.00138094  0.0100481
 0.0310482 0.00138075  0.0100477
 0.0310473 0.00138055  0.0100474
 0.0310465 0.00138036   0.010047
 0.0310456 0.00138016  0.0100467
 0.0310448 0.00137997  0.0100463
 0.0310439 0.00137978   0.010046
 0.0310431 0.00137959  0.0100456
0.0310423 0.0013794 0.0100453
 0.0310414 0.00137921  0.0100449
 0.0310406 0.00137902  0.0100446
 0.0310398 0.00137883  0.0100443
  0.031039 0.00137864  0.0100439
 0.0310382 0.00137846  0.0100436
 0.0310374 0.00137827  0.0100433
 0.0310366 0.00137809  0.0100429
0.0310358 0.0013779 0.0100426
  0.031035 0.00137772  0.0100423
 0.0310342 0.00137754  0.0100419
 0.0310334 0.00137735  0.0100416
 0.0310326 0.00137717  0.0100413
 0.0310318 0.00137699   0.010041
  0.031031 0.00137681  0.0100407
 0.0310302 0.00137663  0.0100403
 0.0310295 0.00137645    0.01004
 0.0310287 0.00137628  0.0100397
0.0310279 0.0013761 0.0100394
 0.0310272 0.00137592  0.0100391
 0.0310264 0.00137575  0.0100388
 0.0310257 0.00137557  0.0100385
0.0310249 0.0013754 0.0100381
 0.0310242 0.00137523  0.0100378
 0.0310234 0.00137505  0.0100375
 0.0310227 0.00137488  0.0100372
  0.031022 0.00137471  0.0100369
 0.0310212 0.00137454  0.0100366
 0.0310205 0.00137437  0.0100363
0.0310198 0.0013742  0.010036
 0.0310191 0.00137403  0.0100357
 0.0310184 0.00137386  0.0100354
0.0310176 0.0013737 0.0100351
 0.0310169 0.00137353  0.0100348
 0.0310162 0.00137336  0.0100345
0.0310155 0.0013732 0.0100343
 0.0310148 0.00137303   0.010034
 0.0310141 0.00137287  0.0100337
 0.0310134 0.00137271  0.0100334
 0.0310128 0.00137254  0.0100331
 0.0310121 0.00137238  0.0100328
 0.0310114 0.00137222  0.0100325
 0.0310107 0.00137206  0.0100323
  0.03101 0.0013719  0.010032
 0.0310094 0.00137174  0.0100317
 0.0310087 0.00137158  0.0100314
  0.031008 0.00137142  0.0100311
 0.0310074 0.00137127  0.0100309
 0.0310067 0.00137111  0.0100306
  0.031006 0.00137095  0.0100303
0.0310054 0.0013708   0.01003
 0.0310047 0.00137064  0.0100298
 0.0310041 0.00137049  0.0100295
 0.0310034 0.00137034  0.0100292
 0.0310028 0.00137018   0.010029
 0.0310022 0.00137003  0.0100287
 0.0310015 0.00136988  0.0100284
 0.0310009 0.00136973  0.0100282
 0.0310003 0.00136958  0.0100279
 0.0309996 0.00136943  0.0100277
  0.030999 0.00136928  0.0100274
 0.0309984 0.00136913  0.0100271
 0.0309978 0.00136898  0.0100269
 0.0309972 0.00136883  0.0100266
 0.0309966 0.00136869  0.0100264
 0.0309959 0.00136854  0.0100261
 0.0309953 0.00136839  0.0100259
 0.0309947 0.00136825  0.0100256
0.0309941 0.0013681 0.0100254
 0.0309935 0.00136796  0.0100251
 0.0309929 0.00136782  0.0100249
 0.0309924 0.00136767  0.0100246
 0.0309918 0.00136753  0.0100244
 0.0309912 0.00136739  0.0100241
 0.0309906 0.00136725  0.0100239
   0.03099 0.00136711  0.0100236
 0.0309894 0.00136697  0.0100234
 0.0309889 0.00136683  0.0100231
 0.0309883 0.00136669  0.0100229
 0.0309877 0.00136655  0.0100227
 0.0309872 0.00136641  0.0100224
 0.0309866 0.00136628  0.0100222
  0.030986 0.00136614   0.010022
0.0309855  0.001366 0.0100217
 0.0309849 0.00136587  0.0100215
 0.0309844 0.00136573  0.0100213
0.0309838 0.0013656  0.010021
 0.0309833 0.00136546  0.0100208
 0.0309827 0.00136533  0.0100206
0.0309822 0.0013652 0.0100203
 0.0309816 0.00136506  0.0100201
 0.0309811 0.00136493  0.0100199
0.0309806 0.0013648 0.0100197
   0.03098 0.00136467  0.0100194
 0.0309795 0.00136454  0.0100192
  0.030979 0.00136441   0.010019
 0.0309784 0.00136428  0.0100188
 0.0309779 0.00136415  0.0100185
 0.0309774 0.00136402  0.0100183
0.0309769 0.0013639 0.0100181
 0.0309764 0.00136377  0.0100179
 0.0309759 0.00136364  0.0100177
 0.0309753 0.00136352  0.0100175
 0.0309748 0.00136339  0.0100172
 0.0309743 0.00136326   0.010017
 0.0309738 0.00136314  0.0100168
 0.0309733 0.00136302  0.0100166
 0.0309728 0.00136289  0.0100164
 0.0309723 0.00136277  0.0100162
 0.0309718 0.00136265   0.010016
 0.0309713 0.00136252  0.0100158
0.0309708 0.0013624 0.0100156
 0.0309704 0.00136228  0.0100153
 0.0309699 0.00136216  0.0100151
 0.0309694 0.00136204  0.0100149
 0.0309689 0.00136192  0.0100147
0.0309684 0.0013618 0.0100145
 0.0309679 0.00136168  0.0100143
 0.0309675 0.00136156  0.0100141
  0.030967 0.00136145  0.0100139
 0.0309665 0.00136133  0.0100137
 0.0309661 0.00136121  0.0100135
 0.0309656 0.00136109  0.0100133
 0.0309651 0.00136098  0.0100131
 0.0309647 0.00136086  0.0100129
 0.0309642 0.00136075  0.0100127
 0.0309638 0.00136063  0.0100125
 0.0309633 0.00136052  0.0100124
 0.0309628 0.00136041  0.0100122
 0.0309624 0.00136029   0.010012
 0.0309619 0.00136018  0.0100118
 0.0309615 0.00136007  0.0100116
 0.0309611 0.00135995  0.0100114
 0.0309606 0.00135984  0.0100112
 0.0309602 0.00135973   0.010011
 0.0309597 0.00135962  0.0100108
 0.0309593 0.00135951  0.0100107
0.0309589 0.0013594 0.0100105
 0.0309584 0.00135929  0.0100103
  0.030958 0.00135918  0.0100101
 0.0309576 0.00135907  0.0100099
 0.0309571 0.00135897  0.0100097
 0.0309567 0.00135886  0.0100096
 0.0309563 0.00135875  0.0100094
 0.0309559 0.00135865  0.0100092
 0.0309555 0.00135854   0.010009
  0.030955 0.00135843  0.0100088
 0.0309546 0.00135833  0.0100087
 0.0309542 0.00135822  0.0100085
 0.0309538 0.00135812  0.0100083
 0.0309534 0.00135801  0.0100081
  0.030953 0.00135791   0.010008
 0.0309526 0.00135781  0.0100078
0.0309522 0.0013577 0.0100076
0.0309518 0.0013576 0.0100074
0.0309514 0.0013575 0.0100073
 0.030951 0.0013574 0.0100071
0.0309506 0.0013573 0.0100069
 0.0309502 0.00135719  0.0100068
 0.0309498 0.00135709  0.0100066
 0.0309494 0.00135699  0.0100064
  0.030949 0.00135689  0.0100063
 0.0309486 0.00135679  0.0100061
0.0309482 0.0013567 0.0100059
0.0309478 0.0013566 0.0100058
0.0309475 0.0013565 0.0100056
0.0309471 0.0013564 0.0100054
0.0309467 0.0013563 0.0100053
 0.0309463 0.00135621  0.0100051
 0.0309459 0.00135611  0.0100049
 0.0309456 0.00135601  0.0100048
 0.0309452 0.00135592  0.0100046
 0.0309448 0.00135582  0.0100045
 0.0309445 0.00135573  0.0100043
 0.0309441 0.00135563  0.0100042
 0.0309437 0.00135554   0.010004
 0.0309434 0.00135544  0.0100038
  0.030943 0.00135535  0.0100037
 0.0309426 0.00135526  0.0100035
 0.0309423 0.00135517  0.0100034
 0.0309419 0.00135507  0.0100032
 0.0309416 0.00135498  0.0100031
 0.0309412 0.00135489  0.0100029
0.0309409 0.0013548 0.0100028
 0.0309405 0.00135471  0.0100026
 0.0309402 0.00135462  0.0100025
 0.0309398 0.00135453  0.0100023
 0.0309395 0.00135444  0.0100022
 0.0309391 0.00135435   0.010002
 0.0309388 0.00135426  0.0100019
 0.0309384 0.00135417  0.0100017
 0.0309381 0.00135408  0.0100016
 0.0309377 0.00135399  0.0100014
0.0309374 0.0013539 0.0100013
 0.0309371 0.00135382  0.0100011
 0.0309367 0.00135373   0.010001
 0.0309364 0.00135364  0.0100009
 0.0309361 0.00135356  0.0100007
 0.0309357 0.00135347  0.0100006
 0.0309354 0.00135338  0.0100004
0.0309351 0.0013533 0.0100003
 0.0309348 0.00135321  0.0100001
 0.0309344 0.00135313       0.01
 0.0309341 0.00135304 0.00999987
 0.0309338 0.00135296 0.00999973
 0.0309335 0.00135288 0.00999959
 0.0309332 0.00135279 0.00999945
 0.0309328 0.00135271 0.00999932
 0.0309325 0.00135263 0.00999918
 0.0309322 0.00135254 0.00999904
 0.0309319 0.00135246 0.00999891
 0.0309316 0.00135238 0.00999877
 0.0309313  0.0013523 0.00999864
  0.030931 0.00135222 0.00999851
 0.0309307 0.00135214 0.00999837
 0.0309304 0.00135206 0.00999824
 0.0309301 0.00135198 0.00999811
 0.0309297  0.0013519 0.00999798
 0.0309294 0.00135182 0.00999785
 0.0309291 0.00135174 0.00999772
 0.0309288 0.00135166 0.00999759
 0.0309285 0.00135158 0.00999746
 0.0309283  0.0013515 0.00999733
  0.030928 0.00135142 0.00999721
 0.0309277 0.00135135 0.00999708
 0.0309274 0.00135127 0.00999695
 0.0309271 0.00135119 0.00999683
 0.0309268 0.00135111  0.0099967
 0.0309265 0.00135104 0.00999658
 0.0309262 0.00135096 0.00999645
 0.0309259 0.00135089 0.00999633
 0.0309256 0.00135081  0.0099962
 0.0309254 0.00135074 0.00999608
 0.0309251 0.00135066 0.00999596
 0.0309248 0.00135059 0.00999584
 0.0309245 0.00135051 0.00999572
 0.0309242 0.00135044 0.00999559
  0.030924 0.00135036 0.00999547
 0.0309237 0.00135029 0.00999535
 0.0309234 0.00135022 0.00999523
 0.0309231 0.00135014 0.00999512
 0.0309229 0.00135007   0.009995
 0.0309226    0.00135 0.00999488
 0.0309223 0.00134993 0.00999476
  0.030922 0.00134986 0.00999465
 0.0309218 0.00134978 0.00999453
 0.0309215 0.00134971 0.00999441
 0.0309212 0.00134964  0.0099943
  0.030921 0.00134957 0.00999418
 0.0309207  0.0013495 0.00999407
 0.0309205 0.00134943 0.00999396
 0.0309202 0.00134936 0.00999384
 0.0309199 0.00134929 0.00999373
 0.0309197 0.00134922 0.00999362
 0.0309194 0.00134915 0.00999351
 0.0309192 0.00134908 0.00999339
 0.0309189 0.00134902 0.00999328
 0.0309186 0.00134895 0.00999317
 0.0309184 0.00134888 0.00999306
 0.0309181 0.00134881 0.00999295
 0.0309179 0.00134874 0.00999284
 0.0309176 0.00134868 0.00999274
 0.0309174 0.00134861 0.00999263
 0.0309171 0.00134854 0.00999252
 0.0309169 0.00134848 0.00999241
 0.0309167 0.00134841 0.00999231
 0.0309164 0.00134835  0.0099922
 0.0309162 0.00134828 0.00999209
 0.0309159 0.00134822 0.00999199
 0.0309157 0.00134815 0.00999188
 0.0309154 0.00134809 0.00999178
 0.0309152 0.00134802 0.00999167
  0.030915 0.00134796 0.00999157
 0.0309147 0.00134789 0.00999147
 0.0309145 0.00134783 0.00999136
 0.0309143 0.00134777 0.00999126
  0.030914  0.0013477 0.00999116
 0.0309138 0.00134764 0.00999106
 0.0309136 0.00134758 0.00999096
 0.0309133 0.00134751 0.00999086
 0.0309131 0.00134745 0.00999076
 0.0309129 0.00134739 0.00999066
 0.0309126 0.00134733 0.00999056
 0.0309124 0.00134727 0.00999046
 0.0309122 0.00134721 0.00999036
  0.030912 0.00134714 0.00999026
 0.0309117 0.00134708 0.00999016
 0.0309115 0.00134702 0.00999007
 0.0309113 0.00134696 0.00998997
 0.0309111  0.0013469 0.00998987
 0.0309108 0.00134684 0.00998978
 0.0309106 0.00134678 0.00998968
 0.0309104 0.00134672 0.00998959
 0.0309102 0.00134666 0.00998949
   0.03091 0.00134661  0.0099894
 0.0309098 0.00134655  0.0099893
 0.0309095 0.00134649 0.00998921
 0.0309093 0.00134643 0.00998912
 0.0309091 0.00134637 0.00998902
 0.0309089 0.00134631 0.00998893
 0.0309087 0.00134626 0.00998884
 0.0309085  0.0013462 0.00998875
 0.0309083 0.00134614 0.00998866
 0.0309081 0.00134609 0.00998857
 0.0309079 0.00134603 0.00998848
 0.0309077 0.00134597 0.00998838
 0.0309074 0.00134592  0.0099883
 0.0309072 0.00134586 0.00998821
  0.030907  0.0013458 0.00998812
 0.0309068 0.00134575 0.00998803
 0.0309066 0.00134569 0.00998794
 0.0309064 0.00134564 0.00998785
 0.0309062 0.00134558 0.00998776
  0.030906 0.00134553 0.00998768
 0.0309058 0.00134547 0.00998759
 0.0309056 0.00134542  0.0099875
 0.0309054 0.00134537 0.00998742
 0.0309052 0.00134531 0.00998733
  0.030905 0.00134526 0.00998725
 0.0309048 0.00134521 0.00998716
 0.0309047 0.00134515 0.00998708
 0.0309045  0.0013451 0.00998699
 0.0309043 0.00134505 0.00998691
 0.0309041 0.00134499 0.00998683
 0.0309039 0.00134494 0.00998674
 0.0309037 0.00134489 0.00998666
 0.0309035 0.00134484 0.00998658
 0.0309033 0.00134479 0.00998649
 0.0309031 0.00134473 0.00998641
 0.0309029 0.00134468 0.00998633
 0.0309028 0.00134463 0.00998625
 0.0309026 0.00134458 0.00998617
 0.0309024 0.00134453 0.00998609
 0.0309022 0.00134448 0.00998601
  0.030902 0.00134443 0.00998593
 0.0309018 0.00134438 0.00998585
 0.0309017 0.00134433 0.00998577
 0.0309015 0.00134428 0.00998569
 0.0309013 0.00134423 0.00998561
 0.0309011 0.00134418 0.00998554
 0.0309009 0.00134413 0.00998546
 0.0309008 0.00134408 0.00998538
 0.0309006 0.00134403  0.0099853
 0.0309004 0.00134399 0.00998523
 0.0309002 0.00134394 0.00998515
 0.0309001 0.00134389 0.00998507
 0.0308999 0.00134384   0.009985
 0.0308997 0.00134379 0.00998492
 0.0308996 0.00134375 0.00998485
 0.0308994  0.0013437 0.00998477
 0.0308992 0.00134365  0.0099847
  0.030899  0.0013436 0.00998462
 0.0308989 0.00134356 0.00998455
 0.0308987 0.00134351 0.00998448
 0.0308985 0.00134346  0.0099844
 0.0308984 0.00134342 0.00998433
 0.0308982 0.00134337 0.00998426
  0.030898 0.00134333 0.00998418
 0.0308979 0.00134328 0.00998411
 0.0308977 0.00134323 0.00998404
 0.0308975 0.00134319 0.00998397
 0.0308974 0.00134314  0.0099839
 0.0308972  0.0013431 0.00998383
 0.0308971 0.00134305 0.00998376
 0.0308969 0.00134301 0.00998369
 0.0308967 0.00134296 0.00998362
 0.0308966 0.00134292 0.00998355
 0.0308964 0.00134288 0.00998348
 0.0308963 0.00134283 0.00998341
 0.0308961 0.00134279 0.00998334
 0.0308959 0.00134274 0.00998327
0.0308958 0.0013427 0.0099832
 0.0308956 0.00134266 0.00998313
 0.0308955 0.00134261 0.00998307
 0.0308953 0.00134257   0.009983
 0.0308952 0.00134253 0.00998293
  0.030895 0.00134249 0.00998286
 0.0308949 0.00134244  0.0099828
 0.0308947  0.0013424 0.00998273
 0.0308946 0.00134236 0.00998267
 0.0308944 0.00134232  0.0099826
 0.0308943 0.00134228 0.00998253
 0.0308941 0.00134223 0.00998247
  0.030894 0.00134219  0.0099824
 0.0308938 0.00134215 0.00998234
 0.0308937 0.00134211 0.00998228
 0.0308935 0.00134207 0.00998221
 0.0308934 0.00134203 0.00998215
 0.0308932 0.00134199 0.00998208
 0.0308931 0.00134195 0.00998202
 0.0308929 0.00134191 0.00998196
 0.0308928 0.00134187  0.0099819
 0.0308927 0.00134183 0.00998183
 0.0308925 0.00134179 0.00998177
 0.0308924 0.00134175 0.00998171
 0.0308922 0.00134171 0.00998165
 0.0308921 0.00134167 0.00998159
  0.030892 0.00134163 0.00998152
 0.0308918 0.00134159 0.00998146
 0.0308917 0.00134155  0.0099814
 0.0308915 0.00134151 0.00998134
 0.0308914 0.00134147 0.00998128
 0.0308913 0.00134143 0.00998122
 0.0308911  0.0013414 0.00998116
  0.030891 0.00134136  0.0099811
 0.0308909 0.00134132 0.00998104
 0.0308907 0.00134128 0.00998098
 0.0308906 0.00134124 0.00998093
 0.0308905 0.00134121 0.00998087
 0.0308903 0.00134117 0.00998081
 0.0308902 0.00134113 0.00998075
 0.0308901 0.00134109 0.00998069
 0.0308899 0.00134106 0.00998064
 0.0308898 0.00134102 0.00998058
 0.0308897 0.00134098 0.00998052
 0.0308895 0.00134095 0.00998047
 0.0308894 0.00134091 0.00998041
 0.0308893 0.00134087 0.00998035
 0.0308892 0.00134084  0.0099803
  0.030889  0.0013408 0.00998024
 0.0308889 0.00134077 0.00998019
 0.0308888 0.00134073 0.00998013
 0.0308886  0.0013407 0.00998007
 0.0308885 0.00134066 0.00998002
 0.0308884 0.00134062 0.00997997
 0.0308883 0.00134059 0.00997991
 0.0308881 0.00134055 0.00997986
  0.030888 0.00134052  0.0099798
 0.0308879 0.00134048 0.00997975
 0.0308878 0.00134045  0.0099797
 0.0308877 0.00134042 0.00997964
 0.0308875 0.00134038 0.00997959
 0.0308874 0.00134035 0.00997954
 0.0308873 0.00134031 0.00997948
 0.0308872 0.00134028 0.00997943
 0.0308871 0.00134024 0.00997938
 0.0308869 0.00134021 0.00997933
 0.0308868 0.00134018 0.00997928
 0.0308867 0.00134014 0.00997922
 0.0308866 0.00134011 0.00997917
 0.0308865 0.00134008 0.00997912
 0.0308863 0.00134004 0.00997907
 0.0308862 0.00134001 0.00997902
 0.0308861 0.00133998 0.00997897
  0.030886 0.00133995 0.00997892
 0.0308859 0.00133991 0.00997887
 0.0308858 0.00133988 0.00997882
 0.0308857 0.00133985 0.00997877
 0.0308855 0.00133982 0.00997872
 0.0308854 0.00133979 0.00997867
 0.0308853 0.00133975 0.00997862
 0.0308852 0.00133972 0.00997857
 0.0308851 0.00133969 0.00997852
  0.030885 0.00133966 0.00997848
 0.0308849 0.00133963 0.00997843
 0.0308848  0.0013396 0.00997838
 0.0308847 0.00133956 0.00997833
 0.0308846 0.00133953 0.00997829
 0.0308844  0.0013395 0.00997824
 0.0308843 0.00133947 0.00997819
 0.0308842 0.00133944 0.00997814
 0.0308841 0.00133941  0.0099781
  0.030884 0.00133938 0.00997805
 0.0308839 0.00133935   0.009978
 0.0308838 0.00133932 0.00997796
 0.0308837 0.00133929 0.00997791
 0.0308836 0.00133926 0.00997787
 0.0308835 0.00133923 0.00997782
 0.0308834  0.0013392 0.00997777
 0.0308833 0.00133917 0.00997773
 0.0308832 0.00133914 0.00997768
 0.0308831 0.00133911 0.00997764
  0.030883 0.00133908  0.0099776
 0.0308829 0.00133905 0.00997755
 0.0308828 0.00133902 0.00997751
 0.0308827   0.001339 0.00997746
 0.0308826 0.00133897 0.00997742
 0.0308825 0.00133894 0.00997737
 0.0308824 0.00133891 0.00997733
 0.0308823 0.00133888 0.00997729
 0.0308822 0.00133885 0.00997724
 0.0308821 0.00133882  0.0099772
  0.030882  0.0013388 0.00997716
 0.0308819 0.00133877 0.00997712
 0.0308818 0.00133874 0.00997707
 0.0308817 0.00133871 0.00997703
 0.0308816 0.00133868 0.00997699
 0.0308815 0.00133866 0.00997695
 0.0308814 0.00133863 0.00997691
 0.0308813  0.0013386 0.00997686
 0.0308812 0.00133858 0.00997682
 0.0308811 0.00133855 0.00997678
  0.030881 0.00133852 0.00997674
 0.0308809 0.00133849  0.0099767
 0.0308808 0.00133847 0.00997666
 0.0308807 0.00133844 0.00997662
 0.0308806 0.00133841 0.00997658
 0.0308805 0.00133839 0.00997654
 0.0308805 0.00133836  0.0099765
 0.0308804 0.00133833 0.00997646
 0.0308803 0.00133831 0.00997642
 0.0308802 0.00133828 0.00997638
 0.0308801 0.00133826 0.00997634
   0.03088 0.00133823  0.0099763
 0.0308799  0.0013382 0.00997626
 0.0308798 0.00133818 0.00997622
 0.0308797 0.00133815 0.00997618
 0.0308796 0.00133813 0.00997615
 0.0308796  0.0013381 0.00997611
 0.0308795 0.00133808 0.00997607
 0.0308794 0.00133805 0.00997603
 0.0308793 0.00133803 0.00997599
 0.0308792   0.001338 0.00997595
 0.0308791 0.00133798 0.00997592
  0.030879 0.00133795 0.00997588
 0.0308789 0.00133793 0.00997584
 0.0308789  0.0013379 0.00997581
 0.0308788 0.00133788 0.00997577
 0.0308787 0.00133785 0.00997573
 0.0308786 0.00133783  0.0099757
 0.0308785 0.00133781 0.00997566
 0.0308784 0.00133778 0.00997562
 0.0308784 0.00133776 0.00997559
 0.0308783 0.00133773 0.00997555
 0.0308782 0.00133771 0.00997551
 0.0308781 0.00133769 0.00997548
  0.030878 0.00133766 0.00997544
 0.0308779 0.00133764 0.00997541
 0.0308779 0.00133761 0.00997537
 0.0308778 0.00133759 0.00997534
 0.0308777 0.00133757  0.0099753
 0.0308776 0.00133754 0.00997527
 0.0308775 0.00133752 0.00997523
0.0308775 0.0013375 0.0099752
 0.0308774 0.00133748 0.00997516
 0.0308773 0.00133745 0.00997513
 0.0308772 0.00133743  0.0099751
 0.0308772 0.00133741 0.00997506
 0.0308771 0.00133738 0.00997503
  0.030877 0.00133736 0.00997499
 0.0308769 0.00133734 0.00997496
 0.0308768 0.00133732 0.00997493
 0.0308768  0.0013373 0.00997489
 0.0308767 0.00133727 0.00997486
 0.0308766 0.00133725 0.00997483
 0.0308765 0.00133723  0.0099748
 0.0308765 0.00133721 0.00997476
 0.0308764 0.00133719 0.00997473
 0.0308763 0.00133716  0.0099747
 0.0308762 0.00133714 0.00997467
 0.0308762 0.00133712 0.00997463
0.0308761 0.0013371 0.0099746
  0.030876 0.00133708 0.00997457
 0.0308759 0.00133706 0.00997454
 0.0308759 0.00133704 0.00997451
 0.0308758 0.00133701 0.00997448
 0.0308757 0.00133699 0.00997444
 0.0308757 0.00133697 0.00997441
 0.0308756 0.00133695 0.00997438
 0.0308755 0.00133693 0.00997435
 0.0308754 0.00133691 0.00997432
 0.0308754 0.00133689 0.00997429
 0.0308753 0.00133687 0.00997426
 0.0308752 0.00133685 0.00997423
 0.0308752 0.00133683  0.0099742
 0.0308751 0.00133681 0.00997417
  0.030875 0.00133679 0.00997414
 0.0308749 0.00133677 0.00997411
 0.0308749 0.00133675 0.00997408
 0.0308748 0.00133673 0.00997405
 0.0308747 0.00133671 0.00997402
 0.0308747 0.00133669 0.00997399
 0.0308746 0.00133667 0.00997396
 0.0308745 0.00133665 0.00997393
 0.0308745 0.00133663  0.0099739
 0.0308744 0.00133661 0.00997387
 0.0308743 0.00133659 0.00997385
 0.0308743 0.00133657 0.00997382
 0.0308742 0.00133655 0.00997379
 0.0308741 0.00133653 0.00997376
 0.0308741 0.00133651 0.00997373
  0.030874 0.00133649  0.0099737
 0.0308739 0.00133647 0.00997368
 0.0308739 0.00133646 0.00997365
 0.0308738 0.00133644 0.00997362
 0.0308737 0.00133642 0.00997359
 0.0308737  0.0013364 0.00997356
 0.0308736 0.00133638 0.00997354
 0.0308736 0.00133636 0.00997351
 0.0308735 0.00133634 0.00997348
 0.0308734 0.00133632 0.00997346
 0.0308734 0.00133631 0.00997343
 0.0308733 0.00133629  0.0099734
 0.0308732 0.00133627 0.00997337
 0.0308732 0.00133625 0.00997335
 0.0308731 0.00133623 0.00997332
 0.0308731 0.00133622  0.0099733
  0.030873  0.0013362 0.00997327
 0.0308729 0.00133618 0.00997324
 0.0308729 0.00133616 0.00997322
 0.0308728 0.00133614 0.00997319
 0.0308728 0.00133613 0.00997317
 0.0308727 0.00133611 0.00997314
 0.0308726 0.00133609 0.00997311
 0.0308726 0.00133607 0.00997309
 0.0308725 0.00133606 0.00997306
 0.0308725 0.00133604 0.00997304
 0.0308724 0.00133602 0.00997301
 0.0308723 0.00133601 0.00997299
 0.0308723 0.00133599 0.00997296
 0.0308722 0.00133597 0.00997294
 0.0308722 0.00133595 0.00997291
 0.0308721 0.00133594 0.00997289
  0.030872 0.00133592 0.00997286
  0.030872  0.0013359 0.00997284
 0.0308719 0.00133589 0.00997282
 0.0308719 0.00133587 0.00997279
 0.0308718 0.00133585 0.00997277
 0.0308718 0.00133584 0.00997274
 0.0308717 0.00133582 0.00997272
0.0308717 0.0013358 0.0099727
 0.0308716 0.00133579 0.00997267
 0.0308715 0.00133577 0.00997265
 0.0308715 0.00133576 0.00997262
 0.0308714 0.00133574  0.0099726
 0.0308714 0.00133572 0.00997258
 0.0308713 0.00133571 0.00997255
 0.0308713 0.00133569 0.00997253
 0.0308712 0.00133568 0.00997251
 0.0308712 0.00133566 0.00997249
 0.0308711 0.00133564 0.00997246
 0.0308711 0.00133563 0.00997244
  0.030871 0.00133561 0.00997242
0.0308709 0.0013356 0.0099724
 0.0308709 0.00133558 0.00997237
 0.0308708 0.00133557 0.00997235
 0.0308708 0.00133555 0.00997233
 0.0308707 0.00133554 0.00997231
 0.0308707 0.00133552 0.00997228
 0.0308706 0.00133551 0.00997226
 0.0308706 0.00133549 0.00997224
 0.0308705 0.00133547 0.00997222
 0.0308705 0.00133546  0.0099722
 0.0308704 0.00133544 0.00997218
 0.0308704 0.00133543 0.00997215
 0.0308703 0.00133542 0.00997213
 0.0308703  0.0013354 0.00997211
 0.0308702 0.00133539 0.00997209
 0.0308702 0.00133537 0.00997207
 0.0308701 0.00133536 0.00997205
 0.0308701 0.00133534 0.00997203
   0.03087 0.00133533 0.00997201
   0.03087 0.00133531 0.00997199
 0.0308699  0.0013353 0.00997197
 0.0308699 0.00133528 0.00997194
 0.0308698 0.00133527 0.00997192
 0.0308698 0.00133526  0.0099719
 0.0308697 0.00133524 0.00997188
 0.0308697 0.00133523 0.00997186
 0.0308696 0.00133521 0.00997184
 0.0308696  0.0013352 0.00997182
 0.0308696 0.00133519  0.0099718
 0.0308695 0.00133517 0.00997178
 0.0308695 0.00133516 0.00997176
 0.0308694 0.00133514 0.00997174
 0.0308694 0.00133513 0.00997172
 0.0308693 0.00133512  0.0099717
 0.0308693  0.0013351 0.00997169
 0.0308692 0.00133509 0.00997167
 0.0308692 0.00133508 0.00997165
 0.0308691 0.00133506 0.00997163
 0.0308691 0.00133505 0.00997161
  0.030869 0.00133504 0.00997159
  0.030869 0.00133502 0.00997157
  0.030869 0.00133501 0.00997155
 0.0308689   0.001335 0.00997153
 0.0308689 0.00133498 0.00997151
 0.0308688 0.00133497  0.0099715
 0.0308688 0.00133496 0.00997148
 0.0308687 0.00133494 0.00997146
 0.0308687 0.00133493 0.00997144
 0.0308686 0.00133492 0.00997142
0.0308686 0.0013349 0.0099714
 0.0308686 0.00133489 0.00997139
 0.0308685 0.00133488 0.00997137
 0.0308685 0.00133487 0.00997135
 0.0308684 0.00133485 0.00997133
 0.0308684 0.00133484 0.00997132
