  0.0984701 -0.00754016  -0.0194755
  0.0582098 -0.00740063  -0.0271152
 0.0327689 -0.0069199 -0.0327982
    0.01613 -0.00633164  -0.0374602
  0.0046898 -0.00574738  -0.0416339
-0.00365618 -0.00521482  -0.0455666
-0.0101205 -0.0047493  -0.049347
 -0.0153966 -0.00435078  -0.0529879
 -0.0198806 -0.00401268  -0.0564726
 -0.0237993 -0.00372638  -0.0597782
 -0.0272848 -0.00348335  -0.0628849
 -0.0304165 -0.00327602  -0.0657804
  -0.033245 -0.00309804  -0.0684593
 -0.0358053 -0.00294422  -0.0709229
 -0.0381239 -0.00281043  -0.0731768
 -0.0402226 -0.00269336  -0.0752306
 -0.0421206 -0.00259039  -0.0770958
 -0.0438351 -0.00249942  -0.0787849
 -0.0453822 -0.00241874  -0.0803114
-0.0467769  -0.002347 -0.0816884
  -0.048033 -0.00228304  -0.0829288
 -0.0491633 -0.00222592  -0.0840447
 -0.0501798 -0.00217484  -0.0850475
 -0.0510933 -0.00212912  -0.0859481
 -0.0519138 -0.00208818  -0.0867561
 -0.0526503 -0.00205148  -0.0874805
-0.0533112 -0.0020186 -0.0881296
 -0.0539038 -0.00198913  -0.0887108
 -0.0544351 -0.00196273  -0.0892308
  -0.054911 -0.00193907  -0.0896957
 -0.0553372 -0.00191789  -0.0901111
 -0.0557186 -0.00189893   -0.090482
 -0.0560597 -0.00188197  -0.0908127
 -0.0563646 -0.00186681  -0.0911074
 -0.0566368 -0.00185327  -0.0913697
 -0.0568798 -0.00184119  -0.0916028
 -0.0570964 -0.00183043  -0.0918097
 -0.0572893 -0.00182084  -0.0919931
 -0.0574608 -0.00181232  -0.0921553
 -0.0576132 -0.00180476  -0.0922985
 -0.0577484 -0.00179807  -0.0924246
 -0.0578681 -0.00179215  -0.0925353
 -0.0579738 -0.00178693  -0.0926322
 -0.0580671 -0.00178233  -0.0927168
  -0.058149 -0.00177831  -0.0927902
 -0.0582209 -0.00177479  -0.0928536
 -0.0582837 -0.00177173  -0.0929081
 -0.0583383 -0.00176909  -0.0929545
 -0.0583856 -0.00176681  -0.0929936
 -0.0584264 -0.00176487  -0.0930263
 -0.0584612 -0.00176323  -0.0930532
 -0.0584907 -0.00176186  -0.0930749
 -0.0585155 -0.00176073  -0.0930919
  -0.058536 -0.00175982  -0.0931048
 -0.0585526 -0.00175911  -0.0931139
 -0.0585659 -0.00175857  -0.0931196
  -0.058576 -0.00175819  -0.0931224
 -0.0585835 -0.00175794  -0.0931225
 -0.0585884 -0.00175783  -0.0931203
 -0.0585912 -0.00175783  -0.0931159
  -0.058592 -0.00175793  -0.0931096
  -0.058591 -0.00175812  -0.0931016
-0.0585885 -0.0017584 -0.0930921
 -0.0585845 -0.00175875  -0.0930814
 -0.0585793 -0.00175916  -0.0930694
 -0.0585731 -0.00175963  -0.0930564
 -0.0585658 -0.00176015  -0.0930425
 -0.0585577 -0.00176072  -0.0930278
 -0.0585488 -0.00176133  -0.0930124
 -0.0585392 -0.00176198  -0.0929964
  -0.058529 -0.00176265  -0.0929798
 -0.0585183 -0.00176336  -0.0929628
 -0.0585071 -0.00176409  -0.0929454
 -0.0584956 -0.00176485  -0.0929276
 -0.0584837 -0.00176562  -0.0929096
 -0.0584714 -0.00176641  -0.0928913
  -0.058459 -0.00176722  -0.0928728
 -0.0584463 -0.00176804  -0.0928541
 -0.0584334 -0.00176887  -0.0928353
 -0.0584203 -0.00176971  -0.0928164
 -0.0584072 -0.00177056  -0.0927975
 -0.0583939 -0.00177141  -0.0927785
 -0.0583806 -0.00177227  -0.0927595
 -0.0583671 -0.00177314  -0.0927404
 -0.0583537 -0.00177401  -0.0927214
 -0.0583402 -0.00177488  -0.0927024
 -0.0583267 -0.00177575  -0.0926834
 -0.0583132 -0.00177663  -0.0926645
-0.0582997 -0.0017775 -0.0926456
 -0.0582862 -0.00177838  -0.0926269
 -0.0582728 -0.00177926  -0.0926082
 -0.0582594 -0.00178013  -0.0925895
-0.058246 -0.001781 -0.092571
 -0.0582327 -0.00178188  -0.0925526
 -0.0582195 -0.00178275  -0.0925342
 -0.0582063 -0.00178362   -0.092516
 -0.0581932 -0.00178448  -0.0924979
 -0.0581801 -0.00178535  -0.0924799
 -0.0581671 -0.00178621  -0.0924621
 -0.0581542 -0.00178707  -0.0924443
 -0.0581414 -0.00178792  -0.0924267
 -0.0581286 -0.00178877  -0.0924092
  -0.058116 -0.00178962  -0.0923918
 -0.0581034 -0.00179047  -0.0923745
 -0.0580909 -0.00179131  -0.0923574
 -0.0580784 -0.00179215  -0.0923404
 -0.0580661 -0.00179298  -0.0923235
 -0.0580539 -0.00179381  -0.0923067
 -0.0580417 -0.00179464  -0.0922901
 -0.0580296 -0.00179546  -0.0922736
 -0.0580177 -0.00179628  -0.0922573
-0.0580058 -0.0017971  -0.092241
  -0.057994 -0.00179791  -0.0922249
 -0.0579823 -0.00179871  -0.0922089
 -0.0579706 -0.00179952  -0.0921931
 -0.0579591 -0.00180032  -0.0921774
 -0.0579476 -0.00180111  -0.0921618
-0.0579363 -0.0018019 -0.0921463
  -0.057925 -0.00180269  -0.0921309
 -0.0579138 -0.00180347  -0.0921157
 -0.0579027 -0.00180425  -0.0921006
 -0.0578917 -0.00180503  -0.0920856
-0.0578808 -0.0018058 -0.0920707
 -0.0578699 -0.00180656   -0.092056
 -0.0578592 -0.00180733  -0.0920414
 -0.0578485 -0.00180808  -0.0920269
 -0.0578379 -0.00180884  -0.0920125
 -0.0578274 -0.00180959  -0.0919982
  -0.057817 -0.00181034   -0.091984
 -0.0578066 -0.00181108    -0.09197
 -0.0577964 -0.00181182  -0.0919561
 -0.0577862 -0.00181255  -0.0919423
 -0.0577761 -0.00181328  -0.0919286
 -0.0577661 -0.00181401   -0.091915
 -0.0577561 -0.00181473  -0.0919015
 -0.0577463 -0.00181545  -0.0918881
 -0.0577365 -0.00181617  -0.0918749
 -0.0577268 -0.00181688  -0.0918617
 -0.0577172 -0.00181758  -0.0918487
 -0.0577076 -0.00181829  -0.0918357
 -0.0576981 -0.00181899  -0.0918229
 -0.0576887 -0.00181968  -0.0918101
 -0.0576794 -0.00182037  -0.0917975
 -0.0576701 -0.00182106   -0.091785
 -0.0576609 -0.00182175  -0.0917725
 -0.0576518 -0.00182243  -0.0917602
-0.0576428 -0.0018231  -0.091748
 -0.0576338 -0.00182378  -0.0917358
 -0.0576249 -0.00182445  -0.0917238
 -0.0576161 -0.00182511  -0.0917119
 -0.0576073 -0.00182577     -0.0917
 -0.0575986 -0.00182643  -0.0916883
   -0.05759 -0.00182709  -0.0916766
 -0.0575814 -0.00182774  -0.0916651
 -0.0575729 -0.00182839  -0.0916536
 -0.0575645 -0.00182903  -0.0916422
 -0.0575561 -0.00182967  -0.0916309
 -0.0575478 -0.00183031  -0.0916197
 -0.0575396 -0.00183094  -0.0916086
 -0.0575314 -0.00183157  -0.0915976
-0.0575233 -0.0018322 -0.0915866
 -0.0575153 -0.00183282  -0.0915758
 -0.0575073 -0.00183344   -0.091565
 -0.0574993 -0.00183406  -0.0915544
 -0.0574915 -0.00183467  -0.0915438
 -0.0574837 -0.00183528  -0.0915333
 -0.0574759 -0.00183588  -0.0915228
 -0.0574683 -0.00183649  -0.0915125
 -0.0574606 -0.00183709  -0.0915022
 -0.0574531 -0.00183768   -0.091492
 -0.0574456 -0.00183827  -0.0914819
 -0.0574381 -0.00183886  -0.0914719
 -0.0574307 -0.00183945   -0.091462
 -0.0574234 -0.00184003  -0.0914521
 -0.0574161 -0.00184061  -0.0914423
 -0.0574089 -0.00184119  -0.0914326
 -0.0574017 -0.00184176  -0.0914229
 -0.0573946 -0.00184233  -0.0914134
-0.0573875 -0.0018429 -0.0914039
 -0.0573805 -0.00184346  -0.0913945
 -0.0573736 -0.00184402  -0.0913851
 -0.0573667 -0.00184458  -0.0913759
 -0.0573598 -0.00184513  -0.0913667
  -0.057353 -0.00184568  -0.0913575
 -0.0573463 -0.00184623  -0.0913485
 -0.0573396 -0.00184678  -0.0913395
 -0.0573329 -0.00184732  -0.0913306
 -0.0573263 -0.00184786  -0.0913217
 -0.0573198 -0.00184839   -0.091313
 -0.0573133 -0.00184892  -0.0913042
 -0.0573069 -0.00184945  -0.0912956
 -0.0573005 -0.00184998   -0.091287
-0.0572941 -0.0018505 -0.0912785
 -0.0572878 -0.00185102    -0.09127
 -0.0572815 -0.00185154  -0.0912617
 -0.0572753 -0.00185206  -0.0912533
 -0.0572692 -0.00185257  -0.0912451
  -0.057263 -0.00185308  -0.0912369
  -0.057257 -0.00185358  -0.0912288
 -0.0572509 -0.00185409  -0.0912207
  -0.057245 -0.00185459  -0.0912127
  -0.057239 -0.00185509  -0.0912047
 -0.0572331 -0.00185558  -0.0911969
 -0.0572273 -0.00185607   -0.091189
 -0.0572215 -0.00185656  -0.0911813
 -0.0572157 -0.00185705  -0.0911735
   -0.05721 -0.00185753  -0.0911659
 -0.0572043 -0.00185801  -0.0911583
 -0.0571987 -0.00185849  -0.0911508
 -0.0571931 -0.00185897  -0.0911433
 -0.0571875 -0.00185944  -0.0911359
  -0.057182 -0.00185991  -0.0911285
 -0.0571765 -0.00186038  -0.0911212
 -0.0571711 -0.00186084  -0.0911139
 -0.0571657 -0.00186131  -0.0911067
 -0.0571604 -0.00186176  -0.0910996
  -0.057155 -0.00186222  -0.0910925
 -0.0571498 -0.00186268  -0.0910854
 -0.0571445 -0.00186313  -0.0910785
 -0.0571393 -0.00186358  -0.0910715
 -0.0571342 -0.00186402  -0.0910646
  -0.057129 -0.00186447  -0.0910578
  -0.057124 -0.00186491   -0.091051
 -0.0571189 -0.00186535  -0.0910443
 -0.0571139 -0.00186579  -0.0910376
 -0.0571089 -0.00186622   -0.091031
  -0.057104 -0.00186665  -0.0910244
 -0.0570991 -0.00186708  -0.0910179
 -0.0570942 -0.00186751  -0.0910114
 -0.0570894 -0.00186793  -0.0910049
 -0.0570846 -0.00186835  -0.0909985
 -0.0570798 -0.00186877  -0.0909922
 -0.0570751 -0.00186919  -0.0909859
-0.0570704 -0.0018696 -0.0909797
 -0.0570657 -0.00187002  -0.0909735
 -0.0570611 -0.00187043  -0.0909673
 -0.0570565 -0.00187083  -0.0909612
  -0.057052 -0.00187124  -0.0909551
 -0.0570474 -0.00187164  -0.0909491
 -0.0570429 -0.00187204  -0.0909431
 -0.0570385 -0.00187244  -0.0909372
  -0.057034 -0.00187284  -0.0909313
 -0.0570296 -0.00187323  -0.0909254
 -0.0570253 -0.00187362  -0.0909196
 -0.0570209 -0.00187401  -0.0909139
-0.0570166 -0.0018744 -0.0909082
 -0.0570123 -0.00187478  -0.0909025
 -0.0570081 -0.00187517  -0.0908968
 -0.0570039 -0.00187555  -0.0908912
 -0.0569997 -0.00187593  -0.0908857
-0.0569956 -0.0018763 -0.0908802
 -0.0569914 -0.00187668  -0.0908747
 -0.0569873 -0.00187705  -0.0908693
 -0.0569833 -0.00187742  -0.0908639
 -0.0569792 -0.00187778  -0.0908585
 -0.0569752 -0.00187815  -0.0908532
 -0.0569712 -0.00187851  -0.0908479
 -0.0569673 -0.00187887  -0.0908427
 -0.0569634 -0.00187923  -0.0908375
 -0.0569595 -0.00187959  -0.0908323
 -0.0569556 -0.00187995  -0.0908272
-0.0569518 -0.0018803 -0.0908221
 -0.0569479 -0.00188065   -0.090817
-0.0569442  -0.001881  -0.090812
 -0.0569404 -0.00188134   -0.090807
 -0.0569367 -0.00188169  -0.0908021
 -0.0569329 -0.00188203  -0.0907971
 -0.0569293 -0.00188237  -0.0907923
 -0.0569256 -0.00188271  -0.0907874
  -0.056922 -0.00188305  -0.0907826
 -0.0569184 -0.00188338  -0.0907778
 -0.0569148 -0.00188372  -0.0907731
 -0.0569112 -0.00188405  -0.0907684
 -0.0569077 -0.00188438  -0.0907637
-0.0569042 -0.0018847 -0.0907591
 -0.0569007 -0.00188503  -0.0907545
 -0.0568973 -0.00188535  -0.0907499
 -0.0568938 -0.00188567  -0.0907454
 -0.0568904 -0.00188599  -0.0907409
  -0.056887 -0.00188631  -0.0907364
 -0.0568837 -0.00188663  -0.0907319
 -0.0568803 -0.00188694  -0.0907275
  -0.056877 -0.00188725  -0.0907232
 -0.0568737 -0.00188756  -0.0907188
 -0.0568705 -0.00188787  -0.0907145
 -0.0568672 -0.00188818  -0.0907102
  -0.056864 -0.00188849  -0.0907059
 -0.0568608 -0.00188879  -0.0907017
 -0.0568576 -0.00188909  -0.0906975
 -0.0568545 -0.00188939  -0.0906933
 -0.0568513 -0.00188969  -0.0906892
 -0.0568482 -0.00188999  -0.0906851
 -0.0568451 -0.00189028   -0.090681
  -0.056842 -0.00189057   -0.090677
  -0.056839 -0.00189086  -0.0906729
  -0.056836 -0.00189115  -0.0906689
  -0.056833 -0.00189144   -0.090665
   -0.05683 -0.00189173   -0.090661
  -0.056827 -0.00189201  -0.0906571
 -0.0568241 -0.00189229  -0.0906532
 -0.0568211 -0.00189258  -0.0906494
 -0.0568182 -0.00189286  -0.0906455
 -0.0568153 -0.00189313  -0.0906417
 -0.0568125 -0.00189341  -0.0906379
 -0.0568096 -0.00189368  -0.0906342
 -0.0568068 -0.00189396  -0.0906305
  -0.056804 -0.00189423  -0.0906268
-0.0568012 -0.0018945 -0.0906231
 -0.0567984 -0.00189477  -0.0906194
 -0.0567957 -0.00189503  -0.0906158
 -0.056793 -0.0018953 -0.0906122
 -0.0567902 -0.00189556  -0.0906087
 -0.0567876 -0.00189582  -0.0906051
 -0.0567849 -0.00189608  -0.0906016
 -0.0567822 -0.00189634  -0.0905981
-0.0567796 -0.0018966 -0.0905946
  -0.056777 -0.00189686  -0.0905912
 -0.0567744 -0.00189711  -0.0905877
 -0.0567718 -0.00189736  -0.0905843
 -0.0567692 -0.00189762  -0.0905809
 -0.0567666 -0.00189787  -0.0905776
 -0.0567641 -0.00189811  -0.0905743
 -0.0567616 -0.00189836  -0.0905709
 -0.0567591 -0.00189861  -0.0905677
 -0.0567566 -0.00189885  -0.0905644
 -0.0567541 -0.00189909  -0.0905612
 -0.0567517 -0.00189934  -0.0905579
 -0.0567493 -0.00189958  -0.0905547
 -0.0567468 -0.00189981  -0.0905516
 -0.0567444 -0.00190005  -0.0905484
 -0.0567421 -0.00190029  -0.0905453
 -0.0567397 -0.00190052  -0.0905422
 -0.0567373 -0.00190075  -0.0905391
  -0.056735 -0.00190099   -0.090536
 -0.0567327 -0.00190122  -0.0905329
 -0.0567304 -0.00190144  -0.0905299
 -0.0567281 -0.00190167  -0.0905269
-0.0567258 -0.0019019 -0.0905239
 -0.0567236 -0.00190212   -0.090521
 -0.0567213 -0.00190235   -0.090518
 -0.0567191 -0.00190257  -0.0905151
 -0.0567169 -0.00190279  -0.0905122
 -0.0567147 -0.00190301  -0.0905093
 -0.0567125 -0.00190323  -0.0905064
 -0.0567103 -0.00190344  -0.0905036
 -0.0567082 -0.00190366  -0.0905008
  -0.056706 -0.00190387   -0.090498
 -0.0567039 -0.00190409  -0.0904952
-0.0567018 -0.0019043 -0.0904924
 -0.0566997 -0.00190451  -0.0904896
 -0.0566976 -0.00190472  -0.0904869
 -0.0566955 -0.00190493  -0.0904842
 -0.0566935 -0.00190513  -0.0904815
 -0.0566914 -0.00190534  -0.0904788
 -0.0566894 -0.00190554  -0.0904762
 -0.0566874 -0.00190575  -0.0904735
 -0.0566854 -0.00190595  -0.0904709
 -0.0566834 -0.00190615  -0.0904683
 -0.0566814 -0.00190635  -0.0904657
 -0.0566795 -0.00190655  -0.0904631
 -0.0566775 -0.00190675  -0.0904606
 -0.0566756 -0.00190694   -0.090458
 -0.0566737 -0.00190714  -0.0904555
 -0.0566718 -0.00190733   -0.090453
 -0.0566699 -0.00190752  -0.0904505
  -0.056668 -0.00190772  -0.0904481
 -0.0566661 -0.00190791  -0.0904456
-0.0566642 -0.0019081 -0.0904432
 -0.0566624 -0.00190828  -0.0904407
 -0.0566606 -0.00190847  -0.0904383
 -0.0566587 -0.00190866   -0.090436
 -0.0566569 -0.00190884  -0.0904336
 -0.0566551 -0.00190903  -0.0904312
 -0.0566533 -0.00190921  -0.0904289
 -0.0566516 -0.00190939  -0.0904266
 -0.0566498 -0.00190957  -0.0904243
  -0.056648 -0.00190975   -0.090422
 -0.0566463 -0.00190993  -0.0904197
-0.0566446 -0.0019101 -0.0904174
 -0.0566428 -0.00191028  -0.0904152
 -0.0566411 -0.00191046  -0.0904129
 -0.0566394 -0.00191063  -0.0904107
-0.0566378 -0.0019108 -0.0904085
 -0.0566361 -0.00191098  -0.0904063
 -0.0566344 -0.00191115  -0.0904042
 -0.0566328 -0.00191132   -0.090402
 -0.0566311 -0.00191149  -0.0903998
 -0.0566295 -0.00191165  -0.0903977
 -0.0566279 -0.00191182  -0.0903956
 -0.0566263 -0.00191199  -0.0903935
 -0.0566247 -0.00191215  -0.0903914
 -0.0566231 -0.00191232  -0.0903893
 -0.0566215 -0.00191248  -0.0903873
 -0.0566199 -0.00191264  -0.0903852
-0.0566184 -0.0019128 -0.0903832
 -0.0566168 -0.00191296  -0.0903812
 -0.0566153 -0.00191312  -0.0903792
 -0.0566138 -0.00191328  -0.0903772
 -0.0566122 -0.00191344  -0.0903752
 -0.0566107 -0.00191359  -0.0903732
 -0.0566092 -0.00191375  -0.0903713
-0.0566078 -0.0019139 -0.0903693
 -0.0566063 -0.00191406  -0.0903674
 -0.0566048 -0.00191421  -0.0903655
 -0.0566033 -0.00191436  -0.0903636
 -0.0566019 -0.00191451  -0.0903617
 -0.0566005 -0.00191466  -0.0903598
  -0.056599 -0.00191481  -0.0903579
 -0.0565976 -0.00191496  -0.0903561
 -0.0565962 -0.00191511  -0.0903542
 -0.0565948 -0.00191525  -0.0903524
-0.0565934 -0.0019154 -0.0903506
  -0.056592 -0.00191554  -0.0903488
 -0.0565906 -0.00191569   -0.090347
 -0.0565893 -0.00191583  -0.0903452
 -0.0565879 -0.00191597  -0.0903434
 -0.0565866 -0.00191611  -0.0903417
 -0.0565852 -0.00191626  -0.0903399
 -0.0565839 -0.00191639  -0.0903382
 -0.0565826 -0.00191653  -0.0903365
 -0.0565813 -0.00191667  -0.0903347
 -0.0565799 -0.00191681   -0.090333
 -0.0565786 -0.00191694  -0.0903313
 -0.0565774 -0.00191708  -0.0903297
 -0.0565761 -0.00191722   -0.090328
 -0.0565748 -0.00191735  -0.0903263
 -0.0565735 -0.00191748  -0.0903247
 -0.0565723 -0.00191761   -0.090323
  -0.056571 -0.00191775  -0.0903214
 -0.0565698 -0.00191788  -0.0903198
 -0.0565686 -0.00191801  -0.0903182
 -0.0565673 -0.00191814  -0.0903166
 -0.0565661 -0.00191826   -0.090315
 -0.0565649 -0.00191839  -0.0903134
 -0.0565637 -0.00191852  -0.0903119
 -0.0565625 -0.00191864  -0.0903103
 -0.0565613 -0.00191877  -0.0903088
 -0.0565601 -0.00191889  -0.0903072
  -0.056559 -0.00191902  -0.0903057
 -0.0565578 -0.00191914  -0.0903042
 -0.0565567 -0.00191926  -0.0903027
 -0.0565555 -0.00191938  -0.0903012
 -0.0565544 -0.00191951  -0.0902997
 -0.0565532 -0.00191963  -0.0902982
 -0.0565521 -0.00191975  -0.0902968
  -0.056551 -0.00191986  -0.0902953
 -0.0565499 -0.00191998  -0.0902939
-0.0565488 -0.0019201 -0.0902924
 -0.0565477 -0.00192022   -0.090291
 -0.0565466 -0.00192033  -0.0902896
 -0.0565455 -0.00192045  -0.0902882
 -0.0565444 -0.00192056  -0.0902868
 -0.0565434 -0.00192068  -0.0902854
 -0.0565423 -0.00192079   -0.090284
-0.0565412 -0.0019209 -0.0902826
 -0.0565402 -0.00192101  -0.0902813
 -0.0565391 -0.00192112  -0.0902799
 -0.0565381 -0.00192123  -0.0902786
 -0.0565371 -0.00192134  -0.0902772
 -0.0565361 -0.00192145  -0.0902759
  -0.056535 -0.00192156  -0.0902746
  -0.056534 -0.00192167  -0.0902733
  -0.056533 -0.00192178  -0.0902719
  -0.056532 -0.00192188  -0.0902707
  -0.056531 -0.00192199  -0.0902694
   -0.05653 -0.00192209  -0.0902681
-0.0565291 -0.0019222 -0.0902668
-0.0565281 -0.0019223 -0.0902655
 -0.0565271 -0.00192241  -0.0902643
 -0.0565262 -0.00192251   -0.090263
 -0.0565252 -0.00192261  -0.0902618
 -0.0565243 -0.00192271  -0.0902606
 -0.0565233 -0.00192281  -0.0902593
 -0.0565224 -0.00192291  -0.0902581
 -0.0565215 -0.00192301  -0.0902569
 -0.0565205 -0.00192311  -0.0902557
 -0.0565196 -0.00192321  -0.0902545
 -0.0565187 -0.00192331  -0.0902533
 -0.0565178 -0.00192341  -0.0902522
-0.0565169 -0.0019235  -0.090251
 -0.056516 -0.0019236 -0.0902498
 -0.0565151 -0.00192369  -0.0902487
 -0.0565142 -0.00192379  -0.0902475
 -0.0565133 -0.00192388  -0.0902464
 -0.0565125 -0.00192398  -0.0902453
 -0.0565116 -0.00192407  -0.0902441
 -0.0565107 -0.00192416   -0.090243
 -0.0565099 -0.00192425  -0.0902419
  -0.056509 -0.00192435  -0.0902408
 -0.0565082 -0.00192444  -0.0902397
 -0.0565073 -0.00192453  -0.0902386
 -0.0565065 -0.00192462  -0.0902375
 -0.0565057 -0.00192471  -0.0902364
-0.0565049 -0.0019248 -0.0902354
  -0.056504 -0.00192488  -0.0902343
 -0.0565032 -0.00192497  -0.0902332
 -0.0565024 -0.00192506  -0.0902322
 -0.0565016 -0.00192515  -0.0902312
 -0.0565008 -0.00192523  -0.0902301
    -0.0565 -0.00192532  -0.0902291
-0.0564992 -0.0019254 -0.0902281
 -0.0564984 -0.00192549   -0.090227
 -0.0564977 -0.00192557   -0.090226
 -0.0564969 -0.00192566   -0.090225
 -0.0564961 -0.00192574   -0.090224
 -0.0564953 -0.00192582   -0.090223
-0.0564946 -0.0019259 -0.0902221
 -0.0564938 -0.00192598  -0.0902211
 -0.0564931 -0.00192607  -0.0902201
 -0.0564923 -0.00192615  -0.0902191
 -0.0564916 -0.00192623  -0.0902182
 -0.0564909 -0.00192631  -0.0902172
 -0.0564901 -0.00192639  -0.0902163
 -0.0564894 -0.00192646  -0.0902153
 -0.0564887 -0.00192654  -0.0902144
  -0.056488 -0.00192662  -0.0902135
-0.0564872 -0.0019267 -0.0902125
 -0.0564865 -0.00192677  -0.0902116
 -0.0564858 -0.00192685  -0.0902107
 -0.0564851 -0.00192693  -0.0902098
-0.0564844  -0.001927 -0.0902089
 -0.0564837 -0.00192708   -0.090208
  -0.056483 -0.00192715  -0.0902071
 -0.0564824 -0.00192723  -0.0902062
-0.0564817 -0.0019273 -0.0902053
  -0.056481 -0.00192737  -0.0902045
 -0.0564803 -0.00192744  -0.0902036
 -0.0564797 -0.00192752  -0.0902027
  -0.056479 -0.00192759  -0.0902019
 -0.0564784 -0.00192766   -0.090201
 -0.0564777 -0.00192773  -0.0902002
 -0.056477 -0.0019278 -0.0901993
 -0.0564764 -0.00192787  -0.0901985
 -0.0564758 -0.00192794  -0.0901977
 -0.0564751 -0.00192801  -0.0901968
 -0.0564745 -0.00192808   -0.090196
 -0.0564739 -0.00192815  -0.0901952
 -0.0564732 -0.00192822  -0.0901944
 -0.0564726 -0.00192828  -0.0901936
  -0.056472 -0.00192835  -0.0901928
 -0.0564714 -0.00192842   -0.090192
 -0.0564708 -0.00192848  -0.0901912
 -0.0564702 -0.00192855  -0.0901904
 -0.0564696 -0.00192862  -0.0901896
  -0.056469 -0.00192868  -0.0901889
 -0.0564684 -0.00192875  -0.0901881
 -0.0564678 -0.00192881  -0.0901873
 -0.0564672 -0.00192887  -0.0901866
 -0.0564666 -0.00192894  -0.0901858
-0.056466 -0.001929 -0.090185
 -0.0564654 -0.00192906  -0.0901843
 -0.0564649 -0.00192913  -0.0901836
 -0.0564643 -0.00192919  -0.0901828
 -0.0564637 -0.00192925  -0.0901821
 -0.0564632 -0.00192931  -0.0901813
 -0.0564626 -0.00192937  -0.0901806
  -0.056462 -0.00192943  -0.0901799
 -0.0564615 -0.00192949  -0.0901792
 -0.0564609 -0.00192955  -0.0901785
 -0.0564604 -0.00192961  -0.0901778
 -0.0564598 -0.00192967  -0.0901771
 -0.0564593 -0.00192973  -0.0901764
 -0.0564588 -0.00192979  -0.0901757
 -0.0564582 -0.00192985   -0.090175
-0.0564577 -0.0019299 -0.0901743
 -0.0564572 -0.00192996  -0.0901736
 -0.0564567 -0.00193002  -0.0901729
 -0.0564561 -0.00193008  -0.0901723
 -0.0564556 -0.00193013  -0.0901716
 -0.0564551 -0.00193019  -0.0901709
 -0.0564546 -0.00193024  -0.0901703
-0.0564541 -0.0019303 -0.0901696
 -0.0564536 -0.00193035   -0.090169
 -0.0564531 -0.00193041  -0.0901683
 -0.0564526 -0.00193046  -0.0901677
 -0.0564521 -0.00193052   -0.090167
 -0.0564516 -0.00193057  -0.0901664
 -0.0564511 -0.00193062  -0.0901658
 -0.0564506 -0.00193068  -0.0901651
 -0.0564501 -0.00193073  -0.0901645
 -0.0564497 -0.00193078  -0.0901639
 -0.0564492 -0.00193083  -0.0901633
 -0.0564487 -0.00193089  -0.0901627
 -0.0564482 -0.00193094  -0.0901621
 -0.0564478 -0.00193099  -0.0901615
 -0.0564473 -0.00193104  -0.0901609
 -0.0564468 -0.00193109  -0.0901603
 -0.0564464 -0.00193114  -0.0901597
 -0.0564459 -0.00193119  -0.0901591
 -0.0564455 -0.00193124  -0.0901585
  -0.056445 -0.00193129  -0.0901579
 -0.0564446 -0.00193134  -0.0901573
 -0.0564441 -0.00193139  -0.0901567
 -0.0564437 -0.00193143  -0.0901562
 -0.0564432 -0.00193148  -0.0901556
 -0.0564428 -0.00193153   -0.090155
 -0.0564424 -0.00193158  -0.0901545
 -0.0564419 -0.00193162  -0.0901539
 -0.0564415 -0.00193167  -0.0901534
 -0.0564411 -0.00193172  -0.0901528
 -0.0564406 -0.00193176  -0.0901523
 -0.0564402 -0.00193181  -0.0901517
 -0.0564398 -0.00193186  -0.0901512
-0.0564394 -0.0019319 -0.0901506
  -0.056439 -0.00193195  -0.0901501
 -0.0564385 -0.00193199  -0.0901496
 -0.0564381 -0.00193204   -0.090149
 -0.0564377 -0.00193208  -0.0901485
 -0.0564373 -0.00193212   -0.090148
 -0.0564369 -0.00193217  -0.0901475
 -0.0564365 -0.00193221   -0.090147
 -0.0564361 -0.00193226  -0.0901464
-0.0564357 -0.0019323 -0.0901459
 -0.0564353 -0.00193234  -0.0901454
 -0.0564349 -0.00193238  -0.0901449
 -0.0564346 -0.00193243  -0.0901444
 -0.0564342 -0.00193247  -0.0901439
 -0.0564338 -0.00193251  -0.0901434
 -0.0564334 -0.00193255  -0.0901429
  -0.056433 -0.00193259  -0.0901424
 -0.0564327 -0.00193263   -0.090142
 -0.0564323 -0.00193267  -0.0901415
 -0.0564319 -0.00193271   -0.090141
 -0.0564315 -0.00193276  -0.0901405
-0.0564312 -0.0019328 -0.0901401
 -0.0564308 -0.00193283  -0.0901396
 -0.0564304 -0.00193287  -0.0901391
 -0.0564301 -0.00193291  -0.0901386
 -0.0564297 -0.00193295  -0.0901382
 -0.0564294 -0.00193299  -0.0901377
  -0.056429 -0.00193303  -0.0901373
 -0.0564287 -0.00193307  -0.0901368
 -0.0564283 -0.00193311  -0.0901364
  -0.056428 -0.00193314  -0.0901359
 -0.0564276 -0.00193318  -0.0901355
 -0.0564273 -0.00193322   -0.090135
 -0.0564269 -0.00193326  -0.0901346
 -0.0564266 -0.00193329  -0.0901342
 -0.0564263 -0.00193333  -0.0901337
 -0.0564259 -0.00193337  -0.0901333
-0.0564256 -0.0019334 -0.0901329
 -0.0564253 -0.00193344  -0.0901324
 -0.0564249 -0.00193347   -0.090132
 -0.0564246 -0.00193351  -0.0901316
 -0.0564243 -0.00193355  -0.0901312
 -0.0564239 -0.00193358  -0.0901307
 -0.0564236 -0.00193362  -0.0901303
 -0.0564233 -0.00193365  -0.0901299
  -0.056423 -0.00193368  -0.0901295
 -0.0564227 -0.00193372  -0.0901291
 -0.0564224 -0.00193375  -0.0901287
  -0.056422 -0.00193379  -0.0901283
 -0.0564217 -0.00193382  -0.0901279
 -0.0564214 -0.00193385  -0.0901275
 -0.0564211 -0.00193389  -0.0901271
 -0.0564208 -0.00193392  -0.0901267
 -0.0564205 -0.00193395  -0.0901263
 -0.0564202 -0.00193399  -0.0901259
 -0.0564199 -0.00193402  -0.0901255
 -0.0564196 -0.00193405  -0.0901252
 -0.0564193 -0.00193408  -0.0901248
  -0.056419 -0.00193411  -0.0901244
 -0.0564187 -0.00193415   -0.090124
 -0.0564184 -0.00193418  -0.0901237
 -0.0564181 -0.00193421  -0.0901233
 -0.0564179 -0.00193424  -0.0901229
 -0.0564176 -0.00193427  -0.0901225
-0.0564173 -0.0019343 -0.0901222
  -0.056417 -0.00193433  -0.0901218
 -0.0564167 -0.00193436  -0.0901215
 -0.0564164 -0.00193439  -0.0901211
 -0.0564162 -0.00193442  -0.0901207
 -0.0564159 -0.00193445  -0.0901204
 -0.0564156 -0.00193448    -0.09012
 -0.0564153 -0.00193451  -0.0901197
 -0.0564151 -0.00193454  -0.0901193
 -0.0564148 -0.00193457   -0.090119
-0.0564145 -0.0019346 -0.0901186
 -0.0564143 -0.00193463  -0.0901183
  -0.056414 -0.00193466   -0.090118
 -0.0564137 -0.00193468  -0.0901176
 -0.0564135 -0.00193471  -0.0901173
 -0.0564132 -0.00193474   -0.090117
  -0.056413 -0.00193477  -0.0901166
-0.0564127 -0.0019348 -0.0901163
 -0.0564125 -0.00193482   -0.090116
 -0.0564122 -0.00193485  -0.0901156
  -0.056412 -0.00193488  -0.0901153
-0.0564117 -0.0019349  -0.090115
 -0.0564115 -0.00193493  -0.0901147
 -0.0564112 -0.00193496  -0.0901144
  -0.056411 -0.00193498   -0.090114
 -0.0564107 -0.00193501  -0.0901137
 -0.0564105 -0.00193504  -0.0901134
 -0.0564102 -0.00193506  -0.0901131
   -0.05641 -0.00193509  -0.0901128
 -0.0564098 -0.00193511  -0.0901125
 -0.0564095 -0.00193514  -0.0901122
 -0.0564093 -0.00193517  -0.0901119
  -0.056409 -0.00193519  -0.0901116
 -0.0564088 -0.00193522  -0.0901113
 -0.0564086 -0.00193524   -0.090111
 -0.0564083 -0.00193527  -0.0901107
 -0.0564081 -0.00193529  -0.0901104
 -0.0564079 -0.00193531  -0.0901101
 -0.0564077 -0.00193534  -0.0901098
 -0.0564074 -0.00193536  -0.0901095
 -0.0564072 -0.00193539  -0.0901092
  -0.056407 -0.00193541  -0.0901089
 -0.0564068 -0.00193543  -0.0901087
 -0.0564065 -0.00193546  -0.0901084
 -0.0564063 -0.00193548  -0.0901081
-0.0564061 -0.0019355 -0.0901078
 -0.0564059 -0.00193553  -0.0901075
 -0.0564057 -0.00193555  -0.0901073
 -0.0564055 -0.00193557   -0.090107
-0.0564053 -0.0019356 -0.0901067
  -0.056405 -0.00193562  -0.0901065
 -0.0564048 -0.00193564  -0.0901062
 -0.0564046 -0.00193566  -0.0901059
 -0.0564044 -0.00193569  -0.0901056
 -0.0564042 -0.00193571  -0.0901054
  -0.056404 -0.00193573  -0.0901051
 -0.0564038 -0.00193575  -0.0901049
 -0.0564036 -0.00193577  -0.0901046
 -0.0564034 -0.00193579  -0.0901043
 -0.0564032 -0.00193582  -0.0901041
  -0.056403 -0.00193584  -0.0901038
 -0.0564028 -0.00193586  -0.0901036
 -0.0564026 -0.00193588  -0.0901033
-0.0564024 -0.0019359 -0.0901031
 -0.0564022 -0.00193592  -0.0901028
  -0.056402 -0.00193594  -0.0901026
 -0.0564018 -0.00193596  -0.0901023
 -0.0564016 -0.00193598  -0.0901021
-0.0564014  -0.001936 -0.0901018
 -0.0564013 -0.00193602  -0.0901016
 -0.0564011 -0.00193604  -0.0901014
 -0.0564009 -0.00193606  -0.0901011
 -0.0564007 -0.00193608  -0.0901009
-0.0564005 -0.0019361 -0.0901006
 -0.0564003 -0.00193612  -0.0901004
 -0.0564001 -0.00193614  -0.0901002
    -0.0564 -0.00193616  -0.0900999
 -0.0563998 -0.00193618  -0.0900997
-0.0563996 -0.0019362 -0.0900995
 -0.0563994 -0.00193622  -0.0900992
 -0.0563992 -0.00193623   -0.090099
 -0.0563991 -0.00193625  -0.0900988
 -0.0563989 -0.00193627  -0.0900986
 -0.0563987 -0.00193629  -0.0900983
 -0.0563985 -0.00193631  -0.0900981
 -0.0563984 -0.00193633  -0.0900979
 -0.0563982 -0.00193634  -0.0900977
  -0.056398 -0.00193636  -0.0900975
 -0.0563979 -0.00193638  -0.0900972
-0.0563977 -0.0019364  -0.090097
 -0.0563975 -0.00193641  -0.0900968
 -0.0563974 -0.00193643  -0.0900966
 -0.0563972 -0.00193645  -0.0900964
  -0.056397 -0.00193647  -0.0900962
 -0.0563969 -0.00193648   -0.090096
-0.0563967 -0.0019365 -0.0900958
 -0.0563965 -0.00193652  -0.0900956
 -0.0563964 -0.00193654  -0.0900954
 -0.0563962 -0.00193655  -0.0900951
 -0.0563961 -0.00193657  -0.0900949
 -0.0563959 -0.00193658  -0.0900947
-0.0563957 -0.0019366 -0.0900945
 -0.0563956 -0.00193662  -0.0900943
 -0.0563954 -0.00193663  -0.0900941
 -0.0563953 -0.00193665  -0.0900939
 -0.0563951 -0.00193667  -0.0900937
  -0.056395 -0.00193668  -0.0900936
-0.0563948 -0.0019367 -0.0900934
 -0.0563947 -0.00193671  -0.0900932
 -0.0563945 -0.00193673   -0.090093
 -0.0563944 -0.00193674  -0.0900928
 -0.0563942 -0.00193676  -0.0900926
 -0.0563941 -0.00193678  -0.0900924
 -0.0563939 -0.00193679  -0.0900922
 -0.0563938 -0.00193681   -0.090092
 -0.0563936 -0.00193682  -0.0900918
 -0.0563935 -0.00193684  -0.0900917
 -0.0563933 -0.00193685  -0.0900915
 -0.0563932 -0.00193687  -0.0900913
 -0.0563931 -0.00193688  -0.0900911
 -0.0563929 -0.00193689  -0.0900909
 -0.0563928 -0.00193691  -0.0900908
 -0.0563926 -0.00193692  -0.0900906
 -0.0563925 -0.00193694  -0.0900904
 -0.0563924 -0.00193695  -0.0900902
 -0.0563922 -0.00193697    -0.09009
 -0.0563921 -0.00193698  -0.0900899
 -0.0563919 -0.00193699  -0.0900897
 -0.0563918 -0.00193701  -0.0900895
 -0.0563917 -0.00193702  -0.0900894
 -0.0563915 -0.00193704  -0.0900892
 -0.0563914 -0.00193705   -0.090089
 -0.0563913 -0.00193706  -0.0900888
 -0.0563911 -0.00193708  -0.0900887
  -0.056391 -0.00193709  -0.0900885
-0.0563909 -0.0019371 -0.0900883
 -0.0563908 -0.00193712  -0.0900882
 -0.0563906 -0.00193713   -0.090088
 -0.0563905 -0.00193714  -0.0900879
 -0.0563904 -0.00193716  -0.0900877
 -0.0563902 -0.00193717  -0.0900875
 -0.0563901 -0.00193718  -0.0900874
   -0.05639 -0.00193719  -0.0900872
 -0.0563899 -0.00193721  -0.0900871
 -0.0563898 -0.00193722  -0.0900869
 -0.0563896 -0.00193723  -0.0900867
 -0.0563895 -0.00193724  -0.0900866
 -0.0563894 -0.00193726  -0.0900864
 -0.0563893 -0.00193727  -0.0900863
 -0.0563891 -0.00193728  -0.0900861
  -0.056389 -0.00193729   -0.090086
-0.0563889 -0.0019373 -0.0900858
 -0.0563888 -0.00193732  -0.0900857
 -0.0563887 -0.00193733  -0.0900855
 -0.0563886 -0.00193734  -0.0900854
 -0.0563884 -0.00193735  -0.0900852
 -0.0563883 -0.00193736  -0.0900851
 -0.0563882 -0.00193737  -0.0900849
 -0.0563881 -0.00193739  -0.0900848
 -0.056388 -0.0019374 -0.0900846
 -0.0563879 -0.00193741  -0.0900845
 -0.0563878 -0.00193742  -0.0900844
 -0.0563876 -0.00193743  -0.0900842
 -0.0563875 -0.00193744  -0.0900841
 -0.0563874 -0.00193745  -0.0900839
 -0.0563873 -0.00193746  -0.0900838
 -0.0563872 -0.00193748  -0.0900836
 -0.0563871 -0.00193749  -0.0900835
 -0.056387 -0.0019375 -0.0900834
 -0.0563869 -0.00193751  -0.0900832
 -0.0563868 -0.00193752  -0.0900831
 -0.0563867 -0.00193753   -0.090083
 -0.0563866 -0.00193754  -0.0900828
 -0.0563865 -0.00193755  -0.0900827
 -0.0563863 -0.00193756  -0.0900826
 -0.0563862 -0.00193757  -0.0900824
 -0.0563861 -0.00193758  -0.0900823
  -0.056386 -0.00193759  -0.0900822
-0.0563859 -0.0019376  -0.090082
 -0.0563858 -0.00193761  -0.0900819
 -0.0563857 -0.00193762  -0.0900818
 -0.0563856 -0.00193763  -0.0900817
 -0.0563855 -0.00193764  -0.0900815
 -0.0563854 -0.00193765  -0.0900814
 -0.0563853 -0.00193766  -0.0900813
 -0.0563852 -0.00193767  -0.0900811
 -0.0563851 -0.00193768   -0.090081
  -0.056385 -0.00193769  -0.0900809
-0.0563849 -0.0019377 -0.0900808
 -0.0563848 -0.00193771  -0.0900807
 -0.0563847 -0.00193772  -0.0900805
 -0.0563846 -0.00193773  -0.0900804
 -0.0563846 -0.00193774  -0.0900803
 -0.0563845 -0.00193775  -0.0900802
 -0.0563844 -0.00193776  -0.0900801
 -0.0563843 -0.00193776  -0.0900799
 -0.0563842 -0.00193777  -0.0900798
 -0.0563841 -0.00193778  -0.0900797
  -0.056384 -0.00193779  -0.0900796
-0.0563839 -0.0019378 -0.0900795
 -0.0563838 -0.00193781  -0.0900793
 -0.0563837 -0.00193782  -0.0900792
 -0.0563836 -0.00193783  -0.0900791
 -0.0563835 -0.00193783   -0.090079
 -0.0563835 -0.00193784  -0.0900789
 -0.0563834 -0.00193785  -0.0900788
 -0.0563833 -0.00193786  -0.0900787
 -0.0563832 -0.00193787  -0.0900786
 -0.0563831 -0.00193788  -0.0900784
  -0.056383 -0.00193789  -0.0900783
 -0.0563829 -0.00193789  -0.0900782
-0.0563828 -0.0019379 -0.0900781
 -0.0563828 -0.00193791   -0.090078
 -0.0563827 -0.00193792  -0.0900779
 -0.0563826 -0.00193793  -0.0900778
 -0.0563825 -0.00193793  -0.0900777
 -0.0563824 -0.00193794  -0.0900776
 -0.0563823 -0.00193795  -0.0900775
 -0.0563823 -0.00193796  -0.0900774
 -0.0563822 -0.00193797  -0.0900773
 -0.0563821 -0.00193797  -0.0900772
  -0.056382 -0.00193798  -0.0900771
 -0.0563819 -0.00193799   -0.090077
-0.0563818  -0.001938 -0.0900769
-0.0563818  -0.001938 -0.0900768
 -0.0563817 -0.00193801  -0.0900767
 -0.0563816 -0.00193802  -0.0900766
 -0.0563815 -0.00193803  -0.0900765
 -0.0563814 -0.00193803  -0.0900764
 -0.0563814 -0.00193804  -0.0900763
 -0.0563813 -0.00193805  -0.0900762
 -0.0563812 -0.00193806  -0.0900761
 -0.0563811 -0.00193806   -0.090076
 -0.0563811 -0.00193807  -0.0900759
  -0.056381 -0.00193808  -0.0900758
 -0.0563809 -0.00193808  -0.0900757
 -0.0563808 -0.00193809  -0.0900756
-0.0563808 -0.0019381 -0.0900755
-0.0563807 -0.0019381 -0.0900754
 -0.0563806 -0.00193811  -0.0900753
 -0.0563805 -0.00193812  -0.0900752
 -0.0563805 -0.00193813  -0.0900751
 -0.0563804 -0.00193813   -0.090075
 -0.0563803 -0.00193814  -0.0900749
 -0.0563802 -0.00193815  -0.0900748
 -0.0563802 -0.00193815  -0.0900747
 -0.0563801 -0.00193816  -0.0900747
   -0.05638 -0.00193816  -0.0900746
   -0.05638 -0.00193817  -0.0900745
 -0.0563799 -0.00193818  -0.0900744
 -0.0563798 -0.00193818  -0.0900743
 -0.0563798 -0.00193819  -0.0900742
-0.0563797 -0.0019382 -0.0900741
-0.0563796 -0.0019382  -0.090074
 -0.0563795 -0.00193821   -0.090074
 -0.0563795 -0.00193822  -0.0900739
 -0.0563794 -0.00193822  -0.0900738
 -0.0563793 -0.00193823  -0.0900737
 -0.0563793 -0.00193823  -0.0900736
 -0.0563792 -0.00193824  -0.0900735
 -0.0563791 -0.00193825  -0.0900734
 -0.0563791 -0.00193825  -0.0900734
  -0.056379 -0.00193826  -0.0900733
 -0.0563789 -0.00193826  -0.0900732
 -0.0563789 -0.00193827  -0.0900731
 -0.0563788 -0.00193828   -0.090073
 -0.0563787 -0.00193828  -0.0900729
 -0.0563787 -0.00193829  -0.0900729
 -0.0563786 -0.00193829  -0.0900728
-0.0563786 -0.0019383 -0.0900727
-0.0563785 -0.0019383 -0.0900726
 -0.0563784 -0.00193831  -0.0900725
 -0.0563784 -0.00193831  -0.0900725
 -0.0563783 -0.00193832  -0.0900724
 -0.0563782 -0.00193833  -0.0900723
 -0.0563782 -0.00193833  -0.0900722
 -0.0563781 -0.00193834  -0.0900722
 -0.0563781 -0.00193834  -0.0900721
  -0.056378 -0.00193835   -0.090072
 -0.0563779 -0.00193835  -0.0900719
 -0.0563779 -0.00193836  -0.0900719
 -0.0563778 -0.00193836  -0.0900718
 -0.0563778 -0.00193837  -0.0900717
 -0.0563777 -0.00193837  -0.0900716
 -0.0563776 -0.00193838  -0.0900716
 -0.0563776 -0.00193838  -0.0900715
 -0.0563775 -0.00193839  -0.0900714
 -0.0563775 -0.00193839  -0.0900713
-0.0563774 -0.0019384 -0.0900713
-0.0563773 -0.0019384 -0.0900712
 -0.0563773 -0.00193841  -0.0900711
 -0.0563772 -0.00193841   -0.090071
 -0.0563772 -0.00193842   -0.090071
 -0.0563771 -0.00193842  -0.0900709
 -0.0563771 -0.00193843  -0.0900708
  -0.056377 -0.00193843  -0.0900708
 -0.0563769 -0.00193844  -0.0900707
 -0.0563769 -0.00193844  -0.0900706
 -0.0563768 -0.00193845  -0.0900705
 -0.0563768 -0.00193845  -0.0900705
 -0.0563767 -0.00193846  -0.0900704
 -0.0563767 -0.00193846  -0.0900703
 -0.0563766 -0.00193846  -0.0900703
 -0.0563766 -0.00193847  -0.0900702
 -0.0563765 -0.00193847  -0.0900701
 -0.0563765 -0.00193848  -0.0900701
 -0.0563764 -0.00193848    -0.09007
 -0.0563763 -0.00193849  -0.0900699
 -0.0563763 -0.00193849  -0.0900699
-0.0563762 -0.0019385 -0.0900698
-0.0563762 -0.0019385 -0.0900697
-0.0563761 -0.0019385 -0.0900697
 -0.0563761 -0.00193851  -0.0900696
  -0.056376 -0.00193851  -0.0900695
  -0.056376 -0.00193852  -0.0900695
 -0.0563759 -0.00193852  -0.0900694
 -0.0563759 -0.00193853  -0.0900694
 -0.0563758 -0.00193853  -0.0900693
 -0.0563758 -0.00193853  -0.0900692
 -0.0563757 -0.00193854  -0.0900692
 -0.0563757 -0.00193854  -0.0900691
 -0.0563756 -0.00193855   -0.090069
 -0.0563756 -0.00193855   -0.090069
 -0.0563755 -0.00193855  -0.0900689
 -0.0563755 -0.00193856  -0.0900689
 -0.0563754 -0.00193856  -0.0900688
 -0.0563754 -0.00193857  -0.0900687
 -0.0563753 -0.00193857  -0.0900687
 -0.0563753 -0.00193857  -0.0900686
 -0.0563752 -0.00193858  -0.0900686
 -0.0563752 -0.00193858  -0.0900685
 -0.0563751 -0.00193858  -0.0900684
 -0.0563751 -0.00193859  -0.0900684
