  0.0620477   0.0351001 -0.00253817
 0.0745909   0.024879 -0.0036646
  0.0821869   0.0187528 -0.00474385
  0.0867497   0.0150161 -0.00575962
 0.0894644  0.0126997 -0.0067035
  0.0910582   0.0112389 -0.00757269
  0.0919747   0.0102994 -0.00836798
  0.0924839  0.00968061 -0.00909232
  0.0927496  0.00926156 -0.00974989
  0.092871 0.00896851 -0.0103454
 0.0929082 0.00875629 -0.0108839
 0.0928972 0.00859704   -0.01137
 0.0928599 0.00847341 -0.0118086
 0.0928089 0.00837445 -0.0122041
  0.092752 0.00829319 -0.0125604
 0.0926936 0.00822506 -0.0128813
 0.0926362 0.00816703 -0.0131703
 0.0925809 0.00811699 -0.0134304
 0.0925286 0.00807346 -0.0136646
 0.0924795 0.00803536 -0.0138753
 0.0924335 0.00800184 -0.0140649
 0.0923905 0.00797227 -0.0142354
 0.0923505  0.0079461 -0.0143888
 0.0923131 0.00792292 -0.0145268
 0.0922782 0.00790234 -0.0146508
 0.0922455 0.00788405 -0.0147624
  0.092215  0.0078678 -0.0148626
 0.0921863 0.00785333 -0.0149527
 0.0921593 0.00784045 -0.0150336
 0.0921339 0.00782897 -0.0151063
 0.0921099 0.00781874 -0.0151716
 0.0920871 0.00780962 -0.0152303
 0.0920656 0.00780147 -0.0152829
 0.0920452  0.0077942 -0.0153301
 0.0920257 0.00778771 -0.0153724
 0.0920071  0.0077819 -0.0154103
 0.0919893 0.00777671 -0.0154443
 0.0919723 0.00777206 -0.0154748
 0.091956 0.0077679 -0.015502
 0.0919403 0.00776417 -0.0155264
 0.0919252 0.00776083 -0.0155482
 0.0919107 0.00775784 -0.0155677
 0.0918966 0.00775514  -0.015585
  0.091883 0.00775273 -0.0156005
 0.0918698 0.00775055 -0.0156143
 0.0918571  0.0077486 -0.0156266
 0.0918446 0.00774684 -0.0156375
 0.0918326 0.00774525 -0.0156471
 0.0918208 0.00774382 -0.0156557
 0.0918094 0.00774253 -0.0156632
 0.0917982 0.00774136 -0.0156699
 0.0917873 0.00774031 -0.0156757
 0.0917767 0.00773935 -0.0156809
 0.0917662 0.00773849 -0.0156854
 0.0917561  0.0077377 -0.0156893
 0.0917461 0.00773699 -0.0156926
 0.0917363 0.00773635 -0.0156955
 0.0917267 0.00773576  -0.015698
 0.0917173 0.00773523 -0.0157001
 0.0917081 0.00773474 -0.0157019
  0.091699  0.0077343 -0.0157034
 0.0916901  0.0077339 -0.0157046
 0.0916813 0.00773353 -0.0157055
 0.0916727 0.00773319 -0.0157062
 0.0916643 0.00773289 -0.0157068
  0.091656 0.00773261 -0.0157072
 0.0916478 0.00773235 -0.0157074
 0.0916397 0.00773212 -0.0157074
 0.0916318  0.0077319 -0.0157074
  0.091624 0.00773171 -0.0157072
 0.0916163 0.00773153  -0.015707
 0.0916087 0.00773137 -0.0157066
 0.0916013 0.00773122 -0.0157062
 0.0915939 0.00773108 -0.0157057
 0.0915867 0.00773096 -0.0157052
 0.0915795 0.00773085 -0.0157046
 0.0915725 0.00773075  -0.015704
 0.0915655 0.00773065 -0.0157033
 0.0915587 0.00773057 -0.0157026
  0.091552  0.0077305 -0.0157019
 0.0915453 0.00773043 -0.0157011
 0.0915388 0.00773037 -0.0157003
 0.0915323 0.00773032 -0.0156995
 0.0915259 0.00773027 -0.0156987
 0.0915196 0.00773023 -0.0156978
0.0915134 0.0077302 -0.015697
 0.0915073 0.00773017 -0.0156961
 0.0915013 0.00773015 -0.0156953
 0.0914953 0.00773013 -0.0156944
 0.0914895 0.00773012 -0.0156936
 0.0914837 0.00773011 -0.0156927
  0.091478 0.00773011 -0.0156918
 0.0914723 0.00773011  -0.015691
 0.0914668 0.00773011 -0.0156901
 0.0914613 0.00773012 -0.0156893
 0.0914559 0.00773013 -0.0156884
 0.0914506 0.00773014 -0.0156875
 0.0914453 0.00773016 -0.0156867
 0.0914401 0.00773019 -0.0156859
  0.091435 0.00773021  -0.015685
 0.0914299 0.00773024 -0.0156842
  0.091425 0.00773027 -0.0156834
   0.09142  0.0077303 -0.0156826
 0.0914152 0.00773034 -0.0156817
 0.0914104 0.00773038 -0.0156809
 0.0914057 0.00773042 -0.0156802
  0.091401 0.00773047 -0.0156794
 0.0913964 0.00773051 -0.0156786
 0.0913919 0.00773056 -0.0156778
 0.0913874 0.00773062 -0.0156771
  0.091383 0.00773067 -0.0156763
 0.0913786 0.00773073 -0.0156756
 0.0913744 0.00773079 -0.0156748
 0.0913701 0.00773085 -0.0156741
 0.0913659 0.00773091 -0.0156734
 0.0913618 0.00773098 -0.0156727
 0.0913577 0.00773104 -0.0156719
 0.0913537 0.00773111 -0.0156713
 0.0913498 0.00773118 -0.0156706
 0.0913459 0.00773126 -0.0156699
  0.091342 0.00773133 -0.0156692
 0.0913382 0.00773141 -0.0156685
 0.0913344 0.00773149 -0.0156679
 0.0913307 0.00773157 -0.0156672
 0.0913271 0.00773165 -0.0156666
 0.0913235 0.00773173  -0.015666
 0.0913199 0.00773182 -0.0156653
 0.0913164  0.0077319 -0.0156647
  0.091313 0.00773199 -0.0156641
 0.0913096 0.00773208 -0.0156635
 0.0913062 0.00773217 -0.0156629
 0.0913029 0.00773226 -0.0156623
 0.0912996 0.00773236 -0.0156617
 0.0912964 0.00773245 -0.0156612
 0.0912932 0.00773255 -0.0156606
 0.0912901 0.00773265   -0.01566
  0.091287 0.00773275 -0.0156595
 0.0912839 0.00773285 -0.0156589
 0.0912809 0.00773295 -0.0156584
 0.0912779 0.00773305 -0.0156579
  0.091275 0.00773315 -0.0156573
 0.0912721 0.00773326 -0.0156568
 0.0912692 0.00773336 -0.0156563
 0.0912664 0.00773347 -0.0156558
 0.0912636 0.00773358 -0.0156553
 0.0912609 0.00773368 -0.0156548
 0.0912582 0.00773379 -0.0156543
 0.0912555  0.0077339 -0.0156538
 0.0912529 0.00773402 -0.0156534
 0.0912503 0.00773413 -0.0156529
 0.0912478 0.00773424 -0.0156524
 0.0912453 0.00773435  -0.015652
 0.0912428 0.00773447 -0.0156515
 0.0912403 0.00773458 -0.0156511
 0.0912379  0.0077347 -0.0156506
 0.0912355 0.00773482 -0.0156502
 0.0912332 0.00773494 -0.0156498
 0.0912308 0.00773505 -0.0156493
 0.0912286 0.00773517 -0.0156489
 0.0912263 0.00773529 -0.0156485
 0.0912241 0.00773541 -0.0156481
 0.0912219 0.00773553 -0.0156477
 0.0912197 0.00773566 -0.0156473
 0.0912176 0.00773578 -0.0156469
 0.0912155  0.0077359 -0.0156465
 0.0912134 0.00773602 -0.0156461
 0.0912114 0.00773615 -0.0156458
 0.0912094 0.00773627 -0.0156454
0.0912074 0.0077364 -0.015645
 0.0912054 0.00773652 -0.0156447
 0.0912035 0.00773665 -0.0156443
 0.0912016 0.00773677 -0.0156439
 0.0911997  0.0077369 -0.0156436
 0.0911978 0.00773703 -0.0156432
  0.091196 0.00773715 -0.0156429
 0.0911942 0.00773728 -0.0156426
 0.0911924 0.00773741 -0.0156422
 0.0911907 0.00773754 -0.0156419
  0.091189 0.00773767 -0.0156416
 0.0911873 0.00773779 -0.0156413
 0.0911856 0.00773792 -0.0156409
 0.0911839 0.00773805 -0.0156406
 0.0911823 0.00773818 -0.0156403
 0.0911807 0.00773831   -0.01564
 0.0911791 0.00773844 -0.0156397
 0.0911776 0.00773857 -0.0156394
  0.091176  0.0077387 -0.0156391
 0.0911745 0.00773883 -0.0156388
  0.091173 0.00773897 -0.0156386
 0.0911715  0.0077391 -0.0156383
 0.0911701 0.00773923  -0.015638
 0.0911686 0.00773936 -0.0156377
 0.0911672 0.00773949 -0.0156374
 0.0911658 0.00773962 -0.0156372
 0.0911645 0.00773975 -0.0156369
 0.0911631 0.00773989 -0.0156367
 0.0911618 0.00774002 -0.0156364
 0.0911605 0.00774015 -0.0156361
 0.0911592 0.00774028 -0.0156359
 0.0911579 0.00774041 -0.0156356
 0.0911566 0.00774055 -0.0156354
 0.0911554 0.00774068 -0.0156352
 0.0911542 0.00774081 -0.0156349
  0.091153 0.00774094 -0.0156347
 0.0911518 0.00774107 -0.0156344
 0.0911506 0.00774121 -0.0156342
 0.0911495 0.00774134  -0.015634
 0.0911483 0.00774147 -0.0156338
 0.0911472  0.0077416 -0.0156335
 0.0911461 0.00774173 -0.0156333
  0.091145 0.00774187 -0.0156331
  0.091144   0.007742 -0.0156329
 0.0911429 0.00774213 -0.0156327
 0.0911419 0.00774226 -0.0156325
 0.0911409 0.00774239 -0.0156323
 0.0911399 0.00774252 -0.0156321
 0.0911389 0.00774265 -0.0156319
 0.0911379 0.00774279 -0.0156317
 0.0911369 0.00774292 -0.0156315
  0.091136 0.00774305 -0.0156313
  0.091135 0.00774318 -0.0156311
 0.0911341 0.00774331 -0.0156309
 0.0911332 0.00774344 -0.0156307
 0.0911323 0.00774357 -0.0156305
 0.0911314  0.0077437 -0.0156304
 0.0911306 0.00774383 -0.0156302
 0.0911297 0.00774396   -0.01563
 0.0911289 0.00774409 -0.0156298
  0.091128 0.00774422 -0.0156297
 0.0911272 0.00774435 -0.0156295
 0.0911264 0.00774448 -0.0156293
 0.0911256 0.00774461 -0.0156292
 0.0911249 0.00774473  -0.015629
 0.0911241 0.00774486 -0.0156288
 0.0911233 0.00774499 -0.0156287
 0.0911226 0.00774512 -0.0156285
 0.0911219 0.00774525 -0.0156284
 0.0911211 0.00774537 -0.0156282
 0.0911204  0.0077455 -0.0156281
 0.0911197 0.00774563 -0.0156279
  0.091119 0.00774575 -0.0156278
 0.0911184 0.00774588 -0.0156276
 0.0911177 0.00774601 -0.0156275
  0.091117 0.00774613 -0.0156274
 0.0911164 0.00774626 -0.0156272
 0.0911158 0.00774638 -0.0156271
 0.0911151 0.00774651 -0.0156269
 0.0911145 0.00774663 -0.0156268
 0.0911139 0.00774676 -0.0156267
 0.0911133 0.00774688 -0.0156265
 0.0911127   0.007747 -0.0156264
 0.0911121 0.00774713 -0.0156263
 0.0911116 0.00774725 -0.0156262
  0.091111 0.00774737  -0.015626
 0.0911105  0.0077475 -0.0156259
 0.0911099 0.00774762 -0.0156258
 0.0911094 0.00774774 -0.0156257
 0.0911089 0.00774786 -0.0156256
 0.0911083 0.00774798 -0.0156254
 0.0911078  0.0077481 -0.0156253
 0.0911073 0.00774823 -0.0156252
 0.0911068 0.00774835 -0.0156251
 0.0911063 0.00774847  -0.015625
 0.0911059 0.00774859 -0.0156249
 0.0911054  0.0077487 -0.0156248
 0.0911049 0.00774882 -0.0156247
 0.0911045 0.00774894 -0.0156246
  0.091104 0.00774906 -0.0156245
 0.0911036 0.00774918 -0.0156244
 0.0911032  0.0077493 -0.0156243
 0.0911027 0.00774941 -0.0156242
 0.0911023 0.00774953 -0.0156241
 0.0911019 0.00774965  -0.015624
 0.0911015 0.00774976 -0.0156239
 0.0911011 0.00774988 -0.0156238
 0.0911007 0.00774999 -0.0156237
 0.0911003 0.00775011 -0.0156236
    0.0911 0.00775022 -0.0156235
 0.0910996 0.00775034 -0.0156234
 0.0910992 0.00775045 -0.0156233
 0.0910989 0.00775056 -0.0156232
 0.0910985 0.00775068 -0.0156232
 0.0910982 0.00775079 -0.0156231
0.0910978 0.0077509 -0.015623
 0.0910975 0.00775101 -0.0156229
 0.0910972 0.00775112 -0.0156228
 0.0910968 0.00775124 -0.0156228
 0.0910965 0.00775135 -0.0156227
 0.0910962 0.00775146 -0.0156226
 0.0910959 0.00775157 -0.0156225
 0.0910956 0.00775168 -0.0156224
 0.0910953 0.00775178 -0.0156224
  0.091095 0.00775189 -0.0156223
 0.0910947   0.007752 -0.0156222
 0.0910945 0.00775211 -0.0156221
 0.0910942 0.00775222 -0.0156221
 0.0910939 0.00775232  -0.015622
 0.0910936 0.00775243 -0.0156219
 0.0910934 0.00775254 -0.0156219
 0.0910931 0.00775264 -0.0156218
 0.0910929 0.00775275 -0.0156217
 0.0910926 0.00775285 -0.0156217
 0.0910924 0.00775296 -0.0156216
 0.0910921 0.00775306 -0.0156215
 0.0910919 0.00775317 -0.0156215
 0.0910917 0.00775327 -0.0156214
 0.0910915 0.00775337 -0.0156214
 0.0910912 0.00775348 -0.0156213
  0.091091 0.00775358 -0.0156212
 0.0910908 0.00775368 -0.0156212
 0.0910906 0.00775378 -0.0156211
 0.0910904 0.00775388 -0.0156211
 0.0910902 0.00775398  -0.015621
   0.09109 0.00775409 -0.0156209
 0.0910898 0.00775419 -0.0156209
 0.0910896 0.00775428 -0.0156208
 0.0910894 0.00775438 -0.0156208
 0.0910893 0.00775448 -0.0156207
 0.0910891 0.00775458 -0.0156207
 0.0910889 0.00775468 -0.0156206
 0.0910887 0.00775478 -0.0156206
 0.0910886 0.00775487 -0.0156205
 0.0910884 0.00775497 -0.0156205
 0.0910882 0.00775507 -0.0156204
 0.0910881 0.00775516 -0.0156204
 0.0910879 0.00775526 -0.0156203
 0.0910878 0.00775535 -0.0156203
 0.0910876 0.00775545 -0.0156202
 0.0910875 0.00775554 -0.0156202
 0.0910873 0.00775564 -0.0156201
 0.0910872 0.00775573 -0.0156201
 0.0910871 0.00775582 -0.0156201
 0.0910869 0.00775591   -0.01562
 0.0910868 0.00775601   -0.01562
 0.0910867  0.0077561 -0.0156199
 0.0910866 0.00775619 -0.0156199
 0.0910864 0.00775628 -0.0156198
 0.0910863 0.00775637 -0.0156198
 0.0910862 0.00775646 -0.0156198
 0.0910861 0.00775655 -0.0156197
  0.091086 0.00775664 -0.0156197
 0.0910859 0.00775673 -0.0156196
 0.0910858 0.00775682 -0.0156196
 0.0910857 0.00775691 -0.0156196
 0.0910856   0.007757 -0.0156195
 0.0910855 0.00775708 -0.0156195
 0.0910854 0.00775717 -0.0156195
 0.0910853 0.00775726 -0.0156194
 0.0910852 0.00775734 -0.0156194
 0.0910851 0.00775743 -0.0156194
  0.091085 0.00775751 -0.0156193
 0.0910849  0.0077576 -0.0156193
 0.0910848 0.00775768 -0.0156193
 0.0910848 0.00775777 -0.0156192
 0.0910847 0.00775785 -0.0156192
 0.0910846 0.00775794 -0.0156192
 0.0910845 0.00775802 -0.0156191
 0.0910845  0.0077581 -0.0156191
 0.0910844 0.00775818 -0.0156191
 0.0910843 0.00775827  -0.015619
 0.0910843 0.00775835  -0.015619
 0.0910842 0.00775843  -0.015619
 0.0910841 0.00775851  -0.015619
 0.0910841 0.00775859 -0.0156189
  0.091084 0.00775867 -0.0156189
 0.0910839 0.00775875 -0.0156189
 0.0910839 0.00775883 -0.0156188
 0.0910838 0.00775891 -0.0156188
 0.0910838 0.00775899 -0.0156188
 0.0910837 0.00775907 -0.0156188
 0.0910837 0.00775914 -0.0156187
 0.0910836 0.00775922 -0.0156187
 0.0910836  0.0077593 -0.0156187
 0.0910835 0.00775937 -0.0156187
 0.0910835 0.00775945 -0.0156186
 0.0910835 0.00775953 -0.0156186
 0.0910834  0.0077596 -0.0156186
 0.0910834 0.00775968 -0.0156186
 0.0910833 0.00775975 -0.0156185
 0.0910833 0.00775983 -0.0156185
 0.0910833  0.0077599 -0.0156185
 0.0910832 0.00775998 -0.0156185
 0.0910832 0.00776005 -0.0156185
 0.0910832 0.00776012 -0.0156184
 0.0910832 0.00776019 -0.0156184
 0.0910831 0.00776027 -0.0156184
 0.0910831 0.00776034 -0.0156184
 0.0910831 0.00776041 -0.0156184
  0.091083 0.00776048 -0.0156183
  0.091083 0.00776055 -0.0156183
  0.091083 0.00776062 -0.0156183
  0.091083 0.00776069 -0.0156183
  0.091083 0.00776076 -0.0156183
 0.0910829 0.00776083 -0.0156182
 0.0910829  0.0077609 -0.0156182
 0.0910829 0.00776097 -0.0156182
 0.0910829 0.00776104 -0.0156182
 0.0910829 0.00776111 -0.0156182
 0.0910829 0.00776118 -0.0156181
 0.0910829 0.00776124 -0.0156181
 0.0910828 0.00776131 -0.0156181
 0.0910828 0.00776138 -0.0156181
 0.0910828 0.00776144 -0.0156181
 0.0910828 0.00776151 -0.0156181
 0.0910828 0.00776157  -0.015618
 0.0910828 0.00776164  -0.015618
 0.0910828 0.00776171  -0.015618
 0.0910828 0.00776177  -0.015618
 0.0910828 0.00776183  -0.015618
0.0910828 0.0077619 -0.015618
 0.0910828 0.00776196  -0.015618
 0.0910828 0.00776203 -0.0156179
 0.0910828 0.00776209 -0.0156179
 0.0910828 0.00776215 -0.0156179
 0.0910828 0.00776221 -0.0156179
 0.0910828 0.00776228 -0.0156179
 0.0910828 0.00776234 -0.0156179
 0.0910828  0.0077624 -0.0156179
 0.0910828 0.00776246 -0.0156178
 0.0910828 0.00776252 -0.0156178
 0.0910828 0.00776258 -0.0156178
 0.0910828 0.00776264 -0.0156178
 0.0910828  0.0077627 -0.0156178
 0.0910828 0.00776276 -0.0156178
 0.0910828 0.00776282 -0.0156178
 0.0910828 0.00776288 -0.0156178
 0.0910828 0.00776294 -0.0156178
 0.0910828   0.007763 -0.0156177
 0.0910828 0.00776306 -0.0156177
 0.0910829 0.00776311 -0.0156177
 0.0910829 0.00776317 -0.0156177
 0.0910829 0.00776323 -0.0156177
 0.0910829 0.00776328 -0.0156177
 0.0910829 0.00776334 -0.0156177
 0.0910829  0.0077634 -0.0156177
 0.0910829 0.00776345 -0.0156177
 0.0910829 0.00776351 -0.0156176
  0.091083 0.00776356 -0.0156176
  0.091083 0.00776362 -0.0156176
  0.091083 0.00776367 -0.0156176
  0.091083 0.00776373 -0.0156176
  0.091083 0.00776378 -0.0156176
  0.091083 0.00776384 -0.0156176
 0.0910831 0.00776389 -0.0156176
 0.0910831 0.00776394 -0.0156176
 0.0910831   0.007764 -0.0156176
 0.0910831 0.00776405 -0.0156176
 0.0910831  0.0077641 -0.0156175
 0.0910831 0.00776415 -0.0156175
 0.0910832 0.00776421 -0.0156175
 0.0910832 0.00776426 -0.0156175
 0.0910832 0.00776431 -0.0156175
 0.0910832 0.00776436 -0.0156175
 0.0910832 0.00776441 -0.0156175
 0.0910833 0.00776446 -0.0156175
 0.0910833 0.00776451 -0.0156175
 0.0910833 0.00776456 -0.0156175
 0.0910833 0.00776461 -0.0156175
 0.0910834 0.00776466 -0.0156175
 0.0910834 0.00776471 -0.0156175
 0.0910834 0.00776476 -0.0156175
 0.0910834 0.00776481 -0.0156174
 0.0910834 0.00776486 -0.0156174
 0.0910835  0.0077649 -0.0156174
 0.0910835 0.00776495 -0.0156174
 0.0910835   0.007765 -0.0156174
 0.0910835 0.00776505 -0.0156174
 0.0910836 0.00776509 -0.0156174
 0.0910836 0.00776514 -0.0156174
 0.0910836 0.00776519 -0.0156174
 0.0910836 0.00776523 -0.0156174
 0.0910837 0.00776528 -0.0156174
 0.0910837 0.00776532 -0.0156174
 0.0910837 0.00776537 -0.0156174
 0.0910837 0.00776541 -0.0156174
 0.0910838 0.00776546 -0.0156174
 0.0910838  0.0077655 -0.0156174
 0.0910838 0.00776555 -0.0156173
 0.0910838 0.00776559 -0.0156173
 0.0910839 0.00776564 -0.0156173
 0.0910839 0.00776568 -0.0156173
 0.0910839 0.00776572 -0.0156173
 0.0910839 0.00776577 -0.0156173
  0.091084 0.00776581 -0.0156173
  0.091084 0.00776585 -0.0156173
  0.091084  0.0077659 -0.0156173
 0.0910841 0.00776594 -0.0156173
 0.0910841 0.00776598 -0.0156173
 0.0910841 0.00776602 -0.0156173
 0.0910841 0.00776606 -0.0156173
 0.0910842 0.00776611 -0.0156173
 0.0910842 0.00776615 -0.0156173
 0.0910842 0.00776619 -0.0156173
 0.0910843 0.00776623 -0.0156173
 0.0910843 0.00776627 -0.0156173
 0.0910843 0.00776631 -0.0156173
 0.0910843 0.00776635 -0.0156173
 0.0910844 0.00776639 -0.0156173
 0.0910844 0.00776643 -0.0156173
 0.0910844 0.00776647 -0.0156173
 0.0910845 0.00776651 -0.0156173
 0.0910845 0.00776655 -0.0156172
 0.0910845 0.00776658 -0.0156172
 0.0910845 0.00776662 -0.0156172
 0.0910846 0.00776666 -0.0156172
 0.0910846  0.0077667 -0.0156172
 0.0910846 0.00776674 -0.0156172
 0.0910847 0.00776677 -0.0156172
 0.0910847 0.00776681 -0.0156172
 0.0910847 0.00776685 -0.0156172
 0.0910848 0.00776689 -0.0156172
 0.0910848 0.00776692 -0.0156172
 0.0910848 0.00776696 -0.0156172
 0.0910848   0.007767 -0.0156172
 0.0910849 0.00776703 -0.0156172
 0.0910849 0.00776707 -0.0156172
 0.0910849  0.0077671 -0.0156172
  0.091085 0.00776714 -0.0156172
  0.091085 0.00776717 -0.0156172
  0.091085 0.00776721 -0.0156172
  0.091085 0.00776724 -0.0156172
 0.0910851 0.00776728 -0.0156172
 0.0910851 0.00776731 -0.0156172
 0.0910851 0.00776735 -0.0156172
 0.0910852 0.00776738 -0.0156172
 0.0910852 0.00776742 -0.0156172
 0.0910852 0.00776745 -0.0156172
 0.0910853 0.00776748 -0.0156172
 0.0910853 0.00776752 -0.0156172
 0.0910853 0.00776755 -0.0156172
 0.0910853 0.00776758 -0.0156172
 0.0910854 0.00776762 -0.0156172
 0.0910854 0.00776765 -0.0156172
 0.0910854 0.00776768 -0.0156172
 0.0910855 0.00776771 -0.0156172
 0.0910855 0.00776774 -0.0156172
 0.0910855 0.00776778 -0.0156172
 0.0910855 0.00776781 -0.0156172
 0.0910856 0.00776784 -0.0156172
 0.0910856 0.00776787 -0.0156172
 0.0910856  0.0077679 -0.0156172
 0.0910857 0.00776793 -0.0156171
 0.0910857 0.00776796 -0.0156171
 0.0910857 0.00776799 -0.0156171
 0.0910858 0.00776802 -0.0156171
 0.0910858 0.00776806 -0.0156171
 0.0910858 0.00776809 -0.0156171
 0.0910858 0.00776812 -0.0156171
 0.0910859 0.00776814 -0.0156171
 0.0910859 0.00776817 -0.0156171
 0.0910859  0.0077682 -0.0156171
  0.091086 0.00776823 -0.0156171
  0.091086 0.00776826 -0.0156171
  0.091086 0.00776829 -0.0156171
  0.091086 0.00776832 -0.0156171
 0.0910861 0.00776835 -0.0156171
 0.0910861 0.00776838 -0.0156171
 0.0910861  0.0077684 -0.0156171
 0.0910862 0.00776843 -0.0156171
 0.0910862 0.00776846 -0.0156171
 0.0910862 0.00776849 -0.0156171
 0.0910862 0.00776852 -0.0156171
 0.0910863 0.00776854 -0.0156171
 0.0910863 0.00776857 -0.0156171
 0.0910863  0.0077686 -0.0156171
 0.0910863 0.00776862 -0.0156171
 0.0910864 0.00776865 -0.0156171
 0.0910864 0.00776868 -0.0156171
 0.0910864  0.0077687 -0.0156171
 0.0910865 0.00776873 -0.0156171
 0.0910865 0.00776876 -0.0156171
 0.0910865 0.00776878 -0.0156171
 0.0910865 0.00776881 -0.0156171
 0.0910866 0.00776883 -0.0156171
 0.0910866 0.00776886 -0.0156171
 0.0910866 0.00776888 -0.0156171
 0.0910866 0.00776891 -0.0156171
 0.0910867 0.00776893 -0.0156171
 0.0910867 0.00776896 -0.0156171
 0.0910867 0.00776898 -0.0156171
 0.0910868 0.00776901 -0.0156171
 0.0910868 0.00776903 -0.0156171
 0.0910868 0.00776906 -0.0156171
 0.0910868 0.00776908 -0.0156171
 0.0910869 0.00776911 -0.0156171
 0.0910869 0.00776913 -0.0156171
 0.0910869 0.00776915 -0.0156171
 0.0910869 0.00776918 -0.0156171
  0.091087  0.0077692 -0.0156171
  0.091087 0.00776922 -0.0156171
  0.091087 0.00776925 -0.0156171
  0.091087 0.00776927 -0.0156171
 0.0910871 0.00776929 -0.0156171
 0.0910871 0.00776932 -0.0156171
 0.0910871 0.00776934 -0.0156171
 0.0910871 0.00776936 -0.0156171
 0.0910872 0.00776938 -0.0156171
 0.0910872 0.00776941 -0.0156171
 0.0910872 0.00776943 -0.0156171
 0.0910872 0.00776945 -0.0156171
 0.0910873 0.00776947 -0.0156171
 0.0910873 0.00776949 -0.0156171
 0.0910873 0.00776952 -0.0156171
 0.0910873 0.00776954 -0.0156171
 0.0910874 0.00776956 -0.0156171
 0.0910874 0.00776958 -0.0156171
 0.0910874  0.0077696 -0.0156171
 0.0910874 0.00776962 -0.0156171
 0.0910875 0.00776964 -0.0156171
 0.0910875 0.00776966 -0.0156171
 0.0910875 0.00776968 -0.0156171
 0.0910875  0.0077697 -0.0156171
 0.0910876 0.00776972 -0.0156171
 0.0910876 0.00776974 -0.0156171
 0.0910876 0.00776976 -0.0156171
 0.0910876 0.00776978 -0.0156171
 0.0910876  0.0077698 -0.0156171
 0.0910877 0.00776982 -0.0156171
 0.0910877 0.00776984 -0.0156171
 0.0910877 0.00776986 -0.0156171
 0.0910877 0.00776988 -0.0156171
 0.0910878  0.0077699 -0.0156171
 0.0910878 0.00776992 -0.0156171
 0.0910878 0.00776994 -0.0156171
 0.0910878 0.00776996 -0.0156171
 0.0910879 0.00776998 -0.0156171
 0.0910879    0.00777 -0.0156171
 0.0910879 0.00777001 -0.0156171
 0.0910879 0.00777003 -0.0156171
 0.0910879 0.00777005 -0.0156171
  0.091088 0.00777007 -0.0156171
  0.091088 0.00777009 -0.0156171
  0.091088 0.00777011 -0.0156171
  0.091088 0.00777012 -0.0156171
  0.091088 0.00777014 -0.0156171
 0.0910881 0.00777016 -0.0156171
 0.0910881 0.00777018 -0.0156171
 0.0910881 0.00777019 -0.0156171
 0.0910881 0.00777021 -0.0156171
 0.0910882 0.00777023 -0.0156171
 0.0910882 0.00777025 -0.0156171
 0.0910882 0.00777026 -0.0156171
 0.0910882 0.00777028 -0.0156171
 0.0910882  0.0077703 -0.0156171
 0.0910883 0.00777031 -0.0156171
 0.0910883 0.00777033 -0.0156171
 0.0910883 0.00777035 -0.0156171
 0.0910883 0.00777036 -0.0156171
 0.0910883 0.00777038 -0.0156171
 0.0910884  0.0077704 -0.0156171
 0.0910884 0.00777041 -0.0156171
 0.0910884 0.00777043 -0.0156171
 0.0910884 0.00777044 -0.0156171
 0.0910884 0.00777046 -0.0156171
 0.0910885 0.00777048 -0.0156171
 0.0910885 0.00777049 -0.0156171
 0.0910885 0.00777051 -0.0156171
 0.0910885 0.00777052 -0.0156171
 0.0910885 0.00777054 -0.0156171
 0.0910885 0.00777055 -0.0156171
 0.0910886 0.00777057 -0.0156171
 0.0910886 0.00777058 -0.0156171
 0.0910886  0.0077706 -0.0156171
 0.0910886 0.00777061 -0.0156171
 0.0910886 0.00777063 -0.0156171
 0.0910887 0.00777064 -0.0156171
 0.0910887 0.00777066 -0.0156171
 0.0910887 0.00777067 -0.0156171
 0.0910887 0.00777069 -0.0156171
 0.0910887  0.0077707 -0.0156171
 0.0910887 0.00777072 -0.0156171
 0.0910888 0.00777073 -0.0156171
 0.0910888 0.00777074 -0.0156171
 0.0910888 0.00777076 -0.0156171
 0.0910888 0.00777077 -0.0156171
 0.0910888 0.00777079 -0.0156171
 0.0910888  0.0077708 -0.0156171
 0.0910889 0.00777081 -0.0156171
 0.0910889 0.00777083 -0.0156171
 0.0910889 0.00777084 -0.0156171
 0.0910889 0.00777085 -0.0156171
 0.0910889 0.00777087 -0.0156171
 0.0910889 0.00777088 -0.0156171
  0.091089 0.00777089 -0.0156171
  0.091089 0.00777091 -0.0156171
  0.091089 0.00777092 -0.0156171
  0.091089 0.00777093 -0.0156171
  0.091089 0.00777095 -0.0156171
  0.091089 0.00777096 -0.0156171
 0.0910891 0.00777097 -0.0156171
 0.0910891 0.00777098 -0.0156171
 0.0910891   0.007771 -0.0156171
 0.0910891 0.00777101 -0.0156171
 0.0910891 0.00777102 -0.0156171
 0.0910891 0.00777103 -0.0156171
 0.0910892 0.00777105 -0.0156171
 0.0910892 0.00777106 -0.0156171
 0.0910892 0.00777107 -0.0156171
 0.0910892 0.00777108 -0.0156171
 0.0910892 0.00777109 -0.0156171
 0.0910892 0.00777111 -0.0156171
 0.0910892 0.00777112 -0.0156171
 0.0910893 0.00777113 -0.0156171
 0.0910893 0.00777114 -0.0156171
 0.0910893 0.00777115 -0.0156171
 0.0910893 0.00777116 -0.0156171
 0.0910893 0.00777118 -0.0156171
 0.0910893 0.00777119 -0.0156171
 0.0910893  0.0077712 -0.0156171
 0.0910894 0.00777121 -0.0156171
 0.0910894 0.00777122 -0.0156171
 0.0910894 0.00777123 -0.0156171
 0.0910894 0.00777124 -0.0156171
 0.0910894 0.00777125 -0.0156171
 0.0910894 0.00777127 -0.0156171
 0.0910894 0.00777128 -0.0156171
 0.0910894 0.00777129 -0.0156171
 0.0910895  0.0077713 -0.0156171
 0.0910895 0.00777131 -0.0156171
 0.0910895 0.00777132 -0.0156171
 0.0910895 0.00777133 -0.0156171
 0.0910895 0.00777134 -0.0156171
 0.0910895 0.00777135 -0.0156171
 0.0910895 0.00777136 -0.0156171
 0.0910896 0.00777137 -0.0156171
 0.0910896 0.00777138 -0.0156171
 0.0910896 0.00777139 -0.0156171
 0.0910896  0.0077714 -0.0156171
 0.0910896 0.00777141 -0.0156171
 0.0910896 0.00777142 -0.0156171
 0.0910896 0.00777143 -0.0156171
 0.0910896 0.00777144 -0.0156171
 0.0910896 0.00777145 -0.0156171
 0.0910897 0.00777146 -0.0156171
 0.0910897 0.00777147 -0.0156171
 0.0910897 0.00777148 -0.0156171
 0.0910897 0.00777149 -0.0156171
 0.0910897  0.0077715 -0.0156171
 0.0910897 0.00777151 -0.0156171
 0.0910897 0.00777152 -0.0156171
 0.0910897 0.00777153 -0.0156171
 0.0910898 0.00777154 -0.0156171
 0.0910898 0.00777154 -0.0156171
 0.0910898 0.00777155 -0.0156171
 0.0910898 0.00777156 -0.0156171
 0.0910898 0.00777157 -0.0156171
 0.0910898 0.00777158 -0.0156171
 0.0910898 0.00777159 -0.0156171
 0.0910898  0.0077716 -0.0156171
 0.0910898 0.00777161 -0.0156171
 0.0910898 0.00777162 -0.0156171
 0.0910899 0.00777162 -0.0156171
 0.0910899 0.00777163 -0.0156171
 0.0910899 0.00777164 -0.0156171
 0.0910899 0.00777165 -0.0156171
 0.0910899 0.00777166 -0.0156171
 0.0910899 0.00777167 -0.0156171
 0.0910899 0.00777167 -0.0156171
 0.0910899 0.00777168 -0.0156171
 0.0910899 0.00777169 -0.0156171
 0.0910899  0.0077717 -0.0156171
   0.09109 0.00777171 -0.0156171
   0.09109 0.00777172 -0.0156171
   0.09109 0.00777172 -0.0156171
   0.09109 0.00777173 -0.0156171
   0.09109 0.00777174 -0.0156171
   0.09109 0.00777175 -0.0156171
   0.09109 0.00777175 -0.0156171
   0.09109 0.00777176 -0.0156171
   0.09109 0.00777177 -0.0156171
   0.09109 0.00777178 -0.0156171
   0.09109 0.00777179 -0.0156171
 0.0910901 0.00777179 -0.0156171
 0.0910901  0.0077718 -0.0156171
 0.0910901 0.00777181 -0.0156171
 0.0910901 0.00777182 -0.0156171
 0.0910901 0.00777182 -0.0156171
 0.0910901 0.00777183 -0.0156171
 0.0910901 0.00777184 -0.0156171
 0.0910901 0.00777184 -0.0156171
 0.0910901 0.00777185 -0.0156171
 0.0910901 0.00777186 -0.0156171
 0.0910901 0.00777187 -0.0156171
 0.0910902 0.00777187 -0.0156171
 0.0910902 0.00777188 -0.0156171
 0.0910902 0.00777189 -0.0156171
 0.0910902 0.00777189 -0.0156171
 0.0910902  0.0077719 -0.0156171
 0.0910902 0.00777191 -0.0156171
 0.0910902 0.00777191 -0.0156171
 0.0910902 0.00777192 -0.0156171
 0.0910902 0.00777193 -0.0156171
 0.0910902 0.00777193 -0.0156171
 0.0910902 0.00777194 -0.0156171
 0.0910902 0.00777195 -0.0156171
 0.0910902 0.00777195 -0.0156171
 0.0910903 0.00777196 -0.0156171
 0.0910903 0.00777197 -0.0156171
 0.0910903 0.00777197 -0.0156171
 0.0910903 0.00777198 -0.0156171
 0.0910903 0.00777199 -0.0156171
 0.0910903 0.00777199 -0.0156171
 0.0910903   0.007772 -0.0156171
 0.0910903   0.007772 -0.0156171
 0.0910903 0.00777201 -0.0156171
 0.0910903 0.00777202 -0.0156171
 0.0910903 0.00777202 -0.0156171
 0.0910903 0.00777203 -0.0156171
 0.0910903 0.00777204 -0.0156171
 0.0910903 0.00777204 -0.0156171
 0.0910903 0.00777205 -0.0156171
 0.0910904 0.00777205 -0.0156171
 0.0910904 0.00777206 -0.0156171
 0.0910904 0.00777206 -0.0156171
 0.0910904 0.00777207 -0.0156171
 0.0910904 0.00777208 -0.0156171
 0.0910904 0.00777208 -0.0156171
 0.0910904 0.00777209 -0.0156171
 0.0910904 0.00777209 -0.0156171
 0.0910904  0.0077721 -0.0156171
 0.0910904  0.0077721 -0.0156171
 0.0910904 0.00777211 -0.0156171
 0.0910904 0.00777211 -0.0156171
 0.0910904 0.00777212 -0.0156171
 0.0910904 0.00777213 -0.0156171
 0.0910904 0.00777213 -0.0156171
 0.0910904 0.00777214 -0.0156171
 0.0910904 0.00777214 -0.0156171
 0.0910905 0.00777215 -0.0156171
 0.0910905 0.00777215 -0.0156171
 0.0910905 0.00777216 -0.0156171
 0.0910905 0.00777216 -0.0156171
 0.0910905 0.00777217 -0.0156171
 0.0910905 0.00777217 -0.0156171
 0.0910905 0.00777218 -0.0156171
 0.0910905 0.00777218 -0.0156171
 0.0910905 0.00777219 -0.0156171
 0.0910905 0.00777219 -0.0156171
 0.0910905  0.0077722 -0.0156171
 0.0910905  0.0077722 -0.0156171
 0.0910905 0.00777221 -0.0156171
 0.0910905 0.00777221 -0.0156171
 0.0910905 0.00777222 -0.0156171
 0.0910905 0.00777222 -0.0156171
 0.0910905 0.00777223 -0.0156171
 0.0910905 0.00777223 -0.0156171
 0.0910905 0.00777224 -0.0156171
 0.0910905 0.00777224 -0.0156171
 0.0910905 0.00777225 -0.0156171
 0.0910906 0.00777225 -0.0156171
 0.0910906 0.00777225 -0.0156171
 0.0910906 0.00777226 -0.0156171
 0.0910906 0.00777226 -0.0156171
 0.0910906 0.00777227 -0.0156171
 0.0910906 0.00777227 -0.0156171
 0.0910906 0.00777228 -0.0156171
 0.0910906 0.00777228 -0.0156171
 0.0910906 0.00777229 -0.0156171
 0.0910906 0.00777229 -0.0156171
 0.0910906 0.00777229 -0.0156171
 0.0910906  0.0077723 -0.0156171
 0.0910906  0.0077723 -0.0156171
 0.0910906 0.00777231 -0.0156171
 0.0910906 0.00777231 -0.0156171
 0.0910906 0.00777231 -0.0156171
 0.0910906 0.00777232 -0.0156171
 0.0910906 0.00777232 -0.0156171
 0.0910906 0.00777233 -0.0156171
 0.0910906 0.00777233 -0.0156171
 0.0910906 0.00777233 -0.0156171
 0.0910906 0.00777234 -0.0156171
 0.0910906 0.00777234 -0.0156171
 0.0910906 0.00777235 -0.0156171
 0.0910906 0.00777235 -0.0156171
 0.0910906 0.00777235 -0.0156171
 0.0910906 0.00777236 -0.0156171
 0.0910907 0.00777236 -0.0156171
 0.0910907 0.00777237 -0.0156171
 0.0910907 0.00777237 -0.0156171
 0.0910907 0.00777237 -0.0156171
 0.0910907 0.00777238 -0.0156171
 0.0910907 0.00777238 -0.0156171
 0.0910907 0.00777238 -0.0156171
 0.0910907 0.00777239 -0.0156171
 0.0910907 0.00777239 -0.0156171
 0.0910907  0.0077724 -0.0156171
 0.0910907  0.0077724 -0.0156171
 0.0910907  0.0077724 -0.0156171
 0.0910907 0.00777241 -0.0156171
 0.0910907 0.00777241 -0.0156171
 0.0910907 0.00777241 -0.0156171
 0.0910907 0.00777242 -0.0156171
 0.0910907 0.00777242 -0.0156171
 0.0910907 0.00777242 -0.0156171
 0.0910907 0.00777243 -0.0156171
 0.0910907 0.00777243 -0.0156171
 0.0910907 0.00777243 -0.0156171
 0.0910907 0.00777244 -0.0156171
 0.0910907 0.00777244 -0.0156171
 0.0910907 0.00777244 -0.0156171
 0.0910907 0.00777245 -0.0156171
 0.0910907 0.00777245 -0.0156171
 0.0910907 0.00777245 -0.0156171
 0.0910907 0.00777246 -0.0156171
 0.0910907 0.00777246 -0.0156171
 0.0910907 0.00777246 -0.0156171
 0.0910907 0.00777247 -0.0156171
 0.0910907 0.00777247 -0.0156171
 0.0910907 0.00777247 -0.0156171
 0.0910907 0.00777247 -0.0156171
 0.0910907 0.00777248 -0.0156171
 0.0910907 0.00777248 -0.0156171
 0.0910907 0.00777248 -0.0156171
 0.0910907 0.00777249 -0.0156171
 0.0910907 0.00777249 -0.0156171
 0.0910907 0.00777249 -0.0156171
 0.0910907  0.0077725 -0.0156171
 0.0910907  0.0077725 -0.0156171
 0.0910907  0.0077725 -0.0156171
 0.0910908  0.0077725 -0.0156171
 0.0910908 0.00777251 -0.0156171
 0.0910908 0.00777251 -0.0156171
 0.0910908 0.00777251 -0.0156171
 0.0910908 0.00777251 -0.0156171
 0.0910908 0.00777252 -0.0156171
 0.0910908 0.00777252 -0.0156171
 0.0910908 0.00777252 -0.0156171
 0.0910908 0.00777253 -0.0156171
 0.0910908 0.00777253 -0.0156171
 0.0910908 0.00777253 -0.0156171
 0.0910908 0.00777253 -0.0156171
 0.0910908 0.00777254 -0.0156171
 0.0910908 0.00777254 -0.0156171
 0.0910908 0.00777254 -0.0156171
 0.0910908 0.00777254 -0.0156171
 0.0910908 0.00777255 -0.0156171
 0.0910908 0.00777255 -0.0156171
 0.0910908 0.00777255 -0.0156171
 0.0910908 0.00777255 -0.0156171
 0.0910908 0.00777256 -0.0156171
 0.0910908 0.00777256 -0.0156171
 0.0910908 0.00777256 -0.0156171
 0.0910908 0.00777256 -0.0156171
 0.0910908 0.00777257 -0.0156171
 0.0910908 0.00777257 -0.0156171
 0.0910908 0.00777257 -0.0156171
 0.0910908 0.00777257 -0.0156171
 0.0910908 0.00777258 -0.0156171
 0.0910908 0.00777258 -0.0156171
 0.0910908 0.00777258 -0.0156171
 0.0910908 0.00777258 -0.0156171
 0.0910908 0.00777258 -0.0156171
 0.0910908 0.00777259 -0.0156171
 0.0910908 0.00777259 -0.0156171
 0.0910908 0.00777259 -0.0156171
 0.0910908 0.00777259 -0.0156171
 0.0910908  0.0077726 -0.0156171
 0.0910908  0.0077726 -0.0156171
 0.0910908  0.0077726 -0.0156171
 0.0910908  0.0077726 -0.0156171
 0.0910908  0.0077726 -0.0156171
 0.0910908 0.00777261 -0.0156171
 0.0910908 0.00777261 -0.0156171
 0.0910908 0.00777261 -0.0156171
 0.0910908 0.00777261 -0.0156171
 0.0910908 0.00777261 -0.0156171
 0.0910908 0.00777262 -0.0156171
 0.0910908 0.00777262 -0.0156171
 0.0910908 0.00777262 -0.0156171
 0.0910908 0.00777262 -0.0156171
 0.0910908 0.00777262 -0.0156171
 0.0910908 0.00777263 -0.0156171
 0.0910908 0.00777263 -0.0156171
 0.0910908 0.00777263 -0.0156171
 0.0910908 0.00777263 -0.0156171
 0.0910908 0.00777263 -0.0156171
 0.0910908 0.00777264 -0.0156171
 0.0910908 0.00777264 -0.0156171
 0.0910908 0.00777264 -0.0156171
 0.0910908 0.00777264 -0.0156171
 0.0910908 0.00777264 -0.0156171
 0.0910908 0.00777264 -0.0156171
 0.0910908 0.00777265 -0.0156171
 0.0910908 0.00777265 -0.0156171
 0.0910908 0.00777265 -0.0156171
 0.0910908 0.00777265 -0.0156171
 0.0910908 0.00777265 -0.0156171
 0.0910908 0.00777266 -0.0156171
 0.0910908 0.00777266 -0.0156171
 0.0910908 0.00777266 -0.0156171
 0.0910908 0.00777266 -0.0156171
 0.0910908 0.00777266 -0.0156171
 0.0910908 0.00777266 -0.0156171
 0.0910908 0.00777267 -0.0156171
 0.0910908 0.00777267 -0.0156171
 0.0910908 0.00777267 -0.0156171
 0.0910908 0.00777267 -0.0156171
 0.0910908 0.00777267 -0.0156171
 0.0910908 0.00777267 -0.0156171
 0.0910908 0.00777268 -0.0156171
