0.00857394  0.0157752  -0.037736
 0.0127097 0.00996992 -0.0218269
 0.0148723 0.00630416 -0.0122202
  0.0155488  0.00398655 -0.00677388
 0.0152839 0.00252081 -0.0039285
  0.0145039  0.00159463 -0.00263467
  0.0134935  0.00101084 -0.00222467
  0.0124236 0.000644629 -0.00229117
   0.011388 0.000416794 -0.00259425
  0.0104318 0.000276949 -0.00299739
 0.00957248 0.000192988 -0.00342598
 0.00881193 0.000144419 -0.00384161
 0.00814452 0.000118144 -0.00422634
 0.00756132 0.000105788 -0.00457356
 0.00705251 0.000101994 -0.00488255
 0.00660857 0.000103342 -0.00515548
 0.00622082 0.000107657 -0.00539574
 0.00588161 0.000113559 -0.00560702
 0.00558432 0.000120185  -0.0057929
 0.00532326 0.000127002 -0.00595664
 0.00509361  0.00013369 -0.00610111
 0.00489123 0.000140064 -0.00622881
 0.00471261 0.000146025 -0.00634188
 0.00455473  0.00015153 -0.00644217
   0.004415 0.000156568 -0.00653125
 0.00429121 0.000161151 -0.00661049
 0.00418141 0.000165299 -0.00668106
 0.00408394 0.000169041 -0.00674395
 0.00399735 0.000172407 -0.00680007
 0.00392037 0.000175429 -0.00685016
 0.00385187 0.000178138  -0.0068949
  0.0037909 0.000180563 -0.00693489
  0.0037366  0.00018273 -0.00697063
  0.0036882 0.000184665  -0.0070026
 0.00364504 0.000186391 -0.00703118
 0.00360654 0.000187929 -0.00705674
 0.00357218 0.000189298 -0.00707961
 0.00354149 0.000190514 -0.00710006
 0.00351408 0.000191594 -0.00711834
 0.00348958 0.000192551 -0.00713469
 0.00346766 0.000193397  -0.0071493
 0.00344806 0.000194145 -0.00716235
 0.00343051 0.000194803   -0.007174
  0.0034148 0.000195382  -0.0071844
 0.00340072 0.000195889 -0.00719367
  0.0033881 0.000196331 -0.00720193
 0.00337678 0.000196715 -0.00720929
 0.00336663 0.000197047 -0.00721582
  0.0033575 0.000197333 -0.00722162
 0.00334931 0.000197576 -0.00722676
 0.00334194 0.000197781 -0.00723131
 0.00333532 0.000197952 -0.00723532
 0.00332935 0.000198093 -0.00723885
 0.00332398 0.000198206 -0.00724195
 0.00331914 0.000198294 -0.00724467
 0.00331477  0.00019836 -0.00724703
 0.00331083 0.000198406 -0.00724907
 0.00330727 0.000198434 -0.00725083
 0.00330404 0.000198446 -0.00725234
 0.00330113 0.000198443 -0.00725361
 0.00329849 0.000198427 -0.00725468
 0.00329609 0.000198399 -0.00725556
 0.00329391  0.00019836 -0.00725627
 0.00329194 0.000198312 -0.00725684
 0.00329014 0.000198255 -0.00725726
  0.0032885  0.00019819 -0.00725756
   0.003287 0.000198119 -0.00725775
 0.00328563 0.000198041 -0.00725784
 0.00328438 0.000197957 -0.00725784
 0.00328323 0.000197868 -0.00725775
 0.00328218 0.000197775  -0.0072576
 0.00328121 0.000197678 -0.00725738
 0.00328032 0.000197577  -0.0072571
 0.00327949 0.000197473 -0.00725676
 0.00327873 0.000197366 -0.00725638
 0.00327802 0.000197256 -0.00725595
 0.00327737 0.000197144 -0.00725549
 0.00327676 0.000197029 -0.00725499
 0.00327618 0.000196913 -0.00725446
 0.00327565 0.000196795  -0.0072539
 0.00327515 0.000196676 -0.00725332
 0.00327468 0.000196556 -0.00725272
 0.00327424 0.000196434 -0.00725209
 0.00327382 0.000196311 -0.00725145
 0.00327343 0.000196187 -0.00725079
 0.00327305 0.000196063 -0.00725011
 0.00327269 0.000195938 -0.00724943
 0.00327235 0.000195812 -0.00724873
 0.00327203 0.000195686 -0.00724802
 0.00327172 0.000195559 -0.00724731
 0.00327142 0.000195432 -0.00724658
 0.00327113 0.000195305 -0.00724585
 0.00327085 0.000195177 -0.00724511
 0.00327058 0.000195049 -0.00724437
 0.00327033 0.000194921 -0.00724363
 0.00327007 0.000194793 -0.00724288
 0.00326983 0.000194665 -0.00724212
 0.00326959 0.000194537 -0.00724137
 0.00326936 0.000194408 -0.00724061
 0.00326913  0.00019428 -0.00723985
 0.00326891 0.000194152 -0.00723909
 0.00326869 0.000194024 -0.00723833
 0.00326848 0.000193896 -0.00723757
 0.00326827 0.000193768 -0.00723681
 0.00326807  0.00019364 -0.00723605
 0.00326786 0.000193512 -0.00723528
 0.00326766 0.000193385 -0.00723452
 0.00326747 0.000193257 -0.00723376
0.00326728 0.00019313  -0.007233
 0.00326708 0.000193003 -0.00723224
  0.0032669 0.000192876 -0.00723148
 0.00326671  0.00019275 -0.00723073
 0.00326652 0.000192623 -0.00722997
 0.00326634 0.000192497 -0.00722922
 0.00326616 0.000192371 -0.00722847
 0.00326598 0.000192245 -0.00722771
  0.0032658 0.000192119 -0.00722696
 0.00326563 0.000191994 -0.00722622
 0.00326545 0.000191869 -0.00722547
 0.00326528 0.000191744 -0.00722473
 0.00326511 0.000191619 -0.00722399
 0.00326493 0.000191495 -0.00722325
 0.00326476 0.000191371 -0.00722251
  0.0032646 0.000191247 -0.00722177
 0.00326443 0.000191123 -0.00722104
0.00326426   0.000191 -0.0072203
  0.0032641 0.000190876 -0.00721957
 0.00326393 0.000190754 -0.00721885
 0.00326377 0.000190631 -0.00721812
  0.0032636 0.000190508  -0.0072174
 0.00326344 0.000190386 -0.00721668
 0.00326328 0.000190264 -0.00721596
 0.00326312 0.000190143 -0.00721524
 0.00326296 0.000190021 -0.00721453
  0.0032628   0.0001899 -0.00721381
 0.00326264 0.000189779  -0.0072131
 0.00326249 0.000189659 -0.00721239
 0.00326233 0.000189538 -0.00721169
 0.00326217 0.000189418 -0.00721098
 0.00326202 0.000189298 -0.00721028
 0.00326186 0.000189179 -0.00720958
 0.00326171 0.000189059 -0.00720889
 0.00326156  0.00018894 -0.00720819
  0.0032614 0.000188821  -0.0072075
 0.00326125 0.000188703 -0.00720681
  0.0032611 0.000188584 -0.00720612
 0.00326095 0.000188466 -0.00720543
  0.0032608 0.000188348 -0.00720475
 0.00326065 0.000188231 -0.00720407
  0.0032605 0.000188113 -0.00720339
 0.00326035 0.000187996 -0.00720271
 0.00326021 0.000187879 -0.00720204
 0.00326006 0.000187763 -0.00720136
 0.00325991 0.000187647 -0.00720069
 0.00325977 0.000187531 -0.00720002
 0.00325962 0.000187415 -0.00719936
 0.00325948 0.000187299 -0.00719869
 0.00325934 0.000187184 -0.00719803
 0.00325919 0.000187069 -0.00719737
 0.00325905 0.000186954 -0.00719671
 0.00325891 0.000186839 -0.00719606
 0.00325877 0.000186725  -0.0071954
 0.00325863 0.000186611 -0.00719475
 0.00325849 0.000186497  -0.0071941
 0.00325835 0.000186383 -0.00719345
 0.00325821  0.00018627 -0.00719281
 0.00325807 0.000186157 -0.00719217
 0.00325793 0.000186044 -0.00719152
 0.00325779 0.000185931 -0.00719089
 0.00325766 0.000185819 -0.00719025
 0.00325752 0.000185707 -0.00718961
 0.00325738 0.000185595 -0.00718898
 0.00325725 0.000185483 -0.00718835
 0.00325711 0.000185372 -0.00718772
 0.00325698 0.000185261 -0.00718709
 0.00325685  0.00018515 -0.00718647
 0.00325671 0.000185039 -0.00718585
 0.00325658 0.000184928 -0.00718523
 0.00325645 0.000184818 -0.00718461
 0.00325632 0.000184708 -0.00718399
 0.00325619 0.000184598 -0.00718337
 0.00325606 0.000184489 -0.00718276
 0.00325593 0.000184379 -0.00718215
  0.0032558  0.00018427 -0.00718154
 0.00325567 0.000184162 -0.00718093
 0.00325554 0.000184053 -0.00718033
 0.00325541 0.000183945 -0.00717973
 0.00325529 0.000183836 -0.00717913
 0.00325516 0.000183729 -0.00717853
 0.00325503 0.000183621 -0.00717793
 0.00325491 0.000183513 -0.00717733
 0.00325478 0.000183406 -0.00717674
 0.00325466 0.000183299 -0.00717615
 0.00325453 0.000183192 -0.00717556
 0.00325441 0.000183086 -0.00717497
 0.00325429 0.000182979 -0.00717438
 0.00325416 0.000182873  -0.0071738
 0.00325404 0.000182768 -0.00717322
 0.00325392 0.000182662 -0.00717264
  0.0032538 0.000182556 -0.00717206
 0.00325368 0.000182451 -0.00717148
 0.00325356 0.000182346 -0.00717091
 0.00325344 0.000182242 -0.00717033
 0.00325332 0.000182137 -0.00716976
  0.0032532 0.000182033 -0.00716919
 0.00325308 0.000181929 -0.00716863
 0.00325296 0.000181825 -0.00716806
 0.00325284 0.000181721  -0.0071675
 0.00325273 0.000181618 -0.00716693
 0.00325261 0.000181514 -0.00716637
 0.00325249 0.000181411 -0.00716582
 0.00325238 0.000181309 -0.00716526
 0.00325226 0.000181206  -0.0071647
 0.00325215 0.000181104 -0.00716415
 0.00325204 0.000181002  -0.0071636
 0.00325192   0.0001809 -0.00716305
 0.00325181 0.000180798  -0.0071625
  0.0032517 0.000180696 -0.00716196
 0.00325158 0.000180595 -0.00716141
 0.00325147 0.000180494 -0.00716087
 0.00325136 0.000180393 -0.00716033
 0.00325125 0.000180293 -0.00715979
 0.00325114 0.000180192 -0.00715925
 0.00325103 0.000180092 -0.00715871
 0.00325092 0.000179992 -0.00715818
 0.00325081 0.000179892 -0.00715765
  0.0032507 0.000179793 -0.00715712
 0.00325059 0.000179693 -0.00715659
 0.00325048 0.000179594 -0.00715606
 0.00325038 0.000179495 -0.00715553
 0.00325027 0.000179396 -0.00715501
 0.00325016 0.000179298 -0.00715449
 0.00325006   0.0001792 -0.00715397
 0.00324995 0.000179101 -0.00715345
 0.00324984 0.000179004 -0.00715293
 0.00324974 0.000178906 -0.00715241
 0.00324963 0.000178808  -0.0071519
 0.00324953 0.000178711 -0.00715139
 0.00324943 0.000178614 -0.00715087
 0.00324932 0.000178517 -0.00715036
 0.00324922  0.00017842 -0.00714986
 0.00324912 0.000178324 -0.00714935
 0.00324902 0.000178228 -0.00714885
 0.00324891 0.000178131 -0.00714834
 0.00324881 0.000178036 -0.00714784
 0.00324871  0.00017794 -0.00714734
 0.00324861 0.000177844 -0.00714684
 0.00324851 0.000177749 -0.00714634
 0.00324841 0.000177654 -0.00714585
 0.00324831 0.000177559 -0.00714536
 0.00324821 0.000177464 -0.00714486
 0.00324812  0.00017737 -0.00714437
 0.00324802 0.000177276 -0.00714388
 0.00324792 0.000177181  -0.0071434
 0.00324782 0.000177088 -0.00714291
 0.00324773 0.000176994 -0.00714243
 0.00324763   0.0001769 -0.00714194
 0.00324753 0.000176807 -0.00714146
 0.00324744 0.000176714 -0.00714098
 0.00324734 0.000176621  -0.0071405
 0.00324725 0.000176528 -0.00714002
 0.00324715 0.000176436 -0.00713955
 0.00324706 0.000176343 -0.00713907
 0.00324696 0.000176251  -0.0071386
 0.00324687 0.000176159 -0.00713813
 0.00324678 0.000176067 -0.00713766
 0.00324669 0.000175976 -0.00713719
 0.00324659 0.000175884 -0.00713673
  0.0032465 0.000175793 -0.00713626
 0.00324641 0.000175702  -0.0071358
 0.00324632 0.000175611 -0.00713533
 0.00324623  0.00017552 -0.00713487
 0.00324614  0.00017543 -0.00713441
 0.00324605  0.00017534 -0.00713396
0.00324596 0.00017525 -0.0071335
 0.00324587  0.00017516 -0.00713304
 0.00324578  0.00017507 -0.00713259
 0.00324569  0.00017498 -0.00713214
  0.0032456 0.000174891 -0.00713169
 0.00324551 0.000174802 -0.00713124
 0.00324543 0.000174713 -0.00713079
 0.00324534 0.000174624 -0.00713034
 0.00324525 0.000174536  -0.0071299
 0.00324516 0.000174447 -0.00712945
 0.00324508 0.000174359 -0.00712901
 0.00324499 0.000174271 -0.00712857
 0.00324491 0.000174183 -0.00712813
 0.00324482 0.000174095 -0.00712769
 0.00324474 0.000174008 -0.00712725
 0.00324465  0.00017392 -0.00712681
 0.00324457 0.000173833 -0.00712638
 0.00324448 0.000173746 -0.00712595
  0.0032444 0.000173659 -0.00712551
 0.00324432 0.000173573 -0.00712508
 0.00324424 0.000173486 -0.00712465
 0.00324415   0.0001734 -0.00712423
 0.00324407 0.000173314  -0.0071238
 0.00324399 0.000173228 -0.00712337
 0.00324391 0.000173142 -0.00712295
 0.00324383 0.000173057 -0.00712253
 0.00324374 0.000172971 -0.00712211
 0.00324366 0.000172886 -0.00712169
 0.00324358 0.000172801 -0.00712127
  0.0032435 0.000172716 -0.00712085
 0.00324342 0.000172631 -0.00712043
 0.00324335 0.000172547 -0.00712002
 0.00324327 0.000172463  -0.0071196
 0.00324319 0.000172378 -0.00711919
 0.00324311 0.000172294 -0.00711878
 0.00324303 0.000172211 -0.00711837
 0.00324295 0.000172127 -0.00711796
 0.00324288 0.000172043 -0.00711755
  0.0032428  0.00017196 -0.00711715
 0.00324272 0.000171877 -0.00711674
 0.00324265 0.000171794 -0.00711634
 0.00324257 0.000171711 -0.00711594
 0.00324249 0.000171629 -0.00711553
 0.00324242 0.000171546 -0.00711513
 0.00324234 0.000171464 -0.00711474
 0.00324227 0.000171382 -0.00711434
 0.00324219   0.0001713 -0.00711394
 0.00324212 0.000171218 -0.00711355
 0.00324205 0.000171136 -0.00711315
 0.00324197 0.000171055 -0.00711276
  0.0032419 0.000170973 -0.00711237
 0.00324183 0.000170892 -0.00711198
 0.00324175 0.000170811 -0.00711159
 0.00324168 0.000170731  -0.0071112
 0.00324161  0.00017065 -0.00711081
 0.00324154 0.000170569 -0.00711043
 0.00324146 0.000170489 -0.00711004
 0.00324139 0.000170409 -0.00710966
 0.00324132 0.000170329 -0.00710928
 0.00324125 0.000170249  -0.0071089
 0.00324118 0.000170169 -0.00710852
 0.00324111  0.00017009 -0.00710814
 0.00324104 0.000170011 -0.00710776
 0.00324097 0.000169931 -0.00710738
  0.0032409 0.000169852 -0.00710701
 0.00324083 0.000169774 -0.00710663
 0.00324076 0.000169695 -0.00710626
 0.00324069 0.000169616 -0.00710589
 0.00324063 0.000169538 -0.00710552
 0.00324056  0.00016946 -0.00710515
 0.00324049 0.000169382 -0.00710478
 0.00324042 0.000169304 -0.00710441
 0.00324036 0.000169226 -0.00710404
 0.00324029 0.000169149 -0.00710368
 0.00324022 0.000169071 -0.00710332
 0.00324016 0.000168994 -0.00710295
 0.00324009 0.000168917 -0.00710259
 0.00324002  0.00016884 -0.00710223
 0.00323996 0.000168763 -0.00710187
 0.00323989 0.000168686 -0.00710151
 0.00323983  0.00016861 -0.00710115
 0.00323976 0.000168533  -0.0071008
  0.0032397 0.000168457 -0.00710044
 0.00323963 0.000168381 -0.00710009
 0.00323957 0.000168305 -0.00709973
 0.00323951  0.00016823 -0.00709938
 0.00323944 0.000168154 -0.00709903
 0.00323938 0.000168079 -0.00709868
 0.00323932 0.000168003 -0.00709833
 0.00323925 0.000167928 -0.00709798
 0.00323919 0.000167853 -0.00709764
 0.00323913 0.000167779 -0.00709729
 0.00323907 0.000167704 -0.00709694
 0.00323901 0.000167629  -0.0070966
 0.00323894 0.000167555 -0.00709626
 0.00323888 0.000167481 -0.00709592
 0.00323882 0.000167407 -0.00709557
 0.00323876 0.000167333 -0.00709523
  0.0032387 0.000167259  -0.0070949
 0.00323864 0.000167186 -0.00709456
 0.00323858 0.000167112 -0.00709422
 0.00323852 0.000167039 -0.00709389
 0.00323846 0.000166966 -0.00709355
  0.0032384 0.000166893 -0.00709322
 0.00323834  0.00016682 -0.00709288
 0.00323828 0.000166747 -0.00709255
 0.00323823 0.000166674 -0.00709222
 0.00323817 0.000166602 -0.00709189
 0.00323811  0.00016653 -0.00709156
 0.00323805 0.000166458 -0.00709123
 0.00323799 0.000166386 -0.00709091
 0.00323794 0.000166314 -0.00709058
 0.00323788 0.000166242 -0.00709026
 0.00323782  0.00016617 -0.00708993
 0.00323777 0.000166099 -0.00708961
 0.00323771 0.000166028 -0.00708929
 0.00323765 0.000165957 -0.00708897
  0.0032376 0.000165886 -0.00708865
 0.00323754 0.000165815 -0.00708833
 0.00323749 0.000165744 -0.00708801
 0.00323743 0.000165674 -0.00708769
 0.00323738 0.000165603 -0.00708738
 0.00323732 0.000165533 -0.00708706
 0.00323727 0.000165463 -0.00708675
 0.00323721 0.000165393 -0.00708643
 0.00323716 0.000165323 -0.00708612
  0.0032371 0.000165253 -0.00708581
 0.00323705 0.000165184  -0.0070855
   0.003237 0.000165114 -0.00708519
 0.00323694 0.000165045 -0.00708488
 0.00323689 0.000164976 -0.00708457
 0.00323684 0.000164907 -0.00708426
 0.00323678 0.000164838 -0.00708396
 0.00323673 0.000164769 -0.00708365
 0.00323668   0.0001647 -0.00708335
 0.00323663 0.000164632 -0.00708304
 0.00323657 0.000164564 -0.00708274
 0.00323652 0.000164495 -0.00708244
 0.00323647 0.000164427 -0.00708214
 0.00323642 0.000164359 -0.00708184
 0.00323637 0.000164292 -0.00708154
 0.00323632 0.000164224 -0.00708124
 0.00323627 0.000164156 -0.00708094
 0.00323622 0.000164089 -0.00708065
 0.00323617 0.000164022 -0.00708035
 0.00323612 0.000163955 -0.00708006
 0.00323607 0.000163888 -0.00707976
 0.00323602 0.000163821 -0.00707947
 0.00323597 0.000163754 -0.00707918
 0.00323592 0.000163688 -0.00707889
 0.00323587 0.000163621 -0.00707859
 0.00323582 0.000163555  -0.0070783
 0.00323577 0.000163489 -0.00707802
 0.00323572 0.000163423 -0.00707773
 0.00323568 0.000163357 -0.00707744
 0.00323563 0.000163291 -0.00707715
 0.00323558 0.000163225 -0.00707687
 0.00323553  0.00016316 -0.00707658
 0.00323549 0.000163094  -0.0070763
 0.00323544 0.000163029 -0.00707602
 0.00323539 0.000162964 -0.00707574
 0.00323534 0.000162899 -0.00707545
  0.0032353 0.000162834 -0.00707517
 0.00323525 0.000162769 -0.00707489
 0.00323521 0.000162705 -0.00707462
 0.00323516  0.00016264 -0.00707434
 0.00323511 0.000162576 -0.00707406
 0.00323507 0.000162512 -0.00707378
 0.00323502 0.000162447 -0.00707351
 0.00323498 0.000162383 -0.00707323
 0.00323493  0.00016232 -0.00707296
 0.00323489 0.000162256 -0.00707269
 0.00323484 0.000162192 -0.00707241
  0.0032348 0.000162129 -0.00707214
 0.00323475 0.000162065 -0.00707187
 0.00323471 0.000162002  -0.0070716
 0.00323466 0.000161939 -0.00707133
 0.00323462 0.000161876 -0.00707106
 0.00323458 0.000161813  -0.0070708
 0.00323453 0.000161751 -0.00707053
 0.00323449 0.000161688 -0.00707026
 0.00323445 0.000161626    -0.00707
  0.0032344 0.000161563 -0.00706973
 0.00323436 0.000161501 -0.00706947
 0.00323432 0.000161439 -0.00706921
 0.00323428 0.000161377 -0.00706894
 0.00323423 0.000161315 -0.00706868
 0.00323419 0.000161253 -0.00706842
 0.00323415 0.000161192 -0.00706816
0.00323411 0.00016113 -0.0070679
 0.00323407 0.000161069 -0.00706764
 0.00323402 0.000161008 -0.00706739
 0.00323398 0.000160946 -0.00706713
 0.00323394 0.000160885 -0.00706687
  0.0032339 0.000160825 -0.00706662
 0.00323386 0.000160764 -0.00706636
 0.00323382 0.000160703 -0.00706611
 0.00323378 0.000160643 -0.00706586
 0.00323374 0.000160582  -0.0070656
  0.0032337 0.000160522 -0.00706535
 0.00323366 0.000160462  -0.0070651
 0.00323362 0.000160402 -0.00706485
 0.00323358 0.000160342  -0.0070646
 0.00323354 0.000160282 -0.00706435
  0.0032335 0.000160222  -0.0070641
 0.00323346 0.000160163 -0.00706385
 0.00323342 0.000160103 -0.00706361
 0.00323338 0.000160044 -0.00706336
 0.00323335 0.000159985 -0.00706312
 0.00323331 0.000159926 -0.00706287
 0.00323327 0.000159867 -0.00706263
 0.00323323 0.000159808 -0.00706238
 0.00323319 0.000159749 -0.00706214
0.00323315 0.00015969 -0.0070619
 0.00323312 0.000159632 -0.00706166
 0.00323308 0.000159574 -0.00706142
 0.00323304 0.000159515 -0.00706118
   0.003233 0.000159457 -0.00706094
 0.00323297 0.000159399  -0.0070607
 0.00323293 0.000159341 -0.00706046
 0.00323289 0.000159283 -0.00706022
 0.00323286 0.000159225 -0.00705999
 0.00323282 0.000159168 -0.00705975
 0.00323278  0.00015911 -0.00705952
 0.00323275 0.000159053 -0.00705928
 0.00323271 0.000158996 -0.00705905
 0.00323268 0.000158939 -0.00705882
 0.00323264 0.000158882 -0.00705858
  0.0032326 0.000158825 -0.00705835
 0.00323257 0.000158768 -0.00705812
 0.00323253 0.000158711 -0.00705789
  0.0032325 0.000158655 -0.00705766
 0.00323246 0.000158598 -0.00705743
 0.00323243 0.000158542  -0.0070572
 0.00323239 0.000158485 -0.00705697
 0.00323236 0.000158429 -0.00705675
 0.00323232 0.000158373 -0.00705652
 0.00323229 0.000158317 -0.00705629
 0.00323226 0.000158262 -0.00705607
 0.00323222 0.000158206 -0.00705584
 0.00323219  0.00015815 -0.00705562
 0.00323215 0.000158095  -0.0070554
 0.00323212 0.000158039 -0.00705517
 0.00323209 0.000157984 -0.00705495
 0.00323205 0.000157929 -0.00705473
 0.00323202 0.000157874 -0.00705451
 0.00323199 0.000157819 -0.00705429
 0.00323195 0.000157764 -0.00705407
 0.00323192 0.000157709 -0.00705385
 0.00323189 0.000157655 -0.00705363
 0.00323186   0.0001576 -0.00705341
 0.00323182 0.000157546  -0.0070532
 0.00323179 0.000157492 -0.00705298
 0.00323176 0.000157437 -0.00705276
 0.00323173 0.000157383 -0.00705255
  0.0032317 0.000157329 -0.00705233
 0.00323166 0.000157275 -0.00705212
 0.00323163 0.000157222 -0.00705191
  0.0032316 0.000157168 -0.00705169
 0.00323157 0.000157114 -0.00705148
 0.00323154 0.000157061 -0.00705127
 0.00323151 0.000157008 -0.00705106
 0.00323148 0.000156954 -0.00705085
 0.00323145 0.000156901 -0.00705064
 0.00323142 0.000156848 -0.00705043
 0.00323138 0.000156795 -0.00705022
 0.00323135 0.000156742 -0.00705001
0.00323132 0.00015669 -0.0070498
 0.00323129 0.000156637  -0.0070496
 0.00323126 0.000156585 -0.00704939
 0.00323123 0.000156532 -0.00704918
  0.0032312  0.00015648 -0.00704898
 0.00323117 0.000156428 -0.00704877
 0.00323114 0.000156376 -0.00704857
 0.00323111 0.000156323 -0.00704837
 0.00323109 0.000156272 -0.00704816
 0.00323106  0.00015622 -0.00704796
 0.00323103 0.000156168 -0.00704776
   0.003231 0.000156116 -0.00704756
 0.00323097 0.000156065 -0.00704736
 0.00323094 0.000156014 -0.00704716
 0.00323091 0.000155962 -0.00704696
 0.00323088 0.000155911 -0.00704676
 0.00323086  0.00015586 -0.00704656
 0.00323083 0.000155809 -0.00704636
  0.0032308 0.000155758 -0.00704616
 0.00323077 0.000155707 -0.00704597
 0.00323074 0.000155657 -0.00704577
 0.00323072 0.000155606 -0.00704557
 0.00323069 0.000155556 -0.00704538
 0.00323066 0.000155505 -0.00704518
 0.00323063 0.000155455 -0.00704499
 0.00323061 0.000155405  -0.0070448
 0.00323058 0.000155354  -0.0070446
 0.00323055 0.000155304 -0.00704441
 0.00323052 0.000155255 -0.00704422
  0.0032305 0.000155205 -0.00704403
 0.00323047 0.000155155 -0.00704384
 0.00323044 0.000155105 -0.00704365
 0.00323042 0.000155056 -0.00704346
 0.00323039 0.000155006 -0.00704327
 0.00323036 0.000154957 -0.00704308
 0.00323034 0.000154908 -0.00704289
 0.00323031 0.000154859  -0.0070427
 0.00323029  0.00015481 -0.00704252
 0.00323026 0.000154761 -0.00704233
 0.00323023 0.000154712 -0.00704214
 0.00323021 0.000154663 -0.00704196
 0.00323018 0.000154614 -0.00704177
 0.00323016 0.000154566 -0.00704159
 0.00323013 0.000154517  -0.0070414
 0.00323011 0.000154469 -0.00704122
 0.00323008 0.000154421 -0.00704104
 0.00323006 0.000154373 -0.00704085
 0.00323003 0.000154325 -0.00704067
 0.00323001 0.000154277 -0.00704049
 0.00322998 0.000154229 -0.00704031
 0.00322996 0.000154181 -0.00704013
 0.00322993 0.000154133 -0.00703995
 0.00322991 0.000154085 -0.00703977
 0.00322988 0.000154038 -0.00703959
 0.00322986  0.00015399 -0.00703941
 0.00322984 0.000153943 -0.00703923
 0.00322981 0.000153896 -0.00703905
 0.00322979 0.000153849 -0.00703888
 0.00322976 0.000153802  -0.0070387
 0.00322974 0.000153755 -0.00703852
 0.00322972 0.000153708 -0.00703835
 0.00322969 0.000153661 -0.00703817
 0.00322967 0.000153614   -0.007038
 0.00322965 0.000153568 -0.00703782
 0.00322962 0.000153521 -0.00703765
  0.0032296 0.000153475 -0.00703748
 0.00322958 0.000153428  -0.0070373
 0.00322955 0.000153382 -0.00703713
 0.00322953 0.000153336 -0.00703696
 0.00322951  0.00015329 -0.00703679
 0.00322949 0.000153244 -0.00703662
 0.00322946 0.000153198 -0.00703645
 0.00322944 0.000153152 -0.00703628
 0.00322942 0.000153106 -0.00703611
  0.0032294 0.000153061 -0.00703594
 0.00322937 0.000153015 -0.00703577
0.00322935 0.00015297 -0.0070356
 0.00322933 0.000152924 -0.00703543
 0.00322931 0.000152879 -0.00703526
 0.00322929 0.000152834  -0.0070351
 0.00322926 0.000152789 -0.00703493
 0.00322924 0.000152744 -0.00703477
 0.00322922 0.000152699  -0.0070346
  0.0032292 0.000152654 -0.00703443
 0.00322918 0.000152609 -0.00703427
 0.00322916 0.000152565 -0.00703411
 0.00322914  0.00015252 -0.00703394
 0.00322912 0.000152476 -0.00703378
 0.00322909 0.000152431 -0.00703362
 0.00322907 0.000152387 -0.00703345
 0.00322905 0.000152343 -0.00703329
 0.00322903 0.000152298 -0.00703313
 0.00322901 0.000152254 -0.00703297
 0.00322899  0.00015221 -0.00703281
 0.00322897 0.000152167 -0.00703265
 0.00322895 0.000152123 -0.00703249
 0.00322893 0.000152079 -0.00703233
 0.00322891 0.000152035 -0.00703217
 0.00322889 0.000151992 -0.00703201
 0.00322887 0.000151948 -0.00703185
 0.00322885 0.000151905  -0.0070317
 0.00322883 0.000151862 -0.00703154
 0.00322881 0.000151818 -0.00703138
 0.00322879 0.000151775 -0.00703123
 0.00322877 0.000151732 -0.00703107
 0.00322875 0.000151689 -0.00703091
 0.00322873 0.000151646 -0.00703076
 0.00322871 0.000151604  -0.0070306
 0.00322869 0.000151561 -0.00703045
 0.00322867 0.000151518  -0.0070303
 0.00322865 0.000151476 -0.00703014
 0.00322863 0.000151433 -0.00702999
 0.00322862 0.000151391 -0.00702984
  0.0032286 0.000151349 -0.00702969
 0.00322858 0.000151306 -0.00702953
 0.00322856 0.000151264 -0.00702938
 0.00322854 0.000151222 -0.00702923
 0.00322852  0.00015118 -0.00702908
  0.0032285 0.000151138 -0.00702893
 0.00322849 0.000151096 -0.00702878
 0.00322847 0.000151055 -0.00702863
 0.00322845 0.000151013 -0.00702848
 0.00322843 0.000150971 -0.00702833
 0.00322841  0.00015093 -0.00702819
 0.00322839 0.000150889 -0.00702804
 0.00322838 0.000150847 -0.00702789
 0.00322836 0.000150806 -0.00702774
 0.00322834 0.000150765  -0.0070276
 0.00322832 0.000150724 -0.00702745
 0.00322831 0.000150683  -0.0070273
 0.00322829 0.000150642 -0.00702716
 0.00322827 0.000150601 -0.00702701
 0.00322825  0.00015056 -0.00702687
 0.00322824 0.000150519 -0.00702673
 0.00322822 0.000150479 -0.00702658
  0.0032282 0.000150438 -0.00702644
 0.00322818 0.000150398  -0.0070263
 0.00322817 0.000150357 -0.00702615
 0.00322815 0.000150317 -0.00702601
 0.00322813 0.000150277 -0.00702587
 0.00322812 0.000150237 -0.00702573
  0.0032281 0.000150197 -0.00702559
 0.00322808 0.000150157 -0.00702544
 0.00322807 0.000150117  -0.0070253
 0.00322805 0.000150077 -0.00702516
 0.00322803 0.000150037 -0.00702502
 0.00322802 0.000149997 -0.00702488
   0.003228 0.000149958 -0.00702475
 0.00322798 0.000149918 -0.00702461
 0.00322797 0.000149879 -0.00702447
 0.00322795  0.00014984 -0.00702433
 0.00322794   0.0001498 -0.00702419
 0.00322792 0.000149761 -0.00702406
  0.0032279 0.000149722 -0.00702392
 0.00322789 0.000149683 -0.00702378
 0.00322787 0.000149644 -0.00702365
 0.00322786 0.000149605 -0.00702351
 0.00322784 0.000149566 -0.00702338
 0.00322783 0.000149527 -0.00702324
 0.00322781 0.000149488 -0.00702311
 0.00322779  0.00014945 -0.00702297
 0.00322778 0.000149411 -0.00702284
 0.00322776 0.000149373 -0.00702271
 0.00322775 0.000149334 -0.00702257
 0.00322773 0.000149296 -0.00702244
 0.00322772 0.000149258 -0.00702231
  0.0032277  0.00014922 -0.00702217
 0.00322769 0.000149182 -0.00702204
 0.00322767 0.000149144 -0.00702191
 0.00322766 0.000149106 -0.00702178
 0.00322764 0.000149068 -0.00702165
 0.00322763  0.00014903 -0.00702152
 0.00322761 0.000148992 -0.00702139
  0.0032276 0.000148954 -0.00702126
 0.00322759 0.000148917 -0.00702113
 0.00322757 0.000148879   -0.007021
 0.00322756 0.000148842 -0.00702087
 0.00322754 0.000148804 -0.00702074
 0.00322753 0.000148767 -0.00702062
 0.00322751  0.00014873 -0.00702049
  0.0032275 0.000148693 -0.00702036
 0.00322749 0.000148656 -0.00702023
 0.00322747 0.000148619 -0.00702011
 0.00322746 0.000148582 -0.00701998
 0.00322744 0.000148545 -0.00701985
 0.00322743 0.000148508 -0.00701973
 0.00322742 0.000148471  -0.0070196
  0.0032274 0.000148435 -0.00701948
 0.00322739 0.000148398 -0.00701935
 0.00322737 0.000148361 -0.00701923
 0.00322736 0.000148325 -0.00701911
 0.00322735 0.000148289 -0.00701898
 0.00322733 0.000148252 -0.00701886
 0.00322732 0.000148216 -0.00701873
 0.00322731  0.00014818 -0.00701861
 0.00322729 0.000148144 -0.00701849
 0.00322728 0.000148108 -0.00701837
 0.00322727 0.000148072 -0.00701825
 0.00322725 0.000148036 -0.00701812
0.00322724   0.000148  -0.007018
 0.00322723 0.000147964 -0.00701788
 0.00322722 0.000147929 -0.00701776
  0.0032272 0.000147893 -0.00701764
 0.00322719 0.000147857 -0.00701752
 0.00322718 0.000147822  -0.0070174
 0.00322716 0.000147787 -0.00701728
 0.00322715 0.000147751 -0.00701716
 0.00322714 0.000147716 -0.00701704
 0.00322713 0.000147681 -0.00701693
 0.00322711 0.000147646 -0.00701681
  0.0032271  0.00014761 -0.00701669
 0.00322709 0.000147575 -0.00701657
 0.00322708 0.000147541 -0.00701646
 0.00322706 0.000147506 -0.00701634
 0.00322705 0.000147471 -0.00701622
 0.00322704 0.000147436 -0.00701611
 0.00322703 0.000147401 -0.00701599
 0.00322702 0.000147367 -0.00701587
   0.003227 0.000147332 -0.00701576
 0.00322699 0.000147298 -0.00701564
 0.00322698 0.000147263 -0.00701553
 0.00322697 0.000147229 -0.00701542
 0.00322696 0.000147195  -0.0070153
 0.00322695 0.000147161 -0.00701519
 0.00322693 0.000147126 -0.00701507
 0.00322692 0.000147092 -0.00701496
 0.00322691 0.000147058 -0.00701485
  0.0032269 0.000147024 -0.00701473
 0.00322689  0.00014699 -0.00701462
 0.00322688 0.000146957 -0.00701451
 0.00322686 0.000146923  -0.0070144
 0.00322685 0.000146889 -0.00701429
 0.00322684 0.000146856 -0.00701418
 0.00322683 0.000146822 -0.00701406
 0.00322682 0.000146789 -0.00701395
 0.00322681 0.000146755 -0.00701384
  0.0032268 0.000146722 -0.00701373
 0.00322679 0.000146688 -0.00701362
 0.00322678 0.000146655 -0.00701351
 0.00322676 0.000146622  -0.0070134
 0.00322675 0.000146589  -0.0070133
 0.00322674 0.000146556 -0.00701319
 0.00322673 0.000146523 -0.00701308
 0.00322672  0.00014649 -0.00701297
 0.00322671 0.000146457 -0.00701286
  0.0032267 0.000146424 -0.00701275
 0.00322669 0.000146392 -0.00701265
 0.00322668 0.000146359 -0.00701254
 0.00322667 0.000146326 -0.00701243
 0.00322666 0.000146294 -0.00701233
 0.00322665 0.000146261 -0.00701222
 0.00322664 0.000146229 -0.00701211
 0.00322663 0.000146196 -0.00701201
 0.00322662 0.000146164  -0.0070119
 0.00322661 0.000146132  -0.0070118
  0.0032266   0.0001461 -0.00701169
 0.00322659 0.000146068 -0.00701159
 0.00322658 0.000146036 -0.00701148
 0.00322657 0.000146004 -0.00701138
 0.00322656 0.000145972 -0.00701128
 0.00322655  0.00014594 -0.00701117
 0.00322654 0.000145908 -0.00701107
 0.00322653 0.000145876 -0.00701097
 0.00322652 0.000145845 -0.00701086
 0.00322651 0.000145813 -0.00701076
  0.0032265 0.000145781 -0.00701066
 0.00322649  0.00014575 -0.00701056
 0.00322648 0.000145718 -0.00701046
 0.00322647 0.000145687 -0.00701035
 0.00322646 0.000145656 -0.00701025
 0.00322645 0.000145625 -0.00701015
 0.00322644 0.000145593 -0.00701005
 0.00322643 0.000145562 -0.00700995
 0.00322642 0.000145531 -0.00700985
 0.00322641   0.0001455 -0.00700975
  0.0032264 0.000145469 -0.00700965
 0.00322639 0.000145438 -0.00700955
 0.00322638 0.000145407 -0.00700945
 0.00322637 0.000145377 -0.00700935
 0.00322637 0.000145346 -0.00700926
 0.00322636 0.000145315 -0.00700916
 0.00322635 0.000145285 -0.00700906
 0.00322634 0.000145254 -0.00700896
 0.00322633 0.000145224 -0.00700886
 0.00322632 0.000145193 -0.00700877
 0.00322631 0.000145163 -0.00700867
  0.0032263 0.000145132 -0.00700857
 0.00322629 0.000145102 -0.00700847
 0.00322628 0.000145072 -0.00700838
 0.00322628 0.000145042 -0.00700828
 0.00322627 0.000145012 -0.00700819
 0.00322626 0.000144982 -0.00700809
 0.00322625 0.000144952 -0.00700799
 0.00322624 0.000144922  -0.0070079
 0.00322623 0.000144892  -0.0070078
 0.00322622 0.000144862 -0.00700771
 0.00322622 0.000144832 -0.00700762
 0.00322621 0.000144803 -0.00700752
  0.0032262 0.000144773 -0.00700743
 0.00322619 0.000144744 -0.00700733
 0.00322618 0.000144714 -0.00700724
 0.00322617 0.000144685 -0.00700715
 0.00322617 0.000144655 -0.00700705
 0.00322616 0.000144626 -0.00700696
 0.00322615 0.000144597 -0.00700687
 0.00322614 0.000144567 -0.00700678
 0.00322613 0.000144538 -0.00700668
 0.00322613 0.000144509 -0.00700659
0.00322612 0.00014448 -0.0070065
 0.00322611 0.000144451 -0.00700641
  0.0032261 0.000144422 -0.00700632
 0.00322609 0.000144393 -0.00700623
 0.00322609 0.000144364 -0.00700613
 0.00322608 0.000144336 -0.00700604
 0.00322607 0.000144307 -0.00700595
 0.00322606 0.000144278 -0.00700586
 0.00322605 0.000144249 -0.00700577
 0.00322605 0.000144221 -0.00700568
 0.00322604 0.000144192 -0.00700559
 0.00322603 0.000144164 -0.00700551
 0.00322602 0.000144136 -0.00700542
 0.00322602 0.000144107 -0.00700533
 0.00322601 0.000144079 -0.00700524
   0.003226 0.000144051 -0.00700515
 0.00322599 0.000144022 -0.00700506
 0.00322599 0.000143994 -0.00700497
 0.00322598 0.000143966 -0.00700489
 0.00322597 0.000143938  -0.0070048
 0.00322597  0.00014391 -0.00700471
 0.00322596 0.000143882 -0.00700463
 0.00322595 0.000143854 -0.00700454
 0.00322594 0.000143827 -0.00700445
 0.00322594 0.000143799 -0.00700437
 0.00322593 0.000143771 -0.00700428
 0.00322592 0.000143744 -0.00700419
 0.00322591 0.000143716 -0.00700411
 0.00322591 0.000143688 -0.00700402
  0.0032259 0.000143661 -0.00700394
 0.00322589 0.000143633 -0.00700385
 0.00322589 0.000143606 -0.00700377
 0.00322588 0.000143579 -0.00700368
 0.00322587 0.000143551  -0.0070036
 0.00322587 0.000143524 -0.00700351
 0.00322586 0.000143497 -0.00700343
 0.00322585  0.00014347 -0.00700335
 0.00322585 0.000143443 -0.00700326
 0.00322584 0.000143416 -0.00700318
 0.00322583 0.000143389 -0.00700309
 0.00322583 0.000143362 -0.00700301
 0.00322582 0.000143335 -0.00700293
 0.00322581 0.000143308 -0.00700285
 0.00322581 0.000143281 -0.00700276
  0.0032258 0.000143255 -0.00700268
 0.00322579 0.000143228  -0.0070026
 0.00322579 0.000143201 -0.00700252
 0.00322578 0.000143175 -0.00700244
 0.00322577 0.000143148 -0.00700235
 0.00322577 0.000143122 -0.00700227
 0.00322576 0.000143095 -0.00700219
 0.00322576 0.000143069 -0.00700211
 0.00322575 0.000143043 -0.00700203
 0.00322574 0.000143017 -0.00700195
 0.00322574  0.00014299 -0.00700187
 0.00322573 0.000142964 -0.00700179
 0.00322572 0.000142938 -0.00700171
 0.00322572 0.000142912 -0.00700163
 0.00322571 0.000142886 -0.00700155
 0.00322571  0.00014286 -0.00700147
  0.0032257 0.000142834 -0.00700139
 0.00322569 0.000142808 -0.00700131
 0.00322569 0.000142782 -0.00700124
 0.00322568 0.000142757 -0.00700116
 0.00322568 0.000142731 -0.00700108
 0.00322567 0.000142705   -0.007001
 0.00322566  0.00014268 -0.00700092
 0.00322566 0.000142654 -0.00700085
 0.00322565 0.000142629 -0.00700077
 0.00322565 0.000142603 -0.00700069
 0.00322564 0.000142578 -0.00700061
 0.00322564 0.000142552 -0.00700054
 0.00322563 0.000142527 -0.00700046
 0.00322562 0.000142502 -0.00700038
 0.00322562 0.000142476 -0.00700031
 0.00322561 0.000142451 -0.00700023
 0.00322561 0.000142426 -0.00700015
  0.0032256 0.000142401 -0.00700008
  0.0032256 0.000142376      -0.007
 0.00322559 0.000142351 -0.00699993
 0.00322558 0.000142326 -0.00699985
 0.00322558 0.000142301 -0.00699978
 0.00322557 0.000142276  -0.0069997
 0.00322557 0.000142252 -0.00699963
 0.00322556 0.000142227 -0.00699955
 0.00322556 0.000142202 -0.00699948
 0.00322555 0.000142177  -0.0069994
 0.00322555 0.000142153 -0.00699933
 0.00322554 0.000142128 -0.00699926
 0.00322554 0.000142104 -0.00699918
 0.00322553 0.000142079 -0.00699911
 0.00322553 0.000142055 -0.00699904
 0.00322552  0.00014203 -0.00699896
 0.00322552 0.000142006 -0.00699889
 0.00322551 0.000141982 -0.00699882
 0.00322551 0.000141958 -0.00699874
  0.0032255 0.000141933 -0.00699867
  0.0032255 0.000141909  -0.0069986
 0.00322549 0.000141885 -0.00699853
 0.00322549 0.000141861 -0.00699846
 0.00322548 0.000141837 -0.00699838
 0.00322548 0.000141813 -0.00699831
 0.00322547 0.000141789 -0.00699824
 0.00322547 0.000141765 -0.00699817
 0.00322546 0.000141742  -0.0069981
 0.00322546 0.000141718 -0.00699803
 0.00322545 0.000141694 -0.00699796
 0.00322545  0.00014167 -0.00699789
 0.00322544 0.000141647 -0.00699782
 0.00322544 0.000141623 -0.00699775
 0.00322543   0.0001416 -0.00699768
 0.00322543 0.000141576 -0.00699761
 0.00322542 0.000141553 -0.00699754
 0.00322542 0.000141529 -0.00699747
 0.00322541 0.000141506  -0.0069974
 0.00322541 0.000141482 -0.00699733
  0.0032254 0.000141459 -0.00699726
  0.0032254 0.000141436 -0.00699719
  0.0032254 0.000141413 -0.00699712
 0.00322539  0.00014139 -0.00699705
 0.00322539 0.000141366 -0.00699699
 0.00322538 0.000141343 -0.00699692
 0.00322538  0.00014132 -0.00699685
 0.00322537 0.000141297 -0.00699678
 0.00322537 0.000141274 -0.00699671
 0.00322536 0.000141252 -0.00699665
 0.00322536 0.000141229 -0.00699658
 0.00322536 0.000141206 -0.00699651
 0.00322535 0.000141183 -0.00699645
 0.00322535  0.00014116 -0.00699638
 0.00322534 0.000141138 -0.00699631
 0.00322534 0.000141115 -0.00699625
 0.00322533 0.000141093 -0.00699618
 0.00322533  0.00014107 -0.00699611
 0.00322533 0.000141048 -0.00699605
 0.00322532 0.000141025 -0.00699598
 0.00322532 0.000141003 -0.00699591
 0.00322531  0.00014098 -0.00699585
 0.00322531 0.000140958 -0.00699578
 0.00322531 0.000140936 -0.00699572
  0.0032253 0.000140913 -0.00699565
  0.0032253 0.000140891 -0.00699559
 0.00322529 0.000140869 -0.00699552
 0.00322529 0.000140847 -0.00699546
 0.00322529 0.000140825 -0.00699539
 0.00322528 0.000140803 -0.00699533
 0.00322528 0.000140781 -0.00699527
 0.00322527 0.000140759  -0.0069952
 0.00322527 0.000140737 -0.00699514
 0.00322527 0.000140715 -0.00699507
 0.00322526 0.000140693 -0.00699501
