 0.0175836  0.0105165 -0.0362737
 0.0140304 0.00664933 -0.0264469
 0.011608 0.0042561 -0.020344
0.00984502 0.00277344    -0.0166
0.00850531 0.00185347 -0.0143183
0.00745965 0.00128138 -0.0129287
 0.00662969 0.000924534  -0.0120771
 0.00596356 0.000700965  -0.0115467
0.00542475 0.00056001 -0.0112065
 0.00498645 0.000470331  -0.0109784
 0.00462845 0.000412529  -0.0108158
 0.00433523 0.000374588  -0.0106916
 0.00409469 0.000349056  -0.0105901
 0.00389727 0.000331313  -0.0105021
 0.00373536 0.000318488  -0.0104228
  0.0036028 0.000308797  -0.0103492
 0.00349458 0.000301132    -0.01028
 0.00340662 0.000294802  -0.0102143
 0.00333551 0.000289376  -0.0101519
 0.00327846 0.000284586  -0.0100925
 0.00323313 0.000280264  -0.0100361
 0.00319756 0.000276303 -0.00998259
  0.0031701 0.000272635   -0.009932
 0.00314937 0.000269215 -0.00988425
  0.0031342 0.000266015 -0.00983929
 0.00312362 0.000263014 -0.00979702
  0.0031168 0.000260196 -0.00975738
 0.00311304 0.000257549 -0.00972024
 0.00311175 0.000255063 -0.00968551
 0.00311245  0.00025273 -0.00965306
 0.0031147 0.00025054 -0.0096228
 0.00311818 0.000248487 -0.00959459
 0.00312259 0.000246562 -0.00956833
 0.00312768  0.00024476 -0.00954389
 0.00313327 0.000243071 -0.00952118
 0.00313918 0.000241491 -0.00950007
 0.00314527 0.000240012 -0.00948046
 0.00315146 0.000238627 -0.00946227
 0.00315763 0.000237332 -0.00944538
 0.00316373  0.00023612 -0.00942971
  0.0031697 0.000234985 -0.00941518
 0.00317549 0.000233923 -0.00940169
 0.00318108 0.000232928 -0.00938919
 0.00318644 0.000231995 -0.00937759
 0.00319155 0.000231121 -0.00936683
 0.00319641   0.0002303 -0.00935685
 0.00320101 0.000229529 -0.00934758
 0.00320535 0.000228805 -0.00933897
 0.00320944 0.000228123 -0.00933097
 0.00321326 0.000227481 -0.00932354
 0.00321685 0.000226875 -0.00931663
 0.00322019 0.000226303  -0.0093102
  0.0032233 0.000225763  -0.0093042
 0.00322619  0.00022525 -0.00929861
 0.00322888 0.000224765  -0.0092934
 0.00323136 0.000224303 -0.00928853
 0.00323365 0.000223865 -0.00928397
 0.00323576 0.000223446  -0.0092797
 0.00323771 0.000223047  -0.0092757
  0.0032395 0.000222666 -0.00927195
 0.00324114   0.0002223 -0.00926842
 0.00324264 0.000221949 -0.00926509
 0.00324402 0.000221612 -0.00926196
 0.00324527 0.000221288 -0.00925899
 0.00324641 0.000220975 -0.00925619
 0.00324745 0.000220672 -0.00925353
 0.00324839 0.000220379 -0.00925101
 0.00324924 0.000220095 -0.00924861
 0.00325001  0.00021982 -0.00924633
  0.0032507 0.000219552 -0.00924414
 0.00325133 0.000219291 -0.00924206
 0.00325188 0.000219036 -0.00924006
 0.00325238 0.000218787 -0.00923814
 0.00325282 0.000218544 -0.00923629
 0.00325321 0.000218306 -0.00923451
 0.00325355 0.000218072 -0.00923279
 0.00325385 0.000217843 -0.00923113
 0.00325411 0.000217617 -0.00922952
 0.00325433 0.000217396 -0.00922796
 0.00325453 0.000217177 -0.00922645
 0.00325468 0.000216962 -0.00922497
 0.00325482 0.000216749 -0.00922354
 0.00325492 0.000216539 -0.00922214
   0.003255 0.000216332 -0.00922077
 0.00325507 0.000216127 -0.00921942
 0.00325511 0.000215924 -0.00921811
 0.00325513 0.000215723 -0.00921682
 0.00325514 0.000215524 -0.00921556
 0.00325513 0.000215327 -0.00921431
 0.00325511 0.000215131 -0.00921309
 0.00325508 0.000214937 -0.00921189
 0.00325503 0.000214744  -0.0092107
 0.00325498 0.000214552 -0.00920953
 0.00325491 0.000214362 -0.00920837
 0.00325484 0.000214173 -0.00920723
 0.00325476 0.000213985  -0.0092061
 0.00325467 0.000213798 -0.00920498
 0.00325458 0.000213612 -0.00920388
 0.00325448 0.000213428 -0.00920278
 0.00325437 0.000213244  -0.0092017
 0.00325427  0.00021306 -0.00920063
 0.00325415 0.000212878 -0.00919956
 0.00325404 0.000212697  -0.0091985
 0.00325392 0.000212516 -0.00919746
 0.00325379 0.000212336 -0.00919641
 0.00325367 0.000212157 -0.00919538
 0.00325354 0.000211978 -0.00919436
 0.00325341   0.0002118 -0.00919334
 0.00325328 0.000211623 -0.00919232
 0.00325315 0.000211446 -0.00919132
 0.00325301  0.00021127 -0.00919032
 0.00325288 0.000211094 -0.00918932
 0.00325274  0.00021092 -0.00918833
  0.0032526 0.000210745 -0.00918735
 0.00325246 0.000210571 -0.00918637
 0.00325232 0.000210398  -0.0091854
 0.00325218 0.000210225 -0.00918443
 0.00325204 0.000210053 -0.00918347
  0.0032519 0.000209881 -0.00918251
 0.00325176  0.00020971 -0.00918155
 0.00325162 0.000209539  -0.0091806
 0.00325148 0.000209369 -0.00917966
 0.00325134 0.000209199 -0.00917872
  0.0032512  0.00020903 -0.00917778
 0.00325106 0.000208861 -0.00917685
 0.00325092 0.000208693 -0.00917592
 0.00325078 0.000208525 -0.00917499
 0.00325064 0.000208358 -0.00917407
  0.0032505 0.000208191 -0.00917316
 0.00325036 0.000208024 -0.00917224
 0.00325022 0.000207858 -0.00917134
 0.00325008 0.000207692 -0.00917043
 0.00324995 0.000207527 -0.00916953
 0.00324981 0.000207362 -0.00916863
 0.00324967 0.000207198 -0.00916774
 0.00324953 0.000207034 -0.00916685
  0.0032494  0.00020687 -0.00916596
 0.00324926 0.000206707 -0.00916508
 0.00324913 0.000206544  -0.0091642
 0.00324899 0.000206382 -0.00916332
 0.00324886  0.00020622 -0.00916245
 0.00324872 0.000206059 -0.00916158
 0.00324859 0.000205898 -0.00916071
 0.00324846 0.000205737 -0.00915985
 0.00324832 0.000205577 -0.00915899
 0.00324819 0.000205417 -0.00915813
 0.00324806 0.000205258 -0.00915728
 0.00324793 0.000205099 -0.00915643
  0.0032478  0.00020494 -0.00915559
 0.00324767 0.000204782 -0.00915474
 0.00324754 0.000204624  -0.0091539
 0.00324741 0.000204467 -0.00915307
 0.00324729  0.00020431 -0.00915223
 0.00324716 0.000204153  -0.0091514
 0.00324703 0.000203997 -0.00915058
 0.00324691 0.000203841 -0.00914975
 0.00324678 0.000203685 -0.00914893
 0.00324666  0.00020353 -0.00914812
 0.00324653 0.000203376  -0.0091473
 0.00324641 0.000203221 -0.00914649
 0.00324628 0.000203068 -0.00914568
 0.00324616 0.000202914 -0.00914488
 0.00324604 0.000202761 -0.00914408
 0.00324592 0.000202608 -0.00914328
  0.0032458 0.000202456 -0.00914248
 0.00324568 0.000202304 -0.00914169
 0.00324556 0.000202152  -0.0091409
 0.00324544 0.000202001 -0.00914011
 0.00324532  0.00020185 -0.00913933
  0.0032452 0.000201699 -0.00913855
 0.00324508 0.000201549 -0.00913777
 0.00324497 0.000201399 -0.00913699
 0.00324485  0.00020125 -0.00913622
 0.00324473 0.000201101 -0.00913545
 0.00324462 0.000200952 -0.00913469
  0.0032445 0.000200804 -0.00913392
 0.00324439 0.000200656 -0.00913316
 0.00324427 0.000200508  -0.0091324
 0.00324416 0.000200361 -0.00913165
 0.00324405 0.000200214  -0.0091309
 0.00324394 0.000200068 -0.00913015
 0.00324382 0.000199922  -0.0091294
 0.00324371 0.000199776 -0.00912866
  0.0032436 0.000199631 -0.00912791
 0.00324349 0.000199485 -0.00912718
 0.00324338 0.000199341 -0.00912644
 0.00324327 0.000199196 -0.00912571
 0.00324317 0.000199052 -0.00912498
 0.00324306 0.000198909 -0.00912425
 0.00324295 0.000198766 -0.00912353
 0.00324284 0.000198623  -0.0091228
 0.00324274  0.00019848 -0.00912209
 0.00324263 0.000198338 -0.00912137
 0.00324252 0.000198196 -0.00912065
 0.00324242 0.000198054 -0.00911994
 0.00324232 0.000197913 -0.00911923
 0.00324221 0.000197772 -0.00911853
 0.00324211 0.000197632 -0.00911783
   0.003242 0.000197492 -0.00911712
  0.0032419 0.000197352 -0.00911643
  0.0032418 0.000197212 -0.00911573
  0.0032417 0.000197073 -0.00911504
  0.0032416 0.000196934 -0.00911435
  0.0032415 0.000196796 -0.00911366
  0.0032414 0.000196658 -0.00911297
  0.0032413  0.00019652 -0.00911229
  0.0032412 0.000196383 -0.00911161
  0.0032411 0.000196245 -0.00911093
   0.003241 0.000196109 -0.00911026
  0.0032409 0.000195972 -0.00910959
 0.00324081 0.000195836 -0.00910891
 0.00324071   0.0001957 -0.00910825
 0.00324061 0.000195565 -0.00910758
 0.00324052  0.00019543 -0.00910692
 0.00324042 0.000195295 -0.00910626
0.00324033 0.00019516 -0.0091056
 0.00324023 0.000195026 -0.00910494
 0.00324014 0.000194893 -0.00910429
 0.00324004 0.000194759 -0.00910364
 0.00323995 0.000194626 -0.00910299
 0.00323986 0.000194493 -0.00910235
0.00323976 0.00019436 -0.0091017
 0.00323967 0.000194228 -0.00910106
 0.00323958 0.000194096 -0.00910042
 0.00323949 0.000193965 -0.00909979
  0.0032394 0.000193834 -0.00909915
 0.00323931 0.000193703 -0.00909852
 0.00323922 0.000193572 -0.00909789
 0.00323913 0.000193442 -0.00909726
 0.00323904 0.000193312 -0.00909664
 0.00323895 0.000193182 -0.00909601
 0.00323886 0.000193053 -0.00909539
 0.00323878 0.000192924 -0.00909477
 0.00323869 0.000192795 -0.00909416
  0.0032386 0.000192667 -0.00909355
 0.00323852 0.000192538 -0.00909293
 0.00323843 0.000192411 -0.00909232
 0.00323834 0.000192283 -0.00909172
 0.00323826 0.000192156 -0.00909111
 0.00323817 0.000192029 -0.00909051
 0.00323809 0.000191903 -0.00908991
 0.00323801 0.000191776 -0.00908931
 0.00323792  0.00019165 -0.00908871
 0.00323784 0.000191525 -0.00908812
 0.00323776 0.000191399 -0.00908753
 0.00323767 0.000191274 -0.00908694
 0.00323759 0.000191149 -0.00908635
 0.00323751 0.000191025 -0.00908577
 0.00323743 0.000190901 -0.00908518
 0.00323735 0.000190777  -0.0090846
 0.00323727 0.000190653 -0.00908402
 0.00323719  0.00019053 -0.00908345
 0.00323711 0.000190407 -0.00908287
 0.00323703 0.000190285  -0.0090823
 0.00323695 0.000190162 -0.00908173
 0.00323687  0.00019004 -0.00908116
 0.00323679 0.000189918 -0.00908059
 0.00323671 0.000189797 -0.00908003
 0.00323664 0.000189676 -0.00907946
 0.00323656 0.000189555  -0.0090789
 0.00323648 0.000189434 -0.00907835
 0.00323641 0.000189314 -0.00907779
 0.00323633 0.000189194 -0.00907723
 0.00323625 0.000189074 -0.00907668
 0.00323618 0.000188954 -0.00907613
  0.0032361 0.000188835 -0.00907558
 0.00323603 0.000188716 -0.00907504
 0.00323596 0.000188598 -0.00907449
 0.00323588 0.000188479 -0.00907395
 0.00323581 0.000188361 -0.00907341
 0.00323573 0.000188244 -0.00907287
 0.00323566 0.000188126 -0.00907233
 0.00323559 0.000188009  -0.0090718
 0.00323552 0.000187892 -0.00907126
 0.00323545 0.000187775 -0.00907073
 0.00323537 0.000187659  -0.0090702
  0.0032353 0.000187543 -0.00906968
 0.00323523 0.000187427 -0.00906915
 0.00323516 0.000187311 -0.00906863
 0.00323509 0.000187196 -0.00906811
 0.00323502 0.000187081 -0.00906759
 0.00323495 0.000186966 -0.00906707
 0.00323488 0.000186852 -0.00906655
 0.00323481 0.000186738 -0.00906604
 0.00323475 0.000186624 -0.00906553
 0.00323468  0.00018651 -0.00906502
 0.00323461 0.000186397 -0.00906451
 0.00323454 0.000186284   -0.009064
 0.00323447 0.000186171 -0.00906349
 0.00323441 0.000186059 -0.00906299
 0.00323434 0.000185946 -0.00906249
 0.00323428 0.000185834 -0.00906199
 0.00323421 0.000185723 -0.00906149
 0.00323414 0.000185611   -0.009061
0.00323408  0.0001855 -0.0090605
 0.00323401 0.000185389 -0.00906001
 0.00323395 0.000185278 -0.00905952
 0.00323388 0.000185168 -0.00905903
 0.00323382 0.000185058 -0.00905854
 0.00323376 0.000184948 -0.00905805
 0.00323369 0.000184838 -0.00905757
 0.00323363 0.000184729 -0.00905709
 0.00323357  0.00018462 -0.00905661
  0.0032335 0.000184511 -0.00905613
 0.00323344 0.000184402 -0.00905565
 0.00323338 0.000184294 -0.00905518
 0.00323332 0.000184186  -0.0090547
 0.00323326 0.000184078 -0.00905423
  0.0032332  0.00018397 -0.00905376
 0.00323314 0.000183863 -0.00905329
 0.00323307 0.000183756 -0.00905282
 0.00323301 0.000183649 -0.00905236
 0.00323295 0.000183542 -0.00905189
  0.0032329 0.000183436 -0.00905143
 0.00323284  0.00018333 -0.00905097
 0.00323278 0.000183224 -0.00905051
 0.00323272 0.000183119 -0.00905005
 0.00323266 0.000183013  -0.0090496
  0.0032326 0.000182908 -0.00904914
 0.00323254 0.000182804 -0.00904869
 0.00323249 0.000182699 -0.00904824
 0.00323243 0.000182595 -0.00904779
 0.00323237 0.000182491 -0.00904734
 0.00323231 0.000182387  -0.0090469
 0.00323226 0.000182283 -0.00904645
  0.0032322  0.00018218 -0.00904601
 0.00323215 0.000182077 -0.00904557
 0.00323209 0.000181974 -0.00904513
 0.00323203 0.000181871 -0.00904469
 0.00323198 0.000181769 -0.00904425
 0.00323192 0.000181667 -0.00904381
 0.00323187 0.000181565 -0.00904338
 0.00323181 0.000181463 -0.00904295
 0.00323176 0.000181362 -0.00904252
 0.00323171 0.000181261 -0.00904209
 0.00323165  0.00018116 -0.00904166
  0.0032316 0.000181059 -0.00904123
 0.00323155 0.000180959 -0.00904081
 0.00323149 0.000180858 -0.00904038
 0.00323144 0.000180758 -0.00903996
 0.00323139 0.000180659 -0.00903954
 0.00323134 0.000180559 -0.00903912
0.00323128 0.00018046 -0.0090387
 0.00323123 0.000180361 -0.00903829
 0.00323118 0.000180262 -0.00903787
 0.00323113 0.000180163 -0.00903746
 0.00323108 0.000180065 -0.00903705
 0.00323103 0.000179967 -0.00903664
 0.00323098 0.000179869 -0.00903623
 0.00323093 0.000179772 -0.00903582
 0.00323088 0.000179674 -0.00903541
 0.00323083 0.000179577 -0.00903501
 0.00323078  0.00017948 -0.00903461
 0.00323073 0.000179383  -0.0090342
 0.00323068 0.000179287  -0.0090338
0.00323063 0.00017919 -0.0090334
 0.00323058 0.000179094 -0.00903301
 0.00323054 0.000178999 -0.00903261
 0.00323049 0.000178903 -0.00903221
 0.00323044 0.000178808 -0.00903182
 0.00323039 0.000178712 -0.00903143
 0.00323034 0.000178617 -0.00903104
  0.0032303 0.000178523 -0.00903065
 0.00323025 0.000178428 -0.00903026
  0.0032302 0.000178334 -0.00902987
 0.00323016  0.00017824 -0.00902949
 0.00323011 0.000178146  -0.0090291
 0.00323006 0.000178052 -0.00902872
 0.00323002 0.000177959 -0.00902834
 0.00322997 0.000177866 -0.00902796
 0.00322993 0.000177773 -0.00902758
0.00322988 0.00017768 -0.0090272
 0.00322984 0.000177588 -0.00902682
 0.00322979 0.000177495 -0.00902645
 0.00322975 0.000177403 -0.00902607
  0.0032297 0.000177311  -0.0090257
 0.00322966  0.00017722 -0.00902533
 0.00322962 0.000177128 -0.00902496
 0.00322957 0.000177037 -0.00902459
 0.00322953 0.000176946 -0.00902422
 0.00322949 0.000176855 -0.00902386
 0.00322944 0.000176765 -0.00902349
  0.0032294 0.000176674 -0.00902313
 0.00322936 0.000176584 -0.00902276
 0.00322932 0.000176494  -0.0090224
 0.00322927 0.000176404 -0.00902204
 0.00322923 0.000176315 -0.00902168
 0.00322919 0.000176226 -0.00902133
 0.00322915 0.000176136 -0.00902097
 0.00322911 0.000176048 -0.00902061
 0.00322907 0.000175959 -0.00902026
 0.00322902  0.00017587 -0.00901991
 0.00322898 0.000175782 -0.00901955
 0.00322894 0.000175694  -0.0090192
  0.0032289 0.000175606 -0.00901885
 0.00322886 0.000175518 -0.00901851
 0.00322882 0.000175431 -0.00901816
 0.00322878 0.000175344 -0.00901781
 0.00322874 0.000175257 -0.00901747
  0.0032287  0.00017517 -0.00901713
 0.00322866 0.000175083 -0.00901678
 0.00322862 0.000174997 -0.00901644
0.00322859 0.00017491 -0.0090161
 0.00322855 0.000174824 -0.00901576
 0.00322851 0.000174738 -0.00901543
 0.00322847 0.000174653 -0.00901509
 0.00322843 0.000174567 -0.00901475
 0.00322839 0.000174482 -0.00901442
 0.00322836 0.000174397 -0.00901409
 0.00322832 0.000174312 -0.00901375
 0.00322828 0.000174227 -0.00901342
 0.00322824 0.000174143 -0.00901309
 0.00322821 0.000174059 -0.00901277
 0.00322817 0.000173975 -0.00901244
 0.00322813 0.000173891 -0.00901211
  0.0032281 0.000173807 -0.00901179
 0.00322806 0.000173724 -0.00901146
 0.00322802  0.00017364 -0.00901114
 0.00322799 0.000173557 -0.00901082
 0.00322795 0.000173474  -0.0090105
 0.00322792 0.000173392 -0.00901018
 0.00322788 0.000173309 -0.00900986
 0.00322785 0.000173227 -0.00900954
 0.00322781 0.000173145 -0.00900922
 0.00322778 0.000173063 -0.00900891
 0.00322774 0.000172981 -0.00900859
 0.00322771 0.000172899 -0.00900828
 0.00322767 0.000172818 -0.00900797
 0.00322764 0.000172737 -0.00900765
  0.0032276 0.000172656 -0.00900734
 0.00322757 0.000172575 -0.00900703
 0.00322754 0.000172494 -0.00900673
  0.0032275 0.000172414 -0.00900642
 0.00322747 0.000172334 -0.00900611
 0.00322744 0.000172254 -0.00900581
  0.0032274 0.000172174  -0.0090055
 0.00322737 0.000172094  -0.0090052
 0.00322734 0.000172014  -0.0090049
  0.0032273 0.000171935  -0.0090046
 0.00322727 0.000171856  -0.0090043
 0.00322724 0.000171777   -0.009004
 0.00322721 0.000171698  -0.0090037
0.00322718 0.00017162 -0.0090034
 0.00322714 0.000171541  -0.0090031
 0.00322711 0.000171463 -0.00900281
 0.00322708 0.000171385 -0.00900251
 0.00322705 0.000171307 -0.00900222
 0.00322702 0.000171229 -0.00900193
 0.00322699 0.000171152 -0.00900164
 0.00322696 0.000171075 -0.00900135
 0.00322692 0.000170997 -0.00900106
 0.00322689  0.00017092 -0.00900077
 0.00322686 0.000170844 -0.00900048
 0.00322683 0.000170767  -0.0090002
  0.0032268 0.000170691 -0.00899991
 0.00322677 0.000170614 -0.00899962
 0.00322674 0.000170538 -0.00899934
 0.00322671 0.000170462 -0.00899906
 0.00322668 0.000170387 -0.00899878
 0.00322665 0.000170311  -0.0089985
 0.00322663 0.000170236 -0.00899822
  0.0032266  0.00017016 -0.00899794
 0.00322657 0.000170085 -0.00899766
 0.00322654 0.000170011 -0.00899738
 0.00322651 0.000169936  -0.0089971
 0.00322648 0.000169861 -0.00899683
 0.00322645 0.000169787 -0.00899655
 0.00322642 0.000169713 -0.00899628
  0.0032264 0.000169639 -0.00899601
 0.00322637 0.000169565 -0.00899574
 0.00322634 0.000169491 -0.00899546
 0.00322631 0.000169418 -0.00899519
 0.00322628 0.000169345 -0.00899493
 0.00322626 0.000169271 -0.00899466
 0.00322623 0.000169198 -0.00899439
  0.0032262 0.000169126 -0.00899412
 0.00322617 0.000169053 -0.00899386
 0.00322615  0.00016898 -0.00899359
 0.00322612 0.000168908 -0.00899333
 0.00322609 0.000168836 -0.00899307
 0.00322607 0.000168764  -0.0089928
 0.00322604 0.000168692 -0.00899254
 0.00322601 0.000168621 -0.00899228
 0.00322599 0.000168549 -0.00899202
 0.00322596 0.000168478 -0.00899176
 0.00322594 0.000168407 -0.00899151
 0.00322591 0.000168336 -0.00899125
 0.00322589 0.000168265 -0.00899099
 0.00322586 0.000168194 -0.00899074
 0.00322583 0.000168124 -0.00899048
 0.00322581 0.000168053 -0.00899023
 0.00322578 0.000167983 -0.00898997
 0.00322576 0.000167913 -0.00898972
 0.00322573 0.000167843 -0.00898947
 0.00322571 0.000167774 -0.00898922
 0.00322568 0.000167704 -0.00898897
 0.00322566 0.000167635 -0.00898872
 0.00322563 0.000167565 -0.00898847
 0.00322561 0.000167496 -0.00898823
 0.00322559 0.000167428 -0.00898798
 0.00322556 0.000167359 -0.00898773
 0.00322554  0.00016729 -0.00898749
 0.00322551 0.000167222 -0.00898725
 0.00322549 0.000167154   -0.008987
 0.00322547 0.000167085 -0.00898676
 0.00322544 0.000167017 -0.00898652
 0.00322542  0.00016695 -0.00898628
  0.0032254 0.000166882 -0.00898604
 0.00322537 0.000166815  -0.0089858
 0.00322535 0.000166747 -0.00898556
 0.00322533  0.00016668 -0.00898532
  0.0032253 0.000166613 -0.00898508
 0.00322528 0.000166546 -0.00898485
 0.00322526  0.00016648 -0.00898461
 0.00322524 0.000166413 -0.00898438
 0.00322521 0.000166347 -0.00898414
 0.00322519  0.00016628 -0.00898391
 0.00322517 0.000166214 -0.00898368
 0.00322515 0.000166148 -0.00898345
 0.00322513 0.000166082 -0.00898321
  0.0032251 0.000166017 -0.00898298
 0.00322508 0.000165951 -0.00898275
 0.00322506 0.000165886 -0.00898253
 0.00322504 0.000165821  -0.0089823
 0.00322502 0.000165756 -0.00898207
   0.003225 0.000165691 -0.00898184
 0.00322498 0.000165626 -0.00898162
 0.00322495 0.000165562 -0.00898139
 0.00322493 0.000165497 -0.00898117
 0.00322491 0.000165433 -0.00898094
 0.00322489 0.000165369 -0.00898072
 0.00322487 0.000165305  -0.0089805
 0.00322485 0.000165241 -0.00898028
 0.00322483 0.000165177 -0.00898006
 0.00322481 0.000165114 -0.00897984
 0.00322479  0.00016505 -0.00897962
 0.00322477 0.000164987  -0.0089794
 0.00322475 0.000164924 -0.00897918
 0.00322473 0.000164861 -0.00897896
 0.00322471 0.000164798 -0.00897874
 0.00322469 0.000164735 -0.00897853
 0.00322467 0.000164673 -0.00897831
0.00322465 0.00016461 -0.0089781
 0.00322463 0.000164548 -0.00897788
 0.00322461 0.000164486 -0.00897767
 0.00322459 0.000164424 -0.00897746
 0.00322457 0.000164362 -0.00897725
 0.00322455   0.0001643 -0.00897704
 0.00322454 0.000164239 -0.00897682
 0.00322452 0.000164177 -0.00897662
  0.0032245 0.000164116 -0.00897641
 0.00322448 0.000164055  -0.0089762
 0.00322446 0.000163994 -0.00897599
 0.00322444 0.000163933 -0.00897578
 0.00322442 0.000163873 -0.00897558
  0.0032244 0.000163812 -0.00897537
 0.00322439 0.000163752 -0.00897516
 0.00322437 0.000163691 -0.00897496
 0.00322435 0.000163631 -0.00897476
 0.00322433 0.000163571 -0.00897455
 0.00322431 0.000163511 -0.00897435
  0.0032243 0.000163451 -0.00897415
 0.00322428 0.000163392 -0.00897395
 0.00322426 0.000163332 -0.00897374
 0.00322424 0.000163273 -0.00897354
 0.00322423 0.000163214 -0.00897334
 0.00322421 0.000163155 -0.00897315
 0.00322419 0.000163096 -0.00897295
 0.00322417 0.000163037 -0.00897275
 0.00322416 0.000162978 -0.00897255
 0.00322414  0.00016292 -0.00897236
 0.00322412 0.000162861 -0.00897216
 0.00322411 0.000162803 -0.00897196
 0.00322409 0.000162745 -0.00897177
 0.00322407 0.000162687 -0.00897158
 0.00322406 0.000162629 -0.00897138
 0.00322404 0.000162572 -0.00897119
 0.00322402 0.000162514   -0.008971
 0.00322401 0.000162457 -0.00897081
 0.00322399 0.000162399 -0.00897062
 0.00322397 0.000162342 -0.00897042
 0.00322396 0.000162285 -0.00897024
 0.00322394 0.000162228 -0.00897005
 0.00322393 0.000162171 -0.00896986
 0.00322391 0.000162115 -0.00896967
  0.0032239 0.000162058 -0.00896948
 0.00322388 0.000162002 -0.00896929
 0.00322386 0.000161945 -0.00896911
 0.00322385 0.000161889 -0.00896892
 0.00322383 0.000161833 -0.00896874
 0.00322382 0.000161777 -0.00896855
  0.0032238 0.000161721 -0.00896837
 0.00322379 0.000161666 -0.00896819
0.00322377 0.00016161  -0.008968
 0.00322376 0.000161555 -0.00896782
 0.00322374   0.0001615 -0.00896764
 0.00322373 0.000161444 -0.00896746
 0.00322371 0.000161389 -0.00896728
  0.0032237 0.000161335  -0.0089671
 0.00322368  0.00016128 -0.00896692
 0.00322367 0.000161225 -0.00896674
 0.00322365 0.000161171 -0.00896656
 0.00322364 0.000161116 -0.00896638
 0.00322362 0.000161062 -0.00896621
 0.00322361 0.000161008 -0.00896603
  0.0032236 0.000160954 -0.00896585
 0.00322358   0.0001609 -0.00896568
 0.00322357 0.000160846  -0.0089655
 0.00322355 0.000160792 -0.00896533
 0.00322354 0.000160739 -0.00896515
 0.00322353 0.000160686 -0.00896498
 0.00322351 0.000160632 -0.00896481
  0.0032235 0.000160579 -0.00896463
 0.00322348 0.000160526 -0.00896446
 0.00322347 0.000160473 -0.00896429
 0.00322346  0.00016042 -0.00896412
 0.00322344 0.000160368 -0.00896395
 0.00322343 0.000160315 -0.00896378
 0.00322342 0.000160263 -0.00896361
  0.0032234  0.00016021 -0.00896344
 0.00322339 0.000160158 -0.00896327
 0.00322338 0.000160106 -0.00896311
 0.00322336 0.000160054 -0.00896294
 0.00322335 0.000160002 -0.00896277
 0.00322334 0.000159951 -0.00896261
 0.00322333 0.000159899 -0.00896244
 0.00322331 0.000159848 -0.00896228
  0.0032233 0.000159796 -0.00896211
 0.00322329 0.000159745 -0.00896195
 0.00322328 0.000159694 -0.00896178
 0.00322326 0.000159643 -0.00896162
 0.00322325 0.000159592 -0.00896146
 0.00322324 0.000159541  -0.0089613
 0.00322323  0.00015949 -0.00896114
 0.00322321  0.00015944 -0.00896097
  0.0032232 0.000159389 -0.00896081
 0.00322319 0.000159339 -0.00896065
 0.00322318 0.000159289 -0.00896049
 0.00322316 0.000159239 -0.00896033
 0.00322315 0.000159189 -0.00896018
 0.00322314 0.000159139 -0.00896002
 0.00322313 0.000159089 -0.00895986
0.00322312 0.00015904 -0.0089597
 0.00322311  0.00015899 -0.00895955
 0.00322309 0.000158941 -0.00895939
 0.00322308 0.000158891 -0.00895923
 0.00322307 0.000158842 -0.00895908
 0.00322306 0.000158793 -0.00895892
 0.00322305 0.000158744 -0.00895877
 0.00322304 0.000158695 -0.00895862
 0.00322303 0.000158646 -0.00895846
 0.00322301 0.000158598 -0.00895831
   0.003223 0.000158549 -0.00895816
 0.00322299 0.000158501   -0.008958
 0.00322298 0.000158453 -0.00895785
 0.00322297 0.000158404  -0.0089577
 0.00322296 0.000158356 -0.00895755
 0.00322295 0.000158308  -0.0089574
 0.00322294 0.000158261 -0.00895725
 0.00322293 0.000158213  -0.0089571
 0.00322292 0.000158165 -0.00895695
  0.0032229 0.000158118  -0.0089568
 0.00322289  0.00015807 -0.00895666
 0.00322288 0.000158023 -0.00895651
 0.00322287 0.000157976 -0.00895636
 0.00322286 0.000157929 -0.00895622
 0.00322285 0.000157882 -0.00895607
 0.00322284 0.000157835 -0.00895592
 0.00322283 0.000157788 -0.00895578
 0.00322282 0.000157741 -0.00895563
 0.00322281 0.000157695 -0.00895549
  0.0032228 0.000157648 -0.00895535
 0.00322279 0.000157602  -0.0089552
 0.00322278 0.000157556 -0.00895506
 0.00322277 0.000157509 -0.00895492
 0.00322276 0.000157463 -0.00895477
 0.00322275 0.000157417 -0.00895463
 0.00322274 0.000157372 -0.00895449
 0.00322273 0.000157326 -0.00895435
 0.00322272  0.00015728 -0.00895421
 0.00322271 0.000157235 -0.00895407
  0.0032227 0.000157189 -0.00895393
 0.00322269 0.000157144 -0.00895379
 0.00322268 0.000157099 -0.00895365
 0.00322267 0.000157054 -0.00895351
 0.00322267 0.000157009 -0.00895337
 0.00322266 0.000156964 -0.00895324
 0.00322265 0.000156919  -0.0089531
 0.00322264 0.000156874 -0.00895296
 0.00322263  0.00015683 -0.00895283
 0.00322262 0.000156785 -0.00895269
 0.00322261 0.000156741 -0.00895255
  0.0032226 0.000156696 -0.00895242
 0.00322259 0.000156652 -0.00895228
 0.00322258 0.000156608 -0.00895215
 0.00322257 0.000156564 -0.00895202
 0.00322256  0.00015652 -0.00895188
 0.00322256 0.000156477 -0.00895175
 0.00322255 0.000156433 -0.00895162
 0.00322254 0.000156389 -0.00895148
 0.00322253 0.000156346 -0.00895135
 0.00322252 0.000156302 -0.00895122
 0.00322251 0.000156259 -0.00895109
  0.0032225 0.000156216 -0.00895096
  0.0032225 0.000156173 -0.00895083
0.00322249 0.00015613 -0.0089507
 0.00322248 0.000156087 -0.00895057
 0.00322247 0.000156044 -0.00895044
 0.00322246 0.000156001 -0.00895031
 0.00322245 0.000155959 -0.00895018
 0.00322245 0.000155916 -0.00895005
 0.00322244 0.000155874 -0.00894993
 0.00322243 0.000155831  -0.0089498
 0.00322242 0.000155789 -0.00894967
 0.00322241 0.000155747 -0.00894954
 0.00322241 0.000155705 -0.00894942
  0.0032224 0.000155663 -0.00894929
 0.00322239 0.000155621 -0.00894917
 0.00322238  0.00015558 -0.00894904
 0.00322237 0.000155538 -0.00894892
 0.00322237 0.000155496 -0.00894879
 0.00322236 0.000155455 -0.00894867
 0.00322235 0.000155414 -0.00894854
 0.00322234 0.000155372 -0.00894842
 0.00322234 0.000155331  -0.0089483
 0.00322233  0.00015529 -0.00894818
 0.00322232 0.000155249 -0.00894805
 0.00322231 0.000155208 -0.00894793
 0.00322231 0.000155167 -0.00894781
  0.0032223 0.000155127 -0.00894769
 0.00322229 0.000155086 -0.00894757
 0.00322228 0.000155045 -0.00894745
 0.00322228 0.000155005 -0.00894733
 0.00322227 0.000154965 -0.00894721
 0.00322226 0.000154924 -0.00894709
 0.00322225 0.000154884 -0.00894697
 0.00322225 0.000154844 -0.00894685
 0.00322224 0.000154804 -0.00894673
 0.00322223 0.000154764 -0.00894661
 0.00322223 0.000154724  -0.0089465
 0.00322222 0.000154685 -0.00894638
 0.00322221 0.000154645 -0.00894626
  0.0032222 0.000154606 -0.00894615
  0.0032222 0.000154566 -0.00894603
 0.00322219 0.000154527 -0.00894591
 0.00322218 0.000154487  -0.0089458
 0.00322218 0.000154448 -0.00894568
 0.00322217 0.000154409 -0.00894557
 0.00322216  0.00015437 -0.00894545
 0.00322216 0.000154331 -0.00894534
 0.00322215 0.000154293 -0.00894522
 0.00322214 0.000154254 -0.00894511
 0.00322214 0.000154215   -0.008945
 0.00322213 0.000154177 -0.00894488
 0.00322212 0.000154138 -0.00894477
 0.00322212   0.0001541 -0.00894466
 0.00322211 0.000154061 -0.00894455
 0.00322211 0.000154023 -0.00894444
  0.0032221 0.000153985 -0.00894432
 0.00322209 0.000153947 -0.00894421
 0.00322209 0.000153909  -0.0089441
 0.00322208 0.000153871 -0.00894399
 0.00322207 0.000153833 -0.00894388
 0.00322207 0.000153796 -0.00894377
 0.00322206 0.000153758 -0.00894366
 0.00322206 0.000153721 -0.00894355
 0.00322205 0.000153683 -0.00894345
 0.00322204 0.000153646 -0.00894334
 0.00322204 0.000153609 -0.00894323
 0.00322203 0.000153571 -0.00894312
 0.00322203 0.000153534 -0.00894301
 0.00322202 0.000153497 -0.00894291
0.00322201 0.00015346 -0.0089428
 0.00322201 0.000153424 -0.00894269
   0.003222 0.000153387 -0.00894259
   0.003222  0.00015335 -0.00894248
 0.00322199 0.000153314 -0.00894237
 0.00322199 0.000153277 -0.00894227
 0.00322198 0.000153241 -0.00894216
 0.00322197 0.000153204 -0.00894206
 0.00322197 0.000153168 -0.00894195
 0.00322196 0.000153132 -0.00894185
 0.00322196 0.000153096 -0.00894175
 0.00322195  0.00015306 -0.00894164
 0.00322195 0.000153024 -0.00894154
 0.00322194 0.000152988 -0.00894144
 0.00322194 0.000152952 -0.00894133
 0.00322193 0.000152916 -0.00894123
 0.00322193 0.000152881 -0.00894113
 0.00322192 0.000152845 -0.00894103
 0.00322192  0.00015281 -0.00894093
 0.00322191 0.000152775 -0.00894083
  0.0032219 0.000152739 -0.00894072
  0.0032219 0.000152704 -0.00894062
 0.00322189 0.000152669 -0.00894052
 0.00322189 0.000152634 -0.00894042
 0.00322188 0.000152599 -0.00894032
 0.00322188 0.000152564 -0.00894022
 0.00322187 0.000152529 -0.00894012
 0.00322187 0.000152494 -0.00894003
 0.00322186  0.00015246 -0.00893993
 0.00322186 0.000152425 -0.00893983
 0.00322185 0.000152391 -0.00893973
 0.00322185 0.000152356 -0.00893963
 0.00322184 0.000152322 -0.00893954
 0.00322184 0.000152288 -0.00893944
 0.00322183 0.000152253 -0.00893934
 0.00322183 0.000152219 -0.00893924
 0.00322183 0.000152185 -0.00893915
 0.00322182 0.000152151 -0.00893905
 0.00322182 0.000152118 -0.00893896
 0.00322181 0.000152084 -0.00893886
 0.00322181  0.00015205 -0.00893876
  0.0032218 0.000152016 -0.00893867
  0.0032218 0.000151983 -0.00893857
 0.00322179 0.000151949 -0.00893848
 0.00322179 0.000151916 -0.00893839
 0.00322178 0.000151883 -0.00893829
 0.00322178 0.000151849  -0.0089382
 0.00322177 0.000151816  -0.0089381
 0.00322177 0.000151783 -0.00893801
 0.00322177  0.00015175 -0.00893792
 0.00322176 0.000151717 -0.00893783
 0.00322176 0.000151684 -0.00893773
 0.00322175 0.000151651 -0.00893764
 0.00322175 0.000151619 -0.00893755
 0.00322174 0.000151586 -0.00893746
 0.00322174 0.000151553 -0.00893737
 0.00322174 0.000151521 -0.00893728
 0.00322173 0.000151488 -0.00893718
 0.00322173 0.000151456 -0.00893709
 0.00322172 0.000151424   -0.008937
 0.00322172 0.000151391 -0.00893691
 0.00322172 0.000151359 -0.00893682
 0.00322171 0.000151327 -0.00893673
 0.00322171 0.000151295 -0.00893664
  0.0032217 0.000151263 -0.00893656
  0.0032217 0.000151231 -0.00893647
  0.0032217   0.0001512 -0.00893638
 0.00322169 0.000151168 -0.00893629
 0.00322169 0.000151136  -0.0089362
 0.00322168 0.000151105 -0.00893611
 0.00322168 0.000151073 -0.00893603
 0.00322168 0.000151042 -0.00893594
 0.00322167  0.00015101 -0.00893585
 0.00322167 0.000150979 -0.00893576
 0.00322166 0.000150948 -0.00893568
 0.00322166 0.000150917 -0.00893559
 0.00322166 0.000150886 -0.00893551
 0.00322165 0.000150855 -0.00893542
 0.00322165 0.000150824 -0.00893533
 0.00322165 0.000150793 -0.00893525
 0.00322164 0.000150762 -0.00893516
 0.00322164 0.000150731 -0.00893508
 0.00322164 0.000150701 -0.00893499
 0.00322163  0.00015067 -0.00893491
 0.00322163 0.000150639 -0.00893482
 0.00322162 0.000150609 -0.00893474
 0.00322162 0.000150579 -0.00893466
 0.00322162 0.000150548 -0.00893457
 0.00322161 0.000150518 -0.00893449
 0.00322161 0.000150488 -0.00893441
 0.00322161 0.000150458 -0.00893432
  0.0032216 0.000150428 -0.00893424
  0.0032216 0.000150398 -0.00893416
  0.0032216 0.000150368 -0.00893408
 0.00322159 0.000150338   -0.008934
 0.00322159 0.000150308 -0.00893391
 0.00322159 0.000150279 -0.00893383
 0.00322158 0.000150249 -0.00893375
 0.00322158 0.000150219 -0.00893367
 0.00322158  0.00015019 -0.00893359
 0.00322157  0.00015016 -0.00893351
 0.00322157 0.000150131 -0.00893343
 0.00322157 0.000150102 -0.00893335
 0.00322156 0.000150072 -0.00893327
 0.00322156 0.000150043 -0.00893319
 0.00322156 0.000150014 -0.00893311
 0.00322156 0.000149985 -0.00893303
 0.00322155 0.000149956 -0.00893295
 0.00322155 0.000149927 -0.00893287
 0.00322155 0.000149898 -0.00893279
 0.00322154  0.00014987 -0.00893271
 0.00322154 0.000149841 -0.00893264
 0.00322154 0.000149812 -0.00893256
 0.00322153 0.000149784 -0.00893248
 0.00322153 0.000149755  -0.0089324
 0.00322153 0.000149727 -0.00893233
 0.00322153 0.000149698 -0.00893225
 0.00322152  0.00014967 -0.00893217
 0.00322152 0.000149642  -0.0089321
 0.00322152 0.000149614 -0.00893202
 0.00322151 0.000149586 -0.00893194
 0.00322151 0.000149557 -0.00893187
 0.00322151 0.000149529 -0.00893179
 0.00322151 0.000149502 -0.00893172
  0.0032215 0.000149474 -0.00893164
  0.0032215 0.000149446 -0.00893156
  0.0032215 0.000149418 -0.00893149
  0.0032215  0.00014939 -0.00893142
 0.00322149 0.000149363 -0.00893134
 0.00322149 0.000149335 -0.00893127
 0.00322149 0.000149308 -0.00893119
 0.00322148  0.00014928 -0.00893112
 0.00322148 0.000149253 -0.00893104
 0.00322148 0.000149226 -0.00893097
 0.00322148 0.000149198  -0.0089309
 0.00322147 0.000149171 -0.00893082
 0.00322147 0.000149144 -0.00893075
 0.00322147 0.000149117 -0.00893068
 0.00322147  0.00014909 -0.00893061
 0.00322146 0.000149063 -0.00893053
 0.00322146 0.000149036 -0.00893046
 0.00322146 0.000149009 -0.00893039
 0.00322146 0.000148982 -0.00893032
 0.00322145 0.000148956 -0.00893025
 0.00322145 0.000148929 -0.00893017
 0.00322145 0.000148903  -0.0089301
 0.00322145 0.000148876 -0.00893003
 0.00322144  0.00014885 -0.00892996
 0.00322144 0.000148823 -0.00892989
 0.00322144 0.000148797 -0.00892982
 0.00322144 0.000148771 -0.00892975
 0.00322144 0.000148744 -0.00892968
 0.00322143 0.000148718 -0.00892961
 0.00322143 0.000148692 -0.00892954
 0.00322143 0.000148666 -0.00892947
0.00322143 0.00014864 -0.0089294
 0.00322142 0.000148614 -0.00892933
 0.00322142 0.000148588 -0.00892926
 0.00322142 0.000148562 -0.00892919
 0.00322142 0.000148537 -0.00892913
 0.00322142 0.000148511 -0.00892906
 0.00322141 0.000148485 -0.00892899
 0.00322141  0.00014846 -0.00892892
 0.00322141 0.000148434 -0.00892885
 0.00322141 0.000148409 -0.00892879
 0.00322141 0.000148383 -0.00892872
  0.0032214 0.000148358 -0.00892865
  0.0032214 0.000148333 -0.00892858
  0.0032214 0.000148308 -0.00892852
  0.0032214 0.000148282 -0.00892845
  0.0032214 0.000148257 -0.00892838
 0.00322139 0.000148232 -0.00892832
 0.00322139 0.000148207 -0.00892825
 0.00322139 0.000148182 -0.00892819
 0.00322139 0.000148157 -0.00892812
 0.00322139 0.000148132 -0.00892805
 0.00322138 0.000148108 -0.00892799
 0.00322138 0.000148083 -0.00892792
 0.00322138 0.000148058 -0.00892786
 0.00322138 0.000148034 -0.00892779
 0.00322138 0.000148009 -0.00892773
 0.00322137 0.000147985 -0.00892766
0.00322137 0.00014796 -0.0089276
 0.00322137 0.000147936 -0.00892754
 0.00322137 0.000147911 -0.00892747
 0.00322137 0.000147887 -0.00892741
 0.00322137 0.000147863 -0.00892734
 0.00322136 0.000147839 -0.00892728
 0.00322136 0.000147815 -0.00892722
 0.00322136 0.000147791 -0.00892715
 0.00322136 0.000147767 -0.00892709
 0.00322136 0.000147743 -0.00892703
 0.00322136 0.000147719 -0.00892696
 0.00322135 0.000147695  -0.0089269
 0.00322135 0.000147671 -0.00892684
 0.00322135 0.000147647 -0.00892678
 0.00322135 0.000147624 -0.00892672
 0.00322135   0.0001476 -0.00892665
 0.00322135 0.000147576 -0.00892659
 0.00322134 0.000147553 -0.00892653
 0.00322134  0.00014753 -0.00892647
 0.00322134 0.000147506 -0.00892641
 0.00322134 0.000147483 -0.00892635
 0.00322134 0.000147459 -0.00892629
 0.00322134 0.000147436 -0.00892623
 0.00322133 0.000147413 -0.00892616
0.00322133 0.00014739 -0.0089261
 0.00322133 0.000147367 -0.00892604
 0.00322133 0.000147344 -0.00892598
 0.00322133 0.000147321 -0.00892592
 0.00322133 0.000147298 -0.00892586
 0.00322133 0.000147275  -0.0089258
 0.00322132 0.000147252 -0.00892574
 0.00322132 0.000147229 -0.00892569
 0.00322132 0.000147206 -0.00892563
 0.00322132 0.000147184 -0.00892557
 0.00322132 0.000147161 -0.00892551
 0.00322132 0.000147139 -0.00892545
 0.00322132 0.000147116 -0.00892539
 0.00322131 0.000147094 -0.00892533
 0.00322131 0.000147071 -0.00892527
 0.00322131 0.000147049 -0.00892522
 0.00322131 0.000147026 -0.00892516
 0.00322131 0.000147004  -0.0089251
 0.00322131 0.000146982 -0.00892504
 0.00322131  0.00014696 -0.00892499
 0.00322131 0.000146938 -0.00892493
  0.0032213 0.000146915 -0.00892487
