0.12592
0.188644
0.0931672
0.0463242
0.0232365
0.0119186
0.00786466
0.00654646
0.00655633
0.00719177
0.0062414
0.0143636
0.00843341
0.00600017
0.104869
0.0559892
0.030479
0.0171022
0.0102353
0.0080118
0.0282654
0.0162453
0.0100191
0.0087261
0.0124348
0.00848642
0.023586
0.0133074
0.0083869
0.0102653
0.00818322
0.242801
0.127868
0.0680899
0.036663
0.0202456
0.0120646
0.0133997
0.0089892
0.0479214
0.0267969
0.0154632
0.00989762
0.0185572
0.0107772
0.00791943
0.199907
0.10155
0.0517453
0.0266653
0.0141029
0.0080739
0.0121229
0.00783421
0.00654846
0.0327581
0.0184812
0.010666
0.00672706
0.010211
0.00603574
0.00685634
0.00512437
0.0216527
0.0114533
0.00642497
0.00489225
0.00638657
