 0.399187 0.0763603    1.9557  0.210247 -0.349144   1.95359  -1.47885
 0.399347 0.0762734   1.95629  0.210983  -0.34851   1.95674  -1.47511
 0.399092 0.0758161   1.95688  0.211379 -0.347977   1.95919  -1.47199
 0.398624 0.0751386   1.95745  0.211567 -0.347534   1.96116  -1.46934
 0.398062 0.0743414   1.95798  0.211628 -0.347167   1.96278  -1.46707
 0.397479 0.0734907   1.95846  0.211609 -0.346861   1.96413  -1.46509
 0.396913 0.0726296    1.9589  0.211541 -0.346606   1.96527  -1.46336
 0.396386 0.0717854    1.9593  0.211442 -0.346391   1.96625  -1.46183
 0.395907 0.0709747   1.95966  0.211322 -0.346208    1.9671  -1.46046
 0.395481 0.0702069   1.95998  0.211189 -0.346052   1.96785  -1.45924
 0.395106 0.0694866   1.96027  0.211047 -0.345918    1.9685  -1.45815
 0.394781 0.0688155   1.96054  0.210899 -0.345801   1.96908  -1.45717
   0.3945 0.0681931   1.96078  0.210746 -0.345699   1.96959  -1.45629
  0.39426 0.0676179   1.96099   0.21059  -0.34561   1.97005  -1.45549
 0.394058 0.0670874   1.96119  0.210431 -0.345531   1.97047  -1.45477
 0.393888  0.066599   1.96137  0.210271 -0.345462   1.97084  -1.45412
 0.393748 0.0661498   1.96153  0.210109 -0.345401   1.97117  -1.45354
 0.393633 0.0657368   1.96167  0.209946 -0.345347   1.97147  -1.45301
 0.393542 0.0653573   1.96181  0.209782 -0.345299   1.97175  -1.45254
  0.39347 0.0650086   1.96193  0.209618 -0.345257     1.972  -1.45211
 0.393416  0.064688   1.96204  0.209453 -0.345219   1.97223  -1.45172
 0.393377 0.0643932   1.96214  0.209288 -0.345187   1.97244  -1.45137
 0.393352 0.0641219   1.96223  0.209123 -0.345158   1.97264  -1.45106
 0.393338 0.0638722   1.96232  0.208958 -0.345133   1.97282  -1.45078
 0.393335 0.0636421   1.96239  0.208792 -0.345112   1.97299  -1.45052
 0.393341 0.0634298   1.96246  0.208628 -0.345093   1.97315  -1.45029
 0.393355  0.063234   1.96253  0.208463 -0.345078    1.9733  -1.45009
 0.393376 0.0630529   1.96259  0.208298 -0.345064   1.97344  -1.44991
 0.393403 0.0628855   1.96264  0.208134 -0.345053   1.97358  -1.44974
 0.393435 0.0627303   1.96269   0.20797 -0.345044    1.9737   -1.4496
 0.393471 0.0625864   1.96273  0.207806 -0.345037   1.97382  -1.44947
 0.393511 0.0624528   1.96277  0.207643 -0.345032   1.97394  -1.44935
 0.393555 0.0623284   1.96281   0.20748 -0.345028   1.97405  -1.44925
 0.393602 0.0622126   1.96285  0.207318 -0.345025   1.97416  -1.44916
 0.393652 0.0621045   1.96288  0.207156 -0.345024   1.97427  -1.44908
 0.393704 0.0620034   1.96291  0.206994 -0.345024   1.97437  -1.44901
 0.393757 0.0619088   1.96294  0.206833 -0.345025   1.97447  -1.44895
 0.393813   0.06182   1.96296  0.206672 -0.345027   1.97457  -1.44889
 0.393869 0.0617365   1.96299  0.206512  -0.34503   1.97466  -1.44885
 0.393928 0.0616579   1.96301  0.206352 -0.345034   1.97476  -1.44881
 0.393987 0.0615836   1.96303  0.206193 -0.345038   1.97485  -1.44878
 0.394047 0.0615135   1.96305  0.206034 -0.345043   1.97494  -1.44875
 0.394108 0.0614469   1.96307  0.205875 -0.345049   1.97503  -1.44873
 0.394169 0.0613838   1.96308  0.205717 -0.345055   1.97511  -1.44871
 0.394231 0.0613236    1.9631  0.205559 -0.345062    1.9752   -1.4487
 0.394294 0.0612663   1.96311  0.205402 -0.345069   1.97529  -1.44869
 0.394357 0.0612115   1.96313  0.205245 -0.345076   1.97537  -1.44868
  0.39442  0.061159   1.96314  0.205088 -0.345084   1.97545  -1.44868
 0.394484 0.0611086   1.96315  0.204932 -0.345092   1.97554  -1.44868
 0.394547 0.0610601   1.96316  0.204776 -0.345101   1.97562  -1.44868
 0.394611 0.0610134   1.96317  0.204621  -0.34511    1.9757  -1.44868
 0.394675 0.0609683   1.96319  0.204466 -0.345119   1.97578  -1.44869
  0.39474 0.0609247    1.9632  0.204312 -0.345128   1.97587   -1.4487
 0.394804 0.0608824    1.9632  0.204158 -0.345137   1.97595  -1.44871
 0.394868 0.0608413   1.96321  0.204004 -0.345147   1.97603  -1.44872
 0.394932 0.0608013   1.96322  0.203851 -0.345157   1.97611  -1.44873
 0.394996 0.0607624   1.96323  0.203698 -0.345166   1.97619  -1.44875
 0.395061 0.0607244   1.96324  0.203545 -0.345176   1.97626  -1.44876
 0.395125 0.0606873   1.96325  0.203393 -0.345187   1.97634  -1.44878
 0.395189 0.0606509   1.96325  0.203241 -0.345197   1.97642   -1.4488
 0.395253 0.0606153   1.96326   0.20309 -0.345207    1.9765  -1.44881
 0.395317 0.0605803   1.96327  0.202938 -0.345218   1.97658  -1.44883
 0.395381  0.060546   1.96328  0.202788 -0.345228   1.97666  -1.44885
 0.395445 0.0605122   1.96328  0.202637 -0.345239   1.97673  -1.44887
 0.395508 0.0604789   1.96329  0.202487 -0.345249   1.97681  -1.44889
 0.395572 0.0604461    1.9633  0.202338  -0.34526   1.97689  -1.44892
 0.395635 0.0604138    1.9633  0.202189 -0.345271   1.97696  -1.44894
 0.395699 0.0603818   1.96331   0.20204 -0.345282   1.97704  -1.44896
 0.395762 0.0603502   1.96331  0.201891 -0.345293   1.97712  -1.44898
 0.395825  0.060319   1.96332  0.201743 -0.345303   1.97719  -1.44901
 0.395888  0.060288   1.96333  0.201595 -0.345314   1.97727  -1.44903
 0.395951 0.0602574   1.96333  0.201448 -0.345325   1.97735  -1.44905
 0.396013 0.0602271   1.96334    0.2013 -0.345336   1.97742  -1.44908
 0.396076  0.060197   1.96334  0.201154 -0.345347    1.9775   -1.4491
 0.396138 0.0601671   1.96335  0.201007 -0.345358   1.97757  -1.44912
 0.396201 0.0601375   1.96335  0.200861 -0.345369   1.97765  -1.44915
 0.396263 0.0601081   1.96336  0.200715  -0.34538   1.97772  -1.44917
 0.396325 0.0600788   1.96336   0.20057 -0.345391    1.9778   -1.4492
 0.396387 0.0600498   1.96337  0.200425 -0.345402   1.97787  -1.44922
 0.396448 0.0600209   1.96338   0.20028 -0.345413   1.97794  -1.44925
  0.39651 0.0599922   1.96338  0.200136 -0.345424   1.97802  -1.44927
 0.396571 0.0599637   1.96339  0.199992 -0.345435   1.97809   -1.4493
 0.396633 0.0599353   1.96339  0.199848 -0.345446   1.97817  -1.44932
 0.396694  0.059907    1.9634  0.199704 -0.345457   1.97824  -1.44935
 0.396755 0.0598789    1.9634  0.199561 -0.345468   1.97831  -1.44937
 0.396816 0.0598509   1.96341  0.199419 -0.345479   1.97839   -1.4494
0.396877 0.059823  1.96341 0.199276 -0.34549  1.97846 -1.44942
 0.396937 0.0597952   1.96342  0.199134 -0.345501   1.97853  -1.44945
 0.396998 0.0597675   1.96342  0.198992 -0.345512   1.97861  -1.44947
 0.397058   0.05974   1.96343  0.198851 -0.345523   1.97868   -1.4495
 0.397118 0.0597125   1.96343   0.19871 -0.345534   1.97875  -1.44952
 0.397179 0.0596852   1.96344  0.198569 -0.345545   1.97882  -1.44955
 0.397238 0.0596579   1.96344  0.198429 -0.345556   1.97889  -1.44957
 0.397298 0.0596307   1.96345  0.198289 -0.345567   1.97897   -1.4496
 0.397358 0.0596036   1.96345  0.198149 -0.345578   1.97904  -1.44962
 0.397418 0.0595767   1.96346   0.19801 -0.345589   1.97911  -1.44965
 0.397477 0.0595497   1.96346   0.19787   -0.3456   1.97918  -1.44967
 0.397536 0.0595229   1.96347  0.197732 -0.345611   1.97925   -1.4497
 0.397595 0.0594962   1.96347  0.197593 -0.345622   1.97932  -1.44972
 0.397654 0.0594695   1.96348  0.197455 -0.345633   1.97939  -1.44975
 0.397713 0.0594429   1.96348  0.197317 -0.345644   1.97946  -1.44977
 0.397772 0.0594164   1.96349   0.19718 -0.345655   1.97953   -1.4498
  0.39783   0.05939   1.96349  0.197042 -0.345665    1.9796  -1.44982
 0.397889 0.0593636    1.9635  0.196906 -0.345676   1.97967  -1.44985
 0.397947 0.0593373    1.9635  0.196769 -0.345687   1.97974  -1.44987
 0.398005 0.0593111   1.96351  0.196633 -0.345698   1.97981   -1.4499
 0.398063 0.0592849   1.96351  0.196497 -0.345709   1.97988  -1.44992
 0.398121 0.0592588   1.96352  0.196361  -0.34572   1.97995  -1.44994
 0.398179 0.0592328   1.96352  0.196226  -0.34573   1.98002  -1.44997
 0.398237 0.0592068   1.96353  0.196091 -0.345741   1.98009  -1.44999
 0.398294  0.059181   1.96353  0.195956 -0.345752   1.98016  -1.45002
 0.398352 0.0591551   1.96354  0.195822 -0.345763   1.98023  -1.45004
 0.398409 0.0591294   1.96354  0.195688 -0.345773    1.9803  -1.45007
 0.398466 0.0591037   1.96354  0.195554 -0.345784   1.98037  -1.45009
 0.398523 0.0590781   1.96355  0.195421 -0.345795   1.98044  -1.45011
  0.39858 0.0590525   1.96355  0.195287 -0.345806    1.9805  -1.45014
 0.398637  0.059027   1.96356  0.195155 -0.345816   1.98057  -1.45016
 0.398693 0.0590016   1.96356  0.195022 -0.345827   1.98064  -1.45019
  0.39875 0.0589762   1.96357   0.19489 -0.345838   1.98071  -1.45021
 0.398806 0.0589509   1.96357  0.194758 -0.345848   1.98078  -1.45023
 0.398862 0.0589257   1.96358  0.194626 -0.345859   1.98084  -1.45026
 0.398918 0.0589005   1.96358  0.194495  -0.34587   1.98091  -1.45028
 0.398974 0.0588753   1.96359  0.194364  -0.34588   1.98098  -1.45031
  0.39903 0.0588503   1.96359  0.194233 -0.345891   1.98104  -1.45033
 0.399086 0.0588253    1.9636  0.194103 -0.345902   1.98111  -1.45035
 0.399141 0.0588003    1.9636  0.193973 -0.345912   1.98118  -1.45038
 0.399197 0.0587754   1.96361  0.193843 -0.345923   1.98124   -1.4504
 0.399252 0.0587506   1.96361  0.193713 -0.345933   1.98131  -1.45042
 0.399307 0.0587259   1.96362  0.193584 -0.345944   1.98138  -1.45045
 0.399362 0.0587011   1.96362  0.193455 -0.345954   1.98144  -1.45047
 0.399417 0.0586765   1.96363  0.193327 -0.345965   1.98151  -1.45049
 0.399472 0.0586519   1.96363  0.193198 -0.345975   1.98157  -1.45052
 0.399527 0.0586274   1.96364   0.19307 -0.345986   1.98164  -1.45054
 0.399581 0.0586029   1.96364  0.192943 -0.345996   1.98171  -1.45056
 0.399636 0.0585785   1.96365  0.192815 -0.346007   1.98177  -1.45059
  0.39969 0.0585541   1.96365  0.192688 -0.346017   1.98184  -1.45061
 0.399744 0.0585298   1.96366  0.192561 -0.346028    1.9819  -1.45063
 0.399798 0.0585056   1.96366  0.192435 -0.346038   1.98197  -1.45066
 0.399852 0.0584814   1.96366  0.192308 -0.346049   1.98203  -1.45068
 0.399906 0.0584573   1.96367  0.192182 -0.346059   1.98209   -1.4507
  0.39996 0.0584332   1.96367  0.192057  -0.34607   1.98216  -1.45073
 0.400013 0.0584092   1.96368  0.191931  -0.34608   1.98222  -1.45075
 0.400067 0.0583853   1.96368  0.191806  -0.34609   1.98229  -1.45077
  0.40012 0.0583614   1.96369  0.191681 -0.346101   1.98235  -1.45079
 0.400173 0.0583375   1.96369  0.191557 -0.346111   1.98242  -1.45082
 0.400226 0.0583137    1.9637  0.191433 -0.346121   1.98248  -1.45084
 0.400279   0.05829    1.9637  0.191309 -0.346132   1.98254  -1.45086
 0.400332 0.0582663   1.96371  0.191185 -0.346142   1.98261  -1.45088
 0.400385 0.0582427   1.96371  0.191062 -0.346152   1.98267  -1.45091
 0.400437 0.0582192   1.96372  0.190938 -0.346163   1.98273  -1.45093
  0.40049 0.0581957   1.96372  0.190816 -0.346173   1.98279  -1.45095
 0.400542 0.0581722   1.96373  0.190693 -0.346183   1.98286  -1.45097
 0.400594 0.0581488   1.96373  0.190571 -0.346194   1.98292    -1.451
 0.400646 0.0581255   1.96374  0.190449 -0.346204   1.98298  -1.45102
 0.400698 0.0581022   1.96374  0.190327 -0.346214   1.98305  -1.45104
  0.40075  0.058079   1.96375  0.190206 -0.346224   1.98311  -1.45106
 0.400802 0.0580558   1.96375  0.190085 -0.346235   1.98317  -1.45108
 0.400854 0.0580327   1.96375  0.189964 -0.346245   1.98323  -1.45111
 0.400905 0.0580096   1.96376  0.189843 -0.346255   1.98329  -1.45113
 0.400956 0.0579866   1.96376  0.189723 -0.346265   1.98335  -1.45115
 0.401008 0.0579636   1.96377  0.189603 -0.346275   1.98342  -1.45117
 0.401059 0.0579407   1.96377  0.189483 -0.346286   1.98348  -1.45119
  0.40111 0.0579179   1.96378  0.189363 -0.346296   1.98354  -1.45122
 0.401161 0.0578951   1.96378  0.189244 -0.346306    1.9836  -1.45124
 0.401212 0.0578723   1.96379  0.189125 -0.346316   1.98366  -1.45126
 0.401262 0.0578497   1.96379  0.189007 -0.346326   1.98372  -1.45128
 0.401313  0.057827    1.9638  0.188888 -0.346336   1.98378   -1.4513
 0.401363 0.0578044    1.9638   0.18877 -0.346346   1.98384  -1.45132
 0.401414 0.0577819   1.96381  0.188652 -0.346356    1.9839  -1.45135
 0.401464 0.0577594   1.96381  0.188535 -0.346366   1.98396  -1.45137
 0.401514  0.057737   1.96382  0.188417 -0.346376   1.98402  -1.45139
 0.401564 0.0577146   1.96382    0.1883 -0.346387   1.98408  -1.45141
 0.401614 0.0576923   1.96383  0.188183 -0.346397   1.98414  -1.45143
 0.401664 0.0576701   1.96383  0.188067 -0.346407    1.9842  -1.45145
 0.401713 0.0576478   1.96383  0.187951 -0.346417   1.98426  -1.45147
 0.401763 0.0576257   1.96384  0.187835 -0.346427   1.98432  -1.45149
 0.401812 0.0576036   1.96384  0.187719 -0.346437   1.98438  -1.45152
 0.401862 0.0575815   1.96385  0.187604 -0.346447   1.98444  -1.45154
 0.401911 0.0575595   1.96385  0.187488 -0.346457    1.9845  -1.45156
  0.40196 0.0575376   1.96386  0.187373 -0.346467   1.98456  -1.45158
 0.402009 0.0575157   1.96386  0.187259 -0.346476   1.98462   -1.4516
 0.402058 0.0574938   1.96387  0.187144 -0.346486   1.98467  -1.45162
 0.402107  0.057472   1.96387   0.18703 -0.346496   1.98473  -1.45164
 0.402155 0.0574503   1.96388  0.186916 -0.346506   1.98479  -1.45166
 0.402204 0.0574286   1.96388  0.186803 -0.346516   1.98485  -1.45168
 0.402252 0.0574069   1.96389  0.186689 -0.346526   1.98491   -1.4517
   0.4023 0.0573853   1.96389  0.186576 -0.346536   1.98497  -1.45172
 0.402349 0.0573638    1.9639  0.186464 -0.346546   1.98502  -1.45174
 0.402397 0.0573423    1.9639  0.186351 -0.346556   1.98508  -1.45176
 0.402445 0.0573209    1.9639  0.186239 -0.346565   1.98514  -1.45179
 0.402493 0.0572995   1.96391  0.186127 -0.346575    1.9852  -1.45181
  0.40254 0.0572781   1.96391  0.186015 -0.346585   1.98525  -1.45183
 0.402588 0.0572568   1.96392  0.185903 -0.346595   1.98531  -1.45185
 0.402636 0.0572356   1.96392  0.185792 -0.346605   1.98537  -1.45187
 0.402683 0.0572144   1.96393  0.185681 -0.346615   1.98542  -1.45189
  0.40273 0.0571933   1.96393   0.18557 -0.346624   1.98548  -1.45191
 0.402778 0.0571722   1.96394   0.18546 -0.346634   1.98554  -1.45193
 0.402825 0.0571511   1.96394  0.185349 -0.346644   1.98559  -1.45195
 0.402872 0.0571301   1.96395  0.185239 -0.346654   1.98565  -1.45197
 0.402919 0.0571092   1.96395   0.18513 -0.346663   1.98571  -1.45199
 0.402965 0.0570883   1.96396   0.18502 -0.346673   1.98576  -1.45201
 0.403012 0.0570675   1.96396  0.184911 -0.346683   1.98582  -1.45203
 0.403059 0.0570467   1.96396  0.184802 -0.346693   1.98587  -1.45205
 0.403105 0.0570259   1.96397  0.184693 -0.346702   1.98593  -1.45207
 0.403152 0.0570052   1.96397  0.184584 -0.346712   1.98598  -1.45209
 0.403198 0.0569846   1.96398  0.184476 -0.346722   1.98604  -1.45211
 0.403244  0.056964   1.96398  0.184368 -0.346731    1.9861  -1.45213
  0.40329 0.0569434   1.96399   0.18426 -0.346741   1.98615  -1.45215
 0.403336 0.0569229   1.96399  0.184153 -0.346751   1.98621  -1.45217
 0.403382 0.0569025     1.964  0.184045  -0.34676   1.98626  -1.45219
 0.403428 0.0568821     1.964  0.183938  -0.34677   1.98632  -1.45221
 0.403473 0.0568617   1.96401  0.183832 -0.346779   1.98637  -1.45222
 0.403519 0.0568414   1.96401  0.183725 -0.346789   1.98642  -1.45224
 0.403564 0.0568211   1.96402  0.183619 -0.346799   1.98648  -1.45226
 0.403609 0.0568009   1.96402  0.183513 -0.346808   1.98653  -1.45228
 0.403655 0.0567807   1.96402  0.183407 -0.346818   1.98659   -1.4523
   0.4037 0.0567606   1.96403  0.183301 -0.346827   1.98664  -1.45232
 0.403745 0.0567405   1.96403  0.183196 -0.346837   1.98669  -1.45234
  0.40379 0.0567205   1.96404  0.183091 -0.346846   1.98675  -1.45236
 0.403835 0.0567005   1.96404  0.182986 -0.346856    1.9868  -1.45238
 0.403879 0.0566806   1.96405  0.182881 -0.346865   1.98686   -1.4524
 0.403924 0.0566607   1.96405  0.182777 -0.346875   1.98691  -1.45242
 0.403968 0.0566409   1.96406  0.182673 -0.346884   1.98696  -1.45244
 0.404013 0.0566211   1.96406  0.182569 -0.346894   1.98702  -1.45246
 0.404057 0.0566014   1.96407  0.182465 -0.346903   1.98707  -1.45247
 0.404101 0.0565817   1.96407  0.182362 -0.346913   1.98712  -1.45249
 0.404145  0.056562   1.96408  0.182259 -0.346922   1.98717  -1.45251
 0.404189 0.0565424   1.96408  0.182156 -0.346932   1.98723  -1.45253
 0.404233 0.0565228   1.96408  0.182053 -0.346941   1.98728  -1.45255
 0.404277 0.0565033   1.96409   0.18195 -0.346951   1.98733  -1.45257
 0.404321 0.0564839   1.96409  0.181848  -0.34696   1.98738  -1.45259
 0.404364 0.0564644    1.9641  0.181746 -0.346969   1.98744  -1.45261
 0.404408 0.0564451    1.9641  0.181644 -0.346979   1.98749  -1.45262
 0.404451 0.0564257   1.96411  0.181543 -0.346988   1.98754  -1.45264
 0.404495 0.0564064   1.96411  0.181441 -0.346998   1.98759  -1.45266
 0.404538 0.0563872   1.96412   0.18134 -0.347007   1.98764  -1.45268
 0.404581  0.056368   1.96412  0.181239 -0.347016    1.9877   -1.4527
 0.404624 0.0563489   1.96413  0.181139 -0.347026   1.98775  -1.45272
 0.404667 0.0563297   1.96413  0.181038 -0.347035    1.9878  -1.45274
  0.40471 0.0563107   1.96413  0.180938 -0.347044   1.98785  -1.45275
 0.404752 0.0562917   1.96414  0.180838 -0.347054    1.9879  -1.45277
 0.404795 0.0562727   1.96414  0.180739 -0.347063   1.98795  -1.45279
 0.404837 0.0562538   1.96415  0.180639 -0.347072     1.988  -1.45281
  0.40488 0.0562349   1.96415   0.18054 -0.347082   1.98805  -1.45283
 0.404922 0.0562161   1.96416  0.180441 -0.347091    1.9881  -1.45284
 0.404964 0.0561973   1.96416  0.180342   -0.3471   1.98815  -1.45286
 0.405007 0.0561785   1.96417  0.180243 -0.347109   1.98821  -1.45288
 0.405049 0.0561598   1.96417  0.180145 -0.347119   1.98826   -1.4529
 0.405091 0.0561412   1.96418  0.180047 -0.347128   1.98831  -1.45292
 0.405132 0.0561225   1.96418  0.179949 -0.347137   1.98836  -1.45293
 0.405174  0.056104   1.96418  0.179851 -0.347146   1.98841  -1.45295
 0.405216 0.0560854   1.96419  0.179754 -0.347156   1.98846  -1.45297
 0.405257  0.056067   1.96419  0.179657 -0.347165   1.98851  -1.45299
 0.405299 0.0560485    1.9642   0.17956 -0.347174   1.98855  -1.45301
  0.40534 0.0560301    1.9642  0.179463 -0.347183    1.9886  -1.45302
 0.405382 0.0560118   1.96421  0.179366 -0.347192   1.98865  -1.45304
 0.405423 0.0559935   1.96421   0.17927 -0.347201    1.9887  -1.45306
 0.405464 0.0559752   1.96422  0.179174 -0.347211   1.98875  -1.45308
0.405505 0.055957  1.96422 0.179078 -0.34722   1.9888 -1.45309
 0.405546 0.0559388   1.96423  0.178982 -0.347229   1.98885  -1.45311
 0.405587 0.0559206   1.96423  0.178886 -0.347238    1.9889  -1.45313
 0.405627 0.0559025   1.96423  0.178791 -0.347247   1.98895  -1.45315
 0.405668 0.0558845   1.96424  0.178696 -0.347256     1.989  -1.45316
 0.405709 0.0558665   1.96424  0.178601 -0.347265   1.98904  -1.45318
 0.405749 0.0558485   1.96425  0.178507 -0.347274   1.98909   -1.4532
 0.405789 0.0558306   1.96425  0.178412 -0.347283   1.98914  -1.45322
  0.40583 0.0558127   1.96426  0.178318 -0.347292   1.98919  -1.45323
  0.40587 0.0557949   1.96426  0.178224 -0.347302   1.98924  -1.45325
  0.40591 0.0557771   1.96427   0.17813 -0.347311   1.98929  -1.45327
  0.40595 0.0557593   1.96427  0.178037  -0.34732   1.98933  -1.45329
  0.40599 0.0557416   1.96428  0.177943 -0.347329   1.98938   -1.4533
  0.40603 0.0557239   1.96428   0.17785 -0.347338   1.98943  -1.45332
 0.406069 0.0557063   1.96428  0.177757 -0.347347   1.98948  -1.45334
 0.406109 0.0556887   1.96429  0.177665 -0.347356   1.98952  -1.45335
 0.406148 0.0556711   1.96429  0.177572 -0.347365   1.98957  -1.45337
 0.406188 0.0556536    1.9643   0.17748 -0.347374   1.98962  -1.45339
 0.406227 0.0556362    1.9643  0.177388 -0.347383   1.98967   -1.4534
 0.406267 0.0556187   1.96431  0.177296 -0.347392   1.98971  -1.45342
 0.406306 0.0556014   1.96431  0.177204 -0.347401   1.98976  -1.45344
 0.406345  0.055584   1.96432  0.177113 -0.347409   1.98981  -1.45345
 0.406384 0.0555667   1.96432  0.177022 -0.347418   1.98985  -1.45347
 0.406423 0.0555494   1.96432  0.176931 -0.347427    1.9899  -1.45349
 0.406462 0.0555322   1.96433   0.17684 -0.347436   1.98995   -1.4535
   0.4065  0.055515   1.96433  0.176749 -0.347445   1.98999  -1.45352
 0.406539 0.0554979   1.96434  0.176659 -0.347454   1.99004  -1.45354
 0.406578 0.0554808   1.96434  0.176569 -0.347463   1.99008  -1.45355
 0.406616 0.0554637   1.96435  0.176479 -0.347472   1.99013  -1.45357
 0.406654 0.0554467   1.96435  0.176389 -0.347481   1.99018  -1.45359
 0.406693 0.0554297   1.96436  0.176299  -0.34749   1.99022   -1.4536
 0.406731 0.0554128   1.96436   0.17621 -0.347498   1.99027  -1.45362
 0.406769 0.0553959   1.96437  0.176121 -0.347507   1.99031  -1.45364
 0.406807  0.055379   1.96437  0.176032 -0.347516   1.99036  -1.45365
 0.406845 0.0553622   1.96437  0.175943 -0.347525    1.9904  -1.45367
 0.406883 0.0553454   1.96438  0.175854 -0.347534   1.99045  -1.45369
 0.406921 0.0553287   1.96438  0.175766 -0.347543   1.99049   -1.4537
 0.406958  0.055312   1.96439  0.175678 -0.347551   1.99054  -1.45372
 0.406996 0.0552953   1.96439   0.17559  -0.34756   1.99058  -1.45373
 0.407034 0.0552787    1.9644  0.175502 -0.347569   1.99063  -1.45375
 0.407071 0.0552621    1.9644  0.175414 -0.347578   1.99067  -1.45377
 0.407108 0.0552456   1.96441  0.175327 -0.347586   1.99072  -1.45378
 0.407146 0.0552291   1.96441   0.17524 -0.347595   1.99076   -1.4538
 0.407183 0.0552126   1.96441  0.175153 -0.347604   1.99081  -1.45381
  0.40722 0.0551962   1.96442  0.175066 -0.347613   1.99085  -1.45383
 0.407257 0.0551798   1.96442   0.17498 -0.347621    1.9909  -1.45385
 0.407294 0.0551634   1.96443  0.174893  -0.34763   1.99094  -1.45386
 0.407331 0.0551471   1.96443  0.174807 -0.347639   1.99098  -1.45388
 0.407368 0.0551309   1.96444  0.174721 -0.347648   1.99103  -1.45389
 0.407404 0.0551146   1.96444  0.174635 -0.347656   1.99107  -1.45391
 0.407441 0.0550984   1.96445   0.17455 -0.347665   1.99112  -1.45392
 0.407477 0.0550823   1.96445  0.174464 -0.347674   1.99116  -1.45394
 0.407514 0.0550661   1.96446  0.174379 -0.347682    1.9912  -1.45396
  0.40755 0.0550501   1.96446  0.174294 -0.347691   1.99125  -1.45397
0.407587 0.055034  1.96446 0.174209  -0.3477  1.99129 -1.45399
 0.407623  0.055018   1.96447  0.174125 -0.347708   1.99133    -1.454
 0.407659  0.055002   1.96447   0.17404 -0.347717   1.99138  -1.45402
 0.407695 0.0549861   1.96448  0.173956 -0.347726   1.99142  -1.45403
 0.407731 0.0549702   1.96448  0.173872 -0.347734   1.99146  -1.45405
 0.407767 0.0549544   1.96449  0.173788 -0.347743    1.9915  -1.45406
 0.407803 0.0549385   1.96449  0.173704 -0.347751   1.99155  -1.45408
 0.407838 0.0549228    1.9645  0.173621  -0.34776   1.99159   -1.4541
 0.407874  0.054907    1.9645  0.173538 -0.347769   1.99163  -1.45411
 0.407909 0.0548913    1.9645  0.173454 -0.347777   1.99168  -1.45413
 0.407945 0.0548756   1.96451  0.173371 -0.347786   1.99172  -1.45414
  0.40798   0.05486   1.96451  0.173289 -0.347794   1.99176  -1.45416
 0.408016 0.0548444   1.96452  0.173206 -0.347803    1.9918  -1.45417
 0.408051 0.0548289   1.96452  0.173124 -0.347811   1.99184  -1.45419
 0.408086 0.0548133   1.96453  0.173042  -0.34782   1.99189   -1.4542
 0.408121 0.0547979   1.96453   0.17296 -0.347828   1.99193  -1.45422
 0.408156 0.0547824   1.96454  0.172878 -0.347837   1.99197  -1.45423
 0.408191  0.054767   1.96454  0.172796 -0.347845   1.99201  -1.45425
 0.408226 0.0547516   1.96454  0.172715 -0.347854   1.99205  -1.45426
  0.40826 0.0547363   1.96455  0.172634 -0.347862   1.99209  -1.45428
 0.408295  0.054721   1.96455  0.172553 -0.347871   1.99214  -1.45429
  0.40833 0.0547057   1.96456  0.172472 -0.347879   1.99218  -1.45431
 0.408364 0.0546905   1.96456  0.172391 -0.347888   1.99222  -1.45432
 0.408399 0.0546753   1.96457  0.172311 -0.347896   1.99226  -1.45434
 0.408433 0.0546601   1.96457   0.17223 -0.347905    1.9923  -1.45435
 0.408467  0.054645   1.96458   0.17215 -0.347913   1.99234  -1.45437
 0.408502 0.0546299   1.96458   0.17207 -0.347922   1.99238  -1.45438
 0.408536 0.0546149   1.96458   0.17199  -0.34793   1.99242   -1.4544
  0.40857 0.0545998   1.96459  0.171911 -0.347939   1.99246  -1.45441
 0.408604 0.0545849   1.96459  0.171831 -0.347947    1.9925  -1.45442
 0.408638 0.0545699    1.9646  0.171752 -0.347955   1.99254  -1.45444
 0.408671  0.054555    1.9646  0.171673 -0.347964   1.99259  -1.45445
 0.408705 0.0545401   1.96461  0.171594 -0.347972   1.99263  -1.45447
 0.408739 0.0545253   1.96461  0.171516 -0.347981   1.99267  -1.45448
 0.408772 0.0545105   1.96462  0.171437 -0.347989   1.99271   -1.4545
 0.408806 0.0544957   1.96462  0.171359 -0.347997   1.99275  -1.45451
 0.408839  0.054481   1.96462  0.171281 -0.348006   1.99279  -1.45453
 0.408873 0.0544663   1.96463  0.171203 -0.348014   1.99283  -1.45454
 0.408906 0.0544516   1.96463  0.171125 -0.348022   1.99287  -1.45455
 0.408939  0.054437   1.96464  0.171047 -0.348031    1.9929  -1.45457
 0.408972 0.0544224   1.96464   0.17097 -0.348039   1.99294  -1.45458
 0.409006 0.0544078   1.96465  0.170892 -0.348047   1.99298   -1.4546
 0.409039 0.0543933   1.96465  0.170815 -0.348056   1.99302  -1.45461
 0.409071 0.0543788   1.96466  0.170738 -0.348064   1.99306  -1.45463
 0.409104 0.0543644   1.96466  0.170662 -0.348072    1.9931  -1.45464
 0.409137 0.0543499   1.96467  0.170585  -0.34808   1.99314  -1.45465
  0.40917 0.0543355   1.96467  0.170509 -0.348089   1.99318  -1.45467
 0.409202 0.0543212   1.96467  0.170432 -0.348097   1.99322  -1.45468
 0.409235 0.0543069   1.96468  0.170356 -0.348105   1.99326   -1.4547
 0.409267 0.0542926   1.96468   0.17028 -0.348114    1.9933  -1.45471
   0.4093 0.0542783   1.96469  0.170205 -0.348122   1.99333  -1.45472
 0.409332 0.0542641   1.96469  0.170129  -0.34813   1.99337  -1.45474
 0.409364 0.0542499    1.9647  0.170054 -0.348138   1.99341  -1.45475
 0.409397 0.0542358    1.9647  0.169979 -0.348146   1.99345  -1.45477
 0.409429 0.0542217   1.96471  0.169904 -0.348155   1.99349  -1.45478
 0.409461 0.0542076   1.96471  0.169829 -0.348163   1.99353  -1.45479
 0.409493 0.0541935   1.96471  0.169754 -0.348171   1.99357  -1.45481
 0.409525 0.0541795   1.96472   0.16968 -0.348179    1.9936  -1.45482
 0.409556 0.0541655   1.96472  0.169605 -0.348187   1.99364  -1.45483
 0.409588 0.0541516   1.96473  0.169531 -0.348196   1.99368  -1.45485
  0.40962 0.0541376   1.96473  0.169457 -0.348204   1.99372  -1.45486
 0.409651 0.0541237   1.96474  0.169383 -0.348212   1.99375  -1.45488
 0.409683 0.0541099   1.96474   0.16931  -0.34822   1.99379  -1.45489
 0.409714 0.0540961   1.96475  0.169236 -0.348228   1.99383   -1.4549
 0.409746 0.0540823   1.96475  0.169163 -0.348236   1.99387  -1.45492
 0.409777 0.0540685   1.96475   0.16909 -0.348245    1.9939  -1.45493
 0.409808 0.0540548   1.96476  0.169017 -0.348253   1.99394  -1.45494
  0.40984 0.0540411   1.96476  0.168944 -0.348261   1.99398  -1.45496
 0.409871 0.0540275   1.96477  0.168871 -0.348269   1.99402  -1.45497
 0.409902 0.0540138   1.96477  0.168798 -0.348277   1.99405  -1.45498
 0.409933 0.0540002   1.96478  0.168726 -0.348285   1.99409    -1.455
 0.409964 0.0539867   1.96478  0.168654 -0.348293   1.99413  -1.45501
 0.409994 0.0539732   1.96478  0.168582 -0.348301   1.99416  -1.45502
 0.410025 0.0539597   1.96479   0.16851 -0.348309    1.9942  -1.45504
 0.410056 0.0539462   1.96479  0.168438 -0.348317   1.99424  -1.45505
 0.410087 0.0539328    1.9648  0.168367 -0.348325   1.99427  -1.45506
 0.410117 0.0539194    1.9648  0.168295 -0.348334   1.99431  -1.45508
 0.410148  0.053906   1.96481  0.168224 -0.348342   1.99435  -1.45509
 0.410178 0.0538927   1.96481  0.168153  -0.34835   1.99438   -1.4551
 0.410208 0.0538793   1.96482  0.168082 -0.348358   1.99442  -1.45512
 0.410239 0.0538661   1.96482  0.168012 -0.348366   1.99445  -1.45513
 0.410269 0.0538528   1.96482  0.167941 -0.348374   1.99449  -1.45514
 0.410299 0.0538396   1.96483  0.167871 -0.348382   1.99453  -1.45515
 0.410329 0.0538264   1.96483    0.1678  -0.34839   1.99456  -1.45517
 0.410359 0.0538133   1.96484   0.16773 -0.348398    1.9946  -1.45518
 0.410389 0.0538002   1.96484   0.16766 -0.348406   1.99463  -1.45519
 0.410419 0.0537871   1.96485  0.167591 -0.348414   1.99467  -1.45521
 0.410449  0.053774   1.96485  0.167521 -0.348422   1.99471  -1.45522
0.410479 0.053761  1.96486 0.167452 -0.34843  1.99474 -1.45523
 0.410508  0.053748   1.96486  0.167382 -0.348438   1.99478  -1.45524
 0.410538 0.0537351   1.96486  0.167313 -0.348445   1.99481  -1.45526
 0.410567 0.0537221   1.96487  0.167244 -0.348453   1.99485  -1.45527
 0.410597 0.0537092   1.96487  0.167175 -0.348461   1.99488  -1.45528
 0.410626 0.0536964   1.96488  0.167107 -0.348469   1.99492   -1.4553
 0.410656 0.0536835   1.96488  0.167038 -0.348477   1.99495  -1.45531
 0.410685 0.0536707   1.96489   0.16697 -0.348485   1.99499  -1.45532
 0.410714 0.0536579   1.96489  0.166902 -0.348493   1.99502  -1.45533
 0.410743 0.0536452    1.9649  0.166834 -0.348501   1.99506  -1.45535
 0.410772 0.0536325    1.9649  0.166766 -0.348509   1.99509  -1.45536
 0.410801 0.0536198    1.9649  0.166698 -0.348517   1.99513  -1.45537
  0.41083 0.0536071   1.96491   0.16663 -0.348525   1.99516  -1.45538
 0.410859 0.0535945   1.96491  0.166563 -0.348532   1.99519   -1.4554
 0.410888 0.0535819   1.96492  0.166496  -0.34854   1.99523  -1.45541
 0.410917 0.0535693   1.96492  0.166428 -0.348548   1.99526  -1.45542
 0.410945 0.0535568   1.96493  0.166361 -0.348556    1.9953  -1.45543
 0.410974 0.0535443   1.96493  0.166295 -0.348564   1.99533  -1.45545
 0.411003 0.0535318   1.96494  0.166228 -0.348572   1.99537  -1.45546
 0.411031 0.0535194   1.96494  0.166161  -0.34858    1.9954  -1.45547
 0.411059 0.0535069   1.96494  0.166095 -0.348587   1.99543  -1.45548
 0.411088 0.0534946   1.96495  0.166029 -0.348595   1.99547  -1.45549
 0.411116 0.0534822   1.96495  0.165963 -0.348603    1.9955  -1.45551
 0.411144 0.0534699   1.96496  0.165897 -0.348611   1.99553  -1.45552
 0.411173 0.0534576   1.96496  0.165831 -0.348619   1.99557  -1.45553
 0.411201 0.0534453   1.96497  0.165765 -0.348626    1.9956  -1.45554
 0.411229 0.0534331   1.96497    0.1657 -0.348634   1.99563  -1.45556
 0.411257 0.0534208   1.96498  0.165635 -0.348642   1.99567  -1.45557
 0.411285 0.0534087   1.96498  0.165569  -0.34865    1.9957  -1.45558
 0.411313 0.0533965   1.96498  0.165504 -0.348658   1.99573  -1.45559
  0.41134 0.0533844   1.96499   0.16544 -0.348665   1.99577   -1.4556
 0.411368 0.0533723   1.96499  0.165375 -0.348673    1.9958  -1.45562
 0.411396 0.0533602     1.965   0.16531 -0.348681   1.99583  -1.45563
 0.411423 0.0533482     1.965  0.165246 -0.348689   1.99587  -1.45564
 0.411451 0.0533362   1.96501  0.165181 -0.348696    1.9959  -1.45565
 0.411478 0.0533242   1.96501  0.165117 -0.348704   1.99593  -1.45566
 0.411506 0.0533122   1.96502  0.165053 -0.348712   1.99596  -1.45568
 0.411533 0.0533003   1.96502  0.164989 -0.348719     1.996  -1.45569
  0.41156 0.0532884   1.96502  0.164926 -0.348727   1.99603   -1.4557
 0.411588 0.0532765   1.96503  0.164862 -0.348735   1.99606  -1.45571
 0.411615 0.0532647   1.96503  0.164799 -0.348743   1.99609  -1.45572
 0.411642 0.0532529   1.96504  0.164735  -0.34875   1.99613  -1.45573
 0.411669 0.0532411   1.96504  0.164672 -0.348758   1.99616  -1.45575
 0.411696 0.0532294   1.96505  0.164609 -0.348766   1.99619  -1.45576
 0.411723 0.0532176   1.96505  0.164546 -0.348773   1.99622  -1.45577
  0.41175 0.0532059   1.96505  0.164484 -0.348781   1.99626  -1.45578
 0.411777 0.0531943   1.96506  0.164421 -0.348789   1.99629  -1.45579
 0.411803 0.0531826   1.96506  0.164359 -0.348796   1.99632   -1.4558
  0.41183  0.053171   1.96507  0.164296 -0.348804   1.99635  -1.45582
 0.411857 0.0531594   1.96507  0.164234 -0.348811   1.99638  -1.45583
 0.411883 0.0531478   1.96508  0.164172 -0.348819   1.99641  -1.45584
  0.41191 0.0531363   1.96508   0.16411 -0.348827   1.99645  -1.45585
 0.411936 0.0531248   1.96509  0.164049 -0.348834   1.99648  -1.45586
 0.411963 0.0531133   1.96509  0.163987 -0.348842   1.99651  -1.45587
 0.411989 0.0531019   1.96509  0.163926  -0.34885   1.99654  -1.45588
 0.412015 0.0530905    1.9651  0.163864 -0.348857   1.99657   -1.4559
 0.412042 0.0530791    1.9651  0.163803 -0.348865    1.9966  -1.45591
 0.412068 0.0530677   1.96511  0.163742 -0.348872   1.99663  -1.45592
 0.412094 0.0530564   1.96511  0.163681  -0.34888   1.99666  -1.45593
  0.41212  0.053045   1.96512   0.16362 -0.348887    1.9967  -1.45594
 0.412146 0.0530338   1.96512   0.16356 -0.348895   1.99673  -1.45595
 0.412172 0.0530225   1.96513  0.163499 -0.348903   1.99676  -1.45596
 0.412198 0.0530113   1.96513  0.163439  -0.34891   1.99679  -1.45597
 0.412224 0.0530001   1.96513  0.163379 -0.348918   1.99682  -1.45599
 0.412249 0.0529889   1.96514  0.163319 -0.348925   1.99685    -1.456
 0.412275 0.0529777   1.96514  0.163259 -0.348933   1.99688  -1.45601
 0.412301 0.0529666   1.96515  0.163199  -0.34894   1.99691  -1.45602
 0.412326 0.0529555   1.96515  0.163139 -0.348948   1.99694  -1.45603
 0.412352 0.0529444   1.96516   0.16308 -0.348955   1.99697  -1.45604
 0.412377 0.0529334   1.96516   0.16302 -0.348963     1.997  -1.45605
 0.412403 0.0529224   1.96517  0.162961  -0.34897   1.99703  -1.45606
 0.412428 0.0529114   1.96517  0.162902 -0.348978   1.99706  -1.45607
 0.412453 0.0529004   1.96517  0.162843 -0.348985   1.99709  -1.45608
 0.412478 0.0528895   1.96518  0.162784 -0.348993   1.99712   -1.4561
 0.412504 0.0528786   1.96518  0.162725    -0.349   1.99715  -1.45611
 0.412529 0.0528677   1.96519  0.162667 -0.349008   1.99718  -1.45612
 0.412554 0.0528568   1.96519  0.162608 -0.349015   1.99721  -1.45613
 0.412579  0.052846    1.9652   0.16255 -0.349023   1.99724  -1.45614
 0.412604 0.0528352    1.9652  0.162492  -0.34903   1.99727  -1.45615
 0.412629 0.0528244    1.9652  0.162434 -0.349038    1.9973  -1.45616
 0.412654 0.0528136   1.96521  0.162376 -0.349045   1.99733  -1.45617
 0.412678 0.0528029   1.96521  0.162318 -0.349052   1.99736  -1.45618
 0.412703 0.0527922   1.96522   0.16226  -0.34906   1.99739  -1.45619
 0.412728 0.0527815   1.96522  0.162203 -0.349067   1.99742   -1.4562
 0.412752 0.0527708   1.96523  0.162145 -0.349075   1.99745  -1.45621
 0.412777 0.0527602   1.96523  0.162088 -0.349082   1.99748  -1.45622
 0.412801 0.0527496   1.96524  0.162031 -0.349089   1.99751  -1.45623
 0.412826  0.052739   1.96524  0.161974 -0.349097   1.99754  -1.45625
  0.41285 0.0527285   1.96524  0.161917 -0.349104   1.99756  -1.45626
 0.412875 0.0527179   1.96525   0.16186 -0.349112   1.99759  -1.45627
 0.412899 0.0527074   1.96525  0.161804 -0.349119   1.99762  -1.45628
 0.412923  0.052697   1.96526  0.161747 -0.349126   1.99765  -1.45629
 0.412947 0.0526865   1.96526  0.161691 -0.349134   1.99768   -1.4563
 0.412972 0.0526761   1.96527  0.161635 -0.349141   1.99771  -1.45631
 0.412996 0.0526657   1.96527  0.161578 -0.349148   1.99774  -1.45632
  0.41302 0.0526553   1.96528  0.161522 -0.349156   1.99777  -1.45633
 0.413044 0.0526449   1.96528  0.161467 -0.349163   1.99779  -1.45634
 0.413068 0.0526346   1.96528  0.161411 -0.349171   1.99782  -1.45635
 0.413091 0.0526243   1.96529  0.161355 -0.349178   1.99785  -1.45636
 0.413115  0.052614   1.96529    0.1613 -0.349185   1.99788  -1.45637
 0.413139 0.0526038    1.9653  0.161244 -0.349193   1.99791  -1.45638
 0.413163 0.0525936    1.9653  0.161189   -0.3492   1.99794  -1.45639
 0.413186 0.0525834   1.96531  0.161134 -0.349207   1.99796   -1.4564
  0.41321 0.0525732   1.96531  0.161079 -0.349214   1.99799  -1.45641
 0.413233  0.052563   1.96532  0.161024 -0.349222   1.99802  -1.45642
 0.413257 0.0525529   1.96532  0.160969 -0.349229   1.99805  -1.45643
  0.41328 0.0525428   1.96532  0.160915 -0.349236   1.99808  -1.45644
 0.413304 0.0525327   1.96533   0.16086 -0.349244    1.9981  -1.45645
 0.413327 0.0525226   1.96533  0.160806 -0.349251   1.99813  -1.45646
  0.41335 0.0525126   1.96534  0.160752 -0.349258   1.99816  -1.45647
 0.413374 0.0525026   1.96534  0.160698 -0.349265   1.99819  -1.45648
 0.413397 0.0524926   1.96535  0.160644 -0.349273   1.99821  -1.45649
  0.41342 0.0524827   1.96535   0.16059  -0.34928   1.99824   -1.4565
 0.413443 0.0524727   1.96535  0.160536 -0.349287   1.99827  -1.45651
 0.413466 0.0524628   1.96536  0.160482 -0.349294    1.9983  -1.45652
 0.413489 0.0524529   1.96536  0.160429 -0.349302   1.99832  -1.45653
 0.413512  0.052443   1.96537  0.160375 -0.349309   1.99835  -1.45654
 0.413535 0.0524332   1.96537  0.160322 -0.349316   1.99838  -1.45655
 0.413558 0.0524234   1.96538  0.160269 -0.349323    1.9984  -1.45656
  0.41358 0.0524136   1.96538  0.160216 -0.349331   1.99843  -1.45657
 0.413603 0.0524038   1.96539  0.160163 -0.349338   1.99846  -1.45658
 0.413626 0.0523941   1.96539   0.16011 -0.349345   1.99849  -1.45659
 0.413648 0.0523843   1.96539  0.160057 -0.349352   1.99851   -1.4566
 0.413671 0.0523746    1.9654  0.160005 -0.349359   1.99854  -1.45661
 0.413693  0.052365    1.9654  0.159952 -0.349367   1.99857  -1.45662
 0.413716 0.0523553   1.96541    0.1599 -0.349374   1.99859  -1.45663
 0.413738 0.0523457   1.96541  0.159848 -0.349381   1.99862  -1.45664
 0.413761 0.0523361   1.96542  0.159796 -0.349388   1.99865  -1.45665
 0.413783 0.0523265   1.96542  0.159744 -0.349395   1.99867  -1.45666
 0.413805 0.0523169   1.96543  0.159692 -0.349402    1.9987  -1.45667
 0.413827 0.0523074   1.96543   0.15964  -0.34941   1.99873  -1.45668
  0.41385 0.0522979   1.96543  0.159589 -0.349417   1.99875  -1.45669
 0.413872 0.0522884   1.96544  0.159537 -0.349424   1.99878   -1.4567
 0.413894 0.0522789   1.96544  0.159486 -0.349431    1.9988  -1.45671
 0.413916 0.0522695   1.96545  0.159435 -0.349438   1.99883  -1.45672
 0.413938   0.05226   1.96545  0.159383 -0.349445   1.99886  -1.45673
  0.41396 0.0522506   1.96546  0.159332 -0.349452   1.99888  -1.45674
 0.413981 0.0522413   1.96546  0.159281 -0.349459   1.99891  -1.45675
 0.414003 0.0522319   1.96546  0.159231 -0.349467   1.99893  -1.45676
 0.414025 0.0522226   1.96547   0.15918 -0.349474   1.99896  -1.45676
 0.414047 0.0522133   1.96547  0.159129 -0.349481   1.99899  -1.45677
 0.414068  0.052204   1.96548  0.159079 -0.349488   1.99901  -1.45678
  0.41409 0.0521947   1.96548  0.159029 -0.349495   1.99904  -1.45679
 0.414112 0.0521855   1.96549  0.158978 -0.349502   1.99906   -1.4568
 0.414133 0.0521763   1.96549  0.158928 -0.349509   1.99909  -1.45681
 0.414155 0.0521671    1.9655  0.158878 -0.349516   1.99911  -1.45682
 0.414176 0.0521579    1.9655  0.158828 -0.349523   1.99914  -1.45683
 0.414197 0.0521487    1.9655  0.158779  -0.34953   1.99916  -1.45684
 0.414219 0.0521396   1.96551  0.158729 -0.349537   1.99919  -1.45685
  0.41424 0.0521305   1.96551  0.158679 -0.349544   1.99922  -1.45686
 0.414261 0.0521214   1.96552   0.15863 -0.349552   1.99924  -1.45687
 0.414282 0.0521123   1.96552  0.158581 -0.349559   1.99927  -1.45688
 0.414304 0.0521033   1.96553  0.158531 -0.349566   1.99929  -1.45689
 0.414325 0.0520943   1.96553  0.158482 -0.349573   1.99932  -1.45689
 0.414346 0.0520853   1.96554  0.158433  -0.34958   1.99934   -1.4569
 0.414367 0.0520763   1.96554  0.158384 -0.349587   1.99937  -1.45691
 0.414388 0.0520673   1.96554  0.158336 -0.349594   1.99939  -1.45692
 0.414409 0.0520584   1.96555  0.158287 -0.349601   1.99942  -1.45693
 0.414429 0.0520495   1.96555  0.158238 -0.349608   1.99944  -1.45694
  0.41445 0.0520406   1.96556   0.15819 -0.349615   1.99946  -1.45695
 0.414471 0.0520317   1.96556  0.158142 -0.349622   1.99949  -1.45696
 0.414492 0.0520229   1.96557  0.158093 -0.349629   1.99951  -1.45697
 0.414512 0.0520141   1.96557  0.158045 -0.349636   1.99954  -1.45698
 0.414533 0.0520053   1.96558  0.157997 -0.349643   1.99956  -1.45698
 0.414554 0.0519965   1.96558  0.157949  -0.34965   1.99959  -1.45699
 0.414574 0.0519877   1.96558  0.157902 -0.349657   1.99961    -1.457
 0.414595  0.051979   1.96559  0.157854 -0.349664   1.99964  -1.45701
 0.414615 0.0519702   1.96559  0.157806 -0.349671   1.99966  -1.45702
 0.414635 0.0519615    1.9656  0.157759 -0.349678   1.99968  -1.45703
 0.414656 0.0519529    1.9656  0.157711 -0.349684   1.99971  -1.45704
 0.414676 0.0519442   1.96561  0.157664 -0.349691   1.99973  -1.45705
 0.414696 0.0519356   1.96561  0.157617 -0.349698   1.99976  -1.45706
 0.414717  0.051927   1.96561   0.15757 -0.349705   1.99978  -1.45706
 0.414737 0.0519184   1.96562  0.157523 -0.349712    1.9998  -1.45707
 0.414757 0.0519098   1.96562  0.157476 -0.349719   1.99983  -1.45708
 0.414777 0.0519012   1.96563   0.15743 -0.349726   1.99985  -1.45709
 0.414797 0.0518927   1.96563  0.157383 -0.349733   1.99988   -1.4571
 0.414817 0.0518842   1.96564  0.157336  -0.34974    1.9999  -1.45711
 0.414837 0.0518757   1.96564   0.15729 -0.349747   1.99992  -1.45712
 0.414857 0.0518672   1.96565  0.157244 -0.349754   1.99995  -1.45713
 0.414877 0.0518588   1.96565  0.157198 -0.349761   1.99997  -1.45713
 0.414897 0.0518504   1.96565  0.157151 -0.349768   1.99999  -1.45714
 0.414916  0.051842   1.96566  0.157105 -0.349774   2.00002  -1.45715
 0.414936 0.0518336   1.96566   0.15706 -0.349781   2.00004  -1.45716
 0.414956 0.0518252   1.96567  0.157014 -0.349788   2.00006  -1.45717
 0.414975 0.0518169   1.96567  0.156968 -0.349795   2.00009  -1.45718
 0.414995 0.0518085   1.96568  0.156923 -0.349802   2.00011  -1.45718
 0.415015 0.0518002   1.96568  0.156877 -0.349809   2.00013  -1.45719
 0.415034 0.0517919   1.96569  0.156832 -0.349816   2.00016   -1.4572
 0.415053 0.0517837   1.96569  0.156786 -0.349822   2.00018  -1.45721
 0.415073 0.0517754   1.96569  0.156741 -0.349829    2.0002  -1.45722
 0.415092 0.0517672    1.9657  0.156696 -0.349836   2.00023  -1.45723
 0.415112  0.051759    1.9657  0.156651 -0.349843   2.00025  -1.45724
 0.415131 0.0517508   1.96571  0.156606  -0.34985   2.00027  -1.45724
  0.41515 0.0517427   1.96571  0.156562 -0.349857   2.00029  -1.45725
 0.415169 0.0517345   1.96572  0.156517 -0.349864   2.00032  -1.45726
 0.415189 0.0517264   1.96572  0.156472  -0.34987   2.00034  -1.45727
 0.415208 0.0517183   1.96572  0.156428 -0.349877   2.00036  -1.45728
 0.415227 0.0517102   1.96573  0.156384 -0.349884   2.00039  -1.45729
 0.415246 0.0517021   1.96573  0.156339 -0.349891   2.00041  -1.45729
 0.415265 0.0516941   1.96574  0.156295 -0.349898   2.00043   -1.4573
 0.415284 0.0516861   1.96574  0.156251 -0.349904   2.00045  -1.45731
 0.415303 0.0516781   1.96575  0.156207 -0.349911   2.00048  -1.45732
 0.415321 0.0516701   1.96575  0.156163 -0.349918    2.0005  -1.45733
  0.41534 0.0516621   1.96576   0.15612 -0.349925   2.00052  -1.45733
 0.415359 0.0516542   1.96576  0.156076 -0.349932   2.00054  -1.45734
 0.415378 0.0516462   1.96576  0.156032 -0.349938   2.00056  -1.45735
 0.415396 0.0516383   1.96577  0.155989 -0.349945   2.00059  -1.45736
 0.415415 0.0516304   1.96577  0.155946 -0.349952   2.00061  -1.45737
 0.415434 0.0516226   1.96578  0.155902 -0.349959   2.00063  -1.45738
 0.415452 0.0516147   1.96578  0.155859 -0.349965   2.00065  -1.45738
 0.415471 0.0516069   1.96579  0.155816 -0.349972   2.00067  -1.45739
 0.415489 0.0515991   1.96579  0.155773 -0.349979    2.0007   -1.4574
 0.415508 0.0515913    1.9658   0.15573 -0.349986   2.00072  -1.45741
 0.415526 0.0515835    1.9658  0.155688 -0.349992   2.00074  -1.45742
 0.415545 0.0515757    1.9658  0.155645 -0.349999   2.00076  -1.45742
 0.415563  0.051568   1.96581  0.155602 -0.350006   2.00078  -1.45743
 0.415581 0.0515603   1.96581   0.15556 -0.350013   2.00081  -1.45744
 0.415599 0.0515526   1.96582  0.155517 -0.350019   2.00083  -1.45745
 0.415618 0.0515449   1.96582  0.155475 -0.350026   2.00085  -1.45746
 0.415636 0.0515372   1.96583  0.155433 -0.350033   2.00087  -1.45746
 0.415654 0.0515296   1.96583  0.155391 -0.350039   2.00089  -1.45747
 0.415672  0.051522   1.96584  0.155349 -0.350046   2.00091  -1.45748
  0.41569 0.0515144   1.96584  0.155307 -0.350053   2.00093  -1.45749
 0.415708 0.0515068   1.96584  0.155265 -0.350059   2.00096  -1.45749
 0.415726 0.0514992   1.96585  0.155223 -0.350066   2.00098   -1.4575
 0.415744 0.0514917   1.96585  0.155182 -0.350073     2.001  -1.45751
 0.415762 0.0514841   1.96586   0.15514  -0.35008   2.00102  -1.45752
  0.41578 0.0514766   1.96586  0.155099 -0.350086   2.00104  -1.45753
 0.415797 0.0514691   1.96587  0.155057 -0.350093   2.00106  -1.45753
 0.415815 0.0514617   1.96587  0.155016   -0.3501   2.00108  -1.45754
 0.415833 0.0514542   1.96587  0.154975 -0.350106    2.0011  -1.45755
 0.415851 0.0514468   1.96588  0.154934 -0.350113   2.00112  -1.45756
 0.415868 0.0514393   1.96588  0.154893 -0.350119   2.00114  -1.45756
 0.415886 0.0514319   1.96589  0.154852 -0.350126   2.00117  -1.45757
 0.415903 0.0514246   1.96589  0.154811 -0.350133   2.00119  -1.45758
 0.415921 0.0514172    1.9659  0.154771 -0.350139   2.00121  -1.45759
 0.415938 0.0514098    1.9659   0.15473 -0.350146   2.00123  -1.45759
 0.415956 0.0514025   1.96591  0.154689 -0.350153   2.00125   -1.4576
 0.415973 0.0513952   1.96591  0.154649 -0.350159   2.00127  -1.45761
 0.415991 0.0513879   1.96591  0.154609 -0.350166   2.00129  -1.45762
 0.416008 0.0513806   1.96592  0.154568 -0.350173   2.00131  -1.45762
 0.416025 0.0513734   1.96592  0.154528 -0.350179   2.00133  -1.45763
 0.416042 0.0513661   1.96593  0.154488 -0.350186   2.00135  -1.45764
  0.41606 0.0513589   1.96593  0.154448 -0.350192   2.00137  -1.45765
 0.416077 0.0513517   1.96594  0.154408 -0.350199   2.00139  -1.45765
 0.416094 0.0513445   1.96594  0.154369 -0.350206   2.00141  -1.45766
 0.416111 0.0513374   1.96595  0.154329 -0.350212   2.00143  -1.45767
 0.416128 0.0513302   1.96595  0.154289 -0.350219   2.00145  -1.45768
 0.416145 0.0513231   1.96595   0.15425 -0.350225   2.00147  -1.45768
 0.416162  0.051316   1.96596   0.15421 -0.350232   2.00149  -1.45769
 0.416179 0.0513089   1.96596  0.154171 -0.350239   2.00151   -1.4577
 0.416196 0.0513018   1.96597  0.154132 -0.350245   2.00153  -1.45771
 0.416213 0.0512947   1.96597  0.154093 -0.350252   2.00155  -1.45771
  0.41623 0.0512877   1.96598  0.154054 -0.350258   2.00157  -1.45772
 0.416246 0.0512806   1.96598  0.154015 -0.350265   2.00159  -1.45773
 0.416263 0.0512736   1.96599  0.153976 -0.350271   2.00161  -1.45774
  0.41628 0.0512666   1.96599  0.153937 -0.350278   2.00163  -1.45774
 0.416297 0.0512597   1.96599  0.153898 -0.350284   2.00165  -1.45775
 0.416313 0.0512527     1.966  0.153859 -0.350291   2.00167  -1.45776
  0.41633 0.0512458     1.966  0.153821 -0.350298   2.00169  -1.45776
 0.416346 0.0512388   1.96601  0.153782 -0.350304   2.00171  -1.45777
 0.416363 0.0512319   1.96601  0.153744 -0.350311   2.00173  -1.45778
 0.416379  0.051225   1.96602  0.153706 -0.350317   2.00175  -1.45779
 0.416396 0.0512182   1.96602  0.153668 -0.350324   2.00177  -1.45779
 0.416412 0.0512113   1.96602  0.153629  -0.35033   2.00179   -1.4578
 0.416429 0.0512045   1.96603  0.153591 -0.350337   2.00181  -1.45781
 0.416445 0.0511976   1.96603  0.153554 -0.350343   2.00183  -1.45781
 0.416461 0.0511908   1.96604  0.153516  -0.35035   2.00185  -1.45782
 0.416478 0.0511841   1.96604  0.153478 -0.350356   2.00187  -1.45783
 0.416494 0.0511773   1.96605   0.15344 -0.350363   2.00188  -1.45784
  0.41651 0.0511705   1.96605  0.153403 -0.350369    2.0019  -1.45784
 0.416526 0.0511638   1.96606  0.153365 -0.350376   2.00192  -1.45785
 0.416542 0.0511571   1.96606  0.153328 -0.350382   2.00194  -1.45786
 0.416559 0.0511504   1.96606   0.15329 -0.350389   2.00196  -1.45786
 0.416575 0.0511437   1.96607  0.153253 -0.350395   2.00198  -1.45787
 0.416591  0.051137   1.96607  0.153216 -0.350402     2.002  -1.45788
 0.416607 0.0511303   1.96608  0.153179 -0.350408   2.00202  -1.45789
 0.416623 0.0511237   1.96608  0.153142 -0.350415   2.00204  -1.45789
 0.416639 0.0511171   1.96609  0.153105 -0.350421   2.00206   -1.4579
 0.416654 0.0511105   1.96609  0.153068 -0.350427   2.00207  -1.45791
  0.41667 0.0511039    1.9661  0.153031 -0.350434   2.00209  -1.45791
 0.416686 0.0510973    1.9661  0.152995  -0.35044   2.00211  -1.45792
 0.416702 0.0510908    1.9661  0.152958 -0.350447   2.00213  -1.45793
 0.416718 0.0510842   1.96611  0.152921 -0.350453   2.00215  -1.45793
 0.416733 0.0510777   1.96611  0.152885  -0.35046   2.00217  -1.45794
 0.416749 0.0510712   1.96612  0.152849 -0.350466   2.00219  -1.45795
 0.416765 0.0510647   1.96612  0.152812 -0.350473    2.0022  -1.45795
  0.41678 0.0510582   1.96613  0.152776 -0.350479   2.00222  -1.45796
 0.416796 0.0510518   1.96613   0.15274 -0.350485   2.00224  -1.45797
 0.416811 0.0510453   1.96614  0.152704 -0.350492   2.00226  -1.45797
 0.416827 0.0510389   1.96614  0.152668 -0.350498   2.00228  -1.45798
 0.416842 0.0510325   1.96614  0.152632 -0.350505    2.0023  -1.45799
 0.416858 0.0510261   1.96615  0.152597 -0.350511   2.00231  -1.45799
 0.416873 0.0510197   1.96615  0.152561 -0.350518   2.00233    -1.458
 0.416888 0.0510133   1.96616  0.152525 -0.350524   2.00235  -1.45801
0.416904 0.051007  1.96616  0.15249 -0.35053  2.00237 -1.45801
 0.416919 0.0510007   1.96617  0.152454 -0.350537   2.00239  -1.45802
 0.416934 0.0509944   1.96617  0.152419 -0.350543    2.0024  -1.45803
  0.41695 0.0509881   1.96618  0.152384 -0.350549   2.00242  -1.45803
 0.416965 0.0509818   1.96618  0.152348 -0.350556   2.00244  -1.45804
  0.41698 0.0509755   1.96618  0.152313 -0.350562   2.00246  -1.45805
 0.416995 0.0509692   1.96619  0.152278 -0.350569   2.00248  -1.45805
  0.41701  0.050963   1.96619  0.152243 -0.350575   2.00249  -1.45806
 0.417025 0.0509568    1.9662  0.152208 -0.350581   2.00251  -1.45807
  0.41704 0.0509506    1.9662  0.152174 -0.350588   2.00253  -1.45807
 0.417055 0.0509444   1.96621  0.152139 -0.350594   2.00255  -1.45808
  0.41707 0.0509382   1.96621  0.152104   -0.3506   2.00256  -1.45809
 0.417085 0.0509321   1.96622   0.15207 -0.350607   2.00258  -1.45809
   0.4171 0.0509259   1.96622  0.152035 -0.350613    2.0026   -1.4581
 0.417115 0.0509198   1.96622  0.152001  -0.35062   2.00262  -1.45811
  0.41713 0.0509137   1.96623  0.151966 -0.350626   2.00264  -1.45811
 0.417144 0.0509076   1.96623  0.151932 -0.350632   2.00265  -1.45812
 0.417159 0.0509015   1.96624  0.151898 -0.350639   2.00267  -1.45813
 0.417174 0.0508954   1.96624  0.151864 -0.350645   2.00269  -1.45813
 0.417189 0.0508894   1.96625   0.15183 -0.350651    2.0027  -1.45814
 0.417203 0.0508833   1.96625  0.151796 -0.350658   2.00272  -1.45814
 0.417218 0.0508773   1.96625  0.151762 -0.350664   2.00274  -1.45815
 0.417233 0.0508713   1.96626  0.151728  -0.35067   2.00276  -1.45816
 0.417247 0.0508653   1.96626  0.151694 -0.350676   2.00277  -1.45816
 0.417262 0.0508593   1.96627  0.151661 -0.350683   2.00279  -1.45817
 0.417276 0.0508534   1.96627  0.151627 -0.350689   2.00281  -1.45818
 0.417291 0.0508474   1.96628  0.151594 -0.350695   2.00282  -1.45818
 0.417305 0.0508415   1.96628   0.15156 -0.350702   2.00284  -1.45819
 0.417319 0.0508356   1.96629  0.151527 -0.350708   2.00286   -1.4582
 0.417334 0.0508297   1.96629  0.151494 -0.350714   2.00288   -1.4582
 0.417348 0.0508238   1.96629   0.15146 -0.350721   2.00289  -1.45821
 0.417362 0.0508179    1.9663  0.151427 -0.350727   2.00291  -1.45821
 0.417377  0.050812    1.9663  0.151394 -0.350733   2.00293  -1.45822
 0.417391 0.0508062   1.96631  0.151361 -0.350739   2.00294  -1.45823
 0.417405 0.0508004   1.96631  0.151328 -0.350746   2.00296  -1.45823
 0.417419 0.0507946   1.96632  0.151295 -0.350752   2.00298  -1.45824
 0.417434 0.0507888   1.96632  0.151263 -0.350758   2.00299  -1.45825
 0.417448  0.050783   1.96633   0.15123 -0.350764   2.00301  -1.45825
 0.417462 0.0507772   1.96633  0.151197 -0.350771   2.00303  -1.45826
 0.417476 0.0507715   1.96633  0.151165 -0.350777   2.00304  -1.45826
  0.41749 0.0507657   1.96634  0.151132 -0.350783   2.00306  -1.45827
 0.417504   0.05076   1.96634    0.1511 -0.350789   2.00308  -1.45828
 0.417518 0.0507543   1.96635  0.151068 -0.350796   2.00309  -1.45828
 0.417532 0.0507486   1.96635  0.151036 -0.350802   2.00311  -1.45829
 0.417546 0.0507429   1.96636  0.151003 -0.350808   2.00313  -1.45829
 0.417559 0.0507372   1.96636  0.150971 -0.350814   2.00314   -1.4583
 0.417573 0.0507316   1.96637  0.150939 -0.350821   2.00316  -1.45831
 0.417587 0.0507259   1.96637  0.150907 -0.350827   2.00317  -1.45831
 0.417601 0.0507203   1.96637  0.150875 -0.350833   2.00319  -1.45832
 0.417615 0.0507147   1.96638  0.150844 -0.350839   2.00321  -1.45832
 0.417628 0.0507091   1.96638  0.150812 -0.350846   2.00322  -1.45833
 0.417642 0.0507035   1.96639   0.15078 -0.350852   2.00324  -1.45834
 0.417656 0.0506979   1.96639  0.150749 -0.350858   2.00325  -1.45834
 0.417669 0.0506924    1.9664  0.150717 -0.350864   2.00327  -1.45835
 0.417683 0.0506868    1.9664  0.150686  -0.35087   2.00329  -1.45835
 0.417696 0.0506813   1.96641  0.150654 -0.350877    2.0033  -1.45836
  0.41771 0.0506758   1.96641  0.150623 -0.350883   2.00332  -1.45837
 0.417724 0.0506703   1.96641  0.150592 -0.350889   2.00333  -1.45837
 0.417737 0.0506648   1.96642  0.150561 -0.350895   2.00335  -1.45838
  0.41775 0.0506593   1.96642   0.15053 -0.350901   2.00337  -1.45838
 0.417764 0.0506539   1.96643  0.150499 -0.350908   2.00338  -1.45839
 0.417777 0.0506484   1.96643  0.150468 -0.350914    2.0034  -1.45839
0.417791 0.050643  1.96644 0.150437 -0.35092  2.00341  -1.4584
 0.417804 0.0506376   1.96644  0.150406 -0.350926   2.00343  -1.45841
 0.417817 0.0506322   1.96645  0.150375 -0.350932   2.00344  -1.45841
  0.41783 0.0506268   1.96645  0.150344 -0.350938   2.00346  -1.45842
 0.417844 0.0506214   1.96645  0.150314 -0.350945   2.00348  -1.45842
 0.417857 0.0506161   1.96646  0.150283 -0.350951   2.00349  -1.45843
  0.41787 0.0506107   1.96646  0.150253 -0.350957   2.00351  -1.45844
 0.417883 0.0506054   1.96647  0.150222 -0.350963   2.00352  -1.45844
 0.417896 0.0506001   1.96647  0.150192 -0.350969   2.00354  -1.45845
 0.417909 0.0505947   1.96648  0.150162 -0.350975   2.00355  -1.45845
 0.417923 0.0505895   1.96648  0.150132 -0.350982   2.00357  -1.45846
 0.417936 0.0505842   1.96649  0.150102 -0.350988   2.00358  -1.45846
 0.417949 0.0505789   1.96649  0.150072 -0.350994    2.0036  -1.45847
 0.417962 0.0505737   1.96649  0.150042    -0.351   2.00361  -1.45848
 0.417974 0.0505684    1.9665  0.150012 -0.351006   2.00363  -1.45848
 0.417987 0.0505632    1.9665  0.149982 -0.351012   2.00365  -1.45849
    0.418  0.050558   1.96651  0.149952 -0.351018   2.00366  -1.45849
 0.418013 0.0505528   1.96651  0.149922 -0.351024   2.00368   -1.4585
 0.418026 0.0505476   1.96652  0.149893 -0.351031   2.00369   -1.4585
 0.418039 0.0505424   1.96652  0.149863 -0.351037   2.00371  -1.45851
 0.418052 0.0505372   1.96653  0.149834 -0.351043   2.00372  -1.45851
 0.418064 0.0505321   1.96653  0.149804 -0.351049   2.00374  -1.45852
 0.418077  0.050527   1.96653  0.149775 -0.351055   2.00375  -1.45853
  0.41809 0.0505218   1.96654  0.149745 -0.351061   2.00377  -1.45853
 0.418102 0.0505167   1.96654  0.149716 -0.351067   2.00378  -1.45854
 0.418115 0.0505116   1.96655  0.149687 -0.351073    2.0038  -1.45854
 0.418128 0.0505066   1.96655  0.149658 -0.351079   2.00381  -1.45855
  0.41814 0.0505015   1.96656  0.149629 -0.351086   2.00382  -1.45855
 0.418153 0.0504964   1.96656    0.1496 -0.351092   2.00384  -1.45856
 0.418165 0.0504914   1.96657  0.149571 -0.351098   2.00385  -1.45856
 0.418178 0.0504864   1.96657  0.149542 -0.351104   2.00387  -1.45857
  0.41819 0.0504813   1.96657  0.149513  -0.35111   2.00388  -1.45857
 0.418203 0.0504763   1.96658  0.149485 -0.351116    2.0039  -1.45858
 0.418215 0.0504713   1.96658  0.149456 -0.351122   2.00391  -1.45859
 0.418227 0.0504664   1.96659  0.149427 -0.351128   2.00393  -1.45859
  0.41824 0.0504614   1.96659  0.149399 -0.351134   2.00394   -1.4586
 0.418252 0.0504564    1.9666   0.14937  -0.35114   2.00396   -1.4586
 0.418264 0.0504515    1.9666  0.149342 -0.351146   2.00397  -1.45861
 0.418277 0.0504466   1.96661  0.149314 -0.351152   2.00399  -1.45861
 0.418289 0.0504417   1.96661  0.149285 -0.351158     2.004  -1.45862
 0.418301 0.0504368   1.96661  0.149257 -0.351164   2.00401  -1.45862
 0.418313 0.0504319   1.96662  0.149229  -0.35117   2.00403  -1.45863
 0.418326  0.050427   1.96662  0.149201 -0.351177   2.00404  -1.45863
 0.418338 0.0504221   1.96663  0.149173 -0.351183   2.00406  -1.45864
  0.41835 0.0504173   1.96663  0.149145 -0.351189   2.00407  -1.45864
 0.418362 0.0504124   1.96664  0.149117 -0.351195   2.00409  -1.45865
 0.418374 0.0504076   1.96664  0.149089 -0.351201    2.0041  -1.45866
 0.418386 0.0504028   1.96665  0.149061 -0.351207   2.00411  -1.45866
 0.418398  0.050398   1.96665  0.149034 -0.351213   2.00413  -1.45867
  0.41841 0.0503932   1.96665  0.149006 -0.351219   2.00414  -1.45867
 0.418422 0.0503884   1.96666  0.148978 -0.351225   2.00416  -1.45868
 0.418434 0.0503836   1.96666  0.148951 -0.351231   2.00417  -1.45868
 0.418446 0.0503789   1.96667  0.148923 -0.351237   2.00418  -1.45869
 0.418458 0.0503741   1.96667  0.148896 -0.351243    2.0042  -1.45869
 0.418469 0.0503694   1.96668  0.148869 -0.351249   2.00421   -1.4587
 0.418481 0.0503647   1.96668  0.148841 -0.351255   2.00423   -1.4587
 0.418493   0.05036   1.96669  0.148814 -0.351261   2.00424  -1.45871
 0.418505 0.0503553   1.96669  0.148787 -0.351267   2.00425  -1.45871
 0.418517 0.0503506   1.96669   0.14876 -0.351273   2.00427  -1.45872
 0.418528  0.050346    1.9667  0.148733 -0.351279   2.00428  -1.45872
  0.41854 0.0503413    1.9667  0.148706 -0.351285   2.00429  -1.45873
 0.418552 0.0503367   1.96671  0.148679 -0.351291   2.00431  -1.45873
 0.418563  0.050332   1.96671  0.148652 -0.351297   2.00432  -1.45874
 0.418575 0.0503274   1.96672  0.148626 -0.351303   2.00434  -1.45874
 0.418587 0.0503228   1.96672  0.148599 -0.351309   2.00435  -1.45875
 0.418598 0.0503182   1.96673  0.148572 -0.351315   2.00436  -1.45875
  0.41861 0.0503136   1.96673  0.148546 -0.351321   2.00438  -1.45876
 0.418621  0.050309   1.96673  0.148519 -0.351327   2.00439  -1.45876
 0.418633 0.0503045   1.96674  0.148493 -0.351333    2.0044  -1.45877
 0.418644 0.0502999   1.96674  0.148466 -0.351339   2.00442  -1.45877
 0.418656 0.0502954   1.96675   0.14844 -0.351345   2.00443  -1.45878
 0.418667 0.0502909   1.96675  0.148414 -0.351351   2.00444  -1.45878
 0.418678 0.0502863   1.96676  0.148387 -0.351357   2.00446  -1.45879
  0.41869 0.0502818   1.96676  0.148361 -0.351362   2.00447  -1.45879
 0.418701 0.0502774   1.96677  0.148335 -0.351368   2.00448   -1.4588
 0.418712 0.0502729   1.96677  0.148309 -0.351374    2.0045   -1.4588
 0.418724 0.0502684   1.96677  0.148283  -0.35138   2.00451  -1.45881
 0.418735 0.0502639   1.96678  0.148257 -0.351386   2.00452  -1.45881
 0.418746 0.0502595   1.96678  0.148231 -0.351392   2.00454  -1.45882
 0.418757 0.0502551   1.96679  0.148205 -0.351398   2.00455  -1.45882
 0.418768 0.0502506   1.96679   0.14818 -0.351404   2.00456  -1.45883
  0.41878 0.0502462    1.9668  0.148154  -0.35141   2.00458  -1.45883
 0.418791 0.0502418    1.9668  0.148128 -0.351416   2.00459  -1.45884
 0.418802 0.0502375   1.96681  0.148103 -0.351422    2.0046  -1.45884
 0.418813 0.0502331   1.96681  0.148077 -0.351428   2.00461  -1.45885
 0.418824 0.0502287   1.96681  0.148052 -0.351434   2.00463  -1.45885
 0.418835 0.0502244   1.96682  0.148026  -0.35144   2.00464  -1.45886
 0.418846   0.05022   1.96682  0.148001 -0.351446   2.00465  -1.45886
 0.418857 0.0502157   1.96683  0.147975 -0.351451   2.00467  -1.45887
 0.418868 0.0502114   1.96683   0.14795 -0.351457   2.00468  -1.45887
 0.418879 0.0502071   1.96684  0.147925 -0.351463   2.00469  -1.45888
  0.41889 0.0502028   1.96684    0.1479 -0.351469    2.0047  -1.45888
 0.418901 0.0501985   1.96685  0.147875 -0.351475   2.00472  -1.45889
 0.418912 0.0501942   1.96685   0.14785 -0.351481   2.00473  -1.45889
 0.418922 0.0501899   1.96685  0.147825 -0.351487   2.00474  -1.45889
 0.418933 0.0501857   1.96686    0.1478 -0.351493   2.00476   -1.4589
 0.418944 0.0501815   1.96686  0.147775 -0.351499   2.00477   -1.4589
 0.418955 0.0501772   1.96687   0.14775 -0.351505   2.00478  -1.45891
0.418966 0.050173  1.96687 0.147726 -0.35151  2.00479 -1.45891
 0.418976 0.0501688   1.96688  0.147701 -0.351516   2.00481  -1.45892
 0.418987 0.0501646   1.96688  0.147676 -0.351522   2.00482  -1.45892
 0.418998 0.0501604   1.96689  0.147652 -0.351528   2.00483  -1.45893
 0.419008 0.0501562   1.96689  0.147627 -0.351534   2.00484  -1.45893
 0.419019 0.0501521   1.96689  0.147603  -0.35154   2.00486  -1.45894
  0.41903 0.0501479    1.9669  0.147578 -0.351546   2.00487  -1.45894
  0.41904 0.0501438    1.9669  0.147554 -0.351552   2.00488  -1.45895
 0.419051 0.0501397   1.96691   0.14753 -0.351557   2.00489  -1.45895
 0.419061 0.0501355   1.96691  0.147505 -0.351563    2.0049  -1.45896
 0.419072 0.0501314   1.96692  0.147481 -0.351569   2.00492  -1.45896
 0.419082 0.0501273   1.96692  0.147457 -0.351575   2.00493  -1.45896
 0.419093 0.0501232   1.96693  0.147433 -0.351581   2.00494  -1.45897
 0.419103 0.0501192   1.96693  0.147409 -0.351587   2.00495  -1.45897
 0.419114 0.0501151   1.96693  0.147385 -0.351593   2.00497  -1.45898
 0.419124  0.050111   1.96694  0.147361 -0.351598   2.00498  -1.45898
 0.419134  0.050107   1.96694  0.147337 -0.351604   2.00499  -1.45899
0.419145 0.050103  1.96695 0.147313 -0.35161    2.005 -1.45899
 0.419155 0.0500989   1.96695   0.14729 -0.351616   2.00501    -1.459
 0.419165 0.0500949   1.96696  0.147266 -0.351622   2.00503    -1.459
 0.419176 0.0500909   1.96696  0.147242 -0.351628   2.00504  -1.45901
 0.419186 0.0500869   1.96697  0.147219 -0.351633   2.00505  -1.45901
 0.419196  0.050083   1.96697  0.147195 -0.351639   2.00506  -1.45901
 0.419206  0.050079   1.96697  0.147172 -0.351645   2.00507  -1.45902
 0.419217  0.050075   1.96698  0.147148 -0.351651   2.00509  -1.45902
 0.419227 0.0500711   1.96698  0.147125 -0.351657    2.0051  -1.45903
 0.419237 0.0500671   1.96699  0.147102 -0.351663   2.00511  -1.45903
 0.419247 0.0500632   1.96699  0.147078 -0.351668   2.00512  -1.45904
 0.419257 0.0500593     1.967  0.147055 -0.351674   2.00513  -1.45904
 0.419267 0.0500554     1.967  0.147032  -0.35168   2.00515  -1.45905
 0.419277 0.0500515   1.96701  0.147009 -0.351686   2.00516  -1.45905
 0.419287 0.0500476   1.96701  0.146986 -0.351692   2.00517  -1.45905
 0.419297 0.0500437   1.96701  0.146963 -0.351697   2.00518  -1.45906
 0.419307 0.0500399   1.96702   0.14694 -0.351703   2.00519  -1.45906
 0.419317  0.050036   1.96702  0.146917 -0.351709    2.0052  -1.45907
 0.419327 0.0500322   1.96703  0.146894 -0.351715   2.00522  -1.45907
 0.419337 0.0500283   1.96703  0.146871 -0.351721   2.00523  -1.45908
 0.419347 0.0500245   1.96704  0.146849 -0.351726   2.00524  -1.45908
 0.419357 0.0500207   1.96704  0.146826 -0.351732   2.00525  -1.45908
 0.419367 0.0500169   1.96705  0.146803 -0.351738   2.00526  -1.45909
 0.419377 0.0500131   1.96705  0.146781 -0.351744   2.00527  -1.45909
 0.419386 0.0500093   1.96706  0.146758  -0.35175   2.00528   -1.4591
 0.419396 0.0500055   1.96706  0.146736 -0.351755    2.0053   -1.4591
 0.419406 0.0500018   1.96706  0.146713 -0.351761   2.00531  -1.45911
 0.419416  0.049998   1.96707  0.146691 -0.351767   2.00532  -1.45911
 0.419426 0.0499943   1.96707  0.146668 -0.351773   2.00533  -1.45911
 0.419435 0.0499905   1.96708  0.146646 -0.351778   2.00534  -1.45912
 0.419445 0.0499868   1.96708  0.146624 -0.351784   2.00535  -1.45912
 0.419455 0.0499831   1.96709  0.146602  -0.35179   2.00536  -1.45913
 0.419464 0.0499794   1.96709   0.14658 -0.351796   2.00538  -1.45913
 0.419474 0.0499757    1.9671  0.146557 -0.351802   2.00539  -1.45914
 0.419483  0.049972    1.9671  0.146535 -0.351807    2.0054  -1.45914
 0.419493 0.0499683    1.9671  0.146513 -0.351813   2.00541  -1.45914
 0.419503 0.0499647   1.96711  0.146492 -0.351819   2.00542  -1.45915
 0.419512  0.049961   1.96711   0.14647 -0.351825   2.00543  -1.45915
 0.419522 0.0499574   1.96712  0.146448  -0.35183   2.00544  -1.45916
 0.419531 0.0499537   1.96712  0.146426 -0.351836   2.00545  -1.45916
 0.419541 0.0499501   1.96713  0.146404 -0.351842   2.00546  -1.45917
  0.41955 0.0499465   1.96713  0.146383 -0.351847   2.00548  -1.45917
  0.41956 0.0499429   1.96714  0.146361 -0.351853   2.00549  -1.45917
 0.419569 0.0499393   1.96714  0.146339 -0.351859    2.0055  -1.45918
 0.419578 0.0499357   1.96714  0.146318 -0.351865   2.00551  -1.45918
 0.419588 0.0499321   1.96715  0.146296  -0.35187   2.00552  -1.45919
 0.419597 0.0499285   1.96715  0.146275 -0.351876   2.00553  -1.45919
 0.419606  0.049925   1.96716  0.146253 -0.351882   2.00554  -1.45919
 0.419616 0.0499214   1.96716  0.146232 -0.351888   2.00555   -1.4592
 0.419625 0.0499179   1.96717  0.146211 -0.351893   2.00556   -1.4592
 0.419634 0.0499144   1.96717   0.14619 -0.351899   2.00557  -1.45921
 0.419644 0.0499108   1.96718  0.146168 -0.351905   2.00558  -1.45921
 0.419653 0.0499073   1.96718  0.146147  -0.35191    2.0056  -1.45921
 0.419662 0.0499038   1.96718  0.146126 -0.351916   2.00561  -1.45922
 0.419671 0.0499003   1.96719  0.146105 -0.351922   2.00562  -1.45922
  0.41968 0.0498969   1.96719  0.146084 -0.351928   2.00563  -1.45923
 0.419689 0.0498934    1.9672  0.146063 -0.351933   2.00564  -1.45923
 0.419699 0.0498899    1.9672  0.146042 -0.351939   2.00565  -1.45923
 0.419708 0.0498865   1.96721  0.146021 -0.351945   2.00566  -1.45924
0.419717 0.049883  1.96721    0.146 -0.35195  2.00567 -1.45924
 0.419726 0.0498796   1.96722   0.14598 -0.351956   2.00568  -1.45925
 0.419735 0.0498762   1.96722  0.145959 -0.351962   2.00569  -1.45925
 0.419744 0.0498727   1.96722  0.145938 -0.351968    2.0057  -1.45925
 0.419753 0.0498693   1.96723  0.145918 -0.351973   2.00571  -1.45926
 0.419762 0.0498659   1.96723  0.145897 -0.351979   2.00572  -1.45926
 0.419771 0.0498625   1.96724  0.145876 -0.351985   2.00573  -1.45927
  0.41978 0.0498592   1.96724  0.145856  -0.35199   2.00574  -1.45927
 0.419789 0.0498558   1.96725  0.145835 -0.351996   2.00575  -1.45927
 0.419798 0.0498524   1.96725  0.145815 -0.352002   2.00576  -1.45928
 0.419807 0.0498491   1.96726  0.145795 -0.352007   2.00577  -1.45928
 0.419815 0.0498457   1.96726  0.145774 -0.352013   2.00578  -1.45929
 0.419824 0.0498424   1.96727  0.145754 -0.352019    2.0058  -1.45929
 0.419833 0.0498391   1.96727  0.145734 -0.352024   2.00581  -1.45929
 0.419842 0.0498357   1.96727  0.145714  -0.35203   2.00582   -1.4593
 0.419851 0.0498324   1.96728  0.145694 -0.352036   2.00583   -1.4593
  0.41986 0.0498291   1.96728  0.145674 -0.352041   2.00584   -1.4593
 0.419868 0.0498258   1.96729  0.145653 -0.352047   2.00585  -1.45931
 0.419877 0.0498226   1.96729  0.145633 -0.352053   2.00586  -1.45931
 0.419886 0.0498193    1.9673  0.145614 -0.352058   2.00587  -1.45932
 0.419894  0.049816    1.9673  0.145594 -0.352064   2.00588  -1.45932
 0.419903 0.0498128   1.96731  0.145574  -0.35207   2.00589  -1.45932
 0.419912 0.0498095   1.96731  0.145554 -0.352075    2.0059  -1.45933
  0.41992 0.0498063   1.96731  0.145534 -0.352081   2.00591  -1.45933
 0.419929 0.0498031   1.96732  0.145514 -0.352087   2.00592  -1.45934
 0.419938 0.0497999   1.96732  0.145495 -0.352092   2.00593  -1.45934
 0.419946 0.0497966   1.96733  0.145475 -0.352098   2.00594  -1.45934
 0.419955 0.0497934   1.96733  0.145456 -0.352104   2.00595  -1.45935
 0.419963 0.0497902   1.96734  0.145436 -0.352109   2.00596  -1.45935
 0.419972 0.0497871   1.96734  0.145417 -0.352115   2.00597  -1.45935
  0.41998 0.0497839   1.96735  0.145397  -0.35212   2.00598  -1.45936
 0.419989 0.0497807   1.96735  0.145378 -0.352126   2.00599  -1.45936
 0.419997 0.0497776   1.96735  0.145358 -0.352132     2.006  -1.45936
 0.420006 0.0497744   1.96736  0.145339 -0.352137   2.00601  -1.45937
 0.420014 0.0497713   1.96736   0.14532 -0.352143   2.00602  -1.45937
 0.420023 0.0497681   1.96737    0.1453 -0.352149   2.00603  -1.45938
 0.420031  0.049765   1.96737  0.145281 -0.352154   2.00604  -1.45938
 0.420039 0.0497619   1.96738  0.145262  -0.35216   2.00605  -1.45938
 0.420048 0.0497588   1.96738  0.145243 -0.352165   2.00605  -1.45939
 0.420056 0.0497557   1.96739  0.145224 -0.352171   2.00606  -1.45939
 0.420064 0.0497526   1.96739  0.145205 -0.352177   2.00607  -1.45939
 0.420073 0.0497495   1.96739  0.145186 -0.352182   2.00608   -1.4594
 0.420081 0.0497465    1.9674  0.145167 -0.352188   2.00609   -1.4594
 0.420089 0.0497434    1.9674  0.145148 -0.352193    2.0061  -1.45941
 0.420098 0.0497403   1.96741  0.145129 -0.352199   2.00611  -1.45941
 0.420106 0.0497373   1.96741   0.14511 -0.352205   2.00612  -1.45941
 0.420114 0.0497343   1.96742  0.145092  -0.35221   2.00613  -1.45942
 0.420122 0.0497312   1.96742  0.145073 -0.352216   2.00614  -1.45942
  0.42013 0.0497282   1.96743  0.145054 -0.352221   2.00615  -1.45942
 0.420138 0.0497252   1.96743  0.145036 -0.352227   2.00616  -1.45943
 0.420147 0.0497222   1.96744  0.145017 -0.352233   2.00617  -1.45943
 0.420155 0.0497192   1.96744  0.144999 -0.352238   2.00618  -1.45943
 0.420163 0.0497162   1.96744   0.14498 -0.352244   2.00619  -1.45944
 0.420171 0.0497132   1.96745  0.144962 -0.352249    2.0062  -1.45944
 0.420179 0.0497103   1.96745  0.144943 -0.352255   2.00621  -1.45944
 0.420187 0.0497073   1.96746  0.144925 -0.352261   2.00622  -1.45945
 0.420195 0.0497043   1.96746  0.144906 -0.352266   2.00623  -1.45945
 0.420203 0.0497014   1.96747  0.144888 -0.352272   2.00624  -1.45946
 0.420211 0.0496985   1.96747   0.14487 -0.352277   2.00624  -1.45946
 0.420219 0.0496955   1.96748  0.144852 -0.352283   2.00625  -1.45946
 0.420227 0.0496926   1.96748  0.144833 -0.352289   2.00626  -1.45947
 0.420235 0.0496897   1.96748  0.144815 -0.352294   2.00627  -1.45947
 0.420243 0.0496868   1.96749  0.144797   -0.3523   2.00628  -1.45947
 0.420251 0.0496839   1.96749  0.144779 -0.352305   2.00629  -1.45948
 0.420259  0.049681    1.9675  0.144761 -0.352311    2.0063  -1.45948
 0.420267 0.0496781    1.9675  0.144743 -0.352316   2.00631  -1.45948
 0.420275 0.0496752   1.96751  0.144725 -0.352322   2.00632  -1.45949
 0.420282 0.0496724   1.96751  0.144707 -0.352327   2.00633  -1.45949
