 0.0276219 -0.0142344  0.0128123
  0.029069 -0.0142719  0.0122203
 0.0300679 -0.0139672  0.0114963
 0.0307773 -0.0134916  0.0107184
 0.0312968 -0.0129456 0.00993405
 0.0316892 -0.0123867 0.00917116
 0.0319944 -0.0118469 0.00844537
 0.0322382 -0.0113424 0.00776464
 0.0324373 -0.0108807 0.00713218
 0.0326029 -0.0104636 0.00654832
 0.0327425 -0.0100902 0.00601169
  0.0328616 -0.00975797  0.00551997
   0.032964 -0.00946352  0.00507036
  0.0330525 -0.00920334  0.00465988
  0.0331293 -0.00897389  0.00428551
  0.0331962 -0.00877182  0.00394433
  0.0332545 -0.00859405  0.00363357
  0.0333054 -0.00843775  0.00335062
  0.0333499 -0.00830038  0.00309306
  0.0333888 -0.00817969  0.00285866
  0.0334228 -0.00807367  0.00264537
  0.0334525 -0.00798054  0.00245131
  0.0334785 -0.00789874  0.00227476
  0.0335011 -0.00782688  0.00211415
  0.0335208 -0.00776375  0.00196805
  0.0335379 -0.00770829  0.00183515
  0.0335528 -0.00765954  0.00171426
 0.0335657 -0.0076167  0.0016043
  0.0335769 -0.00757904  0.00150429
  0.0335865 -0.00754592  0.00141332
  0.0335948 -0.00751679  0.00133058
  0.0336019 -0.00749115  0.00125533
  0.0336079 -0.00746859  0.00118689
  0.0336131 -0.00744872  0.00112464
  0.0336174 -0.00743121  0.00106803
   0.033621 -0.00741579  0.00101654
   0.033624 -0.00740218 0.000969715
  0.0336264 -0.00739018  0.00092713
  0.0336283 -0.00737957 0.000888402
  0.0336298 -0.00737021 0.000853183
   0.033631 -0.00736192 0.000821154
  0.0336318 -0.00735459 0.000792026
  0.0336323 -0.00734809 0.000765538
  0.0336325 -0.00734232 0.000741451
  0.0336326  -0.0073372 0.000719546
  0.0336324 -0.00733265 0.000699627
  0.0336321  -0.0073286 0.000681514
  0.0336316 -0.00732498 0.000665043
  0.0336309 -0.00732174 0.000650065
  0.0336302 -0.00731885 0.000636446
  0.0336294 -0.00731625 0.000624062
  0.0336284 -0.00731391 0.000612801
  0.0336274  -0.0073118 0.000602562
  0.0336263  -0.0073099 0.000593252
  0.0336252 -0.00730817 0.000584787
  0.033624 -0.0073066 0.00057709
  0.0336227 -0.00730517 0.000570092
  0.0336215 -0.00730386 0.000563729
  0.0336201 -0.00730265 0.000557944
  0.0336188 -0.00730155 0.000552684
  0.0336174 -0.00730052 0.000547902
   0.033616 -0.00729957 0.000543555
  0.0336146 -0.00729868 0.000539603
  0.0336132 -0.00729785  0.00053601
  0.0336118 -0.00729707 0.000532744
  0.0336103 -0.00729634 0.000529774
  0.0336089 -0.00729564 0.000527075
  0.0336074 -0.00729498 0.000524622
   0.033606 -0.00729436 0.000522392
  0.0336045 -0.00729375 0.000520366
   0.033603 -0.00729318 0.000518524
  0.0336016 -0.00729262 0.000516849
  0.0336001 -0.00729209 0.000515328
  0.0335986 -0.00729157 0.000513946
  0.0335971 -0.00729107  0.00051269
  0.0335957 -0.00729058 0.000511548
  0.0335942 -0.00729011 0.000510512
  0.0335927 -0.00728964  0.00050957
  0.0335913 -0.00728919 0.000508714
  0.0335898 -0.00728874 0.000507937
  0.0335884  -0.0072883 0.000507232
  0.0335869 -0.00728787 0.000506591
  0.0335855 -0.00728745  0.00050601
   0.033584 -0.00728703 0.000505482
  0.0335826 -0.00728662 0.000505003
  0.0335812 -0.00728621 0.000504568
  0.0335797 -0.00728581 0.000504174
  0.0335783 -0.00728541 0.000503816
  0.0335769 -0.00728502 0.000503492
  0.0335755 -0.00728463 0.000503198
  0.0335741 -0.00728425 0.000502932
  0.0335727 -0.00728386 0.000502691
  0.0335713 -0.00728348 0.000502473
  0.0335699 -0.00728311 0.000502275
  0.0335686 -0.00728273 0.000502097
  0.0335672 -0.00728236 0.000501935
  0.0335658 -0.00728199  0.00050179
  0.0335645 -0.00728162 0.000501658
  0.0335631 -0.00728126 0.000501539
  0.0335617  -0.0072809 0.000501432
  0.0335604 -0.00728054 0.000501336
  0.0335591 -0.00728018  0.00050125
  0.0335577 -0.00727982 0.000501172
  0.0335564 -0.00727947 0.000501103
  0.0335551 -0.00727912  0.00050104
  0.0335538 -0.00727877 0.000500985
  0.0335525 -0.00727842 0.000500935
  0.0335512 -0.00727807 0.000500891
  0.0335499 -0.00727773 0.000500852
  0.0335486 -0.00727738 0.000500818
  0.0335473 -0.00727704 0.000500788
   0.033546  -0.0072767 0.000500761
  0.0335448 -0.00727636 0.000500738
  0.0335435 -0.00727603 0.000500718
  0.0335422 -0.00727569 0.000500701
   0.033541 -0.00727536 0.000500687
  0.0335397 -0.00727502 0.000500675
  0.0335385 -0.00727469 0.000500665
  0.0335373 -0.00727436 0.000500657
   0.033536 -0.00727404  0.00050065
  0.0335348 -0.00727371 0.000500646
  0.0335336 -0.00727338 0.000500643
  0.0335324 -0.00727306 0.000500641
  0.0335312 -0.00727274  0.00050064
    0.03353 -0.00727242 0.000500641
  0.0335288  -0.0072721 0.000500643
  0.0335276 -0.00727178 0.000500645
  0.0335264 -0.00727147 0.000500649
  0.0335252 -0.00727115 0.000500653
  0.0335241 -0.00727084 0.000500658
  0.0335229 -0.00727052 0.000500663
  0.0335217 -0.00727021  0.00050067
  0.0335206  -0.0072699 0.000500676
  0.0335194  -0.0072696 0.000500683
  0.0335183 -0.00726929 0.000500691
  0.0335171 -0.00726898 0.000500699
   0.033516 -0.00726868 0.000500708
  0.0335149 -0.00726838 0.000500716
  0.0335138 -0.00726808 0.000500725
  0.0335126 -0.00726778 0.000500735
  0.0335115 -0.00726748 0.000500745
  0.0335104 -0.00726718 0.000500754
  0.0335093 -0.00726688 0.000500765
  0.0335082 -0.00726659 0.000500775
  0.0335071 -0.00726629 0.000500786
   0.033506   -0.007266 0.000500796
   0.033505 -0.00726571 0.000500807
  0.0335039 -0.00726542 0.000500818
  0.0335028 -0.00726513 0.000500829
  0.0335017 -0.00726484 0.000500841
  0.0335007 -0.00726456 0.000500852
  0.0334996 -0.00726427 0.000500864
  0.0334986 -0.00726399 0.000500875
  0.0334975 -0.00726371 0.000500887
  0.0334965 -0.00726343 0.000500899
  0.0334955 -0.00726315 0.000500911
  0.0334944 -0.00726287 0.000500923
  0.0334934 -0.00726259 0.000500935
  0.0334924 -0.00726231 0.000500947
  0.0334914 -0.00726204 0.000500959
  0.0334903 -0.00726176 0.000500971
  0.0334893 -0.00726149 0.000500984
  0.0334883 -0.00726122 0.000500996
  0.0334873 -0.00726095 0.000501009
  0.0334863 -0.00726068 0.000501021
  0.0334854 -0.00726041 0.000501034
  0.0334844 -0.00726014 0.000501046
  0.0334834 -0.00725988 0.000501059
  0.0334824 -0.00725961 0.000501071
  0.0334815 -0.00725935 0.000501084
  0.0334805 -0.00725909 0.000501097
  0.0334795 -0.00725883  0.00050111
  0.0334786 -0.00725857 0.000501122
  0.0334776 -0.00725831 0.000501135
  0.0334767 -0.00725805 0.000501148
  0.0334757 -0.00725779 0.000501161
  0.0334748 -0.00725754 0.000501174
  0.0334739 -0.00725728 0.000501187
  0.0334729 -0.00725703   0.0005012
   0.033472 -0.00725678 0.000501213
  0.0334711 -0.00725652 0.000501226
  0.0334702 -0.00725627 0.000501239
  0.0334693 -0.00725602 0.000501252
  0.0334684 -0.00725578 0.000501265
  0.0334675 -0.00725553 0.000501278
  0.0334666 -0.00725528 0.000501291
  0.0334657 -0.00725504 0.000501304
  0.0334648 -0.00725479 0.000501318
  0.0334639 -0.00725455 0.000501331
   0.033463 -0.00725431 0.000501344
  0.0334621 -0.00725407 0.000501357
  0.0334613 -0.00725383  0.00050137
  0.0334604 -0.00725359 0.000501384
  0.0334595 -0.00725335 0.000501397
  0.0334587 -0.00725312  0.00050141
  0.0334578 -0.00725288 0.000501424
  0.0334569 -0.00725264 0.000501437
  0.0334561 -0.00725241  0.00050145
  0.0334553 -0.00725218 0.000501464
  0.0334544 -0.00725195 0.000501477
  0.0334536 -0.00725172 0.000501491
  0.0334527 -0.00725149 0.000501504
  0.0334519 -0.00725126 0.000501517
  0.0334511 -0.00725103 0.000501531
  0.0334503  -0.0072508 0.000501544
  0.0334495 -0.00725058 0.000501558
  0.0334486 -0.00725035 0.000501571
  0.0334478 -0.00725013 0.000501585
   0.033447  -0.0072499 0.000501598
  0.0334462 -0.00724968 0.000501612
  0.0334454 -0.00724946 0.000501626
  0.0334446 -0.00724924 0.000501639
  0.0334438 -0.00724902 0.000501653
  0.0334431  -0.0072488 0.000501666
  0.0334423 -0.00724859  0.00050168
  0.0334415 -0.00724837 0.000501694
  0.0334407 -0.00724815 0.000501707
  0.0334399 -0.00724794 0.000501721
  0.0334392 -0.00724773 0.000501734
  0.0334384 -0.00724751 0.000501748
  0.0334377  -0.0072473 0.000501762
  0.0334369 -0.00724709 0.000501775
  0.0334361 -0.00724688 0.000501789
  0.0334354 -0.00724667 0.000501803
  0.0334346 -0.00724646 0.000501817
  0.0334339 -0.00724626  0.00050183
  0.0334332 -0.00724605 0.000501844
  0.0334324 -0.00724584 0.000501858
  0.0334317 -0.00724564 0.000501872
   0.033431 -0.00724544 0.000501885
  0.0334302 -0.00724523 0.000501899
  0.0334295 -0.00724503 0.000501913
  0.0334288 -0.00724483 0.000501927
  0.0334281 -0.00724463  0.00050194
  0.0334274 -0.00724443 0.000501954
  0.0334267 -0.00724423 0.000501968
   0.033426 -0.00724403 0.000501982
  0.0334253 -0.00724384 0.000501996
  0.0334246 -0.00724364 0.000502009
  0.0334239 -0.00724344 0.000502023
  0.0334232 -0.00724325 0.000502037
  0.0334225 -0.00724306 0.000502051
  0.0334218 -0.00724286 0.000502065
  0.0334211 -0.00724267 0.000502079
  0.0334204 -0.00724248 0.000502093
  0.0334198 -0.00724229 0.000502107
 0.0334191 -0.0072421 0.00050212
  0.0334184 -0.00724191 0.000502134
  0.0334178 -0.00724172 0.000502148
  0.0334171 -0.00724154 0.000502162
  0.0334164 -0.00724135 0.000502176
  0.0334158 -0.00724116  0.00050219
  0.0334151 -0.00724098 0.000502204
  0.0334145 -0.00724079 0.000502218
  0.0334138 -0.00724061 0.000502232
  0.0334132 -0.00724043 0.000502246
  0.0334126 -0.00724025 0.000502259
  0.0334119 -0.00724007 0.000502273
  0.0334113 -0.00723989 0.000502287
  0.0334107 -0.00723971 0.000502301
    0.03341 -0.00723953 0.000502315
  0.0334094 -0.00723935 0.000502329
  0.0334088 -0.00723917 0.000502343
  0.0334082   -0.007239 0.000502357
  0.0334075 -0.00723882 0.000502371
  0.0334069 -0.00723865 0.000502385
  0.0334063 -0.00723847 0.000502399
  0.0334057  -0.0072383 0.000502413
  0.0334051 -0.00723812 0.000502427
  0.0334045 -0.00723795 0.000502441
  0.0334039 -0.00723778 0.000502455
  0.0334033 -0.00723761 0.000502469
  0.0334027 -0.00723744 0.000502483
  0.0334021 -0.00723727 0.000502497
  0.0334015  -0.0072371 0.000502511
   0.033401 -0.00723694 0.000502525
  0.0334004 -0.00723677 0.000502539
  0.0333998  -0.0072366 0.000502553
  0.0333992 -0.00723644 0.000502567
  0.0333986 -0.00723627 0.000502581
  0.0333981 -0.00723611 0.000502595
  0.0333975 -0.00723594 0.000502609
  0.0333969 -0.00723578 0.000502623
  0.0333964 -0.00723562 0.000502636
  0.0333958 -0.00723546  0.00050265
  0.0333953  -0.0072353 0.000502664
  0.0333947 -0.00723514 0.000502678
  0.0333941 -0.00723498 0.000502692
  0.0333936 -0.00723482 0.000502706
  0.0333931 -0.00723466  0.00050272
  0.0333925  -0.0072345 0.000502734
   0.033392 -0.00723435 0.000502748
  0.0333914 -0.00723419 0.000502762
  0.0333909 -0.00723403 0.000502776
  0.0333904 -0.00723388  0.00050279
  0.0333898 -0.00723373 0.000502804
  0.0333893 -0.00723357 0.000502818
  0.0333888 -0.00723342 0.000502832
  0.0333882 -0.00723327 0.000502846
  0.0333877 -0.00723312  0.00050286
  0.0333872 -0.00723296 0.000502874
  0.0333867 -0.00723281 0.000502888
  0.0333862 -0.00723266 0.000502902
  0.0333857 -0.00723252 0.000502916
  0.0333852 -0.00723237  0.00050293
  0.0333847 -0.00723222 0.000502944
  0.0333841 -0.00723207 0.000502958
  0.0333836 -0.00723193 0.000502972
  0.0333831 -0.00723178 0.000502985
  0.0333826 -0.00723163 0.000502999
  0.0333822 -0.00723149 0.000503013
  0.0333817 -0.00723134 0.000503027
  0.0333812  -0.0072312 0.000503041
  0.0333807 -0.00723106 0.000503055
  0.0333802 -0.00723092 0.000503069
  0.0333797 -0.00723077 0.000503083
  0.0333792 -0.00723063 0.000503097
  0.0333788 -0.00723049 0.000503111
  0.0333783 -0.00723035 0.000503125
  0.0333778 -0.00723021 0.000503138
  0.0333773 -0.00723007 0.000503152
  0.0333769 -0.00722994 0.000503166
 0.0333764 -0.0072298 0.00050318
  0.0333759 -0.00722966 0.000503194
  0.0333755 -0.00722952 0.000503208
   0.033375 -0.00722939 0.000503222
  0.0333746 -0.00722925 0.000503236
  0.0333741 -0.00722912 0.000503249
  0.0333737 -0.00722898 0.000503263
  0.0333732 -0.00722885 0.000503277
  0.0333728 -0.00722872 0.000503291
  0.0333723 -0.00722859 0.000503305
  0.0333719 -0.00722845 0.000503319
  0.0333714 -0.00722832 0.000503332
   0.033371 -0.00722819 0.000503346
  0.0333705 -0.00722806  0.00050336
  0.0333701 -0.00722793 0.000503374
  0.0333697  -0.0072278 0.000503388
  0.0333692 -0.00722767 0.000503401
  0.0333688 -0.00722754 0.000503415
  0.0333684 -0.00722742 0.000503429
   0.033368 -0.00722729 0.000503443
  0.0333675 -0.00722716 0.000503456
  0.0333671 -0.00722704  0.00050347
  0.0333667 -0.00722691 0.000503484
  0.0333663 -0.00722679 0.000503498
  0.0333659 -0.00722666 0.000503511
  0.0333654 -0.00722654 0.000503525
   0.033365 -0.00722641 0.000503539
  0.0333646 -0.00722629 0.000503552
  0.0333642 -0.00722617 0.000503566
  0.0333638 -0.00722605  0.00050358
  0.0333634 -0.00722592 0.000503593
   0.033363  -0.0072258 0.000503607
  0.0333626 -0.00722568 0.000503621
  0.0333622 -0.00722556 0.000503634
  0.0333618 -0.00722544 0.000503648
  0.0333614 -0.00722533 0.000503662
   0.033361 -0.00722521 0.000503675
  0.0333606 -0.00722509 0.000503689
  0.0333602 -0.00722497 0.000503703
  0.0333599 -0.00722485 0.000503716
  0.0333595 -0.00722474  0.00050373
  0.0333591 -0.00722462 0.000503743
  0.0333587 -0.00722451 0.000503757
  0.0333583 -0.00722439 0.000503771
  0.0333579 -0.00722428 0.000503784
  0.0333576 -0.00722416 0.000503798
  0.0333572 -0.00722405 0.000503811
  0.0333568 -0.00722394 0.000503825
  0.0333565 -0.00722382 0.000503838
  0.0333561 -0.00722371 0.000503852
  0.0333557  -0.0072236 0.000503865
  0.0333554 -0.00722349 0.000503879
   0.033355 -0.00722338 0.000503892
  0.0333546 -0.00722327 0.000503906
  0.0333543 -0.00722316 0.000503919
  0.0333539 -0.00722305 0.000503933
  0.0333536 -0.00722294 0.000503946
  0.0333532 -0.00722283  0.00050396
  0.0333529 -0.00722272 0.000503973
  0.0333525 -0.00722261 0.000503986
  0.0333522 -0.00722251    0.000504
  0.0333518  -0.0072224 0.000504013
  0.0333515 -0.00722229 0.000504027
  0.0333511 -0.00722219  0.00050404
  0.0333508 -0.00722208 0.000504053
  0.0333504 -0.00722198 0.000504067
  0.0333501 -0.00722187  0.00050408
  0.0333498 -0.00722177 0.000504093
  0.0333494 -0.00722166 0.000504107
  0.0333491 -0.00722156  0.00050412
  0.0333488 -0.00722146 0.000504133
  0.0333484 -0.00722135 0.000504147
  0.0333481 -0.00722125  0.00050416
  0.0333478 -0.00722115 0.000504173
  0.0333474 -0.00722105 0.000504187
  0.0333471 -0.00722095   0.0005042
  0.0333468 -0.00722085 0.000504213
  0.0333465 -0.00722075 0.000504226
  0.0333461 -0.00722065 0.000504239
  0.0333458 -0.00722055 0.000504253
  0.0333455 -0.00722045 0.000504266
  0.0333452 -0.00722035 0.000504279
  0.0333449 -0.00722025 0.000504292
  0.0333446 -0.00722016 0.000504305
  0.0333443 -0.00722006 0.000504319
   0.033344 -0.00721996 0.000504332
  0.0333436 -0.00721987 0.000504345
  0.0333433 -0.00721977 0.000504358
   0.033343 -0.00721968 0.000504371
  0.0333427 -0.00721958 0.000504384
  0.0333424 -0.00721949 0.000504397
  0.0333421 -0.00721939  0.00050441
  0.0333418  -0.0072193 0.000504423
  0.0333415  -0.0072192 0.000504436
  0.0333412 -0.00721911 0.000504449
  0.0333409 -0.00721902 0.000504462
  0.0333406 -0.00721892 0.000504475
  0.0333404 -0.00721883 0.000504488
  0.0333401 -0.00721874 0.000504501
  0.0333398 -0.00721865 0.000504514
  0.0333395 -0.00721856 0.000504527
  0.0333392 -0.00721847  0.00050454
  0.0333389 -0.00721838 0.000504553
  0.0333386 -0.00721829 0.000504566
  0.0333384  -0.0072182 0.000504579
  0.0333381 -0.00721811 0.000504592
  0.0333378 -0.00721802 0.000504605
  0.0333375 -0.00721793 0.000504618
  0.0333372 -0.00721784 0.000504631
   0.033337 -0.00721776 0.000504643
  0.0333367 -0.00721767 0.000504656
  0.0333364 -0.00721758 0.000504669
  0.0333361 -0.00721749 0.000504682
  0.0333359 -0.00721741 0.000504695
  0.0333356 -0.00721732 0.000504707
  0.0333353 -0.00721724  0.00050472
  0.0333351 -0.00721715 0.000504733
  0.0333348 -0.00721707 0.000504746
  0.0333345 -0.00721698 0.000504758
  0.0333343  -0.0072169 0.000504771
   0.033334 -0.00721681 0.000504784
  0.0333338 -0.00721673 0.000504797
  0.0333335 -0.00721665 0.000504809
  0.0333333 -0.00721657 0.000504822
   0.033333 -0.00721648 0.000504835
  0.0333327  -0.0072164 0.000504847
  0.0333325 -0.00721632  0.00050486
  0.0333322 -0.00721624 0.000504872
   0.033332 -0.00721616 0.000504885
  0.0333317 -0.00721608 0.000504898
  0.0333315 -0.00721599  0.00050491
  0.0333312 -0.00721591 0.000504923
   0.033331 -0.00721583 0.000504935
  0.0333308 -0.00721576 0.000504948
  0.0333305 -0.00721568  0.00050496
  0.0333303  -0.0072156 0.000504973
    0.03333 -0.00721552 0.000504985
  0.0333298 -0.00721544 0.000504998
  0.0333295 -0.00721536  0.00050501
  0.0333293 -0.00721528 0.000505023
  0.0333291 -0.00721521 0.000505035
  0.0333288 -0.00721513 0.000505047
  0.0333286 -0.00721505  0.00050506
  0.0333284 -0.00721498 0.000505072
  0.0333281  -0.0072149 0.000505085
  0.0333279 -0.00721483 0.000505097
  0.0333277 -0.00721475 0.000505109
  0.0333274 -0.00721467 0.000505122
  0.0333272  -0.0072146 0.000505134
   0.033327 -0.00721453 0.000505146
  0.0333268 -0.00721445 0.000505159
  0.0333265 -0.00721438 0.000505171
  0.0333263  -0.0072143 0.000505183
  0.0333261 -0.00721423 0.000505195
  0.0333259 -0.00721416 0.000505208
  0.0333257 -0.00721408  0.00050522
  0.0333254 -0.00721401 0.000505232
  0.0333252 -0.00721394 0.000505244
   0.033325 -0.00721387 0.000505256
  0.0333248  -0.0072138 0.000505269
  0.0333246 -0.00721373 0.000505281
  0.0333244 -0.00721365 0.000505293
  0.0333242 -0.00721358 0.000505305
  0.0333239 -0.00721351 0.000505317
  0.0333237 -0.00721344 0.000505329
  0.0333235 -0.00721337 0.000505341
  0.0333233  -0.0072133 0.000505353
  0.0333231 -0.00721323 0.000505365
  0.0333229 -0.00721317 0.000505377
  0.0333227  -0.0072131 0.000505389
  0.0333225 -0.00721303 0.000505401
  0.0333223 -0.00721296 0.000505413
  0.0333221 -0.00721289 0.000505425
  0.0333219 -0.00721282 0.000505437
  0.0333217 -0.00721276 0.000505449
  0.0333215 -0.00721269 0.000505461
  0.0333213 -0.00721262 0.000505473
  0.0333211 -0.00721256 0.000505485
  0.0333209 -0.00721249 0.000505497
  0.0333207 -0.00721242 0.000505509
  0.0333205 -0.00721236 0.000505521
  0.0333203 -0.00721229 0.000505532
  0.0333201 -0.00721223 0.000505544
  0.0333199 -0.00721216 0.000505556
  0.0333197  -0.0072121 0.000505568
  0.0333196 -0.00721203  0.00050558
  0.0333194 -0.00721197 0.000505591
  0.0333192 -0.00721191 0.000505603
   0.033319 -0.00721184 0.000505615
  0.0333188 -0.00721178 0.000505627
  0.0333186 -0.00721172 0.000505638
  0.0333184 -0.00721165  0.00050565
  0.0333183 -0.00721159 0.000505662
  0.0333181 -0.00721153 0.000505673
  0.0333179 -0.00721147 0.000505685
  0.0333177  -0.0072114 0.000505697
  0.0333175 -0.00721134 0.000505708
  0.0333174 -0.00721128  0.00050572
  0.0333172 -0.00721122 0.000505731
   0.033317 -0.00721116 0.000505743
  0.0333168  -0.0072111 0.000505755
  0.0333167 -0.00721104 0.000505766
  0.0333165 -0.00721098 0.000505778
  0.0333163 -0.00721092 0.000505789
  0.0333161 -0.00721086 0.000505801
   0.033316  -0.0072108 0.000505812
  0.0333158 -0.00721074 0.000505824
  0.0333156 -0.00721068 0.000505835
  0.0333155 -0.00721062 0.000505846
  0.0333153 -0.00721056 0.000505858
  0.0333151  -0.0072105 0.000505869
   0.033315 -0.00721045 0.000505881
  0.0333148 -0.00721039 0.000505892
  0.0333146 -0.00721033 0.000505903
  0.0333145 -0.00721027 0.000505915
  0.0333143 -0.00721022 0.000505926
  0.0333141 -0.00721016 0.000505937
   0.033314  -0.0072101 0.000505949
  0.0333138 -0.00721005  0.00050596
  0.0333137 -0.00720999 0.000505971
  0.0333135 -0.00720993 0.000505982
  0.0333133 -0.00720988 0.000505994
  0.0333132 -0.00720982 0.000506005
   0.033313 -0.00720977 0.000506016
  0.0333129 -0.00720971 0.000506027
  0.0333127 -0.00720966 0.000506038
  0.0333126  -0.0072096 0.000506049
  0.0333124 -0.00720955 0.000506061
  0.0333123 -0.00720949 0.000506072
  0.0333121 -0.00720944 0.000506083
  0.0333119 -0.00720938 0.000506094
  0.0333118 -0.00720933 0.000506105
  0.0333116 -0.00720928 0.000506116
  0.0333115 -0.00720922 0.000506127
  0.0333114 -0.00720917 0.000506138
  0.0333112 -0.00720912 0.000506149
  0.0333111 -0.00720907  0.00050616
  0.0333109 -0.00720901 0.000506171
  0.0333108 -0.00720896 0.000506182
  0.0333106 -0.00720891 0.000506193
  0.0333105 -0.00720886 0.000506204
  0.0333103 -0.00720881 0.000506215
  0.0333102 -0.00720875 0.000506226
  0.0333101  -0.0072087 0.000506237
  0.0333099 -0.00720865 0.000506248
  0.0333098  -0.0072086 0.000506258
  0.0333096 -0.00720855 0.000506269
 0.0333095 -0.0072085 0.00050628
  0.0333094 -0.00720845 0.000506291
  0.0333092  -0.0072084 0.000506302
  0.0333091 -0.00720835 0.000506312
  0.0333089  -0.0072083 0.000506323
  0.0333088 -0.00720825 0.000506334
  0.0333087  -0.0072082 0.000506345
  0.0333085 -0.00720815 0.000506355
  0.0333084  -0.0072081 0.000506366
  0.0333083 -0.00720806 0.000506377
  0.0333081 -0.00720801 0.000506387
   0.033308 -0.00720796 0.000506398
  0.0333079 -0.00720791 0.000506409
  0.0333078 -0.00720786 0.000506419
  0.0333076 -0.00720782  0.00050643
  0.0333075 -0.00720777 0.000506441
  0.0333074 -0.00720772 0.000506451
  0.0333072 -0.00720767 0.000506462
  0.0333071 -0.00720763 0.000506472
   0.033307 -0.00720758 0.000506483
  0.0333069 -0.00720753 0.000506493
  0.0333067 -0.00720749 0.000506504
  0.0333066 -0.00720744 0.000506514
  0.0333065  -0.0072074 0.000506525
  0.0333064 -0.00720735 0.000506535
  0.0333062  -0.0072073 0.000506546
  0.0333061 -0.00720726 0.000506556
   0.033306 -0.00720721 0.000506566
  0.0333059 -0.00720717 0.000506577
  0.0333058 -0.00720712 0.000506587
  0.0333056 -0.00720708 0.000506597
  0.0333055 -0.00720703 0.000506608
  0.0333054 -0.00720699 0.000506618
  0.0333053 -0.00720695 0.000506628
  0.0333052  -0.0072069 0.000506639
  0.0333051 -0.00720686 0.000506649
  0.0333049 -0.00720681 0.000506659
  0.0333048 -0.00720677 0.000506669
  0.0333047 -0.00720673  0.00050668
  0.0333046 -0.00720668  0.00050669
  0.0333045 -0.00720664   0.0005067
 0.0333044 -0.0072066 0.00050671
  0.0333043 -0.00720655  0.00050672
  0.0333041 -0.00720651 0.000506731
   0.033304 -0.00720647 0.000506741
  0.0333039 -0.00720643 0.000506751
  0.0333038 -0.00720639 0.000506761
  0.0333037 -0.00720634 0.000506771
  0.0333036  -0.0072063 0.000506781
  0.0333035 -0.00720626 0.000506791
  0.0333034 -0.00720622 0.000506801
  0.0333033 -0.00720618 0.000506811
  0.0333032 -0.00720614 0.000506821
  0.0333031  -0.0072061 0.000506831
  0.0333029 -0.00720606 0.000506841
  0.0333028 -0.00720601 0.000506851
  0.0333027 -0.00720597 0.000506861
  0.0333026 -0.00720593 0.000506871
  0.0333025 -0.00720589 0.000506881
  0.0333024 -0.00720585 0.000506891
  0.0333023 -0.00720581 0.000506901
  0.0333022 -0.00720577 0.000506911
  0.0333021 -0.00720573  0.00050692
  0.033302 -0.0072057 0.00050693
  0.0333019 -0.00720566  0.00050694
  0.0333018 -0.00720562  0.00050695
  0.0333017 -0.00720558  0.00050696
  0.0333016 -0.00720554 0.000506969
  0.0333015  -0.0072055 0.000506979
  0.0333014 -0.00720546 0.000506989
  0.0333013 -0.00720542 0.000506999
  0.0333012 -0.00720539 0.000507008
  0.0333011 -0.00720535 0.000507018
   0.033301 -0.00720531 0.000507028
  0.0333009 -0.00720527 0.000507037
  0.0333009 -0.00720523 0.000507047
  0.0333008  -0.0072052 0.000507057
  0.0333007 -0.00720516 0.000507066
  0.0333006 -0.00720512 0.000507076
  0.0333005 -0.00720509 0.000507085
  0.0333004 -0.00720505 0.000507095
  0.0333003 -0.00720501 0.000507105
  0.0333002 -0.00720498 0.000507114
  0.0333001 -0.00720494 0.000507124
     0.0333  -0.0072049 0.000507133
  0.0332999 -0.00720487 0.000507143
  0.0332998 -0.00720483 0.000507152
  0.0332998  -0.0072048 0.000507162
  0.0332997 -0.00720476 0.000507171
  0.0332996 -0.00720472  0.00050718
  0.0332995 -0.00720469  0.00050719
  0.0332994 -0.00720465 0.000507199
  0.0332993 -0.00720462 0.000507209
  0.0332992 -0.00720458 0.000507218
  0.0332991 -0.00720455 0.000507227
  0.0332991 -0.00720451 0.000507237
   0.033299 -0.00720448 0.000507246
  0.0332989 -0.00720444 0.000507255
  0.0332988 -0.00720441 0.000507265
  0.0332987 -0.00720438 0.000507274
  0.0332986 -0.00720434 0.000507283
  0.0332986 -0.00720431 0.000507292
  0.0332985 -0.00720427 0.000507302
  0.0332984 -0.00720424 0.000507311
  0.0332983 -0.00720421  0.00050732
  0.0332982 -0.00720417 0.000507329
  0.0332981 -0.00720414 0.000507338
  0.0332981 -0.00720411 0.000507348
   0.033298 -0.00720407 0.000507357
  0.0332979 -0.00720404 0.000507366
  0.0332978 -0.00720401 0.000507375
  0.0332977 -0.00720397 0.000507384
  0.0332977 -0.00720394 0.000507393
  0.0332976 -0.00720391 0.000507402
  0.0332975 -0.00720388 0.000507411
  0.0332974 -0.00720384  0.00050742
  0.0332974 -0.00720381 0.000507429
  0.0332973 -0.00720378 0.000507438
  0.0332972 -0.00720375 0.000507447
  0.0332971 -0.00720372 0.000507456
  0.0332971 -0.00720369 0.000507465
   0.033297 -0.00720365 0.000507474
  0.0332969 -0.00720362 0.000507483
  0.0332968 -0.00720359 0.000507492
  0.0332968 -0.00720356 0.000507501
  0.0332967 -0.00720353  0.00050751
  0.0332966  -0.0072035 0.000507519
  0.0332965 -0.00720347 0.000507527
  0.0332965 -0.00720344 0.000507536
  0.0332964 -0.00720341 0.000507545
  0.0332963 -0.00720338 0.000507554
  0.0332963 -0.00720335 0.000507563
  0.0332962 -0.00720331 0.000507571
  0.0332961 -0.00720328  0.00050758
   0.033296 -0.00720325 0.000507589
   0.033296 -0.00720323 0.000507598
  0.0332959  -0.0072032 0.000507606
  0.0332958 -0.00720317 0.000507615
  0.0332958 -0.00720314 0.000507624
  0.0332957 -0.00720311 0.000507632
  0.0332956 -0.00720308 0.000507641
  0.0332956 -0.00720305  0.00050765
  0.0332955 -0.00720302 0.000507658
  0.0332954 -0.00720299 0.000507667
  0.0332954 -0.00720296 0.000507676
  0.0332953 -0.00720293 0.000507684
  0.0332952  -0.0072029 0.000507693
  0.0332952 -0.00720288 0.000507701
  0.0332951 -0.00720285  0.00050771
   0.033295 -0.00720282 0.000507718
   0.033295 -0.00720279 0.000507727
  0.0332949 -0.00720276 0.000507735
  0.0332948 -0.00720273 0.000507744
  0.0332948 -0.00720271 0.000507752
  0.0332947 -0.00720268 0.000507761
  0.0332947 -0.00720265 0.000507769
  0.0332946 -0.00720262 0.000507778
  0.0332945  -0.0072026 0.000507786
  0.0332945 -0.00720257 0.000507794
  0.0332944 -0.00720254 0.000507803
  0.0332943 -0.00720251 0.000507811
  0.0332943 -0.00720249 0.000507819
  0.0332942 -0.00720246 0.000507828
  0.0332942 -0.00720243 0.000507836
  0.0332941 -0.00720241 0.000507844
   0.033294 -0.00720238 0.000507853
   0.033294 -0.00720235 0.000507861
  0.0332939 -0.00720233 0.000507869
  0.0332939  -0.0072023 0.000507877
  0.0332938 -0.00720227 0.000507886
  0.0332938 -0.00720225 0.000507894
  0.0332937 -0.00720222 0.000507902
 0.0332936 -0.0072022 0.00050791
  0.0332936 -0.00720217 0.000507918
  0.0332935 -0.00720214 0.000507927
  0.0332935 -0.00720212 0.000507935
  0.0332934 -0.00720209 0.000507943
  0.0332934 -0.00720207 0.000507951
  0.0332933 -0.00720204 0.000507959
  0.0332933 -0.00720202 0.000507967
  0.0332932 -0.00720199 0.000507975
  0.0332931 -0.00720197 0.000507983
  0.0332931 -0.00720194 0.000507991
   0.033293 -0.00720192 0.000507999
   0.033293 -0.00720189 0.000508007
  0.0332929 -0.00720187 0.000508015
  0.0332929 -0.00720184 0.000508023
  0.0332928 -0.00720182 0.000508031
  0.0332928 -0.00720179 0.000508039
  0.0332927 -0.00720177 0.000508047
  0.0332927 -0.00720174 0.000508055
  0.0332926 -0.00720172 0.000508063
  0.0332926  -0.0072017 0.000508071
  0.0332925 -0.00720167 0.000508079
  0.0332925 -0.00720165 0.000508087
  0.0332924 -0.00720162 0.000508094
  0.0332924  -0.0072016 0.000508102
  0.0332923 -0.00720158  0.00050811
  0.0332923 -0.00720155 0.000508118
  0.0332922 -0.00720153 0.000508126
  0.0332922 -0.00720151 0.000508133
  0.0332921 -0.00720148 0.000508141
  0.0332921 -0.00720146 0.000508149
   0.033292 -0.00720144 0.000508157
   0.033292 -0.00720141 0.000508164
  0.0332919 -0.00720139 0.000508172
  0.0332919 -0.00720137  0.00050818
  0.0332918 -0.00720134 0.000508188
  0.0332918 -0.00720132 0.000508195
  0.0332917  -0.0072013 0.000508203
  0.0332917 -0.00720128 0.000508211
  0.0332916 -0.00720125 0.000508218
  0.0332916 -0.00720123 0.000508226
  0.0332915 -0.00720121 0.000508233
  0.0332915 -0.00720119 0.000508241
  0.0332915 -0.00720116 0.000508249
  0.0332914 -0.00720114 0.000508256
  0.0332914 -0.00720112 0.000508264
  0.0332913  -0.0072011 0.000508271
  0.0332913 -0.00720108 0.000508279
  0.0332912 -0.00720106 0.000508286
  0.0332912 -0.00720103 0.000508294
  0.0332911 -0.00720101 0.000508301
  0.0332911 -0.00720099 0.000508309
  0.0332911 -0.00720097 0.000508316
   0.033291 -0.00720095 0.000508324
   0.033291 -0.00720093 0.000508331
  0.0332909 -0.00720091 0.000508338
  0.0332909 -0.00720088 0.000508346
  0.0332908 -0.00720086 0.000508353
  0.0332908 -0.00720084  0.00050836
  0.0332908 -0.00720082 0.000508368
  0.0332907  -0.0072008 0.000508375
  0.0332907 -0.00720078 0.000508383
  0.0332906 -0.00720076  0.00050839
  0.0332906 -0.00720074 0.000508397
  0.0332906 -0.00720072 0.000508404
  0.0332905  -0.0072007 0.000508412
  0.0332905 -0.00720068 0.000508419
  0.0332904 -0.00720066 0.000508426
  0.0332904 -0.00720064 0.000508433
  0.0332904 -0.00720062 0.000508441
  0.0332903  -0.0072006 0.000508448
  0.0332903 -0.00720058 0.000508455
  0.0332902 -0.00720056 0.000508462
  0.0332902 -0.00720054 0.000508469
  0.0332902 -0.00720052 0.000508477
  0.0332901  -0.0072005 0.000508484
  0.0332901 -0.00720048 0.000508491
    0.03329 -0.00720046 0.000508498
    0.03329 -0.00720044 0.000508505
    0.03329 -0.00720042 0.000508512
  0.0332899  -0.0072004 0.000508519
  0.0332899 -0.00720038 0.000508526
  0.0332899 -0.00720036 0.000508533
  0.0332898 -0.00720034  0.00050854
  0.0332898 -0.00720032 0.000508547
  0.0332898  -0.0072003 0.000508554
  0.0332897 -0.00720028 0.000508561
  0.0332897 -0.00720027 0.000508568
  0.0332896 -0.00720025 0.000508575
  0.0332896 -0.00720023 0.000508582
  0.0332896 -0.00720021 0.000508589
  0.0332895 -0.00720019 0.000508596
  0.0332895 -0.00720017 0.000508603
  0.0332895 -0.00720015  0.00050861
  0.0332894 -0.00720014 0.000508617
  0.0332894 -0.00720012 0.000508624
  0.0332894  -0.0072001 0.000508631
  0.0332893 -0.00720008 0.000508637
  0.0332893 -0.00720006 0.000508644
  0.0332893 -0.00720004 0.000508651
  0.0332892 -0.00720003 0.000508658
  0.0332892 -0.00720001 0.000508665
  0.0332892 -0.00719999 0.000508671
  0.0332891 -0.00719997 0.000508678
  0.0332891 -0.00719996 0.000508685
  0.0332891 -0.00719994 0.000508692
   0.033289 -0.00719992 0.000508698
   0.033289  -0.0071999 0.000508705
   0.033289 -0.00719988 0.000508712
  0.0332889 -0.00719987 0.000508719
  0.0332889 -0.00719985 0.000508725
  0.0332889 -0.00719983 0.000508732
  0.0332889 -0.00719982 0.000508739
  0.0332888  -0.0071998 0.000508745
  0.0332888 -0.00719978 0.000508752
  0.0332888 -0.00719976 0.000508758
  0.0332887 -0.00719975 0.000508765
  0.0332887 -0.00719973 0.000508772
  0.0332887 -0.00719971 0.000508778
  0.0332886  -0.0071997 0.000508785
  0.0332886 -0.00719968 0.000508791
  0.0332886 -0.00719966 0.000508798
  0.0332885 -0.00719965 0.000508804
  0.0332885 -0.00719963 0.000508811
  0.0332885 -0.00719961 0.000508817
  0.0332885  -0.0071996 0.000508824
  0.0332884 -0.00719958  0.00050883
  0.0332884 -0.00719956 0.000508837
  0.0332884 -0.00719955 0.000508843
  0.0332883 -0.00719953  0.00050885
  0.0332883 -0.00719952 0.000508856
  0.0332883  -0.0071995 0.000508863
  0.0332883 -0.00719948 0.000508869
  0.0332882 -0.00719947 0.000508875
  0.0332882 -0.00719945 0.000508882
  0.0332882 -0.00719944 0.000508888
  0.0332882 -0.00719942 0.000508895
  0.0332881  -0.0071994 0.000508901
  0.0332881 -0.00719939 0.000508907
  0.0332881 -0.00719937 0.000508914
   0.033288 -0.00719936  0.00050892
   0.033288 -0.00719934 0.000508926
   0.033288 -0.00719933 0.000508932
   0.033288 -0.00719931 0.000508939
  0.0332879 -0.00719929 0.000508945
  0.0332879 -0.00719928 0.000508951
  0.0332879 -0.00719926 0.000508957
  0.0332879 -0.00719925 0.000508964
  0.0332878 -0.00719923  0.00050897
  0.0332878 -0.00719922 0.000508976
  0.0332878  -0.0071992 0.000508982
  0.0332878 -0.00719919 0.000508988
  0.0332877 -0.00719917 0.000508995
  0.0332877 -0.00719916 0.000509001
  0.0332877 -0.00719914 0.000509007
  0.0332877 -0.00719913 0.000509013
  0.0332876 -0.00719911 0.000509019
  0.0332876  -0.0071991 0.000509025
  0.0332876 -0.00719908 0.000509031
  0.0332876 -0.00719907 0.000509037
  0.0332875 -0.00719906 0.000509043
  0.0332875 -0.00719904 0.000509049
  0.0332875 -0.00719903 0.000509056
  0.0332875 -0.00719901 0.000509062
  0.0332875   -0.007199 0.000509068
  0.0332874 -0.00719898 0.000509074
  0.0332874 -0.00719897  0.00050908
  0.0332874 -0.00719896 0.000509086
  0.0332874 -0.00719894 0.000509092
  0.0332873 -0.00719893 0.000509097
  0.0332873 -0.00719891 0.000509103
  0.0332873  -0.0071989 0.000509109
  0.0332873 -0.00719888 0.000509115
  0.0332873 -0.00719887 0.000509121
  0.0332872 -0.00719886 0.000509127
  0.0332872 -0.00719884 0.000509133
  0.0332872 -0.00719883 0.000509139
  0.0332872 -0.00719882 0.000509145
  0.0332871  -0.0071988 0.000509151
  0.0332871 -0.00719879 0.000509156
  0.0332871 -0.00719877 0.000509162
  0.0332871 -0.00719876 0.000509168
  0.0332871 -0.00719875 0.000509174
   0.033287 -0.00719873  0.00050918
   0.033287 -0.00719872 0.000509185
   0.033287 -0.00719871 0.000509191
   0.033287 -0.00719869 0.000509197
   0.033287 -0.00719868 0.000509203
  0.0332869 -0.00719867 0.000509209
  0.0332869 -0.00719865 0.000509214
  0.0332869 -0.00719864  0.00050922
  0.0332869 -0.00719863 0.000509226
  0.0332869 -0.00719862 0.000509231
  0.0332868  -0.0071986 0.000509237
  0.0332868 -0.00719859 0.000509243
  0.0332868 -0.00719858 0.000509248
  0.0332868 -0.00719856 0.000509254
  0.0332868 -0.00719855  0.00050926
  0.0332867 -0.00719854 0.000509265
  0.0332867 -0.00719853 0.000509271
  0.0332867 -0.00719851 0.000509277
  0.0332867  -0.0071985 0.000509282
  0.0332867 -0.00719849 0.000509288
  0.0332866 -0.00719848 0.000509293
  0.0332866 -0.00719846 0.000509299
  0.0332866 -0.00719845 0.000509304
  0.0332866 -0.00719844  0.00050931
  0.0332866 -0.00719843 0.000509315
  0.0332866 -0.00719841 0.000509321
  0.0332865  -0.0071984 0.000509326
  0.0332865 -0.00719839 0.000509332
  0.0332865 -0.00719838 0.000509337
  0.0332865 -0.00719836 0.000509343
  0.0332865 -0.00719835 0.000509348
  0.0332865 -0.00719834 0.000509354
  0.0332864 -0.00719833 0.000509359
  0.0332864 -0.00719832 0.000509365
 0.0332864 -0.0071983 0.00050937
  0.0332864 -0.00719829 0.000509376
  0.0332864 -0.00719828 0.000509381
  0.0332863 -0.00719827 0.000509386
  0.0332863 -0.00719826 0.000509392
  0.0332863 -0.00719824 0.000509397
  0.0332863 -0.00719823 0.000509402
  0.0332863 -0.00719822 0.000509408
  0.0332863 -0.00719821 0.000509413
  0.0332863  -0.0071982 0.000509418
  0.0332862 -0.00719819 0.000509424
  0.0332862 -0.00719818 0.000509429
  0.0332862 -0.00719816 0.000509434
  0.0332862 -0.00719815  0.00050944
  0.0332862 -0.00719814 0.000509445
  0.0332862 -0.00719813  0.00050945
  0.0332861 -0.00719812 0.000509455
  0.0332861 -0.00719811 0.000509461
  0.0332861  -0.0071981 0.000509466
  0.0332861 -0.00719808 0.000509471
  0.0332861 -0.00719807 0.000509476
  0.0332861 -0.00719806 0.000509481
  0.0332861 -0.00719805 0.000509487
   0.033286 -0.00719804 0.000509492
   0.033286 -0.00719803 0.000509497
   0.033286 -0.00719802 0.000509502
   0.033286 -0.00719801 0.000509507
   0.033286   -0.007198 0.000509512
   0.033286 -0.00719799 0.000509517
  0.0332859 -0.00719797 0.000509523
  0.0332859 -0.00719796 0.000509528
  0.0332859 -0.00719795 0.000509533
  0.0332859 -0.00719794 0.000509538
  0.0332859 -0.00719793 0.000509543
  0.0332859 -0.00719792 0.000509548
  0.0332859 -0.00719791 0.000509553
  0.0332859  -0.0071979 0.000509558
  0.0332858 -0.00719789 0.000509563
  0.0332858 -0.00719788 0.000509568
  0.0332858 -0.00719787 0.000509573
  0.0332858 -0.00719786 0.000509578
  0.0332858 -0.00719785 0.000509583
