 0.127674 0.0417956 0.0125123
 0.140881 0.0209648 0.0101429
  0.148581 0.00775112 0.00899035
   0.152871 -0.00093413  0.00850411
   0.155097 -0.00684349  0.00838592
  0.156092 -0.0110033 0.00846828
  0.156369 -0.0140296 0.00865511
  0.156235 -0.0163006 0.00889083
  0.155877 -0.0180523 0.00914342
  0.155404 -0.0194356 0.00939477
  0.154881 -0.0205491 0.00963501
  0.154343 -0.0214584 0.00985912
  0.153812 -0.0222092   0.010065
  0.153298 -0.0228336  0.0102522
  0.152805 -0.0233554  0.0104211
  0.152337 -0.0237925  0.0105728
  0.151892 -0.0241588  0.0107083
   0.15147 -0.0244655  0.0108291
  0.151069 -0.0247216  0.0109363
  0.150688 -0.0249346  0.0110313
  0.150324 -0.0251109  0.0111152
  0.149978 -0.0252556   0.011189
  0.149646 -0.0253732  0.0112538
  0.149329 -0.0254678  0.0113105
  0.149023 -0.0255424  0.0113598
  0.14873   -0.0256 0.0114026
  0.148447 -0.0256431  0.0114396
  0.148174 -0.0256736  0.0114712
  0.147911 -0.0256935  0.0114982
  0.147655 -0.0257043  0.0115209
  0.147408 -0.0257073  0.0115398
  0.147168 -0.0257038  0.0115554
  0.146935 -0.0256947   0.011568
  0.146709 -0.0256809   0.011578
  0.146488 -0.0256632  0.0115856
  0.146274 -0.0256421   0.011591
  0.146065 -0.0256183  0.0115947
  0.145861 -0.0255922  0.0115966
  0.145663 -0.0255643  0.0115972
  0.145469 -0.0255349  0.0115964
   0.14528 -0.0255042  0.0115945
  0.145095 -0.0254727  0.0115917
  0.144915 -0.0254404   0.011588
  0.144738 -0.0254076  0.0115835
  0.144566 -0.0253745  0.0115784
  0.144397 -0.0253411  0.0115727
  0.144232 -0.0253077  0.0115666
  0.144071 -0.0252742  0.0115601
  0.143913 -0.0252409  0.0115532
  0.143759 -0.0252077   0.011546
  0.143608 -0.0251747  0.0115386
  0.14346 -0.025142 0.0115311
  0.143315 -0.0251096  0.0115233
  0.143174 -0.0250776  0.0115155
 0.143035 -0.025046 0.0115076
  0.142899 -0.0250147  0.0114997
  0.142766 -0.0249839  0.0114917
  0.142635 -0.0249536  0.0114837
  0.142508 -0.0249236  0.0114758
  0.142383 -0.0248942  0.0114678
   0.14226 -0.0248652    0.01146
   0.14214 -0.0248366  0.0114521
  0.142022 -0.0248086  0.0114444
 0.141907 -0.024781 0.0114367
  0.141794 -0.0247538  0.0114292
  0.141684 -0.0247271  0.0114217
  0.141575 -0.0247009  0.0114143
  0.141469 -0.0246752  0.0114071
  0.141365 -0.0246499     0.0114
 0.141263 -0.024625 0.0113929
  0.141163 -0.0246006   0.011386
  0.141065 -0.0245766  0.0113792
 0.140969 -0.024553 0.0113726
  0.140875 -0.0245299  0.0113661
  0.140782 -0.0245072  0.0113597
  0.140692 -0.0244849  0.0113534
 0.140603 -0.024463 0.0113472
  0.140516 -0.0244415  0.0113412
  0.140431 -0.0244204  0.0113353
  0.140348 -0.0243996  0.0113295
  0.140266 -0.0243793  0.0113239
  0.140186 -0.0243593  0.0113184
  0.140107 -0.0243396   0.011313
   0.14003 -0.0243204  0.0113077
  0.139955 -0.0243014  0.0113025
   0.13988 -0.0242828  0.0112975
  0.139808 -0.0242646  0.0112926
  0.139737 -0.0242466  0.0112878
 0.139667 -0.024229 0.0112831
  0.139599 -0.0242118  0.0112785
  0.139531 -0.0241948   0.011274
  0.139466 -0.0241781  0.0112696
  0.139401 -0.0241617  0.0112654
  0.139338 -0.0241457  0.0112612
  0.139276 -0.0241299  0.0112572
  0.139216 -0.0241144  0.0112532
  0.139156 -0.0240991  0.0112494
  0.139098 -0.0240842  0.0112456
   0.13904 -0.0240695   0.011242
 0.138984 -0.024055 0.0112384
  0.138929 -0.0240408  0.0112349
  0.138876 -0.0240269  0.0112316
  0.138823 -0.0240132  0.0112283
  0.138771 -0.0239998  0.0112251
   0.13872 -0.0239866  0.0112219
   0.13867 -0.0239736  0.0112189
  0.138622 -0.0239609  0.0112159
  0.138574 -0.0239483  0.0112131
 0.138527 -0.023936 0.0112103
 0.138481 -0.023924 0.0112075
  0.138436 -0.0239121  0.0112049
  0.138391 -0.0239004  0.0112023
 0.138348 -0.023889 0.0111998
  0.138306 -0.0238777  0.0111974
  0.138264 -0.0238666   0.011195
  0.138223 -0.0238557  0.0111927
  0.138183 -0.0238451  0.0111905
  0.138144 -0.0238346  0.0111883
  0.138105 -0.0238242  0.0111862
  0.138068 -0.0238141  0.0111842
  0.138031 -0.0238041  0.0111822
  0.137994 -0.0237943  0.0111803
  0.137959 -0.0237847  0.0111784
  0.137924 -0.0237752  0.0111766
   0.13789 -0.0237659  0.0111749
  0.137856 -0.0237568  0.0111732
  0.137824 -0.0237478  0.0111715
 0.137791 -0.023739   0.01117
   0.13776 -0.0237303  0.0111684
  0.137729 -0.0237218  0.0111669
  0.137699 -0.0237134  0.0111655
  0.137669 -0.0237051  0.0111641
  0.13764 -0.023697 0.0111628
  0.137611 -0.0236891  0.0111615
  0.137583 -0.0236812  0.0111602
  0.137556 -0.0236735   0.011159
  0.137529 -0.0236659  0.0111578
  0.137502 -0.0236585  0.0111567
  0.137477 -0.0236512  0.0111556
 0.137451 -0.023644 0.0111546
  0.137426 -0.0236369  0.0111535
 0.137402  -0.02363 0.0111526
  0.137378 -0.0236231  0.0111516
  0.137355 -0.0236164  0.0111507
  0.137332 -0.0236098  0.0111499
  0.137309 -0.0236033  0.0111491
  0.137287 -0.0235969  0.0111483
  0.137266 -0.0235906  0.0111475
  0.137245 -0.0235844  0.0111468
  0.137224 -0.0235783  0.0111461
  0.137204 -0.0235723  0.0111454
  0.137184 -0.0235665  0.0111448
  0.137164 -0.0235607  0.0111442
 0.137145 -0.023555 0.0111436
  0.137126 -0.0235494   0.011143
  0.137108 -0.0235439  0.0111425
   0.13709 -0.0235385   0.011142
  0.137072 -0.0235332  0.0111415
  0.137055 -0.0235279  0.0111411
  0.137038 -0.0235228  0.0111407
  0.137021 -0.0235177  0.0111403
  0.137005 -0.0235127  0.0111399
  0.136989 -0.0235078  0.0111396
 0.136973 -0.023503 0.0111392
  0.136958 -0.0234983  0.0111389
  0.136943 -0.0234936  0.0111386
 0.136928 -0.023489 0.0111384
  0.136914 -0.0234845  0.0111381
   0.1369  -0.02348 0.0111379
  0.136886 -0.0234757  0.0111377
  0.136872 -0.0234714  0.0111375
  0.136859 -0.0234671  0.0111374
 0.136846 -0.023463 0.0111372
  0.136833 -0.0234589  0.0111371
  0.136821 -0.0234548   0.011137
  0.136809 -0.0234509  0.0111369
 0.136797 -0.023447 0.0111368
  0.136785 -0.0234431  0.0111367
  0.136773 -0.0234394  0.0111367
  0.136762 -0.0234356  0.0111366
 0.136751 -0.023432 0.0111366
   0.13674 -0.0234284  0.0111366
  0.136729 -0.0234248  0.0111366
  0.136719 -0.0234213  0.0111367
  0.136709 -0.0234179  0.0111367
  0.136699 -0.0234145  0.0111367
  0.136689 -0.0234112  0.0111368
   0.13668 -0.0234079  0.0111369
   0.13667 -0.0234047  0.0111369
  0.136661 -0.0234016   0.011137
  0.136652 -0.0233984  0.0111371
  0.136643 -0.0233954  0.0111373
  0.136635 -0.0233923  0.0111374
  0.136626 -0.0233894  0.0111375
  0.136618 -0.0233864  0.0111377
   0.13661 -0.0233836  0.0111378
  0.136602 -0.0233807   0.011138
  0.136594 -0.0233779  0.0111382
  0.136587 -0.0233752  0.0111383
  0.136579 -0.0233725  0.0111385
  0.136572 -0.0233698  0.0111387
  0.136565 -0.0233672  0.0111389
  0.136558 -0.0233646  0.0111392
 0.136551 -0.023362 0.0111394
  0.136544 -0.0233595  0.0111396
  0.136538 -0.0233571  0.0111398
  0.136531 -0.0233547  0.0111401
  0.136525 -0.0233523  0.0111403
  0.136519 -0.0233499  0.0111406
  0.136513 -0.0233476  0.0111409
  0.136507 -0.0233453  0.0111411
  0.136501 -0.0233431  0.0111414
  0.136495 -0.0233409  0.0111417
   0.13649 -0.0233387   0.011142
  0.136485 -0.0233365  0.0111423
  0.136479 -0.0233344  0.0111426
  0.136474 -0.0233323  0.0111428
  0.136469 -0.0233303  0.0111432
  0.136464 -0.0233283  0.0111435
  0.136459 -0.0233263  0.0111438
  0.136455 -0.0233243  0.0111441
   0.13645 -0.0233224  0.0111444
  0.136445 -0.0233205  0.0111447
  0.136441 -0.0233186  0.0111451
  0.136437 -0.0233168  0.0111454
 0.136432 -0.023315 0.0111457
  0.136428 -0.0233132  0.0111461
  0.136424 -0.0233114  0.0111464
   0.13642 -0.0233097  0.0111468
 0.136416 -0.023308 0.0111471
  0.136412 -0.0233063  0.0111475
  0.136409 -0.0233046  0.0111478
 0.136405 -0.023303 0.0111482
  0.136401 -0.0233014  0.0111485
  0.136398 -0.0232998  0.0111489
  0.136395 -0.0232982  0.0111492
  0.136391 -0.0232967  0.0111496
  0.136388 -0.0232952    0.01115
  0.136385 -0.0232937  0.0111503
  0.136382 -0.0232922  0.0111507
  0.136379 -0.0232908  0.0111511
  0.136376 -0.0232893  0.0111514
  0.136373 -0.0232879  0.0111518
   0.13637 -0.0232865  0.0111522
  0.136367 -0.0232852  0.0111526
  0.136365 -0.0232838  0.0111529
  0.136362 -0.0232825  0.0111533
  0.136359 -0.0232812  0.0111537
  0.136357 -0.0232799  0.0111541
  0.136354 -0.0232786  0.0111544
  0.136352 -0.0232774  0.0111548
   0.13635 -0.0232761  0.0111552
  0.136347 -0.0232749  0.0111556
  0.136345 -0.0232737   0.011156
  0.136343 -0.0232725  0.0111563
  0.136341 -0.0232714  0.0111567
  0.136339 -0.0232702  0.0111571
  0.136337 -0.0232691  0.0111575
 0.136335 -0.023268 0.0111579
  0.136333 -0.0232669  0.0111582
  0.136331 -0.0232658  0.0111586
  0.136329 -0.0232647   0.011159
  0.136327 -0.0232637  0.0111594
  0.136325 -0.0232626  0.0111598
  0.136324 -0.0232616  0.0111601
  0.136322 -0.0232606  0.0111605
   0.13632 -0.0232596  0.0111609
  0.136319 -0.0232586  0.0111613
  0.136317 -0.0232577  0.0111617
  0.136316 -0.0232567   0.011162
  0.136314 -0.0232558  0.0111624
  0.136313 -0.0232548  0.0111628
  0.136311 -0.0232539  0.0111632
  0.13631 -0.023253 0.0111635
  0.136309 -0.0232521  0.0111639
  0.136307 -0.0232512  0.0111643
  0.136306 -0.0232504  0.0111647
  0.136305 -0.0232495   0.011165
  0.136304 -0.0232487  0.0111654
  0.136302 -0.0232479  0.0111658
 0.136301 -0.023247 0.0111661
    0.1363 -0.0232462  0.0111665
  0.136299 -0.0232454  0.0111669
  0.136298 -0.0232447  0.0111672
  0.136297 -0.0232439  0.0111676
  0.136296 -0.0232431   0.011168
  0.136295 -0.0232424  0.0111683
  0.136294 -0.0232416  0.0111687
  0.136293 -0.0232409   0.011169
  0.136292 -0.0232402  0.0111694
  0.136291 -0.0232395  0.0111698
  0.136291 -0.0232388  0.0111701
   0.13629 -0.0232381  0.0111705
  0.136289 -0.0232374  0.0111708
  0.136288 -0.0232367  0.0111712
 0.136287 -0.023236 0.0111715
  0.136287 -0.0232354  0.0111719
  0.136286 -0.0232347  0.0111722
  0.136285 -0.0232341  0.0111726
  0.136285 -0.0232335  0.0111729
  0.136284 -0.0232328  0.0111732
  0.136283 -0.0232322  0.0111736
  0.136283 -0.0232316  0.0111739
 0.136282 -0.023231 0.0111743
  0.136282 -0.0232304  0.0111746
  0.136281 -0.0232299  0.0111749
  0.136281 -0.0232293  0.0111753
   0.13628 -0.0232287  0.0111756
   0.13628 -0.0232282  0.0111759
  0.136279 -0.0232276  0.0111763
  0.136279 -0.0232271  0.0111766
  0.136278 -0.0232265  0.0111769
 0.136278 -0.023226 0.0111772
  0.136277 -0.0232255  0.0111776
  0.136277 -0.0232249  0.0111779
  0.136276 -0.0232244  0.0111782
  0.136276 -0.0232239  0.0111785
  0.136276 -0.0232234  0.0111788
  0.136275 -0.0232229  0.0111791
  0.136275 -0.0232225  0.0111794
 0.136275 -0.023222 0.0111798
  0.136274 -0.0232215  0.0111801
 0.136274 -0.023221 0.0111804
  0.136274 -0.0232206  0.0111807
  0.136273 -0.0232201   0.011181
  0.136273 -0.0232197  0.0111813
  0.136273 -0.0232192  0.0111816
  0.136273 -0.0232188  0.0111819
  0.136272 -0.0232184  0.0111822
 0.136272 -0.023218 0.0111825
  0.136272 -0.0232175  0.0111828
  0.136272 -0.0232171   0.011183
  0.136272 -0.0232167  0.0111833
  0.136271 -0.0232163  0.0111836
  0.136271 -0.0232159  0.0111839
  0.136271 -0.0232155  0.0111842
  0.136271 -0.0232151  0.0111845
  0.136271 -0.0232147  0.0111848
  0.136271 -0.0232144   0.011185
  0.13627 -0.023214 0.0111853
   0.13627 -0.0232136  0.0111856
   0.13627 -0.0232133  0.0111859
   0.13627 -0.0232129  0.0111861
   0.13627 -0.0232125  0.0111864
   0.13627 -0.0232122  0.0111867
   0.13627 -0.0232118  0.0111869
   0.13627 -0.0232115  0.0111872
   0.13627 -0.0232112  0.0111875
   0.13627 -0.0232108  0.0111877
   0.13627 -0.0232105   0.011188
  0.136269 -0.0232102  0.0111882
  0.136269 -0.0232098  0.0111885
  0.136269 -0.0232095  0.0111888
  0.136269 -0.0232092   0.011189
  0.136269 -0.0232089  0.0111893
  0.136269 -0.0232086  0.0111895
  0.136269 -0.0232083  0.0111898
 0.136269 -0.023208   0.01119
  0.136269 -0.0232077  0.0111902
  0.136269 -0.0232074  0.0111905
  0.136269 -0.0232071  0.0111907
  0.136269 -0.0232068   0.011191
  0.136269 -0.0232065  0.0111912
  0.136269 -0.0232063  0.0111914
 0.136269 -0.023206 0.0111917
  0.136269 -0.0232057  0.0111919
  0.136269 -0.0232054  0.0111921
  0.136269 -0.0232052  0.0111924
  0.136269 -0.0232049  0.0111926
  0.136269 -0.0232047  0.0111928
  0.136269 -0.0232044   0.011193
  0.136269 -0.0232042  0.0111933
  0.136269 -0.0232039  0.0111935
  0.136269 -0.0232037  0.0111937
  0.136269 -0.0232034  0.0111939
  0.136269 -0.0232032  0.0111941
   0.13627 -0.0232029  0.0111944
   0.13627 -0.0232027  0.0111946
   0.13627 -0.0232025  0.0111948
   0.13627 -0.0232022   0.011195
  0.13627 -0.023202 0.0111952
   0.13627 -0.0232018  0.0111954
   0.13627 -0.0232016  0.0111956
   0.13627 -0.0232013  0.0111958
   0.13627 -0.0232011   0.011196
   0.13627 -0.0232009  0.0111962
   0.13627 -0.0232007  0.0111964
   0.13627 -0.0232005  0.0111966
   0.13627 -0.0232003  0.0111968
   0.13627 -0.0232001   0.011197
   0.13627 -0.0231999  0.0111972
  0.136271 -0.0231997  0.0111974
  0.136271 -0.0231995  0.0111976
  0.136271 -0.0231993  0.0111978
  0.136271 -0.0231991   0.011198
  0.136271 -0.0231989  0.0111981
  0.136271 -0.0231987  0.0111983
  0.136271 -0.0231985  0.0111985
  0.136271 -0.0231983  0.0111987
  0.136271 -0.0231982  0.0111989
 0.136271 -0.023198 0.0111991
  0.136272 -0.0231978  0.0111992
  0.136272 -0.0231976  0.0111994
  0.136272 -0.0231975  0.0111996
  0.136272 -0.0231973  0.0111998
  0.136272 -0.0231971  0.0111999
  0.136272 -0.0231969  0.0112001
  0.136272 -0.0231968  0.0112003
  0.136272 -0.0231966  0.0112004
  0.136272 -0.0231964  0.0112006
  0.136272 -0.0231963  0.0112008
  0.136273 -0.0231961  0.0112009
 0.136273 -0.023196 0.0112011
  0.136273 -0.0231958  0.0112013
  0.136273 -0.0231957  0.0112014
  0.136273 -0.0231955  0.0112016
  0.136273 -0.0231954  0.0112017
  0.136273 -0.0231952  0.0112019
  0.136273 -0.0231951  0.0112021
  0.136273 -0.0231949  0.0112022
  0.136274 -0.0231948  0.0112024
  0.136274 -0.0231946  0.0112025
  0.136274 -0.0231945  0.0112027
  0.136274 -0.0231944  0.0112028
  0.136274 -0.0231942   0.011203
  0.136274 -0.0231941  0.0112031
  0.136274 -0.0231939  0.0112033
  0.136274 -0.0231938  0.0112034
  0.136274 -0.0231937  0.0112035
  0.136275 -0.0231935  0.0112037
  0.136275 -0.0231934  0.0112038
  0.136275 -0.0231933   0.011204
  0.136275 -0.0231932  0.0112041
 0.136275 -0.023193 0.0112042
  0.136275 -0.0231929  0.0112044
  0.136275 -0.0231928  0.0112045
  0.136275 -0.0231927  0.0112046
  0.136276 -0.0231926  0.0112048
  0.136276 -0.0231924  0.0112049
  0.136276 -0.0231923   0.011205
  0.136276 -0.0231922  0.0112052
  0.136276 -0.0231921  0.0112053
 0.136276 -0.023192 0.0112054
  0.136276 -0.0231919  0.0112056
  0.136276 -0.0231918  0.0112057
  0.136276 -0.0231916  0.0112058
  0.136277 -0.0231915  0.0112059
  0.136277 -0.0231914  0.0112061
  0.136277 -0.0231913  0.0112062
  0.136277 -0.0231912  0.0112063
  0.136277 -0.0231911  0.0112064
 0.136277 -0.023191 0.0112065
  0.136277 -0.0231909  0.0112067
  0.136277 -0.0231908  0.0112068
  0.136278 -0.0231907  0.0112069
  0.136278 -0.0231906   0.011207
  0.136278 -0.0231905  0.0112071
  0.136278 -0.0231904  0.0112072
  0.136278 -0.0231903  0.0112073
  0.136278 -0.0231902  0.0112074
  0.136278 -0.0231901  0.0112076
 0.136278  -0.02319 0.0112077
  0.136278 -0.0231899  0.0112078
  0.136279 -0.0231899  0.0112079
  0.136279 -0.0231898   0.011208
  0.136279 -0.0231897  0.0112081
  0.136279 -0.0231896  0.0112082
  0.136279 -0.0231895  0.0112083
  0.136279 -0.0231894  0.0112084
  0.136279 -0.0231893  0.0112085
  0.136279 -0.0231893  0.0112086
  0.136279 -0.0231892  0.0112087
  0.136279 -0.0231891  0.0112088
  0.13628 -0.023189 0.0112089
   0.13628 -0.0231889   0.011209
   0.13628 -0.0231888  0.0112091
   0.13628 -0.0231888  0.0112092
   0.13628 -0.0231887  0.0112093
   0.13628 -0.0231886  0.0112094
   0.13628 -0.0231885  0.0112095
   0.13628 -0.0231885  0.0112096
   0.13628 -0.0231884  0.0112097
  0.136281 -0.0231883  0.0112097
  0.136281 -0.0231882  0.0112098
  0.136281 -0.0231882  0.0112099
  0.136281 -0.0231881    0.01121
 0.136281 -0.023188 0.0112101
  0.136281 -0.0231879  0.0112102
  0.136281 -0.0231879  0.0112103
  0.136281 -0.0231878  0.0112104
  0.136281 -0.0231877  0.0112104
  0.136281 -0.0231877  0.0112105
  0.136282 -0.0231876  0.0112106
  0.136282 -0.0231875  0.0112107
  0.136282 -0.0231875  0.0112108
  0.136282 -0.0231874  0.0112109
  0.136282 -0.0231873  0.0112109
  0.136282 -0.0231873   0.011211
  0.136282 -0.0231872  0.0112111
  0.136282 -0.0231871  0.0112112
  0.136282 -0.0231871  0.0112112
 0.136282 -0.023187 0.0112113
 0.136282 -0.023187 0.0112114
  0.136283 -0.0231869  0.0112115
  0.136283 -0.0231868  0.0112116
  0.136283 -0.0231868  0.0112116
  0.136283 -0.0231867  0.0112117
  0.136283 -0.0231867  0.0112118
  0.136283 -0.0231866  0.0112118
  0.136283 -0.0231866  0.0112119
  0.136283 -0.0231865   0.011212
  0.136283 -0.0231864  0.0112121
  0.136283 -0.0231864  0.0112121
  0.136283 -0.0231863  0.0112122
  0.136283 -0.0231863  0.0112123
  0.136284 -0.0231862  0.0112123
  0.136284 -0.0231862  0.0112124
  0.136284 -0.0231861  0.0112125
  0.136284 -0.0231861  0.0112125
 0.136284 -0.023186 0.0112126
 0.136284 -0.023186 0.0112127
  0.136284 -0.0231859  0.0112127
  0.136284 -0.0231859  0.0112128
  0.136284 -0.0231858  0.0112129
  0.136284 -0.0231858  0.0112129
  0.136284 -0.0231857   0.011213
  0.136284 -0.0231857   0.011213
  0.136285 -0.0231856  0.0112131
  0.136285 -0.0231856  0.0112132
  0.136285 -0.0231855  0.0112132
  0.136285 -0.0231855  0.0112133
  0.136285 -0.0231854  0.0112133
  0.136285 -0.0231854  0.0112134
  0.136285 -0.0231853  0.0112135
  0.136285 -0.0231853  0.0112135
  0.136285 -0.0231853  0.0112136
  0.136285 -0.0231852  0.0112136
  0.136285 -0.0231852  0.0112137
  0.136285 -0.0231851  0.0112137
  0.136285 -0.0231851  0.0112138
 0.136285 -0.023185 0.0112138
 0.136286 -0.023185 0.0112139
 0.136286 -0.023185 0.0112139
  0.136286 -0.0231849   0.011214
  0.136286 -0.0231849  0.0112141
  0.136286 -0.0231848  0.0112141
  0.136286 -0.0231848  0.0112142
  0.136286 -0.0231848  0.0112142
  0.136286 -0.0231847  0.0112143
  0.136286 -0.0231847  0.0112143
  0.136286 -0.0231846  0.0112144
  0.136286 -0.0231846  0.0112144
  0.136286 -0.0231846  0.0112144
  0.136286 -0.0231845  0.0112145
  0.136286 -0.0231845  0.0112145
  0.136286 -0.0231845  0.0112146
  0.136287 -0.0231844  0.0112146
  0.136287 -0.0231844  0.0112147
  0.136287 -0.0231843  0.0112147
  0.136287 -0.0231843  0.0112148
  0.136287 -0.0231843  0.0112148
  0.136287 -0.0231842  0.0112149
  0.136287 -0.0231842  0.0112149
  0.136287 -0.0231842   0.011215
  0.136287 -0.0231841   0.011215
  0.136287 -0.0231841   0.011215
  0.136287 -0.0231841  0.0112151
 0.136287 -0.023184 0.0112151
 0.136287 -0.023184 0.0112152
 0.136287 -0.023184 0.0112152
  0.136287 -0.0231839  0.0112152
  0.136287 -0.0231839  0.0112153
  0.136287 -0.0231839  0.0112153
  0.136287 -0.0231839  0.0112154
  0.136288 -0.0231838  0.0112154
  0.136288 -0.0231838  0.0112154
  0.136288 -0.0231838  0.0112155
  0.136288 -0.0231837  0.0112155
  0.136288 -0.0231837  0.0112156
  0.136288 -0.0231837  0.0112156
  0.136288 -0.0231836  0.0112156
  0.136288 -0.0231836  0.0112157
  0.136288 -0.0231836  0.0112157
  0.136288 -0.0231836  0.0112157
  0.136288 -0.0231835  0.0112158
  0.136288 -0.0231835  0.0112158
  0.136288 -0.0231835  0.0112158
  0.136288 -0.0231834  0.0112159
  0.136288 -0.0231834  0.0112159
  0.136288 -0.0231834   0.011216
  0.136288 -0.0231834   0.011216
  0.136288 -0.0231833   0.011216
  0.136288 -0.0231833  0.0112161
  0.136288 -0.0231833  0.0112161
  0.136288 -0.0231833  0.0112161
  0.136288 -0.0231832  0.0112162
  0.136289 -0.0231832  0.0112162
  0.136289 -0.0231832  0.0112162
  0.136289 -0.0231832  0.0112162
  0.136289 -0.0231831  0.0112163
  0.136289 -0.0231831  0.0112163
  0.136289 -0.0231831  0.0112163
  0.136289 -0.0231831  0.0112164
 0.136289 -0.023183 0.0112164
 0.136289 -0.023183 0.0112164
 0.136289 -0.023183 0.0112165
 0.136289 -0.023183 0.0112165
 0.136289 -0.023183 0.0112165
  0.136289 -0.0231829  0.0112165
  0.136289 -0.0231829  0.0112166
  0.136289 -0.0231829  0.0112166
  0.136289 -0.0231829  0.0112166
  0.136289 -0.0231828  0.0112167
  0.136289 -0.0231828  0.0112167
  0.136289 -0.0231828  0.0112167
  0.136289 -0.0231828  0.0112167
  0.136289 -0.0231828  0.0112168
  0.136289 -0.0231827  0.0112168
  0.136289 -0.0231827  0.0112168
  0.136289 -0.0231827  0.0112168
  0.136289 -0.0231827  0.0112169
  0.136289 -0.0231827  0.0112169
  0.136289 -0.0231826  0.0112169
   0.13629 -0.0231826  0.0112169
   0.13629 -0.0231826   0.011217
   0.13629 -0.0231826   0.011217
   0.13629 -0.0231826   0.011217
   0.13629 -0.0231825   0.011217
   0.13629 -0.0231825  0.0112171
   0.13629 -0.0231825  0.0112171
   0.13629 -0.0231825  0.0112171
   0.13629 -0.0231825  0.0112171
   0.13629 -0.0231824  0.0112171
   0.13629 -0.0231824  0.0112172
   0.13629 -0.0231824  0.0112172
   0.13629 -0.0231824  0.0112172
   0.13629 -0.0231824  0.0112172
   0.13629 -0.0231824  0.0112173
   0.13629 -0.0231823  0.0112173
   0.13629 -0.0231823  0.0112173
   0.13629 -0.0231823  0.0112173
   0.13629 -0.0231823  0.0112173
   0.13629 -0.0231823  0.0112174
   0.13629 -0.0231823  0.0112174
   0.13629 -0.0231822  0.0112174
   0.13629 -0.0231822  0.0112174
   0.13629 -0.0231822  0.0112174
   0.13629 -0.0231822  0.0112175
   0.13629 -0.0231822  0.0112175
   0.13629 -0.0231822  0.0112175
   0.13629 -0.0231821  0.0112175
   0.13629 -0.0231821  0.0112175
   0.13629 -0.0231821  0.0112175
   0.13629 -0.0231821  0.0112176
   0.13629 -0.0231821  0.0112176
   0.13629 -0.0231821  0.0112176
  0.13629 -0.023182 0.0112176
  0.13629 -0.023182 0.0112176
  0.13629 -0.023182 0.0112177
  0.13629 -0.023182 0.0112177
  0.13629 -0.023182 0.0112177
 0.136291 -0.023182 0.0112177
 0.136291 -0.023182 0.0112177
  0.136291 -0.0231819  0.0112177
  0.136291 -0.0231819  0.0112178
  0.136291 -0.0231819  0.0112178
  0.136291 -0.0231819  0.0112178
  0.136291 -0.0231819  0.0112178
  0.136291 -0.0231819  0.0112178
  0.136291 -0.0231819  0.0112178
  0.136291 -0.0231818  0.0112178
  0.136291 -0.0231818  0.0112179
  0.136291 -0.0231818  0.0112179
  0.136291 -0.0231818  0.0112179
  0.136291 -0.0231818  0.0112179
  0.136291 -0.0231818  0.0112179
  0.136291 -0.0231818  0.0112179
  0.136291 -0.0231818  0.0112179
  0.136291 -0.0231817   0.011218
  0.136291 -0.0231817   0.011218
  0.136291 -0.0231817   0.011218
  0.136291 -0.0231817   0.011218
  0.136291 -0.0231817   0.011218
  0.136291 -0.0231817   0.011218
  0.136291 -0.0231817   0.011218
  0.136291 -0.0231817  0.0112181
  0.136291 -0.0231816  0.0112181
  0.136291 -0.0231816  0.0112181
  0.136291 -0.0231816  0.0112181
  0.136291 -0.0231816  0.0112181
  0.136291 -0.0231816  0.0112181
  0.136291 -0.0231816  0.0112181
  0.136291 -0.0231816  0.0112181
  0.136291 -0.0231816  0.0112182
  0.136291 -0.0231816  0.0112182
  0.136291 -0.0231815  0.0112182
  0.136291 -0.0231815  0.0112182
  0.136291 -0.0231815  0.0112182
  0.136291 -0.0231815  0.0112182
  0.136291 -0.0231815  0.0112182
  0.136291 -0.0231815  0.0112182
  0.136291 -0.0231815  0.0112182
  0.136291 -0.0231815  0.0112183
  0.136291 -0.0231815  0.0112183
  0.136291 -0.0231814  0.0112183
  0.136291 -0.0231814  0.0112183
  0.136291 -0.0231814  0.0112183
  0.136291 -0.0231814  0.0112183
  0.136291 -0.0231814  0.0112183
  0.136291 -0.0231814  0.0112183
  0.136291 -0.0231814  0.0112183
  0.136291 -0.0231814  0.0112183
  0.136291 -0.0231814  0.0112184
  0.136291 -0.0231814  0.0112184
  0.136291 -0.0231813  0.0112184
  0.136291 -0.0231813  0.0112184
  0.136291 -0.0231813  0.0112184
  0.136291 -0.0231813  0.0112184
  0.136291 -0.0231813  0.0112184
  0.136291 -0.0231813  0.0112184
  0.136291 -0.0231813  0.0112184
  0.136291 -0.0231813  0.0112184
  0.136291 -0.0231813  0.0112184
  0.136291 -0.0231813  0.0112185
  0.136291 -0.0231813  0.0112185
  0.136291 -0.0231812  0.0112185
  0.136291 -0.0231812  0.0112185
  0.136291 -0.0231812  0.0112185
  0.136291 -0.0231812  0.0112185
  0.136291 -0.0231812  0.0112185
  0.136291 -0.0231812  0.0112185
  0.136291 -0.0231812  0.0112185
  0.136291 -0.0231812  0.0112185
  0.136291 -0.0231812  0.0112185
  0.136291 -0.0231812  0.0112185
  0.136291 -0.0231812  0.0112185
  0.136291 -0.0231812  0.0112186
  0.136291 -0.0231811  0.0112186
  0.136291 -0.0231811  0.0112186
  0.136291 -0.0231811  0.0112186
  0.136292 -0.0231811  0.0112186
  0.136292 -0.0231811  0.0112186
  0.136292 -0.0231811  0.0112186
  0.136292 -0.0231811  0.0112186
  0.136292 -0.0231811  0.0112186
  0.136292 -0.0231811  0.0112186
  0.136292 -0.0231811  0.0112186
  0.136292 -0.0231811  0.0112186
  0.136292 -0.0231811  0.0112186
  0.136292 -0.0231811  0.0112186
 0.136292 -0.023181 0.0112186
 0.136292 -0.023181 0.0112186
 0.136292 -0.023181 0.0112187
 0.136292 -0.023181 0.0112187
 0.136292 -0.023181 0.0112187
 0.136292 -0.023181 0.0112187
 0.136292 -0.023181 0.0112187
 0.136292 -0.023181 0.0112187
 0.136292 -0.023181 0.0112187
 0.136292 -0.023181 0.0112187
 0.136292 -0.023181 0.0112187
 0.136292 -0.023181 0.0112187
 0.136292 -0.023181 0.0112187
 0.136292 -0.023181 0.0112187
  0.136292 -0.0231809  0.0112187
  0.136292 -0.0231809  0.0112187
  0.136292 -0.0231809  0.0112187
  0.136292 -0.0231809  0.0112187
  0.136292 -0.0231809  0.0112187
  0.136292 -0.0231809  0.0112187
  0.136292 -0.0231809  0.0112187
  0.136292 -0.0231809  0.0112188
  0.136292 -0.0231809  0.0112188
  0.136292 -0.0231809  0.0112188
  0.136292 -0.0231809  0.0112188
  0.136292 -0.0231809  0.0112188
  0.136292 -0.0231809  0.0112188
  0.136292 -0.0231809  0.0112188
  0.136292 -0.0231809  0.0112188
  0.136292 -0.0231809  0.0112188
  0.136292 -0.0231808  0.0112188
  0.136292 -0.0231808  0.0112188
  0.136292 -0.0231808  0.0112188
  0.136292 -0.0231808  0.0112188
  0.136292 -0.0231808  0.0112188
  0.136292 -0.0231808  0.0112188
  0.136292 -0.0231808  0.0112188
  0.136292 -0.0231808  0.0112188
  0.136292 -0.0231808  0.0112188
  0.136292 -0.0231808  0.0112188
  0.136292 -0.0231808  0.0112188
  0.136292 -0.0231808  0.0112188
  0.136292 -0.0231808  0.0112188
  0.136292 -0.0231808  0.0112188
  0.136292 -0.0231808  0.0112188
  0.136292 -0.0231808  0.0112188
  0.136292 -0.0231808  0.0112188
  0.136292 -0.0231807  0.0112188
  0.136292 -0.0231807  0.0112189
  0.136292 -0.0231807  0.0112189
  0.136292 -0.0231807  0.0112189
  0.136292 -0.0231807  0.0112189
  0.136292 -0.0231807  0.0112189
  0.136292 -0.0231807  0.0112189
  0.136292 -0.0231807  0.0112189
  0.136292 -0.0231807  0.0112189
  0.136292 -0.0231807  0.0112189
  0.136292 -0.0231807  0.0112189
  0.136292 -0.0231807  0.0112189
  0.136292 -0.0231807  0.0112189
  0.136292 -0.0231807  0.0112189
  0.136292 -0.0231807  0.0112189
  0.136292 -0.0231807  0.0112189
  0.136292 -0.0231807  0.0112189
  0.136292 -0.0231807  0.0112189
  0.136292 -0.0231807  0.0112189
  0.136292 -0.0231806  0.0112189
  0.136292 -0.0231806  0.0112189
  0.136292 -0.0231806  0.0112189
  0.136292 -0.0231806  0.0112189
  0.136292 -0.0231806  0.0112189
  0.136292 -0.0231806  0.0112189
  0.136292 -0.0231806  0.0112189
  0.136292 -0.0231806  0.0112189
  0.136292 -0.0231806  0.0112189
  0.136292 -0.0231806  0.0112189
  0.136292 -0.0231806  0.0112189
  0.136292 -0.0231806  0.0112189
  0.136292 -0.0231806  0.0112189
  0.136292 -0.0231806  0.0112189
  0.136292 -0.0231806  0.0112189
  0.136292 -0.0231806  0.0112189
  0.136292 -0.0231806  0.0112189
  0.136292 -0.0231806  0.0112189
  0.136292 -0.0231806  0.0112189
  0.136292 -0.0231806  0.0112189
  0.136292 -0.0231806  0.0112189
  0.136292 -0.0231805  0.0112189
  0.136292 -0.0231805  0.0112189
  0.136292 -0.0231805  0.0112189
  0.136292 -0.0231805  0.0112189
  0.136292 -0.0231805  0.0112189
  0.136292 -0.0231805  0.0112189
  0.136292 -0.0231805  0.0112189
  0.136292 -0.0231805  0.0112189
  0.136292 -0.0231805  0.0112189
  0.136292 -0.0231805  0.0112189
  0.136292 -0.0231805  0.0112189
  0.136292 -0.0231805  0.0112189
  0.136292 -0.0231805  0.0112189
  0.136292 -0.0231805  0.0112189
  0.136292 -0.0231805  0.0112189
  0.136292 -0.0231805  0.0112189
  0.136292 -0.0231805  0.0112189
  0.136292 -0.0231805  0.0112189
  0.136292 -0.0231805  0.0112189
  0.136292 -0.0231805   0.011219
  0.136292 -0.0231805   0.011219
  0.136292 -0.0231805   0.011219
  0.136292 -0.0231805   0.011219
  0.136292 -0.0231805   0.011219
  0.136292 -0.0231804   0.011219
  0.136292 -0.0231804   0.011219
  0.136291 -0.0231804   0.011219
  0.136291 -0.0231804   0.011219
  0.136291 -0.0231804   0.011219
  0.136291 -0.0231804   0.011219
  0.136291 -0.0231804   0.011219
  0.136291 -0.0231804   0.011219
  0.136291 -0.0231804   0.011219
  0.136291 -0.0231804   0.011219
  0.136291 -0.0231804   0.011219
  0.136291 -0.0231804   0.011219
  0.136291 -0.0231804   0.011219
  0.136291 -0.0231804   0.011219
  0.136291 -0.0231804   0.011219
  0.136291 -0.0231804   0.011219
  0.136291 -0.0231804   0.011219
  0.136291 -0.0231804   0.011219
  0.136291 -0.0231804   0.011219
  0.136291 -0.0231804   0.011219
  0.136291 -0.0231804   0.011219
  0.136291 -0.0231804   0.011219
  0.136291 -0.0231804   0.011219
  0.136291 -0.0231804   0.011219
  0.136291 -0.0231804   0.011219
  0.136291 -0.0231804   0.011219
  0.136291 -0.0231803   0.011219
  0.136291 -0.0231803   0.011219
  0.136291 -0.0231803   0.011219
  0.136291 -0.0231803   0.011219
  0.136291 -0.0231803   0.011219
  0.136291 -0.0231803   0.011219
  0.136291 -0.0231803   0.011219
  0.136291 -0.0231803   0.011219
  0.136291 -0.0231803   0.011219
  0.136291 -0.0231803   0.011219
  0.136291 -0.0231803   0.011219
  0.136291 -0.0231803   0.011219
  0.136291 -0.0231803   0.011219
  0.136291 -0.0231803   0.011219
  0.136291 -0.0231803   0.011219
  0.136291 -0.0231803   0.011219
  0.136291 -0.0231803   0.011219
  0.136291 -0.0231803   0.011219
  0.136291 -0.0231803   0.011219
  0.136291 -0.0231803   0.011219
  0.136291 -0.0231803   0.011219
  0.136291 -0.0231803  0.0112189
  0.136291 -0.0231803  0.0112189
  0.136291 -0.0231803  0.0112189
  0.136291 -0.0231803  0.0112189
  0.136291 -0.0231803  0.0112189
  0.136291 -0.0231803  0.0112189
  0.136291 -0.0231803  0.0112189
  0.136291 -0.0231803  0.0112189
  0.136291 -0.0231803  0.0112189
  0.136291 -0.0231802  0.0112189
  0.136291 -0.0231802  0.0112189
  0.136291 -0.0231802  0.0112189
  0.136291 -0.0231802  0.0112189
  0.136291 -0.0231802  0.0112189
  0.136291 -0.0231802  0.0112189
  0.136291 -0.0231802  0.0112189
  0.136291 -0.0231802  0.0112189
  0.136291 -0.0231802  0.0112189
  0.136291 -0.0231802  0.0112189
  0.136291 -0.0231802  0.0112189
  0.136291 -0.0231802  0.0112189
  0.136291 -0.0231802  0.0112189
  0.136291 -0.0231802  0.0112189
  0.136291 -0.0231802  0.0112189
  0.136291 -0.0231802  0.0112189
  0.136291 -0.0231802  0.0112189
  0.136291 -0.0231802  0.0112189
  0.136291 -0.0231802  0.0112189
  0.136291 -0.0231802  0.0112189
  0.136291 -0.0231802  0.0112189
  0.136291 -0.0231802  0.0112189
  0.136291 -0.0231802  0.0112189
  0.136291 -0.0231802  0.0112189
  0.136291 -0.0231802  0.0112189
  0.136291 -0.0231802  0.0112189
  0.136291 -0.0231802  0.0112189
  0.136291 -0.0231802  0.0112189
  0.136291 -0.0231802  0.0112189
  0.136291 -0.0231802  0.0112189
  0.136291 -0.0231802  0.0112189
  0.136291 -0.0231802  0.0112189
  0.136291 -0.0231801  0.0112189
  0.136291 -0.0231801  0.0112189
  0.136291 -0.0231801  0.0112189
  0.136291 -0.0231801  0.0112189
  0.136291 -0.0231801  0.0112189
  0.136291 -0.0231801  0.0112189
  0.136291 -0.0231801  0.0112189
  0.136291 -0.0231801  0.0112189
  0.136291 -0.0231801  0.0112189
  0.136291 -0.0231801  0.0112189
  0.136291 -0.0231801  0.0112189
  0.136291 -0.0231801  0.0112189
  0.136291 -0.0231801  0.0112189
  0.136291 -0.0231801  0.0112189
  0.136291 -0.0231801  0.0112189
  0.136291 -0.0231801  0.0112189
  0.136291 -0.0231801  0.0112189
  0.136291 -0.0231801  0.0112189
  0.136291 -0.0231801  0.0112189
  0.136291 -0.0231801  0.0112189
  0.136291 -0.0231801  0.0112189
  0.136291 -0.0231801  0.0112189
  0.136291 -0.0231801  0.0112189
  0.136291 -0.0231801  0.0112189
  0.136291 -0.0231801  0.0112189
  0.136291 -0.0231801  0.0112189
  0.136291 -0.0231801  0.0112189
  0.136291 -0.0231801  0.0112189
  0.136291 -0.0231801  0.0112189
  0.136291 -0.0231801  0.0112189
  0.136291 -0.0231801  0.0112189
  0.136291 -0.0231801  0.0112189
  0.136291 -0.0231801  0.0112189
  0.136291 -0.0231801  0.0112189
  0.136291 -0.0231801  0.0112189
  0.136291 -0.0231801  0.0112189
 0.136291  -0.02318 0.0112189
 0.136291  -0.02318 0.0112189
 0.136291  -0.02318 0.0112189
 0.136291  -0.02318 0.0112189
 0.136291  -0.02318 0.0112189
 0.136291  -0.02318 0.0112189
 0.136291  -0.02318 0.0112189
 0.136291  -0.02318 0.0112188
 0.136291  -0.02318 0.0112188
 0.136291  -0.02318 0.0112188
 0.136291  -0.02318 0.0112188
 0.136291  -0.02318 0.0112188
 0.136291  -0.02318 0.0112188
 0.136291  -0.02318 0.0112188
 0.136291  -0.02318 0.0112188
