  0.116238 -0.0692271   0.103524
-0.106121 -0.104199 -0.125063
    0.1369 -0.0530502   0.126826
  0.264871 -0.0269057   0.256369
  0.136167 -0.0151549   0.130984
   0.109965 -0.00947751    0.105918
   0.265906 -0.00396815    0.259784
 0.158481 -0.003576  0.154473
   0.111005 -0.00315863    0.107934
   1.11212 -0.0201919      1.079
  0.533386 -0.0191209   0.516146
  0.273586 -0.0118664   0.264349
   0.157838 -0.00677792    0.152664
   0.110673 -0.00391299    0.107391
  0.360037 0.00340315   0.352842
    0.219583 -0.000403946     0.214683
   0.142002 -0.00154669    0.138417
   0.149073 -0.00340781    0.144584
   0.136964 -0.00208426    0.133477
   0.205731 -0.00556086    0.199178
    0.13557 -0.00330182    0.131624
    0.227131 -0.000579089     0.222213
   0.148456 -0.00164025    0.144767
   0.170189 -0.00387237    0.164933
   0.135117 -0.00230481    0.131499
    1.54395 -0.00759167     1.48299
  0.801217 -0.0218859   0.770111
  0.394257 -0.0154183   0.378011
   0.217542 -0.00893011    0.208797
   0.140625 -0.00493401    0.135574
   0.168462 -0.00214375    0.164138
   0.148471 -0.00284827    0.143858
  0.338214 0.00449756   0.331921
   0.212602 0.000519148    0.207847
   0.15373 -0.0011472   0.149494
  2.42102 0.0999943    2.2024
    1.90676 -0.00216768     1.79783
   1.03998 -0.0287925   0.983886
  0.481843 -0.0212346   0.452682
  0.256619 -0.0121523   0.241265
   0.159639 -0.00650707    0.151271
   0.142277 -0.00309979    0.136989
  0.684208 -0.0145952   0.642557
  0.364709 -0.0101305    0.34324
   0.212135 -0.00581151    0.200792
    0.14822 -0.00300235    0.141778
 0.468718 0.0164796  0.464543
  0.300812 0.00597588   0.296122
     0.194 0.00176028   0.189603
    0.169407 -0.000643599     0.163246
  0.230029 0.00220096   0.225338
   0.160208 7.83857e-05    0.155533
  0.629643 -0.0125013   0.579545
   0.343712 -0.00839641    0.317984
  0.201613 -0.0047597   0.188153
   0.137949 -0.00242472    0.130523
  0.297147 0.00485061   0.292461
  0.188549 0.00137032   0.184093
    0.143541 -0.000273429     0.138311
 0.76174 0.102588 0.800077
0.589708 0.047815 0.602171
 0.405261 0.0209262  0.407896
  0.256215 0.00887497   0.255241
 0.162196 0.0036268   0.15965
  0.158867 0.00030052   0.150104
   0.112012 0.000219265     0.10697
0.786248 0.115562 0.860162
 0.619072 0.0556453  0.649743
 0.432121 0.0249844  0.443722
 0.271545 0.0108562  0.275055
  0.162489 0.00469312   0.162504
  0.104058 0.00190016   0.101525
 0.648164 0.0452853  0.688383
 0.451166 0.0204293   0.46739
  0.280946 0.00865905   0.286551
  0.16347 0.0036148  0.164589
