  0.367254 -0.0205072    1.98092   0.251575  -0.322461    1.90883   -1.36042
  0.371415 -0.0216473    1.98182   0.253953  -0.321431    1.91079   -1.35957
  0.374198 -0.0225671    1.98246   0.255238  -0.320739    1.91183   -1.35869
  0.376112 -0.0233488    1.98292   0.255867  -0.320269    1.91235   -1.35785
  0.377472 -0.0240382    1.98327   0.256103  -0.319945    1.91256   -1.35706
  0.378476 -0.0246605    1.98354   0.256105   -0.31972    1.91261   -1.35634
  0.379245 -0.0252299    1.98376    0.25597   -0.31956    1.91258   -1.35568
  0.379857 -0.0257547    1.98394   0.255753  -0.319446    1.91252   -1.35509
   0.38036 -0.0262399    1.98409   0.255491  -0.319363    1.91244   -1.35455
 0.380787 -0.026689   1.98422  0.255203 -0.319301   1.91237  -1.35408
  0.381157 -0.0271048    1.98433   0.254902  -0.319256    1.91231   -1.35365
  0.381485 -0.0274897    1.98443   0.254594  -0.319222    1.91227   -1.35326
  0.38178 -0.027846   1.98452  0.254284 -0.319197   1.91225  -1.35292
  0.382049 -0.0281758     1.9846   0.253974  -0.319178    1.91225   -1.35261
 0.382296 -0.028481   1.98467  0.253666 -0.319164   1.91226  -1.35234
  0.382525 -0.0287637    1.98473    0.25336  -0.319155    1.91229    -1.3521
   0.38274 -0.0290257    1.98479   0.253056  -0.319149    1.91233   -1.35188
  0.382942 -0.0292687    1.98484   0.252754  -0.319146    1.91238   -1.35169
  0.383133 -0.0294945    1.98489   0.252456  -0.319146    1.91245   -1.35152
  0.383314 -0.0297044    1.98494   0.252159  -0.319147    1.91252   -1.35136
  0.383488 -0.0298999    1.98498   0.251864  -0.319151     1.9126   -1.35123
  0.383654 -0.0300823    1.98501   0.251572  -0.319156    1.91269   -1.35112
  0.383814 -0.0302527    1.98505   0.251281  -0.319163    1.91279   -1.35101
  0.383968 -0.0304123    1.98508   0.250993  -0.319171    1.91289   -1.35093
  0.384118 -0.0305621    1.98511   0.250706   -0.31918      1.913   -1.35085
  0.384263 -0.0307029    1.98513    0.25042   -0.31919    1.91311   -1.35079
  0.384404 -0.0308356    1.98516   0.250136  -0.319201    1.91322   -1.35073
  0.384543 -0.0309609    1.98518   0.249854  -0.319213    1.91334   -1.35068
  0.384678 -0.0310794     1.9852   0.249572  -0.319226    1.91346   -1.35065
   0.38481 -0.0311919    1.98522   0.249292   -0.31924    1.91359   -1.35062
  0.384941 -0.0312989    1.98524   0.249014  -0.319254    1.91371   -1.35059
  0.385069 -0.0314008    1.98526   0.248736  -0.319268    1.91384   -1.35058
  0.385196 -0.0314981    1.98527   0.248459  -0.319284    1.91397   -1.35056
   0.38532 -0.0315913    1.98529   0.248184  -0.319299     1.9141   -1.35056
  0.385444 -0.0316807     1.9853   0.247909  -0.319315    1.91423   -1.35056
  0.385566 -0.0317666    1.98531   0.247636  -0.319332    1.91436   -1.35056
  0.385687 -0.0318494    1.98532   0.247363  -0.319349    1.91449   -1.35056
  0.385806 -0.0319294    1.98533   0.247092  -0.319366    1.91463   -1.35057
  0.385925 -0.0320068    1.98534   0.246821  -0.319384    1.91476   -1.35058
  0.386043 -0.0320818    1.98535   0.246551  -0.319401     1.9149    -1.3506
   0.38616 -0.0321546    1.98536   0.246282  -0.319419    1.91503   -1.35062
  0.386277 -0.0322255    1.98537   0.246014  -0.319437    1.91516   -1.35064
  0.386392 -0.0322946    1.98538   0.245746  -0.319456     1.9153   -1.35066
 0.386507 -0.032362   1.98539  0.245479 -0.319474   1.91543  -1.35068
  0.386622 -0.0324279    1.98539   0.245214  -0.319493    1.91557   -1.35071
  0.386736 -0.0324925     1.9854   0.244948  -0.319512     1.9157   -1.35073
  0.386849 -0.0325558    1.98541   0.244684  -0.319531    1.91584   -1.35076
  0.386962 -0.0326179    1.98541    0.24442   -0.31955    1.91597   -1.35079
 0.387074 -0.032679   1.98542  0.244158 -0.319569   1.91611  -1.35082
  0.387186 -0.0327391    1.98542   0.243895  -0.319588    1.91624   -1.35085
  0.387298 -0.0327983    1.98543   0.243634  -0.319607    1.91638   -1.35089
  0.387409 -0.0328568    1.98543   0.243373  -0.319626    1.91651   -1.35092
   0.38752 -0.0329144    1.98544   0.243113  -0.319646    1.91665   -1.35095
   0.38763 -0.0329713    1.98544   0.242854  -0.319665    1.91678   -1.35099
   0.38774 -0.0330276    1.98545   0.242595  -0.319684    1.91691   -1.35102
   0.38785 -0.0330834    1.98545   0.242338  -0.319704    1.91705   -1.35106
  0.387959 -0.0331385    1.98546    0.24208  -0.319723    1.91718   -1.35109
  0.388068 -0.0331931    1.98546   0.241824  -0.319743    1.91731   -1.35113
  0.388177 -0.0332473    1.98547   0.241568  -0.319762    1.91744   -1.35117
 0.388286 -0.033301   1.98547  0.241313 -0.319782   1.91758  -1.35121
  0.388394 -0.0333543    1.98547   0.241058  -0.319801    1.91771   -1.35124
  0.388502 -0.0334072    1.98548   0.240804  -0.319821    1.91784   -1.35128
  0.388609 -0.0334598    1.98548   0.240551   -0.31984    1.91797   -1.35132
 0.388716 -0.033512   1.98549  0.240299  -0.31986    1.9181  -1.35136
  0.388823 -0.0335638    1.98549   0.240047   -0.31988    1.91823   -1.35139
   0.38893 -0.0336154    1.98549   0.239795  -0.319899    1.91836   -1.35143
  0.389036 -0.0336667     1.9855   0.239545  -0.319919    1.91849   -1.35147
  0.389142 -0.0337177     1.9855   0.239295  -0.319938    1.91862   -1.35151
  0.389248 -0.0337685     1.9855   0.239046  -0.319957    1.91875   -1.35155
 0.389354 -0.033819   1.98551  0.238797 -0.319977   1.91888  -1.35159
  0.389459 -0.0338693    1.98551   0.238549  -0.319996    1.91901   -1.35163
  0.389564 -0.0339193    1.98551   0.238302  -0.320016    1.91914   -1.35166
  0.389668 -0.0339691    1.98552   0.238055  -0.320035    1.91926    -1.3517
  0.389773 -0.0340188    1.98552   0.237809  -0.320055    1.91939   -1.35174
  0.389877 -0.0340682    1.98552   0.237563  -0.320074    1.91952   -1.35178
  0.389981 -0.0341175    1.98553   0.237318  -0.320093    1.91965   -1.35182
  0.390085 -0.0341665    1.98553   0.237074  -0.320113    1.91977   -1.35186
  0.390188 -0.0342154    1.98553    0.23683  -0.320132     1.9199    -1.3519
  0.390291 -0.0342641    1.98554   0.236587  -0.320151    1.92003   -1.35194
  0.390394 -0.0343126    1.98554   0.236345   -0.32017    1.92015   -1.35197
 0.390496 -0.034361   1.98554  0.236103  -0.32019   1.92028  -1.35201
  0.390599 -0.0344092    1.98555   0.235862  -0.320209     1.9204   -1.35205
  0.390701 -0.0344573    1.98555   0.235622  -0.320228    1.92053   -1.35209
  0.390802 -0.0345052    1.98555   0.235382  -0.320247    1.92065   -1.35213
  0.390904 -0.0345529    1.98556   0.235142  -0.320266    1.92078   -1.35217
  0.391005 -0.0346006    1.98556   0.234904  -0.320285     1.9209   -1.35221
 0.391106 -0.034648   1.98556  0.234666 -0.320304   1.92102  -1.35224
  0.391207 -0.0346954    1.98557   0.234428  -0.320323    1.92115   -1.35228
  0.391307 -0.0347425    1.98557   0.234191  -0.320342    1.92127   -1.35232
  0.391408 -0.0347896    1.98557   0.233955  -0.320361    1.92139   -1.35236
  0.391508 -0.0348365    1.98558   0.233719   -0.32038    1.92151    -1.3524
  0.391607 -0.0348833    1.98558   0.233484  -0.320399    1.92164   -1.35243
  0.391707 -0.0349299    1.98558    0.23325  -0.320418    1.92176   -1.35247
  0.391806 -0.0349765    1.98558   0.233016  -0.320437    1.92188   -1.35251
  0.391905 -0.0350228    1.98559   0.232782  -0.320456      1.922   -1.35255
  0.392004 -0.0350691    1.98559    0.23255  -0.320475    1.92212   -1.35259
  0.392102 -0.0351152    1.98559   0.232317  -0.320493    1.92224   -1.35262
  0.392201 -0.0351613     1.9856   0.232086  -0.320512    1.92236   -1.35266
  0.392299 -0.0352071     1.9856   0.231855  -0.320531    1.92248    -1.3527
  0.392396 -0.0352529     1.9856   0.231624  -0.320549     1.9226   -1.35274
  0.392494 -0.0352985    1.98561   0.231395  -0.320568    1.92272   -1.35277
  0.392591 -0.0353441    1.98561   0.231165  -0.320587    1.92284   -1.35281
  0.392688 -0.0353895    1.98561   0.230937  -0.320605    1.92296   -1.35285
  0.392785 -0.0354348    1.98562   0.230709  -0.320624    1.92308   -1.35288
  0.392881 -0.0354799    1.98562   0.230481  -0.320642    1.92319   -1.35292
 0.392978 -0.035525   1.98562  0.230254 -0.320661   1.92331  -1.35296
  0.393074 -0.0355699    1.98562   0.230028  -0.320679    1.92343   -1.35299
  0.393169 -0.0356147    1.98563   0.229802  -0.320698    1.92355   -1.35303
  0.393265 -0.0356594    1.98563   0.229577  -0.320716    1.92366   -1.35307
  0.39336 -0.035704   1.98563  0.229352 -0.320735   1.92378   -1.3531
  0.393455 -0.0357484    1.98564   0.229128  -0.320753    1.92389   -1.35314
   0.39355 -0.0357928    1.98564   0.228905  -0.320771    1.92401   -1.35318
 0.393645 -0.035837   1.98564  0.228682  -0.32079   1.92413  -1.35321
  0.393739 -0.0358811    1.98565   0.228459  -0.320808    1.92424   -1.35325
  0.393833 -0.0359251    1.98565   0.228237  -0.320826    1.92436   -1.35329
 0.393927 -0.035969   1.98565  0.228016 -0.320844   1.92447  -1.35332
  0.394021 -0.0360128    1.98566   0.227795  -0.320863    1.92459   -1.35336
  0.394114 -0.0360565    1.98566   0.227575  -0.320881     1.9247   -1.35339
 0.394207   -0.0361   1.98566  0.227356 -0.320899   1.92481  -1.35343
    0.3943 -0.0361435    1.98566   0.227137  -0.320917    1.92493   -1.35346
  0.394393 -0.0361868    1.98567   0.226918  -0.320935    1.92504    -1.3535
 0.394485  -0.03623   1.98567    0.2267 -0.320953   1.92515  -1.35354
  0.394578 -0.0362731    1.98567   0.226483  -0.320971    1.92527   -1.35357
   0.39467 -0.0363161    1.98568   0.226266  -0.320989    1.92538   -1.35361
 0.394762 -0.036359   1.98568  0.226049 -0.321007   1.92549  -1.35364
  0.394853 -0.0364018    1.98568   0.225834  -0.321025     1.9256   -1.35368
  0.394944 -0.0364445    1.98569   0.225618  -0.321043    1.92571   -1.35371
 0.395036 -0.036487   1.98569  0.225404 -0.321061   1.92583  -1.35375
  0.395126 -0.0365295    1.98569   0.225189  -0.321079    1.92594   -1.35378
  0.395217 -0.0365718    1.98569   0.224976  -0.321096    1.92605   -1.35382
  0.395307 -0.0366141     1.9857   0.224763  -0.321114    1.92616   -1.35385
  0.395398 -0.0366562     1.9857    0.22455  -0.321132    1.92627   -1.35389
  0.395488 -0.0366983     1.9857   0.224338   -0.32115    1.92638   -1.35392
  0.395577 -0.0367402    1.98571   0.224126  -0.321167    1.92649   -1.35396
 0.395667 -0.036782   1.98571  0.223916 -0.321185    1.9266  -1.35399
  0.395756 -0.0368237    1.98571   0.223705  -0.321203    1.92671   -1.35402
  0.395845 -0.0368653    1.98572   0.223495   -0.32122    1.92681   -1.35406
  0.395934 -0.0369068    1.98572   0.223286  -0.321238    1.92692   -1.35409
  0.396023 -0.0369482    1.98572   0.223077  -0.321255    1.92703   -1.35413
  0.396111 -0.0369895    1.98573   0.222868  -0.321273    1.92714   -1.35416
  0.396199 -0.0370307    1.98573   0.222661   -0.32129    1.92725   -1.35419
  0.396287 -0.0370718    1.98573   0.222453  -0.321308    1.92735   -1.35423
  0.396375 -0.0371127    1.98573   0.222246  -0.321325    1.92746   -1.35426
  0.396463 -0.0371536    1.98574    0.22204  -0.321343    1.92757    -1.3543
   0.39655 -0.0371944    1.98574   0.221834   -0.32136    1.92767   -1.35433
 0.396637 -0.037235   1.98574  0.221629 -0.321378   1.92778  -1.35436
  0.396724 -0.0372756    1.98575   0.221424  -0.321395    1.92789    -1.3544
   0.39681 -0.0373161    1.98575    0.22122  -0.321412    1.92799   -1.35443
  0.396897 -0.0373564    1.98575   0.221016   -0.32143     1.9281   -1.35446
  0.396983 -0.0373967    1.98576   0.220813  -0.321447     1.9282    -1.3545
  0.397069 -0.0374368    1.98576    0.22061  -0.321464    1.92831   -1.35453
  0.397155 -0.0374769    1.98576   0.220408  -0.321481    1.92841   -1.35456
  0.397241 -0.0375169    1.98576   0.220206  -0.321498    1.92852    -1.3546
  0.397326 -0.0375567    1.98577   0.220005  -0.321516    1.92862   -1.35463
  0.397411 -0.0375965    1.98577   0.219805  -0.321533    1.92873   -1.35466
  0.397496 -0.0376361    1.98577   0.219604   -0.32155    1.92883   -1.35469
  0.397581 -0.0376757    1.98578   0.219405  -0.321567    1.92893   -1.35473
  0.397665 -0.0377151    1.98578   0.219205  -0.321584    1.92904   -1.35476
   0.39775 -0.0377545    1.98578   0.219007  -0.321601    1.92914   -1.35479
  0.397834 -0.0377937    1.98579   0.218808  -0.321618    1.92924   -1.35482
  0.397918 -0.0378329    1.98579   0.218611  -0.321635    1.92934   -1.35486
  0.398001 -0.0378719    1.98579   0.218413  -0.321652    1.92945   -1.35489
  0.398085 -0.0379109    1.98579   0.218217  -0.321669    1.92955   -1.35492
  0.398168 -0.0379498     1.9858    0.21802  -0.321686    1.92965   -1.35495
  0.398251 -0.0379885     1.9858   0.217825  -0.321703    1.92975   -1.35498
  0.398334 -0.0380272     1.9858   0.217629  -0.321719    1.92985   -1.35502
  0.398417 -0.0380658    1.98581   0.217435  -0.321736    1.92995   -1.35505
  0.398499 -0.0381042    1.98581    0.21724  -0.321753    1.93005   -1.35508
  0.398581 -0.0381426    1.98581   0.217046   -0.32177    1.93015   -1.35511
  0.398663 -0.0381809    1.98582   0.216853  -0.321787    1.93025   -1.35514
  0.398745 -0.0382191    1.98582    0.21666  -0.321803    1.93035   -1.35518
  0.398827 -0.0382572    1.98582   0.216468   -0.32182    1.93045   -1.35521
  0.398908 -0.0382951    1.98582   0.216276  -0.321837    1.93055   -1.35524
  0.39899 -0.038333   1.98583  0.216084 -0.321853   1.93065  -1.35527
  0.399071 -0.0383708    1.98583   0.215893   -0.32187    1.93075    -1.3553
  0.399152 -0.0384085    1.98583   0.215703  -0.321886    1.93085   -1.35533
  0.399232 -0.0384462    1.98584   0.215513  -0.321903    1.93095   -1.35536
  0.399313 -0.0384837    1.98584   0.215323   -0.32192    1.93105   -1.35539
  0.399393 -0.0385211    1.98584   0.215134  -0.321936    1.93114   -1.35543
  0.399473 -0.0385584    1.98585   0.214945  -0.321953    1.93124   -1.35546
  0.399553 -0.0385957    1.98585   0.214757  -0.321969    1.93134   -1.35549
  0.399632 -0.0386328    1.98585    0.21457  -0.321985    1.93143   -1.35552
  0.399712 -0.0386698    1.98586   0.214382  -0.322002    1.93153   -1.35555
  0.399791 -0.0387068    1.98586   0.214196  -0.322018    1.93163   -1.35558
   0.39987 -0.0387437    1.98586   0.214009  -0.322035    1.93172   -1.35561
  0.399949 -0.0387804    1.98586   0.213823  -0.322051    1.93182   -1.35564
  0.400028 -0.0388171    1.98587   0.213638  -0.322067    1.93192   -1.35567
  0.400106 -0.0388537    1.98587   0.213453  -0.322083    1.93201    -1.3557
  0.400184 -0.0388902    1.98587   0.213269    -0.3221    1.93211   -1.35573
  0.400262 -0.0389266    1.98588   0.213085  -0.322116     1.9322   -1.35576
   0.40034 -0.0389629    1.98588   0.212901  -0.322132     1.9323   -1.35579
  0.400418 -0.0389991    1.98588   0.212718  -0.322148    1.93239   -1.35582
  0.400496 -0.0390353    1.98589   0.212535  -0.322165    1.93249   -1.35585
  0.400573 -0.0390713    1.98589   0.212353  -0.322181    1.93258   -1.35588
   0.40065 -0.0391072    1.98589   0.212171  -0.322197    1.93268   -1.35591
  0.400727 -0.0391431    1.98589    0.21199  -0.322213    1.93277   -1.35594
  0.400804 -0.0391789     1.9859   0.211809  -0.322229    1.93286   -1.35597
   0.40088 -0.0392145     1.9859   0.211629  -0.322245    1.93296     -1.356
  0.400957 -0.0392501     1.9859   0.211449  -0.322261    1.93305   -1.35603
  0.401033 -0.0392856    1.98591   0.211269  -0.322277    1.93314   -1.35606
 0.401109 -0.039321   1.98591   0.21109 -0.322293   1.93323  -1.35609
  0.401185 -0.0393564    1.98591   0.210912  -0.322309    1.93333   -1.35612
   0.40126 -0.0393916    1.98592   0.210733  -0.322325    1.93342   -1.35615
  0.401336 -0.0394267    1.98592   0.210556  -0.322341    1.93351   -1.35618
  0.401411 -0.0394618    1.98592   0.210378  -0.322357     1.9336   -1.35621
  0.401486 -0.0394968    1.98592   0.210201  -0.322372    1.93369   -1.35623
  0.401561 -0.0395317    1.98593   0.210025  -0.322388    1.93379   -1.35626
  0.401636 -0.0395664    1.98593   0.209849  -0.322404    1.93388   -1.35629
   0.40171 -0.0396012    1.98593   0.209673   -0.32242    1.93397   -1.35632
  0.401784 -0.0396358    1.98594   0.209498  -0.322436    1.93406   -1.35635
  0.401859 -0.0396703    1.98594   0.209324  -0.322451    1.93415   -1.35638
  0.401933 -0.0397048    1.98594   0.209149  -0.322467    1.93424   -1.35641
  0.402006 -0.0397391    1.98595   0.208975  -0.322483    1.93433   -1.35644
   0.40208 -0.0397734    1.98595   0.208802  -0.322498    1.93442   -1.35646
  0.402153 -0.0398076    1.98595   0.208629  -0.322514    1.93451   -1.35649
  0.402227 -0.0398417    1.98596   0.208456   -0.32253     1.9346   -1.35652
    0.4023 -0.0398757    1.98596   0.208284  -0.322545    1.93469   -1.35655
  0.402373 -0.0399097    1.98596   0.208112  -0.322561    1.93477   -1.35658
  0.402445 -0.0399435    1.98596   0.207941  -0.322576    1.93486   -1.35661
  0.402518 -0.0399773    1.98597    0.20777  -0.322592    1.93495   -1.35663
   0.40259 -0.0400109    1.98597     0.2076  -0.322607    1.93504   -1.35666
  0.402662 -0.0400445    1.98597    0.20743  -0.322623    1.93513   -1.35669
  0.402734 -0.0400781    1.98598    0.20726  -0.322638    1.93521   -1.35672
  0.402806 -0.0401115    1.98598   0.207091  -0.322654     1.9353   -1.35675
  0.402878 -0.0401448    1.98598   0.206922  -0.322669    1.93539   -1.35677
  0.402949 -0.0401781    1.98599   0.206754  -0.322684    1.93548    -1.3568
  0.403021 -0.0402113    1.98599   0.206586    -0.3227    1.93556   -1.35683
  0.403092 -0.0402444    1.98599   0.206418  -0.322715    1.93565   -1.35686
  0.403163 -0.0402774    1.98599   0.206251   -0.32273    1.93574   -1.35688
  0.403233 -0.0403103      1.986   0.206084  -0.322746    1.93582   -1.35691
  0.403304 -0.0403432      1.986   0.205918  -0.322761    1.93591   -1.35694
  0.403374 -0.0403759      1.986   0.205752  -0.322776    1.93599   -1.35697
  0.403445 -0.0404086    1.98601   0.205587  -0.322791    1.93608   -1.35699
  0.403515 -0.0404412    1.98601   0.205421  -0.322807    1.93616   -1.35702
  0.403585 -0.0404737    1.98601   0.205257  -0.322822    1.93625   -1.35705
  0.403654 -0.0405062    1.98602   0.205092  -0.322837    1.93633   -1.35708
  0.403724 -0.0405385    1.98602   0.204929  -0.322852    1.93642    -1.3571
  0.403793 -0.0405708    1.98602   0.204765  -0.322867     1.9365   -1.35713
 0.403863 -0.040603   1.98603  0.204602 -0.322882   1.93659  -1.35716
  0.403932 -0.0406351    1.98603   0.204439  -0.322897    1.93667   -1.35718
  0.404001 -0.0406672    1.98603   0.204277  -0.322912    1.93676   -1.35721
  0.404069 -0.0406991    1.98603   0.204115  -0.322927    1.93684   -1.35724
 0.404138 -0.040731   1.98604  0.203954 -0.322942   1.93692  -1.35726
  0.404206 -0.0407628    1.98604   0.203793  -0.322957    1.93701   -1.35729
  0.404274 -0.0407945    1.98604   0.203632  -0.322972    1.93709   -1.35732
  0.404343 -0.0408262    1.98605   0.203472  -0.322987    1.93717   -1.35734
   0.40441 -0.0408577    1.98605   0.203312  -0.323002    1.93725   -1.35737
  0.404478 -0.0408892    1.98605   0.203152  -0.323017    1.93734    -1.3574
  0.404546 -0.0409206    1.98606   0.202993  -0.323032    1.93742   -1.35742
 0.404613 -0.040952   1.98606  0.202834 -0.323047    1.9375  -1.35745
   0.40468 -0.0409832    1.98606   0.202676  -0.323061    1.93758   -1.35747
  0.404747 -0.0410144    1.98607   0.202518  -0.323076    1.93766    -1.3575
  0.404814 -0.0410455    1.98607    0.20236  -0.323091    1.93775   -1.35753
  0.404881 -0.0410765    1.98607   0.202203  -0.323106    1.93783   -1.35755
  0.404948 -0.0411074    1.98608   0.202046  -0.323121    1.93791   -1.35758
  0.405014 -0.0411383    1.98608    0.20189  -0.323135    1.93799    -1.3576
   0.40508 -0.0411691    1.98608   0.201734   -0.32315    1.93807   -1.35763
  0.405146 -0.0411998    1.98608   0.201578  -0.323165    1.93815   -1.35766
  0.405212 -0.0412304    1.98609   0.201423  -0.323179    1.93823   -1.35768
 0.405278 -0.041261   1.98609  0.201268 -0.323194   1.93831  -1.35771
  0.405344 -0.0412914    1.98609   0.201113  -0.323209    1.93839   -1.35773
  0.405409 -0.0413219     1.9861   0.200959  -0.323223    1.93847   -1.35776
  0.405474 -0.0413522     1.9861   0.200805  -0.323238    1.93855   -1.35778
  0.405539 -0.0413824     1.9861   0.200652  -0.323252    1.93863   -1.35781
  0.405604 -0.0414126    1.98611   0.200499  -0.323267    1.93871   -1.35783
  0.405669 -0.0414427    1.98611   0.200346  -0.323281    1.93879   -1.35786
  0.405734 -0.0414727    1.98611   0.200194  -0.323296    1.93886   -1.35788
  0.405798 -0.0415027    1.98612   0.200042   -0.32331    1.93894   -1.35791
  0.405863 -0.0415326    1.98612   0.199891  -0.323325    1.93902   -1.35793
  0.405927 -0.0415624    1.98612   0.199739  -0.323339     1.9391   -1.35796
  0.405991 -0.0415921    1.98613   0.199589  -0.323353    1.93918   -1.35798
  0.406055 -0.0416217    1.98613   0.199438  -0.323368    1.93926   -1.35801
  0.406118 -0.0416513    1.98613   0.199288  -0.323382    1.93933   -1.35803
  0.406182 -0.0416808    1.98613   0.199138  -0.323397    1.93941   -1.35806
  0.406245 -0.0417103    1.98614   0.198989  -0.323411    1.93949   -1.35808
  0.406309 -0.0417396    1.98614    0.19884  -0.323425    1.93956   -1.35811
  0.406372 -0.0417689    1.98614   0.198691  -0.323439    1.93964   -1.35813
  0.406435 -0.0417981    1.98615   0.198543  -0.323454    1.93972   -1.35816
  0.406498 -0.0418273    1.98615   0.198395  -0.323468    1.93979   -1.35818
   0.40656 -0.0418563    1.98615   0.198248  -0.323482    1.93987   -1.35821
  0.406623 -0.0418853    1.98616   0.198101  -0.323496    1.93995   -1.35823
  0.406685 -0.0419143    1.98616   0.197954  -0.323511    1.94002   -1.35825
  0.406747 -0.0419431    1.98616   0.197807  -0.323525     1.9401   -1.35828
  0.406809 -0.0419719    1.98617   0.197661  -0.323539    1.94017    -1.3583
  0.406871 -0.0420006    1.98617   0.197516  -0.323553    1.94025   -1.35833
  0.406933 -0.0420292    1.98617    0.19737  -0.323567    1.94032   -1.35835
  0.406994 -0.0420578    1.98618   0.197225  -0.323581     1.9404   -1.35837
  0.407056 -0.0420863    1.98618   0.197081  -0.323595    1.94047    -1.3584
  0.407117 -0.0421147    1.98618   0.196936  -0.323609    1.94055   -1.35842
  0.407178 -0.0421431    1.98618   0.196792  -0.323623    1.94062   -1.35845
  0.407239 -0.0421714    1.98619   0.196649  -0.323637    1.94069   -1.35847
    0.4073 -0.0421996    1.98619   0.196505  -0.323651    1.94077   -1.35849
  0.407361 -0.0422277    1.98619   0.196362  -0.323665    1.94084   -1.35852
  0.407421 -0.0422558     1.9862    0.19622  -0.323679    1.94092   -1.35854
  0.407482 -0.0422838     1.9862   0.196078  -0.323693    1.94099   -1.35856
  0.407542 -0.0423117     1.9862   0.195936  -0.323707    1.94106   -1.35859
  0.407602 -0.0423396    1.98621   0.195794  -0.323721    1.94114   -1.35861
  0.407662 -0.0423674    1.98621   0.195653  -0.323735    1.94121   -1.35864
  0.407722 -0.0423951    1.98621   0.195512  -0.323748    1.94128   -1.35866
  0.407781 -0.0424228    1.98622   0.195372  -0.323762    1.94135   -1.35868
  0.407841 -0.0424504    1.98622   0.195232  -0.323776    1.94143   -1.35871
    0.4079 -0.0424779    1.98622   0.195092   -0.32379     1.9415   -1.35873
   0.40796 -0.0425053    1.98623   0.194952  -0.323804    1.94157   -1.35875
  0.408019 -0.0425327    1.98623   0.194813  -0.323817    1.94164   -1.35877
 0.408078  -0.04256   1.98623  0.194674 -0.323831   1.94171   -1.3588
  0.408136 -0.0425873    1.98624   0.194536  -0.323845    1.94178   -1.35882
  0.408195 -0.0426144    1.98624   0.194398  -0.323858    1.94186   -1.35884
  0.408254 -0.0426416    1.98624    0.19426  -0.323872    1.94193   -1.35887
  0.408312 -0.0426686    1.98625   0.194123  -0.323886      1.942   -1.35889
   0.40837 -0.0426956    1.98625   0.193985  -0.323899    1.94207   -1.35891
  0.408428 -0.0427225    1.98625   0.193849  -0.323913    1.94214   -1.35893
  0.408486 -0.0427493    1.98626   0.193712  -0.323927    1.94221   -1.35896
  0.408544 -0.0427761    1.98626   0.193576   -0.32394    1.94228   -1.35898
  0.408602 -0.0428028    1.98626    0.19344  -0.323954    1.94235     -1.359
  0.408659 -0.0428295    1.98626   0.193305  -0.323967    1.94242   -1.35902
 0.408717 -0.042856   1.98627   0.19317 -0.323981   1.94249  -1.35905
  0.408774 -0.0428826    1.98627   0.193035  -0.323994    1.94256   -1.35907
 0.408831 -0.042909   1.98627    0.1929 -0.324008   1.94263  -1.35909
  0.408888 -0.0429354    1.98628   0.192766  -0.324021     1.9427   -1.35911
  0.408945 -0.0429617    1.98628   0.192632  -0.324035    1.94277   -1.35914
  0.409002 -0.0429879    1.98628   0.192499  -0.324048    1.94284   -1.35916
  0.409058 -0.0430141    1.98629   0.192366  -0.324061     1.9429   -1.35918
  0.409114 -0.0430402    1.98629   0.192233  -0.324075    1.94297    -1.3592
  0.409171 -0.0430663    1.98629     0.1921  -0.324088    1.94304   -1.35922
  0.409227 -0.0430923     1.9863   0.191968  -0.324102    1.94311   -1.35925
  0.409283 -0.0431182     1.9863   0.191836  -0.324115    1.94318   -1.35927
  0.409339 -0.0431441     1.9863   0.191705  -0.324128    1.94325   -1.35929
  0.409395 -0.0431699    1.98631   0.191573  -0.324141    1.94331   -1.35931
   0.40945 -0.0431956    1.98631   0.191442  -0.324155    1.94338   -1.35933
  0.409506 -0.0432213    1.98631   0.191312  -0.324168    1.94345   -1.35936
  0.409561 -0.0432469    1.98632   0.191182  -0.324181    1.94352   -1.35938
  0.409616 -0.0432724    1.98632   0.191052  -0.324194    1.94358    -1.3594
  0.409671 -0.0432979    1.98632   0.190922  -0.324208    1.94365   -1.35942
  0.409726 -0.0433233    1.98633   0.190793  -0.324221    1.94372   -1.35944
  0.409781 -0.0433486    1.98633   0.190663  -0.324234    1.94378   -1.35946
  0.409836 -0.0433739    1.98633   0.190535  -0.324247    1.94385   -1.35948
   0.40989 -0.0433992    1.98634   0.190406   -0.32426    1.94391   -1.35951
  0.409945 -0.0434243    1.98634   0.190278  -0.324273    1.94398   -1.35953
  0.409999 -0.0434494    1.98634    0.19015  -0.324286    1.94405   -1.35955
  0.410053 -0.0434744    1.98635   0.190023    -0.3243    1.94411   -1.35957
  0.410107 -0.0434994    1.98635   0.189896  -0.324313    1.94418   -1.35959
  0.410161 -0.0435243    1.98635   0.189769  -0.324326    1.94424   -1.35961
  0.410215 -0.0435492    1.98636   0.189642  -0.324339    1.94431   -1.35963
 0.410269 -0.043574   1.98636  0.189516 -0.324352   1.94437  -1.35965
  0.410322 -0.0435987    1.98636    0.18939  -0.324365    1.94444   -1.35968
  0.410375 -0.0436234    1.98637   0.189265  -0.324378     1.9445    -1.3597
 0.410429 -0.043648   1.98637  0.189139 -0.324391   1.94457  -1.35972
  0.410482 -0.0436725    1.98637   0.189014  -0.324404    1.94463   -1.35974
 0.410535 -0.043697   1.98638  0.188889 -0.324416    1.9447  -1.35976
  0.410588 -0.0437214    1.98638   0.188765  -0.324429    1.94476   -1.35978
   0.41064 -0.0437458    1.98638   0.188641  -0.324442    1.94482    -1.3598
  0.410693 -0.0437701    1.98639   0.188517  -0.324455    1.94489   -1.35982
  0.410745 -0.0437943    1.98639   0.188394  -0.324468    1.94495   -1.35984
  0.410798 -0.0438185    1.98639    0.18827  -0.324481    1.94502   -1.35986
   0.41085 -0.0438426     1.9864   0.188147  -0.324494    1.94508   -1.35988
  0.410902 -0.0438667     1.9864   0.188025  -0.324506    1.94514    -1.3599
  0.410954 -0.0438907     1.9864   0.187902  -0.324519    1.94521   -1.35992
  0.411006 -0.0439146    1.98641    0.18778  -0.324532    1.94527   -1.35994
  0.411058 -0.0439385    1.98641   0.187659  -0.324545    1.94533   -1.35996
  0.411109 -0.0439623    1.98641   0.187537  -0.324557    1.94539   -1.35998
  0.411161 -0.0439861    1.98642   0.187416   -0.32457    1.94546      -1.36
  0.411212 -0.0440098    1.98642   0.187295  -0.324583    1.94552   -1.36002
  0.411263 -0.0440334    1.98642   0.187175  -0.324595    1.94558   -1.36004
 0.411314 -0.044057   1.98643  0.187054 -0.324608   1.94564  -1.36006
  0.411365 -0.0440805    1.98643   0.186934  -0.324621     1.9457   -1.36008
 0.411416 -0.044104   1.98643  0.186815 -0.324633   1.94577   -1.3601
  0.411467 -0.0441274    1.98644   0.186695  -0.324646    1.94583   -1.36012
  0.411518 -0.0441508    1.98644   0.186576  -0.324659    1.94589   -1.36014
  0.411568 -0.0441741    1.98644   0.186457  -0.324671    1.94595   -1.36016
  0.411619 -0.0441973    1.98645   0.186339  -0.324684    1.94601   -1.36018
  0.411669 -0.0442205    1.98645    0.18622  -0.324696    1.94607    -1.3602
  0.411719 -0.0442436    1.98645   0.186102  -0.324709    1.94613   -1.36022
  0.411769 -0.0442667    1.98646   0.185985  -0.324721    1.94619   -1.36024
  0.411819 -0.0442897    1.98646   0.185867  -0.324734    1.94625   -1.36026
  0.411869 -0.0443126    1.98646    0.18575  -0.324746    1.94631   -1.36028
  0.411918 -0.0443355    1.98647   0.185633  -0.324759    1.94637    -1.3603
  0.411968 -0.0443584    1.98647   0.185517  -0.324771    1.94643   -1.36032
  0.412017 -0.0443811    1.98647   0.185401  -0.324784    1.94649   -1.36034
  0.412066 -0.0444039    1.98648   0.185285  -0.324796    1.94655   -1.36036
  0.412116 -0.0444265    1.98648   0.185169  -0.324808    1.94661   -1.36038
  0.412165 -0.0444491    1.98648   0.185053  -0.324821    1.94667    -1.3604
  0.412214 -0.0444717    1.98649   0.184938  -0.324833    1.94673   -1.36042
  0.412262 -0.0444942    1.98649   0.184823  -0.324846    1.94679   -1.36044
  0.412311 -0.0445166    1.98649   0.184709  -0.324858    1.94685   -1.36046
  0.41236 -0.044539    1.9865  0.184595  -0.32487   1.94691  -1.36047
  0.412408 -0.0445613     1.9865    0.18448  -0.324882    1.94697   -1.36049
  0.412457 -0.0445836     1.9865   0.184367  -0.324895    1.94703   -1.36051
  0.412505 -0.0446058    1.98651   0.184253  -0.324907    1.94709   -1.36053
 0.412553 -0.044628   1.98651   0.18414 -0.324919   1.94714  -1.36055
  0.412601 -0.0446501    1.98651   0.184027  -0.324931     1.9472   -1.36057
  0.412649 -0.0446722    1.98652   0.183914  -0.324944    1.94726   -1.36059
  0.412697 -0.0446942    1.98652   0.183802  -0.324956    1.94732   -1.36061
  0.412744 -0.0447161    1.98652    0.18369  -0.324968    1.94738   -1.36063
 0.412792 -0.044738   1.98653  0.183578  -0.32498   1.94743  -1.36064
  0.412839 -0.0447598    1.98653   0.183466  -0.324992    1.94749   -1.36066
  0.412887 -0.0447816    1.98653   0.183355  -0.325005    1.94755   -1.36068
  0.412934 -0.0448033    1.98654   0.183244  -0.325017    1.94761    -1.3607
 0.412981 -0.044825   1.98654  0.183133 -0.325029   1.94766  -1.36072
  0.413028 -0.0448466    1.98654   0.183023  -0.325041    1.94772   -1.36074
  0.413075 -0.0448682    1.98655   0.182912  -0.325053    1.94778   -1.36076
  0.413121 -0.0448897    1.98655   0.182802  -0.325065    1.94783   -1.36077
  0.413168 -0.0449112    1.98655   0.182693  -0.325077    1.94789   -1.36079
  0.413215 -0.0449326    1.98656   0.182583  -0.325089    1.94795   -1.36081
  0.413261 -0.0449539    1.98656   0.182474  -0.325101      1.948   -1.36083
  0.413307 -0.0449752    1.98656   0.182365  -0.325113    1.94806   -1.36085
  0.413354 -0.0449965    1.98657   0.182257  -0.325125    1.94811   -1.36087
    0.4134 -0.0450177    1.98657   0.182148  -0.325137    1.94817   -1.36088
  0.413446 -0.0450388    1.98657    0.18204  -0.325149    1.94823    -1.3609
  0.413492 -0.0450599    1.98658   0.181932  -0.325161    1.94828   -1.36092
  0.413537 -0.0450809    1.98658   0.181824  -0.325173    1.94834   -1.36094
  0.413583 -0.0451019    1.98658   0.181717  -0.325185    1.94839   -1.36096
  0.413628 -0.0451228    1.98659    0.18161  -0.325197    1.94845   -1.36097
  0.413674 -0.0451437    1.98659   0.181503  -0.325209     1.9485   -1.36099
  0.413719 -0.0451646    1.98659   0.181397   -0.32522    1.94856   -1.36101
  0.413764 -0.0451853     1.9866    0.18129  -0.325232    1.94861   -1.36103
  0.413809 -0.0452061     1.9866   0.181184  -0.325244    1.94867   -1.36104
  0.413854 -0.0452267    1.98661   0.181078  -0.325256    1.94872   -1.36106
  0.413899 -0.0452473    1.98661   0.180973  -0.325268    1.94878   -1.36108
  0.413944 -0.0452679    1.98661   0.180867   -0.32528    1.94883    -1.3611
  0.413989 -0.0452884    1.98662   0.180762  -0.325291    1.94888   -1.36112
  0.414033 -0.0453089    1.98662   0.180658  -0.325303    1.94894   -1.36113
  0.414078 -0.0453293    1.98662   0.180553  -0.325315    1.94899   -1.36115
  0.414122 -0.0453497    1.98663   0.180449  -0.325327    1.94904   -1.36117
 0.414166  -0.04537   1.98663  0.180345 -0.325338    1.9491  -1.36119
  0.414211 -0.0453903    1.98663   0.180241   -0.32535    1.94915    -1.3612
  0.414255 -0.0454105    1.98664   0.180137  -0.325362    1.94921   -1.36122
  0.414299 -0.0454306    1.98664   0.180034  -0.325373    1.94926   -1.36124
  0.414342 -0.0454508    1.98664   0.179931  -0.325385    1.94931   -1.36125
  0.414386 -0.0454708    1.98665   0.179828  -0.325397    1.94936   -1.36127
   0.41443 -0.0454908    1.98665   0.179726  -0.325408    1.94942   -1.36129
  0.414473 -0.0455108    1.98665   0.179623   -0.32542    1.94947   -1.36131
  0.414517 -0.0455307    1.98666   0.179521  -0.325431    1.94952   -1.36132
   0.41456 -0.0455506    1.98666    0.17942  -0.325443    1.94957   -1.36134
  0.414603 -0.0455704    1.98666   0.179318  -0.325455    1.94963   -1.36136
  0.414646 -0.0455902    1.98667   0.179217  -0.325466    1.94968   -1.36137
  0.414689 -0.0456099    1.98667   0.179116  -0.325478    1.94973   -1.36139
  0.414732 -0.0456295    1.98667   0.179015  -0.325489    1.94978   -1.36141
  0.414775 -0.0456492    1.98668   0.178914  -0.325501    1.94983   -1.36142
  0.414817 -0.0456687    1.98668   0.178814  -0.325512    1.94989   -1.36144
   0.41486 -0.0456882    1.98669   0.178714  -0.325524    1.94994   -1.36146
  0.414903 -0.0457077    1.98669   0.178614  -0.325535    1.94999   -1.36148
  0.414945 -0.0457271    1.98669   0.178514  -0.325547    1.95004   -1.36149
  0.414987 -0.0457465     1.9867   0.178415  -0.325558    1.95009   -1.36151
  0.415029 -0.0457658     1.9867   0.178316  -0.325569    1.95014   -1.36153
  0.415071 -0.0457851     1.9867   0.178217  -0.325581    1.95019   -1.36154
  0.415113 -0.0458044    1.98671   0.178118  -0.325592    1.95024   -1.36156
  0.415155 -0.0458235    1.98671    0.17802  -0.325604     1.9503   -1.36157
  0.415197 -0.0458427    1.98671   0.177921  -0.325615    1.95035   -1.36159
  0.415239 -0.0458618    1.98672   0.177823  -0.325626     1.9504   -1.36161
   0.41528 -0.0458808    1.98672   0.177726  -0.325638    1.95045   -1.36162
  0.415322 -0.0458998    1.98672   0.177628  -0.325649     1.9505   -1.36164
  0.415363 -0.0459187    1.98673   0.177531   -0.32566    1.95055   -1.36166
  0.415404 -0.0459376    1.98673   0.177434  -0.325672     1.9506   -1.36167
  0.415446 -0.0459565    1.98673   0.177337  -0.325683    1.95065   -1.36169
  0.415487 -0.0459753    1.98674   0.177241  -0.325694     1.9507   -1.36171
  0.415528 -0.0459941    1.98674   0.177144  -0.325705    1.95075   -1.36172
  0.415568 -0.0460128    1.98675   0.177048  -0.325717     1.9508   -1.36174
  0.415609 -0.0460314    1.98675   0.176952  -0.325728    1.95084   -1.36175
   0.41565 -0.0460501    1.98675   0.176857  -0.325739    1.95089   -1.36177
  0.415691 -0.0460686    1.98676   0.176761   -0.32575    1.95094   -1.36179
  0.415731 -0.0460872    1.98676   0.176666  -0.325762    1.95099    -1.3618
  0.415771 -0.0461056    1.98676   0.176571  -0.325773    1.95104   -1.36182
  0.415812 -0.0461241    1.98677   0.176476  -0.325784    1.95109   -1.36183
  0.415852 -0.0461425    1.98677   0.176382  -0.325795    1.95114   -1.36185
  0.415892 -0.0461608    1.98677   0.176288  -0.325806    1.95119   -1.36187
  0.415932 -0.0461791    1.98678   0.176194  -0.325817    1.95123   -1.36188
  0.415972 -0.0461973    1.98678     0.1761  -0.325828    1.95128    -1.3619
  0.416012 -0.0462155    1.98678   0.176006  -0.325839    1.95133   -1.36191
  0.416051 -0.0462337    1.98679   0.175913  -0.325851    1.95138   -1.36193
  0.416091 -0.0462518    1.98679    0.17582  -0.325862    1.95143   -1.36194
  0.416131 -0.0462699     1.9868   0.175727  -0.325873    1.95147   -1.36196
   0.41617 -0.0462879     1.9868   0.175634  -0.325884    1.95152   -1.36198
  0.416209 -0.0463059     1.9868   0.175542  -0.325895    1.95157   -1.36199
  0.416249 -0.0463238    1.98681    0.17545  -0.325906    1.95162   -1.36201
  0.416288 -0.0463417    1.98681   0.175358  -0.325917    1.95166   -1.36202
  0.416327 -0.0463596    1.98681   0.175266  -0.325928    1.95171   -1.36204
  0.416366 -0.0463774    1.98682   0.175174  -0.325939    1.95176   -1.36205
  0.416405 -0.0463951    1.98682   0.175083   -0.32595    1.95181   -1.36207
  0.416444 -0.0464128    1.98682   0.174992  -0.325961    1.95185   -1.36208
  0.416482 -0.0464305    1.98683   0.174901  -0.325972     1.9519    -1.3621
  0.416521 -0.0464481    1.98683    0.17481  -0.325982    1.95195   -1.36211
  0.416559 -0.0464657    1.98684    0.17472  -0.325993    1.95199   -1.36213
  0.416598 -0.0464832    1.98684   0.174629  -0.326004    1.95204   -1.36214
  0.416636 -0.0465007    1.98684   0.174539  -0.326015    1.95209   -1.36216
  0.416674 -0.0465182    1.98685   0.174449  -0.326026    1.95213   -1.36217
  0.416712 -0.0465356    1.98685    0.17436  -0.326037    1.95218   -1.36219
   0.41675 -0.0465529    1.98685    0.17427  -0.326048    1.95222    -1.3622
  0.416788 -0.0465703    1.98686   0.174181  -0.326059    1.95227   -1.36222
  0.416826 -0.0465875    1.98686   0.174092  -0.326069    1.95232   -1.36223
  0.416864 -0.0466048    1.98686   0.174003   -0.32608    1.95236   -1.36225
 0.416902 -0.046622   1.98687  0.173915 -0.326091   1.95241  -1.36226
  0.416939 -0.0466391    1.98687   0.173827  -0.326102    1.95245   -1.36228
  0.416977 -0.0466562    1.98688   0.173738  -0.326113     1.9525   -1.36229
  0.417014 -0.0466733    1.98688   0.173651  -0.326123    1.95254   -1.36231
  0.417052 -0.0466903    1.98688   0.173563  -0.326134    1.95259   -1.36232
  0.417089 -0.0467073    1.98689   0.173475  -0.326145    1.95263   -1.36234
  0.417126 -0.0467242    1.98689   0.173388  -0.326155    1.95268   -1.36235
  0.417163 -0.0467411    1.98689   0.173301  -0.326166    1.95272   -1.36237
    0.4172 -0.0467579     1.9869   0.173214  -0.326177    1.95277   -1.36238
  0.417237 -0.0467747     1.9869   0.173128  -0.326188    1.95281    -1.3624
  0.417274 -0.0467915     1.9869   0.173041  -0.326198    1.95286   -1.36241
   0.41731 -0.0468082    1.98691   0.172955  -0.326209     1.9529   -1.36243
  0.417347 -0.0468249    1.98691   0.172869   -0.32622    1.95294   -1.36244
  0.417384 -0.0468415    1.98692   0.172783   -0.32623    1.95299   -1.36246
   0.41742 -0.0468581    1.98692   0.172697  -0.326241    1.95303   -1.36247
  0.417456 -0.0468747    1.98692   0.172612  -0.326251    1.95308   -1.36248
  0.417493 -0.0468912    1.98693   0.172527  -0.326262    1.95312    -1.3625
  0.417529 -0.0469077    1.98693   0.172442  -0.326273    1.95316   -1.36251
  0.417565 -0.0469241    1.98693   0.172357  -0.326283    1.95321   -1.36253
  0.417601 -0.0469405    1.98694   0.172272  -0.326294    1.95325   -1.36254
  0.417637 -0.0469569    1.98694   0.172188  -0.326304    1.95329   -1.36256
  0.417673 -0.0469732    1.98695   0.172104  -0.326315    1.95334   -1.36257
  0.417709 -0.0469894    1.98695    0.17202  -0.326325    1.95338   -1.36258
  0.417744 -0.0470057    1.98695   0.171936  -0.326336    1.95342    -1.3626
   0.41778 -0.0470219    1.98696   0.171852  -0.326346    1.95347   -1.36261
 0.417815 -0.047038   1.98696  0.171769 -0.326357   1.95351  -1.36263
  0.417851 -0.0470541    1.98696   0.171686  -0.326367    1.95355   -1.36264
  0.417886 -0.0470702    1.98697   0.171603  -0.326378     1.9536   -1.36265
  0.417921 -0.0470862    1.98697    0.17152  -0.326388    1.95364   -1.36267
  0.417956 -0.0471022    1.98697   0.171438  -0.326399    1.95368   -1.36268
  0.417992 -0.0471181    1.98698   0.171355  -0.326409    1.95372    -1.3627
 0.418027 -0.047134   1.98698  0.171273 -0.326419   1.95377  -1.36271
  0.418062 -0.0471499    1.98699   0.171191   -0.32643    1.95381   -1.36272
  0.418096 -0.0471657    1.98699   0.171109   -0.32644    1.95385   -1.36274
  0.418131 -0.0471815    1.98699   0.171028  -0.326451    1.95389   -1.36275
  0.418166 -0.0471973      1.987   0.170946  -0.326461    1.95393   -1.36276
   0.4182 -0.047213     1.987  0.170865 -0.326471   1.95398  -1.36278
  0.418235 -0.0472286      1.987   0.170784  -0.326482    1.95402   -1.36279
  0.418269 -0.0472443    1.98701   0.170703  -0.326492    1.95406   -1.36281
  0.418304 -0.0472599    1.98701   0.170623  -0.326502     1.9541   -1.36282
  0.418338 -0.0472754    1.98702   0.170542  -0.326513    1.95414   -1.36283
  0.418372 -0.0472909    1.98702   0.170462  -0.326523    1.95418   -1.36285
  0.418406 -0.0473064    1.98702   0.170382  -0.326533    1.95422   -1.36286
   0.41844 -0.0473218    1.98703   0.170302  -0.326544    1.95426   -1.36287
  0.418474 -0.0473372    1.98703   0.170222  -0.326554    1.95431   -1.36289
  0.418508 -0.0473526    1.98703   0.170143  -0.326564    1.95435    -1.3629
  0.418542 -0.0473679    1.98704   0.170064  -0.326574    1.95439   -1.36291
  0.418575 -0.0473832    1.98704   0.169984  -0.326584    1.95443   -1.36293
  0.418609 -0.0473984    1.98705   0.169906  -0.326595    1.95447   -1.36294
  0.418643 -0.0474136    1.98705   0.169827  -0.326605    1.95451   -1.36295
  0.418676 -0.0474288    1.98705   0.169748  -0.326615    1.95455   -1.36297
  0.418709 -0.0474439    1.98706    0.16967  -0.326625    1.95459   -1.36298
 0.418743 -0.047459   1.98706  0.169592 -0.326635   1.95463  -1.36299
  0.418776 -0.0474741    1.98706   0.169514  -0.326646    1.95467   -1.36301
  0.418809 -0.0474891    1.98707   0.169436  -0.326656    1.95471   -1.36302
  0.418842 -0.0475041    1.98707   0.169359  -0.326666    1.95475   -1.36303
 0.418875 -0.047519   1.98708  0.169281 -0.326676   1.95479  -1.36305
  0.418908 -0.0475339    1.98708   0.169204  -0.326686    1.95483   -1.36306
  0.418941 -0.0475488    1.98708   0.169127  -0.326696    1.95487   -1.36307
  0.418974 -0.0475636    1.98709    0.16905  -0.326706    1.95491   -1.36309
  0.419006 -0.0475784    1.98709   0.168973  -0.326716    1.95495    -1.3631
  0.419039 -0.0475931     1.9871   0.168897  -0.326726    1.95499   -1.36311
  0.419071 -0.0476078     1.9871   0.168821  -0.326737    1.95503   -1.36312
  0.419104 -0.0476225     1.9871   0.168744  -0.326747    1.95507   -1.36314
  0.419136 -0.0476372    1.98711   0.168669  -0.326757     1.9551   -1.36315
  0.419168 -0.0476518    1.98711   0.168593  -0.326767    1.95514   -1.36316
  0.419201 -0.0476663    1.98711   0.168517  -0.326777    1.95518   -1.36318
  0.419233 -0.0476809    1.98712   0.168442  -0.326787    1.95522   -1.36319
  0.419265 -0.0476954    1.98712   0.168367  -0.326797    1.95526    -1.3632
  0.419297 -0.0477098    1.98713   0.168292  -0.326807     1.9553   -1.36321
  0.419329 -0.0477243    1.98713   0.168217  -0.326817    1.95534   -1.36323
   0.41936 -0.0477386    1.98713   0.168142  -0.326827    1.95537   -1.36324
 0.419392 -0.047753   1.98714  0.168068 -0.326837   1.95541  -1.36325
  0.419424 -0.0477673    1.98714   0.167993  -0.326846    1.95545   -1.36326
  0.419455 -0.0477816    1.98714   0.167919  -0.326856    1.95549   -1.36328
  0.419487 -0.0477958    1.98715   0.167845  -0.326866    1.95553   -1.36329
 0.419518  -0.04781   1.98715  0.167771 -0.326876   1.95557   -1.3633
   0.41955 -0.0478242    1.98716   0.167698  -0.326886     1.9556   -1.36331
  0.419581 -0.0478383    1.98716   0.167624  -0.326896    1.95564   -1.36333
  0.419612 -0.0478524    1.98716   0.167551  -0.326906    1.95568   -1.36334
  0.419643 -0.0478665    1.98717   0.167478  -0.326916    1.95572   -1.36335
  0.419675 -0.0478805    1.98717   0.167405  -0.326926    1.95575   -1.36336
  0.419706 -0.0478945    1.98718   0.167332  -0.326935    1.95579   -1.36338
  0.419736 -0.0479085    1.98718    0.16726  -0.326945    1.95583   -1.36339
  0.419767 -0.0479224    1.98718   0.167188  -0.326955    1.95586    -1.3634
  0.419798 -0.0479363    1.98719   0.167115  -0.326965     1.9559   -1.36341
  0.419829 -0.0479502    1.98719   0.167043  -0.326975    1.95594   -1.36342
 0.419859 -0.047964   1.98719  0.166971 -0.326984   1.95598  -1.36344
   0.41989 -0.0479778     1.9872     0.1669  -0.326994    1.95601   -1.36345
   0.41992 -0.0479915     1.9872   0.166828  -0.327004    1.95605   -1.36346
  0.419951 -0.0480052    1.98721   0.166757  -0.327014    1.95609   -1.36347
  0.419981 -0.0480189    1.98721   0.166686  -0.327024    1.95612   -1.36349
  0.420011 -0.0480325    1.98721   0.166615  -0.327033    1.95616    -1.3635
  0.420042 -0.0480462    1.98722   0.166544  -0.327043     1.9562   -1.36351
  0.420072 -0.0480597    1.98722   0.166473  -0.327053    1.95623   -1.36352
  0.420102 -0.0480733    1.98723   0.166403  -0.327062    1.95627   -1.36353
  0.420132 -0.0480868    1.98723   0.166332  -0.327072     1.9563   -1.36355
  0.420162 -0.0481003    1.98723   0.166262  -0.327082    1.95634   -1.36356
  0.420192 -0.0481137    1.98724   0.166192  -0.327092    1.95638   -1.36357
  0.420221 -0.0481271    1.98724   0.166123  -0.327101    1.95641   -1.36358
  0.420251 -0.0481405    1.98725   0.166053  -0.327111    1.95645   -1.36359
  0.420281 -0.0481538    1.98725   0.165983   -0.32712    1.95648    -1.3636
   0.42031 -0.0481671    1.98725   0.165914   -0.32713    1.95652   -1.36362
   0.42034 -0.0481804    1.98726   0.165845   -0.32714    1.95655   -1.36363
  0.420369 -0.0481936    1.98726   0.165776  -0.327149    1.95659   -1.36364
  0.420399 -0.0482069    1.98726   0.165707  -0.327159    1.95663   -1.36365
 0.420428  -0.04822   1.98727  0.165638 -0.327169   1.95666  -1.36366
  0.420457 -0.0482332    1.98727    0.16557  -0.327178     1.9567   -1.36367
  0.420486 -0.0482463    1.98728   0.165502  -0.327188    1.95673   -1.36369
  0.420515 -0.0482593    1.98728   0.165434  -0.327197    1.95677    -1.3637
  0.420544 -0.0482724    1.98728   0.165366  -0.327207     1.9568   -1.36371
  0.420573 -0.0482854    1.98729   0.165298  -0.327216    1.95684   -1.36372
  0.420602 -0.0482984    1.98729    0.16523  -0.327226    1.95687   -1.36373
  0.420631 -0.0483113     1.9873   0.165162  -0.327235    1.95691   -1.36374
   0.42066 -0.0483242     1.9873   0.165095  -0.327245    1.95694   -1.36375
  0.420688 -0.0483371     1.9873   0.165028  -0.327254    1.95697   -1.36377
  0.420717 -0.0483499    1.98731   0.164961  -0.327264    1.95701   -1.36378
  0.420745 -0.0483627    1.98731   0.164894  -0.327273    1.95704   -1.36379
  0.420774 -0.0483755    1.98732   0.164827  -0.327283    1.95708    -1.3638
  0.420802 -0.0483883    1.98732   0.164761  -0.327292    1.95711   -1.36381
 0.420831 -0.048401   1.98732  0.164694 -0.327302   1.95715  -1.36382
  0.420859 -0.0484137    1.98733   0.164628  -0.327311    1.95718   -1.36383
  0.420887 -0.0484263    1.98733   0.164562  -0.327321    1.95721   -1.36385
  0.420915 -0.0484389    1.98734   0.164496   -0.32733    1.95725   -1.36386
  0.420943 -0.0484515    1.98734    0.16443   -0.32734    1.95728   -1.36387
  0.420971 -0.0484641    1.98734   0.164365  -0.327349    1.95731   -1.36388
  0.420999 -0.0484766    1.98735   0.164299  -0.327358    1.95735   -1.36389
  0.421027 -0.0484891    1.98735   0.164234  -0.327368    1.95738    -1.3639
  0.421055 -0.0485016    1.98735   0.164169  -0.327377    1.95742   -1.36391
 0.421083 -0.048514   1.98736  0.164104 -0.327387   1.95745  -1.36392
   0.42111 -0.0485264    1.98736   0.164039  -0.327396    1.95748   -1.36393
  0.421138 -0.0485388    1.98737   0.163975  -0.327405    1.95752   -1.36395
  0.421165 -0.0485511    1.98737    0.16391  -0.327415    1.95755   -1.36396
  0.421193 -0.0485634    1.98737   0.163846  -0.327424    1.95758   -1.36397
   0.42122 -0.0485757    1.98738   0.163781  -0.327433    1.95761   -1.36398
  0.421247 -0.0485879    1.98738   0.163717  -0.327443    1.95765   -1.36399
  0.421275 -0.0486001    1.98739   0.163654  -0.327452    1.95768     -1.364
  0.421302 -0.0486123    1.98739    0.16359  -0.327461    1.95771   -1.36401
  0.421329 -0.0486244    1.98739   0.163526   -0.32747    1.95775   -1.36402
  0.421356 -0.0486366     1.9874   0.163463   -0.32748    1.95778   -1.36403
  0.421383 -0.0486486     1.9874   0.163399  -0.327489    1.95781   -1.36404
   0.42141 -0.0486607    1.98741   0.163336  -0.327498    1.95784   -1.36405
  0.421437 -0.0486727    1.98741   0.163273  -0.327508    1.95788   -1.36406
  0.421464 -0.0486847    1.98741   0.163211  -0.327517    1.95791   -1.36408
  0.421491 -0.0486967    1.98742   0.163148  -0.327526    1.95794   -1.36409
  0.421517 -0.0487086    1.98742   0.163085  -0.327535    1.95797    -1.3641
  0.421544 -0.0487205    1.98743   0.163023  -0.327544      1.958   -1.36411
  0.421571 -0.0487324    1.98743   0.162961  -0.327554    1.95804   -1.36412
  0.421597 -0.0487442    1.98743   0.162899  -0.327563    1.95807   -1.36413
  0.421623 -0.0487561    1.98744   0.162837  -0.327572     1.9581   -1.36414
   0.42165 -0.0487678    1.98744   0.162775  -0.327581    1.95813   -1.36415
  0.421676 -0.0487796    1.98745   0.162713   -0.32759    1.95816   -1.36416
  0.421702 -0.0487913    1.98745   0.162652    -0.3276    1.95819   -1.36417
 0.421729 -0.048803   1.98745   0.16259 -0.327609   1.95823  -1.36418
  0.421755 -0.0488147    1.98746   0.162529  -0.327618    1.95826   -1.36419
  0.421781 -0.0488263    1.98746   0.162468  -0.327627    1.95829    -1.3642
  0.421807 -0.0488379    1.98747   0.162407  -0.327636    1.95832   -1.36421
  0.421833 -0.0488495    1.98747   0.162347  -0.327645    1.95835   -1.36422
 0.421859 -0.048861   1.98747  0.162286 -0.327654   1.95838  -1.36423
  0.421884 -0.0488726    1.98748   0.162225  -0.327663    1.95841   -1.36424
   0.42191 -0.0488841    1.98748   0.162165  -0.327672    1.95844   -1.36425
  0.421936 -0.0488955    1.98749   0.162105  -0.327682    1.95848   -1.36426
  0.421962 -0.0489069    1.98749   0.162045  -0.327691    1.95851   -1.36427
  0.421987 -0.0489183    1.98749   0.161985    -0.3277    1.95854   -1.36428
  0.422013 -0.0489297     1.9875   0.161925  -0.327709    1.95857   -1.36429
  0.422038 -0.0489411     1.9875   0.161866  -0.327718     1.9586    -1.3643
  0.422064 -0.0489524    1.98751   0.161806  -0.327727    1.95863   -1.36431
  0.422089 -0.0489637    1.98751   0.161747  -0.327736    1.95866   -1.36432
  0.422114 -0.0489749    1.98751   0.161688  -0.327745    1.95869   -1.36433
  0.422139 -0.0489861    1.98752   0.161629  -0.327754    1.95872   -1.36434
  0.422165 -0.0489973    1.98752    0.16157  -0.327763    1.95875   -1.36435
   0.42219 -0.0490085    1.98753   0.161511  -0.327772    1.95878   -1.36436
  0.422215 -0.0490197    1.98753   0.161452  -0.327781    1.95881   -1.36437
   0.42224 -0.0490308    1.98753   0.161394   -0.32779    1.95884   -1.36438
  0.422265 -0.0490419    1.98754   0.161336  -0.327799    1.95887   -1.36439
  0.422289 -0.0490529    1.98754   0.161277  -0.327808     1.9589    -1.3644
 0.422314 -0.049064   1.98755  0.161219 -0.327817   1.95893  -1.36441
 0.422339 -0.049075   1.98755  0.161161 -0.327826   1.95896  -1.36442
  0.422364 -0.0490859    1.98756   0.161104  -0.327835    1.95899   -1.36443
  0.422388 -0.0490969    1.98756   0.161046  -0.327843    1.95902   -1.36444
  0.422413 -0.0491078    1.98756   0.160988  -0.327852    1.95905   -1.36445
  0.422437 -0.0491187    1.98757   0.160931  -0.327861    1.95908   -1.36446
  0.422462 -0.0491295    1.98757   0.160874   -0.32787    1.95911   -1.36447
  0.422486 -0.0491404    1.98758   0.160817  -0.327879    1.95914   -1.36448
  0.422511 -0.0491512    1.98758    0.16076  -0.327888    1.95917   -1.36449
 0.422535 -0.049162   1.98758  0.160703 -0.327897   1.95919   -1.3645
  0.422559 -0.0491727    1.98759   0.160646  -0.327906    1.95922   -1.36451
  0.422583 -0.0491834    1.98759    0.16059  -0.327915    1.95925   -1.36452
  0.422607 -0.0491941     1.9876   0.160533  -0.327923    1.95928   -1.36453
  0.422631 -0.0492048     1.9876   0.160477  -0.327932    1.95931   -1.36454
  0.422655 -0.0492155     1.9876   0.160421  -0.327941    1.95934   -1.36455
  0.422679 -0.0492261    1.98761   0.160365   -0.32795    1.95937   -1.36456
  0.422703 -0.0492367    1.98761   0.160309  -0.327959     1.9594   -1.36457
  0.422727 -0.0492472    1.98762   0.160253  -0.327968    1.95943   -1.36458
  0.422751 -0.0492578    1.98762   0.160198  -0.327976    1.95945   -1.36459
  0.422775 -0.0492683    1.98762   0.160142  -0.327985    1.95948    -1.3646
  0.422798 -0.0492787    1.98763   0.160087  -0.327994    1.95951   -1.36461
  0.422822 -0.0492892    1.98763   0.160032  -0.328003    1.95954   -1.36462
  0.422845 -0.0492996    1.98764   0.159977  -0.328011    1.95957   -1.36463
0.422869 -0.04931  1.98764 0.159922 -0.32802   1.9596 -1.36464
  0.422892 -0.0493204    1.98764   0.159867  -0.328029    1.95962   -1.36464
  0.422916 -0.0493308    1.98765   0.159812  -0.328038    1.95965   -1.36465
  0.422939 -0.0493411    1.98765   0.159758  -0.328046    1.95968   -1.36466
  0.422962 -0.0493514    1.98766   0.159703  -0.328055    1.95971   -1.36467
  0.422985 -0.0493616    1.98766   0.159649  -0.328064    1.95974   -1.36468
  0.423009 -0.0493719    1.98767   0.159595  -0.328073    1.95976   -1.36469
  0.423032 -0.0493821    1.98767   0.159541  -0.328081    1.95979    -1.3647
  0.423055 -0.0493923    1.98767   0.159487   -0.32809    1.95982   -1.36471
  0.423078 -0.0494025    1.98768   0.159433  -0.328099    1.95985   -1.36472
  0.423101 -0.0494126    1.98768   0.159379  -0.328107    1.95987   -1.36473
  0.423124 -0.0494227    1.98769   0.159326  -0.328116     1.9599   -1.36474
  0.423146 -0.0494328    1.98769   0.159272  -0.328125    1.95993   -1.36475
  0.423169 -0.0494429    1.98769   0.159219  -0.328133    1.95996   -1.36476
  0.423192 -0.0494529     1.9877   0.159166  -0.328142    1.95998   -1.36476
  0.423215 -0.0494629     1.9877   0.159113  -0.328151    1.96001   -1.36477
  0.423237 -0.0494729    1.98771    0.15906  -0.328159    1.96004   -1.36478
   0.42326 -0.0494828    1.98771   0.159007  -0.328168    1.96006   -1.36479
  0.423282 -0.0494928    1.98772   0.158955  -0.328176    1.96009    -1.3648
  0.423305 -0.0495027    1.98772   0.158902  -0.328185    1.96012   -1.36481
  0.423327 -0.0495126    1.98772    0.15885  -0.328194    1.96015   -1.36482
   0.42335 -0.0495224    1.98773   0.158798  -0.328202    1.96017   -1.36483
  0.423372 -0.0495322    1.98773   0.158746  -0.328211     1.9602   -1.36484
 0.423394 -0.049542   1.98774  0.158694 -0.328219   1.96023  -1.36485
  0.423416 -0.0495518    1.98774   0.158642  -0.328228    1.96025   -1.36485
  0.423438 -0.0495616    1.98774    0.15859  -0.328237    1.96028   -1.36486
  0.423461 -0.0495713    1.98775   0.158538  -0.328245    1.96031   -1.36487
 0.423483 -0.049581   1.98775  0.158487 -0.328254   1.96033  -1.36488
  0.423505 -0.0495907    1.98776   0.158435  -0.328262    1.96036   -1.36489
  0.423526 -0.0496004    1.98776   0.158384  -0.328271    1.96038    -1.3649
 0.423548  -0.04961   1.98776  0.158333 -0.328279   1.96041  -1.36491
   0.42357 -0.0496196    1.98777   0.158282  -0.328288    1.96044   -1.36492
  0.423592 -0.0496292    1.98777   0.158231  -0.328296    1.96046   -1.36492
  0.423614 -0.0496387    1.98778    0.15818  -0.328305    1.96049   -1.36493
  0.423635 -0.0496483    1.98778    0.15813  -0.328313    1.96052   -1.36494
  0.423657 -0.0496578    1.98779   0.158079  -0.328322    1.96054   -1.36495
  0.423679 -0.0496673    1.98779   0.158029   -0.32833    1.96057   -1.36496
    0.4237 -0.0496767    1.98779   0.157978  -0.328339    1.96059   -1.36497
  0.423722 -0.0496861     1.9878   0.157928  -0.328347    1.96062   -1.36498
  0.423743 -0.0496956     1.9878   0.157878  -0.328356    1.96064   -1.36498
  0.423764 -0.0497049    1.98781   0.157828  -0.328364    1.96067   -1.36499
  0.423786 -0.0497143    1.98781   0.157778  -0.328372     1.9607     -1.365
  0.423807 -0.0497236    1.98782   0.157729  -0.328381    1.96072   -1.36501
 0.423828 -0.049733   1.98782  0.157679 -0.328389   1.96075  -1.36502
  0.423849 -0.0497422    1.98782    0.15763  -0.328398    1.96077   -1.36503
   0.42387 -0.0497515    1.98783    0.15758  -0.328406     1.9608   -1.36504
  0.423892 -0.0497608    1.98783   0.157531  -0.328415    1.96082   -1.36504
 0.423913  -0.04977   1.98784  0.157482 -0.328423   1.96085  -1.36505
  0.423934 -0.0497792    1.98784   0.157433  -0.328431    1.96087   -1.36506
  0.423954 -0.0497883    1.98784   0.157384   -0.32844     1.9609   -1.36507
  0.423975 -0.0497975    1.98785   0.157335  -0.328448    1.96092   -1.36508
  0.423996 -0.0498066    1.98785   0.157287  -0.328456    1.96095   -1.36509
  0.424017 -0.0498157    1.98786   0.157238  -0.328465    1.96097   -1.36509
  0.424038 -0.0498248    1.98786    0.15719  -0.328473      1.961    -1.3651
  0.424058 -0.0498338    1.98787   0.157142  -0.328482    1.96102   -1.36511
  0.424079 -0.0498429    1.98787   0.157093   -0.32849    1.96105   -1.36512
    0.4241 -0.0498519    1.98787   0.157045  -0.328498    1.96107   -1.36513
   0.42412 -0.0498609    1.98788   0.156997  -0.328506     1.9611   -1.36514
  0.424141 -0.0498698    1.98788    0.15695  -0.328515    1.96112   -1.36514
  0.424161 -0.0498788    1.98789   0.156902  -0.328523    1.96114   -1.36515
  0.424181 -0.0498877    1.98789   0.156854  -0.328531    1.96117   -1.36516
  0.424202 -0.0498966    1.98789   0.156807   -0.32854    1.96119   -1.36517
  0.424222 -0.0499054     1.9879   0.156759  -0.328548    1.96122   -1.36518
  0.424242 -0.0499143     1.9879   0.156712  -0.328556    1.96124   -1.36518
  0.424262 -0.0499231    1.98791   0.156665  -0.328565    1.96127   -1.36519
  0.424283 -0.0499319    1.98791   0.156618  -0.328573    1.96129    -1.3652
  0.424303 -0.0499407    1.98792   0.156571  -0.328581    1.96131   -1.36521
  0.424323 -0.0499494    1.98792   0.156524  -0.328589    1.96134   -1.36522
  0.424343 -0.0499582    1.98792   0.156478  -0.328598    1.96136   -1.36522
  0.424363 -0.0499669    1.98793   0.156431  -0.328606    1.96139   -1.36523
  0.424383 -0.0499756    1.98793   0.156385  -0.328614    1.96141   -1.36524
  0.424403 -0.0499842    1.98794   0.156338  -0.328622    1.96143   -1.36525
  0.424422 -0.0499929    1.98794   0.156292  -0.328631    1.96146   -1.36526
  0.424442 -0.0500015    1.98795   0.156246  -0.328639    1.96148   -1.36526
  0.424462 -0.0500101    1.98795     0.1562  -0.328647     1.9615   -1.36527
  0.424482 -0.0500186    1.98795   0.156154  -0.328655    1.96153   -1.36528
  0.424501 -0.0500272    1.98796   0.156108  -0.328663    1.96155   -1.36529
  0.424521 -0.0500357    1.98796   0.156062  -0.328672    1.96158    -1.3653
   0.42454 -0.0500442    1.98797   0.156017   -0.32868     1.9616    -1.3653
   0.42456 -0.0500527    1.98797   0.155971  -0.328688    1.96162   -1.36531
  0.424579 -0.0500612    1.98798   0.155926  -0.328696    1.96165   -1.36532
  0.424599 -0.0500696    1.98798   0.155881  -0.328704    1.96167   -1.36533
 0.424618 -0.050078   1.98798  0.155835 -0.328712   1.96169  -1.36534
  0.424637 -0.0500864    1.98799    0.15579   -0.32872    1.96171   -1.36534
  0.424657 -0.0500948    1.98799   0.155745  -0.328729    1.96174   -1.36535
  0.424676 -0.0501032      1.988   0.155701  -0.328737    1.96176   -1.36536
  0.424695 -0.0501115      1.988   0.155656  -0.328745    1.96178   -1.36537
  0.424714 -0.0501198    1.98801   0.155611  -0.328753    1.96181   -1.36537
  0.424733 -0.0501281    1.98801   0.155567  -0.328761    1.96183   -1.36538
  0.424752 -0.0501364    1.98801   0.155522  -0.328769    1.96185   -1.36539
  0.424771 -0.0501446    1.98802   0.155478  -0.328777    1.96187    -1.3654
   0.42479 -0.0501528    1.98802   0.155434  -0.328785     1.9619    -1.3654
 0.424809 -0.050161   1.98803   0.15539 -0.328793   1.96192  -1.36541
  0.424828 -0.0501692    1.98803   0.155346  -0.328802    1.96194   -1.36542
  0.424847 -0.0501774    1.98804   0.155302   -0.32881    1.96197   -1.36543
  0.424866 -0.0501855    1.98804   0.155258  -0.328818    1.96199   -1.36543
  0.424884 -0.0501936    1.98804   0.155214  -0.328826    1.96201   -1.36544
  0.424903 -0.0502017    1.98805   0.155171  -0.328834    1.96203   -1.36545
  0.424922 -0.0502098    1.98805   0.155127  -0.328842    1.96205   -1.36546
   0.42494 -0.0502179    1.98806   0.155084   -0.32885    1.96208   -1.36546
  0.424959 -0.0502259    1.98806   0.155041  -0.328858     1.9621   -1.36547
  0.424977 -0.0502339    1.98807   0.154998  -0.328866    1.96212   -1.36548
  0.424996 -0.0502419    1.98807   0.154955  -0.328874    1.96214   -1.36549
  0.425014 -0.0502499    1.98807   0.154912  -0.328882    1.96217   -1.36549
  0.425033 -0.0502578    1.98808   0.154869   -0.32889    1.96219    -1.3655
  0.425051 -0.0502658    1.98808   0.154826  -0.328898    1.96221   -1.36551
  0.425069 -0.0502737    1.98809   0.154783  -0.328906    1.96223   -1.36552
  0.425087 -0.0502816    1.98809   0.154741  -0.328914    1.96225   -1.36552
  0.425106 -0.0502894     1.9881   0.154699  -0.328922    1.96227   -1.36553
  0.425124 -0.0502973     1.9881   0.154656   -0.32893     1.9623   -1.36554
  0.425142 -0.0503051     1.9881   0.154614  -0.328938    1.96232   -1.36555
   0.42516 -0.0503129    1.98811   0.154572  -0.328946    1.96234   -1.36555
  0.425178 -0.0503207    1.98811    0.15453  -0.328954    1.96236   -1.36556
  0.425196 -0.0503285    1.98812   0.154488  -0.328962    1.96238   -1.36557
  0.425214 -0.0503362    1.98812   0.154446   -0.32897     1.9624   -1.36557
  0.425232 -0.0503439    1.98813   0.154404  -0.328978    1.96243   -1.36558
   0.42525 -0.0503516    1.98813   0.154363  -0.328986    1.96245   -1.36559
  0.425268 -0.0503593    1.98813   0.154321  -0.328994    1.96247    -1.3656
 0.425285 -0.050367   1.98814   0.15428 -0.329001   1.96249   -1.3656
  0.425303 -0.0503746    1.98814   0.154238  -0.329009    1.96251   -1.36561
  0.425321 -0.0503823    1.98815   0.154197  -0.329017    1.96253   -1.36562
  0.425338 -0.0503899    1.98815   0.154156  -0.329025    1.96255   -1.36562
  0.425356 -0.0503975    1.98816   0.154115  -0.329033    1.96257   -1.36563
 0.425374 -0.050405   1.98816  0.154074 -0.329041   1.96259  -1.36564
  0.425391 -0.0504126    1.98816   0.154033  -0.329049    1.96262   -1.36565
  0.425409 -0.0504201    1.98817   0.153992  -0.329057    1.96264   -1.36565
  0.425426 -0.0504276    1.98817   0.153952  -0.329065    1.96266   -1.36566
  0.425444 -0.0504351    1.98818   0.153911  -0.329072    1.96268   -1.36567
  0.425461 -0.0504426    1.98818   0.153871   -0.32908     1.9627   -1.36567
 0.425478  -0.05045   1.98819   0.15383 -0.329088   1.96272  -1.36568
  0.425496 -0.0504574    1.98819    0.15379  -0.329096    1.96274   -1.36569
  0.425513 -0.0504648     1.9882    0.15375  -0.329104    1.96276   -1.36569
   0.42553 -0.0504722     1.9882    0.15371  -0.329112    1.96278    -1.3657
  0.425547 -0.0504796     1.9882    0.15367   -0.32912     1.9628   -1.36571
  0.425564 -0.0504869    1.98821    0.15363  -0.329127    1.96282   -1.36571
  0.425581 -0.0504943    1.98821    0.15359  -0.329135    1.96284   -1.36572
  0.425598 -0.0505016    1.98822   0.153551  -0.329143    1.96286   -1.36573
  0.425615 -0.0505089    1.98822   0.153511  -0.329151    1.96288   -1.36574
  0.425632 -0.0505161    1.98823   0.153472  -0.329159     1.9629   -1.36574
  0.425649 -0.0505234    1.98823   0.153432  -0.329166    1.96292   -1.36575
  0.425666 -0.0505306    1.98823   0.153393  -0.329174    1.96294   -1.36576
  0.425683 -0.0505379    1.98824   0.153354  -0.329182    1.96296   -1.36576
   0.4257 -0.050545   1.98824  0.153315  -0.32919   1.96298  -1.36577
  0.425717 -0.0505522    1.98825   0.153276  -0.329197      1.963   -1.36578
  0.425733 -0.0505594    1.98825   0.153237  -0.329205    1.96302   -1.36578
   0.42575 -0.0505665    1.98826   0.153198  -0.329213    1.96304   -1.36579
  0.425767 -0.0505736    1.98826   0.153159  -0.329221    1.96306    -1.3658
  0.425783 -0.0505807    1.98826    0.15312  -0.329228    1.96308    -1.3658
    0.4258 -0.0505878    1.98827   0.153082  -0.329236     1.9631   -1.36581
  0.425816 -0.0505949    1.98827   0.153043  -0.329244    1.96312   -1.36582
  0.425833 -0.0506019    1.98828   0.153005  -0.329252    1.96314   -1.36582
 0.425849 -0.050609   1.98828  0.152967 -0.329259   1.96316  -1.36583
 0.425866 -0.050616   1.98829  0.152928 -0.329267   1.96318  -1.36584
 0.425882 -0.050623   1.98829   0.15289 -0.329275    1.9632  -1.36584
  0.425898 -0.0506299     1.9883   0.152852  -0.329283    1.96322   -1.36585
  0.425915 -0.0506369     1.9883   0.152814   -0.32929    1.96324   -1.36586
  0.425931 -0.0506438     1.9883   0.152777  -0.329298    1.96326   -1.36586
  0.425947 -0.0506507    1.98831   0.152739  -0.329306    1.96328   -1.36587
  0.425963 -0.0506576    1.98831   0.152701  -0.329313     1.9633   -1.36587
   0.42598 -0.0506645    1.98832   0.152664  -0.329321    1.96332   -1.36588
  0.425996 -0.0506714    1.98832   0.152626  -0.329329    1.96334   -1.36589
  0.426012 -0.0506782    1.98833   0.152589  -0.329336    1.96336   -1.36589
  0.426028 -0.0506851    1.98833   0.152551  -0.329344    1.96337    -1.3659
  0.426044 -0.0506919    1.98834   0.152514  -0.329352    1.96339   -1.36591
   0.42606 -0.0506987    1.98834   0.152477  -0.329359    1.96341   -1.36591
  0.426076 -0.0507054    1.98834    0.15244  -0.329367    1.96343   -1.36592
  0.426092 -0.0507122    1.98835   0.152403  -0.329375    1.96345   -1.36593
  0.426107 -0.0507189    1.98835   0.152366  -0.329382    1.96347   -1.36593
  0.426123 -0.0507256    1.98836    0.15233   -0.32939    1.96349   -1.36594
  0.426139 -0.0507323    1.98836   0.152293  -0.329397    1.96351   -1.36595
 0.426155 -0.050739   1.98837  0.152256 -0.329405   1.96353  -1.36595
   0.42617 -0.0507457    1.98837    0.15222  -0.329413    1.96354   -1.36596
  0.426186 -0.0507523    1.98837   0.152183   -0.32942    1.96356   -1.36596
 0.426202 -0.050759   1.98838  0.152147 -0.329428   1.96358  -1.36597
  0.426217 -0.0507656    1.98838   0.152111  -0.329436     1.9636   -1.36598
  0.426233 -0.0507722    1.98839   0.152075  -0.329443    1.96362   -1.36598
  0.426248 -0.0507787    1.98839   0.152039  -0.329451    1.96364   -1.36599
  0.426264 -0.0507853     1.9884   0.152003  -0.329458    1.96366     -1.366
  0.426279 -0.0507919     1.9884   0.151967  -0.329466    1.96367     -1.366
  0.426295 -0.0507984    1.98841   0.151931  -0.329473    1.96369   -1.36601
   0.42631 -0.0508049    1.98841   0.151895  -0.329481    1.96371   -1.36601
  0.426325 -0.0508114    1.98841    0.15186  -0.329489    1.96373   -1.36602
  0.426341 -0.0508178    1.98842   0.151824  -0.329496    1.96375   -1.36603
  0.426356 -0.0508243    1.98842   0.151789  -0.329504    1.96377   -1.36603
  0.426371 -0.0508307    1.98843   0.151753  -0.329511    1.96378   -1.36604
  0.426386 -0.0508372    1.98843   0.151718  -0.329519     1.9638   -1.36605
  0.426402 -0.0508436    1.98844   0.151683  -0.329526    1.96382   -1.36605
 0.426417  -0.05085   1.98844  0.151648 -0.329534   1.96384  -1.36606
  0.426432 -0.0508563    1.98845   0.151613  -0.329541    1.96386   -1.36606
  0.426447 -0.0508627    1.98845   0.151578  -0.329549    1.96387   -1.36607
 0.426462 -0.050869   1.98845  0.151543 -0.329556   1.96389  -1.36608
  0.426477 -0.0508753    1.98846   0.151508  -0.329564    1.96391   -1.36608
  0.426492 -0.0508816    1.98846   0.151473  -0.329571    1.96393   -1.36609
  0.426507 -0.0508879    1.98847   0.151439  -0.329579    1.96394   -1.36609
  0.426522 -0.0508942    1.98847   0.151404  -0.329586    1.96396    -1.3661
  0.426536 -0.0509004    1.98848    0.15137  -0.329594    1.96398   -1.36611
  0.426551 -0.0509067    1.98848   0.151335  -0.329601      1.964   -1.36611
  0.426566 -0.0509129    1.98849   0.151301  -0.329609    1.96402   -1.36612
  0.426581 -0.0509191    1.98849   0.151267  -0.329616    1.96403   -1.36612
  0.426595 -0.0509253    1.98849   0.151233  -0.329624    1.96405   -1.36613
   0.42661 -0.0509315     1.9885   0.151199  -0.329631    1.96407   -1.36614
  0.426625 -0.0509376     1.9885   0.151165  -0.329639    1.96409   -1.36614
  0.426639 -0.0509437    1.98851   0.151131  -0.329646     1.9641   -1.36615
  0.426654 -0.0509499    1.98851   0.151097  -0.329653    1.96412   -1.36615
 0.426669 -0.050956   1.98852  0.151063 -0.329661   1.96414  -1.36616
  0.426683 -0.0509621    1.98852    0.15103  -0.329668    1.96415   -1.36616
  0.426697 -0.0509681    1.98853   0.150996  -0.329676    1.96417   -1.36617
  0.426712 -0.0509742    1.98853   0.150962  -0.329683    1.96419   -1.36618
  0.426726 -0.0509802    1.98853   0.150929  -0.329691    1.96421   -1.36618
  0.426741 -0.0509862    1.98854   0.150896  -0.329698    1.96422   -1.36619
  0.426755 -0.0509922    1.98854   0.150862  -0.329705    1.96424   -1.36619
  0.426769 -0.0509982    1.98855   0.150829  -0.329713    1.96426    -1.3662
  0.426784 -0.0510042    1.98855   0.150796   -0.32972    1.96427    -1.3662
  0.426798 -0.0510102    1.98856   0.150763  -0.329728    1.96429   -1.36621
  0.426812 -0.0510161    1.98856    0.15073  -0.329735    1.96431   -1.36622
 0.426826 -0.051022   1.98857  0.150697 -0.329742   1.96432  -1.36622
   0.42684 -0.0510279    1.98857   0.150665   -0.32975    1.96434   -1.36623
  0.426854 -0.0510338    1.98858   0.150632  -0.329757    1.96436   -1.36623
  0.426868 -0.0510397    1.98858   0.150599  -0.329765    1.96437   -1.36624
  0.426882 -0.0510456    1.98858   0.150567  -0.329772    1.96439   -1.36624
  0.426896 -0.0510514    1.98859   0.150534  -0.329779    1.96441   -1.36625
   0.42691 -0.0510573    1.98859   0.150502  -0.329787    1.96442   -1.36626
  0.426924 -0.0510631     1.9886    0.15047  -0.329794    1.96444   -1.36626
  0.426938 -0.0510689     1.9886   0.150437  -0.329801    1.96446   -1.36627
  0.426952 -0.0510746    1.98861   0.150405  -0.329809    1.96447   -1.36627
  0.426966 -0.0510804    1.98861   0.150373  -0.329816    1.96449   -1.36628
   0.42698 -0.0510862    1.98862   0.150341  -0.329823    1.96451   -1.36628
  0.426994 -0.0510919    1.98862   0.150309  -0.329831    1.96452   -1.36629
  0.427007 -0.0510976    1.98862   0.150277  -0.329838    1.96454   -1.36629
  0.427021 -0.0511033    1.98863   0.150246  -0.329845    1.96456    -1.3663
 0.427035 -0.051109   1.98863  0.150214 -0.329853   1.96457  -1.36631
  0.427048 -0.0511147    1.98864   0.150182   -0.32986    1.96459   -1.36631
  0.427062 -0.0511204    1.98864   0.150151  -0.329867     1.9646   -1.36632
 0.427075 -0.051126   1.98865  0.150119 -0.329874   1.96462  -1.36632
  0.427089 -0.0511316    1.98865   0.150088  -0.329882    1.96464   -1.36633
  0.427103 -0.0511372    1.98866   0.150057  -0.329889    1.96465   -1.36633
  0.427116 -0.0511428    1.98866   0.150025  -0.329896    1.96467   -1.36634
  0.427129 -0.0511484    1.98867   0.149994  -0.329904    1.96468   -1.36634
 0.427143 -0.051154   1.98867  0.149963 -0.329911    1.9647  -1.36635
  0.427156 -0.0511596    1.98867   0.149932  -0.329918    1.96472   -1.36635
   0.42717 -0.0511651    1.98868   0.149901  -0.329925    1.96473   -1.36636
  0.427183 -0.0511706    1.98868    0.14987  -0.329933    1.96475   -1.36637
  0.427196 -0.0511761    1.98869    0.14984   -0.32994    1.96476   -1.36637
   0.42721 -0.0511816    1.98869   0.149809  -0.329947    1.96478   -1.36638
  0.427223 -0.0511871     1.9887   0.149778  -0.329954     1.9648   -1.36638
  0.427236 -0.0511926     1.9887   0.149748  -0.329962    1.96481   -1.36639
 0.427249 -0.051198   1.98871  0.149717 -0.329969   1.96483  -1.36639
  0.427262 -0.0512034    1.98871   0.149687  -0.329976    1.96484    -1.3664
  0.427275 -0.0512089    1.98871   0.149656  -0.329983    1.96486    -1.3664
  0.427288 -0.0512143    1.98872   0.149626  -0.329991    1.96487   -1.36641
  0.427301 -0.0512197    1.98872   0.149596  -0.329998    1.96489   -1.36641
 0.427315 -0.051225   1.98873  0.149566 -0.330005    1.9649  -1.36642
  0.427327 -0.0512304    1.98873   0.149536  -0.330012    1.96492   -1.36642
   0.42734 -0.0512357    1.98874   0.149506  -0.330019    1.96493   -1.36643
  0.427353 -0.0512411    1.98874   0.149476  -0.330027    1.96495   -1.36643
  0.427366 -0.0512464    1.98875   0.149446  -0.330034    1.96497   -1.36644
  0.427379 -0.0512517    1.98875   0.149416  -0.330041    1.96498   -1.36644
 0.427392 -0.051257   1.98876  0.149386 -0.330048     1.965  -1.36645
  0.427405 -0.0512623    1.98876   0.149357  -0.330055    1.96501   -1.36646
  0.427418 -0.0512675    1.98876   0.149327  -0.330063    1.96503   -1.36646
   0.42743 -0.0512728    1.98877   0.149298   -0.33007    1.96504   -1.36647
 0.427443 -0.051278   1.98877  0.149268 -0.330077   1.96506  -1.36647
  0.427456 -0.0512832    1.98878   0.149239  -0.330084    1.96507   -1.36648
  0.427468 -0.0512884    1.98878    0.14921  -0.330091    1.96509   -1.36648
  0.427481 -0.0512936    1.98879    0.14918  -0.330098     1.9651   -1.36649
  0.427494 -0.0512988    1.98879   0.149151  -0.330106    1.96512   -1.36649
  0.427506 -0.0513039     1.9888   0.149122  -0.330113    1.96513    -1.3665
  0.427519 -0.0513091     1.9888   0.149093   -0.33012    1.96515    -1.3665
  0.427531 -0.0513142    1.98881   0.149064  -0.330127    1.96516   -1.36651
  0.427544 -0.0513193    1.98881   0.149035  -0.330134    1.96518   -1.36651
  0.427556 -0.0513244    1.98881   0.149007  -0.330141    1.96519   -1.36652
  0.427569 -0.0513295    1.98882   0.148978  -0.330148    1.96521   -1.36652
  0.427581 -0.0513346    1.98882   0.148949  -0.330155    1.96522   -1.36653
  0.427593 -0.0513397    1.98883   0.148921  -0.330163    1.96523   -1.36653
  0.427606 -0.0513447    1.98883   0.148892   -0.33017    1.96525   -1.36654
  0.427618 -0.0513497    1.98884   0.148864  -0.330177    1.96526   -1.36654
   0.42763 -0.0513548    1.98884   0.148835  -0.330184    1.96528   -1.36655
  0.427643 -0.0513598    1.98885   0.148807  -0.330191    1.96529   -1.36655
  0.427655 -0.0513648    1.98885   0.148779  -0.330198    1.96531   -1.36656
  0.427667 -0.0513697    1.98886    0.14875  -0.330205    1.96532   -1.36656
  0.427679 -0.0513747    1.98886   0.148722  -0.330212    1.96534   -1.36657
  0.427691 -0.0513797    1.98887   0.148694  -0.330219    1.96535   -1.36657
  0.427703 -0.0513846    1.98887   0.148666  -0.330226    1.96536   -1.36658
  0.427715 -0.0513895    1.98887   0.148638  -0.330234    1.96538   -1.36658
  0.427727 -0.0513944    1.98888   0.148611  -0.330241    1.96539   -1.36659
   0.42774 -0.0513993    1.98888   0.148583  -0.330248    1.96541   -1.36659
  0.427752 -0.0514042    1.98889   0.148555  -0.330255    1.96542   -1.36659
  0.427763 -0.0514091    1.98889   0.148527  -0.330262    1.96544    -1.3666
  0.427775 -0.0514139     1.9889     0.1485  -0.330269    1.96545    -1.3666
  0.427787 -0.0514188     1.9889   0.148472  -0.330276    1.96546   -1.36661
  0.427799 -0.0514236    1.98891   0.148445  -0.330283    1.96548   -1.36661
  0.427811 -0.0514284    1.98891   0.148417   -0.33029    1.96549   -1.36662
  0.427823 -0.0514332    1.98892    0.14839  -0.330297    1.96551   -1.36662
 0.427835 -0.051438   1.98892  0.148363 -0.330304   1.96552  -1.36663
  0.427846 -0.0514428    1.98892   0.148336  -0.330311    1.96553   -1.36663
  0.427858 -0.0514476    1.98893   0.148309  -0.330318    1.96555   -1.36664
   0.42787 -0.0514523    1.98893   0.148281  -0.330325    1.96556   -1.36664
 0.427882 -0.051457   1.98894  0.148254 -0.330332   1.96558  -1.36665
  0.427893 -0.0514618    1.98894   0.148228  -0.330339    1.96559   -1.36665
  0.427905 -0.0514665    1.98895   0.148201  -0.330346     1.9656   -1.36666
  0.427917 -0.0514712    1.98895   0.148174  -0.330353    1.96562   -1.36666
  0.427928 -0.0514759    1.98896   0.148147   -0.33036    1.96563   -1.36667
   0.42794 -0.0514805    1.98896    0.14812  -0.330367    1.96564   -1.36667
  0.427951 -0.0514852    1.98897   0.148094  -0.330374    1.96566   -1.36668
  0.427963 -0.0514898    1.98897   0.148067  -0.330381    1.96567   -1.36668
  0.427974 -0.0514945    1.98898   0.148041  -0.330388    1.96568   -1.36668
  0.427986 -0.0514991    1.98898   0.148014  -0.330395     1.9657   -1.36669
  0.427997 -0.0515037    1.98898   0.147988  -0.330402    1.96571   -1.36669
  0.428008 -0.0515083    1.98899   0.147962  -0.330409    1.96573    -1.3667
   0.42802 -0.0515129    1.98899   0.147936  -0.330416    1.96574    -1.3667
  0.428031 -0.0515175      1.989   0.147909  -0.330423    1.96575   -1.36671
