 0.163346 0.0726185   1.95303  0.608035 -0.295558   1.77746  -1.33729
 0.196786 0.0695998   1.95394  0.622275 -0.291741   1.79027   -1.3433
 0.219717  0.067753   1.95423  0.628128 -0.289728   1.79739  -1.34799
 0.235984 0.0665793   1.95422  0.629052 -0.288773   1.80143  -1.35181
 0.247993 0.0657674   1.95407  0.627093 -0.288437   1.80386  -1.35504
 0.257242 0.0651334   1.95387  0.623465 -0.288459    1.8055  -1.35785
 0.264665 0.0645737   1.95366   0.61889 -0.288684    1.8068  -1.36035
 0.270848 0.0640328   1.95346  0.613794 -0.289019     1.808  -1.36261
 0.276163 0.0634825   1.95329  0.608433 -0.289407   1.80924  -1.36467
 0.280852 0.0629102   1.95314  0.602957 -0.289816   1.81059  -1.36658
 0.285072 0.0623116   1.95302  0.597452 -0.290226   1.81206  -1.36834
 0.288931 0.0616866   1.95293  0.591969 -0.290626   1.81367  -1.36999
 0.292502 0.0610372   1.95286  0.586536  -0.29101    1.8154  -1.37153
 0.295837 0.0603664   1.95282  0.581169 -0.291377   1.81725  -1.37297
 0.298977  0.059677    1.9528  0.575876 -0.291726   1.81919  -1.37433
 0.301951 0.0589719   1.95279  0.570659 -0.292057   1.82122  -1.37562
 0.304782 0.0582539    1.9528  0.565519 -0.292371   1.82332  -1.37684
 0.307489 0.0575253   1.95283  0.560456  -0.29267   1.82548    -1.378
 0.310087 0.0567882   1.95287  0.555469 -0.292954   1.82768   -1.3791
 0.312587 0.0560445   1.95292  0.550554 -0.293225   1.82992  -1.38015
 0.315002 0.0552959   1.95298  0.545711 -0.293486   1.83218  -1.38115
  0.31734 0.0545438   1.95304  0.540937 -0.293735   1.83446  -1.38212
 0.319607 0.0537894   1.95311   0.53623 -0.293976   1.83675  -1.38305
 0.321812  0.053034   1.95319  0.531589 -0.294209   1.83904  -1.38394
 0.323959 0.0522785   1.95327  0.527012 -0.294434   1.84134   -1.3848
 0.326054 0.0515239   1.95335  0.522498 -0.294653   1.84364  -1.38564
   0.3281 0.0507709   1.95344  0.518044 -0.294866   1.84592  -1.38644
 0.330102 0.0500201   1.95353   0.51365 -0.295074    1.8482  -1.38723
 0.332062 0.0492724   1.95362  0.509313 -0.295278   1.85046  -1.38799
 0.333984 0.0485281   1.95371  0.505034 -0.295477   1.85271  -1.38873
 0.335869 0.0477878    1.9538   0.50081 -0.295673   1.85494  -1.38945
 0.337721  0.047052   1.95389  0.496641 -0.295866   1.85715  -1.39016
  0.33954 0.0463209   1.95399  0.492525 -0.296055   1.85934  -1.39084
 0.341329 0.0455949   1.95408  0.488462 -0.296242   1.86152  -1.39152
 0.343089 0.0448744   1.95417   0.48445 -0.296426   1.86367  -1.39218
 0.344822 0.0441595   1.95426  0.480489 -0.296608    1.8658  -1.39282
 0.346528 0.0434505   1.95435  0.476578 -0.296788   1.86791  -1.39346
 0.348209 0.0427476   1.95444  0.472715 -0.296967   1.86999  -1.39408
 0.349865 0.0420509   1.95452  0.468901 -0.297143   1.87205  -1.39469
 0.351498 0.0413606   1.95461  0.465134 -0.297318   1.87409  -1.39529
 0.353108 0.0406767   1.95469  0.461413 -0.297491   1.87611  -1.39588
 0.354696 0.0399994   1.95478  0.457738 -0.297663    1.8781  -1.39646
 0.356263 0.0393287   1.95486  0.454108 -0.297833   1.88007  -1.39703
 0.357809 0.0386647   1.95494  0.450523 -0.298002   1.88202   -1.3976
 0.359334 0.0380074   1.95501  0.446981  -0.29817   1.88394  -1.39815
  0.36084 0.0373568   1.95509  0.443482 -0.298337   1.88584   -1.3987
 0.362326  0.036713   1.95517  0.440025 -0.298502   1.88772  -1.39924
 0.363794  0.036076   1.95524  0.436611 -0.298667   1.88957  -1.39977
 0.365243 0.0354457   1.95531  0.433237  -0.29883    1.8914   -1.4003
 0.366674 0.0348222   1.95538  0.429904 -0.298992   1.89321  -1.40082
 0.368087 0.0342054   1.95545  0.426611 -0.299154     1.895  -1.40133
 0.369482 0.0335953   1.95552  0.423357 -0.299314   1.89677  -1.40184
 0.370861 0.0329919   1.95559  0.420142 -0.299474   1.89852  -1.40234
 0.372222 0.0323951   1.95565  0.416965 -0.299632   1.90024  -1.40283
 0.373568 0.0318049   1.95571  0.413826  -0.29979   1.90194  -1.40332
 0.374896 0.0312213   1.95578  0.410725 -0.299946   1.90363   -1.4038
 0.376209 0.0306441   1.95584   0.40766 -0.300102   1.90529  -1.40427
 0.377506 0.0300734   1.95589  0.404631 -0.300257   1.90693  -1.40474
 0.378788  0.029509   1.95595  0.401638 -0.300411   1.90855  -1.40521
 0.380054 0.0289511   1.95601   0.39868 -0.300564   1.91015  -1.40567
 0.381305 0.0283993   1.95606  0.395756 -0.300716   1.91174  -1.40613
 0.382541 0.0278538   1.95612  0.392867 -0.300867    1.9133  -1.40657
 0.383763 0.0273145   1.95617  0.390012 -0.301017   1.91485  -1.40702
 0.384971 0.0267812   1.95622   0.38719 -0.301167   1.91637  -1.40746
 0.386164  0.026254   1.95627  0.384401 -0.301316   1.91788  -1.40789
 0.387343 0.0257328   1.95632  0.381645 -0.301463   1.91937  -1.40832
 0.388508 0.0252175   1.95636  0.378921  -0.30161   1.92084  -1.40875
  0.38966  0.024708   1.95641  0.376228 -0.301756    1.9223  -1.40917
 0.390798 0.0242043   1.95646  0.373566 -0.301901   1.92374  -1.40959
 0.391923 0.0237063    1.9565  0.370936 -0.302045   1.92516     -1.41
 0.393035 0.0232139   1.95654  0.368335 -0.302189   1.92656  -1.41041
 0.394134 0.0227272   1.95658  0.365765 -0.302331   1.92795  -1.41081
 0.395221  0.022246   1.95662  0.363224 -0.302473   1.92932  -1.41121
 0.396295 0.0217702   1.95666  0.360713 -0.302614   1.93067   -1.4116
 0.397356 0.0212999    1.9567   0.35823 -0.302754   1.93201    -1.412
 0.398405 0.0208349   1.95674  0.355776 -0.302893   1.93333  -1.41238
 0.399442 0.0203752   1.95678   0.35335 -0.303031   1.93464  -1.41276
 0.400467 0.0199207   1.95681  0.350952 -0.303168   1.93593  -1.41314
 0.401481 0.0194713   1.95685  0.348581 -0.303305    1.9372  -1.41352
 0.402483 0.0190271   1.95688  0.346237  -0.30344   1.93846  -1.41389
 0.403473 0.0185879   1.95692   0.34392 -0.303575   1.93971  -1.41425
 0.404452 0.0181536   1.95695   0.34163 -0.303709   1.94094  -1.41462
  0.40542 0.0177243   1.95698  0.339365 -0.303842   1.94216  -1.41498
 0.406377 0.0172999   1.95701  0.337127 -0.303974   1.94336  -1.41533
 0.407323 0.0168802   1.95704  0.334913 -0.304106   1.94455  -1.41568
 0.408258 0.0164653   1.95707  0.332725 -0.304236   1.94572  -1.41603
 0.409182 0.0160551    1.9571  0.330562 -0.304366   1.94688  -1.41638
 0.410096 0.0156496   1.95713  0.328423 -0.304495   1.94803  -1.41672
    0.411 0.0152486   1.95716  0.326309 -0.304623   1.94917  -1.41705
 0.411893 0.0148522   1.95719  0.324218  -0.30475   1.95029  -1.41739
 0.412777 0.0144602   1.95721  0.322151 -0.304876    1.9514  -1.41772
  0.41365 0.0140727   1.95724  0.320107 -0.305002   1.95249  -1.41805
 0.414513 0.0136895   1.95726  0.318086 -0.305126   1.95357  -1.41837
 0.415367 0.0133106   1.95729  0.316089  -0.30525   1.95464  -1.41869
 0.416211 0.0129361   1.95731  0.314113 -0.305373    1.9557  -1.41901
 0.417045 0.0125657   1.95734   0.31216 -0.305495   1.95675  -1.41932
 0.417871 0.0121995   1.95736  0.310229 -0.305617   1.95778  -1.41963
 0.418686 0.0118375   1.95738  0.308319 -0.305737    1.9588  -1.41994
 0.419493 0.0114795   1.95741  0.306431 -0.305857   1.95981  -1.42024
 0.420291 0.0111255   1.95743  0.304564 -0.305976   1.96081  -1.42054
 0.421079 0.0107755   1.95745  0.302718 -0.306094    1.9618  -1.42084
 0.421859 0.0104295   1.95747  0.300893 -0.306211   1.96277  -1.42114
  0.42263 0.0100873   1.95749  0.299088 -0.306328   1.96374  -1.42143
  0.423393 0.00974903    1.95751   0.297303  -0.306444    1.96469   -1.42172
  0.424147 0.00941452    1.95753   0.295538  -0.306559    1.96563     -1.422
  0.424892 0.00908375    1.95755   0.293793  -0.306673    1.96656   -1.42228
 0.425629 0.0087567   1.95757  0.292068 -0.306786   1.96748  -1.42256
  0.426358 0.00843332    1.95759   0.290361  -0.306899    1.96839   -1.42284
  0.427079 0.00811356    1.95761   0.288674  -0.307011    1.96929   -1.42312
  0.427792 0.00779738    1.95763   0.287006  -0.307122    1.97018   -1.42339
  0.428496 0.00748475    1.95764   0.285356  -0.307232    1.97106   -1.42366
  0.429193 0.00717562    1.95766   0.283724  -0.307342    1.97193   -1.42392
  0.429882 0.00686994    1.95768   0.282111   -0.30745    1.97279   -1.42418
  0.430564 0.00656769    1.95769   0.280515  -0.307558    1.97364   -1.42444
  0.431238 0.00626882    1.95771   0.278937  -0.307666    1.97448    -1.4247
 0.431904 0.0059733   1.95773  0.277377 -0.307772   1.97532  -1.42496
  0.432563 0.00568107    1.95774   0.275834  -0.307878    1.97614   -1.42521
  0.433215 0.00539212    1.95776   0.274308  -0.307983    1.97695   -1.42546
   0.43386 0.00510639    1.95778     0.2728  -0.308087    1.97775   -1.42571
  0.434497 0.00482386    1.95779   0.271307  -0.308191    1.97855   -1.42595
  0.435127 0.00454448    1.95781   0.269832  -0.308294    1.97933   -1.42619
   0.43575 0.00426822    1.95782   0.268372  -0.308396    1.98011   -1.42643
  0.436367 0.00399505    1.95784   0.266929  -0.308497    1.98087   -1.42667
  0.436976 0.00372492    1.95785   0.265502  -0.308598    1.98163   -1.42691
  0.437579 0.00345781    1.95786   0.264091  -0.308698    1.98238   -1.42714
  0.438175 0.00319368    1.95788   0.262695  -0.308797    1.98313   -1.42737
 0.438765 0.0029325   1.95789  0.261314 -0.308896   1.98386  -1.42759
  0.439348 0.00267422    1.95791   0.259949  -0.308994    1.98458   -1.42782
  0.439925 0.00241883    1.95792   0.258599  -0.309091     1.9853   -1.42804
  0.440495 0.00216629    1.95793   0.257264  -0.309188    1.98601   -1.42826
  0.441059 0.00191656    1.95795   0.255944  -0.309284    1.98671   -1.42848
  0.441616 0.00166962    1.95796   0.254638  -0.309379    1.98741    -1.4287
  0.442168 0.00142542    1.95797   0.253346  -0.309473    1.98809   -1.42891
  0.442714 0.00118395    1.95799   0.252069  -0.309567    1.98877   -1.42912
   0.443253 0.000945167       1.958    0.250806    -0.30966     1.98944    -1.42933
   0.443787 0.000709045     1.95801    0.249557   -0.309753      1.9901    -1.42954
   0.444314 0.000475552     1.95802    0.248321   -0.309845     1.99076    -1.42975
   0.444836 0.000244659     1.95804    0.247099   -0.309936      1.9914    -1.42995
   0.445352 1.63375e-05     1.95805    0.245891   -0.310027     1.99205    -1.43015
    0.445863 -0.000209442      1.95806     0.244696    -0.310117      1.99268     -1.43035
    0.446368 -0.000432708      1.95807     0.243514    -0.310206      1.99331     -1.43055
    0.446867 -0.000653488      1.95809     0.242345    -0.310295      1.99393     -1.43074
    0.447361 -0.000871811       1.9581     0.241189    -0.310383      1.99454     -1.43093
  0.447849 -0.0010877    1.95811   0.240045  -0.310471    1.99514   -1.43112
   0.448332 -0.00130119     1.95812    0.238914   -0.310557     1.99574    -1.43131
    0.44881 -0.00151231     1.95813    0.237796   -0.310644     1.99634     -1.4315
   0.449282 -0.00172107     1.95815    0.236689   -0.310729     1.99692    -1.43168
   0.449749 -0.00192751     1.95816    0.235595   -0.310815      1.9975    -1.43187
   0.450212 -0.00213166     1.95817    0.234513   -0.310899     1.99807    -1.43205
   0.450669 -0.00233353     1.95818    0.233443   -0.310983     1.99864    -1.43223
   0.451121 -0.00253316     1.95819    0.232385   -0.311066      1.9992     -1.4324
   0.451568 -0.00273057      1.9582    0.231338   -0.311149     1.99975    -1.43258
    0.45201 -0.00292577     1.95822    0.230303   -0.311231      2.0003    -1.43275
   0.452448 -0.00311881     1.95823    0.229279   -0.311313     2.00084    -1.43293
   0.45288 -0.0033097    1.95824   0.228266  -0.311394    2.00138    -1.4331
   0.453308 -0.00349847     1.95825    0.227264   -0.311474     2.00191    -1.43326
   0.453731 -0.00368513     1.95826    0.226273   -0.311554     2.00243    -1.43343
    0.45415 -0.00386972     1.95827    0.225293   -0.311633     2.00295     -1.4336
   0.454564 -0.00405226     1.95829    0.224324   -0.311712     2.00346    -1.43376
   0.454973 -0.00423276      1.9583    0.223366   -0.311791     2.00397    -1.43392
   0.455378 -0.00441126     1.95831    0.222418   -0.311868     2.00447    -1.43408
   0.455779 -0.00458777     1.95832     0.22148   -0.311945     2.00497    -1.43424
   0.456175 -0.00476231     1.95833    0.220553   -0.312022     2.00546    -1.43439
   0.456567 -0.00493491     1.95834    0.219636   -0.312098     2.00594    -1.43455
   0.456954 -0.00510559     1.95835    0.218728   -0.312174     2.00642     -1.4347
   0.457338 -0.00527438     1.95836    0.217831   -0.312249     2.00689    -1.43485
   0.457717 -0.00544128     1.95838    0.216944   -0.312324     2.00736      -1.435
   0.458092 -0.00560633     1.95839    0.216066   -0.312398     2.00783    -1.43515
   0.458463 -0.00576953      1.9584    0.215198   -0.312471     2.00828     -1.4353
   0.458829 -0.00593092     1.95841    0.214339   -0.312544     2.00874    -1.43545
   0.459192 -0.00609052     1.95842     0.21349   -0.312617     2.00919    -1.43559
   0.459551 -0.00624834     1.95843     0.21265   -0.312689     2.00963    -1.43573
  0.459906 -0.0064044    1.95844   0.211819  -0.312761    2.01007   -1.43587
   0.460257 -0.00655872     1.95846    0.210997   -0.312832      2.0105    -1.43601
   0.460605 -0.00671132     1.95847    0.210184   -0.312902     2.01093    -1.43615
   0.460948 -0.00686222     1.95848     0.20938   -0.312972     2.01135    -1.43629
   0.461288 -0.00701144     1.95849    0.208585   -0.313042     2.01177    -1.43642
 0.461624 -0.007159    1.9585  0.207799 -0.313111   2.01219  -1.43656
   0.461956 -0.00730492     1.95851    0.207021    -0.31318      2.0126    -1.43669
   0.462285 -0.00744921     1.95853    0.206252   -0.313248       2.013    -1.43682
    0.46261 -0.00759188     1.95854    0.205491   -0.313316     2.01341    -1.43695
   0.462932 -0.00773297     1.95855    0.204738   -0.313384      2.0138    -1.43708
    0.46325 -0.00787249     1.95856    0.203993   -0.313451     2.01419     -1.4372
   0.463565 -0.00801045     1.95857    0.203257   -0.313517     2.01458    -1.43733
   0.463876 -0.00814687     1.95858    0.202529   -0.313583     2.01497    -1.43745
   0.464184 -0.00828177      1.9586    0.201809   -0.313649     2.01535    -1.43758
   0.464488 -0.00841516     1.95861    0.201096   -0.313714     2.01572     -1.4377
   0.464789 -0.00854707     1.95862    0.200391   -0.313779     2.01609    -1.43782
  0.465087 -0.0086775    1.95863   0.199694  -0.313843    2.01646   -1.43794
   0.465382 -0.00880648     1.95864    0.199005   -0.313907     2.01682    -1.43806
   0.465673 -0.00893402     1.95866    0.198323   -0.313971     2.01718    -1.43817
   0.465962 -0.00906013     1.95867    0.197649   -0.314034     2.01754    -1.43829
   0.466247 -0.00918484     1.95868    0.196981   -0.314097     2.01789     -1.4384
   0.466529 -0.00930815     1.95869    0.196322   -0.314159     2.01824    -1.43852
   0.466808 -0.00943008      1.9587    0.195669   -0.314221     2.01858    -1.43863
   0.467084 -0.00955065     1.95872    0.195024   -0.314282     2.01892    -1.43874
   0.467357 -0.00966987     1.95873    0.194385   -0.314343     2.01926    -1.43885
   0.467627 -0.00978776     1.95874    0.193754   -0.314404     2.01959    -1.43896
   0.467894 -0.00990433     1.95875    0.193129   -0.314465     2.01992    -1.43906
  0.468158 -0.0100196    1.95877   0.192511  -0.314525    2.02024   -1.43917
  0.468419 -0.0101336    1.95878     0.1919  -0.314584    2.02056   -1.43928
  0.468678 -0.0102463    1.95879   0.191296  -0.314643    2.02088   -1.43938
  0.468934 -0.0103577     1.9588   0.190698  -0.314702     2.0212   -1.43948
  0.469186 -0.0104679    1.95882   0.190106  -0.314761    2.02151   -1.43958
  0.469437 -0.0105769    1.95883   0.189521  -0.314819    2.02181   -1.43969
  0.469684 -0.0106846    1.95884   0.188943  -0.314877    2.02212   -1.43979
  0.469929 -0.0107911    1.95885   0.188371  -0.314934    2.02242   -1.43988
  0.470171 -0.0108965    1.95887   0.187805  -0.314991    2.02272   -1.43998
   0.47041 -0.0110006    1.95888   0.187245  -0.315048    2.02301   -1.44008
  0.470647 -0.0111036    1.95889   0.186691  -0.315104     2.0233   -1.44017
  0.470881 -0.0112054    1.95891   0.186144   -0.31516    2.02359   -1.44027
  0.471113 -0.0113061    1.95892   0.185602  -0.315216    2.02388   -1.44036
  0.471342 -0.0114057    1.95893   0.185066  -0.315271    2.02416   -1.44045
  0.471569 -0.0115041    1.95895   0.184536  -0.315326    2.02444   -1.44055
  0.471793 -0.0116015    1.95896   0.184012  -0.315381    2.02471   -1.44064
  0.472015 -0.0116977    1.95897   0.183493  -0.315435    2.02498   -1.44073
  0.472234 -0.0117928    1.95899    0.18298  -0.315489    2.02525   -1.44082
  0.472452 -0.0118869      1.959   0.182473  -0.315543    2.02552    -1.4409
 0.472666  -0.01198   1.95901  0.181971 -0.315596   2.02578  -1.44099
  0.472879 -0.0120719    1.95903   0.181475  -0.315649    2.02604   -1.44108
  0.473089 -0.0121629    1.95904   0.180984  -0.315702     2.0263   -1.44116
  0.473296 -0.0122528    1.95905   0.180499  -0.315754    2.02656   -1.44125
  0.473502 -0.0123417    1.95907   0.180019  -0.315806    2.02681   -1.44133
  0.473705 -0.0124296    1.95908   0.179544  -0.315858    2.02706   -1.44141
  0.473906 -0.0125166    1.95909   0.179074   -0.31591    2.02731   -1.44149
  0.474105 -0.0126025    1.95911   0.178609  -0.315961    2.02755   -1.44157
  0.474302 -0.0126875    1.95912   0.178149  -0.316012    2.02779   -1.44165
  0.474497 -0.0127715    1.95914   0.177695  -0.316062    2.02803   -1.44173
  0.474689 -0.0128545    1.95915   0.177245  -0.316113    2.02827   -1.44181
   0.47488 -0.0129366    1.95916     0.1768  -0.316163     2.0285   -1.44189
  0.475068 -0.0130178    1.95918    0.17636  -0.316213    2.02873   -1.44196
  0.475255 -0.0130981    1.95919   0.175925  -0.316262    2.02896   -1.44204
  0.475439 -0.0131775    1.95921   0.175495  -0.316311    2.02919   -1.44212
 0.475621 -0.013256   1.95922  0.175069  -0.31636   2.02941  -1.44219
  0.475802 -0.0133335    1.95924   0.174648  -0.316409    2.02963   -1.44226
   0.47598 -0.0134102    1.95925   0.174231  -0.316457    2.02985   -1.44234
  0.476156 -0.0134861    1.95926   0.173819  -0.316505    2.03007   -1.44241
  0.476331 -0.0135611    1.95928   0.173412  -0.316553    2.03028   -1.44248
  0.476504 -0.0136352    1.95929   0.173009  -0.316601    2.03049   -1.44255
  0.476674 -0.0137085    1.95931    0.17261  -0.316648     2.0307   -1.44262
  0.476843 -0.0137809    1.95932   0.172216  -0.316695    2.03091   -1.44269
  0.477011 -0.0138526    1.95934   0.171826  -0.316742    2.03111   -1.44276
  0.477176 -0.0139234    1.95935    0.17144  -0.316789    2.03131   -1.44282
  0.477339 -0.0139934    1.95937   0.171058  -0.316835    2.03151   -1.44289
  0.477501 -0.0140626    1.95938   0.170681  -0.316881    2.03171   -1.44296
 0.477661 -0.014131    1.9594  0.170307 -0.316927   2.03191  -1.44302
   0.47782 -0.0141987    1.95941   0.169938  -0.316973     2.0321   -1.44309
  0.477976 -0.0142656    1.95943   0.169573  -0.317018    2.03229   -1.44315
  0.478131 -0.0143317    1.95944   0.169211  -0.317063    2.03248   -1.44321
 0.478284 -0.014397   1.95946  0.168854 -0.317108   2.03267  -1.44328
  0.478436 -0.0144617    1.95947   0.168501  -0.317153    2.03286   -1.44334
  0.478586 -0.0145255    1.95949   0.168151  -0.317197    2.03304    -1.4434
  0.478734 -0.0145887     1.9595   0.167805  -0.317241    2.03322   -1.44346
  0.478881 -0.0146511    1.95952   0.167463  -0.317285     2.0334   -1.44352
  0.479026 -0.0147128    1.95954   0.167125  -0.317329    2.03358   -1.44358
  0.479169 -0.0147739    1.95955    0.16679  -0.317372    2.03375   -1.44364
  0.479311 -0.0148342    1.95957   0.166459  -0.317416    2.03393    -1.4437
  0.479452 -0.0148938    1.95958   0.166132  -0.317459     2.0341   -1.44375
  0.479591 -0.0149527     1.9596   0.165808  -0.317502    2.03427   -1.44381
 0.479728 -0.015011   1.95961  0.165488 -0.317544   2.03444  -1.44387
  0.479864 -0.0150686    1.95963   0.165171  -0.317587     2.0346   -1.44392
  0.479999 -0.0151255    1.95965   0.164857  -0.317629    2.03477   -1.44398
  0.480132 -0.0151818    1.95966   0.164548  -0.317671    2.03493   -1.44403
  0.480263 -0.0152374    1.95968   0.164241  -0.317713    2.03509   -1.44409
  0.480393 -0.0152924    1.95969   0.163938  -0.317755    2.03525   -1.44414
  0.480522 -0.0153468    1.95971   0.163638  -0.317796     2.0354   -1.44419
   0.48065 -0.0154005    1.95973   0.163341  -0.317837    2.03556   -1.44425
  0.480776 -0.0154536    1.95974   0.163048  -0.317878    2.03571    -1.4443
    0.4809 -0.0155061    1.95976   0.162757  -0.317919    2.03587   -1.44435
 0.481024 -0.015558   1.95977   0.16247  -0.31796   2.03602   -1.4444
  0.481145 -0.0156093    1.95979   0.162186     -0.318    2.03617   -1.44445
0.481266 -0.01566  1.95981 0.161905 -0.31804  2.03631  -1.4445
  0.481385 -0.0157102    1.95982   0.161628  -0.318081    2.03646   -1.44455
  0.481504 -0.0157597    1.95984   0.161353   -0.31812     2.0366    -1.4446
   0.48162 -0.0158087    1.95986   0.161081   -0.31816    2.03674   -1.44464
  0.481736 -0.0158571    1.95987   0.160812    -0.3182    2.03689   -1.44469
   0.48185 -0.0159049    1.95989   0.160546  -0.318239    2.03702   -1.44474
  0.481963 -0.0159522    1.95991   0.160283  -0.318278    2.03716   -1.44479
  0.482075 -0.0159989    1.95992   0.160023  -0.318317     2.0373   -1.44483
  0.482186 -0.0160451    1.95994   0.159766  -0.318356    2.03743   -1.44488
  0.482295 -0.0160907    1.95996   0.159511  -0.318395    2.03757   -1.44492
  0.482403 -0.0161359    1.95997   0.159259  -0.318433     2.0377   -1.44497
  0.482511 -0.0161805    1.95999    0.15901  -0.318472    2.03783   -1.44501
  0.482616 -0.0162245    1.96001   0.158764   -0.31851    2.03796   -1.44505
  0.482721 -0.0162681    1.96002    0.15852  -0.318548    2.03809    -1.4451
  0.482825 -0.0163111    1.96004    0.15828  -0.318586    2.03821   -1.44514
  0.482928 -0.0163537    1.96006   0.158041  -0.318623    2.03834   -1.44518
  0.483029 -0.0163957    1.96008   0.157805  -0.318661    2.03846   -1.44522
  0.483129 -0.0164373    1.96009   0.157572  -0.318698    2.03858   -1.44527
  0.483229 -0.0164784    1.96011   0.157342  -0.318735     2.0387   -1.44531
 0.483327 -0.016519   1.96013  0.157113 -0.318773   2.03882  -1.44535
  0.483424 -0.0165591    1.96014   0.156888  -0.318809    2.03894   -1.44539
   0.48352 -0.0165987    1.96016   0.156665  -0.318846    2.03906   -1.44543
  0.483615 -0.0166379    1.96018   0.156444  -0.318883    2.03917   -1.44547
  0.483709 -0.0166766     1.9602   0.156226  -0.318919    2.03929   -1.44551
  0.483802 -0.0167149    1.96021    0.15601  -0.318956     2.0394   -1.44554
  0.483894 -0.0167527    1.96023   0.155796  -0.318992    2.03951   -1.44558
 0.483985  -0.01679   1.96025  0.155585 -0.319028   2.03962  -1.44562
  0.484075 -0.0168269    1.96027   0.155376  -0.319064    2.03973   -1.44566
  0.484165 -0.0168634    1.96028   0.155169  -0.319099    2.03984   -1.44569
  0.484253 -0.0168995     1.9603   0.154964  -0.319135    2.03995   -1.44573
   0.48434 -0.0169351    1.96032   0.154762   -0.31917    2.04005   -1.44577
  0.484426 -0.0169703    1.96034   0.154562  -0.319206    2.04016    -1.4458
  0.484511 -0.0170051    1.96036   0.154364  -0.319241    2.04026   -1.44584
  0.484596 -0.0170394    1.96037   0.154169  -0.319276    2.04036   -1.44587
  0.484679 -0.0170734    1.96039   0.153975  -0.319311    2.04046   -1.44591
 0.484762 -0.017107   1.96041  0.153784 -0.319346   2.04056  -1.44594
  0.484844 -0.0171401    1.96043   0.153594   -0.31938    2.04066   -1.44597
  0.484925 -0.0171729    1.96045   0.153407  -0.319415    2.04076   -1.44601
  0.485005 -0.0172052    1.96046   0.153222  -0.319449    2.04086   -1.44604
  0.485084 -0.0172372    1.96048   0.153038  -0.319484    2.04095   -1.44607
  0.485162 -0.0172688     1.9605   0.152857  -0.319518    2.04105   -1.44611
 0.485239   -0.0173   1.96052  0.152678 -0.319552   2.04114  -1.44614
  0.485316 -0.0173309    1.96054   0.152501  -0.319586    2.04124   -1.44617
  0.485392 -0.0173613    1.96055   0.152325  -0.319619    2.04133    -1.4462
  0.485467 -0.0173914    1.96057   0.152152  -0.319653    2.04142   -1.44623
  0.485541 -0.0174212    1.96059    0.15198  -0.319687    2.04151   -1.44626
  0.485614 -0.0174506    1.96061    0.15181   -0.31972     2.0416   -1.44629
  0.485687 -0.0174796    1.96063   0.151642  -0.319753    2.04168   -1.44632
  0.485759 -0.0175083    1.96065   0.151476  -0.319787    2.04177   -1.44635
   0.48583 -0.0175366    1.96066   0.151312   -0.31982    2.04186   -1.44638
    0.4859 -0.0175646    1.96068    0.15115  -0.319853    2.04194   -1.44641
  0.485969 -0.0175922     1.9607   0.150989  -0.319886    2.04203   -1.44644
  0.486038 -0.0176195    1.96072    0.15083  -0.319918    2.04211   -1.44647
  0.486106 -0.0176465    1.96074   0.150673  -0.319951    2.04219    -1.4465
  0.486174 -0.0176731    1.96076   0.150518  -0.319984    2.04227   -1.44653
   0.48624 -0.0176995    1.96078   0.150364  -0.320016    2.04235   -1.44655
  0.486306 -0.0177254    1.96079   0.150212  -0.320048    2.04243   -1.44658
  0.486371 -0.0177511    1.96081   0.150061  -0.320081    2.04251   -1.44661
  0.486436 -0.0177765    1.96083   0.149912  -0.320113    2.04259   -1.44664
  0.486499 -0.0178015    1.96085   0.149765  -0.320145    2.04267   -1.44666
  0.486563 -0.0178263    1.96087    0.14962  -0.320177    2.04274   -1.44669
  0.486625 -0.0178507    1.96089   0.149476  -0.320209    2.04282   -1.44671
  0.486687 -0.0178749    1.96091   0.149333   -0.32024    2.04289   -1.44674
  0.486748 -0.0178987    1.96093   0.149192  -0.320272    2.04297   -1.44677
  0.486808 -0.0179222    1.96095   0.149053  -0.320303    2.04304   -1.44679
  0.486868 -0.0179455    1.96096   0.148915  -0.320335    2.04311   -1.44682
  0.486927 -0.0179685    1.96098   0.148779  -0.320366    2.04318   -1.44684
  0.486986 -0.0179911      1.961   0.148644  -0.320398    2.04325   -1.44687
  0.487044 -0.0180135    1.96102   0.148511  -0.320429    2.04332   -1.44689
  0.487101 -0.0180357    1.96104   0.148379   -0.32046    2.04339   -1.44691
  0.487158 -0.0180575    1.96106   0.148248  -0.320491    2.04346   -1.44694
  0.487214 -0.0180791    1.96108   0.148119  -0.320522    2.04353   -1.44696
  0.487269 -0.0181004     1.9611   0.147992  -0.320553    2.04359   -1.44698
  0.487324 -0.0181214    1.96112   0.147866  -0.320583    2.04366   -1.44701
  0.487378 -0.0181421    1.96114   0.147741  -0.320614    2.04372   -1.44703
  0.487432 -0.0181626    1.96116   0.147617  -0.320644    2.04379   -1.44705
  0.487485 -0.0181829    1.96118   0.147495  -0.320675    2.04385   -1.44707
  0.487538 -0.0182029     1.9612   0.147374  -0.320705    2.04391    -1.4471
   0.48759 -0.0182226    1.96121   0.147255  -0.320736    2.04398   -1.44712
  0.487641 -0.0182421    1.96123   0.147137  -0.320766    2.04404   -1.44714
  0.487692 -0.0182613    1.96125    0.14702  -0.320796     2.0441   -1.44716
  0.487742 -0.0182803    1.96127   0.146904  -0.320826    2.04416   -1.44718
 0.487792 -0.018299   1.96129   0.14679 -0.320856   2.04422   -1.4472
  0.487842 -0.0183176    1.96131   0.146677  -0.320886    2.04428   -1.44722
   0.48789 -0.0183358    1.96133   0.146565  -0.320916    2.04434   -1.44724
  0.487939 -0.0183539    1.96135   0.146454  -0.320946     2.0444   -1.44726
  0.487986 -0.0183717    1.96137   0.146345  -0.320975    2.04445   -1.44728
  0.488034 -0.0183892    1.96139   0.146236  -0.321005    2.04451    -1.4473
   0.48808 -0.0184066    1.96141   0.146129  -0.321034    2.04457   -1.44732
  0.488126 -0.0184237    1.96143   0.146024  -0.321064    2.04462   -1.44734
  0.488172 -0.0184406    1.96145   0.145919  -0.321093    2.04468   -1.44736
  0.488217 -0.0184573    1.96147   0.145815  -0.321122    2.04473   -1.44738
  0.488262 -0.0184737    1.96149   0.145713  -0.321152    2.04478    -1.4474
 0.488307  -0.01849   1.96151  0.145611 -0.321181   2.04484  -1.44742
  0.48835 -0.018506   1.96153  0.145511  -0.32121   2.04489  -1.44743
  0.488394 -0.0185218    1.96155   0.145412  -0.321239    2.04494   -1.44745
  0.488437 -0.0185374    1.96157   0.145314  -0.321268    2.04499   -1.44747
  0.488479 -0.0185528    1.96159   0.145217  -0.321297    2.04504   -1.44749
 0.488521 -0.018568   1.96161  0.145121 -0.321326   2.04509  -1.44751
 0.488563 -0.018583   1.96163  0.145026 -0.321354   2.04514  -1.44752
  0.488604 -0.0185978    1.96165   0.144932  -0.321383    2.04519   -1.44754
  0.488644 -0.0186124    1.96167   0.144839  -0.321412    2.04524   -1.44756
  0.488685 -0.0186268    1.96169   0.144748   -0.32144    2.04529   -1.44758
  0.488724 -0.0186411    1.96171   0.144657  -0.321469    2.04533   -1.44759
  0.488764 -0.0186551    1.96173   0.144567  -0.321497    2.04538   -1.44761
  0.488803 -0.0186689    1.96175   0.144478  -0.321526    2.04543   -1.44762
  0.488841 -0.0186826    1.96177    0.14439  -0.321554    2.04547   -1.44764
  0.48888 -0.018696   1.96179  0.144304 -0.321582   2.04552  -1.44766
  0.488917 -0.0187093    1.96181   0.144218   -0.32161    2.04556   -1.44767
  0.488955 -0.0187224    1.96183   0.144133  -0.321639    2.04561   -1.44769
  0.488992 -0.0187353    1.96185   0.144049  -0.321667    2.04565    -1.4477
  0.489028 -0.0187481    1.96187   0.143965  -0.321695    2.04569   -1.44772
  0.489064 -0.0187606    1.96189   0.143883  -0.321723    2.04574   -1.44773
   0.4891 -0.018773   1.96191  0.143802 -0.321751   2.04578  -1.44775
  0.489136 -0.0187853    1.96193   0.143721  -0.321778    2.04582   -1.44776
  0.489171 -0.0187973    1.96195   0.143642  -0.321806    2.04586   -1.44778
  0.489205 -0.0188092    1.96197   0.143563  -0.321834     2.0459   -1.44779
   0.48924 -0.0188209    1.96199   0.143485  -0.321862    2.04595   -1.44781
  0.489274 -0.0188325    1.96201   0.143408  -0.321889    2.04599   -1.44782
  0.489307 -0.0188439    1.96203   0.143332  -0.321917    2.04603   -1.44784
   0.48934 -0.0188551    1.96205   0.143257  -0.321944    2.04606   -1.44785
  0.489373 -0.0188662    1.96207   0.143182  -0.321972     2.0461   -1.44786
  0.489406 -0.0188771    1.96209   0.143109  -0.321999    2.04614   -1.44788
  0.489438 -0.0188879    1.96211   0.143036  -0.322027    2.04618   -1.44789
   0.48947 -0.0188985    1.96213   0.142964  -0.322054    2.04622    -1.4479
  0.489501 -0.0189089    1.96215   0.142892  -0.322081    2.04625   -1.44792
  0.489533 -0.0189192    1.96217   0.142822  -0.322108    2.04629   -1.44793
  0.489563 -0.0189294    1.96219   0.142752  -0.322136    2.04633   -1.44794
  0.489594 -0.0189394    1.96221   0.142683  -0.322163    2.04636   -1.44796
  0.489624 -0.0189493    1.96223   0.142615   -0.32219     2.0464   -1.44797
 0.489654 -0.018959   1.96226  0.142548 -0.322217   2.04643  -1.44798
  0.489684 -0.0189686    1.96228   0.142481  -0.322244    2.04647   -1.44799
 0.489713 -0.018978    1.9623  0.142415 -0.322271    2.0465  -1.44801
  0.489742 -0.0189873    1.96232    0.14235  -0.322298    2.04654   -1.44802
  0.489771 -0.0189965    1.96234   0.142285  -0.322325    2.04657   -1.44803
  0.489799 -0.0190055    1.96236   0.142221  -0.322351     2.0466   -1.44804
  0.489827 -0.0190144    1.96238   0.142158  -0.322378    2.04664   -1.44806
  0.489855 -0.0190231     1.9624   0.142096  -0.322405    2.04667   -1.44807
  0.489882 -0.0190317    1.96242   0.142034  -0.322431     2.0467   -1.44808
  0.489909 -0.0190402    1.96244   0.141973  -0.322458    2.04673   -1.44809
  0.489936 -0.0190486    1.96246   0.141912  -0.322485    2.04677    -1.4481
  0.489963 -0.0190568    1.96248   0.141853  -0.322511     2.0468   -1.44811
  0.489989 -0.0190649     1.9625   0.141793  -0.322538    2.04683   -1.44812
  0.490015 -0.0190729    1.96252   0.141735  -0.322564    2.04686   -1.44813
  0.490041 -0.0190808    1.96254   0.141677  -0.322591    2.04689   -1.44815
  0.490067 -0.0190885    1.96257    0.14162  -0.322617    2.04692   -1.44816
  0.490092 -0.0190961    1.96259   0.141564  -0.322643    2.04695   -1.44817
  0.490117 -0.0191036    1.96261   0.141508   -0.32267    2.04698   -1.44818
 0.490142 -0.019111   1.96263  0.141452 -0.322696   2.04701  -1.44819
  0.490166 -0.0191183    1.96265   0.141398  -0.322722    2.04703    -1.4482
   0.49019 -0.0191254    1.96267   0.141343  -0.322748    2.04706   -1.44821
  0.490214 -0.0191325    1.96269    0.14129  -0.322775    2.04709   -1.44822
  0.490238 -0.0191394    1.96271   0.141237  -0.322801    2.04712   -1.44823
  0.490262 -0.0191462    1.96273   0.141185  -0.322827    2.04715   -1.44824
  0.490285 -0.0191529    1.96275   0.141133  -0.322853    2.04717   -1.44825
  0.490308 -0.0191595    1.96277   0.141082  -0.322879     2.0472   -1.44826
  0.490331 -0.0191659    1.96279   0.141031  -0.322905    2.04723   -1.44827
  0.490353 -0.0191723    1.96282   0.140981  -0.322931    2.04725   -1.44828
  0.490375 -0.0191786    1.96284   0.140932  -0.322957    2.04728   -1.44829
  0.490397 -0.0191847    1.96286   0.140883  -0.322983     2.0473    -1.4483
  0.490419 -0.0191908    1.96288   0.140834  -0.323008    2.04733   -1.44831
  0.490441 -0.0191967     1.9629   0.140786  -0.323034    2.04735   -1.44831
  0.490462 -0.0192026    1.96292   0.140739   -0.32306    2.04738   -1.44832
  0.490483 -0.0192083    1.96294   0.140692  -0.323086     2.0474   -1.44833
 0.490504 -0.019214   1.96296  0.140646 -0.323111   2.04743  -1.44834
  0.490525 -0.0192195    1.96298     0.1406  -0.323137    2.04745   -1.44835
 0.490545 -0.019225     1.963  0.140554 -0.323163   2.04747  -1.44836
  0.490566 -0.0192303    1.96303    0.14051  -0.323188     2.0475   -1.44837
  0.490586 -0.0192356    1.96305   0.140465  -0.323214    2.04752   -1.44838
  0.490606 -0.0192408    1.96307   0.140421  -0.323239    2.04754   -1.44838
  0.490625 -0.0192458    1.96309   0.140378  -0.323265    2.04757   -1.44839
  0.490645 -0.0192508    1.96311   0.140335   -0.32329    2.04759    -1.4484
  0.490664 -0.0192557    1.96313   0.140293  -0.323316    2.04761   -1.44841
  0.490683 -0.0192605    1.96315   0.140251  -0.323341    2.04763   -1.44842
  0.490702 -0.0192652    1.96317   0.140209  -0.323367    2.04765   -1.44842
  0.490721 -0.0192698    1.96319   0.140168  -0.323392    2.04767   -1.44843
  0.490739 -0.0192744    1.96322   0.140128  -0.323417     2.0477   -1.44844
  0.490758 -0.0192788    1.96324   0.140088  -0.323443    2.04772   -1.44845
  0.490776 -0.0192832    1.96326   0.140048  -0.323468    2.04774   -1.44846
  0.490794 -0.0192875    1.96328   0.140009  -0.323493    2.04776   -1.44846
  0.490811 -0.0192917     1.9633    0.13997  -0.323519    2.04778   -1.44847
  0.490829 -0.0192958    1.96332   0.139931  -0.323544     2.0478   -1.44848
  0.490846 -0.0192998    1.96334   0.139893  -0.323569    2.04782   -1.44849
  0.490863 -0.0193038    1.96336   0.139856  -0.323594    2.04784   -1.44849
   0.49088 -0.0193076    1.96339   0.139819  -0.323619    2.04786    -1.4485
  0.490897 -0.0193114    1.96341   0.139782  -0.323644    2.04788   -1.44851
  0.490914 -0.0193151    1.96343   0.139746  -0.323669    2.04789   -1.44851
   0.49093 -0.0193188    1.96345    0.13971  -0.323695    2.04791   -1.44852
  0.490947 -0.0193223    1.96347   0.139674   -0.32372    2.04793   -1.44853
  0.490963 -0.0193258    1.96349   0.139639  -0.323745    2.04795   -1.44854
  0.490979 -0.0193292    1.96351   0.139604   -0.32377    2.04797   -1.44854
  0.490995 -0.0193325    1.96353    0.13957  -0.323794    2.04799   -1.44855
   0.49101 -0.0193358    1.96356   0.139536  -0.323819      2.048   -1.44856
 0.491026 -0.019339   1.96358  0.139502 -0.323844   2.04802  -1.44856
  0.491041 -0.0193421     1.9636   0.139469  -0.323869    2.04804   -1.44857
  0.491057 -0.0193451    1.96362   0.139436  -0.323894    2.04806   -1.44858
  0.491072 -0.0193481    1.96364   0.139404  -0.323919    2.04807   -1.44858
 0.491087 -0.019351   1.96366  0.139372 -0.323944   2.04809  -1.44859
  0.491101 -0.0193538    1.96368    0.13934  -0.323969    2.04811   -1.44859
  0.491116 -0.0193566    1.96371   0.139308  -0.323993    2.04812    -1.4486
   0.49113 -0.0193593    1.96373   0.139277  -0.324018    2.04814   -1.44861
  0.491145 -0.0193619    1.96375   0.139247  -0.324043    2.04815   -1.44861
  0.491159 -0.0193645    1.96377   0.139216  -0.324068    2.04817   -1.44862
 0.491173 -0.019367   1.96379  0.139186 -0.324092   2.04819  -1.44863
  0.491187 -0.0193694    1.96381   0.139156  -0.324117     2.0482   -1.44863
    0.4912 -0.0193718    1.96383   0.139127  -0.324142    2.04822   -1.44864
  0.491214 -0.0193741    1.96386   0.139098  -0.324166    2.04823   -1.44864
  0.491228 -0.0193764    1.96388   0.139069  -0.324191    2.04825   -1.44865
  0.491241 -0.0193786     1.9639   0.139041  -0.324215    2.04826   -1.44865
  0.491254 -0.0193807    1.96392   0.139013   -0.32424    2.04828   -1.44866
  0.491267 -0.0193828    1.96394   0.138985  -0.324264    2.04829   -1.44867
   0.49128 -0.0193848    1.96396   0.138957  -0.324289     2.0483   -1.44867
  0.491293 -0.0193867    1.96398    0.13893  -0.324314    2.04832   -1.44868
  0.491306 -0.0193886    1.96401   0.138903  -0.324338    2.04833   -1.44868
  0.491318 -0.0193904    1.96403   0.138877  -0.324363    2.04835   -1.44869
  0.491331 -0.0193922    1.96405    0.13885  -0.324387    2.04836   -1.44869
  0.491343 -0.0193939    1.96407   0.138824  -0.324411    2.04837    -1.4487
  0.491355 -0.0193956    1.96409   0.138799  -0.324436    2.04839    -1.4487
  0.491367 -0.0193972    1.96411   0.138773   -0.32446     2.0484   -1.44871
  0.491379 -0.0193987    1.96414   0.138748  -0.324485    2.04841   -1.44871
  0.491391 -0.0194002    1.96416   0.138723  -0.324509    2.04843   -1.44872
  0.491402 -0.0194016    1.96418   0.138699  -0.324533    2.04844   -1.44872
 0.491414 -0.019403    1.9642  0.138674 -0.324558   2.04845  -1.44873
  0.491426 -0.0194044    1.96422    0.13865  -0.324582    2.04846   -1.44873
  0.491437 -0.0194056    1.96424   0.138627  -0.324606    2.04848   -1.44874
  0.491448 -0.0194069    1.96427   0.138603  -0.324631    2.04849   -1.44874
  0.491459 -0.0194081    1.96429    0.13858  -0.324655     2.0485   -1.44875
   0.49147 -0.0194092    1.96431   0.138557  -0.324679    2.04851   -1.44875
  0.491481 -0.0194103    1.96433   0.138534  -0.324703    2.04852   -1.44876
  0.491492 -0.0194113    1.96435   0.138512  -0.324728    2.04854   -1.44876
  0.491503 -0.0194123    1.96437   0.138489  -0.324752    2.04855   -1.44877
  0.491513 -0.0194132     1.9644   0.138467  -0.324776    2.04856   -1.44877
  0.491524 -0.0194141    1.96442   0.138446    -0.3248    2.04857   -1.44878
 0.491534 -0.019415   1.96444  0.138424 -0.324824   2.04858  -1.44878
  0.491544 -0.0194157    1.96446   0.138403  -0.324848    2.04859   -1.44878
  0.491555 -0.0194165    1.96448   0.138382  -0.324873     2.0486   -1.44879
  0.491565 -0.0194172     1.9645   0.138361  -0.324897    2.04861   -1.44879
  0.491575 -0.0194178    1.96453   0.138341  -0.324921    2.04862    -1.4488
  0.491585 -0.0194185    1.96455    0.13832  -0.324945    2.04864    -1.4488
 0.491594 -0.019419   1.96457    0.1383 -0.324969   2.04865  -1.44881
  0.491604 -0.0194196    1.96459    0.13828  -0.324993    2.04866   -1.44881
 0.491614  -0.01942   1.96461  0.138261 -0.325017   2.04867  -1.44881
  0.491623 -0.0194205    1.96463   0.138241  -0.325041    2.04868   -1.44882
  0.491633 -0.0194209    1.96466   0.138222  -0.325065    2.04869   -1.44882
  0.491642 -0.0194212    1.96468   0.138203  -0.325089     2.0487   -1.44883
  0.491651 -0.0194215     1.9647   0.138184  -0.325113    2.04871   -1.44883
   0.49166 -0.0194218    1.96472   0.138166  -0.325137    2.04872   -1.44883
 0.491669 -0.019422   1.96474  0.138147 -0.325161   2.04873  -1.44884
  0.491678 -0.0194222    1.96476   0.138129  -0.325185    2.04873   -1.44884
  0.491687 -0.0194224    1.96479   0.138111  -0.325209    2.04874   -1.44885
  0.491696 -0.0194225    1.96481   0.138093  -0.325233    2.04875   -1.44885
  0.491705 -0.0194226    1.96483   0.138076  -0.325257    2.04876   -1.44885
  0.491713 -0.0194226    1.96485   0.138059  -0.325281    2.04877   -1.44886
  0.491722 -0.0194226    1.96487   0.138041  -0.325305    2.04878   -1.44886
   0.49173 -0.0194226     1.9649   0.138024  -0.325329    2.04879   -1.44886
  0.491739 -0.0194225    1.96492   0.138008  -0.325353     2.0488   -1.44887
  0.491747 -0.0194224    1.96494   0.137991  -0.325376    2.04881   -1.44887
  0.491755 -0.0194222    1.96496   0.137975    -0.3254    2.04881   -1.44887
 0.491763 -0.019422   1.96498  0.137959 -0.325424   2.04882  -1.44888
  0.491772 -0.0194218      1.965   0.137943  -0.325448    2.04883   -1.44888
   0.49178 -0.0194216    1.96503   0.137927  -0.325472    2.04884   -1.44888
  0.491787 -0.0194213    1.96505   0.137911  -0.325496    2.04885   -1.44889
  0.491795 -0.0194209    1.96507   0.137895  -0.325519    2.04886   -1.44889
  0.491803 -0.0194206    1.96509    0.13788  -0.325543    2.04886    -1.4489
  0.491811 -0.0194202    1.96511   0.137865  -0.325567    2.04887    -1.4489
  0.491818 -0.0194198    1.96514    0.13785  -0.325591    2.04888    -1.4489
  0.491826 -0.0194193    1.96516   0.137835  -0.325615    2.04889    -1.4489
  0.491833 -0.0194188    1.96518   0.137821  -0.325638    2.04889   -1.44891
  0.491841 -0.0194183     1.9652   0.137806  -0.325662     2.0489   -1.44891
  0.491848 -0.0194177    1.96522   0.137792  -0.325686    2.04891   -1.44891
  0.491855 -0.0194171    1.96524   0.137778  -0.325709    2.04892   -1.44892
  0.491863 -0.0194165    1.96527   0.137764  -0.325733    2.04892   -1.44892
   0.49187 -0.0194159    1.96529    0.13775  -0.325757    2.04893   -1.44892
  0.491877 -0.0194152    1.96531   0.137736  -0.325781    2.04894   -1.44893
  0.491884 -0.0194145    1.96533   0.137723  -0.325804    2.04895   -1.44893
  0.491891 -0.0194137    1.96535   0.137709  -0.325828    2.04895   -1.44893
 0.491898 -0.019413   1.96538  0.137696 -0.325852   2.04896  -1.44894
  0.491905 -0.0194122     1.9654   0.137683  -0.325875    2.04897   -1.44894
  0.491911 -0.0194113    1.96542    0.13767  -0.325899    2.04897   -1.44894
  0.491918 -0.0194105    1.96544   0.137657  -0.325923    2.04898   -1.44894
  0.491925 -0.0194096    1.96546   0.137645  -0.325946    2.04899   -1.44895
  0.491931 -0.0194087    1.96549   0.137632   -0.32597    2.04899   -1.44895
  0.491938 -0.0194077    1.96551    0.13762  -0.325993      2.049   -1.44895
  0.491944 -0.0194068    1.96553   0.137608  -0.326017      2.049   -1.44896
   0.49195 -0.0194058    1.96555   0.137596  -0.326041    2.04901   -1.44896
  0.491957 -0.0194048    1.96557   0.137584  -0.326064    2.04902   -1.44896
  0.491963 -0.0194037     1.9656   0.137572  -0.326088    2.04902   -1.44896
  0.491969 -0.0194026    1.96562    0.13756  -0.326111    2.04903   -1.44897
  0.491975 -0.0194015    1.96564   0.137549  -0.326135    2.04903   -1.44897
  0.491982 -0.0194004    1.96566   0.137538  -0.326159    2.04904   -1.44897
  0.491988 -0.0193993    1.96568   0.137526  -0.326182    2.04905   -1.44897
  0.491994 -0.0193981    1.96571   0.137515  -0.326206    2.04905   -1.44898
     0.492 -0.0193969    1.96573   0.137504  -0.326229    2.04906   -1.44898
  0.492005 -0.0193956    1.96575   0.137493  -0.326253    2.04906   -1.44898
  0.492011 -0.0193944    1.96577   0.137483  -0.326276    2.04907   -1.44899
  0.492017 -0.0193931    1.96579   0.137472    -0.3263    2.04907   -1.44899
  0.492023 -0.0193918    1.96582   0.137461  -0.326323    2.04908   -1.44899
  0.492028 -0.0193905    1.96584   0.137451  -0.326347    2.04909   -1.44899
  0.492034 -0.0193891    1.96586   0.137441   -0.32637    2.04909   -1.44899
   0.49204 -0.0193878    1.96588   0.137431  -0.326394     2.0491     -1.449
  0.492045 -0.0193864     1.9659   0.137421  -0.326417     2.0491     -1.449
 0.492051 -0.019385   1.96593  0.137411 -0.326441   2.04911    -1.449
  0.492056 -0.0193835    1.96595   0.137401  -0.326464    2.04911     -1.449
  0.492061 -0.0193821    1.96597   0.137391  -0.326488    2.04912   -1.44901
  0.492067 -0.0193806    1.96599   0.137382  -0.326511    2.04912   -1.44901
  0.492072 -0.0193791    1.96601   0.137372  -0.326535    2.04913   -1.44901
  0.492077 -0.0193776    1.96604   0.137363  -0.326558    2.04913   -1.44901
 0.492083 -0.019376   1.96606  0.137354 -0.326582   2.04914  -1.44902
  0.492088 -0.0193745    1.96608   0.137345  -0.326605    2.04914   -1.44902
  0.492093 -0.0193729     1.9661   0.137336  -0.326628    2.04914   -1.44902
  0.492098 -0.0193713    1.96612   0.137327  -0.326652    2.04915   -1.44902
  0.492103 -0.0193696    1.96615   0.137318  -0.326675    2.04915   -1.44902
 0.492108 -0.019368   1.96617  0.137309 -0.326699   2.04916  -1.44903
  0.492113 -0.0193663    1.96619   0.137301  -0.326722    2.04916   -1.44903
  0.492118 -0.0193646    1.96621   0.137292  -0.326745    2.04917   -1.44903
  0.492122 -0.0193629    1.96623   0.137284  -0.326769    2.04917   -1.44903
  0.492127 -0.0193612    1.96626   0.137275  -0.326792    2.04918   -1.44904
  0.492132 -0.0193595    1.96628   0.137267  -0.326816    2.04918   -1.44904
  0.492137 -0.0193577     1.9663   0.137259  -0.326839    2.04918   -1.44904
  0.492141 -0.0193559    1.96632   0.137251  -0.326862    2.04919   -1.44904
  0.492146 -0.0193541    1.96634   0.137243  -0.326886    2.04919   -1.44904
  0.492151 -0.0193523    1.96637   0.137235  -0.326909     2.0492   -1.44905
  0.492155 -0.0193505    1.96639   0.137227  -0.326932     2.0492   -1.44905
   0.49216 -0.0193486    1.96641    0.13722  -0.326956     2.0492   -1.44905
  0.492164 -0.0193467    1.96643   0.137212  -0.326979    2.04921   -1.44905
  0.492169 -0.0193448    1.96645   0.137205  -0.327003    2.04921   -1.44905
  0.492173 -0.0193429    1.96648   0.137197  -0.327026    2.04922   -1.44906
 0.492178 -0.019341    1.9665   0.13719 -0.327049   2.04922  -1.44906
  0.492182 -0.0193391    1.96652   0.137183  -0.327073    2.04922   -1.44906
  0.492186 -0.0193371    1.96654   0.137176  -0.327096    2.04923   -1.44906
   0.49219 -0.0193351    1.96657   0.137169  -0.327119    2.04923   -1.44906
  0.492195 -0.0193331    1.96659   0.137162  -0.327143    2.04923   -1.44906
  0.492199 -0.0193311    1.96661   0.137155  -0.327166    2.04924   -1.44907
  0.492203 -0.0193291    1.96663   0.137148  -0.327189    2.04924   -1.44907
  0.492207 -0.0193271    1.96665   0.137141  -0.327212    2.04924   -1.44907
 0.492211 -0.019325   1.96668  0.137135 -0.327236   2.04925  -1.44907
 0.492215 -0.019323    1.9667  0.137128 -0.327259   2.04925  -1.44907
  0.492219 -0.0193209    1.96672   0.137122  -0.327282    2.04925   -1.44908
  0.492223 -0.0193188    1.96674   0.137115  -0.327306    2.04926   -1.44908
  0.492227 -0.0193167    1.96676   0.137109  -0.327329    2.04926   -1.44908
  0.492231 -0.0193145    1.96679   0.137103  -0.327352    2.04926   -1.44908
  0.492235 -0.0193124    1.96681   0.137096  -0.327375    2.04927   -1.44908
  0.492239 -0.0193102    1.96683    0.13709  -0.327399    2.04927   -1.44908
 0.492243 -0.019308   1.96685  0.137084 -0.327422   2.04927  -1.44909
  0.492247 -0.0193059    1.96687   0.137078  -0.327445    2.04928   -1.44909
  0.492251 -0.0193037     1.9669   0.137072  -0.327469    2.04928   -1.44909
  0.492254 -0.0193014    1.96692   0.137067  -0.327492    2.04928   -1.44909
  0.492258 -0.0192992    1.96694   0.137061  -0.327515    2.04929   -1.44909
 0.492262 -0.019297   1.96696  0.137055 -0.327538   2.04929  -1.44909
  0.492265 -0.0192947    1.96699    0.13705  -0.327562    2.04929    -1.4491
  0.492269 -0.0192924    1.96701   0.137044  -0.327585    2.04929    -1.4491
  0.492273 -0.0192902    1.96703   0.137039  -0.327608     2.0493    -1.4491
  0.492276 -0.0192879    1.96705   0.137033  -0.327631     2.0493    -1.4491
   0.49228 -0.0192856    1.96707   0.137028  -0.327655     2.0493    -1.4491
  0.492283 -0.0192832     1.9671   0.137023  -0.327678    2.04931    -1.4491
  0.492287 -0.0192809    1.96712   0.137017  -0.327701    2.04931   -1.44911
   0.49229 -0.0192786    1.96714   0.137012  -0.327724    2.04931   -1.44911
  0.492294 -0.0192762    1.96716   0.137007  -0.327747    2.04931   -1.44911
  0.492297 -0.0192738    1.96719   0.137002  -0.327771    2.04932   -1.44911
    0.4923 -0.0192714    1.96721   0.136997  -0.327794    2.04932   -1.44911
 0.492304 -0.019269   1.96723  0.136992 -0.327817   2.04932  -1.44911
  0.492307 -0.0192666    1.96725   0.136987   -0.32784    2.04932   -1.44911
   0.49231 -0.0192642    1.96727   0.136983  -0.327864    2.04933   -1.44912
  0.492314 -0.0192618     1.9673   0.136978  -0.327887    2.04933   -1.44912
  0.492317 -0.0192593    1.96732   0.136973   -0.32791    2.04933   -1.44912
   0.49232 -0.0192569    1.96734   0.136969  -0.327933    2.04933   -1.44912
  0.492323 -0.0192544    1.96736   0.136964  -0.327956    2.04934   -1.44912
 0.492327 -0.019252   1.96739   0.13696  -0.32798   2.04934  -1.44912
   0.49233 -0.0192495    1.96741   0.136955  -0.328003    2.04934   -1.44912
 0.492333 -0.019247   1.96743  0.136951 -0.328026   2.04934  -1.44913
  0.492336 -0.0192445    1.96745   0.136946  -0.328049    2.04934   -1.44913
  0.492339 -0.0192419    1.96747   0.136942  -0.328072    2.04935   -1.44913
  0.492342 -0.0192394     1.9675   0.136938  -0.328095    2.04935   -1.44913
  0.492345 -0.0192369    1.96752   0.136934  -0.328119    2.04935   -1.44913
  0.492348 -0.0192343    1.96754    0.13693  -0.328142    2.04935   -1.44913
  0.492351 -0.0192318    1.96756   0.136925  -0.328165    2.04936   -1.44913
  0.492354 -0.0192292    1.96759   0.136921  -0.328188    2.04936   -1.44914
  0.492357 -0.0192266    1.96761   0.136918  -0.328211    2.04936   -1.44914
  0.49236 -0.019224   1.96763  0.136914 -0.328235   2.04936  -1.44914
  0.492363 -0.0192214    1.96765    0.13691  -0.328258    2.04936   -1.44914
  0.492366 -0.0192188    1.96767   0.136906  -0.328281    2.04936   -1.44914
  0.492369 -0.0192162     1.9677   0.136902  -0.328304    2.04937   -1.44914
  0.492372 -0.0192136    1.96772   0.136898  -0.328327    2.04937   -1.44914
  0.492375 -0.0192109    1.96774   0.136895   -0.32835    2.04937   -1.44914
  0.492378 -0.0192083    1.96776   0.136891  -0.328373    2.04937   -1.44915
   0.49238 -0.0192056    1.96779   0.136888  -0.328397    2.04937   -1.44915
 0.492383 -0.019203   1.96781  0.136884  -0.32842   2.04938  -1.44915
  0.492386 -0.0192003    1.96783   0.136881  -0.328443    2.04938   -1.44915
  0.492389 -0.0191976    1.96785   0.136877  -0.328466    2.04938   -1.44915
  0.492391 -0.0191949    1.96787   0.136874  -0.328489    2.04938   -1.44915
  0.492394 -0.0191922     1.9679    0.13687  -0.328512    2.04938   -1.44915
  0.492397 -0.0191895    1.96792   0.136867  -0.328536    2.04938   -1.44915
    0.4924 -0.0191868    1.96794   0.136864  -0.328559    2.04939   -1.44916
  0.492402 -0.0191841    1.96796    0.13686  -0.328582    2.04939   -1.44916
  0.492405 -0.0191813    1.96799   0.136857  -0.328605    2.04939   -1.44916
  0.492407 -0.0191786    1.96801   0.136854  -0.328628    2.04939   -1.44916
   0.49241 -0.0191758    1.96803   0.136851  -0.328651    2.04939   -1.44916
  0.492413 -0.0191731    1.96805   0.136848  -0.328674    2.04939   -1.44916
  0.492415 -0.0191703    1.96807   0.136845  -0.328697     2.0494   -1.44916
  0.492418 -0.0191675     1.9681   0.136842  -0.328721     2.0494   -1.44916
   0.49242 -0.0191647    1.96812   0.136839  -0.328744     2.0494   -1.44916
 0.492423 -0.019162   1.96814  0.136836 -0.328767    2.0494  -1.44917
  0.492425 -0.0191592    1.96816   0.136833   -0.32879     2.0494   -1.44917
  0.492428 -0.0191563    1.96819    0.13683  -0.328813     2.0494   -1.44917
   0.49243 -0.0191535    1.96821   0.136828  -0.328836     2.0494   -1.44917
  0.492433 -0.0191507    1.96823   0.136825  -0.328859    2.04941   -1.44917
  0.492435 -0.0191479    1.96825   0.136822  -0.328882    2.04941   -1.44917
  0.492438 -0.0191451    1.96828   0.136819  -0.328906    2.04941   -1.44917
   0.49244 -0.0191422     1.9683   0.136817  -0.328929    2.04941   -1.44917
  0.492442 -0.0191394    1.96832   0.136814  -0.328952    2.04941   -1.44917
  0.492445 -0.0191365    1.96834   0.136812  -0.328975    2.04941   -1.44918
  0.492447 -0.0191336    1.96836   0.136809  -0.328998    2.04941   -1.44918
   0.49245 -0.0191308    1.96839   0.136807  -0.329021    2.04941   -1.44918
  0.492452 -0.0191279    1.96841   0.136804  -0.329044    2.04942   -1.44918
 0.492454 -0.019125   1.96843  0.136802 -0.329067   2.04942  -1.44918
  0.492457 -0.0191221    1.96845   0.136799   -0.32909    2.04942   -1.44918
  0.492459 -0.0191192    1.96848   0.136797  -0.329114    2.04942   -1.44918
  0.492461 -0.0191163     1.9685   0.136795  -0.329137    2.04942   -1.44918
  0.492463 -0.0191134    1.96852   0.136792   -0.32916    2.04942   -1.44918
  0.492466 -0.0191105    1.96854    0.13679  -0.329183    2.04942   -1.44918
  0.492468 -0.0191076    1.96857   0.136788  -0.329206    2.04942   -1.44919
   0.49247 -0.0191046    1.96859   0.136786  -0.329229    2.04943   -1.44919
  0.492472 -0.0191017    1.96861   0.136783  -0.329252    2.04943   -1.44919
  0.492475 -0.0190988    1.96863   0.136781  -0.329275    2.04943   -1.44919
  0.492477 -0.0190958    1.96865   0.136779  -0.329298    2.04943   -1.44919
  0.492479 -0.0190929    1.96868   0.136777  -0.329322    2.04943   -1.44919
  0.492481 -0.0190899     1.9687   0.136775  -0.329345    2.04943   -1.44919
  0.492483 -0.0190869    1.96872   0.136773  -0.329368    2.04943   -1.44919
 0.492485 -0.019084   1.96874  0.136771 -0.329391   2.04943  -1.44919
 0.492488 -0.019081   1.96877  0.136769 -0.329414   2.04943  -1.44919
  0.49249 -0.019078   1.96879  0.136767 -0.329437   2.04943   -1.4492
 0.492492 -0.019075   1.96881  0.136765  -0.32946   2.04944   -1.4492
 0.492494 -0.019072   1.96883  0.136763 -0.329483   2.04944   -1.4492
 0.492496 -0.019069   1.96886  0.136761 -0.329506   2.04944   -1.4492
 0.492498 -0.019066   1.96888  0.136759 -0.329529   2.04944   -1.4492
   0.4925 -0.019063    1.9689  0.136758 -0.329552   2.04944   -1.4492
 0.492502  -0.01906   1.96892  0.136756 -0.329576   2.04944   -1.4492
 0.492504 -0.019057   1.96895  0.136754 -0.329599   2.04944   -1.4492
 0.492506 -0.019054   1.96897  0.136752 -0.329622   2.04944   -1.4492
  0.492508 -0.0190509    1.96899   0.136751  -0.329645    2.04944    -1.4492
   0.49251 -0.0190479    1.96901   0.136749  -0.329668    2.04944    -1.4492
  0.492512 -0.0190449    1.96903   0.136747  -0.329691    2.04944   -1.44921
  0.492514 -0.0190418    1.96906   0.136746  -0.329714    2.04944   -1.44921
  0.492516 -0.0190388    1.96908   0.136744  -0.329737    2.04945   -1.44921
  0.492518 -0.0190357     1.9691   0.136742   -0.32976    2.04945   -1.44921
   0.49252 -0.0190326    1.96912   0.136741  -0.329783    2.04945   -1.44921
  0.492522 -0.0190296    1.96915   0.136739  -0.329806    2.04945   -1.44921
  0.492524 -0.0190265    1.96917   0.136738   -0.32983    2.04945   -1.44921
  0.492526 -0.0190234    1.96919   0.136736  -0.329853    2.04945   -1.44921
  0.492528 -0.0190204    1.96921   0.136735  -0.329876    2.04945   -1.44921
   0.49253 -0.0190173    1.96924   0.136734  -0.329899    2.04945   -1.44921
  0.492532 -0.0190142    1.96926   0.136732  -0.329922    2.04945   -1.44921
  0.492534 -0.0190111    1.96928   0.136731  -0.329945    2.04945   -1.44922
 0.492536 -0.019008    1.9693  0.136729 -0.329968   2.04945  -1.44922
  0.492537 -0.0190049    1.96933   0.136728  -0.329991    2.04945   -1.44922
  0.492539 -0.0190018    1.96935   0.136727  -0.330014    2.04945   -1.44922
  0.492541 -0.0189987    1.96937   0.136725  -0.330037    2.04945   -1.44922
  0.492543 -0.0189956    1.96939   0.136724   -0.33006    2.04946   -1.44922
  0.492545 -0.0189924    1.96942   0.136723  -0.330083    2.04946   -1.44922
  0.492547 -0.0189893    1.96944   0.136722  -0.330106    2.04946   -1.44922
  0.492548 -0.0189862    1.96946    0.13672   -0.33013    2.04946   -1.44922
   0.49255 -0.0189831    1.96948   0.136719  -0.330153    2.04946   -1.44922
  0.492552 -0.0189799     1.9695   0.136718  -0.330176    2.04946   -1.44922
  0.492554 -0.0189768    1.96953   0.136717  -0.330199    2.04946   -1.44922
  0.492556 -0.0189736    1.96955   0.136716  -0.330222    2.04946   -1.44922
  0.492557 -0.0189705    1.96957   0.136714  -0.330245    2.04946   -1.44923
  0.492559 -0.0189673    1.96959   0.136713  -0.330268    2.04946   -1.44923
  0.492561 -0.0189642    1.96962   0.136712  -0.330291    2.04946   -1.44923
 0.492563 -0.018961   1.96964  0.136711 -0.330314   2.04946  -1.44923
  0.492564 -0.0189579    1.96966    0.13671  -0.330337    2.04946   -1.44923
  0.492566 -0.0189547    1.96968   0.136709   -0.33036    2.04946   -1.44923
  0.492568 -0.0189515    1.96971   0.136708  -0.330383    2.04946   -1.44923
   0.49257 -0.0189484    1.96973   0.136707  -0.330407    2.04946   -1.44923
  0.492571 -0.0189452    1.96975   0.136706   -0.33043    2.04946   -1.44923
 0.492573 -0.018942   1.96977  0.136705 -0.330453   2.04946  -1.44923
  0.492575 -0.0189388     1.9698   0.136704  -0.330476    2.04946   -1.44923
  0.492577 -0.0189356    1.96982   0.136703  -0.330499    2.04947   -1.44923
  0.492578 -0.0189324    1.96984   0.136702  -0.330522    2.04947   -1.44924
   0.49258 -0.0189292    1.96986   0.136701  -0.330545    2.04947   -1.44924
 0.492582 -0.018926   1.96989  0.136701 -0.330568   2.04947  -1.44924
  0.492583 -0.0189228    1.96991     0.1367  -0.330591    2.04947   -1.44924
  0.492585 -0.0189196    1.96993   0.136699  -0.330614    2.04947   -1.44924
  0.492587 -0.0189164    1.96995   0.136698  -0.330637    2.04947   -1.44924
  0.492588 -0.0189132    1.96998   0.136697   -0.33066    2.04947   -1.44924
  0.49259  -0.01891      1.97  0.136696 -0.330683   2.04947  -1.44924
  0.492591 -0.0189068    1.97002   0.136696  -0.330707    2.04947   -1.44924
  0.492593 -0.0189036    1.97004   0.136695   -0.33073    2.04947   -1.44924
  0.492595 -0.0189003    1.97006   0.136694  -0.330753    2.04947   -1.44924
  0.492596 -0.0188971    1.97009   0.136693  -0.330776    2.04947   -1.44924
  0.492598 -0.0188939    1.97011   0.136693  -0.330799    2.04947   -1.44924
    0.4926 -0.0188906    1.97013   0.136692  -0.330822    2.04947   -1.44924
  0.492601 -0.0188874    1.97015   0.136691  -0.330845    2.04947   -1.44925
  0.492603 -0.0188842    1.97018   0.136691  -0.330868    2.04947   -1.44925
  0.492604 -0.0188809     1.9702    0.13669  -0.330891    2.04947   -1.44925
  0.492606 -0.0188777    1.97022   0.136689  -0.330914    2.04947   -1.44925
  0.492607 -0.0188744    1.97024   0.136689  -0.330937    2.04947   -1.44925
  0.492609 -0.0188712    1.97027   0.136688   -0.33096    2.04947   -1.44925
  0.492611 -0.0188679    1.97029   0.136687  -0.330983    2.04947   -1.44925
  0.492612 -0.0188647    1.97031   0.136687  -0.331007    2.04947   -1.44925
  0.492614 -0.0188614    1.97033   0.136686   -0.33103    2.04947   -1.44925
  0.492615 -0.0188582    1.97036   0.136686  -0.331053    2.04947   -1.44925
  0.492617 -0.0188549    1.97038   0.136685  -0.331076    2.04947   -1.44925
  0.492618 -0.0188516     1.9704   0.136685  -0.331099    2.04947   -1.44925
   0.49262 -0.0188484    1.97042   0.136684  -0.331122    2.04947   -1.44925
  0.492621 -0.0188451    1.97045   0.136684  -0.331145    2.04947   -1.44925
  0.492623 -0.0188418    1.97047   0.136683  -0.331168    2.04947   -1.44926
  0.492624 -0.0188385    1.97049   0.136683  -0.331191    2.04947   -1.44926
  0.492626 -0.0188352    1.97051   0.136682  -0.331214    2.04947   -1.44926
 0.492627 -0.018832   1.97054  0.136682 -0.331237   2.04947  -1.44926
  0.492629 -0.0188287    1.97056   0.136681   -0.33126    2.04947   -1.44926
   0.49263 -0.0188254    1.97058   0.136681  -0.331284    2.04947   -1.44926
  0.492632 -0.0188221     1.9706    0.13668  -0.331307    2.04948   -1.44926
  0.492633 -0.0188188    1.97063    0.13668   -0.33133    2.04948   -1.44926
  0.492635 -0.0188155    1.97065   0.136679  -0.331353    2.04948   -1.44926
  0.492636 -0.0188122    1.97067   0.136679  -0.331376    2.04948   -1.44926
  0.492638 -0.0188089    1.97069   0.136679  -0.331399    2.04948   -1.44926
  0.492639 -0.0188056    1.97072   0.136678  -0.331422    2.04948   -1.44926
  0.492641 -0.0188023    1.97074   0.136678  -0.331445    2.04948   -1.44926
 0.492642 -0.018799   1.97076  0.136678 -0.331468   2.04948  -1.44926
  0.492644 -0.0187957    1.97078   0.136677  -0.331491    2.04948   -1.44926
  0.492645 -0.0187924    1.97081   0.136677  -0.331514    2.04948   -1.44927
  0.492647 -0.0187891    1.97083   0.136677  -0.331537    2.04948   -1.44927
  0.492648 -0.0187858    1.97085   0.136676  -0.331561    2.04948   -1.44927
  0.492649 -0.0187824    1.97087   0.136676  -0.331584    2.04948   -1.44927
  0.492651 -0.0187791     1.9709   0.136676  -0.331607    2.04948   -1.44927
  0.492652 -0.0187758    1.97092   0.136675   -0.33163    2.04948   -1.44927
  0.492654 -0.0187725    1.97094   0.136675  -0.331653    2.04948   -1.44927
  0.492655 -0.0187691    1.97096   0.136675  -0.331676    2.04948   -1.44927
  0.492657 -0.0187658    1.97099   0.136675  -0.331699    2.04948   -1.44927
  0.492658 -0.0187625    1.97101   0.136674  -0.331722    2.04948   -1.44927
  0.492659 -0.0187592    1.97103   0.136674  -0.331745    2.04948   -1.44927
  0.492661 -0.0187558    1.97105   0.136674  -0.331768    2.04948   -1.44927
  0.492662 -0.0187525    1.97108   0.136674  -0.331791    2.04948   -1.44927
  0.492664 -0.0187491     1.9711   0.136674  -0.331814    2.04948   -1.44927
  0.492665 -0.0187458    1.97112   0.136673  -0.331838    2.04948   -1.44927
  0.492666 -0.0187425    1.97114   0.136673  -0.331861    2.04948   -1.44928
  0.492668 -0.0187391    1.97117   0.136673  -0.331884    2.04948   -1.44928
  0.492669 -0.0187358    1.97119   0.136673  -0.331907    2.04948   -1.44928
  0.492671 -0.0187324    1.97121   0.136673   -0.33193    2.04948   -1.44928
  0.492672 -0.0187291    1.97123   0.136672  -0.331953    2.04948   -1.44928
  0.492673 -0.0187257    1.97126   0.136672  -0.331976    2.04948   -1.44928
  0.492675 -0.0187224    1.97128   0.136672  -0.331999    2.04948   -1.44928
 0.492676 -0.018719    1.9713  0.136672 -0.332022   2.04948  -1.44928
  0.492677 -0.0187157    1.97132   0.136672  -0.332045    2.04948   -1.44928
  0.492679 -0.0187123    1.97135   0.136672  -0.332069    2.04948   -1.44928
   0.49268 -0.0187089    1.97137   0.136672  -0.332092    2.04948   -1.44928
  0.492681 -0.0187056    1.97139   0.136672  -0.332115    2.04948   -1.44928
  0.492683 -0.0187022    1.97141   0.136672  -0.332138    2.04948   -1.44928
  0.492684 -0.0186988    1.97144   0.136672  -0.332161    2.04948   -1.44928
  0.492686 -0.0186955    1.97146   0.136671  -0.332184    2.04948   -1.44928
  0.492687 -0.0186921    1.97148   0.136671  -0.332207    2.04948   -1.44928
  0.492688 -0.0186887     1.9715   0.136671   -0.33223    2.04948   -1.44928
   0.49269 -0.0186854    1.97153   0.136671  -0.332253    2.04948   -1.44929
 0.492691 -0.018682   1.97155  0.136671 -0.332276   2.04948  -1.44929
  0.492692 -0.0186786    1.97157   0.136671    -0.3323    2.04948   -1.44929
  0.492693 -0.0186752    1.97159   0.136671  -0.332323    2.04948   -1.44929
  0.492695 -0.0186719    1.97162   0.136671  -0.332346    2.04948   -1.44929
  0.492696 -0.0186685    1.97164   0.136671  -0.332369    2.04948   -1.44929
  0.492697 -0.0186651    1.97166   0.136671  -0.332392    2.04948   -1.44929
  0.492699 -0.0186617    1.97168   0.136671  -0.332415    2.04948   -1.44929
    0.4927 -0.0186583    1.97171   0.136671  -0.332438    2.04948   -1.44929
 0.492701 -0.018655   1.97173  0.136671 -0.332461   2.04948  -1.44929
  0.492703 -0.0186516    1.97175   0.136671  -0.332484    2.04948   -1.44929
  0.492704 -0.0186482    1.97177   0.136671  -0.332507    2.04948   -1.44929
  0.492705 -0.0186448     1.9718   0.136671  -0.332531    2.04948   -1.44929
  0.492707 -0.0186414    1.97182   0.136671  -0.332554    2.04948   -1.44929
 0.492708 -0.018638   1.97184  0.136671 -0.332577   2.04948  -1.44929
  0.492709 -0.0186346    1.97186   0.136671    -0.3326    2.04948   -1.44929
   0.49271 -0.0186312    1.97189   0.136672  -0.332623    2.04948    -1.4493
  0.492712 -0.0186278    1.97191   0.136672  -0.332646    2.04948    -1.4493
  0.492713 -0.0186244    1.97193   0.136672  -0.332669    2.04948    -1.4493
 0.492714 -0.018621   1.97195  0.136672 -0.332692   2.04948   -1.4493
  0.492716 -0.0186176    1.97198   0.136672  -0.332715    2.04948    -1.4493
  0.492717 -0.0186142      1.972   0.136672  -0.332739    2.04948    -1.4493
  0.492718 -0.0186108    1.97202   0.136672  -0.332762    2.04948    -1.4493
  0.492719 -0.0186074    1.97204   0.136672  -0.332785    2.04948    -1.4493
 0.492721 -0.018604   1.97207  0.136672 -0.332808   2.04948   -1.4493
  0.492722 -0.0186006    1.97209   0.136672  -0.332831    2.04948    -1.4493
  0.492723 -0.0185972    1.97211   0.136673  -0.332854    2.04948    -1.4493
  0.492724 -0.0185938    1.97213   0.136673  -0.332877    2.04948    -1.4493
  0.492726 -0.0185904    1.97216   0.136673    -0.3329    2.04948    -1.4493
  0.492727 -0.0185869    1.97218   0.136673  -0.332924    2.04948    -1.4493
  0.492728 -0.0185835     1.9722   0.136673  -0.332947    2.04947    -1.4493
   0.49273 -0.0185801    1.97222   0.136673   -0.33297    2.04947    -1.4493
  0.492731 -0.0185767    1.97225   0.136673  -0.332993    2.04947    -1.4493
  0.492732 -0.0185733    1.97227   0.136674  -0.333016    2.04947    -1.4493
  0.492733 -0.0185699    1.97229   0.136674  -0.333039    2.04947   -1.44931
  0.492734 -0.0185664    1.97231   0.136674  -0.333062    2.04947   -1.44931
 0.492736 -0.018563   1.97234  0.136674 -0.333085   2.04947  -1.44931
  0.492737 -0.0185596    1.97236   0.136674  -0.333109    2.04947   -1.44931
  0.492738 -0.0185562    1.97238   0.136674  -0.333132    2.04947   -1.44931
  0.492739 -0.0185527     1.9724   0.136675  -0.333155    2.04947   -1.44931
  0.492741 -0.0185493    1.97243   0.136675  -0.333178    2.04947   -1.44931
  0.492742 -0.0185459    1.97245   0.136675  -0.333201    2.04947   -1.44931
  0.492743 -0.0185425    1.97247   0.136675  -0.333224    2.04947   -1.44931
 0.492744 -0.018539   1.97249  0.136675 -0.333247   2.04947  -1.44931
  0.492746 -0.0185356    1.97252   0.136676   -0.33327    2.04947   -1.44931
  0.492747 -0.0185322    1.97254   0.136676  -0.333294    2.04947   -1.44931
  0.492748 -0.0185287    1.97256   0.136676  -0.333317    2.04947   -1.44931
  0.492749 -0.0185253    1.97259   0.136676   -0.33334    2.04947   -1.44931
  0.492751 -0.0185219    1.97261   0.136677  -0.333363    2.04947   -1.44931
  0.492752 -0.0185184    1.97263   0.136677  -0.333386    2.04947   -1.44931
 0.492753 -0.018515   1.97265  0.136677 -0.333409   2.04947  -1.44931
  0.492754 -0.0185116    1.97268   0.136677  -0.333432    2.04947   -1.44931
  0.492755 -0.0185081     1.9727   0.136678  -0.333455    2.04947   -1.44932
  0.492757 -0.0185047    1.97272   0.136678  -0.333479    2.04947   -1.44932
  0.492758 -0.0185013    1.97274   0.136678  -0.333502    2.04947   -1.44932
  0.492759 -0.0184978    1.97277   0.136678  -0.333525    2.04947   -1.44932
   0.49276 -0.0184944    1.97279   0.136679  -0.333548    2.04947   -1.44932
  0.492761 -0.0184909    1.97281   0.136679  -0.333571    2.04947   -1.44932
  0.492763 -0.0184875    1.97283   0.136679  -0.333594    2.04947   -1.44932
 0.492764 -0.018484   1.97286  0.136679 -0.333617   2.04947  -1.44932
  0.492765 -0.0184806    1.97288    0.13668  -0.333641    2.04947   -1.44932
  0.492766 -0.0184771     1.9729    0.13668  -0.333664    2.04947   -1.44932
  0.492767 -0.0184737    1.97292    0.13668  -0.333687    2.04947   -1.44932
  0.492769 -0.0184703    1.97295   0.136681   -0.33371    2.04947   -1.44932
   0.49277 -0.0184668    1.97297   0.136681  -0.333733    2.04947   -1.44932
  0.492771 -0.0184634    1.97299   0.136681  -0.333756    2.04947   -1.44932
  0.492772 -0.0184599    1.97301   0.136682   -0.33378    2.04947   -1.44932
  0.492773 -0.0184564    1.97304   0.136682  -0.333803    2.04947   -1.44932
 0.492775 -0.018453   1.97306  0.136682 -0.333826   2.04947  -1.44932
  0.492776 -0.0184495    1.97308   0.136682  -0.333849    2.04947   -1.44932
  0.492777 -0.0184461     1.9731   0.136683  -0.333872    2.04947   -1.44933
  0.492778 -0.0184426    1.97313   0.136683  -0.333895    2.04947   -1.44933
  0.492779 -0.0184392    1.97315   0.136683  -0.333918    2.04947   -1.44933
  0.492781 -0.0184357    1.97317   0.136684  -0.333942    2.04947   -1.44933
  0.492782 -0.0184323     1.9732   0.136684  -0.333965    2.04947   -1.44933
  0.492783 -0.0184288    1.97322   0.136684  -0.333988    2.04947   -1.44933
  0.492784 -0.0184253    1.97324   0.136685  -0.334011    2.04947   -1.44933
  0.492785 -0.0184219    1.97326   0.136685  -0.334034    2.04947   -1.44933
  0.492786 -0.0184184    1.97329   0.136686  -0.334057    2.04947   -1.44933
 0.492788 -0.018415   1.97331  0.136686 -0.334081   2.04947  -1.44933
  0.492789 -0.0184115    1.97333   0.136686  -0.334104    2.04947   -1.44933
  0.49279 -0.018408   1.97335  0.136687 -0.334127   2.04947  -1.44933
  0.492791 -0.0184046    1.97338   0.136687   -0.33415    2.04946   -1.44933
  0.492792 -0.0184011     1.9734   0.136687  -0.334173    2.04946   -1.44933
  0.492793 -0.0183976    1.97342   0.136688  -0.334196    2.04946   -1.44933
  0.492795 -0.0183942    1.97344   0.136688   -0.33422    2.04946   -1.44933
  0.492796 -0.0183907    1.97347   0.136688  -0.334243    2.04946   -1.44933
  0.492797 -0.0183872    1.97349   0.136689  -0.334266    2.04946   -1.44933
  0.492798 -0.0183838    1.97351   0.136689  -0.334289    2.04946   -1.44933
  0.492799 -0.0183803    1.97353    0.13669  -0.334312    2.04946   -1.44934
    0.4928 -0.0183768    1.97356    0.13669  -0.334335    2.04946   -1.44934
  0.492802 -0.0183734    1.97358    0.13669  -0.334359    2.04946   -1.44934
  0.492803 -0.0183699     1.9736   0.136691  -0.334382    2.04946   -1.44934
  0.492804 -0.0183664    1.97362   0.136691  -0.334405    2.04946   -1.44934
  0.492805 -0.0183629    1.97365   0.136692  -0.334428    2.04946   -1.44934
  0.492806 -0.0183595    1.97367   0.136692  -0.334451    2.04946   -1.44934
 0.492807 -0.018356   1.97369  0.136692 -0.334474   2.04946  -1.44934
  0.492809 -0.0183525    1.97372   0.136693  -0.334498    2.04946   -1.44934
   0.49281 -0.0183491    1.97374   0.136693  -0.334521    2.04946   -1.44934
  0.492811 -0.0183456    1.97376   0.136694  -0.334544    2.04946   -1.44934
  0.492812 -0.0183421    1.97378   0.136694  -0.334567    2.04946   -1.44934
  0.492813 -0.0183386    1.97381   0.136694   -0.33459    2.04946   -1.44934
  0.492814 -0.0183351    1.97383   0.136695  -0.334613    2.04946   -1.44934
  0.492815 -0.0183317    1.97385   0.136695  -0.334637    2.04946   -1.44934
  0.492817 -0.0183282    1.97387   0.136696   -0.33466    2.04946   -1.44934
  0.492818 -0.0183247     1.9739   0.136696  -0.334683    2.04946   -1.44934
  0.492819 -0.0183212    1.97392   0.136696  -0.334706    2.04946   -1.44934
   0.49282 -0.0183177    1.97394   0.136697  -0.334729    2.04946   -1.44934
  0.492821 -0.0183143    1.97396   0.136697  -0.334753    2.04946   -1.44935
  0.492822 -0.0183108    1.97399   0.136698  -0.334776    2.04946   -1.44935
  0.492824 -0.0183073    1.97401   0.136698  -0.334799    2.04946   -1.44935
  0.492825 -0.0183038    1.97403   0.136699  -0.334822    2.04946   -1.44935
  0.492826 -0.0183003    1.97405   0.136699  -0.334845    2.04946   -1.44935
  0.492827 -0.0182968    1.97408     0.1367  -0.334869    2.04946   -1.44935
  0.492828 -0.0182934     1.9741     0.1367  -0.334892    2.04946   -1.44935
  0.492829 -0.0182899    1.97412     0.1367  -0.334915    2.04946   -1.44935
   0.49283 -0.0182864    1.97415   0.136701  -0.334938    2.04946   -1.44935
  0.492832 -0.0182829    1.97417   0.136701  -0.334961    2.04946   -1.44935
  0.492833 -0.0182794    1.97419   0.136702  -0.334984    2.04946   -1.44935
  0.492834 -0.0182759    1.97421   0.136702  -0.335008    2.04945   -1.44935
  0.492835 -0.0182724    1.97424   0.136703  -0.335031    2.04945   -1.44935
 0.492836 -0.018269   1.97426  0.136703 -0.335054   2.04945  -1.44935
  0.492837 -0.0182655    1.97428   0.136704  -0.335077    2.04945   -1.44935
 0.492838 -0.018262    1.9743  0.136704   -0.3351   2.04945  -1.44935
  0.492839 -0.0182585    1.97433   0.136705  -0.335124    2.04945   -1.44935
 0.492841 -0.018255   1.97435  0.136705 -0.335147   2.04945  -1.44935
  0.492842 -0.0182515    1.97437   0.136706   -0.33517    2.04945   -1.44935
 0.492843 -0.018248   1.97439  0.136706 -0.335193   2.04945  -1.44936
  0.492844 -0.0182445    1.97442   0.136706  -0.335217    2.04945   -1.44936
 0.492845 -0.018241   1.97444  0.136707  -0.33524   2.04945  -1.44936
  0.492846 -0.0182375    1.97446   0.136707  -0.335263    2.04945   -1.44936
 0.492847 -0.018234   1.97449  0.136708 -0.335286   2.04945  -1.44936
  0.492849 -0.0182305    1.97451   0.136708  -0.335309    2.04945   -1.44936
  0.49285 -0.018227   1.97453  0.136709 -0.335333   2.04945  -1.44936
  0.492851 -0.0182235    1.97455   0.136709  -0.335356    2.04945   -1.44936
  0.492852 -0.0182201    1.97458    0.13671  -0.335379    2.04945   -1.44936
  0.492853 -0.0182166     1.9746    0.13671  -0.335402    2.04945   -1.44936
  0.492854 -0.0182131    1.97462   0.136711  -0.335425    2.04945   -1.44936
  0.492855 -0.0182096    1.97464   0.136711  -0.335449    2.04945   -1.44936
  0.492856 -0.0182061    1.97467   0.136712  -0.335472    2.04945   -1.44936
  0.492858 -0.0182026    1.97469   0.136712  -0.335495    2.04945   -1.44936
  0.492859 -0.0181991    1.97471   0.136713  -0.335518    2.04945   -1.44936
   0.49286 -0.0181956    1.97473   0.136713  -0.335541    2.04945   -1.44936
  0.492861 -0.0181921    1.97476   0.136714  -0.335565    2.04945   -1.44936
  0.492862 -0.0181886    1.97478   0.136714  -0.335588    2.04945   -1.44936
  0.492863 -0.0181851     1.9748   0.136715  -0.335611    2.04945   -1.44936
  0.492864 -0.0181816    1.97483   0.136715  -0.335634    2.04945   -1.44936
  0.492865 -0.0181781    1.97485   0.136716  -0.335658    2.04945   -1.44937
  0.492866 -0.0181746    1.97487   0.136716  -0.335681    2.04945   -1.44937
  0.492868 -0.0181711    1.97489   0.136717  -0.335704    2.04945   -1.44937
  0.492869 -0.0181676    1.97492   0.136717  -0.335727    2.04945   -1.44937
  0.49287 -0.018164   1.97494  0.136718 -0.335751   2.04944  -1.44937
  0.492871 -0.0181605    1.97496   0.136718  -0.335774    2.04944   -1.44937
 0.492872 -0.018157   1.97498  0.136719 -0.335797   2.04944  -1.44937
  0.492873 -0.0181535    1.97501   0.136719   -0.33582    2.04944   -1.44937
 0.492874  -0.01815   1.97503   0.13672 -0.335843   2.04944  -1.44937
  0.492875 -0.0181465    1.97505    0.13672  -0.335867    2.04944   -1.44937
 0.492877 -0.018143   1.97508  0.136721  -0.33589   2.04944  -1.44937
  0.492878 -0.0181395     1.9751   0.136722  -0.335913    2.04944   -1.44937
 0.492879 -0.018136   1.97512  0.136722 -0.335936   2.04944  -1.44937
   0.49288 -0.0181325    1.97514   0.136723   -0.33596    2.04944   -1.44937
 0.492881 -0.018129   1.97517  0.136723 -0.335983   2.04944  -1.44937
  0.492882 -0.0181255    1.97519   0.136724  -0.336006    2.04944   -1.44937
 0.492883 -0.018122   1.97521  0.136724 -0.336029   2.04944  -1.44937
  0.492884 -0.0181185    1.97523   0.136725  -0.336053    2.04944   -1.44937
 0.492885 -0.018115   1.97526  0.136725 -0.336076   2.04944  -1.44937
  0.492887 -0.0181114    1.97528   0.136726  -0.336099    2.04944   -1.44937
  0.492888 -0.0181079     1.9753   0.136726  -0.336122    2.04944   -1.44938
  0.492889 -0.0181044    1.97532   0.136727  -0.336146    2.04944   -1.44938
   0.49289 -0.0181009    1.97535   0.136727  -0.336169    2.04944   -1.44938
  0.492891 -0.0180974    1.97537   0.136728  -0.336192    2.04944   -1.44938
  0.492892 -0.0180939    1.97539   0.136728  -0.336215    2.04944   -1.44938
  0.492893 -0.0180904    1.97542   0.136729  -0.336239    2.04944   -1.44938
  0.492894 -0.0180869    1.97544    0.13673  -0.336262    2.04944   -1.44938
  0.492895 -0.0180833    1.97546    0.13673  -0.336285    2.04944   -1.44938
  0.492897 -0.0180798    1.97548   0.136731  -0.336308    2.04944   -1.44938
  0.492898 -0.0180763    1.97551   0.136731  -0.336332    2.04944   -1.44938
