 0.0873959 -0.0873769    2.04374   0.325308  -0.294647    1.99265   -1.23506
  0.118992 -0.0810902    2.04834   0.342391  -0.284397     2.0116   -1.23093
  0.139559 -0.0762861    2.05123   0.351597  -0.277488    2.02334   -1.22775
  0.153088 -0.0727899    2.05314   0.356099  -0.272817    2.03084   -1.22531
  0.162139 -0.0703697    2.05444   0.357794  -0.269654    2.03581   -1.22346
  0.168337 -0.0687949    2.05537   0.357819  -0.267517    2.03925   -1.22206
   0.17271 -0.0678626    2.05604   0.356858  -0.266078    2.04177   -1.22101
  0.175911 -0.0674061    2.05655   0.355319  -0.265118    2.04374   -1.22023
  0.178352 -0.0672941    2.05693   0.353449   -0.26449    2.04537   -1.21965
  0.180297 -0.0674263    2.05723   0.351393  -0.264091    2.04679   -1.21923
  0.181914 -0.0677282    2.05746    0.34924  -0.263851    2.04808   -1.21893
  0.183311 -0.0681448    2.05765   0.347041  -0.263724     2.0493   -1.21873
  0.184559 -0.0686367    2.05781   0.344827  -0.263676    2.05047    -1.2186
  0.185703 -0.0691757    2.05793   0.342616  -0.263683    2.05161   -1.21853
  0.186772 -0.0697421    2.05804   0.340417   -0.26373    2.05274   -1.21851
  0.187788 -0.0703221    2.05813   0.338237  -0.263806    2.05385   -1.21852
  0.188762 -0.0709064    2.05821   0.336079  -0.263903    2.05494   -1.21857
  0.189705 -0.0714888    2.05828   0.333945  -0.264015    2.05604   -1.21864
  0.190622 -0.0720653    2.05833   0.331834  -0.264138    2.05712   -1.21874
  0.191518 -0.0726333    2.05838   0.329748   -0.26427    2.05819   -1.21885
  0.192395 -0.0731914    2.05843   0.327685  -0.264407    2.05926   -1.21898
  0.193257 -0.0737387    2.05846   0.325647  -0.264549    2.06032   -1.21913
 0.194104 -0.074275    2.0585  0.323632 -0.264695   2.06137  -1.21928
  0.194938 -0.0748003    2.05853    0.32164  -0.264844    2.06241   -1.21945
  0.195759 -0.0753148    2.05855   0.319671  -0.264995    2.06345   -1.21962
   0.19657 -0.0758188    2.05857   0.317724  -0.265147    2.06447    -1.2198
  0.197369 -0.0763128    2.05859     0.3158    -0.2653    2.06549   -1.21999
  0.198159 -0.0767971    2.05861   0.313897  -0.265454     2.0665   -1.22018
  0.198938 -0.0772722    2.05862   0.312016  -0.265609    2.06749   -1.22038
  0.199708 -0.0777386    2.05863   0.310155  -0.265765    2.06848   -1.22058
  0.200468 -0.0781966    2.05864   0.308316   -0.26592    2.06946   -1.22078
   0.20122 -0.0786466    2.05865   0.306497  -0.266075    2.07042   -1.22099
 0.201962 -0.079089   2.05866  0.304698 -0.266231   2.07138   -1.2212
  0.202696 -0.0795241    2.05866   0.302919  -0.266386    2.07233   -1.22141
  0.203422 -0.0799523    2.05867    0.30116  -0.266541    2.07327   -1.22163
  0.204139 -0.0803738    2.05867    0.29942  -0.266695    2.07419   -1.22184
  0.204849 -0.0807889    2.05867   0.297699  -0.266849    2.07511   -1.22205
   0.20555 -0.0811979    2.05867   0.295997  -0.267003    2.07602   -1.22227
  0.206244 -0.0816009    2.05867   0.294314  -0.267155    2.07692   -1.22249
   0.20693 -0.0819983    2.05867   0.292649  -0.267308    2.07781    -1.2227
  0.207608 -0.0823901    2.05867   0.291003  -0.267459    2.07868   -1.22292
  0.208279 -0.0827766    2.05867   0.289374   -0.26761    2.07955   -1.22313
  0.208943 -0.0831579    2.05867   0.287764   -0.26776    2.08041   -1.22335
  0.209599 -0.0835342    2.05866    0.28617  -0.267909    2.08127   -1.22356
  0.210249 -0.0839057    2.05866   0.284595  -0.268058    2.08211   -1.22377
  0.210891 -0.0842724    2.05866   0.283036  -0.268205    2.08294   -1.22399
  0.211526 -0.0846344    2.05865   0.281494  -0.268352    2.08376    -1.2242
 0.212154 -0.084992   2.05865  0.279969 -0.268498   2.08458  -1.22441
  0.212776 -0.0853452    2.05864   0.278461  -0.268643    2.08538   -1.22462
 0.213391 -0.085694   2.05864  0.276968 -0.268787   2.08618  -1.22483
  0.213999 -0.0860387    2.05863   0.275492   -0.26893    2.08697   -1.22503
  0.214601 -0.0863792    2.05863   0.274032  -0.269073    2.08775   -1.22524
  0.215196 -0.0867157    2.05862   0.272588  -0.269214    2.08852   -1.22544
  0.215785 -0.0870482    2.05862   0.271159  -0.269355    2.08928   -1.22564
  0.216367 -0.0873769    2.05861   0.269746  -0.269494    2.09003   -1.22584
  0.216943 -0.0877017     2.0586   0.268348  -0.269633    2.09078   -1.22604
  0.217513 -0.0880228     2.0586   0.266965   -0.26977    2.09152   -1.22624
  0.218077 -0.0883402    2.05859   0.265597  -0.269907    2.09225   -1.22644
  0.218635 -0.0886539    2.05859   0.264244  -0.270042    2.09297   -1.22663
  0.219187 -0.0889641    2.05858   0.262905  -0.270177    2.09368   -1.22683
  0.219733 -0.0892708    2.05857   0.261581  -0.270311    2.09439   -1.22702
 0.220273 -0.089574   2.05857  0.260271 -0.270444   2.09509  -1.22721
  0.220807 -0.0898739    2.05856   0.258975  -0.270576    2.09578   -1.22739
  0.221336 -0.0901703    2.05856   0.257693  -0.270707    2.09646   -1.22758
  0.221859 -0.0904635    2.05855   0.256424  -0.270837    2.09713   -1.22777
  0.222376 -0.0907533    2.05854   0.255169  -0.270966     2.0978   -1.22795
 0.222888  -0.09104   2.05854  0.253928 -0.271094   2.09846  -1.22813
  0.223394 -0.0913235    2.05853     0.2527  -0.271222    2.09912   -1.22831
  0.223895 -0.0916038    2.05853   0.251485  -0.271348    2.09976   -1.22849
 0.224391 -0.091881   2.05852  0.250284 -0.271474    2.1004  -1.22867
  0.224881 -0.0921552    2.05852   0.249095  -0.271598    2.10104   -1.22884
  0.225366 -0.0924264    2.05851   0.247918  -0.271722    2.10166   -1.22902
  0.225846 -0.0926946     2.0585   0.246755  -0.271845    2.10228   -1.22919
  0.226321 -0.0929598     2.0585   0.245604  -0.271967    2.10289   -1.22936
  0.226791 -0.0932222    2.05849   0.244465  -0.272088     2.1035   -1.22953
  0.227256 -0.0934816    2.05849   0.243338  -0.272208     2.1041   -1.22969
  0.227715 -0.0937383    2.05848   0.242224  -0.272327    2.10469   -1.22986
   0.22817 -0.0939921    2.05848   0.241121  -0.272446    2.10528   -1.23002
   0.22862 -0.0942432    2.05848    0.24003  -0.272563    2.10586   -1.23019
  0.229066 -0.0944915    2.05847   0.238951   -0.27268    2.10643   -1.23035
  0.229506 -0.0947371    2.05847   0.237883  -0.272796      2.107   -1.23051
 0.229942  -0.09498   2.05846  0.236826 -0.272911   2.10756  -1.23067
  0.230373 -0.0952203    2.05846   0.235781  -0.273025    2.10812   -1.23082
   0.2308 -0.095458   2.05845  0.234747 -0.273138   2.10866  -1.23098
  0.231222 -0.0956931    2.05845   0.233724  -0.273251    2.10921   -1.23113
   0.23164 -0.0959256    2.05845   0.232712  -0.273363    2.10975   -1.23128
  0.232053 -0.0961556    2.05844   0.231711  -0.273474    2.11028   -1.23143
  0.232462 -0.0963832    2.05844    0.23072  -0.273584     2.1108   -1.23158
  0.232867 -0.0966082    2.05844    0.22974  -0.273693    2.11132   -1.23173
  0.233267 -0.0968308    2.05843   0.228771  -0.273802    2.11184   -1.23188
 0.233663 -0.097051   2.05843  0.227811  -0.27391   2.11235  -1.23202
  0.234054 -0.0972688    2.05843   0.226862  -0.274017    2.11285   -1.23217
  0.234442 -0.0974842    2.05843   0.225923  -0.274123    2.11335   -1.23231
  0.234826 -0.0976973    2.05842   0.224994  -0.274228    2.11384   -1.23245
  0.235205 -0.0979081    2.05842   0.224075  -0.274333    2.11433   -1.23259
  0.235581 -0.0981167    2.05842   0.223166  -0.274437    2.11481   -1.23273
  0.235952 -0.0983229    2.05842   0.222266  -0.274541    2.11529   -1.23286
   0.23632 -0.0985269    2.05842   0.221376  -0.274643    2.11576     -1.233
  0.236683 -0.0987287    2.05841   0.220495  -0.274745    2.11623   -1.23313
  0.237043 -0.0989284    2.05841   0.219624  -0.274846    2.11669   -1.23327
  0.237399 -0.0991258    2.05841   0.218762  -0.274946    2.11715    -1.2334
  0.237751 -0.0993211    2.05841   0.217909  -0.275046     2.1176   -1.23353
    0.2381 -0.0995143    2.05841   0.217065  -0.275145    2.11804   -1.23366
  0.238445 -0.0997055    2.05841    0.21623  -0.275243    2.11849   -1.23378
  0.238786 -0.0998945    2.05841   0.215404  -0.275341    2.11892   -1.23391
 0.239123 -0.100082   2.05841  0.214587 -0.275438   2.11936  -1.23404
 0.239457 -0.100266   2.05841  0.213779 -0.275534   2.11979  -1.23416
 0.239788 -0.100449   2.05841  0.212979  -0.27563   2.12021  -1.23428
 0.240115  -0.10063   2.05841  0.212187 -0.275725   2.12063   -1.2344
 0.240438 -0.100809   2.05841  0.211404 -0.275819   2.12104  -1.23453
 0.240759 -0.100987   2.05841  0.210629 -0.275913   2.12145  -1.23464
 0.241075 -0.101162   2.05841  0.209863 -0.276006   2.12186  -1.23476
 0.241389 -0.101335   2.05841  0.209104 -0.276098   2.12226  -1.23488
 0.241699 -0.101506   2.05841  0.208354  -0.27619   2.12266    -1.235
 0.242006 -0.101676   2.05841  0.207611 -0.276281   2.12305  -1.23511
 0.242309 -0.101844   2.05842  0.206877 -0.276371   2.12344  -1.23522
  0.24261  -0.10201   2.05842   0.20615 -0.276461   2.12382  -1.23534
 0.242907 -0.102174   2.05842  0.205431  -0.27655    2.1242  -1.23545
 0.243201 -0.102336   2.05842  0.204719 -0.276639   2.12458  -1.23556
 0.243492 -0.102497   2.05842  0.204015 -0.276727   2.12495  -1.23567
  0.24378 -0.102655   2.05843  0.203319 -0.276814   2.12532  -1.23577
 0.244065 -0.102812   2.05843   0.20263 -0.276901   2.12569  -1.23588
 0.244347 -0.102968   2.05843  0.201948 -0.276987   2.12605  -1.23599
 0.244626 -0.103122   2.05843  0.201273 -0.277073    2.1264  -1.23609
 0.244902 -0.103274   2.05844  0.200606 -0.277158   2.12676   -1.2362
 0.245175 -0.103424   2.05844  0.199945 -0.277242    2.1271   -1.2363
 0.245445 -0.103573   2.05844  0.199292 -0.277326   2.12745   -1.2364
0.245713 -0.10372  2.05845 0.198646 -0.27741  2.12779  -1.2365
 0.245977 -0.103865   2.05845  0.198006 -0.277492   2.12813   -1.2366
 0.246239 -0.104009   2.05845  0.197373 -0.277575   2.12846   -1.2367
 0.246498 -0.104152   2.05846  0.196747 -0.277657    2.1288   -1.2368
 0.246755 -0.104293   2.05846  0.196127 -0.277738   2.12912  -1.23689
 0.247008 -0.104432   2.05847  0.195514 -0.277818   2.12945  -1.23699
 0.247259  -0.10457   2.05847  0.194908 -0.277899   2.12977  -1.23709
 0.247507 -0.104706   2.05848  0.194308 -0.277978   2.13008  -1.23718
 0.247753 -0.104841   2.05848  0.193714 -0.278057    2.1304  -1.23727
 0.247996 -0.104974   2.05849  0.193127 -0.278136   2.13071  -1.23736
 0.248237 -0.105106   2.05849  0.192545 -0.278214   2.13101  -1.23746
 0.248475 -0.105237    2.0585   0.19197 -0.278292   2.13132  -1.23755
 0.248711 -0.105366    2.0585  0.191401 -0.278369   2.13162  -1.23764
 0.248944 -0.105494   2.05851  0.190838 -0.278445   2.13192  -1.23772
 0.249174  -0.10562   2.05852  0.190281 -0.278521   2.13221  -1.23781
 0.249402 -0.105745   2.05852   0.18973 -0.278597    2.1325   -1.2379
 0.249628 -0.105868   2.05853  0.189185 -0.278672   2.13279  -1.23799
 0.249852  -0.10599   2.05853  0.188645 -0.278747   2.13307  -1.23807
 0.250073 -0.106111   2.05854  0.188111 -0.278821   2.13336  -1.23815
 0.250292 -0.106231   2.05855  0.187583 -0.278895   2.13363  -1.23824
 0.250508 -0.106349   2.05855   0.18706 -0.278968   2.13391  -1.23832
 0.250722 -0.106466   2.05856  0.186543 -0.279041   2.13418   -1.2384
 0.250934 -0.106582   2.05857  0.186032 -0.279113   2.13445  -1.23848
 0.251144 -0.106696   2.05858  0.185525 -0.279185   2.13472  -1.23856
 0.251352 -0.106809   2.05858  0.185025 -0.279257   2.13498  -1.23864
 0.251557 -0.106921   2.05859  0.184529 -0.279328   2.13525  -1.23872
  0.25176 -0.107032    2.0586  0.184039 -0.279398    2.1355   -1.2388
 0.251962 -0.107142   2.05861  0.183553 -0.279468   2.13576  -1.23888
 0.252161  -0.10725   2.05862  0.183073 -0.279538   2.13601  -1.23895
 0.252357 -0.107357   2.05862  0.182598 -0.279608   2.13626  -1.23903
 0.252552 -0.107463   2.05863  0.182128 -0.279676   2.13651   -1.2391
 0.252745 -0.107568   2.05864  0.181663 -0.279745   2.13676  -1.23918
 0.252936 -0.107672   2.05865  0.181203 -0.279813     2.137  -1.23925
 0.253125 -0.107774   2.05866  0.180748 -0.279881   2.13724  -1.23932
 0.253312 -0.107875   2.05867  0.180298 -0.279948   2.13748  -1.23939
 0.253496 -0.107976   2.05868  0.179852 -0.280015   2.13771  -1.23947
 0.253679 -0.108075   2.05869  0.179411 -0.280081   2.13794  -1.23954
  0.25386 -0.108173    2.0587  0.178975 -0.280147   2.13817  -1.23961
  0.25404  -0.10827   2.05871  0.178543 -0.280213    2.1384  -1.23967
 0.254217 -0.108366   2.05872  0.178116 -0.280278   2.13863  -1.23974
 0.254392 -0.108461   2.05873  0.177693 -0.280343   2.13885  -1.23981
 0.254566 -0.108555   2.05874  0.177275 -0.280408   2.13907  -1.23988
 0.254738 -0.108648   2.05875  0.176861 -0.280472   2.13929  -1.23994
 0.254907  -0.10874   2.05876  0.176452 -0.280536    2.1395  -1.24001
 0.255076  -0.10883   2.05877  0.176047 -0.280599   2.13972  -1.24007
 0.255242  -0.10892   2.05878  0.175646 -0.280662   2.13993  -1.24014
 0.255407 -0.109009   2.05879   0.17525 -0.280725   2.14014   -1.2402
  0.25557 -0.109097    2.0588  0.174857 -0.280788   2.14034  -1.24026
 0.255731 -0.109184   2.05881  0.174469  -0.28085   2.14055  -1.24033
 0.255891  -0.10927   2.05882  0.174085 -0.280911   2.14075  -1.24039
 0.256049 -0.109355   2.05884  0.173705 -0.280973   2.14095  -1.24045
 0.256205 -0.109439   2.05885  0.173329 -0.281034   2.14115  -1.24051
 0.256359 -0.109522   2.05886  0.172957 -0.281094   2.14134  -1.24057
 0.256512 -0.109604   2.05887  0.172589 -0.281155   2.14154  -1.24063
 0.256664 -0.109685   2.05888  0.172224 -0.281215   2.14173  -1.24069
 0.256814 -0.109766    2.0589  0.171864 -0.281274   2.14192  -1.24075
 0.256962 -0.109845   2.05891  0.171507 -0.281334   2.14211   -1.2408
 0.257109 -0.109924   2.05892  0.171155 -0.281393   2.14229  -1.24086
 0.257254 -0.110002   2.05893  0.170806 -0.281451   2.14248  -1.24092
 0.257398 -0.110079   2.05895   0.17046  -0.28151   2.14266  -1.24097
  0.25754 -0.110155   2.05896  0.170118 -0.281568   2.14284  -1.24103
 0.257681  -0.11023   2.05897   0.16978 -0.281626   2.14302  -1.24108
  0.25782 -0.110304   2.05898  0.169446 -0.281683   2.14319  -1.24114
 0.257958 -0.110378     2.059  0.169114  -0.28174   2.14337  -1.24119
 0.258094 -0.110451   2.05901  0.168787 -0.281797   2.14354  -1.24124
 0.258229 -0.110522   2.05902  0.168463 -0.281854   2.14371   -1.2413
 0.258362 -0.110594   2.05904  0.168142  -0.28191   2.14388  -1.24135
 0.258495 -0.110664   2.05905  0.167825 -0.281966   2.14405   -1.2414
 0.258625 -0.110734   2.05907  0.167511 -0.282022   2.14421  -1.24145
 0.258755 -0.110802   2.05908    0.1672 -0.282077   2.14437   -1.2415
 0.258883  -0.11087   2.05909  0.166893 -0.282132   2.14454  -1.24155
 0.259009 -0.110938   2.05911  0.166589 -0.282187    2.1447   -1.2416
 0.259135 -0.111004   2.05912  0.166288 -0.282241   2.14485  -1.24165
 0.259259  -0.11107   2.05914   0.16599 -0.282296   2.14501   -1.2417
 0.259382 -0.111135   2.05915  0.165695  -0.28235   2.14517  -1.24175
 0.259503 -0.111199   2.05917  0.165404 -0.282404   2.14532  -1.24179
 0.259624 -0.111263   2.05918  0.165116 -0.282457   2.14547  -1.24184
 0.259743 -0.111326   2.05919   0.16483  -0.28251   2.14562  -1.24189
  0.25986 -0.111388   2.05921  0.164548 -0.282563   2.14577  -1.24193
 0.259977 -0.111449   2.05922  0.164269 -0.282616   2.14592  -1.24198
 0.260092  -0.11151   2.05924  0.163992 -0.282668   2.14606  -1.24202
 0.260206  -0.11157   2.05926  0.163719 -0.282721   2.14621  -1.24207
 0.260319  -0.11163   2.05927  0.163448 -0.282773   2.14635  -1.24211
 0.260431 -0.111689   2.05929   0.16318 -0.282824   2.14649  -1.24216
 0.260542 -0.111747    2.0593  0.162915 -0.282876   2.14663   -1.2422
 0.260651 -0.111804   2.05932  0.162653 -0.282927   2.14677  -1.24224
  0.26076 -0.111861   2.05933  0.162394 -0.282978    2.1469  -1.24229
 0.260867 -0.111917   2.05935  0.162137 -0.283029   2.14704  -1.24233
 0.260973 -0.111973   2.05937  0.161883 -0.283079   2.14717  -1.24237
 0.261078 -0.112028   2.05938  0.161632 -0.283129    2.1473  -1.24241
 0.261182 -0.112082    2.0594  0.161383  -0.28318   2.14743  -1.24245
 0.261285 -0.112136   2.05941  0.161138 -0.283229   2.14756  -1.24249
 0.261386 -0.112189   2.05943  0.160894 -0.283279   2.14769  -1.24253
 0.261487 -0.112241   2.05945  0.160653 -0.283328   2.14782  -1.24257
 0.261587 -0.112293   2.05946  0.160415 -0.283377   2.14794  -1.24261
 0.261685 -0.112344   2.05948  0.160179 -0.283426   2.14807  -1.24265
 0.261783 -0.112395    2.0595  0.159946 -0.283475   2.14819  -1.24269
  0.26188 -0.112445   2.05951  0.159715 -0.283524   2.14831  -1.24273
 0.261975 -0.112495   2.05953  0.159487 -0.283572   2.14843  -1.24276
  0.26207 -0.112544   2.05955  0.159261  -0.28362   2.14855   -1.2428
 0.262163 -0.112592   2.05957  0.159038 -0.283668   2.14867  -1.24284
 0.262256  -0.11264   2.05958  0.158816 -0.283715   2.14878  -1.24287
 0.262348 -0.112688    2.0596  0.158598 -0.283763    2.1489  -1.24291
 0.262439 -0.112734   2.05962  0.158381  -0.28381   2.14901  -1.24295
 0.262528 -0.112781   2.05964  0.158167 -0.283857   2.14912  -1.24298
 0.262617 -0.112826   2.05965  0.157955 -0.283904   2.14924  -1.24302
 0.262705 -0.112872   2.05967  0.157745 -0.283951   2.14935  -1.24305
 0.262792 -0.112916   2.05969  0.157538 -0.283997   2.14945  -1.24309
 0.262878 -0.112961   2.05971  0.157332 -0.284043   2.14956  -1.24312
 0.262964 -0.113004   2.05972  0.157129  -0.28409   2.14967  -1.24315
 0.263048 -0.113047   2.05974  0.156928 -0.284135   2.14977  -1.24319
 0.263132  -0.11309   2.05976  0.156729 -0.284181   2.14988  -1.24322
 0.263214 -0.113132   2.05978  0.156532 -0.284227   2.14998  -1.24325
 0.263296 -0.113174    2.0598  0.156338 -0.284272   2.15008  -1.24328
 0.263377 -0.113215   2.05982  0.156145 -0.284317   2.15019  -1.24332
 0.263457 -0.113256   2.05983  0.155954 -0.284362   2.15029  -1.24335
 0.263536 -0.113296   2.05985  0.155766 -0.284407   2.15039  -1.24338
 0.263615 -0.113336   2.05987  0.155579 -0.284452   2.15048  -1.24341
 0.263692 -0.113376   2.05989  0.155394 -0.284496   2.15058  -1.24344
 0.263769 -0.113415   2.05991  0.155212  -0.28454   2.15068  -1.24347
 0.263845 -0.113453   2.05993  0.155031 -0.284584   2.15077   -1.2435
 0.263921 -0.113491   2.05995  0.154852 -0.284628   2.15087  -1.24353
 0.263995 -0.113529   2.05997  0.154675 -0.284672   2.15096  -1.24356
 0.264069 -0.113566   2.05999    0.1545 -0.284716   2.15105  -1.24359
 0.264142 -0.113602   2.06001  0.154327 -0.284759   2.15114  -1.24362
 0.264214 -0.113639   2.06002  0.154155 -0.284803   2.15123  -1.24365
 0.264286 -0.113675   2.06004  0.153986 -0.284846   2.15132  -1.24368
 0.264356  -0.11371   2.06006  0.153818 -0.284889   2.15141   -1.2437
 0.264426 -0.113745   2.06008  0.153652 -0.284931    2.1515  -1.24373
 0.264496  -0.11378    2.0601  0.153488 -0.284974   2.15158  -1.24376
 0.264564 -0.113814   2.06012  0.153325 -0.285017   2.15167  -1.24379
 0.264632 -0.113848   2.06014  0.153164 -0.285059   2.15175  -1.24381
 0.264699 -0.113881   2.06016  0.153005 -0.285101   2.15183  -1.24384
 0.264766 -0.113914   2.06018  0.152848 -0.285143   2.15192  -1.24387
 0.264832 -0.113947    2.0602  0.152692 -0.285185     2.152  -1.24389
 0.264897 -0.113979   2.06022  0.152538 -0.285227   2.15208  -1.24392
 0.264961 -0.114011   2.06024  0.152385 -0.285269   2.15216  -1.24394
 0.265025 -0.114042   2.06026  0.152235  -0.28531   2.15224  -1.24397
 0.265088 -0.114073   2.06028  0.152085 -0.285351   2.15232  -1.24399
 0.265151 -0.114104    2.0603  0.151938 -0.285393    2.1524  -1.24402
 0.265212 -0.114135   2.06032  0.151791 -0.285434   2.15247  -1.24404
 0.265274 -0.114165   2.06034  0.151647 -0.285475   2.15255  -1.24407
 0.265334 -0.114194   2.06036  0.151504 -0.285515   2.15262  -1.24409
 0.265394 -0.114223   2.06038  0.151362 -0.285556    2.1527  -1.24412
 0.265454 -0.114252    2.0604  0.151222 -0.285597   2.15277  -1.24414
 0.265512 -0.114281   2.06043  0.151083 -0.285637   2.15284  -1.24416
  0.26557 -0.114309   2.06045  0.150946 -0.285677   2.15292  -1.24419
 0.265628 -0.114337   2.06047  0.150811 -0.285717   2.15299  -1.24421
 0.265685 -0.114365   2.06049  0.150676 -0.285757   2.15306  -1.24423
 0.265741 -0.114392   2.06051  0.150544 -0.285797   2.15313  -1.24425
 0.265797 -0.114419   2.06053  0.150412 -0.285837    2.1532  -1.24428
 0.265852 -0.114446   2.06055  0.150282 -0.285877   2.15326   -1.2443
 0.265907 -0.114472   2.06057  0.150154 -0.285916   2.15333  -1.24432
 0.265961 -0.114498   2.06059  0.150026 -0.285956    2.1534  -1.24434
 0.266015 -0.114524   2.06061    0.1499 -0.285995   2.15346  -1.24436
 0.266068 -0.114549   2.06064  0.149776 -0.286034   2.15353  -1.24438
  0.26612 -0.114574   2.06066  0.149653 -0.286073   2.15359  -1.24441
 0.266172 -0.114599   2.06068  0.149531 -0.286112   2.15366  -1.24443
 0.266223 -0.114623    2.0607   0.14941 -0.286151   2.15372  -1.24445
 0.266274 -0.114647   2.06072  0.149291 -0.286189   2.15378  -1.24447
 0.266325 -0.114671   2.06074  0.149172 -0.286228   2.15385  -1.24449
 0.266375 -0.114694   2.06077  0.149056 -0.286267   2.15391  -1.24451
 0.266424 -0.114718   2.06079   0.14894 -0.286305   2.15397  -1.24453
 0.266473 -0.114741   2.06081  0.148825 -0.286343   2.15403  -1.24455
 0.266521 -0.114763   2.06083  0.148712 -0.286381   2.15409  -1.24457
 0.266569 -0.114786   2.06085    0.1486 -0.286419   2.15415  -1.24459
 0.266616 -0.114808   2.06087  0.148489 -0.286457    2.1542   -1.2446
 0.266663  -0.11483    2.0609   0.14838 -0.286495   2.15426  -1.24462
  0.26671 -0.114851   2.06092  0.148271 -0.286533   2.15432  -1.24464
 0.266755 -0.114873   2.06094  0.148164  -0.28657   2.15438  -1.24466
 0.266801 -0.114894   2.06096  0.148058 -0.286608   2.15443  -1.24468
 0.266846 -0.114914   2.06098  0.147953 -0.286645   2.15449   -1.2447
  0.26689 -0.114935   2.06101  0.147849 -0.286683   2.15454  -1.24471
 0.266935 -0.114955   2.06103  0.147746  -0.28672   2.15459  -1.24473
 0.266978 -0.114975   2.06105  0.147644 -0.286757   2.15465  -1.24475
 0.267021 -0.114995   2.06107  0.147543 -0.286794    2.1547  -1.24477
 0.267064 -0.115014    2.0611  0.147444 -0.286831   2.15475  -1.24478
 0.267106 -0.115034   2.06112  0.147345 -0.286868    2.1548   -1.2448
 0.267148 -0.115053   2.06114  0.147248 -0.286905   2.15486  -1.24482
  0.26719 -0.115071   2.06116  0.147151 -0.286941   2.15491  -1.24483
 0.267231  -0.11509   2.06119  0.147056 -0.286978   2.15496  -1.24485
 0.267272 -0.115108   2.06121  0.146961 -0.287014   2.15501  -1.24487
 0.267312 -0.115126   2.06123  0.146868 -0.287051   2.15505  -1.24488
 0.267352 -0.115144   2.06125  0.146775 -0.287087    2.1551   -1.2449
 0.267391 -0.115162   2.06128  0.146684 -0.287123   2.15515  -1.24491
  0.26743 -0.115179    2.0613  0.146593 -0.287159    2.1552  -1.24493
 0.267469 -0.115196   2.06132  0.146504 -0.287195   2.15525  -1.24495
 0.267507 -0.115213   2.06135  0.146415 -0.287231   2.15529  -1.24496
 0.267545  -0.11523   2.06137  0.146328 -0.287267   2.15534  -1.24498
 0.267582 -0.115246   2.06139  0.146241 -0.287303   2.15538  -1.24499
 0.267619 -0.115262   2.06141  0.146155 -0.287339   2.15543  -1.24501
 0.267656 -0.115278   2.06144   0.14607 -0.287374   2.15547  -1.24502
 0.267692 -0.115294   2.06146  0.145986  -0.28741   2.15552  -1.24504
 0.267728  -0.11531   2.06148  0.145903 -0.287445   2.15556  -1.24505
 0.267764 -0.115325   2.06151  0.145821 -0.287481    2.1556  -1.24506
 0.267799 -0.115341   2.06153   0.14574 -0.287516   2.15565  -1.24508
 0.267834 -0.115356   2.06155  0.145659 -0.287551   2.15569  -1.24509
 0.267869  -0.11537   2.06158  0.145579 -0.287586   2.15573  -1.24511
 0.267903 -0.115385    2.0616  0.145501 -0.287622   2.15577  -1.24512
 0.267937 -0.115399   2.06162  0.145423 -0.287657   2.15581  -1.24513
  0.26797 -0.115414   2.06165  0.145346 -0.287691   2.15585  -1.24515
 0.268003 -0.115428   2.06167  0.145269 -0.287726   2.15589  -1.24516
 0.268036 -0.115442   2.06169  0.145194 -0.287761   2.15593  -1.24517
 0.268069 -0.115455   2.06172  0.145119 -0.287796   2.15597  -1.24519
 0.268101 -0.115469   2.06174  0.145045  -0.28783   2.15601   -1.2452
 0.268133 -0.115482   2.06176  0.144972 -0.287865   2.15605  -1.24521
 0.268165 -0.115495   2.06179    0.1449   -0.2879   2.15609  -1.24522
 0.268196 -0.115508   2.06181  0.144828 -0.287934   2.15612  -1.24524
 0.268227 -0.115521   2.06183  0.144757 -0.287968   2.15616  -1.24525
 0.268257 -0.115533   2.06186  0.144687 -0.288003    2.1562  -1.24526
 0.268288 -0.115546   2.06188  0.144618 -0.288037   2.15623  -1.24527
 0.268318 -0.115558   2.06191   0.14455 -0.288071   2.15627  -1.24529
 0.268347  -0.11557   2.06193  0.144482 -0.288105   2.15631   -1.2453
 0.268377 -0.115582   2.06195  0.144415 -0.288139   2.15634  -1.24531
 0.268406 -0.115593   2.06198  0.144348 -0.288173   2.15638  -1.24532
 0.268435 -0.115605     2.062  0.144283 -0.288207   2.15641  -1.24533
 0.268463 -0.115616   2.06203  0.144218 -0.288241   2.15644  -1.24534
 0.268492 -0.115628   2.06205  0.144153 -0.288275   2.15648  -1.24536
  0.26852 -0.115639   2.06207   0.14409 -0.288309   2.15651  -1.24537
 0.268547  -0.11565    2.0621  0.144027 -0.288342   2.15654  -1.24538
 0.268575  -0.11566   2.06212  0.143964 -0.288376   2.15658  -1.24539
 0.268602 -0.115671   2.06215  0.143903 -0.288409   2.15661   -1.2454
 0.268629 -0.115681   2.06217  0.143842 -0.288443   2.15664  -1.24541
 0.268655 -0.115692   2.06219  0.143782 -0.288476   2.15667  -1.24542
 0.268682 -0.115702   2.06222  0.143722  -0.28851    2.1567  -1.24543
 0.268708 -0.115712   2.06224  0.143663 -0.288543   2.15673  -1.24544
 0.268734 -0.115722   2.06227  0.143605 -0.288576   2.15677  -1.24545
 0.268759 -0.115731   2.06229  0.143547 -0.288609    2.1568  -1.24546
 0.268785 -0.115741   2.06232   0.14349 -0.288643   2.15683  -1.24547
  0.26881  -0.11575   2.06234  0.143433 -0.288676   2.15685  -1.24548
 0.268835 -0.115759   2.06236  0.143377 -0.288709   2.15688  -1.24549
 0.268859 -0.115769   2.06239  0.143322 -0.288742   2.15691   -1.2455
 0.268884 -0.115778   2.06241  0.143267 -0.288775   2.15694  -1.24551
 0.268908 -0.115786   2.06244  0.143213 -0.288808   2.15697  -1.24552
 0.268932 -0.115795   2.06246  0.143159  -0.28884     2.157  -1.24553
 0.268955 -0.115804   2.06249  0.143106 -0.288873   2.15703  -1.24554
 0.268979 -0.115812   2.06251  0.143054 -0.288906   2.15705  -1.24555
 0.269002  -0.11582   2.06254  0.143002 -0.288939   2.15708  -1.24556
 0.269025 -0.115829   2.06256  0.142951 -0.288971   2.15711  -1.24557
 0.269048 -0.115837   2.06258    0.1429 -0.289004   2.15713  -1.24558
  0.26907 -0.115845   2.06261   0.14285 -0.289036   2.15716  -1.24559
 0.269092 -0.115852   2.06263    0.1428 -0.289069   2.15719   -1.2456
 0.269114  -0.11586   2.06266  0.142751 -0.289101   2.15721  -1.24561
 0.269136 -0.115868   2.06268  0.142702 -0.289134   2.15724  -1.24562
 0.269158 -0.115875   2.06271  0.142654 -0.289166   2.15726  -1.24562
 0.269179 -0.115882   2.06273  0.142606 -0.289198   2.15729  -1.24563
 0.269201 -0.115889   2.06276  0.142559 -0.289231   2.15731  -1.24564
 0.269222 -0.115896   2.06278  0.142513 -0.289263   2.15734  -1.24565
 0.269242 -0.115903   2.06281  0.142467 -0.289295   2.15736  -1.24566
 0.269263  -0.11591   2.06283  0.142421 -0.289327   2.15739  -1.24567
 0.269283 -0.115917   2.06286  0.142376 -0.289359   2.15741  -1.24568
 0.269304 -0.115924   2.06288  0.142331 -0.289391   2.15743  -1.24568
 0.269324  -0.11593   2.06291  0.142287 -0.289423   2.15746  -1.24569
 0.269343 -0.115936   2.06293  0.142243 -0.289455   2.15748   -1.2457
 0.269363 -0.115943   2.06296    0.1422 -0.289487    2.1575  -1.24571
 0.269383 -0.115949   2.06298  0.142158 -0.289519   2.15752  -1.24572
 0.269402 -0.115955   2.06301  0.142115 -0.289551   2.15755  -1.24572
 0.269421 -0.115961   2.06303  0.142073 -0.289583   2.15757  -1.24573
  0.26944 -0.115967   2.06306  0.142032 -0.289614   2.15759  -1.24574
 0.269458 -0.115972   2.06308  0.141991 -0.289646   2.15761  -1.24575
 0.269477 -0.115978   2.06311  0.141951 -0.289678   2.15763  -1.24575
 0.269495 -0.115984   2.06313   0.14191 -0.289709   2.15765  -1.24576
 0.269514 -0.115989   2.06316  0.141871 -0.289741   2.15767  -1.24577
 0.269532 -0.115994   2.06318  0.141832 -0.289773   2.15769  -1.24578
 0.269549    -0.116   2.06321  0.141793 -0.289804   2.15771  -1.24578
 0.269567 -0.116005   2.06323  0.141754 -0.289836   2.15773  -1.24579
 0.269584  -0.11601   2.06326  0.141716 -0.289867   2.15775   -1.2458
 0.269602 -0.116015   2.06328  0.141679 -0.289899   2.15777   -1.2458
0.269619 -0.11602  2.06331 0.141642 -0.28993  2.15779 -1.24581
 0.269636 -0.116024   2.06333  0.141605 -0.289961   2.15781  -1.24582
 0.269653 -0.116029   2.06336  0.141569 -0.289993   2.15783  -1.24582
 0.269669 -0.116034   2.06338  0.141533 -0.290024   2.15785  -1.24583
 0.269686 -0.116038   2.06341  0.141497 -0.290055   2.15787  -1.24584
 0.269702 -0.116042   2.06344  0.141462 -0.290086   2.15789  -1.24584
 0.269718 -0.116047   2.06346  0.141427 -0.290117   2.15791  -1.24585
 0.269735 -0.116051   2.06349  0.141393 -0.290149   2.15792  -1.24586
  0.26975 -0.116055   2.06351  0.141359  -0.29018   2.15794  -1.24586
 0.269766 -0.116059   2.06354  0.141325 -0.290211   2.15796  -1.24587
 0.269782 -0.116063   2.06356  0.141291 -0.290242   2.15798  -1.24588
 0.269797 -0.116067   2.06359  0.141259 -0.290273   2.15799  -1.24588
 0.269813 -0.116071   2.06361  0.141226 -0.290304   2.15801  -1.24589
 0.269828 -0.116074   2.06364  0.141194 -0.290335   2.15803   -1.2459
 0.269843 -0.116078   2.06366  0.141162 -0.290366   2.15804   -1.2459
 0.269858 -0.116081   2.06369   0.14113 -0.290397   2.15806  -1.24591
 0.269872 -0.116085   2.06372  0.141099 -0.290427   2.15808  -1.24591
 0.269887 -0.116088   2.06374  0.141068 -0.290458   2.15809  -1.24592
 0.269901 -0.116092   2.06377  0.141037 -0.290489   2.15811  -1.24593
 0.269916 -0.116095   2.06379  0.141007  -0.29052   2.15813  -1.24593
  0.26993 -0.116098   2.06382  0.140977  -0.29055   2.15814  -1.24594
 0.269944 -0.116101   2.06384  0.140948 -0.290581   2.15816  -1.24594
 0.269958 -0.116104   2.06387  0.140918 -0.290612   2.15817  -1.24595
 0.269972 -0.116107   2.06389  0.140889 -0.290643   2.15819  -1.24595
 0.269985  -0.11611   2.06392  0.140861 -0.290673    2.1582  -1.24596
 0.269999 -0.116113   2.06395  0.140832 -0.290704   2.15822  -1.24596
 0.270012 -0.116115   2.06397  0.140804 -0.290734   2.15823  -1.24597
 0.270026 -0.116118     2.064  0.140777 -0.290765   2.15825  -1.24598
 0.270039  -0.11612   2.06402  0.140749 -0.290795   2.15826  -1.24598
 0.270052 -0.116123   2.06405  0.140722 -0.290826   2.15827  -1.24599
 0.270065 -0.116125   2.06407  0.140695 -0.290856   2.15829  -1.24599
 0.270077 -0.116128    2.0641  0.140669 -0.290887    2.1583    -1.246
  0.27009  -0.11613   2.06413  0.140642 -0.290917   2.15832    -1.246
 0.270103 -0.116132   2.06415  0.140617 -0.290948   2.15833  -1.24601
 0.270115 -0.116134   2.06418  0.140591 -0.290978   2.15834  -1.24601
 0.270128 -0.116136    2.0642  0.140565 -0.291008   2.15836  -1.24602
  0.27014 -0.116138   2.06423   0.14054 -0.291039   2.15837  -1.24602
 0.270152  -0.11614   2.06426  0.140515 -0.291069   2.15838  -1.24603
 0.270164 -0.116142   2.06428  0.140491 -0.291099    2.1584  -1.24603
 0.270176 -0.116144   2.06431  0.140467 -0.291129   2.15841  -1.24604
 0.270188 -0.116146   2.06433  0.140442  -0.29116   2.15842  -1.24604
 0.270199 -0.116148   2.06436  0.140419  -0.29119   2.15843  -1.24605
 0.270211 -0.116149   2.06438  0.140395  -0.29122   2.15845  -1.24605
 0.270222 -0.116151   2.06441  0.140372  -0.29125   2.15846  -1.24605
 0.270234 -0.116152   2.06444  0.140349  -0.29128   2.15847  -1.24606
 0.270245 -0.116154   2.06446  0.140326  -0.29131   2.15848  -1.24606
 0.270256 -0.116155   2.06449  0.140304 -0.291341   2.15849  -1.24607
 0.270267 -0.116156   2.06451  0.140281 -0.291371   2.15851  -1.24607
 0.270278 -0.116158   2.06454  0.140259 -0.291401   2.15852  -1.24608
 0.270289 -0.116159   2.06457  0.140237 -0.291431   2.15853  -1.24608
   0.2703  -0.11616   2.06459  0.140216 -0.291461   2.15854  -1.24609
  0.27031 -0.116161   2.06462  0.140195 -0.291491   2.15855  -1.24609
 0.270321 -0.116162   2.06464  0.140173 -0.291521   2.15856  -1.24609
 0.270332 -0.116163   2.06467  0.140153 -0.291551   2.15857   -1.2461
 0.270342 -0.116164    2.0647  0.140132  -0.29158   2.15858   -1.2461
 0.270352 -0.116165   2.06472  0.140112  -0.29161   2.15859  -1.24611
 0.270362 -0.116166   2.06475  0.140091  -0.29164    2.1586  -1.24611
 0.270373 -0.116167   2.06478  0.140071  -0.29167   2.15861  -1.24612
 0.270383 -0.116168    2.0648  0.140052   -0.2917   2.15863  -1.24612
 0.270393 -0.116168   2.06483  0.140032  -0.29173   2.15864  -1.24612
 0.270402 -0.116169   2.06485  0.140013  -0.29176   2.15865  -1.24613
 0.270412 -0.116169   2.06488  0.139994 -0.291789   2.15866  -1.24613
 0.270422  -0.11617   2.06491  0.139975 -0.291819   2.15867  -1.24614
 0.270431 -0.116171   2.06493  0.139956 -0.291849   2.15868  -1.24614
 0.270441 -0.116171   2.06496  0.139938 -0.291879   2.15868  -1.24614
  0.27045 -0.116171   2.06498  0.139919 -0.291908   2.15869  -1.24615
  0.27046 -0.116172   2.06501  0.139901 -0.291938    2.1587  -1.24615
 0.270469 -0.116172   2.06504  0.139883 -0.291968   2.15871  -1.24615
 0.270478 -0.116172   2.06506  0.139866 -0.291997   2.15872  -1.24616
 0.270487 -0.116172   2.06509  0.139848 -0.292027   2.15873  -1.24616
 0.270496 -0.116173   2.06512  0.139831 -0.292057   2.15874  -1.24617
 0.270505 -0.116173   2.06514  0.139814 -0.292086   2.15875  -1.24617
 0.270514 -0.116173   2.06517  0.139797 -0.292116   2.15876  -1.24617
 0.270523 -0.116173   2.06519   0.13978 -0.292146   2.15877  -1.24618
 0.270532 -0.116173   2.06522  0.139764 -0.292175   2.15878  -1.24618
  0.27054 -0.116173   2.06525  0.139747 -0.292205   2.15878  -1.24618
 0.270549 -0.116173   2.06527  0.139731 -0.292234   2.15879  -1.24619
 0.270557 -0.116173    2.0653  0.139715 -0.292264    2.1588  -1.24619
 0.270566 -0.116172   2.06533  0.139699 -0.292293   2.15881  -1.24619
 0.270574 -0.116172   2.06535  0.139684 -0.292323   2.15882   -1.2462
 0.270582 -0.116172   2.06538  0.139668 -0.292352   2.15883   -1.2462
 0.270591 -0.116172   2.06541  0.139653 -0.292382   2.15883   -1.2462
 0.270599 -0.116171   2.06543  0.139638 -0.292411   2.15884  -1.24621
 0.270607 -0.116171   2.06546  0.139623 -0.292441   2.15885  -1.24621
0.270615 -0.11617  2.06548 0.139608 -0.29247  2.15886 -1.24621
 0.270623  -0.11617   2.06551  0.139593 -0.292499   2.15886  -1.24622
 0.270631 -0.116169   2.06554  0.139579 -0.292529   2.15887  -1.24622
 0.270638 -0.116169   2.06556  0.139565 -0.292558   2.15888  -1.24622
 0.270646 -0.116168   2.06559  0.139551 -0.292587   2.15889  -1.24623
 0.270654 -0.116168   2.06562  0.139537 -0.292617   2.15889  -1.24623
 0.270661 -0.116167   2.06564  0.139523 -0.292646    2.1589  -1.24623
 0.270669 -0.116166   2.06567  0.139509 -0.292675   2.15891  -1.24623
 0.270677 -0.116166    2.0657  0.139495 -0.292705   2.15892  -1.24624
 0.270684 -0.116165   2.06572  0.139482 -0.292734   2.15892  -1.24624
 0.270691 -0.116164   2.06575  0.139469 -0.292763   2.15893  -1.24624
 0.270699 -0.116163   2.06578  0.139456 -0.292793   2.15894  -1.24625
 0.270706 -0.116162    2.0658  0.139443 -0.292822   2.15894  -1.24625
 0.270713 -0.116161   2.06583   0.13943 -0.292851   2.15895  -1.24625
  0.27072 -0.116161   2.06585  0.139417  -0.29288   2.15896  -1.24626
0.270727 -0.11616  2.06588 0.139405 -0.29291  2.15896 -1.24626
 0.270734 -0.116159   2.06591  0.139393 -0.292939   2.15897  -1.24626
 0.270741 -0.116158   2.06593   0.13938 -0.292968   2.15898  -1.24626
 0.270748 -0.116156   2.06596  0.139368 -0.292997   2.15898  -1.24627
 0.270755 -0.116155   2.06599  0.139356 -0.293026   2.15899  -1.24627
 0.270762 -0.116154   2.06601  0.139344 -0.293056   2.15899  -1.24627
 0.270769 -0.116153   2.06604  0.139333 -0.293085     2.159  -1.24627
 0.270775 -0.116152   2.06607  0.139321 -0.293114   2.15901  -1.24628
 0.270782 -0.116151   2.06609   0.13931 -0.293143   2.15901  -1.24628
 0.270788 -0.116149   2.06612  0.139299 -0.293172   2.15902  -1.24628
 0.270795 -0.116148   2.06615  0.139287 -0.293201   2.15902  -1.24629
 0.270801 -0.116147   2.06617  0.139276  -0.29323   2.15903  -1.24629
 0.270808 -0.116145    2.0662  0.139265 -0.293259   2.15904  -1.24629
 0.270814 -0.116144   2.06623  0.139255 -0.293288   2.15904  -1.24629
 0.270821 -0.116143   2.06625  0.139244 -0.293318   2.15905   -1.2463
 0.270827 -0.116141   2.06628  0.139233 -0.293347   2.15905   -1.2463
 0.270833  -0.11614   2.06631  0.139223 -0.293376   2.15906   -1.2463
 0.270839 -0.116138   2.06633  0.139213 -0.293405   2.15906   -1.2463
 0.270845 -0.116137   2.06636  0.139203 -0.293434   2.15907  -1.24631
 0.270851 -0.116135   2.06639  0.139192 -0.293463   2.15907  -1.24631
 0.270857 -0.116134   2.06641  0.139182 -0.293492   2.15908  -1.24631
 0.270863 -0.116132   2.06644  0.139173 -0.293521   2.15908  -1.24631
0.270869 -0.11613  2.06647 0.139163 -0.29355  2.15909 -1.24631
 0.270875 -0.116129   2.06649  0.139153 -0.293579   2.15909  -1.24632
 0.270881 -0.116127   2.06652  0.139144 -0.293608    2.1591  -1.24632
 0.270887 -0.116125   2.06655  0.139134 -0.293637    2.1591  -1.24632
 0.270893 -0.116124   2.06657  0.139125 -0.293666   2.15911  -1.24632
 0.270898 -0.116122    2.0666  0.139116 -0.293695   2.15911  -1.24633
 0.270904  -0.11612   2.06663  0.139107 -0.293724   2.15912  -1.24633
  0.27091 -0.116118   2.06665  0.139098 -0.293752   2.15912  -1.24633
 0.270915 -0.116117   2.06668  0.139089 -0.293781   2.15913  -1.24633
 0.270921 -0.116115   2.06671   0.13908  -0.29381   2.15913  -1.24634
 0.270926 -0.116113   2.06673  0.139072 -0.293839   2.15914  -1.24634
 0.270932 -0.116111   2.06676  0.139063 -0.293868   2.15914  -1.24634
 0.270937 -0.116109   2.06679  0.139054 -0.293897   2.15915  -1.24634
 0.270943 -0.116107   2.06681  0.139046 -0.293926   2.15915  -1.24634
 0.270948 -0.116105   2.06684  0.139038 -0.293955   2.15916  -1.24635
 0.270953 -0.116103   2.06687   0.13903 -0.293984   2.15916  -1.24635
 0.270959 -0.116101   2.06689  0.139022 -0.294012   2.15916  -1.24635
 0.270964 -0.116099   2.06692  0.139014 -0.294041   2.15917  -1.24635
 0.270969 -0.116097   2.06695  0.139006  -0.29407   2.15917  -1.24635
 0.270974 -0.116095   2.06697  0.138998 -0.294099   2.15918  -1.24636
 0.270979 -0.116093     2.067   0.13899 -0.294128   2.15918  -1.24636
 0.270984 -0.116091   2.06703  0.138983 -0.294157   2.15918  -1.24636
 0.270989 -0.116088   2.06705  0.138975 -0.294185   2.15919  -1.24636
 0.270994 -0.116086   2.06708  0.138968 -0.294214   2.15919  -1.24636
 0.270999 -0.116084   2.06711   0.13896 -0.294243    2.1592  -1.24637
 0.271004 -0.116082   2.06713  0.138953 -0.294272    2.1592  -1.24637
 0.271009  -0.11608   2.06716  0.138946 -0.294301    2.1592  -1.24637
 0.271014 -0.116077   2.06719  0.138939 -0.294329   2.15921  -1.24637
 0.271019 -0.116075   2.06721  0.138932 -0.294358   2.15921  -1.24637
 0.271024 -0.116073   2.06724  0.138925 -0.294387   2.15921  -1.24638
 0.271029 -0.116071   2.06727  0.138918 -0.294416   2.15922  -1.24638
 0.271033 -0.116068    2.0673  0.138911 -0.294444   2.15922  -1.24638
 0.271038 -0.116066   2.06732  0.138904 -0.294473   2.15922  -1.24638
 0.271043 -0.116064   2.06735  0.138898 -0.294502   2.15923  -1.24638
 0.271047 -0.116061   2.06738  0.138891 -0.294531   2.15923  -1.24639
 0.271052 -0.116059    2.0674  0.138885 -0.294559   2.15924  -1.24639
 0.271056 -0.116056   2.06743  0.138878 -0.294588   2.15924  -1.24639
 0.271061 -0.116054   2.06746  0.138872 -0.294617   2.15924  -1.24639
 0.271066 -0.116051   2.06748  0.138866 -0.294646   2.15924  -1.24639
  0.27107 -0.116049   2.06751   0.13886 -0.294674   2.15925  -1.24639
 0.271074 -0.116046   2.06754  0.138854 -0.294703   2.15925   -1.2464
 0.271079 -0.116044   2.06756  0.138848 -0.294732   2.15925   -1.2464
 0.271083 -0.116041   2.06759  0.138842  -0.29476   2.15926   -1.2464
 0.271088 -0.116039   2.06762  0.138836 -0.294789   2.15926   -1.2464
 0.271092 -0.116036   2.06764   0.13883 -0.294818   2.15926   -1.2464
 0.271096 -0.116034   2.06767  0.138824 -0.294846   2.15927  -1.24641
 0.271101 -0.116031    2.0677  0.138819 -0.294875   2.15927  -1.24641
 0.271105 -0.116029   2.06772  0.138813 -0.294904   2.15927  -1.24641
 0.271109 -0.116026   2.06775  0.138807 -0.294932   2.15928  -1.24641
 0.271113 -0.116023   2.06778  0.138802 -0.294961   2.15928  -1.24641
 0.271117 -0.116021   2.06781  0.138797  -0.29499   2.15928  -1.24641
 0.271122 -0.116018   2.06783  0.138791 -0.295018   2.15928  -1.24641
 0.271126 -0.116015   2.06786  0.138786 -0.295047   2.15929  -1.24642
  0.27113 -0.116013   2.06789  0.138781 -0.295076   2.15929  -1.24642
 0.271134  -0.11601   2.06791  0.138776 -0.295104   2.15929  -1.24642
 0.271138 -0.116007   2.06794  0.138771 -0.295133   2.15929  -1.24642
 0.271142 -0.116004   2.06797  0.138766 -0.295161    2.1593  -1.24642
 0.271146 -0.116002   2.06799  0.138761  -0.29519    2.1593  -1.24642
  0.27115 -0.115999   2.06802  0.138756 -0.295219    2.1593  -1.24643
 0.271154 -0.115996   2.06805  0.138751 -0.295247    2.1593  -1.24643
 0.271158 -0.115993   2.06808  0.138746 -0.295276   2.15931  -1.24643
 0.271162  -0.11599    2.0681  0.138742 -0.295304   2.15931  -1.24643
 0.271166 -0.115988   2.06813  0.138737 -0.295333   2.15931  -1.24643
 0.271169 -0.115985   2.06816  0.138732 -0.295362   2.15931  -1.24643
 0.271173 -0.115982   2.06818  0.138728  -0.29539   2.15932  -1.24644
 0.271177 -0.115979   2.06821  0.138723 -0.295419   2.15932  -1.24644
 0.271181 -0.115976   2.06824  0.138719 -0.295447   2.15932  -1.24644
 0.271185 -0.115973   2.06826  0.138715 -0.295476   2.15932  -1.24644
 0.271188  -0.11597   2.06829   0.13871 -0.295504   2.15933  -1.24644
 0.271192 -0.115967   2.06832  0.138706 -0.295533   2.15933  -1.24644
 0.271196 -0.115964   2.06834  0.138702 -0.295562   2.15933  -1.24644
 0.271199 -0.115961   2.06837  0.138698  -0.29559   2.15933  -1.24645
 0.271203 -0.115958    2.0684  0.138694 -0.295619   2.15933  -1.24645
 0.271207 -0.115955   2.06843   0.13869 -0.295647   2.15934  -1.24645
  0.27121 -0.115952   2.06845  0.138686 -0.295676   2.15934  -1.24645
 0.271214 -0.115949   2.06848  0.138682 -0.295704   2.15934  -1.24645
 0.271217 -0.115946   2.06851  0.138678 -0.295733   2.15934  -1.24645
 0.271221 -0.115943   2.06853  0.138674 -0.295761   2.15934  -1.24645
0.271224 -0.11594  2.06856  0.13867 -0.29579  2.15935 -1.24646
 0.271228 -0.115937   2.06859  0.138666 -0.295818   2.15935  -1.24646
 0.271231 -0.115934   2.06861  0.138663 -0.295847   2.15935  -1.24646
 0.271235 -0.115931   2.06864  0.138659 -0.295875   2.15935  -1.24646
 0.271238 -0.115928   2.06867  0.138655 -0.295904   2.15935  -1.24646
 0.271242 -0.115925    2.0687  0.138652 -0.295932   2.15936  -1.24646
 0.271245 -0.115922   2.06872  0.138648 -0.295961   2.15936  -1.24646
 0.271249 -0.115919   2.06875  0.138645 -0.295989   2.15936  -1.24646
 0.271252 -0.115916   2.06878  0.138642 -0.296018   2.15936  -1.24647
 0.271255 -0.115912    2.0688  0.138638 -0.296046   2.15936  -1.24647
 0.271259 -0.115909   2.06883  0.138635 -0.296075   2.15937  -1.24647
 0.271262 -0.115906   2.06886  0.138632 -0.296103   2.15937  -1.24647
 0.271265 -0.115903   2.06889  0.138628 -0.296132   2.15937  -1.24647
0.271268  -0.1159  2.06891 0.138625 -0.29616  2.15937 -1.24647
 0.271272 -0.115897   2.06894  0.138622 -0.296189   2.15937  -1.24647
 0.271275 -0.115893   2.06897  0.138619 -0.296217   2.15937  -1.24647
 0.271278  -0.11589   2.06899  0.138616 -0.296246   2.15938  -1.24648
 0.271281 -0.115887   2.06902  0.138613 -0.296274   2.15938  -1.24648
 0.271285 -0.115884   2.06905   0.13861 -0.296303   2.15938  -1.24648
 0.271288  -0.11588   2.06907  0.138607 -0.296331   2.15938  -1.24648
 0.271291 -0.115877    2.0691  0.138604  -0.29636   2.15938  -1.24648
 0.271294 -0.115874   2.06913  0.138601 -0.296388   2.15938  -1.24648
 0.271297 -0.115871   2.06916  0.138598 -0.296417   2.15938  -1.24648
   0.2713 -0.115867   2.06918  0.138596 -0.296445   2.15939  -1.24648
 0.271304 -0.115864   2.06921  0.138593 -0.296473   2.15939  -1.24649
 0.271307 -0.115861   2.06924   0.13859 -0.296502   2.15939  -1.24649
  0.27131 -0.115857   2.06926  0.138587  -0.29653   2.15939  -1.24649
 0.271313 -0.115854   2.06929  0.138585 -0.296559   2.15939  -1.24649
 0.271316 -0.115851   2.06932  0.138582 -0.296587   2.15939  -1.24649
 0.271319 -0.115848   2.06935   0.13858 -0.296616   2.15939  -1.24649
 0.271322 -0.115844   2.06937  0.138577 -0.296644    2.1594  -1.24649
 0.271325 -0.115841    2.0694  0.138575 -0.296673    2.1594  -1.24649
 0.271328 -0.115837   2.06943  0.138572 -0.296701    2.1594   -1.2465
 0.271331 -0.115834   2.06945   0.13857 -0.296729    2.1594   -1.2465
 0.271334 -0.115831   2.06948  0.138567 -0.296758    2.1594   -1.2465
 0.271337 -0.115827   2.06951  0.138565 -0.296786    2.1594   -1.2465
  0.27134 -0.115824   2.06954  0.138563 -0.296815    2.1594   -1.2465
 0.271343 -0.115821   2.06956   0.13856 -0.296843    2.1594   -1.2465
 0.271345 -0.115817   2.06959  0.138558 -0.296872   2.15941   -1.2465
 0.271348 -0.115814   2.06962  0.138556   -0.2969   2.15941   -1.2465
 0.271351  -0.11581   2.06964  0.138554 -0.296928   2.15941   -1.2465
 0.271354 -0.115807   2.06967  0.138552 -0.296957   2.15941  -1.24651
 0.271357 -0.115803    2.0697  0.138549 -0.296985   2.15941  -1.24651
  0.27136   -0.1158   2.06973  0.138547 -0.297014   2.15941  -1.24651
 0.271363 -0.115796   2.06975  0.138545 -0.297042   2.15941  -1.24651
 0.271365 -0.115793   2.06978  0.138543 -0.297071   2.15941  -1.24651
 0.271368  -0.11579   2.06981  0.138541 -0.297099   2.15941  -1.24651
 0.271371 -0.115786   2.06983  0.138539 -0.297127   2.15941  -1.24651
 0.271374 -0.115783   2.06986  0.138537 -0.297156   2.15942  -1.24651
 0.271377 -0.115779   2.06989  0.138536 -0.297184   2.15942  -1.24651
 0.271379 -0.115776   2.06992  0.138534 -0.297213   2.15942  -1.24651
 0.271382 -0.115772   2.06994  0.138532 -0.297241   2.15942  -1.24652
 0.271385 -0.115769   2.06997   0.13853 -0.297269   2.15942  -1.24652
 0.271387 -0.115765      2.07  0.138528 -0.297298   2.15942  -1.24652
  0.27139 -0.115762   2.07002  0.138526 -0.297326   2.15942  -1.24652
 0.271393 -0.115758   2.07005  0.138525 -0.297355   2.15942  -1.24652
 0.271396 -0.115754   2.07008  0.138523 -0.297383   2.15942  -1.24652
 0.271398 -0.115751   2.07011  0.138521 -0.297411   2.15942  -1.24652
 0.271401 -0.115747   2.07013   0.13852  -0.29744   2.15943  -1.24652
 0.271404 -0.115744   2.07016  0.138518 -0.297468   2.15943  -1.24652
 0.271406  -0.11574   2.07019  0.138516 -0.297496   2.15943  -1.24653
 0.271409 -0.115737   2.07021  0.138515 -0.297525   2.15943  -1.24653
 0.271411 -0.115733   2.07024  0.138513 -0.297553   2.15943  -1.24653
 0.271414 -0.115729   2.07027  0.138512 -0.297582   2.15943  -1.24653
 0.271417 -0.115726    2.0703   0.13851  -0.29761   2.15943  -1.24653
 0.271419 -0.115722   2.07032  0.138509 -0.297638   2.15943  -1.24653
 0.271422 -0.115719   2.07035  0.138507 -0.297667   2.15943  -1.24653
 0.271424 -0.115715   2.07038  0.138506 -0.297695   2.15943  -1.24653
 0.271427 -0.115711    2.0704  0.138504 -0.297724   2.15943  -1.24653
  0.27143 -0.115708   2.07043  0.138503 -0.297752   2.15943  -1.24653
 0.271432 -0.115704   2.07046  0.138502  -0.29778   2.15943  -1.24653
 0.271435 -0.115701   2.07049    0.1385 -0.297809   2.15944  -1.24654
 0.271437 -0.115697   2.07051  0.138499 -0.297837   2.15944  -1.24654
  0.27144 -0.115693   2.07054  0.138498 -0.297865   2.15944  -1.24654
 0.271442  -0.11569   2.07057  0.138497 -0.297894   2.15944  -1.24654
 0.271445 -0.115686    2.0706  0.138495 -0.297922   2.15944  -1.24654
 0.271447 -0.115682   2.07062  0.138494  -0.29795   2.15944  -1.24654
  0.27145 -0.115679   2.07065  0.138493 -0.297979   2.15944  -1.24654
 0.271452 -0.115675   2.07068  0.138492 -0.298007   2.15944  -1.24654
 0.271455 -0.115671    2.0707  0.138491 -0.298036   2.15944  -1.24654
 0.271457 -0.115668   2.07073  0.138489 -0.298064   2.15944  -1.24654
 0.271459 -0.115664   2.07076  0.138488 -0.298092   2.15944  -1.24655
 0.271462  -0.11566   2.07079  0.138487 -0.298121   2.15944  -1.24655
 0.271464 -0.115657   2.07081  0.138486 -0.298149   2.15944  -1.24655
 0.271467 -0.115653   2.07084  0.138485 -0.298177   2.15944  -1.24655
 0.271469 -0.115649   2.07087  0.138484 -0.298206   2.15944  -1.24655
 0.271472 -0.115645   2.07089  0.138483 -0.298234   2.15944  -1.24655
 0.271474 -0.115642   2.07092  0.138482 -0.298262   2.15944  -1.24655
 0.271476 -0.115638   2.07095  0.138481 -0.298291   2.15945  -1.24655
 0.271479 -0.115634   2.07098   0.13848 -0.298319   2.15945  -1.24655
 0.271481 -0.115631     2.071  0.138479 -0.298348   2.15945  -1.24655
 0.271483 -0.115627   2.07103  0.138478 -0.298376   2.15945  -1.24655
 0.271486 -0.115623   2.07106  0.138477 -0.298404   2.15945  -1.24656
 0.271488 -0.115619   2.07109  0.138477 -0.298433   2.15945  -1.24656
 0.271491 -0.115616   2.07111  0.138476 -0.298461   2.15945  -1.24656
 0.271493 -0.115612   2.07114  0.138475 -0.298489   2.15945  -1.24656
 0.271495 -0.115608   2.07117  0.138474 -0.298518   2.15945  -1.24656
 0.271497 -0.115604   2.07119  0.138473 -0.298546   2.15945  -1.24656
   0.2715 -0.115601   2.07122  0.138472 -0.298574   2.15945  -1.24656
 0.271502 -0.115597   2.07125  0.138472 -0.298603   2.15945  -1.24656
 0.271504 -0.115593   2.07128  0.138471 -0.298631   2.15945  -1.24656
 0.271507 -0.115589    2.0713   0.13847 -0.298659   2.15945  -1.24656
 0.271509 -0.115585   2.07133   0.13847 -0.298688   2.15945  -1.24656
 0.271511 -0.115582   2.07136  0.138469 -0.298716   2.15945  -1.24656
 0.271514 -0.115578   2.07139  0.138468 -0.298744   2.15945  -1.24657
 0.271516 -0.115574   2.07141  0.138467 -0.298773   2.15945  -1.24657
 0.271518  -0.11557   2.07144  0.138467 -0.298801   2.15945  -1.24657
  0.27152 -0.115566   2.07147  0.138466 -0.298829   2.15945  -1.24657
 0.271523 -0.115563   2.07149  0.138466 -0.298858   2.15945  -1.24657
 0.271525 -0.115559   2.07152  0.138465 -0.298886   2.15945  -1.24657
 0.271527 -0.115555   2.07155  0.138464 -0.298915   2.15945  -1.24657
 0.271529 -0.115551   2.07158  0.138464 -0.298943   2.15945  -1.24657
 0.271532 -0.115547    2.0716  0.138463 -0.298971   2.15945  -1.24657
 0.271534 -0.115544   2.07163  0.138463    -0.299   2.15945  -1.24657
 0.271536  -0.11554   2.07166  0.138462 -0.299028   2.15945  -1.24657
 0.271538 -0.115536   2.07169  0.138462 -0.299056   2.15946  -1.24657
  0.27154 -0.115532   2.07171  0.138461 -0.299085   2.15946  -1.24658
 0.271543 -0.115528   2.07174  0.138461 -0.299113   2.15946  -1.24658
 0.271545 -0.115524   2.07177   0.13846 -0.299141   2.15946  -1.24658
 0.271547 -0.115521   2.07179   0.13846  -0.29917   2.15946  -1.24658
 0.271549 -0.115517   2.07182  0.138459 -0.299198   2.15946  -1.24658
 0.271551 -0.115513   2.07185  0.138459 -0.299226   2.15946  -1.24658
 0.271553 -0.115509   2.07188  0.138458 -0.299255   2.15946  -1.24658
 0.271556 -0.115505    2.0719  0.138458 -0.299283   2.15946  -1.24658
 0.271558 -0.115501   2.07193  0.138458 -0.299311   2.15946  -1.24658
  0.27156 -0.115497   2.07196  0.138457  -0.29934   2.15946  -1.24658
 0.271562 -0.115493   2.07199  0.138457 -0.299368   2.15946  -1.24658
 0.271564  -0.11549   2.07201  0.138457 -0.299396   2.15946  -1.24658
 0.271566 -0.115486   2.07204  0.138456 -0.299425   2.15946  -1.24658
 0.271569 -0.115482   2.07207  0.138456 -0.299453   2.15946  -1.24659
 0.271571 -0.115478   2.07209  0.138456 -0.299481   2.15946  -1.24659
 0.271573 -0.115474   2.07212  0.138455  -0.29951   2.15946  -1.24659
 0.271575  -0.11547   2.07215  0.138455 -0.299538   2.15946  -1.24659
 0.271577 -0.115466   2.07218  0.138455 -0.299566   2.15946  -1.24659
 0.271579 -0.115462    2.0722  0.138455 -0.299595   2.15946  -1.24659
 0.271581 -0.115459   2.07223  0.138454 -0.299623   2.15946  -1.24659
 0.271583 -0.115455   2.07226  0.138454 -0.299651   2.15946  -1.24659
 0.271585 -0.115451   2.07229  0.138454  -0.29968   2.15946  -1.24659
 0.271588 -0.115447   2.07231  0.138454 -0.299708   2.15946  -1.24659
  0.27159 -0.115443   2.07234  0.138453 -0.299736   2.15946  -1.24659
 0.271592 -0.115439   2.07237  0.138453 -0.299765   2.15946  -1.24659
 0.271594 -0.115435    2.0724  0.138453 -0.299793   2.15946  -1.24659
 0.271596 -0.115431   2.07242  0.138453 -0.299821   2.15946   -1.2466
 0.271598 -0.115427   2.07245  0.138453  -0.29985   2.15946   -1.2466
   0.2716 -0.115423   2.07248  0.138453 -0.299878   2.15946   -1.2466
 0.271602 -0.115419    2.0725  0.138452 -0.299906   2.15946   -1.2466
 0.271604 -0.115415   2.07253  0.138452 -0.299935   2.15946   -1.2466
 0.271606 -0.115412   2.07256  0.138452 -0.299963   2.15946   -1.2466
 0.271608 -0.115408   2.07259  0.138452 -0.299991   2.15946   -1.2466
  0.27161 -0.115404   2.07261  0.138452  -0.30002   2.15946   -1.2466
 0.271612   -0.1154   2.07264  0.138452 -0.300048   2.15946   -1.2466
 0.271614 -0.115396   2.07267  0.138452 -0.300077   2.15946   -1.2466
 0.271616 -0.115392    2.0727  0.138452 -0.300105   2.15946   -1.2466
 0.271618 -0.115388   2.07272  0.138452 -0.300133   2.15946   -1.2466
  0.27162 -0.115384   2.07275  0.138452 -0.300162   2.15946   -1.2466
0.271622 -0.11538  2.07278 0.138452 -0.30019  2.15946 -1.24661
 0.271624 -0.115376   2.07281  0.138452 -0.300218   2.15946  -1.24661
 0.271626 -0.115372   2.07283  0.138452 -0.300247   2.15946  -1.24661
 0.271628 -0.115368   2.07286  0.138452 -0.300275   2.15946  -1.24661
  0.27163 -0.115364   2.07289  0.138452 -0.300303   2.15946  -1.24661
 0.271632  -0.11536   2.07292  0.138452 -0.300332   2.15946  -1.24661
 0.271634 -0.115356   2.07294  0.138452  -0.30036   2.15946  -1.24661
 0.271636 -0.115352   2.07297  0.138452 -0.300388   2.15946  -1.24661
 0.271638 -0.115348     2.073  0.138452 -0.300417   2.15946  -1.24661
  0.27164 -0.115344   2.07302  0.138452 -0.300445   2.15946  -1.24661
 0.271642  -0.11534   2.07305  0.138452 -0.300473   2.15946  -1.24661
 0.271644 -0.115336   2.07308  0.138452 -0.300502   2.15946  -1.24661
 0.271646 -0.115332   2.07311  0.138452  -0.30053   2.15946  -1.24661
 0.271648 -0.115328   2.07313  0.138452 -0.300558   2.15946  -1.24661
  0.27165 -0.115324   2.07316  0.138452 -0.300587   2.15946  -1.24662
 0.271652  -0.11532   2.07319  0.138452 -0.300615   2.15946  -1.24662
 0.271654 -0.115316   2.07322  0.138452 -0.300643   2.15946  -1.24662
 0.271656 -0.115312   2.07324  0.138452 -0.300672   2.15946  -1.24662
 0.271658 -0.115308   2.07327  0.138453   -0.3007   2.15946  -1.24662
  0.27166 -0.115304    2.0733  0.138453 -0.300728   2.15946  -1.24662
 0.271662   -0.1153   2.07333  0.138453 -0.300757   2.15946  -1.24662
 0.271664 -0.115296   2.07335  0.138453 -0.300785   2.15946  -1.24662
 0.271666 -0.115292   2.07338  0.138453 -0.300813   2.15946  -1.24662
 0.271668 -0.115288   2.07341  0.138453 -0.300842   2.15946  -1.24662
  0.27167 -0.115284   2.07344  0.138453  -0.30087   2.15946  -1.24662
 0.271672  -0.11528   2.07346  0.138454 -0.300898   2.15946  -1.24662
 0.271674 -0.115276   2.07349  0.138454 -0.300927   2.15946  -1.24662
 0.271676 -0.115272   2.07352  0.138454 -0.300955   2.15946  -1.24662
 0.271678 -0.115268   2.07354  0.138454 -0.300984   2.15946  -1.24663
  0.27168 -0.115264   2.07357  0.138454 -0.301012   2.15946  -1.24663
0.271681 -0.11526   2.0736 0.138455 -0.30104  2.15946 -1.24663
 0.271683 -0.115256   2.07363  0.138455 -0.301069   2.15946  -1.24663
 0.271685 -0.115252   2.07365  0.138455 -0.301097   2.15946  -1.24663
 0.271687 -0.115248   2.07368  0.138455 -0.301125   2.15946  -1.24663
 0.271689 -0.115244   2.07371  0.138456 -0.301154   2.15946  -1.24663
 0.271691  -0.11524   2.07374  0.138456 -0.301182   2.15946  -1.24663
 0.271693 -0.115236   2.07376  0.138456  -0.30121   2.15946  -1.24663
 0.271695 -0.115232   2.07379  0.138456 -0.301239   2.15946  -1.24663
 0.271697 -0.115228   2.07382  0.138457 -0.301267   2.15946  -1.24663
 0.271699 -0.115224   2.07385  0.138457 -0.301295   2.15946  -1.24663
 0.271701  -0.11522   2.07387  0.138457 -0.301324   2.15946  -1.24663
 0.271702 -0.115216    2.0739  0.138457 -0.301352   2.15946  -1.24663
 0.271704 -0.115212   2.07393  0.138458  -0.30138   2.15946  -1.24663
 0.271706 -0.115208   2.07396  0.138458 -0.301409   2.15946  -1.24664
 0.271708 -0.115204   2.07398  0.138458 -0.301437   2.15946  -1.24664
  0.27171   -0.1152   2.07401  0.138459 -0.301466   2.15946  -1.24664
 0.271712 -0.115196   2.07404  0.138459 -0.301494   2.15946  -1.24664
 0.271714 -0.115192   2.07407  0.138459 -0.301522   2.15946  -1.24664
 0.271716 -0.115188   2.07409   0.13846 -0.301551   2.15946  -1.24664
 0.271718 -0.115184   2.07412   0.13846 -0.301579   2.15946  -1.24664
 0.271719  -0.11518   2.07415   0.13846 -0.301607   2.15946  -1.24664
 0.271721 -0.115176   2.07418  0.138461 -0.301636   2.15946  -1.24664
 0.271723 -0.115172    2.0742  0.138461 -0.301664   2.15945  -1.24664
 0.271725 -0.115168   2.07423  0.138461 -0.301692   2.15945  -1.24664
 0.271727 -0.115164   2.07426  0.138462 -0.301721   2.15945  -1.24664
 0.271729 -0.115159   2.07429  0.138462 -0.301749   2.15945  -1.24664
 0.271731 -0.115155   2.07431  0.138462 -0.301778   2.15945  -1.24664
 0.271733 -0.115151   2.07434  0.138463 -0.301806   2.15945  -1.24664
 0.271734 -0.115147   2.07437  0.138463 -0.301834   2.15945  -1.24665
 0.271736 -0.115143   2.07439  0.138464 -0.301863   2.15945  -1.24665
 0.271738 -0.115139   2.07442  0.138464 -0.301891   2.15945  -1.24665
  0.27174 -0.115135   2.07445  0.138464 -0.301919   2.15945  -1.24665
 0.271742 -0.115131   2.07448  0.138465 -0.301948   2.15945  -1.24665
 0.271744 -0.115127    2.0745  0.138465 -0.301976   2.15945  -1.24665
 0.271746 -0.115123   2.07453  0.138466 -0.302004   2.15945  -1.24665
 0.271747 -0.115119   2.07456  0.138466 -0.302033   2.15945  -1.24665
 0.271749 -0.115115   2.07459  0.138467 -0.302061   2.15945  -1.24665
 0.271751 -0.115111   2.07461  0.138467  -0.30209   2.15945  -1.24665
 0.271753 -0.115107   2.07464  0.138467 -0.302118   2.15945  -1.24665
 0.271755 -0.115103   2.07467  0.138468 -0.302146   2.15945  -1.24665
 0.271757 -0.115099    2.0747  0.138468 -0.302175   2.15945  -1.24665
 0.271758 -0.115094   2.07472  0.138469 -0.302203   2.15945  -1.24665
  0.27176  -0.11509   2.07475  0.138469 -0.302231   2.15945  -1.24665
 0.271762 -0.115086   2.07478   0.13847  -0.30226   2.15945  -1.24666
 0.271764 -0.115082   2.07481   0.13847 -0.302288   2.15945  -1.24666
 0.271766 -0.115078   2.07483  0.138471 -0.302317   2.15945  -1.24666
 0.271768 -0.115074   2.07486  0.138471 -0.302345   2.15945  -1.24666
 0.271769  -0.11507   2.07489  0.138471 -0.302373   2.15945  -1.24666
 0.271771 -0.115066   2.07492  0.138472 -0.302402   2.15945  -1.24666
 0.271773 -0.115062   2.07494  0.138472  -0.30243   2.15945  -1.24666
 0.271775 -0.115058   2.07497  0.138473 -0.302458   2.15945  -1.24666
 0.271777 -0.115054     2.075  0.138473 -0.302487   2.15945  -1.24666
 0.271779  -0.11505   2.07503  0.138474 -0.302515   2.15945  -1.24666
  0.27178 -0.115045   2.07505  0.138474 -0.302544   2.15945  -1.24666
 0.271782 -0.115041   2.07508  0.138475 -0.302572   2.15945  -1.24666
 0.271784 -0.115037   2.07511  0.138475   -0.3026   2.15945  -1.24666
 0.271786 -0.115033   2.07514  0.138476 -0.302629   2.15945  -1.24666
 0.271788 -0.115029   2.07516  0.138476 -0.302657   2.15945  -1.24666
 0.271789 -0.115025   2.07519  0.138477 -0.302685   2.15945  -1.24667
 0.271791 -0.115021   2.07522  0.138478 -0.302714   2.15945  -1.24667
 0.271793 -0.115017   2.07525  0.138478 -0.302742   2.15945  -1.24667
 0.271795 -0.115013   2.07527  0.138479 -0.302771   2.15945  -1.24667
 0.271797 -0.115009    2.0753  0.138479 -0.302799   2.15945  -1.24667
 0.271798 -0.115004   2.07533   0.13848 -0.302827   2.15944  -1.24667
   0.2718    -0.115   2.07536   0.13848 -0.302856   2.15944  -1.24667
 0.271802 -0.114996   2.07538  0.138481 -0.302884   2.15944  -1.24667
 0.271804 -0.114992   2.07541  0.138481 -0.302913   2.15944  -1.24667
 0.271806 -0.114988   2.07544  0.138482 -0.302941   2.15944  -1.24667
 0.271807 -0.114984   2.07547  0.138482 -0.302969   2.15944  -1.24667
 0.271809  -0.11498   2.07549  0.138483 -0.302998   2.15944  -1.24667
 0.271811 -0.114976   2.07552  0.138484 -0.303026   2.15944  -1.24667
 0.271813 -0.114972   2.07555  0.138484 -0.303054   2.15944  -1.24667
 0.271815 -0.114968   2.07558  0.138485 -0.303083   2.15944  -1.24667
 0.271816 -0.114963    2.0756  0.138485 -0.303111   2.15944  -1.24667
 0.271818 -0.114959   2.07563  0.138486  -0.30314   2.15944  -1.24668
  0.27182 -0.114955   2.07566  0.138486 -0.303168   2.15944  -1.24668
 0.271822 -0.114951   2.07569  0.138487 -0.303196   2.15944  -1.24668
 0.271824 -0.114947   2.07571  0.138488 -0.303225   2.15944  -1.24668
 0.271825 -0.114943   2.07574  0.138488 -0.303253   2.15944  -1.24668
 0.271827 -0.114939   2.07577  0.138489 -0.303282   2.15944  -1.24668
 0.271829 -0.114935    2.0758  0.138489  -0.30331   2.15944  -1.24668
 0.271831 -0.114931   2.07582   0.13849 -0.303338   2.15944  -1.24668
 0.271833 -0.114926   2.07585  0.138491 -0.303367   2.15944  -1.24668
 0.271834 -0.114922   2.07588  0.138491 -0.303395   2.15944  -1.24668
 0.271836 -0.114918   2.07591  0.138492 -0.303424   2.15944  -1.24668
 0.271838 -0.114914   2.07593  0.138492 -0.303452   2.15944  -1.24668
 0.27184 -0.11491  2.07596 0.138493 -0.30348  2.15944 -1.24668
 0.271841 -0.114906   2.07599  0.138494 -0.303509   2.15944  -1.24668
 0.271843 -0.114902   2.07602  0.138494 -0.303537   2.15944  -1.24668
 0.271845 -0.114898   2.07604  0.138495 -0.303566   2.15944  -1.24668
 0.271847 -0.114893   2.07607  0.138495 -0.303594   2.15944  -1.24669
 0.271849 -0.114889    2.0761  0.138496 -0.303622   2.15944  -1.24669
  0.27185 -0.114885   2.07613  0.138497 -0.303651   2.15944  -1.24669
 0.271852 -0.114881   2.07615  0.138497 -0.303679   2.15944  -1.24669
 0.271854 -0.114877   2.07618  0.138498 -0.303708   2.15944  -1.24669
 0.271856 -0.114873   2.07621  0.138499 -0.303736   2.15943  -1.24669
 0.271857 -0.114869   2.07624  0.138499 -0.303765   2.15943  -1.24669
 0.271859 -0.114865   2.07626    0.1385 -0.303793   2.15943  -1.24669
 0.271861  -0.11486   2.07629  0.138501 -0.303821   2.15943  -1.24669
 0.271863 -0.114856   2.07632  0.138501  -0.30385   2.15943  -1.24669
 0.271864 -0.114852   2.07635  0.138502 -0.303878   2.15943  -1.24669
 0.271866 -0.114848   2.07637  0.138503 -0.303907   2.15943  -1.24669
 0.271868 -0.114844    2.0764  0.138503 -0.303935   2.15943  -1.24669
  0.27187  -0.11484   2.07643  0.138504 -0.303963   2.15943  -1.24669
 0.271871 -0.114836   2.07646  0.138504 -0.303992   2.15943  -1.24669
 0.271873 -0.114832   2.07648  0.138505  -0.30402   2.15943  -1.24669
 0.271875 -0.114827   2.07651  0.138506 -0.304049   2.15943  -1.24669
 0.271877 -0.114823   2.07654  0.138506 -0.304077   2.15943   -1.2467
 0.271879 -0.114819   2.07657  0.138507 -0.304106   2.15943   -1.2467
  0.27188 -0.114815   2.07659  0.138508 -0.304134   2.15943   -1.2467
 0.271882 -0.114811   2.07662  0.138509 -0.304162   2.15943   -1.2467
 0.271884 -0.114807   2.07665  0.138509 -0.304191   2.15943   -1.2467
 0.271886 -0.114803   2.07668   0.13851 -0.304219   2.15943   -1.2467
 0.271887 -0.114798    2.0767  0.138511 -0.304248   2.15943   -1.2467
 0.271889 -0.114794   2.07673  0.138511 -0.304276   2.15943   -1.2467
 0.271891  -0.11479   2.07676  0.138512 -0.304305   2.15943   -1.2467
 0.271893 -0.114786   2.07679  0.138513 -0.304333   2.15943   -1.2467
 0.271894 -0.114782   2.07681  0.138513 -0.304361   2.15943   -1.2467
 0.271896 -0.114778   2.07684  0.138514  -0.30439   2.15943   -1.2467
 0.271898 -0.114774   2.07687  0.138515 -0.304418   2.15943   -1.2467
   0.2719 -0.114769    2.0769  0.138515 -0.304447   2.15943   -1.2467
 0.271901 -0.114765   2.07692  0.138516 -0.304475   2.15943   -1.2467
 0.271903 -0.114761   2.07695  0.138517 -0.304504   2.15943   -1.2467
 0.271905 -0.114757   2.07698  0.138517 -0.304532   2.15942  -1.24671
 0.271907 -0.114753   2.07701  0.138518  -0.30456   2.15942  -1.24671
 0.271908 -0.114749   2.07703  0.138519 -0.304589   2.15942  -1.24671
  0.27191 -0.114745   2.07706   0.13852 -0.304617   2.15942  -1.24671
 0.271912  -0.11474   2.07709   0.13852 -0.304646   2.15942  -1.24671
 0.271914 -0.114736   2.07712  0.138521 -0.304674   2.15942  -1.24671
 0.271915 -0.114732   2.07714  0.138522 -0.304703   2.15942  -1.24671
 0.271917 -0.114728   2.07717  0.138522 -0.304731   2.15942  -1.24671
 0.271919 -0.114724    2.0772  0.138523  -0.30476   2.15942  -1.24671
 0.271921  -0.11472   2.07723  0.138524 -0.304788   2.15942  -1.24671
 0.271922 -0.114715   2.07725  0.138525 -0.304816   2.15942  -1.24671
 0.271924 -0.114711   2.07728  0.138525 -0.304845   2.15942  -1.24671
 0.271926 -0.114707   2.07731  0.138526 -0.304873   2.15942  -1.24671
 0.271928 -0.114703   2.07734  0.138527 -0.304902   2.15942  -1.24671
 0.271929 -0.114699   2.07737  0.138528  -0.30493   2.15942  -1.24671
 0.271931 -0.114695   2.07739  0.138528 -0.304959   2.15942  -1.24671
 0.271933 -0.114691   2.07742  0.138529 -0.304987   2.15942  -1.24671
 0.271934 -0.114686   2.07745   0.13853 -0.305016   2.15942  -1.24672
 0.271936 -0.114682   2.07748   0.13853 -0.305044   2.15942  -1.24672
 0.271938 -0.114678    2.0775  0.138531 -0.305072   2.15942  -1.24672
  0.27194 -0.114674   2.07753  0.138532 -0.305101   2.15942  -1.24672
 0.271941  -0.11467   2.07756  0.138533 -0.305129   2.15942  -1.24672
 0.271943 -0.114666   2.07759  0.138533 -0.305158   2.15942  -1.24672
 0.271945 -0.114661   2.07761  0.138534 -0.305186   2.15942  -1.24672
 0.271947 -0.114657   2.07764  0.138535 -0.305215   2.15942  -1.24672
 0.271948 -0.114653   2.07767  0.138536 -0.305243   2.15942  -1.24672
  0.27195 -0.114649    2.0777  0.138536 -0.305272   2.15941  -1.24672
 0.271952 -0.114645   2.07772  0.138537   -0.3053   2.15941  -1.24672
 0.271954 -0.114641   2.07775  0.138538 -0.305329   2.15941  -1.24672
 0.271955 -0.114637   2.07778  0.138539 -0.305357   2.15941  -1.24672
 0.271957 -0.114632   2.07781  0.138539 -0.305385   2.15941  -1.24672
 0.271959 -0.114628   2.07783   0.13854 -0.305414   2.15941  -1.24672
 0.271961 -0.114624   2.07786  0.138541 -0.305442   2.15941  -1.24672
 0.271962  -0.11462   2.07789  0.138542 -0.305471   2.15941  -1.24673
 0.271964 -0.114616   2.07792  0.138542 -0.305499   2.15941  -1.24673
 0.271966 -0.114612   2.07794  0.138543 -0.305528   2.15941  -1.24673
 0.271967 -0.114607   2.07797  0.138544 -0.305556   2.15941  -1.24673
 0.271969 -0.114603     2.078  0.138545 -0.305585   2.15941  -1.24673
 0.271971 -0.114599   2.07803  0.138545 -0.305613   2.15941  -1.24673
 0.271973 -0.114595   2.07805  0.138546 -0.305642   2.15941  -1.24673
 0.271974 -0.114591   2.07808  0.138547  -0.30567   2.15941  -1.24673
 0.271976 -0.114587   2.07811  0.138548 -0.305699   2.15941  -1.24673
 0.271978 -0.114582   2.07814  0.138549 -0.305727   2.15941  -1.24673
  0.27198 -0.114578   2.07816  0.138549 -0.305756   2.15941  -1.24673
 0.271981 -0.114574   2.07819   0.13855 -0.305784   2.15941  -1.24673
 0.271983  -0.11457   2.07822  0.138551 -0.305812   2.15941  -1.24673
 0.271985 -0.114566   2.07825  0.138552 -0.305841   2.15941  -1.24673
 0.271987 -0.114562   2.07828  0.138552 -0.305869   2.15941  -1.24673
 0.271988 -0.114557    2.0783  0.138553 -0.305898   2.15941  -1.24673
  0.27199 -0.114553   2.07833  0.138554 -0.305926   2.15941  -1.24673
 0.271992 -0.114549   2.07836  0.138555 -0.305955    2.1594  -1.24674
 0.271993 -0.114545   2.07839  0.138556 -0.305983    2.1594  -1.24674
 0.271995 -0.114541   2.07841  0.138556 -0.306012    2.1594  -1.24674
 0.271997 -0.114537   2.07844  0.138557  -0.30604    2.1594  -1.24674
 0.271999 -0.114532   2.07847  0.138558 -0.306069    2.1594  -1.24674
    0.272 -0.114528    2.0785  0.138559 -0.306097    2.1594  -1.24674
 0.272002 -0.114524   2.07852  0.138559 -0.306126    2.1594  -1.24674
 0.272004  -0.11452   2.07855   0.13856 -0.306154    2.1594  -1.24674
 0.272005 -0.114516   2.07858  0.138561 -0.306183    2.1594  -1.24674
 0.272007 -0.114511   2.07861  0.138562 -0.306211    2.1594  -1.24674
 0.272009 -0.114507   2.07863  0.138563  -0.30624    2.1594  -1.24674
 0.272011 -0.114503   2.07866  0.138563 -0.306268    2.1594  -1.24674
 0.272012 -0.114499   2.07869  0.138564 -0.306297    2.1594  -1.24674
 0.272014 -0.114495   2.07872  0.138565 -0.306325    2.1594  -1.24674
 0.272016 -0.114491   2.07874  0.138566 -0.306354    2.1594  -1.24674
 0.272018 -0.114486   2.07877  0.138567 -0.306382    2.1594  -1.24674
 0.272019 -0.114482    2.0788  0.138567 -0.306411    2.1594  -1.24674
 0.272021 -0.114478   2.07883  0.138568 -0.306439    2.1594  -1.24675
 0.272023 -0.114474   2.07886  0.138569 -0.306468    2.1594  -1.24675
 0.272024  -0.11447   2.07888   0.13857 -0.306496    2.1594  -1.24675
 0.272026 -0.114466   2.07891  0.138571 -0.306525    2.1594  -1.24675
 0.272028 -0.114461   2.07894  0.138571 -0.306553    2.1594  -1.24675
  0.27203 -0.114457   2.07897  0.138572 -0.306582    2.1594  -1.24675
 0.272031 -0.114453   2.07899  0.138573  -0.30661    2.1594  -1.24675
 0.272033 -0.114449   2.07902  0.138574 -0.306639   2.15939  -1.24675
 0.272035 -0.114445   2.07905  0.138575 -0.306667   2.15939  -1.24675
 0.272037  -0.11444   2.07908  0.138575 -0.306696   2.15939  -1.24675
 0.272038 -0.114436    2.0791  0.138576 -0.306724   2.15939  -1.24675
  0.27204 -0.114432   2.07913  0.138577 -0.306753   2.15939  -1.24675
 0.272042 -0.114428   2.07916  0.138578 -0.306781   2.15939  -1.24675
 0.272043 -0.114424   2.07919  0.138579  -0.30681   2.15939  -1.24675
 0.272045  -0.11442   2.07921  0.138579 -0.306838   2.15939  -1.24675
 0.272047 -0.114415   2.07924   0.13858 -0.306867   2.15939  -1.24675
 0.272049 -0.114411   2.07927  0.138581 -0.306895   2.15939  -1.24675
  0.27205 -0.114407    2.0793  0.138582 -0.306924   2.15939  -1.24676
 0.272052 -0.114403   2.07932  0.138583 -0.306952   2.15939  -1.24676
 0.272054 -0.114399   2.07935  0.138584 -0.306981   2.15939  -1.24676
 0.272055 -0.114394   2.07938  0.138584 -0.307009   2.15939  -1.24676
 0.272057  -0.11439   2.07941  0.138585 -0.307038   2.15939  -1.24676
 0.272059 -0.114386   2.07944  0.138586 -0.307066   2.15939  -1.24676
 0.272061 -0.114382   2.07946  0.138587 -0.307095   2.15939  -1.24676
 0.272062 -0.114378   2.07949  0.138588 -0.307123   2.15939  -1.24676
 0.272064 -0.114374   2.07952  0.138588 -0.307152   2.15939  -1.24676
 0.272066 -0.114369   2.07955  0.138589  -0.30718   2.15939  -1.24676
 0.272067 -0.114365   2.07957   0.13859 -0.307209   2.15939  -1.24676
 0.272069 -0.114361    2.0796  0.138591 -0.307238   2.15939  -1.24676
 0.272071 -0.114357   2.07963  0.138592 -0.307266   2.15939  -1.24676
 0.272073 -0.114353   2.07966  0.138593 -0.307295   2.15938  -1.24676
