 0.0785419 0.00290783  -0.195418
 0.0938228 -0.0011603 -0.0990492
   0.121336 -0.00138362  -0.0216207
   0.147737 0.000104926    0.035642
  0.169078 0.00215396  0.0761373
  0.185222 0.00419884    0.10421
  0.197085 0.00600007   0.123525
   0.20567 0.00748585    0.13678
  0.211814 0.00866379   0.145861
   0.21616 0.00957385    0.15206
 0.219189 0.0102647  0.156266
 0.221261 0.0107827  0.159089
 0.222637 0.0111679   0.16095
 0.223514 0.0114525  0.162144
 0.224033 0.0116618  0.162875
 0.224298 0.0118154  0.163286
 0.224385 0.0119275  0.163478
  0.22435 0.0120092  0.163522
 0.224232 0.0120684  0.163467
 0.224058 0.0121108  0.163348
  0.22385 0.0121408  0.163187
 0.223621 0.0121614  0.163003
0.223381 0.012175 0.162805
 0.223136 0.0121832  0.162602
 0.222892 0.0121873  0.162399
 0.222651 0.0121881  0.162198
 0.222416 0.0121864  0.162003
 0.222187 0.0121827  0.161814
 0.221965 0.0121772  0.161632
 0.221751 0.0121705  0.161457
 0.221543 0.0121626   0.16129
 0.221343 0.0121539  0.161129
  0.22115 0.0121443  0.160975
 0.220964 0.0121342  0.160827
 0.220784 0.0121235  0.160686
 0.220611 0.0121124   0.16055
 0.220443 0.0121009  0.160419
  0.22028 0.0120892  0.160293
 0.220123 0.0120771  0.160172
  0.21997 0.0120649  0.160055
 0.219822 0.0120526  0.159943
 0.219679 0.0120401  0.159834
 0.219539 0.0120275  0.159728
 0.219404 0.0120149  0.159626
 0.219271 0.0120022  0.159527
 0.219143 0.0119895  0.159431
 0.219017 0.0119768  0.159338
 0.218895 0.0119642  0.159247
 0.218776 0.0119516  0.159159
0.218659 0.011939 0.159073
 0.218546 0.0119265  0.158989
0.218434 0.011914 0.158907
 0.218326 0.0119017  0.158827
 0.218219 0.0118894  0.158749
 0.218115 0.0118772  0.158673
 0.218013 0.0118652  0.158598
 0.217913 0.0118532  0.158525
 0.217815 0.0118413  0.158454
 0.217719 0.0118295  0.158384
 0.217625 0.0118179  0.158315
 0.217533 0.0118064  0.158248
0.217443 0.011795 0.158182
 0.217354 0.0117837  0.158118
 0.217267 0.0117725  0.158054
 0.217181 0.0117615  0.157992
 0.217097 0.0117505  0.157931
 0.217014 0.0117397  0.157871
 0.216933 0.0117291  0.157812
 0.216854 0.0117185  0.157754
 0.216775 0.0117081  0.157698
 0.216698 0.0116978  0.157642
 0.216623 0.0116876  0.157587
 0.216548 0.0116775  0.157533
 0.216475 0.0116676   0.15748
 0.216403 0.0116577  0.157428
0.216333 0.011648 0.157376
 0.216263 0.0116385  0.157326
0.216195 0.011629 0.157276
 0.216128 0.0116196  0.157228
 0.216062 0.0116104   0.15718
 0.215996 0.0116013  0.157132
 0.215932 0.0115923  0.157086
 0.215869 0.0115834   0.15704
 0.215807 0.0115746  0.156995
 0.215746 0.0115659  0.156951
 0.215686 0.0115573  0.156907
 0.215627 0.0115489  0.156864
 0.215569 0.0115405  0.156822
 0.215512 0.0115323   0.15678
 0.215455 0.0115241  0.156739
   0.2154 0.0115161  0.156698
 0.215345 0.0115081  0.156659
 0.215291 0.0115003  0.156619
 0.215238 0.0114925  0.156581
 0.215186 0.0114848  0.156543
 0.215135 0.0114773  0.156505
 0.215084 0.0114698  0.156468
 0.215034 0.0114625  0.156432
 0.214985 0.0114552  0.156396
0.214937 0.011448 0.156361
 0.214889 0.0114409  0.156326
 0.214842 0.0114339  0.156292
0.214796 0.011427 0.156258
 0.214751 0.0114201  0.156225
 0.214706 0.0114134  0.156192
 0.214662 0.0114067   0.15616
 0.214618 0.0114001  0.156128
 0.214576 0.0113936  0.156097
 0.214533 0.0113872  0.156066
 0.214492 0.0113809  0.156035
 0.214451 0.0113746  0.156005
  0.21441 0.0113684  0.155976
 0.214371 0.0113623  0.155947
 0.214331 0.0113563  0.155918
 0.214293 0.0113503   0.15589
 0.214255 0.0113444  0.155862
 0.214217 0.0113386  0.155834
  0.21418 0.0113329  0.155807
 0.214144 0.0113272   0.15578
 0.214108 0.0113216  0.155754
 0.214073 0.0113161  0.155728
 0.214038 0.0113106  0.155702
 0.214003 0.0113052  0.155677
  0.21397 0.0112999  0.155652
 0.213936 0.0112947  0.155628
 0.213903 0.0112895  0.155604
 0.213871 0.0112843   0.15558
 0.213839 0.0112793  0.155556
 0.213807 0.0112743  0.155533
 0.213776 0.0112693   0.15551
 0.213746 0.0112644  0.155488
 0.213716 0.0112596  0.155465
 0.213686 0.0112548  0.155443
 0.213656 0.0112501  0.155422
 0.213628 0.0112455    0.1554
 0.213599 0.0112409  0.155379
 0.213571 0.0112364  0.155359
 0.213543 0.0112319  0.155338
 0.213516 0.0112275  0.155318
 0.213489 0.0112231  0.155298
 0.213462 0.0112188  0.155279
 0.213436 0.0112145  0.155259
  0.21341 0.0112103   0.15524
 0.213385 0.0112061  0.155221
 0.21336 0.011202 0.155203
0.213335 0.011198 0.155184
0.213311 0.011194 0.155166
0.213286  0.01119 0.155149
 0.213263 0.0111861  0.155131
 0.213239 0.0111822  0.155114
 0.213216 0.0111784  0.155097
 0.213193 0.0111746   0.15508
 0.213171 0.0111709  0.155063
 0.213149 0.0111672  0.155047
 0.213127 0.0111636   0.15503
0.213105  0.01116 0.155014
 0.213084 0.0111565  0.154999
0.213063 0.011153 0.154983
 0.213042 0.0111495  0.154968
 0.213022 0.0111461  0.154953
 0.213002 0.0111427  0.154938
 0.212982 0.0111394  0.154923
 0.212962 0.0111361  0.154909
 0.212943 0.0111328  0.154894
 0.212924 0.0111296   0.15488
 0.212905 0.0111264  0.154866
 0.212887 0.0111233  0.154852
 0.212868 0.0111202  0.154839
  0.21285 0.0111171  0.154825
 0.212833 0.0111141  0.154812
 0.212815 0.0111111  0.154799
 0.212798 0.0111082  0.154786
 0.212781 0.0111052  0.154773
 0.212764 0.0111024  0.154761
 0.212747 0.0110995  0.154749
 0.212731 0.0110967  0.154736
 0.212714 0.0110939  0.154724
 0.212698 0.0110912  0.154712
 0.212683 0.0110885  0.154701
 0.212667 0.0110858  0.154689
 0.212652 0.0110832  0.154678
 0.212637 0.0110805  0.154666
0.212622 0.011078 0.154655
 0.212607 0.0110754  0.154644
 0.212592 0.0110729  0.154633
 0.212578 0.0110704  0.154623
 0.212564 0.0110679  0.154612
  0.21255 0.0110655  0.154602
 0.212536 0.0110631  0.154591
 0.212522 0.0110607  0.154581
 0.212509 0.0110584  0.154571
 0.212496 0.0110561  0.154561
 0.212483 0.0110538  0.154552
  0.21247 0.0110515  0.154542
 0.212457 0.0110493  0.154532
 0.212444 0.0110471  0.154523
 0.212432 0.0110449  0.154514
  0.21242 0.0110428  0.154505
 0.212408 0.0110406  0.154496
 0.212396 0.0110385  0.154487
 0.212384 0.0110365  0.154478
 0.212372 0.0110344  0.154469
 0.212361 0.0110324  0.154461
 0.212349 0.0110304  0.154452
 0.212338 0.0110284  0.154444
 0.212327 0.0110265  0.154436
 0.212316 0.0110245  0.154427
 0.212306 0.0110226  0.154419
 0.212295 0.0110207  0.154411
 0.212285 0.0110189  0.154404
0.212274 0.011017 0.154396
 0.212264 0.0110152  0.154388
 0.212254 0.0110134  0.154381
 0.212244 0.0110117  0.154373
 0.212234 0.0110099  0.154366
 0.212225 0.0110082  0.154359
 0.212215 0.0110065  0.154352
 0.212206 0.0110048  0.154345
 0.212196 0.0110031  0.154338
 0.212187 0.0110015  0.154331
 0.212178 0.0109998  0.154324
 0.212169 0.0109982  0.154317
  0.21216 0.0109966  0.154311
 0.212151 0.0109951  0.154304
 0.212143 0.0109935  0.154298
0.212134 0.010992 0.154291
 0.212126 0.0109905  0.154285
0.212118 0.010989 0.154279
 0.212109 0.0109875  0.154273
0.212101 0.010986 0.154267
 0.212093 0.0109846  0.154261
 0.212085 0.0109832  0.154255
 0.212078 0.0109818  0.154249
  0.21207 0.0109804  0.154243
0.212062 0.010979 0.154237
 0.212055 0.0109776  0.154232
 0.212047 0.0109763  0.154226
 0.21204 0.010975 0.154221
 0.212033 0.0109737  0.154215
 0.212026 0.0109724   0.15421
 0.212019 0.0109711  0.154205
 0.212012 0.0109698    0.1542
 0.212005 0.0109686  0.154194
 0.211998 0.0109673  0.154189
 0.211992 0.0109661  0.154184
 0.211985 0.0109649  0.154179
 0.211979 0.0109637  0.154175
 0.211972 0.0109626   0.15417
 0.211966 0.0109614  0.154165
 0.211959 0.0109602   0.15416
 0.211953 0.0109591  0.154156
0.211947 0.010958 0.154151
 0.211941 0.0109569  0.154146
 0.211935 0.0109558  0.154142
 0.211929 0.0109547  0.154138
 0.211924 0.0109536  0.154133
 0.211918 0.0109526  0.154129
 0.211912 0.0109515  0.154125
 0.211907 0.0109505  0.154121
 0.211901 0.0109495  0.154116
 0.211896 0.0109485  0.154112
  0.21189 0.0109475  0.154108
 0.211885 0.0109465  0.154104
  0.21188 0.0109456    0.1541
 0.211874 0.0109446  0.154096
 0.211869 0.0109437  0.154093
 0.211864 0.0109427  0.154089
 0.211859 0.0109418  0.154085
 0.211854 0.0109409  0.154081
0.211849  0.01094 0.154078
 0.211845 0.0109391  0.154074
  0.21184 0.0109382  0.154071
 0.211835 0.0109373  0.154067
 0.211831 0.0109365  0.154064
 0.211826 0.0109356   0.15406
 0.211822 0.0109348  0.154057
0.211817 0.010934 0.154053
 0.211813 0.0109332   0.15405
 0.211808 0.0109323  0.154047
 0.211804 0.0109316  0.154044
   0.2118 0.0109308   0.15404
0.211796  0.01093 0.154037
 0.211792 0.0109292  0.154034
 0.211787 0.0109285  0.154031
 0.211783 0.0109277  0.154028
0.211779 0.010927 0.154025
 0.211775 0.0109262  0.154022
 0.211772 0.0109255  0.154019
 0.211768 0.0109248  0.154016
 0.211764 0.0109241  0.154013
  0.21176 0.0109234  0.154011
 0.211757 0.0109227  0.154008
0.211753 0.010922 0.154005
 0.211749 0.0109213  0.154002
 0.211746 0.0109207     0.154
0.211742  0.01092 0.153997
 0.211739 0.0109193  0.153995
 0.211735 0.0109187  0.153992
 0.211732 0.0109181  0.153989
 0.211729 0.0109174  0.153987
 0.211725 0.0109168  0.153984
 0.211722 0.0109162  0.153982
 0.211719 0.0109156   0.15398
0.211716 0.010915 0.153977
 0.211713 0.0109144  0.153975
 0.211709 0.0109138  0.153972
 0.211706 0.0109133   0.15397
 0.211703 0.0109127  0.153968
   0.2117 0.0109121  0.153966
 0.211697 0.0109116  0.153963
0.211694 0.010911 0.153961
 0.211692 0.0109105  0.153959
 0.211689 0.0109099  0.153957
 0.211686 0.0109094  0.153955
 0.211683 0.0109089  0.153953
  0.21168 0.0109084  0.153951
 0.211678 0.0109079  0.153949
 0.211675 0.0109074  0.153947
 0.211672 0.0109069  0.153945
  0.21167 0.0109064  0.153943
 0.211667 0.0109059  0.153941
 0.211665 0.0109054  0.153939
 0.211662 0.0109049  0.153937
  0.21166 0.0109044  0.153935
0.211657 0.010904 0.153933
 0.211655 0.0109035  0.153931
 0.211652 0.0109031   0.15393
  0.21165 0.0109026  0.153928
 0.211648 0.0109022  0.153926
 0.211645 0.0109017  0.153924
 0.211643 0.0109013  0.153923
 0.211641 0.0109009  0.153921
 0.211639 0.0109005  0.153919
0.211636   0.0109 0.153918
 0.211634 0.0108996  0.153916
 0.211632 0.0108992  0.153914
  0.21163 0.0108988  0.153913
 0.211628 0.0108984  0.153911
0.211626 0.010898  0.15391
 0.211624 0.0108976  0.153908
 0.211622 0.0108973  0.153907
  0.21162 0.0108969  0.153905
 0.211618 0.0108965  0.153904
 0.211616 0.0108961  0.153902
 0.211614 0.0108958  0.153901
 0.211612 0.0108954  0.153899
  0.21161 0.0108951  0.153898
 0.211608 0.0108947  0.153897
 0.211607 0.0108944  0.153895
0.211605 0.010894 0.153894
 0.211603 0.0108937  0.153893
 0.211601 0.0108933  0.153891
  0.2116 0.010893  0.15389
 0.211598 0.0108927  0.153889
 0.211596 0.0108924  0.153887
0.211594 0.010892 0.153886
 0.211593 0.0108917  0.153885
 0.211591 0.0108914  0.153884
  0.21159 0.0108911  0.153882
 0.211588 0.0108908  0.153881
 0.211586 0.0108905   0.15388
 0.211585 0.0108902  0.153879
 0.211583 0.0108899  0.153878
 0.211582 0.0108896  0.153877
  0.21158 0.0108893  0.153876
 0.211579 0.0108891  0.153874
 0.211577 0.0108888  0.153873
 0.211576 0.0108885  0.153872
 0.211575 0.0108882  0.153871
0.211573 0.010888  0.15387
 0.211572 0.0108877  0.153869
  0.21157 0.0108874  0.153868
 0.211569 0.0108872  0.153867
 0.211568 0.0108869  0.153866
 0.211566 0.0108867  0.153865
 0.211565 0.0108864  0.153864
 0.211564 0.0108862  0.153863
 0.211562 0.0108859  0.153862
 0.211561 0.0108857  0.153861
  0.21156 0.0108854   0.15386
 0.211559 0.0108852  0.153859
0.211558 0.010885 0.153858
 0.211556 0.0108847  0.153858
 0.211555 0.0108845  0.153857
 0.211554 0.0108843  0.153856
0.211553 0.010884 0.153855
 0.211552 0.0108838  0.153854
 0.211551 0.0108836  0.153853
 0.211549 0.0108834  0.153852
 0.211548 0.0108832  0.153852
0.211547 0.010883 0.153851
 0.211546 0.0108828   0.15385
 0.211545 0.0108826  0.153849
 0.211544 0.0108824  0.153848
 0.211543 0.0108822  0.153848
0.211542 0.010882 0.153847
 0.211541 0.0108818  0.153846
  0.21154 0.0108816  0.153845
 0.211539 0.0108814  0.153845
 0.211538 0.0108812  0.153844
0.211537 0.010881 0.153843
 0.211536 0.0108808  0.153842
 0.211535 0.0108806  0.153842
 0.211534 0.0108805  0.153841
 0.211533 0.0108803   0.15384
 0.211532 0.0108801   0.15384
 0.211532 0.0108799  0.153839
 0.211531 0.0108798  0.153838
  0.21153 0.0108796  0.153838
 0.211529 0.0108794  0.153837
 0.211528 0.0108793  0.153836
 0.211527 0.0108791  0.153836
 0.211526 0.0108789  0.153835
 0.211526 0.0108788  0.153835
 0.211525 0.0108786  0.153834
 0.211524 0.0108785  0.153833
 0.211523 0.0108783  0.153833
 0.211522 0.0108782  0.153832
0.211522 0.010878 0.153832
 0.211521 0.0108779  0.153831
  0.21152 0.0108777   0.15383
 0.211519 0.0108776   0.15383
 0.211519 0.0108774  0.153829
 0.211518 0.0108773  0.153829
 0.211517 0.0108772  0.153828
0.211516 0.010877 0.153828
 0.211516 0.0108769  0.153827
 0.211515 0.0108768  0.153827
 0.211514 0.0108766  0.153826
 0.211514 0.0108765  0.153826
 0.211513 0.0108764  0.153825
 0.211512 0.0108762  0.153825
 0.211512 0.0108761  0.153824
0.211511 0.010876 0.153824
  0.21151 0.0108759  0.153823
  0.21151 0.0108757  0.153823
 0.211509 0.0108756  0.153822
 0.211509 0.0108755  0.153822
 0.211508 0.0108754  0.153821
 0.211507 0.0108753  0.153821
 0.211507 0.0108751  0.153821
0.211506 0.010875  0.15382
 0.211506 0.0108749   0.15382
 0.211505 0.0108748  0.153819
 0.211505 0.0108747  0.153819
 0.211504 0.0108746  0.153818
 0.211503 0.0108745  0.153818
 0.211503 0.0108744  0.153818
 0.211502 0.0108743  0.153817
 0.211502 0.0108742  0.153817
 0.211501 0.0108741  0.153816
0.211501 0.010874 0.153816
   0.2115 0.0108739  0.153816
   0.2115 0.0108738  0.153815
 0.211499 0.0108737  0.153815
 0.211499 0.0108736  0.153815
 0.211498 0.0108735  0.153814
 0.211498 0.0108734  0.153814
 0.211497 0.0108733  0.153814
 0.211497 0.0108732  0.153813
 0.211496 0.0108731  0.153813
0.211496 0.010873 0.153813
 0.211496 0.0108729  0.153812
 0.211495 0.0108729  0.153812
 0.211495 0.0108728  0.153812
 0.211494 0.0108727  0.153811
 0.211494 0.0108726  0.153811
 0.211493 0.0108725  0.153811
 0.211493 0.0108724   0.15381
 0.211493 0.0108724   0.15381
 0.211492 0.0108723   0.15381
 0.211492 0.0108722  0.153809
 0.211491 0.0108721  0.153809
0.211491 0.010872 0.153809
0.211491 0.010872 0.153809
  0.21149 0.0108719  0.153808
  0.21149 0.0108718  0.153808
 0.211489 0.0108717  0.153808
 0.211489 0.0108717  0.153807
 0.211489 0.0108716  0.153807
 0.211488 0.0108715  0.153807
 0.211488 0.0108715  0.153807
 0.211488 0.0108714  0.153806
 0.211487 0.0108713  0.153806
 0.211487 0.0108713  0.153806
 0.211487 0.0108712  0.153806
 0.211486 0.0108711  0.153805
 0.211486 0.0108711  0.153805
0.211486 0.010871 0.153805
 0.211485 0.0108709  0.153805
 0.211485 0.0108709  0.153804
 0.211485 0.0108708  0.153804
 0.211484 0.0108707  0.153804
 0.211484 0.0108707  0.153804
 0.211484 0.0108706  0.153804
 0.211483 0.0108706  0.153803
 0.211483 0.0108705  0.153803
 0.211483 0.0108704  0.153803
 0.211483 0.0108704  0.153803
 0.211482 0.0108703  0.153802
 0.211482 0.0108703  0.153802
 0.211482 0.0108702  0.153802
 0.211481 0.0108702  0.153802
 0.211481 0.0108701  0.153802
 0.211481 0.0108701  0.153801
0.211481  0.01087 0.153801
 0.21148  0.01087 0.153801
  0.21148 0.0108699  0.153801
  0.21148 0.0108699  0.153801
  0.21148 0.0108698  0.153801
 0.211479 0.0108698    0.1538
 0.211479 0.0108697    0.1538
 0.211479 0.0108697    0.1538
 0.211479 0.0108696    0.1538
 0.211478 0.0108696    0.1538
 0.211478 0.0108695  0.153799
 0.211478 0.0108695  0.153799
 0.211478 0.0108694  0.153799
 0.211477 0.0108694  0.153799
 0.211477 0.0108693  0.153799
 0.211477 0.0108693  0.153799
 0.211477 0.0108693  0.153799
 0.211477 0.0108692  0.153798
 0.211476 0.0108692  0.153798
 0.211476 0.0108691  0.153798
 0.211476 0.0108691  0.153798
0.211476 0.010869 0.153798
0.211476 0.010869 0.153798
0.211475 0.010869 0.153797
 0.211475 0.0108689  0.153797
 0.211475 0.0108689  0.153797
 0.211475 0.0108688  0.153797
 0.211475 0.0108688  0.153797
 0.211474 0.0108688  0.153797
 0.211474 0.0108687  0.153797
 0.211474 0.0108687  0.153797
 0.211474 0.0108687  0.153796
 0.211474 0.0108686  0.153796
 0.211473 0.0108686  0.153796
 0.211473 0.0108686  0.153796
 0.211473 0.0108685  0.153796
 0.211473 0.0108685  0.153796
 0.211473 0.0108685  0.153796
 0.211473 0.0108684  0.153796
 0.211472 0.0108684  0.153795
 0.211472 0.0108684  0.153795
 0.211472 0.0108683  0.153795
 0.211472 0.0108683  0.153795
 0.211472 0.0108683  0.153795
 0.211472 0.0108682  0.153795
 0.211472 0.0108682  0.153795
 0.211471 0.0108682  0.153795
 0.211471 0.0108681  0.153795
 0.211471 0.0108681  0.153794
 0.211471 0.0108681  0.153794
 0.211471 0.0108681  0.153794
0.211471 0.010868 0.153794
0.211471 0.010868 0.153794
 0.21147 0.010868 0.153794
  0.21147 0.0108679  0.153794
  0.21147 0.0108679  0.153794
  0.21147 0.0108679  0.153794
  0.21147 0.0108679  0.153794
  0.21147 0.0108678  0.153794
  0.21147 0.0108678  0.153793
 0.211469 0.0108678  0.153793
 0.211469 0.0108678  0.153793
 0.211469 0.0108677  0.153793
 0.211469 0.0108677  0.153793
 0.211469 0.0108677  0.153793
 0.211469 0.0108677  0.153793
 0.211469 0.0108676  0.153793
 0.211469 0.0108676  0.153793
 0.211469 0.0108676  0.153793
 0.211468 0.0108676  0.153793
 0.211468 0.0108676  0.153793
 0.211468 0.0108675  0.153792
 0.211468 0.0108675  0.153792
 0.211468 0.0108675  0.153792
 0.211468 0.0108675  0.153792
 0.211468 0.0108674  0.153792
 0.211468 0.0108674  0.153792
 0.211468 0.0108674  0.153792
 0.211467 0.0108674  0.153792
 0.211467 0.0108674  0.153792
 0.211467 0.0108673  0.153792
 0.211467 0.0108673  0.153792
 0.211467 0.0108673  0.153792
 0.211467 0.0108673  0.153792
 0.211467 0.0108673  0.153792
 0.211467 0.0108673  0.153792
 0.211467 0.0108672  0.153791
 0.211467 0.0108672  0.153791
 0.211467 0.0108672  0.153791
 0.211466 0.0108672  0.153791
 0.211466 0.0108672  0.153791
 0.211466 0.0108671  0.153791
 0.211466 0.0108671  0.153791
 0.211466 0.0108671  0.153791
 0.211466 0.0108671  0.153791
 0.211466 0.0108671  0.153791
 0.211466 0.0108671  0.153791
0.211466 0.010867 0.153791
0.211466 0.010867 0.153791
0.211466 0.010867 0.153791
0.211466 0.010867 0.153791
0.211465 0.010867 0.153791
0.211465 0.010867 0.153791
0.211465 0.010867 0.153791
 0.211465 0.0108669  0.153791
 0.211465 0.0108669   0.15379
 0.211465 0.0108669   0.15379
 0.211465 0.0108669   0.15379
 0.211465 0.0108669   0.15379
 0.211465 0.0108669   0.15379
 0.211465 0.0108669   0.15379
 0.211465 0.0108668   0.15379
 0.211465 0.0108668   0.15379
 0.211465 0.0108668   0.15379
 0.211465 0.0108668   0.15379
 0.211465 0.0108668   0.15379
 0.211464 0.0108668   0.15379
 0.211464 0.0108668   0.15379
 0.211464 0.0108667   0.15379
 0.211464 0.0108667   0.15379
 0.211464 0.0108667   0.15379
 0.211464 0.0108667   0.15379
 0.211464 0.0108667   0.15379
 0.211464 0.0108667   0.15379
 0.211464 0.0108667   0.15379
 0.211464 0.0108667   0.15379
 0.211464 0.0108667   0.15379
 0.211464 0.0108666   0.15379
 0.211464 0.0108666   0.15379
 0.211464 0.0108666   0.15379
 0.211464 0.0108666   0.15379
 0.211464 0.0108666   0.15379
 0.211464 0.0108666  0.153789
 0.211464 0.0108666  0.153789
 0.211464 0.0108666  0.153789
 0.211463 0.0108666  0.153789
 0.211463 0.0108665  0.153789
 0.211463 0.0108665  0.153789
 0.211463 0.0108665  0.153789
 0.211463 0.0108665  0.153789
 0.211463 0.0108665  0.153789
 0.211463 0.0108665  0.153789
 0.211463 0.0108665  0.153789
 0.211463 0.0108665  0.153789
 0.211463 0.0108665  0.153789
 0.211463 0.0108665  0.153789
 0.211463 0.0108665  0.153789
 0.211463 0.0108664  0.153789
 0.211463 0.0108664  0.153789
 0.211463 0.0108664  0.153789
 0.211463 0.0108664  0.153789
 0.211463 0.0108664  0.153789
 0.211463 0.0108664  0.153789
 0.211463 0.0108664  0.153789
 0.211463 0.0108664  0.153789
 0.211463 0.0108664  0.153789
 0.211463 0.0108664  0.153789
 0.211463 0.0108664  0.153789
 0.211463 0.0108664  0.153789
 0.211462 0.0108664  0.153789
 0.211462 0.0108663  0.153789
 0.211462 0.0108663  0.153789
 0.211462 0.0108663  0.153789
 0.211462 0.0108663  0.153789
 0.211462 0.0108663  0.153789
 0.211462 0.0108663  0.153789
 0.211462 0.0108663  0.153789
 0.211462 0.0108663  0.153789
 0.211462 0.0108663  0.153789
 0.211462 0.0108663  0.153789
 0.211462 0.0108663  0.153789
 0.211462 0.0108663  0.153789
 0.211462 0.0108663  0.153789
 0.211462 0.0108663  0.153789
 0.211462 0.0108662  0.153789
 0.211462 0.0108662  0.153789
 0.211462 0.0108662  0.153789
 0.211462 0.0108662  0.153789
 0.211462 0.0108662  0.153789
 0.211462 0.0108662  0.153789
 0.211462 0.0108662  0.153789
 0.211462 0.0108662  0.153789
 0.211462 0.0108662  0.153789
 0.211462 0.0108662  0.153789
 0.211462 0.0108662  0.153789
 0.211462 0.0108662  0.153789
 0.211462 0.0108662  0.153788
 0.211462 0.0108662  0.153788
 0.211462 0.0108662  0.153788
 0.211462 0.0108662  0.153788
 0.211462 0.0108662  0.153788
 0.211462 0.0108662  0.153788
 0.211462 0.0108661  0.153788
 0.211462 0.0108661  0.153788
 0.211462 0.0108661  0.153788
 0.211462 0.0108661  0.153788
 0.211461 0.0108661  0.153788
 0.211461 0.0108661  0.153788
 0.211461 0.0108661  0.153788
 0.211461 0.0108661  0.153788
 0.211461 0.0108661  0.153788
 0.211461 0.0108661  0.153788
 0.211461 0.0108661  0.153788
 0.211461 0.0108661  0.153788
 0.211461 0.0108661  0.153788
 0.211461 0.0108661  0.153788
 0.211461 0.0108661  0.153788
 0.211461 0.0108661  0.153788
 0.211461 0.0108661  0.153788
 0.211461 0.0108661  0.153788
 0.211461 0.0108661  0.153788
 0.211461 0.0108661  0.153788
 0.211461 0.0108661  0.153788
 0.211461 0.0108661  0.153788
 0.211461 0.0108661  0.153788
 0.211461 0.0108661  0.153788
0.211461 0.010866 0.153788
0.211461 0.010866 0.153788
0.211461 0.010866 0.153788
0.211461 0.010866 0.153788
0.211461 0.010866 0.153788
0.211461 0.010866 0.153788
0.211461 0.010866 0.153788
0.211461 0.010866 0.153788
0.211461 0.010866 0.153788
0.211461 0.010866 0.153788
0.211461 0.010866 0.153788
0.211461 0.010866 0.153788
0.211461 0.010866 0.153788
0.211461 0.010866 0.153788
0.211461 0.010866 0.153788
0.211461 0.010866 0.153788
0.211461 0.010866 0.153788
0.211461 0.010866 0.153788
0.211461 0.010866 0.153788
0.211461 0.010866 0.153788
0.211461 0.010866 0.153788
0.211461 0.010866 0.153788
0.211461 0.010866 0.153788
0.211461 0.010866 0.153788
0.211461 0.010866 0.153788
0.211461 0.010866 0.153788
0.211461 0.010866 0.153788
0.211461 0.010866 0.153788
0.211461 0.010866 0.153788
0.211461 0.010866 0.153788
0.211461 0.010866 0.153788
0.211461 0.010866 0.153788
0.211461 0.010866 0.153788
0.211461 0.010866 0.153788
0.211461 0.010866 0.153788
 0.211461 0.0108659  0.153788
 0.211461 0.0108659  0.153788
 0.211461 0.0108659  0.153788
 0.211461 0.0108659  0.153788
 0.211461 0.0108659  0.153788
 0.211461 0.0108659  0.153788
 0.211461 0.0108659  0.153788
 0.211461 0.0108659  0.153788
 0.211461 0.0108659  0.153788
 0.211461 0.0108659  0.153788
 0.211461 0.0108659  0.153788
 0.211461 0.0108659  0.153788
 0.211461 0.0108659  0.153788
 0.211461 0.0108659  0.153788
 0.211461 0.0108659  0.153788
 0.211461 0.0108659  0.153788
 0.211461 0.0108659  0.153788
 0.211461 0.0108659  0.153788
 0.211461 0.0108659  0.153788
 0.211461 0.0108659  0.153788
 0.211461 0.0108659  0.153788
 0.211461 0.0108659  0.153788
 0.211461 0.0108659  0.153788
 0.211461 0.0108659  0.153788
 0.211461 0.0108659  0.153788
 0.211461 0.0108659  0.153788
 0.211461 0.0108659  0.153788
 0.211461 0.0108659  0.153788
 0.211461 0.0108659  0.153788
 0.211461 0.0108659  0.153788
 0.211461 0.0108659  0.153788
 0.211461 0.0108659  0.153788
 0.211461 0.0108659  0.153788
 0.211461 0.0108659  0.153788
 0.211461 0.0108659  0.153788
 0.211461 0.0108659  0.153788
 0.211461 0.0108659  0.153788
 0.211461 0.0108659  0.153788
  0.21146 0.0108659  0.153788
  0.21146 0.0108659  0.153788
  0.21146 0.0108659  0.153788
  0.21146 0.0108659  0.153788
  0.21146 0.0108659  0.153788
  0.21146 0.0108659  0.153788
  0.21146 0.0108659  0.153788
  0.21146 0.0108659  0.153788
  0.21146 0.0108659  0.153788
  0.21146 0.0108659  0.153788
  0.21146 0.0108659  0.153788
  0.21146 0.0108659  0.153788
  0.21146 0.0108659  0.153789
  0.21146 0.0108659  0.153789
  0.21146 0.0108659  0.153789
  0.21146 0.0108659  0.153789
  0.21146 0.0108659  0.153789
  0.21146 0.0108659  0.153789
  0.21146 0.0108659  0.153789
  0.21146 0.0108659  0.153789
  0.21146 0.0108659  0.153789
  0.21146 0.0108659  0.153789
  0.21146 0.0108659  0.153789
  0.21146 0.0108659  0.153789
  0.21146 0.0108659  0.153789
  0.21146 0.0108659  0.153789
  0.21146 0.0108659  0.153789
  0.21146 0.0108659  0.153789
  0.21146 0.0108659  0.153789
  0.21146 0.0108659  0.153789
  0.21146 0.0108658  0.153789
  0.21146 0.0108658  0.153789
  0.21146 0.0108658  0.153789
  0.21146 0.0108658  0.153789
  0.21146 0.0108658  0.153789
  0.21146 0.0108658  0.153789
  0.21146 0.0108658  0.153789
  0.21146 0.0108658  0.153789
  0.21146 0.0108658  0.153789
  0.21146 0.0108658  0.153789
  0.21146 0.0108658  0.153789
  0.21146 0.0108658  0.153789
  0.21146 0.0108658  0.153789
  0.21146 0.0108658  0.153789
  0.21146 0.0108658  0.153789
  0.21146 0.0108658  0.153789
  0.21146 0.0108658  0.153789
  0.21146 0.0108658  0.153789
  0.21146 0.0108658  0.153789
  0.21146 0.0108658  0.153789
  0.21146 0.0108658  0.153789
  0.21146 0.0108658  0.153789
  0.21146 0.0108658  0.153789
  0.21146 0.0108658  0.153789
  0.21146 0.0108658  0.153789
  0.21146 0.0108658  0.153789
  0.21146 0.0108658  0.153789
  0.21146 0.0108658  0.153789
  0.21146 0.0108658  0.153789
  0.21146 0.0108658  0.153789
  0.21146 0.0108658  0.153789
  0.21146 0.0108658  0.153789
  0.21146 0.0108658  0.153789
  0.21146 0.0108658  0.153789
  0.21146 0.0108658  0.153789
  0.21146 0.0108658  0.153789
  0.21146 0.0108658  0.153789
  0.21146 0.0108658  0.153789
  0.21146 0.0108658  0.153789
  0.21146 0.0108658  0.153789
  0.21146 0.0108658  0.153789
  0.21146 0.0108658  0.153789
  0.21146 0.0108658  0.153789
  0.21146 0.0108658  0.153789
  0.21146 0.0108658  0.153789
  0.21146 0.0108658  0.153789
  0.21146 0.0108658  0.153789
  0.21146 0.0108658  0.153789
  0.21146 0.0108658  0.153789
  0.21146 0.0108658  0.153789
  0.21146 0.0108658  0.153789
  0.21146 0.0108658  0.153789
  0.21146 0.0108658  0.153789
  0.21146 0.0108658  0.153789
  0.21146 0.0108658  0.153789
  0.21146 0.0108658  0.153789
  0.21146 0.0108658  0.153789
  0.21146 0.0108658  0.153789
  0.21146 0.0108658  0.153789
  0.21146 0.0108658  0.153789
  0.21146 0.0108658  0.153789
  0.21146 0.0108658  0.153789
  0.21146 0.0108658  0.153789
  0.21146 0.0108658  0.153789
  0.21146 0.0108658  0.153789
  0.21146 0.0108658  0.153789
  0.21146 0.0108658  0.153789
  0.21146 0.0108658  0.153789
  0.21146 0.0108658  0.153789
  0.21146 0.0108658  0.153789
  0.21146 0.0108658  0.153789
  0.21146 0.0108658  0.153789
  0.21146 0.0108658  0.153789
  0.21146 0.0108658  0.153789
  0.21146 0.0108658  0.153789
  0.21146 0.0108658  0.153789
  0.21146 0.0108658  0.153789
  0.21146 0.0108658  0.153789
  0.21146 0.0108658  0.153789
  0.21146 0.0108658  0.153789
  0.21146 0.0108658  0.153789
  0.21146 0.0108658  0.153789
  0.21146 0.0108658  0.153789
  0.21146 0.0108658  0.153789
  0.21146 0.0108658  0.153789
  0.21146 0.0108658  0.153789
  0.21146 0.0108658  0.153789
  0.21146 0.0108658  0.153789
  0.21146 0.0108658  0.153789
  0.21146 0.0108658  0.153789
  0.21146 0.0108658  0.153789
  0.21146 0.0108658  0.153789
  0.21146 0.0108658  0.153789
  0.21146 0.0108658  0.153789
  0.21146 0.0108658  0.153789
  0.21146 0.0108658  0.153789
  0.21146 0.0108658  0.153789
  0.21146 0.0108658  0.153789
  0.21146 0.0108658  0.153789
 0.211461 0.0108658   0.15379
 0.211461 0.0108658   0.15379
 0.211461 0.0108658   0.15379
 0.211461 0.0108658   0.15379
 0.211461 0.0108658   0.15379
 0.211461 0.0108658   0.15379
 0.211461 0.0108658   0.15379
 0.211461 0.0108658   0.15379
 0.211461 0.0108658   0.15379
 0.211461 0.0108658   0.15379
 0.211461 0.0108658   0.15379
 0.211461 0.0108658   0.15379
 0.211461 0.0108658   0.15379
 0.211461 0.0108658   0.15379
 0.211461 0.0108658   0.15379
 0.211461 0.0108658   0.15379
 0.211461 0.0108658   0.15379
 0.211461 0.0108658   0.15379
 0.211461 0.0108658   0.15379
 0.211461 0.0108658   0.15379
 0.211461 0.0108658   0.15379
 0.211461 0.0108658   0.15379
 0.211461 0.0108658   0.15379
 0.211461 0.0108658   0.15379
 0.211461 0.0108658   0.15379
 0.211461 0.0108658   0.15379
 0.211461 0.0108658   0.15379
 0.211461 0.0108658   0.15379
 0.211461 0.0108658   0.15379
 0.211461 0.0108658   0.15379
 0.211461 0.0108658   0.15379
 0.211461 0.0108658   0.15379
 0.211461 0.0108658   0.15379
 0.211461 0.0108658   0.15379
 0.211461 0.0108658   0.15379
 0.211461 0.0108658   0.15379
 0.211461 0.0108658   0.15379
 0.211461 0.0108658   0.15379
 0.211461 0.0108658   0.15379
 0.211461 0.0108658   0.15379
 0.211461 0.0108658   0.15379
 0.211461 0.0108658   0.15379
 0.211461 0.0108658   0.15379
 0.211461 0.0108658   0.15379
 0.211461 0.0108658   0.15379
 0.211461 0.0108658   0.15379
 0.211461 0.0108658   0.15379
 0.211461 0.0108658   0.15379
 0.211461 0.0108658   0.15379
 0.211461 0.0108658   0.15379
 0.211461 0.0108658   0.15379
 0.211461 0.0108658   0.15379
 0.211461 0.0108658   0.15379
 0.211461 0.0108658   0.15379
 0.211461 0.0108658   0.15379
 0.211461 0.0108658   0.15379
 0.211461 0.0108658   0.15379
 0.211461 0.0108658   0.15379
 0.211461 0.0108658   0.15379
 0.211461 0.0108658   0.15379
 0.211461 0.0108658   0.15379
 0.211461 0.0108658   0.15379
 0.211461 0.0108658   0.15379
 0.211461 0.0108658   0.15379
 0.211461 0.0108658   0.15379
 0.211461 0.0108658   0.15379
 0.211461 0.0108658   0.15379
 0.211461 0.0108658   0.15379
 0.211461 0.0108658   0.15379
 0.211461 0.0108658   0.15379
 0.211461 0.0108658   0.15379
 0.211461 0.0108658   0.15379
 0.211461 0.0108658   0.15379
 0.211461 0.0108658   0.15379
 0.211461 0.0108658   0.15379
 0.211461 0.0108658   0.15379
 0.211461 0.0108658   0.15379
