 0.0873959 -0.0873769    2.04374   0.325308  -0.294647    1.99265   -1.23506
  0.141067 -0.0810347    2.05022   0.353428  -0.279986    2.01805   -1.23133
  0.176449 -0.0758669    2.05387   0.368419  -0.270345    2.03267   -1.22851
  0.200056 -0.0719629    2.05605   0.375667  -0.263982    2.04132   -1.22639
  0.216116 -0.0692145    2.05743   0.378348  -0.259779     2.0466   -1.22483
  0.227324 -0.0674331    2.05834   0.378345  -0.257015    2.04999    -1.2237
  0.235392 -0.0664163    2.05897   0.376778  -0.255216    2.05231   -1.22292
  0.241405 -0.0659798    2.05941   0.374312   -0.25407    2.05405   -1.22239
  0.246058 -0.0659699    2.05972   0.371344  -0.253367    2.05549   -1.22207
  0.249794 -0.0662644    2.05995   0.368108  -0.252966    2.05678   -1.22189
    0.2529 -0.0667701    2.06012   0.364744  -0.252772    2.05803   -1.22183
  0.255565 -0.0674176    2.06025   0.361333  -0.252719    2.05927   -1.22186
  0.257912 -0.0681561    2.06034   0.357921  -0.252762    2.06054   -1.22196
  0.260026 -0.0689496    2.06042   0.354536  -0.252872    2.06183    -1.2221
  0.261963 -0.0697726    2.06048   0.351192  -0.253027    2.06316   -1.22229
  0.263763 -0.0706076    2.06053   0.347897  -0.253213    2.06452    -1.2225
  0.265453 -0.0714429    2.06056   0.344654  -0.253419     2.0659   -1.22274
  0.267054 -0.0722706    2.06059   0.341466   -0.25364     2.0673     -1.223
   0.26858 -0.0730858    2.06062   0.338331  -0.253869    2.06872   -1.22327
  0.270043 -0.0738857    2.06064   0.335249  -0.254105    2.07016   -1.22355
  0.271452 -0.0746686    2.06065   0.332219  -0.254344    2.07159   -1.22384
  0.272813 -0.0754338    2.06066    0.32924  -0.254584    2.07303   -1.22415
  0.274132 -0.0761812    2.06067   0.326311  -0.254826    2.07447   -1.22445
 0.275412 -0.076911   2.06068   0.32343 -0.255067    2.0759  -1.22476
  0.276658 -0.0776238    2.06069   0.320596  -0.255308    2.07733   -1.22508
  0.277873 -0.0783202    2.06069   0.317808  -0.255548    2.07875   -1.22539
  0.279059 -0.0790007    2.06069   0.315066  -0.255787    2.08016   -1.22571
  0.280217 -0.0796662    2.06069   0.312367  -0.256024    2.08155   -1.22603
  0.281351 -0.0803172    2.06069   0.309711  -0.256259    2.08293   -1.22635
  0.282461 -0.0809545    2.06069   0.307098  -0.256493     2.0843   -1.22667
  0.283549 -0.0815785    2.06069   0.304526  -0.256725    2.08565   -1.22698
 0.284615  -0.08219   2.06068  0.301994 -0.256956   2.08699   -1.2273
  0.285662 -0.0827894    2.06068   0.299503  -0.257184    2.08831   -1.22762
  0.286689 -0.0833772    2.06067    0.29705  -0.257411    2.08961   -1.22793
  0.287698 -0.0839538    2.06067   0.294635  -0.257635     2.0909   -1.22825
  0.288689 -0.0845198    2.06066   0.292258  -0.257858    2.09216   -1.22856
  0.289663 -0.0850753    2.06065   0.289918  -0.258078    2.09341   -1.22886
   0.29062 -0.0856209    2.06065   0.287614  -0.258297    2.09465   -1.22917
  0.291562 -0.0861567    2.06064   0.285346  -0.258513    2.09586   -1.22947
  0.292487 -0.0866832    2.06063   0.283113  -0.258728    2.09706   -1.22978
  0.293398 -0.0872006    2.06062   0.280914   -0.25894    2.09824   -1.23007
  0.294294 -0.0877091    2.06061   0.278749  -0.259151     2.0994   -1.23037
 0.295176 -0.088209    2.0606  0.276618  -0.25936   2.10055  -1.23066
  0.296043 -0.0887005    2.06059   0.274519  -0.259566    2.10168   -1.23095
  0.296897 -0.0891838    2.06058   0.272452  -0.259771    2.10279   -1.23124
  0.297738 -0.0896591    2.06057   0.270417  -0.259973    2.10389   -1.23152
  0.298565 -0.0901267    2.06056   0.268413  -0.260174    2.10496    -1.2318
  0.299379 -0.0905865    2.06055    0.26644  -0.260372    2.10603   -1.23208
 0.300181 -0.091039   2.06054  0.264497 -0.260569   2.10707  -1.23235
   0.30097 -0.0914841    2.06053   0.262584  -0.260763     2.1081   -1.23262
 0.301747 -0.091922   2.06052    0.2607 -0.260956   2.10912  -1.23289
 0.302512 -0.092353   2.06051  0.258845 -0.261147   2.11011  -1.23315
  0.303266 -0.0927771     2.0605   0.257018  -0.261335     2.1111   -1.23342
  0.304008 -0.0931944    2.06049   0.255219  -0.261522    2.11207   -1.23367
  0.304738 -0.0936051    2.06048   0.253447  -0.261707    2.11302   -1.23393
  0.305457 -0.0940093    2.06047   0.251702  -0.261891    2.11396   -1.23418
  0.306166 -0.0944071    2.06046   0.249984  -0.262072    2.11488   -1.23443
  0.306863 -0.0947987    2.06045   0.248292  -0.262251    2.11579   -1.23467
   0.30755 -0.0951841    2.06044   0.246626  -0.262429    2.11669   -1.23491
  0.308227 -0.0955635    2.06043   0.244985  -0.262605    2.11757   -1.23515
 0.308893 -0.095937   2.06042  0.243369 -0.262779   2.11844  -1.23539
  0.309549 -0.0963046    2.06042   0.241777  -0.262951     2.1193   -1.23562
  0.310196 -0.0966664    2.06041    0.24021  -0.263121    2.12014   -1.23585
  0.310832 -0.0970226     2.0604   0.238667   -0.26329    2.12097   -1.23608
  0.311459 -0.0973733    2.06039   0.237147  -0.263457    2.12179    -1.2363
  0.312076 -0.0977185    2.06038    0.23565  -0.263622    2.12259   -1.23652
  0.312684 -0.0980584    2.06038   0.234176  -0.263786    2.12338   -1.23674
  0.313283 -0.0983929    2.06037   0.232724  -0.263948    2.12416   -1.23696
  0.313873 -0.0987223    2.06036   0.231294  -0.264108    2.12493   -1.23717
  0.314453 -0.0990465    2.06036   0.229886  -0.264267    2.12569   -1.23738
  0.315026 -0.0993658    2.06035   0.228499  -0.264424    2.12643   -1.23758
 0.315589  -0.09968   2.06035  0.227133 -0.264579   2.12716  -1.23779
  0.316144 -0.0999894    2.06034   0.225788  -0.264733    2.12789   -1.23799
  0.31669 -0.100294   2.06034  0.224464 -0.264886    2.1286  -1.23819
 0.317229 -0.100594   2.06033  0.223159 -0.265036    2.1293  -1.23838
 0.317759 -0.100889   2.06033  0.221874 -0.265186   2.12999  -1.23858
 0.318281  -0.10118   2.06033  0.220609 -0.265334   2.13066  -1.23877
 0.318796 -0.101466   2.06032  0.219362  -0.26548   2.13133  -1.23895
 0.319302 -0.101748   2.06032  0.218135 -0.265625   2.13199  -1.23914
 0.319801 -0.102025   2.06032  0.216926 -0.265768   2.13264  -1.23932
 0.320293 -0.102298   2.06032  0.215736  -0.26591   2.13328   -1.2395
 0.320777 -0.102567   2.06031  0.214563 -0.266051    2.1339  -1.23968
 0.321253 -0.102832   2.06031  0.213408  -0.26619   2.13452  -1.23986
 0.321723 -0.103092   2.06031  0.212271 -0.266328   2.13513  -1.24003
 0.322186 -0.103349   2.06031  0.211151 -0.266464   2.13573   -1.2402
 0.322641 -0.103602   2.06031  0.210048 -0.266599   2.13632  -1.24037
  0.32309  -0.10385   2.06031  0.208961 -0.266733    2.1369  -1.24053
 0.323532 -0.104095   2.06031  0.207891 -0.266865   2.13748   -1.2407
 0.323967 -0.104336   2.06031  0.206837 -0.266996   2.13804  -1.24086
 0.324396 -0.104573   2.06031    0.2058 -0.267126    2.1386  -1.24102
 0.324819 -0.104807   2.06031  0.204777 -0.267255   2.13914  -1.24117
 0.325235 -0.105037   2.06032   0.20377 -0.267382   2.13968  -1.24133
 0.325645 -0.105264   2.06032  0.202779 -0.267508   2.14021  -1.24148
 0.326048 -0.105487   2.06032  0.201802 -0.267633   2.14074  -1.24163
 0.326446 -0.105706   2.06032   0.20084 -0.267757   2.14125  -1.24178
 0.326837 -0.105922   2.06033  0.199893  -0.26788   2.14176  -1.24192
 0.327223 -0.106135   2.06033   0.19896 -0.268001   2.14226  -1.24207
 0.327603 -0.106344   2.06034  0.198041 -0.268121   2.14275  -1.24221
 0.327977 -0.106551   2.06034  0.197136  -0.26824   2.14323  -1.24235
 0.328346 -0.106754   2.06034  0.196245 -0.268358   2.14371  -1.24249
 0.328709 -0.106953   2.06035  0.195367 -0.268475   2.14418  -1.24263
 0.329067  -0.10715   2.06036  0.194502 -0.268591   2.14464  -1.24276
 0.329419 -0.107344   2.06036   0.19365 -0.268706   2.14509  -1.24289
 0.329766 -0.107535   2.06037  0.192812  -0.26882   2.14554  -1.24302
 0.330108 -0.107722   2.06037  0.191986 -0.268932   2.14598  -1.24315
 0.330445 -0.107907   2.06038  0.191172 -0.269044   2.14642  -1.24328
 0.330777 -0.108089   2.06039  0.190371 -0.269154   2.14684   -1.2434
 0.331103 -0.108268    2.0604  0.189581 -0.269264   2.14727  -1.24353
 0.331425 -0.108444   2.06041  0.188804 -0.269373   2.14768  -1.24365
 0.331742 -0.108618   2.06041  0.188038  -0.26948   2.14809  -1.24377
 0.332054 -0.108789   2.06042  0.187284 -0.269587   2.14849  -1.24389
 0.332362 -0.108957   2.06043  0.186542 -0.269692   2.14889    -1.244
 0.332665 -0.109123   2.06044   0.18581 -0.269797   2.14928  -1.24412
 0.332963 -0.109286   2.06045   0.18509 -0.269901   2.14966  -1.24423
 0.333257 -0.109446   2.06046   0.18438 -0.270004   2.15004  -1.24434
 0.333547 -0.109604   2.06047  0.183681 -0.270106   2.15041  -1.24445
 0.333832  -0.10976   2.06048  0.182993 -0.270207   2.15078  -1.24456
 0.334113 -0.109913   2.06049  0.182315 -0.270307   2.15114  -1.24467
  0.33439 -0.110063   2.06051  0.181647 -0.270407    2.1515  -1.24478
 0.334663 -0.110212   2.06052   0.18099 -0.270505   2.15185  -1.24488
 0.334931 -0.110358   2.06053  0.180342 -0.270603   2.15219  -1.24498
 0.335196 -0.110501   2.06054  0.179704   -0.2707   2.15253  -1.24508
 0.335457 -0.110643   2.06055  0.179076 -0.270796   2.15287  -1.24518
 0.335713 -0.110782   2.06057  0.178457 -0.270891    2.1532  -1.24528
 0.335966 -0.110919   2.06058  0.177847 -0.270985   2.15352  -1.24538
 0.336215 -0.111054    2.0606  0.177247 -0.271079   2.15384  -1.24547
 0.336461 -0.111187   2.06061  0.176656 -0.271172   2.15416  -1.24557
 0.336703 -0.111318   2.06062  0.176074 -0.271264   2.15447  -1.24566
 0.336941 -0.111446   2.06064    0.1755 -0.271355   2.15478  -1.24575
 0.337175 -0.111573   2.06065  0.174935 -0.271446   2.15508  -1.24584
 0.337406 -0.111697   2.06067  0.174379 -0.271536   2.15537  -1.24593
 0.337634  -0.11182   2.06068  0.173831 -0.271625   2.15566  -1.24602
 0.337858 -0.111941    2.0607  0.173291 -0.271713   2.15595  -1.24611
 0.338079  -0.11206   2.06072  0.172759 -0.271801   2.15624  -1.24619
 0.338297 -0.112177   2.06073  0.172236 -0.271888   2.15651  -1.24627
 0.338511 -0.112292   2.06075   0.17172 -0.271975   2.15679  -1.24636
 0.338722 -0.112405   2.06077  0.171212  -0.27206   2.15706  -1.24644
 0.338931 -0.112517   2.06078  0.170712 -0.272145   2.15733  -1.24652
 0.339135 -0.112626    2.0608  0.170219  -0.27223   2.15759   -1.2466
 0.339337 -0.112734   2.06082  0.169734 -0.272313   2.15785  -1.24668
 0.339536 -0.112841   2.06084  0.169256 -0.272397    2.1581  -1.24675
 0.339732 -0.112945   2.06086  0.168786 -0.272479   2.15835  -1.24683
 0.339925 -0.113048   2.06087  0.168322 -0.272561    2.1586   -1.2469
 0.340115  -0.11315   2.06089  0.167865 -0.272642   2.15884  -1.24698
 0.340303 -0.113249   2.06091  0.167416 -0.272723   2.15908  -1.24705
 0.340487 -0.113347   2.06093  0.166973 -0.272803   2.15932  -1.24712
 0.340669 -0.113444   2.06095  0.166536 -0.272882   2.15955  -1.24719
 0.340848 -0.113539   2.06097  0.166107 -0.272961   2.15978  -1.24726
 0.341024 -0.113633   2.06099  0.165683  -0.27304      2.16  -1.24733
 0.341198 -0.113725   2.06101  0.165267 -0.273117   2.16022   -1.2474
 0.341369 -0.113815   2.06103  0.164856 -0.273195   2.16044  -1.24747
 0.341538 -0.113904   2.06105  0.164452 -0.273271   2.16066  -1.24753
 0.341704 -0.113992   2.06108  0.164054 -0.273347   2.16087   -1.2476
 0.341868 -0.114078    2.0611  0.163661 -0.273423   2.16108  -1.24766
 0.342029 -0.114163   2.06112  0.163275 -0.273498   2.16128  -1.24772
 0.342188 -0.114247   2.06114  0.162894 -0.273573   2.16149  -1.24779
 0.342345 -0.114329   2.06116   0.16252 -0.273647   2.16168  -1.24785
0.342499 -0.11441  2.06118 0.162151 -0.27372  2.16188 -1.24791
 0.342651 -0.114489   2.06121  0.161787 -0.273793   2.16207  -1.24797
   0.3428 -0.114567   2.06123  0.161429 -0.273866   2.16226  -1.24802
 0.342948 -0.114644   2.06125  0.161076 -0.273938   2.16245  -1.24808
0.343093 -0.11472  2.06128 0.160729 -0.27401  2.16264 -1.24814
 0.343236 -0.114795    2.0613  0.160387 -0.274081   2.16282   -1.2482
 0.343377 -0.114868   2.06132   0.16005 -0.274152     2.163  -1.24825
 0.343516  -0.11494   2.06135  0.159718 -0.274222   2.16317   -1.2483
 0.343653 -0.115011   2.06137  0.159392 -0.274292   2.16335  -1.24836
 0.343788 -0.115081   2.06139   0.15907 -0.274361   2.16352  -1.24841
0.343921 -0.11515  2.06142 0.158753 -0.27443  2.16369 -1.24846
 0.344051 -0.115217   2.06144   0.15844 -0.274499   2.16385  -1.24852
  0.34418 -0.115284   2.06147  0.158133 -0.274567   2.16402  -1.24857
 0.344307 -0.115349   2.06149   0.15783 -0.274635   2.16418  -1.24862
 0.344432 -0.115414   2.06152  0.157532 -0.274702   2.16434  -1.24867
 0.344556 -0.115477   2.06154  0.157238 -0.274769   2.16449  -1.24871
 0.344677 -0.115539   2.06157  0.156948 -0.274836   2.16465  -1.24876
 0.344797   -0.1156    2.0616  0.156663 -0.274902    2.1648  -1.24881
 0.344915  -0.11566   2.06162  0.156383 -0.274967   2.16495  -1.24886
 0.345031  -0.11572   2.06165  0.156106 -0.275033   2.16509   -1.2489
 0.345145 -0.115778   2.06167  0.155834 -0.275098   2.16524  -1.24895
 0.345258 -0.115835    2.0617  0.155566 -0.275163   2.16538  -1.24899
 0.345369 -0.115891   2.06173  0.155302 -0.275227   2.16552  -1.24903
 0.345479 -0.115947   2.06175  0.155042 -0.275291   2.16566  -1.24908
 0.345587 -0.116001   2.06178  0.154785 -0.275354   2.16579  -1.24912
 0.345693 -0.116055   2.06181  0.154533 -0.275418   2.16593  -1.24916
 0.345798 -0.116108   2.06184  0.154284  -0.27548   2.16606   -1.2492
 0.345901 -0.116159   2.06186   0.15404 -0.275543   2.16619  -1.24924
 0.346002  -0.11621   2.06189  0.153799 -0.275605   2.16632  -1.24928
 0.346103  -0.11626   2.06192  0.153561 -0.275667   2.16644  -1.24932
 0.346201  -0.11631   2.06195  0.153327 -0.275729   2.16657  -1.24936
 0.346298 -0.116358   2.06197  0.153097  -0.27579   2.16669   -1.2494
 0.346394 -0.116406     2.062   0.15287 -0.275851   2.16681  -1.24944
 0.346489 -0.116452   2.06203  0.152647 -0.275912   2.16693  -1.24948
 0.346582 -0.116498   2.06206  0.152427 -0.275972   2.16705  -1.24951
 0.346673 -0.116544   2.06209   0.15221 -0.276032   2.16716  -1.24955
 0.346764 -0.116588   2.06212  0.151997 -0.276092   2.16728  -1.24959
 0.346853 -0.116632   2.06215  0.151786 -0.276151   2.16739  -1.24962
  0.34694 -0.116675   2.06217  0.151579  -0.27621    2.1675  -1.24966
 0.347027 -0.116717    2.0622  0.151375 -0.276269   2.16761  -1.24969
 0.347112 -0.116759   2.06223  0.151175 -0.276328   2.16771  -1.24972
 0.347196 -0.116799   2.06226  0.150977 -0.276386   2.16782  -1.24976
 0.347278 -0.116839   2.06229  0.150782 -0.276444   2.16792  -1.24979
  0.34736 -0.116879   2.06232   0.15059 -0.276502   2.16802  -1.24982
  0.34744 -0.116918   2.06235  0.150401  -0.27656   2.16812  -1.24986
 0.347519 -0.116956   2.06238  0.150215 -0.276617   2.16822  -1.24989
 0.347597 -0.116993   2.06241  0.150032 -0.276674   2.16832  -1.24992
 0.347674  -0.11703   2.06244  0.149851 -0.276731   2.16841  -1.24995
 0.347749 -0.117066   2.06247  0.149674 -0.276787   2.16851  -1.24998
 0.347824 -0.117101    2.0625  0.149499 -0.276843    2.1686  -1.25001
 0.347897 -0.117136   2.06253  0.149326   -0.2769   2.16869  -1.25004
  0.34797 -0.117171   2.06256  0.149156 -0.276955   2.16878  -1.25007
 0.348041 -0.117204    2.0626  0.148989 -0.277011   2.16887  -1.25009
 0.348111 -0.117237   2.06263  0.148824 -0.277066   2.16896  -1.25012
 0.348181  -0.11727   2.06266  0.148662 -0.277121   2.16905  -1.25015
 0.348249 -0.117302   2.06269  0.148503 -0.277176   2.16913  -1.25018
 0.348316 -0.117333   2.06272  0.148345 -0.277231   2.16921   -1.2502
 0.348383 -0.117364   2.06275   0.14819 -0.277285    2.1693  -1.25023
 0.348448 -0.117394   2.06278  0.148038  -0.27734   2.16938  -1.25026
 0.348512 -0.117424   2.06281  0.147887 -0.277394   2.16946  -1.25028
 0.348576 -0.117453   2.06285  0.147739 -0.277448   2.16953  -1.25031
 0.348638 -0.117481   2.06288  0.147593 -0.277501   2.16961  -1.25033
   0.3487  -0.11751   2.06291   0.14745 -0.277555   2.16969  -1.25036
 0.348761 -0.117537   2.06294  0.147309 -0.277608   2.16976  -1.25038
 0.348821 -0.117564   2.06297  0.147169 -0.277661   2.16984  -1.25041
  0.34888 -0.117591   2.06301  0.147032 -0.277714   2.16991  -1.25043
 0.348938 -0.117617   2.06304  0.146897 -0.277767   2.16998  -1.25045
 0.348995 -0.117643   2.06307  0.146764 -0.277819   2.17005  -1.25048
 0.349051 -0.117668    2.0631  0.146633 -0.277871   2.17012   -1.2505
 0.349107 -0.117692   2.06314  0.146504 -0.277924   2.17019  -1.25052
 0.349162 -0.117717   2.06317  0.146377 -0.277976   2.17026  -1.25054
 0.349216 -0.117741    2.0632  0.146252 -0.278027   2.17032  -1.25056
 0.349269 -0.117764   2.06324  0.146129 -0.278079   2.17039  -1.25059
 0.349322 -0.117787   2.06327  0.146007  -0.27813   2.17045  -1.25061
 0.349374 -0.117809    2.0633  0.145888 -0.278182   2.17052  -1.25063
 0.349425 -0.117831   2.06333   0.14577 -0.278233   2.17058  -1.25065
 0.349475 -0.117853   2.06337  0.145654 -0.278284   2.17064  -1.25067
 0.349524 -0.117874    2.0634   0.14554 -0.278334    2.1707  -1.25069
 0.349573 -0.117895   2.06343  0.145428 -0.278385   2.17076  -1.25071
 0.349622 -0.117915   2.06347  0.145317 -0.278436   2.17082  -1.25073
 0.349669 -0.117935    2.0635  0.145208 -0.278486   2.17088  -1.25075
 0.349716 -0.117955   2.06354    0.1451 -0.278536   2.17093  -1.25077
 0.349762 -0.117974   2.06357  0.144995 -0.278586   2.17099  -1.25078
 0.349807 -0.117993    2.0636  0.144891 -0.278636   2.17105   -1.2508
 0.349852 -0.118012   2.06364  0.144788 -0.278686    2.1711  -1.25082
 0.349896  -0.11803   2.06367  0.144687 -0.278735   2.17115  -1.25084
  0.34994 -0.118048    2.0637  0.144588 -0.278785   2.17121  -1.25086
 0.349983 -0.118065   2.06374   0.14449 -0.278834   2.17126  -1.25087
 0.350025 -0.118082   2.06377  0.144393 -0.278883   2.17131  -1.25089
 0.350067 -0.118099   2.06381  0.144298 -0.278932   2.17136  -1.25091
 0.350108 -0.118115   2.06384  0.144205 -0.278981   2.17141  -1.25092
 0.350148 -0.118131   2.06388  0.144113  -0.27903   2.17146  -1.25094
 0.350188 -0.118147   2.06391  0.144022 -0.279079   2.17151  -1.25096
 0.350228 -0.118162   2.06394  0.143932 -0.279127   2.17155  -1.25097
 0.350267 -0.118177   2.06398  0.143844 -0.279176    2.1716  -1.25099
 0.350305 -0.118192   2.06401  0.143758 -0.279224   2.17165    -1.251
 0.350343 -0.118207   2.06405  0.143673 -0.279272   2.17169  -1.25102
  0.35038 -0.118221   2.06408  0.143589  -0.27932   2.17174  -1.25103
 0.350417 -0.118235   2.06412  0.143506 -0.279368   2.17178  -1.25105
 0.350453 -0.118248   2.06415  0.143424 -0.279416   2.17182  -1.25106
 0.350488 -0.118261   2.06419  0.143344 -0.279464   2.17186  -1.25108
 0.350524 -0.118274   2.06422  0.143265 -0.279511   2.17191  -1.25109
 0.350558 -0.118287   2.06426  0.143187 -0.279559   2.17195   -1.2511
 0.350592   -0.1183   2.06429  0.143111 -0.279606   2.17199  -1.25112
 0.350626 -0.118312   2.06433  0.143035 -0.279653   2.17203  -1.25113
 0.350659 -0.118324   2.06436  0.142961 -0.279701   2.17207  -1.25114
 0.350692 -0.118335    2.0644  0.142888 -0.279748   2.17211  -1.25116
 0.350724 -0.118346   2.06443  0.142816 -0.279795   2.17214  -1.25117
 0.350756 -0.118358   2.06447  0.142745 -0.279842   2.17218  -1.25118
 0.350788 -0.118368   2.06451  0.142675 -0.279888   2.17222   -1.2512
 0.350819 -0.118379   2.06454  0.142606 -0.279935   2.17226  -1.25121
 0.350849 -0.118389   2.06458  0.142538 -0.279982   2.17229  -1.25122
 0.350879 -0.118399   2.06461  0.142472 -0.280028   2.17233  -1.25123
 0.350909 -0.118409   2.06465  0.142406 -0.280074   2.17236  -1.25125
 0.350938 -0.118419   2.06468  0.142341 -0.280121    2.1724  -1.25126
 0.350967 -0.118428   2.06472  0.142278 -0.280167   2.17243  -1.25127
 0.350996 -0.118437   2.06475  0.142215 -0.280213   2.17246  -1.25128
 0.351024 -0.118446   2.06479  0.142153 -0.280259    2.1725  -1.25129
 0.351051 -0.118455   2.06483  0.142092 -0.280305   2.17253   -1.2513
 0.351079 -0.118463   2.06486  0.142033 -0.280351   2.17256  -1.25131
 0.351106 -0.118472    2.0649  0.141974 -0.280397   2.17259  -1.25132
 0.351132  -0.11848   2.06493  0.141915 -0.280443   2.17262  -1.25134
 0.351158 -0.118488   2.06497  0.141858 -0.280488   2.17265  -1.25135
 0.351184 -0.118495   2.06501  0.141802 -0.280534   2.17268  -1.25136
  0.35121 -0.118503   2.06504  0.141747 -0.280579   2.17271  -1.25137
 0.351235  -0.11851   2.06508  0.141692 -0.280625   2.17274  -1.25138
  0.35126 -0.118517   2.06512  0.141638  -0.28067   2.17277  -1.25139
 0.351284 -0.118524   2.06515  0.141585 -0.280715    2.1728   -1.2514
0.351308 -0.11853  2.06519 0.141533 -0.28076  2.17282 -1.25141
 0.351332 -0.118537   2.06522  0.141482 -0.280805   2.17285  -1.25142
 0.351356 -0.118543   2.06526  0.141432  -0.28085   2.17288  -1.25143
 0.351379 -0.118549    2.0653  0.141382 -0.280895    2.1729  -1.25144
 0.351402 -0.118555   2.06533  0.141333  -0.28094   2.17293  -1.25144
 0.351424 -0.118561   2.06537  0.141285 -0.280985   2.17296  -1.25145
 0.351446 -0.118567   2.06541  0.141237  -0.28103   2.17298  -1.25146
 0.351468 -0.118572   2.06544   0.14119 -0.281075   2.17301  -1.25147
  0.35149 -0.118577   2.06548  0.141144 -0.281119   2.17303  -1.25148
 0.351511 -0.118582   2.06552  0.141099 -0.281164   2.17305  -1.25149
 0.351532 -0.118587   2.06555  0.141055 -0.281208   2.17308   -1.2515
 0.351553 -0.118592   2.06559  0.141011 -0.281253    2.1731  -1.25151
 0.351574 -0.118596   2.06563  0.140967 -0.281297   2.17312  -1.25151
 0.351594 -0.118601   2.06566  0.140925 -0.281341   2.17315  -1.25152
 0.351614 -0.118605    2.0657  0.140883 -0.281386   2.17317  -1.25153
 0.351634 -0.118609   2.06574  0.140842  -0.28143   2.17319  -1.25154
 0.351653 -0.118613   2.06577  0.140801 -0.281474   2.17321  -1.25155
 0.351672 -0.118617   2.06581  0.140761 -0.281518   2.17323  -1.25155
 0.351691 -0.118621   2.06585  0.140722 -0.281562   2.17325  -1.25156
  0.35171 -0.118624   2.06589  0.140683 -0.281606   2.17327  -1.25157
 0.351728 -0.118627   2.06592  0.140645  -0.28165   2.17329  -1.25158
 0.351746 -0.118631   2.06596  0.140607 -0.281694   2.17331  -1.25158
 0.351764 -0.118634     2.066   0.14057 -0.281738   2.17333  -1.25159
 0.351782 -0.118637   2.06603  0.140534 -0.281781   2.17335   -1.2516
   0.3518  -0.11864   2.06607  0.140498 -0.281825   2.17337  -1.25161
 0.351817 -0.118642   2.06611  0.140463 -0.281869   2.17339  -1.25161
 0.351834 -0.118645   2.06615  0.140428 -0.281912   2.17341  -1.25162
 0.351851 -0.118647   2.06618  0.140394 -0.281956   2.17343  -1.25163
 0.351867  -0.11865   2.06622   0.14036 -0.281999   2.17345  -1.25163
 0.351884 -0.118652   2.06626  0.140327 -0.282043   2.17346  -1.25164
   0.3519 -0.118654   2.06629  0.140294 -0.282086   2.17348  -1.25165
 0.351916 -0.118656   2.06633  0.140262  -0.28213    2.1735  -1.25165
 0.351932 -0.118658   2.06637   0.14023 -0.282173   2.17351  -1.25166
 0.351947 -0.118659   2.06641  0.140199 -0.282216   2.17353  -1.25167
 0.351963 -0.118661   2.06644  0.140169  -0.28226   2.17355  -1.25167
 0.351978 -0.118662   2.06648  0.140138 -0.282303   2.17356  -1.25168
 0.351993 -0.118664   2.06652  0.140109 -0.282346   2.17358  -1.25168
 0.352007 -0.118665   2.06656  0.140079 -0.282389   2.17359  -1.25169
 0.352022 -0.118666   2.06659  0.140051 -0.282432   2.17361   -1.2517
 0.352036 -0.118667   2.06663  0.140022 -0.282475   2.17362   -1.2517
 0.352051 -0.118668   2.06667  0.139994 -0.282518   2.17364  -1.25171
 0.352065 -0.118669   2.06671  0.139967 -0.282561   2.17365  -1.25171
 0.352079  -0.11867   2.06674   0.13994 -0.282604   2.17367  -1.25172
 0.352092  -0.11867   2.06678  0.139913 -0.282647   2.17368  -1.25172
 0.352106 -0.118671   2.06682  0.139887  -0.28269    2.1737  -1.25173
 0.352119 -0.118671   2.06686  0.139862 -0.282733   2.17371  -1.25173
 0.352132 -0.118672    2.0669  0.139836 -0.282775   2.17372  -1.25174
 0.352145 -0.118672   2.06693  0.139811 -0.282818   2.17374  -1.25175
 0.352158 -0.118672   2.06697  0.139787 -0.282861   2.17375  -1.25175
 0.352171 -0.118672   2.06701  0.139762 -0.282904   2.17376  -1.25176
 0.352184 -0.118672   2.06705  0.139739 -0.282946   2.17377  -1.25176
 0.352196 -0.118672   2.06708  0.139715 -0.282989   2.17379  -1.25177
 0.352208 -0.118672   2.06712  0.139692 -0.283031    2.1738  -1.25177
  0.35222 -0.118672   2.06716   0.13967 -0.283074   2.17381  -1.25178
 0.352232 -0.118671    2.0672  0.139647 -0.283116   2.17382  -1.25178
 0.352244 -0.118671   2.06724  0.139625 -0.283159   2.17383  -1.25178
 0.352256  -0.11867   2.06727  0.139604 -0.283201   2.17385  -1.25179
 0.352267  -0.11867   2.06731  0.139582 -0.283244   2.17386  -1.25179
 0.352279 -0.118669   2.06735  0.139561 -0.283286   2.17387   -1.2518
  0.35229 -0.118668   2.06739  0.139541 -0.283329   2.17388   -1.2518
 0.352301 -0.118667   2.06743   0.13952 -0.283371   2.17389  -1.25181
 0.352312 -0.118666   2.06746  0.139501 -0.283413    2.1739  -1.25181
 0.352323 -0.118665    2.0675  0.139481 -0.283455   2.17391  -1.25182
 0.352334 -0.118664   2.06754  0.139462 -0.283498   2.17392  -1.25182
 0.352344 -0.118663   2.06758  0.139443  -0.28354   2.17393  -1.25183
 0.352355 -0.118662   2.06762  0.139424 -0.283582   2.17394  -1.25183
 0.352365 -0.118661   2.06765  0.139405 -0.283624   2.17395  -1.25183
 0.352375 -0.118659   2.06769  0.139387 -0.283667   2.17396  -1.25184
 0.352385 -0.118658   2.06773  0.139369 -0.283709   2.17397  -1.25184
 0.352395 -0.118656   2.06777  0.139352 -0.283751   2.17398  -1.25185
 0.352405 -0.118655   2.06781  0.139335 -0.283793   2.17399  -1.25185
 0.352415 -0.118653   2.06784  0.139318 -0.283835     2.174  -1.25185
 0.352425 -0.118652   2.06788  0.139301 -0.283877   2.17401  -1.25186
 0.352434  -0.11865   2.06792  0.139285 -0.283919   2.17401  -1.25186
 0.352444 -0.118648   2.06796  0.139268 -0.283961   2.17402  -1.25187
 0.352453 -0.118646     2.068  0.139252 -0.284003   2.17403  -1.25187
 0.352462 -0.118644   2.06804  0.139237 -0.284045   2.17404  -1.25187
 0.352471 -0.118642   2.06807  0.139221 -0.284087   2.17405  -1.25188
 0.352481  -0.11864   2.06811  0.139206 -0.284129   2.17406  -1.25188
 0.352489 -0.118638   2.06815  0.139191  -0.28417   2.17406  -1.25188
 0.352498 -0.118636   2.06819  0.139177 -0.284212   2.17407  -1.25189
 0.352507 -0.118634   2.06823  0.139162 -0.284254   2.17408  -1.25189
 0.352516 -0.118631   2.06827  0.139148 -0.284296   2.17409  -1.25189
 0.352524 -0.118629    2.0683  0.139134 -0.284338   2.17409   -1.2519
 0.352533 -0.118626   2.06834   0.13912  -0.28438    2.1741   -1.2519
 0.352541 -0.118624   2.06838  0.139107 -0.284421   2.17411   -1.2519
 0.352549 -0.118622   2.06842  0.139094 -0.284463   2.17412  -1.25191
 0.352557 -0.118619   2.06846  0.139081 -0.284505   2.17412  -1.25191
 0.352566 -0.118616    2.0685  0.139068 -0.284546   2.17413  -1.25191
 0.352574 -0.118614   2.06853  0.139055 -0.284588   2.17414  -1.25192
 0.352581 -0.118611   2.06857  0.139043  -0.28463   2.17414  -1.25192
 0.352589 -0.118608   2.06861   0.13903 -0.284671   2.17415  -1.25192
 0.352597 -0.118605   2.06865  0.139018 -0.284713   2.17416  -1.25193
 0.352605 -0.118603   2.06869  0.139007 -0.284755   2.17416  -1.25193
 0.352612   -0.1186   2.06873  0.138995 -0.284796   2.17417  -1.25193
  0.35262 -0.118597   2.06877  0.138983 -0.284838   2.17417  -1.25194
 0.352627 -0.118594    2.0688  0.138972 -0.284879   2.17418  -1.25194
 0.352635 -0.118591   2.06884  0.138961 -0.284921   2.17419  -1.25194
 0.352642 -0.118588   2.06888   0.13895 -0.284963   2.17419  -1.25194
 0.352649 -0.118584   2.06892   0.13894 -0.285004    2.1742  -1.25195
 0.352656 -0.118581   2.06896  0.138929 -0.285046    2.1742  -1.25195
 0.352663 -0.118578     2.069  0.138919 -0.285087   2.17421  -1.25195
  0.35267 -0.118575   2.06904  0.138909 -0.285129   2.17421  -1.25196
 0.352677 -0.118572   2.06907  0.138899  -0.28517   2.17422  -1.25196
 0.352684 -0.118568   2.06911  0.138889 -0.285211   2.17422  -1.25196
 0.352691 -0.118565   2.06915  0.138879 -0.285253   2.17423  -1.25196
 0.352698 -0.118561   2.06919   0.13887 -0.285294   2.17423  -1.25197
 0.352704 -0.118558   2.06923   0.13886 -0.285336   2.17424  -1.25197
 0.352711 -0.118555   2.06927  0.138851 -0.285377   2.17424  -1.25197
 0.352717 -0.118551   2.06931  0.138842 -0.285418   2.17425  -1.25197
 0.352724 -0.118547   2.06934  0.138833  -0.28546   2.17425  -1.25198
  0.35273 -0.118544   2.06938  0.138825 -0.285501   2.17426  -1.25198
 0.352737  -0.11854   2.06942  0.138816 -0.285543   2.17426  -1.25198
 0.352743 -0.118537   2.06946  0.138808 -0.285584   2.17427  -1.25198
 0.352749 -0.118533    2.0695  0.138799 -0.285625   2.17427  -1.25199
 0.352755 -0.118529   2.06954  0.138791 -0.285667   2.17428  -1.25199
 0.352761 -0.118525   2.06958  0.138783 -0.285708   2.17428  -1.25199
 0.352768 -0.118522   2.06962  0.138775 -0.285749   2.17428  -1.25199
 0.352774 -0.118518   2.06965  0.138768  -0.28579   2.17429    -1.252
 0.352779 -0.118514   2.06969   0.13876 -0.285832   2.17429    -1.252
 0.352785  -0.11851   2.06973  0.138753 -0.285873    2.1743    -1.252
 0.352791 -0.118506   2.06977  0.138745 -0.285914    2.1743    -1.252
 0.352797 -0.118502   2.06981  0.138738 -0.285955    2.1743  -1.25201
 0.352803 -0.118498   2.06985  0.138731 -0.285997   2.17431  -1.25201
 0.352808 -0.118494   2.06989  0.138724 -0.286038   2.17431  -1.25201
 0.352814  -0.11849   2.06993  0.138717 -0.286079   2.17432  -1.25201
  0.35282 -0.118486   2.06996  0.138711  -0.28612   2.17432  -1.25201
 0.352825 -0.118482      2.07  0.138704 -0.286162   2.17432  -1.25202
 0.352831 -0.118478   2.07004  0.138698 -0.286203   2.17433  -1.25202
 0.352836 -0.118474   2.07008  0.138691 -0.286244   2.17433  -1.25202
 0.352842 -0.118469   2.07012  0.138685 -0.286285   2.17433  -1.25202
 0.352847 -0.118465   2.07016  0.138679 -0.286326   2.17434  -1.25203
 0.352852 -0.118461    2.0702  0.138673 -0.286367   2.17434  -1.25203
 0.352857 -0.118457   2.07024  0.138667 -0.286409   2.17434  -1.25203
 0.352863 -0.118452   2.07028  0.138661  -0.28645   2.17434  -1.25203
 0.352868 -0.118448   2.07031  0.138656 -0.286491   2.17435  -1.25203
 0.352873 -0.118444   2.07035   0.13865 -0.286532   2.17435  -1.25204
 0.352878 -0.118439   2.07039  0.138644 -0.286573   2.17435  -1.25204
 0.352883 -0.118435   2.07043  0.138639 -0.286614   2.17436  -1.25204
 0.352888  -0.11843   2.07047  0.138634 -0.286655   2.17436  -1.25204
 0.352893 -0.118426   2.07051  0.138629 -0.286696   2.17436  -1.25204
 0.352898 -0.118422   2.07055  0.138624 -0.286737   2.17436  -1.25205
 0.352903 -0.118417   2.07059  0.138619 -0.286778   2.17437  -1.25205
 0.352908 -0.118413   2.07063  0.138614  -0.28682   2.17437  -1.25205
 0.352913 -0.118408   2.07066  0.138609 -0.286861   2.17437  -1.25205
 0.352917 -0.118404    2.0707  0.138604 -0.286902   2.17438  -1.25205
 0.352922 -0.118399   2.07074    0.1386 -0.286943   2.17438  -1.25206
 0.352927 -0.118394   2.07078  0.138595 -0.286984   2.17438  -1.25206
 0.352932  -0.11839   2.07082  0.138591 -0.287025   2.17438  -1.25206
 0.352936 -0.118385   2.07086  0.138586 -0.287066   2.17438  -1.25206
 0.352941  -0.11838    2.0709  0.138582 -0.287107   2.17439  -1.25206
 0.352945 -0.118376   2.07094  0.138578 -0.287148   2.17439  -1.25206
  0.35295 -0.118371   2.07098  0.138574 -0.287189   2.17439  -1.25207
 0.352954 -0.118366   2.07101   0.13857  -0.28723   2.17439  -1.25207
 0.352959 -0.118362   2.07105  0.138566 -0.287271    2.1744  -1.25207
 0.352963 -0.118357   2.07109  0.138562 -0.287312    2.1744  -1.25207
 0.352968 -0.118352   2.07113  0.138558 -0.287353    2.1744  -1.25207
 0.352972 -0.118347   2.07117  0.138554 -0.287394    2.1744  -1.25207
 0.352976 -0.118343   2.07121  0.138551 -0.287435    2.1744  -1.25208
 0.352981 -0.118338   2.07125  0.138547 -0.287476   2.17441  -1.25208
 0.352985 -0.118333   2.07129  0.138544 -0.287517   2.17441  -1.25208
 0.352989 -0.118328   2.07133   0.13854 -0.287558   2.17441  -1.25208
 0.352994 -0.118323   2.07137  0.138537 -0.287599   2.17441  -1.25208
 0.352998 -0.118318   2.07141  0.138533  -0.28764   2.17441  -1.25208
 0.353002 -0.118313   2.07144   0.13853 -0.287681   2.17441  -1.25209
 0.353006 -0.118308   2.07148  0.138527 -0.287722   2.17442  -1.25209
  0.35301 -0.118303   2.07152  0.138524 -0.287763   2.17442  -1.25209
 0.353014 -0.118298   2.07156  0.138521 -0.287804   2.17442  -1.25209
 0.353018 -0.118294    2.0716  0.138518 -0.287845   2.17442  -1.25209
 0.353023 -0.118289   2.07164  0.138515 -0.287885   2.17442  -1.25209
 0.353027 -0.118284   2.07168  0.138512 -0.287926   2.17442   -1.2521
 0.353031 -0.118278   2.07172  0.138509 -0.287967   2.17443   -1.2521
 0.353035 -0.118273   2.07176  0.138507 -0.288008   2.17443   -1.2521
 0.353039 -0.118268    2.0718  0.138504 -0.288049   2.17443   -1.2521
 0.353042 -0.118263   2.07184  0.138502  -0.28809   2.17443   -1.2521
 0.353046 -0.118258   2.07187  0.138499 -0.288131   2.17443   -1.2521
  0.35305 -0.118253   2.07191  0.138496 -0.288172   2.17443   -1.2521
 0.353054 -0.118248   2.07195  0.138494 -0.288213   2.17443  -1.25211
 0.353058 -0.118243   2.07199  0.138492 -0.288254   2.17443  -1.25211
 0.353062 -0.118238   2.07203  0.138489 -0.288295   2.17444  -1.25211
 0.353066 -0.118233   2.07207  0.138487 -0.288336   2.17444  -1.25211
 0.353069 -0.118228   2.07211  0.138485 -0.288377   2.17444  -1.25211
 0.353073 -0.118222   2.07215  0.138483 -0.288417   2.17444  -1.25211
 0.353077 -0.118217   2.07219  0.138481 -0.288458   2.17444  -1.25211
 0.353081 -0.118212   2.07223  0.138479 -0.288499   2.17444  -1.25212
 0.353084 -0.118207   2.07227  0.138477  -0.28854   2.17444  -1.25212
 0.353088 -0.118202    2.0723  0.138475 -0.288581   2.17444  -1.25212
 0.353092 -0.118196   2.07234  0.138473 -0.288622   2.17444  -1.25212
 0.353095 -0.118191   2.07238  0.138471 -0.288663   2.17445  -1.25212
 0.353099 -0.118186   2.07242  0.138469 -0.288704   2.17445  -1.25212
 0.353102 -0.118181   2.07246  0.138467 -0.288745   2.17445  -1.25212
 0.353106 -0.118175    2.0725  0.138466 -0.288785   2.17445  -1.25213
  0.35311  -0.11817   2.07254  0.138464 -0.288826   2.17445  -1.25213
 0.353113 -0.118165   2.07258  0.138462 -0.288867   2.17445  -1.25213
 0.353117 -0.118159   2.07262  0.138461 -0.288908   2.17445  -1.25213
  0.35312 -0.118154   2.07266  0.138459 -0.288949   2.17445  -1.25213
 0.353124 -0.118149    2.0727  0.138458  -0.28899   2.17445  -1.25213
 0.353127 -0.118143   2.07274  0.138456 -0.289031   2.17445  -1.25213
 0.353131 -0.118138   2.07278  0.138455 -0.289071   2.17445  -1.25213
 0.353134 -0.118133   2.07281  0.138453 -0.289112   2.17446  -1.25214
 0.353137 -0.118127   2.07285  0.138452 -0.289153   2.17446  -1.25214
 0.353141 -0.118122   2.07289  0.138451 -0.289194   2.17446  -1.25214
 0.353144 -0.118117   2.07293  0.138449 -0.289235   2.17446  -1.25214
 0.353148 -0.118111   2.07297  0.138448 -0.289276   2.17446  -1.25214
 0.353151 -0.118106   2.07301  0.138447 -0.289317   2.17446  -1.25214
 0.353154   -0.1181   2.07305  0.138446 -0.289357   2.17446  -1.25214
 0.353158 -0.118095   2.07309  0.138445 -0.289398   2.17446  -1.25215
 0.353161  -0.11809   2.07313  0.138444 -0.289439   2.17446  -1.25215
 0.353164 -0.118084   2.07317  0.138443  -0.28948   2.17446  -1.25215
 0.353168 -0.118079   2.07321  0.138442 -0.289521   2.17446  -1.25215
 0.353171 -0.118073   2.07325  0.138441 -0.289562   2.17446  -1.25215
 0.353174 -0.118068   2.07329   0.13844 -0.289603   2.17446  -1.25215
 0.353178 -0.118062   2.07332  0.138439 -0.289643   2.17446  -1.25215
 0.353181 -0.118057   2.07336  0.138438 -0.289684   2.17446  -1.25215
 0.353184 -0.118051    2.0734  0.138437 -0.289725   2.17446  -1.25216
 0.353187 -0.118046   2.07344  0.138436 -0.289766   2.17446  -1.25216
  0.35319  -0.11804   2.07348  0.138435 -0.289807   2.17446  -1.25216
 0.353194 -0.118035   2.07352  0.138435 -0.289848   2.17447  -1.25216
 0.353197 -0.118029   2.07356  0.138434 -0.289888   2.17447  -1.25216
   0.3532 -0.118024    2.0736  0.138433 -0.289929   2.17447  -1.25216
 0.353203 -0.118018   2.07364  0.138433  -0.28997   2.17447  -1.25216
 0.353206 -0.118013   2.07368  0.138432 -0.290011   2.17447  -1.25216
 0.353209 -0.118007   2.07372  0.138431 -0.290052   2.17447  -1.25216
 0.353213 -0.118002   2.07376  0.138431 -0.290093   2.17447  -1.25217
 0.353216 -0.117996    2.0738   0.13843 -0.290134   2.17447  -1.25217
 0.353219 -0.117991   2.07384   0.13843 -0.290174   2.17447  -1.25217
 0.353222 -0.117985   2.07387  0.138429 -0.290215   2.17447  -1.25217
 0.353225 -0.117979   2.07391  0.138429 -0.290256   2.17447  -1.25217
 0.353228 -0.117974   2.07395  0.138428 -0.290297   2.17447  -1.25217
 0.353231 -0.117968   2.07399  0.138428 -0.290338   2.17447  -1.25217
 0.353234 -0.117963   2.07403  0.138427 -0.290379   2.17447  -1.25217
 0.353237 -0.117957   2.07407  0.138427 -0.290419   2.17447  -1.25217
  0.35324 -0.117951   2.07411  0.138427  -0.29046   2.17447  -1.25218
 0.353243 -0.117946   2.07415  0.138426 -0.290501   2.17447  -1.25218
 0.353246  -0.11794   2.07419  0.138426 -0.290542   2.17447  -1.25218
 0.353249 -0.117935   2.07423  0.138426 -0.290583   2.17447  -1.25218
 0.353252 -0.117929   2.07427  0.138425 -0.290624   2.17447  -1.25218
 0.353255 -0.117923   2.07431  0.138425 -0.290664   2.17447  -1.25218
 0.353258 -0.117918   2.07435  0.138425 -0.290705   2.17447  -1.25218
 0.353261 -0.117912   2.07439  0.138425 -0.290746   2.17447  -1.25218
 0.353264 -0.117906   2.07443  0.138425 -0.290787   2.17447  -1.25218
 0.353267 -0.117901   2.07447  0.138425 -0.290828   2.17447  -1.25219
  0.35327 -0.117895    2.0745  0.138424 -0.290869   2.17447  -1.25219
 0.353273 -0.117889   2.07454  0.138424 -0.290909   2.17447  -1.25219
 0.353276 -0.117884   2.07458  0.138424  -0.29095   2.17447  -1.25219
 0.353279 -0.117878   2.07462  0.138424 -0.290991   2.17447  -1.25219
 0.353282 -0.117872   2.07466  0.138424 -0.291032   2.17447  -1.25219
 0.353285 -0.117867    2.0747  0.138424 -0.291073   2.17447  -1.25219
 0.353288 -0.117861   2.07474  0.138424 -0.291114   2.17447  -1.25219
 0.353291 -0.117855   2.07478  0.138424 -0.291154   2.17447  -1.25219
 0.353293 -0.117849   2.07482  0.138424 -0.291195   2.17447   -1.2522
 0.353296 -0.117844   2.07486  0.138424 -0.291236   2.17447   -1.2522
 0.353299 -0.117838    2.0749  0.138424 -0.291277   2.17447   -1.2522
 0.353302 -0.117832   2.07494  0.138424 -0.291318   2.17447   -1.2522
 0.353305 -0.117827   2.07498  0.138424 -0.291359   2.17447   -1.2522
 0.353308 -0.117821   2.07502  0.138425 -0.291399   2.17447   -1.2522
 0.353311 -0.117815   2.07506  0.138425  -0.29144   2.17447   -1.2522
 0.353313 -0.117809    2.0751  0.138425 -0.291481   2.17447   -1.2522
 0.353316 -0.117804   2.07513  0.138425 -0.291522   2.17447   -1.2522
 0.353319 -0.117798   2.07517  0.138425 -0.291563   2.17447   -1.2522
 0.353322 -0.117792   2.07521  0.138425 -0.291604   2.17447  -1.25221
 0.353325 -0.117786   2.07525  0.138426 -0.291645   2.17447  -1.25221
 0.353328 -0.117781   2.07529  0.138426 -0.291685   2.17447  -1.25221
  0.35333 -0.117775   2.07533  0.138426 -0.291726   2.17447  -1.25221
 0.353333 -0.117769   2.07537  0.138426 -0.291767   2.17447  -1.25221
 0.353336 -0.117763   2.07541  0.138427 -0.291808   2.17447  -1.25221
 0.353339 -0.117758   2.07545  0.138427 -0.291849   2.17447  -1.25221
 0.353342 -0.117752   2.07549  0.138427  -0.29189   2.17447  -1.25221
 0.353344 -0.117746   2.07553  0.138428  -0.29193   2.17447  -1.25221
 0.353347  -0.11774   2.07557  0.138428 -0.291971   2.17447  -1.25221
  0.35335 -0.117734   2.07561  0.138428 -0.292012   2.17447  -1.25222
 0.353353 -0.117729   2.07565  0.138429 -0.292053   2.17447  -1.25222
 0.353355 -0.117723   2.07569  0.138429 -0.292094   2.17447  -1.25222
 0.353358 -0.117717   2.07573   0.13843 -0.292135   2.17447  -1.25222
 0.353361 -0.117711   2.07577   0.13843 -0.292176   2.17447  -1.25222
 0.353364 -0.117706   2.07581   0.13843 -0.292216   2.17447  -1.25222
 0.353366   -0.1177   2.07585  0.138431 -0.292257   2.17447  -1.25222
 0.353369 -0.117694   2.07588  0.138431 -0.292298   2.17447  -1.25222
 0.353372 -0.117688   2.07592  0.138432 -0.292339   2.17447  -1.25222
 0.353374 -0.117682   2.07596  0.138432  -0.29238   2.17447  -1.25222
 0.353377 -0.117676     2.076  0.138433 -0.292421   2.17447  -1.25223
  0.35338 -0.117671   2.07604  0.138433 -0.292462   2.17447  -1.25223
 0.353383 -0.117665   2.07608  0.138434 -0.292502   2.17447  -1.25223
 0.353385 -0.117659   2.07612  0.138434 -0.292543   2.17447  -1.25223
 0.353388 -0.117653   2.07616  0.138435 -0.292584   2.17447  -1.25223
 0.353391 -0.117647    2.0762  0.138435 -0.292625   2.17447  -1.25223
 0.353393 -0.117641   2.07624  0.138436 -0.292666   2.17446  -1.25223
 0.353396 -0.117636   2.07628  0.138436 -0.292707   2.17446  -1.25223
 0.353399  -0.11763   2.07632  0.138437 -0.292748   2.17446  -1.25223
 0.353401 -0.117624   2.07636  0.138437 -0.292789   2.17446  -1.25223
 0.353404 -0.117618    2.0764  0.138438 -0.292829   2.17446  -1.25224
 0.353407 -0.117612   2.07644  0.138439  -0.29287   2.17446  -1.25224
 0.353409 -0.117606   2.07648  0.138439 -0.292911   2.17446  -1.25224
 0.353412 -0.117601   2.07652   0.13844 -0.292952   2.17446  -1.25224
 0.353415 -0.117595   2.07656  0.138441 -0.292993   2.17446  -1.25224
 0.353417 -0.117589    2.0766  0.138441 -0.293034   2.17446  -1.25224
  0.35342 -0.117583   2.07664  0.138442 -0.293075   2.17446  -1.25224
 0.353423 -0.117577   2.07667  0.138442 -0.293116   2.17446  -1.25224
 0.353425 -0.117571   2.07671  0.138443 -0.293156   2.17446  -1.25224
 0.353428 -0.117565   2.07675  0.138444 -0.293197   2.17446  -1.25224
 0.353431 -0.117559   2.07679  0.138445 -0.293238   2.17446  -1.25224
 0.353433 -0.117554   2.07683  0.138445 -0.293279   2.17446  -1.25225
 0.353436 -0.117548   2.07687  0.138446  -0.29332   2.17446  -1.25225
 0.353439 -0.117542   2.07691  0.138447 -0.293361   2.17446  -1.25225
 0.353441 -0.117536   2.07695  0.138447 -0.293402   2.17446  -1.25225
 0.353444  -0.11753   2.07699  0.138448 -0.293443   2.17446  -1.25225
 0.353447 -0.117524   2.07703  0.138449 -0.293484   2.17446  -1.25225
 0.353449 -0.117518   2.07707   0.13845 -0.293524   2.17446  -1.25225
 0.353452 -0.117512   2.07711   0.13845 -0.293565   2.17446  -1.25225
 0.353454 -0.117506   2.07715  0.138451 -0.293606   2.17446  -1.25225
 0.353457 -0.117501   2.07719  0.138452 -0.293647   2.17446  -1.25225
  0.35346 -0.117495   2.07723  0.138453 -0.293688   2.17446  -1.25226
 0.353462 -0.117489   2.07727  0.138453 -0.293729   2.17446  -1.25226
 0.353465 -0.117483   2.07731  0.138454  -0.29377   2.17446  -1.25226
 0.353467 -0.117477   2.07735  0.138455 -0.293811   2.17445  -1.25226
  0.35347 -0.117471   2.07739  0.138456 -0.293852   2.17445  -1.25226
 0.353473 -0.117465   2.07743  0.138457 -0.293893   2.17445  -1.25226
 0.353475 -0.117459   2.07747  0.138457 -0.293933   2.17445  -1.25226
 0.353478 -0.117453   2.07751  0.138458 -0.293974   2.17445  -1.25226
  0.35348 -0.117447   2.07755  0.138459 -0.294015   2.17445  -1.25226
 0.353483 -0.117442   2.07758   0.13846 -0.294056   2.17445  -1.25226
 0.353486 -0.117436   2.07762  0.138461 -0.294097   2.17445  -1.25226
 0.353488  -0.11743   2.07766  0.138462 -0.294138   2.17445  -1.25227
 0.353491 -0.117424    2.0777  0.138462 -0.294179   2.17445  -1.25227
 0.353493 -0.117418   2.07774  0.138463  -0.29422   2.17445  -1.25227
 0.353496 -0.117412   2.07778  0.138464 -0.294261   2.17445  -1.25227
 0.353498 -0.117406   2.07782  0.138465 -0.294302   2.17445  -1.25227
 0.353501   -0.1174   2.07786  0.138466 -0.294343   2.17445  -1.25227
 0.353504 -0.117394    2.0779  0.138467 -0.294384   2.17445  -1.25227
 0.353506 -0.117388   2.07794  0.138468 -0.294424   2.17445  -1.25227
 0.353509 -0.117382   2.07798  0.138469 -0.294465   2.17445  -1.25227
 0.353511 -0.117376   2.07802   0.13847 -0.294506   2.17445  -1.25227
 0.353514  -0.11737   2.07806   0.13847 -0.294547   2.17445  -1.25227
 0.353516 -0.117364    2.0781  0.138471 -0.294588   2.17445  -1.25228
 0.353519 -0.117359   2.07814  0.138472 -0.294629   2.17445  -1.25228
 0.353522 -0.117353   2.07818  0.138473  -0.29467   2.17445  -1.25228
 0.353524 -0.117347   2.07822  0.138474 -0.294711   2.17444  -1.25228
 0.353527 -0.117341   2.07826  0.138475 -0.294752   2.17444  -1.25228
 0.353529 -0.117335    2.0783  0.138476 -0.294793   2.17444  -1.25228
 0.353532 -0.117329   2.07834  0.138477 -0.294834   2.17444  -1.25228
 0.353534 -0.117323   2.07838  0.138478 -0.294875   2.17444  -1.25228
 0.353537 -0.117317   2.07842  0.138479 -0.294916   2.17444  -1.25228
 0.353539 -0.117311   2.07846   0.13848 -0.294957   2.17444  -1.25228
 0.353542 -0.117305    2.0785  0.138481 -0.294998   2.17444  -1.25228
 0.353544 -0.117299   2.07854  0.138482 -0.295039   2.17444  -1.25229
 0.353547 -0.117293   2.07858  0.138483  -0.29508   2.17444  -1.25229
  0.35355 -0.117287   2.07861  0.138484 -0.295121   2.17444  -1.25229
 0.353552 -0.117281   2.07865  0.138485 -0.295161   2.17444  -1.25229
 0.353555 -0.117275   2.07869  0.138486 -0.295202   2.17444  -1.25229
 0.353557 -0.117269   2.07873  0.138487 -0.295243   2.17444  -1.25229
  0.35356 -0.117263   2.07877  0.138488 -0.295284   2.17444  -1.25229
 0.353562 -0.117257   2.07881  0.138489 -0.295325   2.17444  -1.25229
 0.353565 -0.117251   2.07885   0.13849 -0.295366   2.17444  -1.25229
 0.353567 -0.117245   2.07889  0.138491 -0.295407   2.17444  -1.25229
  0.35357  -0.11724   2.07893  0.138492 -0.295448   2.17444  -1.25229
 0.353572 -0.117234   2.07897  0.138493 -0.295489   2.17444  -1.25229
 0.353575 -0.117228   2.07901  0.138494  -0.29553   2.17443   -1.2523
 0.353577 -0.117222   2.07905  0.138495 -0.295571   2.17443   -1.2523
  0.35358 -0.117216   2.07909  0.138496 -0.295612   2.17443   -1.2523
 0.353582  -0.11721   2.07913  0.138497 -0.295653   2.17443   -1.2523
 0.353585 -0.117204   2.07917  0.138498 -0.295694   2.17443   -1.2523
 0.353587 -0.117198   2.07921  0.138499 -0.295735   2.17443   -1.2523
  0.35359 -0.117192   2.07925    0.1385 -0.295776   2.17443   -1.2523
 0.353593 -0.117186   2.07929  0.138501 -0.295817   2.17443   -1.2523
 0.353595  -0.11718   2.07933  0.138502 -0.295858   2.17443   -1.2523
 0.353598 -0.117174   2.07937  0.138503 -0.295899   2.17443   -1.2523
   0.3536 -0.117168   2.07941  0.138504  -0.29594   2.17443   -1.2523
 0.353603 -0.117162   2.07945  0.138505 -0.295981   2.17443  -1.25231
 0.353605 -0.117156   2.07949  0.138506 -0.296022   2.17443  -1.25231
 0.353608  -0.11715   2.07953  0.138507 -0.296063   2.17443  -1.25231
  0.35361 -0.117144   2.07957  0.138508 -0.296104   2.17443  -1.25231
 0.353613 -0.117138   2.07961   0.13851 -0.296145   2.17443  -1.25231
 0.353615 -0.117132   2.07965  0.138511 -0.296186   2.17443  -1.25231
 0.353618 -0.117126   2.07969  0.138512 -0.296227   2.17443  -1.25231
  0.35362  -0.11712   2.07973  0.138513 -0.296268   2.17442  -1.25231
 0.353623 -0.117114   2.07977  0.138514 -0.296309   2.17442  -1.25231
 0.353625 -0.117108   2.07981  0.138515  -0.29635   2.17442  -1.25231
 0.353628 -0.117102   2.07985  0.138516 -0.296391   2.17442  -1.25231
  0.35363 -0.117096   2.07989  0.138517 -0.296432   2.17442  -1.25231
 0.353633  -0.11709   2.07992  0.138518 -0.296473   2.17442  -1.25232
 0.353635 -0.117084   2.07996  0.138519 -0.296514   2.17442  -1.25232
 0.353638 -0.117078      2.08   0.13852 -0.296555   2.17442  -1.25232
  0.35364 -0.117072   2.08004  0.138522 -0.296596   2.17442  -1.25232
 0.353643 -0.117066   2.08008  0.138523 -0.296637   2.17442  -1.25232
 0.353645  -0.11706   2.08012  0.138524 -0.296678   2.17442  -1.25232
 0.353648 -0.117054   2.08016  0.138525 -0.296719   2.17442  -1.25232
  0.35365 -0.117048    2.0802  0.138526  -0.29676   2.17442  -1.25232
 0.353653 -0.117042   2.08024  0.138527 -0.296801   2.17442  -1.25232
 0.353655 -0.117036   2.08028  0.138528 -0.296842   2.17442  -1.25232
 0.353658  -0.11703   2.08032  0.138529 -0.296883   2.17442  -1.25232
  0.35366 -0.117024   2.08036  0.138531 -0.296924   2.17442  -1.25233
 0.353663 -0.117018    2.0804  0.138532 -0.296965   2.17441  -1.25233
 0.353665 -0.117012   2.08044  0.138533 -0.297006   2.17441  -1.25233
 0.353668 -0.117006   2.08048  0.138534 -0.297048   2.17441  -1.25233
  0.35367    -0.117   2.08052  0.138535 -0.297089   2.17441  -1.25233
 0.353673 -0.116994   2.08056  0.138536  -0.29713   2.17441  -1.25233
 0.353675 -0.116988    2.0806  0.138537 -0.297171   2.17441  -1.25233
 0.353678 -0.116982   2.08064  0.138538 -0.297212   2.17441  -1.25233
  0.35368 -0.116976   2.08068   0.13854 -0.297253   2.17441  -1.25233
 0.353683  -0.11697   2.08072  0.138541 -0.297294   2.17441  -1.25233
 0.353685 -0.116964   2.08076  0.138542 -0.297335   2.17441  -1.25233
 0.353688 -0.116958    2.0808  0.138543 -0.297376   2.17441  -1.25233
  0.35369 -0.116952   2.08084  0.138544 -0.297417   2.17441  -1.25234
 0.353693 -0.116946   2.08088  0.138545 -0.297458   2.17441  -1.25234
 0.353695  -0.11694   2.08092  0.138547 -0.297499   2.17441  -1.25234
 0.353698 -0.116934   2.08096  0.138548  -0.29754   2.17441  -1.25234
   0.3537 -0.116928     2.081  0.138549 -0.297581   2.17441  -1.25234
 0.353703 -0.116922   2.08104   0.13855 -0.297622   2.17441  -1.25234
 0.353705 -0.116916   2.08108  0.138551 -0.297663    2.1744  -1.25234
 0.353708  -0.11691   2.08112  0.138552 -0.297705    2.1744  -1.25234
  0.35371 -0.116904   2.08116  0.138553 -0.297746    2.1744  -1.25234
 0.353713 -0.116898    2.0812  0.138555 -0.297787    2.1744  -1.25234
 0.353715 -0.116892   2.08124  0.138556 -0.297828    2.1744  -1.25234
 0.353718 -0.116886   2.08128  0.138557 -0.297869    2.1744  -1.25234
 0.35372 -0.11688  2.08132 0.138558 -0.29791   2.1744 -1.25235
 0.353722 -0.116874   2.08136  0.138559 -0.297951    2.1744  -1.25235
 0.353725 -0.116868    2.0814  0.138561 -0.297992    2.1744  -1.25235
 0.353727 -0.116862   2.08144  0.138562 -0.298033    2.1744  -1.25235
  0.35373 -0.116856   2.08148  0.138563 -0.298074    2.1744  -1.25235
 0.353732  -0.11685   2.08152  0.138564 -0.298115    2.1744  -1.25235
 0.353735 -0.116844   2.08156  0.138565 -0.298156    2.1744  -1.25235
 0.353737 -0.116838    2.0816  0.138566 -0.298198    2.1744  -1.25235
  0.35374 -0.116832   2.08164  0.138568 -0.298239    2.1744  -1.25235
 0.353742 -0.116826   2.08168  0.138569  -0.29828    2.1744  -1.25235
 0.353745  -0.11682   2.08171   0.13857 -0.298321   2.17439  -1.25235
 0.353747 -0.116814   2.08175  0.138571 -0.298362   2.17439  -1.25236
  0.35375 -0.116808   2.08179  0.138572 -0.298403   2.17439  -1.25236
 0.353752 -0.116802   2.08183  0.138574 -0.298444   2.17439  -1.25236
 0.353755 -0.116796   2.08187  0.138575 -0.298485   2.17439  -1.25236
 0.353757  -0.11679   2.08191  0.138576 -0.298526   2.17439  -1.25236
  0.35376 -0.116784   2.08195  0.138577 -0.298568   2.17439  -1.25236
 0.353762 -0.116778   2.08199  0.138578 -0.298609   2.17439  -1.25236
 0.353765 -0.116772   2.08203   0.13858  -0.29865   2.17439  -1.25236
 0.353767 -0.116765   2.08207  0.138581 -0.298691   2.17439  -1.25236
  0.35377 -0.116759   2.08211  0.138582 -0.298732   2.17439  -1.25236
 0.353772 -0.116753   2.08215  0.138583 -0.298773   2.17439  -1.25236
 0.353775 -0.116747   2.08219  0.138584 -0.298814   2.17439  -1.25236
 0.353777 -0.116741   2.08223  0.138586 -0.298855   2.17439  -1.25237
  0.35378 -0.116735   2.08227  0.138587 -0.298897   2.17439  -1.25237
 0.353782 -0.116729   2.08231  0.138588 -0.298938   2.17439  -1.25237
 0.353785 -0.116723   2.08235  0.138589 -0.298979   2.17438  -1.25237
 0.353787 -0.116717   2.08239   0.13859  -0.29902   2.17438  -1.25237
  0.35379 -0.116711   2.08243  0.138592 -0.299061   2.17438  -1.25237
 0.353792 -0.116705   2.08247  0.138593 -0.299102   2.17438  -1.25237
 0.353795 -0.116699   2.08251  0.138594 -0.299143   2.17438  -1.25237
 0.353797 -0.116693   2.08255  0.138595 -0.299185   2.17438  -1.25237
 0.353799 -0.116687   2.08259  0.138597 -0.299226   2.17438  -1.25237
 0.353802 -0.116681   2.08263  0.138598 -0.299267   2.17438  -1.25237
 0.353804 -0.116675   2.08267  0.138599 -0.299308   2.17438  -1.25237
 0.353807 -0.116669   2.08271    0.1386 -0.299349   2.17438  -1.25238
 0.353809 -0.116663   2.08275  0.138601  -0.29939   2.17438  -1.25238
 0.353812 -0.116657   2.08279  0.138603 -0.299432   2.17438  -1.25238
 0.353814 -0.116651   2.08283  0.138604 -0.299473   2.17438  -1.25238
 0.353817 -0.116645   2.08287  0.138605 -0.299514   2.17438  -1.25238
 0.353819 -0.116639   2.08291  0.138606 -0.299555   2.17438  -1.25238
 0.353822 -0.116633   2.08295  0.138608 -0.299596   2.17438  -1.25238
 0.353824 -0.116627   2.08299  0.138609 -0.299637   2.17437  -1.25238
 0.353827 -0.116621   2.08303   0.13861 -0.299679   2.17437  -1.25238
 0.353829 -0.116615   2.08307  0.138611  -0.29972   2.17437  -1.25238
 0.353832 -0.116609   2.08311  0.138612 -0.299761   2.17437  -1.25238
 0.353834 -0.116603   2.08315  0.138614 -0.299802   2.17437  -1.25238
 0.353837 -0.116596   2.08319  0.138615 -0.299843   2.17437  -1.25239
 0.353839  -0.11659   2.08323  0.138616 -0.299884   2.17437  -1.25239
 0.353842 -0.116584   2.08327  0.138617 -0.299926   2.17437  -1.25239
 0.353844 -0.116578   2.08331  0.138619 -0.299967   2.17437  -1.25239
 0.353847 -0.116572   2.08335   0.13862 -0.300008   2.17437  -1.25239
 0.353849 -0.116566   2.08339  0.138621 -0.300049   2.17437  -1.25239
0.353852 -0.11656  2.08343 0.138622 -0.30009  2.17437 -1.25239
 0.353854 -0.116554   2.08347  0.138624 -0.300132   2.17437  -1.25239
 0.353857 -0.116548   2.08351  0.138625 -0.300173   2.17437  -1.25239
 0.353859 -0.116542   2.08355  0.138626 -0.300214   2.17437  -1.25239
 0.353862 -0.116536   2.08359  0.138627 -0.300255   2.17436  -1.25239
 0.353864  -0.11653   2.08363  0.138629 -0.300296   2.17436  -1.25239
 0.353867 -0.116524   2.08367   0.13863 -0.300338   2.17436   -1.2524
 0.353869 -0.116518   2.08371  0.138631 -0.300379   2.17436   -1.2524
 0.353871 -0.116512   2.08375  0.138632  -0.30042   2.17436   -1.2524
 0.353874 -0.116506   2.08379  0.138634 -0.300461   2.17436   -1.2524
 0.353876   -0.1165   2.08383  0.138635 -0.300502   2.17436   -1.2524
 0.353879 -0.116494   2.08387  0.138636 -0.300544   2.17436   -1.2524
 0.353881 -0.116488   2.08391  0.138637 -0.300585   2.17436   -1.2524
 0.353884 -0.116482   2.08395  0.138639 -0.300626   2.17436   -1.2524
 0.353886 -0.116476   2.08399   0.13864 -0.300667   2.17436   -1.2524
 0.353889  -0.11647   2.08403  0.138641 -0.300709   2.17436   -1.2524
 0.353891 -0.116463   2.08407  0.138642  -0.30075   2.17436   -1.2524
 0.353894 -0.116457   2.08411  0.138644 -0.300791   2.17436   -1.2524
 0.353896 -0.116451   2.08415  0.138645 -0.300832   2.17436  -1.25241
 0.353899 -0.116445   2.08419  0.138646 -0.300873   2.17436  -1.25241
 0.353901 -0.116439   2.08423  0.138647 -0.300915   2.17435  -1.25241
 0.353904 -0.116433   2.08427  0.138649 -0.300956   2.17435  -1.25241
 0.353906 -0.116427   2.08431   0.13865 -0.300997   2.17435  -1.25241
 0.353909 -0.116421   2.08435  0.138651 -0.301038   2.17435  -1.25241
 0.353911 -0.116415   2.08439  0.138652  -0.30108   2.17435  -1.25241
 0.353914 -0.116409   2.08443  0.138654 -0.301121   2.17435  -1.25241
 0.353916 -0.116403   2.08447  0.138655 -0.301162   2.17435  -1.25241
 0.353919 -0.116397   2.08451  0.138656 -0.301203   2.17435  -1.25241
 0.353921 -0.116391   2.08455  0.138657 -0.301245   2.17435  -1.25241
 0.353924 -0.116385   2.08459  0.138659 -0.301286   2.17435  -1.25242
 0.353926 -0.116379   2.08463   0.13866 -0.301327   2.17435  -1.25242
 0.353929 -0.116373   2.08467  0.138661 -0.301368   2.17435  -1.25242
 0.353931 -0.116367   2.08471  0.138662  -0.30141   2.17435  -1.25242
 0.353934 -0.116361   2.08475  0.138664 -0.301451   2.17435  -1.25242
 0.353936 -0.116354   2.08479  0.138665 -0.301492   2.17435  -1.25242
 0.353939 -0.116348   2.08483  0.138666 -0.301534   2.17434  -1.25242
 0.353941 -0.116342   2.08487  0.138667 -0.301575   2.17434  -1.25242
 0.353944 -0.116336   2.08491  0.138669 -0.301616   2.17434  -1.25242
 0.353946  -0.11633   2.08495   0.13867 -0.301657   2.17434  -1.25242
 0.353948 -0.116324   2.08499  0.138671 -0.301699   2.17434  -1.25242
 0.353951 -0.116318   2.08503  0.138672  -0.30174   2.17434  -1.25242
 0.353953 -0.116312   2.08507  0.138674 -0.301781   2.17434  -1.25243
 0.353956 -0.116306   2.08511  0.138675 -0.301822   2.17434  -1.25243
 0.353958   -0.1163   2.08515  0.138676 -0.301864   2.17434  -1.25243
 0.353961 -0.116294   2.08519  0.138678 -0.301905   2.17434  -1.25243
 0.353963 -0.116288   2.08523  0.138679 -0.301946   2.17434  -1.25243
 0.353966 -0.116282   2.08527   0.13868 -0.301988   2.17434  -1.25243
 0.353968 -0.116276   2.08531  0.138681 -0.302029   2.17434  -1.25243
0.353971 -0.11627  2.08535 0.138683 -0.30207  2.17434 -1.25243
 0.353973 -0.116264   2.08539  0.138684 -0.302112   2.17434  -1.25243
 0.353976 -0.116258   2.08543  0.138685 -0.302153   2.17433  -1.25243
 0.353978 -0.116251   2.08547  0.138686 -0.302194   2.17433  -1.25243
 0.353981 -0.116245   2.08551  0.138688 -0.302235   2.17433  -1.25243
 0.353983 -0.116239   2.08555  0.138689 -0.302277   2.17433  -1.25244
 0.353986 -0.116233   2.08559   0.13869 -0.302318   2.17433  -1.25244
 0.353988 -0.116227   2.08563  0.138692 -0.302359   2.17433  -1.25244
 0.353991 -0.116221   2.08567  0.138693 -0.302401   2.17433  -1.25244
 0.353993 -0.116215   2.08571  0.138694 -0.302442   2.17433  -1.25244
 0.353996 -0.116209   2.08575  0.138695 -0.302483   2.17433  -1.25244
 0.353998 -0.116203   2.08579  0.138697 -0.302525   2.17433  -1.25244
 0.354001 -0.116197   2.08583  0.138698 -0.302566   2.17433  -1.25244
 0.354003 -0.116191   2.08587  0.138699 -0.302607   2.17433  -1.25244
 0.354006 -0.116185   2.08591    0.1387 -0.302649   2.17433  -1.25244
 0.354008 -0.116179   2.08595  0.138702  -0.30269   2.17433  -1.25244
 0.354011 -0.116173   2.08599  0.138703 -0.302731   2.17433  -1.25244
 0.354013 -0.116167   2.08603  0.138704 -0.302773   2.17432  -1.25245
 0.354016  -0.11616   2.08607  0.138706 -0.302814   2.17432  -1.25245
 0.354018 -0.116154   2.08611  0.138707 -0.302855   2.17432  -1.25245
 0.354021 -0.116148   2.08615  0.138708 -0.302897   2.17432  -1.25245
 0.354023 -0.116142   2.08619  0.138709 -0.302938   2.17432  -1.25245
 0.354026 -0.116136   2.08623  0.138711 -0.302979   2.17432  -1.25245
 0.354028  -0.11613   2.08627  0.138712 -0.303021   2.17432  -1.25245
 0.354031 -0.116124   2.08631  0.138713 -0.303062   2.17432  -1.25245
 0.354033 -0.116118   2.08635  0.138715 -0.303103   2.17432  -1.25245
 0.354036 -0.116112   2.08639  0.138716 -0.303145   2.17432  -1.25245
 0.354038 -0.116106   2.08643  0.138717 -0.303186   2.17432  -1.25245
 0.354041   -0.1161   2.08647  0.138718 -0.303227   2.17432  -1.25245
 0.354043 -0.116094   2.08651   0.13872 -0.303269   2.17432  -1.25246
 0.354046 -0.116088   2.08655  0.138721  -0.30331   2.17432  -1.25246
 0.354048 -0.116082   2.08659  0.138722 -0.303351   2.17432  -1.25246
 0.354051 -0.116075   2.08663  0.138724 -0.303393   2.17431  -1.25246
 0.354053 -0.116069   2.08667  0.138725 -0.303434   2.17431  -1.25246
 0.354056 -0.116063   2.08671  0.138726 -0.303476   2.17431  -1.25246
 0.354058 -0.116057   2.08675  0.138727 -0.303517   2.17431  -1.25246
 0.354061 -0.116051   2.08679  0.138729 -0.303558   2.17431  -1.25246
 0.354063 -0.116045   2.08683   0.13873   -0.3036   2.17431  -1.25246
 0.354066 -0.116039   2.08687  0.138731 -0.303641   2.17431  -1.25246
 0.354068 -0.116033   2.08691  0.138733 -0.303682   2.17431  -1.25246
 0.354071 -0.116027   2.08695  0.138734 -0.303724   2.17431  -1.25246
 0.354073 -0.116021   2.08699  0.138735 -0.303765   2.17431  -1.25247
 0.354076 -0.116015   2.08703  0.138736 -0.303807   2.17431  -1.25247
 0.354078 -0.116009   2.08707  0.138738 -0.303848   2.17431  -1.25247
 0.354081 -0.116003   2.08711  0.138739 -0.303889   2.17431  -1.25247
 0.354083 -0.115996   2.08715   0.13874 -0.303931   2.17431  -1.25247
 0.354086  -0.11599   2.08719  0.138742 -0.303972   2.17431  -1.25247
 0.354088 -0.115984   2.08723  0.138743 -0.304013    2.1743  -1.25247
 0.354091 -0.115978   2.08727  0.138744 -0.304055    2.1743  -1.25247
 0.354093 -0.115972   2.08731  0.138745 -0.304096    2.1743  -1.25247
 0.354096 -0.115966   2.08735  0.138747 -0.304138    2.1743  -1.25247
 0.354098  -0.11596   2.08739  0.138748 -0.304179    2.1743  -1.25247
 0.354101 -0.115954   2.08743  0.138749  -0.30422    2.1743  -1.25247
 0.354103 -0.115948   2.08747  0.138751 -0.304262    2.1743  -1.25247
 0.354106 -0.115942   2.08751  0.138752 -0.304303    2.1743  -1.25248
 0.354108 -0.115936   2.08755  0.138753 -0.304345    2.1743  -1.25248
 0.354111  -0.11593   2.08759  0.138754 -0.304386    2.1743  -1.25248
 0.354113 -0.115924   2.08763  0.138756 -0.304428    2.1743  -1.25248
 0.354116 -0.115917   2.08767  0.138757 -0.304469    2.1743  -1.25248
 0.354118 -0.115911   2.08771  0.138758  -0.30451    2.1743  -1.25248
 0.354121 -0.115905   2.08775   0.13876 -0.304552    2.1743  -1.25248
 0.354123 -0.115899   2.08779  0.138761 -0.304593   2.17429  -1.25248
 0.354126 -0.115893   2.08783  0.138762 -0.304635   2.17429  -1.25248
 0.354128 -0.115887   2.08787  0.138763 -0.304676   2.17429  -1.25248
 0.354131 -0.115881   2.08791  0.138765 -0.304718   2.17429  -1.25248
 0.354133 -0.115875   2.08795  0.138766 -0.304759   2.17429  -1.25248
 0.354136 -0.115869   2.08799  0.138767   -0.3048   2.17429  -1.25249
 0.354138 -0.115863   2.08804  0.138769 -0.304842   2.17429  -1.25249
 0.354141 -0.115857   2.08808   0.13877 -0.304883   2.17429  -1.25249
 0.354143 -0.115851   2.08812  0.138771 -0.304925   2.17429  -1.25249
 0.354146 -0.115844   2.08816  0.138773 -0.304966   2.17429  -1.25249
 0.354148 -0.115838    2.0882  0.138774 -0.305008   2.17429  -1.25249
 0.354151 -0.115832   2.08824  0.138775 -0.305049   2.17429  -1.25249
 0.354153 -0.115826   2.08828  0.138776 -0.305091   2.17429  -1.25249
 0.354156  -0.11582   2.08832  0.138778 -0.305132   2.17429  -1.25249
 0.354158 -0.115814   2.08836  0.138779 -0.305173   2.17429  -1.25249
 0.354161 -0.115808    2.0884   0.13878 -0.305215   2.17428  -1.25249
 0.354163 -0.115802   2.08844  0.138782 -0.305256   2.17428  -1.25249
 0.354166 -0.115796   2.08848  0.138783 -0.305298   2.17428   -1.2525
 0.354168  -0.11579   2.08852  0.138784 -0.305339   2.17428   -1.2525
 0.354171 -0.115784   2.08856  0.138786 -0.305381   2.17428   -1.2525
 0.354173 -0.115778    2.0886  0.138787 -0.305422   2.17428   -1.2525
 0.354176 -0.115771   2.08864  0.138788 -0.305464   2.17428   -1.2525
 0.354178 -0.115765   2.08868  0.138789 -0.305505   2.17428   -1.2525
 0.354181 -0.115759   2.08872  0.138791 -0.305547   2.17428   -1.2525
 0.354183 -0.115753   2.08876  0.138792 -0.305588   2.17428   -1.2525
 0.354186 -0.115747    2.0888  0.138793  -0.30563   2.17428   -1.2525
 0.354188 -0.115741   2.08884  0.138795 -0.305671   2.17428   -1.2525
 0.354191 -0.115735   2.08888  0.138796 -0.305713   2.17428   -1.2525
 0.354193 -0.115729   2.08892  0.138797 -0.305754   2.17428   -1.2525
 0.354196 -0.115723   2.08896  0.138799 -0.305795   2.17428  -1.25251
 0.354198 -0.115717     2.089    0.1388 -0.305837   2.17427  -1.25251
 0.354201 -0.115711   2.08904  0.138801 -0.305878   2.17427  -1.25251
 0.354203 -0.115704   2.08908  0.138802  -0.30592   2.17427  -1.25251
 0.354206 -0.115698   2.08912  0.138804 -0.305961   2.17427  -1.25251
 0.354208 -0.115692   2.08916  0.138805 -0.306003   2.17427  -1.25251
 0.354211 -0.115686    2.0892  0.138806 -0.306044   2.17427  -1.25251
 0.354213  -0.11568   2.08924  0.138808 -0.306086   2.17427  -1.25251
 0.354216 -0.115674   2.08928  0.138809 -0.306127   2.17427  -1.25251
 0.354218 -0.115668   2.08932   0.13881 -0.306169   2.17427  -1.25251
 0.354221 -0.115662   2.08936  0.138812  -0.30621   2.17427  -1.25251
 0.354223 -0.115656    2.0894  0.138813 -0.306252   2.17427  -1.25251
 0.354226  -0.11565   2.08944  0.138814 -0.306294   2.17427  -1.25252
 0.354229 -0.115644   2.08948  0.138815 -0.306335   2.17427  -1.25252
 0.354231 -0.115637   2.08952  0.138817 -0.306377   2.17427  -1.25252
 0.354234 -0.115631   2.08956  0.138818 -0.306418   2.17427  -1.25252
 0.354236 -0.115625    2.0896  0.138819  -0.30646   2.17426  -1.25252
 0.354239 -0.115619   2.08964  0.138821 -0.306501   2.17426  -1.25252
 0.354241 -0.115613   2.08968  0.138822 -0.306543   2.17426  -1.25252
 0.354244 -0.115607   2.08972  0.138823 -0.306584   2.17426  -1.25252
 0.354246 -0.115601   2.08976  0.138825 -0.306626   2.17426  -1.25252
 0.354249 -0.115595    2.0898  0.138826 -0.306667   2.17426  -1.25252
 0.354251 -0.115589   2.08984  0.138827 -0.306709   2.17426  -1.25252
 0.354254 -0.115583   2.08989  0.138829  -0.30675   2.17426  -1.25252
 0.354256 -0.115576   2.08993   0.13883 -0.306792   2.17426  -1.25253
 0.354259  -0.11557   2.08997  0.138831 -0.306833   2.17426  -1.25253
 0.354261 -0.115564   2.09001  0.138832 -0.306875   2.17426  -1.25253
 0.354264 -0.115558   2.09005  0.138834 -0.306916   2.17426  -1.25253
 0.354266 -0.115552   2.09009  0.138835 -0.306958   2.17426  -1.25253
 0.354269 -0.115546   2.09013  0.138836    -0.307   2.17426  -1.25253
 0.354271  -0.11554   2.09017  0.138838 -0.307041   2.17425  -1.25253
 0.354274 -0.115534   2.09021  0.138839 -0.307083   2.17425  -1.25253
 0.354276 -0.115528   2.09025   0.13884 -0.307124   2.17425  -1.25253
 0.354279 -0.115522   2.09029  0.138842 -0.307166   2.17425  -1.25253
 0.354281 -0.115515   2.09033  0.138843 -0.307207   2.17425  -1.25253
 0.354284 -0.115509   2.09037  0.138844 -0.307249   2.17425  -1.25253
 0.354286 -0.115503   2.09041  0.138846  -0.30729   2.17425  -1.25254
 0.354289 -0.115497   2.09045  0.138847 -0.307332   2.17425  -1.25254
 0.354291 -0.115491   2.09049  0.138848 -0.307374   2.17425  -1.25254
 0.354294 -0.115485   2.09053  0.138849 -0.307415   2.17425  -1.25254
 0.354297 -0.115479   2.09057  0.138851 -0.307457   2.17425  -1.25254
 0.354299 -0.115473   2.09061  0.138852 -0.307498   2.17425  -1.25254
 0.354302 -0.115467   2.09065  0.138853  -0.30754   2.17425  -1.25254
 0.354304 -0.115461   2.09069  0.138855 -0.307581   2.17425  -1.25254
 0.354307 -0.115454   2.09073  0.138856 -0.307623   2.17425  -1.25254
 0.354309 -0.115448   2.09077  0.138857 -0.307665   2.17424  -1.25254
 0.354312 -0.115442   2.09081  0.138859 -0.307706   2.17424  -1.25254
 0.354314 -0.115436   2.09085   0.13886 -0.307748   2.17424  -1.25254
 0.354317  -0.11543   2.09089  0.138861 -0.307789   2.17424  -1.25255
 0.354319 -0.115424   2.09093  0.138863 -0.307831   2.17424  -1.25255
 0.354322 -0.115418   2.09097  0.138864 -0.307873   2.17424  -1.25255
 0.354324 -0.115412   2.09101  0.138865 -0.307914   2.17424  -1.25255
 0.354327 -0.115406   2.09105  0.138867 -0.307956   2.17424  -1.25255
 0.354329   -0.1154   2.09109  0.138868 -0.307997   2.17424  -1.25255
 0.354332 -0.115393   2.09113  0.138869 -0.308039   2.17424  -1.25255
 0.354334 -0.115387   2.09117   0.13887 -0.308081   2.17424  -1.25255
 0.354337 -0.115381   2.09122  0.138872 -0.308122   2.17424  -1.25255
 0.354339 -0.115375   2.09126  0.138873 -0.308164   2.17424  -1.25255
 0.354342 -0.115369    2.0913  0.138874 -0.308205   2.17424  -1.25255
 0.354345 -0.115363   2.09134  0.138876 -0.308247   2.17423  -1.25255
 0.354347 -0.115357   2.09138  0.138877 -0.308289   2.17423  -1.25256
  0.35435 -0.115351   2.09142  0.138878  -0.30833   2.17423  -1.25256
 0.354352 -0.115345   2.09146   0.13888 -0.308372   2.17423  -1.25256
 0.354355 -0.115338    2.0915  0.138881 -0.308413   2.17423  -1.25256
 0.354357 -0.115332   2.09154  0.138882 -0.308455   2.17423  -1.25256
  0.35436 -0.115326   2.09158  0.138884 -0.308497   2.17423  -1.25256
 0.354362  -0.11532   2.09162  0.138885 -0.308538   2.17423  -1.25256
 0.354365 -0.115314   2.09166  0.138886  -0.30858   2.17423  -1.25256
 0.354367 -0.115308    2.0917  0.138888 -0.308622   2.17423  -1.25256
  0.35437 -0.115302   2.09174  0.138889 -0.308663   2.17423  -1.25256
 0.354372 -0.115296   2.09178   0.13889 -0.308705   2.17423  -1.25256
 0.354375  -0.11529   2.09182  0.138892 -0.308747   2.17423  -1.25256
 0.354377 -0.115283   2.09186  0.138893 -0.308788   2.17423  -1.25256
  0.35438 -0.115277    2.0919  0.138894  -0.30883   2.17423  -1.25257
 0.354383 -0.115271   2.09194  0.138895 -0.308871   2.17422  -1.25257
 0.354385 -0.115265   2.09198  0.138897 -0.308913   2.17422  -1.25257
 0.354388 -0.115259   2.09202  0.138898 -0.308955   2.17422  -1.25257
  0.35439 -0.115253   2.09206  0.138899 -0.308996   2.17422  -1.25257
 0.354393 -0.115247    2.0921  0.138901 -0.309038   2.17422  -1.25257
 0.354395 -0.115241   2.09214  0.138902  -0.30908   2.17422  -1.25257
 0.354398 -0.115235   2.09218  0.138903 -0.309121   2.17422  -1.25257
   0.3544 -0.115228   2.09222  0.138905 -0.309163   2.17422  -1.25257
 0.354403 -0.115222   2.09226  0.138906 -0.309205   2.17422  -1.25257
 0.354405 -0.115216   2.09231  0.138907 -0.309246   2.17422  -1.25257
 0.354408  -0.11521   2.09235  0.138909 -0.309288   2.17422  -1.25257
  0.35441 -0.115204   2.09239   0.13891  -0.30933   2.17422  -1.25258
 0.354413 -0.115198   2.09243  0.138911 -0.309371   2.17422  -1.25258
 0.354416 -0.115192   2.09247  0.138913 -0.309413   2.17422  -1.25258
 0.354418 -0.115186   2.09251  0.138914 -0.309455   2.17421  -1.25258
 0.354421  -0.11518   2.09255  0.138915 -0.309496   2.17421  -1.25258
 0.354423 -0.115173   2.09259  0.138917 -0.309538   2.17421  -1.25258
 0.354426 -0.115167   2.09263  0.138918  -0.30958   2.17421  -1.25258
 0.354428 -0.115161   2.09267  0.138919 -0.309621   2.17421  -1.25258
 0.354431 -0.115155   2.09271  0.138921 -0.309663   2.17421  -1.25258
 0.354433 -0.115149   2.09275  0.138922 -0.309705   2.17421  -1.25258
 0.354436 -0.115143   2.09279  0.138923 -0.309746   2.17421  -1.25258
 0.354438 -0.115137   2.09283  0.138925 -0.309788   2.17421  -1.25258
 0.354441 -0.115131   2.09287  0.138926  -0.30983   2.17421  -1.25259
 0.354443 -0.115125   2.09291  0.138927 -0.309872   2.17421  -1.25259
 0.354446 -0.115118   2.09295  0.138928 -0.309913   2.17421  -1.25259
 0.354449 -0.115112   2.09299   0.13893 -0.309955   2.17421  -1.25259
 0.354451 -0.115106   2.09303  0.138931 -0.309997   2.17421  -1.25259
 0.354454   -0.1151   2.09307  0.138932 -0.310038   2.17421  -1.25259
 0.354456 -0.115094   2.09311  0.138934  -0.31008    2.1742  -1.25259
 0.354459 -0.115088   2.09315  0.138935 -0.310122    2.1742  -1.25259
 0.354461 -0.115082   2.09319  0.138936 -0.310164    2.1742  -1.25259
 0.354464 -0.115076   2.09323  0.138938 -0.310205    2.1742  -1.25259
 0.354466 -0.115069   2.09328  0.138939 -0.310247    2.1742  -1.25259
 0.354469 -0.115063   2.09332   0.13894 -0.310289    2.1742  -1.25259
 0.354471 -0.115057   2.09336  0.138942  -0.31033    2.1742   -1.2526
