  0.060532 -0.0308768 0.00373016
 0.0689841 -0.0414081 0.00621983
 0.0745775 -0.0470441 0.00819992
 0.0783298  -0.049842 0.00976336
  0.080901 -0.0510017  0.0109999
 0.0827097 -0.0512318  0.0119843
 0.0840193 -0.0509528  0.0127752
 0.0849955 -0.0504138  0.0134174
 0.0857433 -0.0497607  0.0139448
   0.08633 -0.0490778  0.0143825
 0.0867993 -0.0484117  0.0147496
 0.0871804 -0.0477867  0.0150602
 0.0874933 -0.0472142  0.0153252
  0.087752 -0.0466974  0.0155529
 0.0879667 -0.0462355  0.0157496
 0.0881452 -0.0458254  0.0159205
 0.0882935 -0.0454628  0.0160694
0.0884162 -0.045143 0.0161996
 0.0885173 -0.0448615  0.0163138
 0.0885999 -0.0446139  0.0164141
0.0886667 -0.044396 0.0165022
 0.0887199 -0.0442044  0.0165799
 0.0887616 -0.0440356  0.0166483
 0.0887933 -0.0438868  0.0167086
 0.0888165 -0.0437555  0.0167618
 0.0888323 -0.0436394  0.0168086
 0.0888419 -0.0435366  0.0168499
 0.0888461 -0.0434453  0.0168863
0.0888458 -0.043364 0.0169183
 0.0888415 -0.0432915  0.0169465
  0.088834 -0.0432266  0.0169712
 0.0888236 -0.0431684  0.0169929
 0.0888109 -0.0431159  0.0170118
 0.0887962 -0.0430685  0.0170284
 0.0887798 -0.0430255  0.0170429
 0.0887621 -0.0429863  0.0170554
 0.0887431 -0.0429505  0.0170663
 0.0887233 -0.0429177  0.0170756
 0.0887027 -0.0428874  0.0170837
 0.0886815 -0.0428593  0.0170905
 0.0886598 -0.0428333  0.0170963
 0.0886377 -0.0428089  0.0171011
 0.0886154 -0.0427861  0.0171052
 0.0885929 -0.0427647  0.0171084
 0.0885703 -0.0427444   0.017111
 0.0885477 -0.0427252  0.0171131
  0.088525 -0.0427069  0.0171146
 0.0885024 -0.0426895  0.0171156
 0.0884799 -0.0426728  0.0171163
 0.0884575 -0.0426567  0.0171166
 0.0884353 -0.0426413  0.0171165
 0.0884132 -0.0426264  0.0171162
0.0883913 -0.042612 0.0171156
0.0883695 -0.042598 0.0171149
  0.088348 -0.0425844  0.0171139
 0.0883267 -0.0425712  0.0171127
 0.0883057 -0.0425583  0.0171114
 0.0882849 -0.0425457    0.01711
 0.0882643 -0.0425334  0.0171085
 0.0882439 -0.0425214  0.0171069
 0.0882238 -0.0425096  0.0171052
  0.088204 -0.0424981  0.0171034
 0.0881844 -0.0424868  0.0171016
  0.088165 -0.0424757  0.0170997
 0.0881459 -0.0424648  0.0170978
 0.088127 -0.042454 0.0170958
 0.0881084 -0.0424435  0.0170939
   0.08809 -0.0424331  0.0170919
 0.0880719 -0.0424229  0.0170899
  0.088054 -0.0424128  0.0170878
 0.0880364 -0.0424029  0.0170858
 0.0880189 -0.0423932  0.0170838
 0.0880018 -0.0423836  0.0170818
 0.0879848 -0.0423741  0.0170798
 0.0879681 -0.0423648  0.0170778
 0.0879516 -0.0423556  0.0170758
 0.0879353 -0.0423465  0.0170739
 0.0879193 -0.0423376  0.0170719
 0.0879034 -0.0423287    0.01707
0.0878878  -0.04232 0.0170681
 0.0878724 -0.0423115  0.0170662
0.0878572 -0.042303 0.0170643
 0.0878422 -0.0422946  0.0170625
 0.0878274 -0.0422864  0.0170607
 0.0878128 -0.0422783  0.0170589
 0.0877985 -0.0422703  0.0170571
 0.0877843 -0.0422623  0.0170553
 0.0877703 -0.0422545  0.0170536
 0.0877565 -0.0422468  0.0170519
 0.0877428 -0.0422392  0.0170503
 0.0877294 -0.0422317  0.0170486
 0.0877162 -0.0422243   0.017047
0.0877031 -0.042217 0.0170454
 0.0876902 -0.0422098  0.0170438
 0.0876775 -0.0422027  0.0170423
 0.0876649 -0.0421957  0.0170408
 0.0876526 -0.0421887  0.0170393
 0.0876404 -0.0421819  0.0170379
 0.0876283 -0.0421751  0.0170364
 0.0876164 -0.0421685   0.017035
 0.0876047 -0.0421619  0.0170337
 0.0875932 -0.0421554  0.0170323
0.0875818 -0.042149  0.017031
 0.0875705 -0.0421427  0.0170297
 0.0875595 -0.0421364  0.0170284
 0.0875485 -0.0421303  0.0170272
 0.0875377 -0.0421242  0.0170259
 0.0875271 -0.0421182  0.0170247
 0.0875166 -0.0421123  0.0170236
 0.0875062 -0.0421064  0.0170224
  0.087496 -0.0421007  0.0170213
 0.087486 -0.042095 0.0170202
  0.087476 -0.0420893  0.0170191
 0.0874662 -0.0420838   0.017018
 0.0874566 -0.0420783   0.017017
  0.087447 -0.0420729   0.017016
 0.0874376 -0.0420676   0.017015
 0.0874284 -0.0420623   0.017014
 0.0874192 -0.0420571  0.0170131
0.0874102 -0.042052 0.0170121
 0.0874013 -0.0420469  0.0170112
 0.0873925 -0.0420419  0.0170103
0.0873838 -0.042037 0.0170095
 0.0873753 -0.0420321  0.0170086
 0.0873669 -0.0420273  0.0170078
 0.0873586 -0.0420226   0.017007
 0.0873504 -0.0420179  0.0170062
 0.0873423 -0.0420132  0.0170054
 0.0873343 -0.0420087  0.0170046
 0.0873265 -0.0420042  0.0170039
 0.0873187 -0.0419997  0.0170032
 0.0873111 -0.0419953  0.0170025
0.0873035 -0.041991 0.0170018
 0.0872961 -0.0419867  0.0170011
 0.0872887 -0.0419825  0.0170005
 0.0872815 -0.0419784  0.0169998
 0.0872743 -0.0419742  0.0169992
 0.0872673 -0.0419702  0.0169986
 0.0872604 -0.0419662   0.016998
 0.0872535 -0.0419622  0.0169975
 0.0872467 -0.0419583  0.0169969
 0.0872401 -0.0419545  0.0169964
 0.0872335 -0.0419507  0.0169958
  0.087227 -0.0419469  0.0169953
 0.0872206 -0.0419432  0.0169948
 0.0872143 -0.0419395  0.0169943
 0.0872081 -0.0419359  0.0169939
  0.087202 -0.0419324  0.0169934
 0.0871959 -0.0419288   0.016993
   0.08719 -0.0419254  0.0169925
 0.0871841 -0.0419219  0.0169921
 0.0871783 -0.0419186  0.0169917
 0.0871726 -0.0419152  0.0169913
 0.0871669 -0.0419119  0.0169909
 0.0871613 -0.0419087  0.0169906
 0.0871559 -0.0419054  0.0169902
 0.0871504 -0.0419023  0.0169899
 0.0871451 -0.0418991  0.0169895
0.0871398 -0.041896 0.0169892
0.0871346 -0.041893 0.0169889
0.0871295  -0.04189 0.0169886
0.0871245 -0.041887 0.0169883
 0.0871195 -0.0418841   0.016988
 0.0871146 -0.0418812  0.0169878
 0.0871097 -0.0418783  0.0169875
  0.087105 -0.0418755  0.0169872
 0.0871003 -0.0418727   0.016987
0.0870956  -0.04187 0.0169868
  0.087091 -0.0418672  0.0169866
 0.0870865 -0.0418646  0.0169864
 0.0870821 -0.0418619  0.0169862
 0.0870777 -0.0418593   0.016986
 0.0870733 -0.0418567  0.0169858
 0.0870691 -0.0418542  0.0169856
 0.0870649 -0.0418517  0.0169854
 0.0870607 -0.0418492  0.0169853
 0.0870566 -0.0418467  0.0169851
 0.0870526 -0.0418443   0.016985
 0.0870486 -0.0418419  0.0169849
 0.0870447 -0.0418396  0.0169847
 0.0870408 -0.0418372  0.0169846
 0.087037 -0.041835 0.0169845
 0.0870332 -0.0418327  0.0169844
 0.0870295 -0.0418304  0.0169843
 0.0870258 -0.0418282  0.0169842
 0.0870222 -0.0418261  0.0169841
 0.0870187 -0.0418239  0.0169841
 0.0870152 -0.0418218   0.016984
 0.0870117 -0.0418197  0.0169839
 0.0870083 -0.0418176  0.0169839
 0.0870049 -0.0418156  0.0169839
 0.0870016 -0.0418136  0.0169838
 0.0869984 -0.0418116  0.0169838
 0.0869951 -0.0418096  0.0169837
  0.086992 -0.0418077  0.0169837
 0.0869888 -0.0418057  0.0169837
 0.0869857 -0.0418038  0.0169837
0.0869827 -0.041802 0.0169837
 0.0869797 -0.0418001  0.0169837
 0.0869767 -0.0417983  0.0169837
 0.0869738 -0.0417965  0.0169837
 0.0869709 -0.0417947  0.0169837
0.0869681 -0.041793 0.0169838
 0.0869653 -0.0417913  0.0169838
 0.0869626 -0.0417896  0.0169838
 0.0869598 -0.0417879  0.0169839
 0.0869572 -0.0417862  0.0169839
 0.0869545 -0.0417846  0.0169839
0.0869519 -0.041783  0.016984
 0.0869494 -0.0417814   0.016984
 0.0869468 -0.0417798  0.0169841
 0.0869443 -0.0417782  0.0169842
 0.0869419 -0.0417767  0.0169842
 0.0869395 -0.0417752  0.0169843
 0.0869371 -0.0417737  0.0169844
 0.0869347 -0.0417722  0.0169845
 0.0869324 -0.0417707  0.0169846
 0.0869301 -0.0417693  0.0169846
 0.0869279 -0.0417679  0.0169847
 0.0869256 -0.0417664  0.0169848
 0.0869234 -0.0417651  0.0169849
 0.0869213 -0.0417637   0.016985
 0.0869192 -0.0417623  0.0169851
0.0869171 -0.041761 0.0169852
  0.086915 -0.0417597  0.0169854
  0.086913 -0.0417584  0.0169855
 0.0869109 -0.0417571  0.0169856
  0.086909 -0.0417558  0.0169857
  0.086907 -0.0417546  0.0169858
 0.0869051 -0.0417533   0.016986
 0.0869032 -0.0417521  0.0169861
 0.0869013 -0.0417509  0.0169862
 0.0868995 -0.0417497  0.0169864
 0.0868977 -0.0417486  0.0169865
 0.0868959 -0.0417474  0.0169866
 0.0868941 -0.0417463  0.0169868
 0.0868924 -0.0417451  0.0169869
0.0868907 -0.041744 0.0169871
  0.086889 -0.0417429  0.0169872
 0.0868873 -0.0417418  0.0169874
 0.0868857 -0.0417407  0.0169876
 0.0868841 -0.0417397  0.0169877
 0.0868825 -0.0417386  0.0169879
 0.0868809 -0.0417376   0.016988
 0.0868794 -0.0417366  0.0169882
 0.0868779 -0.0417356  0.0169884
 0.0868764 -0.0417346  0.0169885
 0.0868749 -0.0417336  0.0169887
 0.0868735 -0.0417326  0.0169889
  0.086872 -0.0417317   0.016989
 0.0868706 -0.0417307  0.0169892
 0.0868692 -0.0417298  0.0169894
 0.0868679 -0.0417289  0.0169896
0.0868665 -0.041728 0.0169898
 0.0868652 -0.0417271  0.0169899
 0.0868639 -0.0417262  0.0169901
 0.0868626 -0.0417253  0.0169903
 0.0868613 -0.0417245  0.0169905
 0.0868601 -0.0417236  0.0169907
 0.0868588 -0.0417228  0.0169909
0.0868576 -0.041722 0.0169911
 0.0868564 -0.0417211  0.0169913
 0.0868552 -0.0417203  0.0169915
 0.0868541 -0.0417195  0.0169916
 0.0868529 -0.0417187  0.0169918
0.0868518 -0.041718  0.016992
 0.0868507 -0.0417172  0.0169922
 0.0868496 -0.0417164  0.0169924
 0.0868485 -0.0417157  0.0169926
0.0868475 -0.041715 0.0169928
 0.0868464 -0.0417142   0.016993
 0.0868454 -0.0417135  0.0169932
 0.0868444 -0.0417128  0.0169934
 0.0868434 -0.0417121  0.0169936
 0.0868424 -0.0417114  0.0169939
 0.0868414 -0.0417107  0.0169941
0.0868405  -0.04171 0.0169943
 0.0868395 -0.0417094  0.0169945
 0.0868386 -0.0417087  0.0169947
 0.0868377 -0.0417081  0.0169949
 0.0868368 -0.0417074  0.0169951
 0.0868359 -0.0417068  0.0169953
 0.0868351 -0.0417062  0.0169955
 0.0868342 -0.0417055  0.0169957
 0.0868334 -0.0417049  0.0169959
 0.0868325 -0.0417043  0.0169962
 0.0868317 -0.0417037  0.0169964
 0.0868309 -0.0417032  0.0169966
 0.0868301 -0.0417026  0.0169968
0.0868293 -0.041702  0.016997
 0.0868286 -0.0417014  0.0169972
 0.0868278 -0.0417009  0.0169974
 0.0868271 -0.0417003  0.0169977
 0.0868264 -0.0416998  0.0169979
 0.0868256 -0.0416993  0.0169981
 0.0868249 -0.0416987  0.0169983
 0.0868242 -0.0416982  0.0169985
 0.0868235 -0.0416977  0.0169987
 0.0868229 -0.0416972  0.0169989
 0.0868222 -0.0416967  0.0169992
 0.0868216 -0.0416962  0.0169994
 0.0868209 -0.0416957  0.0169996
 0.0868203 -0.0416952  0.0169998
 0.0868197 -0.0416947      0.017
  0.086819 -0.0416943  0.0170002
 0.0868184 -0.0416938  0.0170005
 0.0868178 -0.0416933  0.0170007
 0.0868173 -0.0416929  0.0170009
 0.0868167 -0.0416924  0.0170011
0.0868161 -0.041692 0.0170013
 0.0868156 -0.0416916  0.0170015
  0.086815 -0.0416911  0.0170018
 0.0868145 -0.0416907   0.017002
 0.0868139 -0.0416903  0.0170022
 0.0868134 -0.0416899  0.0170024
 0.0868129 -0.0416895  0.0170026
 0.0868124 -0.0416891  0.0170028
 0.0868119 -0.0416887  0.0170031
 0.0868114 -0.0416883  0.0170033
 0.0868109 -0.0416879  0.0170035
 0.0868105 -0.0416875  0.0170037
   0.08681 -0.0416871  0.0170039
 0.0868096 -0.0416867  0.0170041
 0.0868091 -0.0416864  0.0170043
0.0868087 -0.041686 0.0170046
 0.0868082 -0.0416856  0.0170048
 0.0868078 -0.0416853   0.017005
 0.0868074 -0.0416849  0.0170052
  0.086807 -0.0416846  0.0170054
 0.0868066 -0.0416843  0.0170056
 0.0868062 -0.0416839  0.0170058
 0.0868058 -0.0416836  0.0170061
 0.0868054 -0.0416833  0.0170063
  0.086805 -0.0416829  0.0170065
 0.0868046 -0.0416826  0.0170067
 0.0868043 -0.0416823  0.0170069
0.0868039 -0.041682 0.0170071
 0.0868036 -0.0416817  0.0170073
 0.0868032 -0.0416814  0.0170075
 0.0868029 -0.0416811  0.0170077
 0.0868025 -0.0416808  0.0170079
 0.0868022 -0.0416805  0.0170082
 0.0868019 -0.0416802  0.0170084
 0.0868016 -0.0416799  0.0170086
 0.0868012 -0.0416796  0.0170088
 0.0868009 -0.0416793   0.017009
 0.0868006 -0.0416791  0.0170092
 0.0868003 -0.0416788  0.0170094
 0.0868001 -0.0416785  0.0170096
 0.0867998 -0.0416783  0.0170098
0.0867995 -0.041678   0.01701
 0.0867992 -0.0416777  0.0170102
 0.0867989 -0.0416775  0.0170104
 0.0867987 -0.0416772  0.0170106
0.0867984 -0.041677 0.0170108
 0.0867982 -0.0416767   0.017011
 0.0867979 -0.0416765  0.0170112
 0.0867977 -0.0416763  0.0170114
0.0867974 -0.041676 0.0170116
 0.0867972 -0.0416758  0.0170118
 0.0867969 -0.0416756   0.017012
 0.0867967 -0.0416753  0.0170122
 0.0867965 -0.0416751  0.0170124
 0.0867963 -0.0416749  0.0170126
 0.0867961 -0.0416747  0.0170128
 0.0867958 -0.0416744   0.017013
 0.0867956 -0.0416742  0.0170132
0.0867954 -0.041674 0.0170134
 0.0867952 -0.0416738  0.0170136
  0.086795 -0.0416736  0.0170138
 0.0867948 -0.0416734   0.017014
 0.0867947 -0.0416732  0.0170142
0.0867945 -0.041673 0.0170144
 0.0867943 -0.0416728  0.0170145
 0.0867941 -0.0416726  0.0170147
 0.0867939 -0.0416724  0.0170149
 0.0867938 -0.0416722  0.0170151
 0.0867936 -0.0416721  0.0170153
 0.0867934 -0.0416719  0.0170155
 0.0867933 -0.0416717  0.0170157
 0.0867931 -0.0416715  0.0170159
  0.086793 -0.0416713   0.017016
 0.0867928 -0.0416712  0.0170162
0.0867927 -0.041671 0.0170164
 0.0867925 -0.0416708  0.0170166
 0.0867924 -0.0416707  0.0170168
 0.0867922 -0.0416705   0.017017
 0.0867921 -0.0416703  0.0170171
  0.086792 -0.0416702  0.0170173
0.0867918  -0.04167 0.0170175
 0.0867917 -0.0416699  0.0170177
 0.0867916 -0.0416697  0.0170179
 0.0867914 -0.0416695   0.017018
 0.0867913 -0.0416694  0.0170182
 0.0867912 -0.0416692  0.0170184
 0.0867911 -0.0416691  0.0170186
 0.086791 -0.041669 0.0170188
 0.0867909 -0.0416688  0.0170189
 0.0867908 -0.0416687  0.0170191
 0.0867907 -0.0416685  0.0170193
 0.0867906 -0.0416684  0.0170194
 0.0867905 -0.0416683  0.0170196
 0.0867904 -0.0416681  0.0170198
0.0867903 -0.041668   0.01702
 0.0867902 -0.0416679  0.0170201
 0.0867901 -0.0416677  0.0170203
   0.08679 -0.0416676  0.0170205
 0.0867899 -0.0416675  0.0170206
 0.0867898 -0.0416673  0.0170208
 0.0867897 -0.0416672   0.017021
 0.0867897 -0.0416671  0.0170211
0.0867896 -0.041667 0.0170213
 0.0867895 -0.0416669  0.0170215
 0.0867894 -0.0416667  0.0170216
 0.0867894 -0.0416666  0.0170218
 0.0867893 -0.0416665   0.017022
 0.0867892 -0.0416664  0.0170221
 0.0867891 -0.0416663  0.0170223
 0.0867891 -0.0416662  0.0170224
  0.086789 -0.0416661  0.0170226
 0.086789 -0.041666 0.0170228
 0.0867889 -0.0416659  0.0170229
 0.0867888 -0.0416657  0.0170231
 0.0867888 -0.0416656  0.0170232
 0.0867887 -0.0416655  0.0170234
 0.0867887 -0.0416654  0.0170235
 0.0867886 -0.0416653  0.0170237
 0.0867886 -0.0416652  0.0170238
 0.0867885 -0.0416651   0.017024
 0.0867885 -0.0416651  0.0170242
0.0867884 -0.041665 0.0170243
 0.0867884 -0.0416649  0.0170245
 0.0867883 -0.0416648  0.0170246
 0.0867883 -0.0416647  0.0170248
 0.0867883 -0.0416646  0.0170249
 0.0867882 -0.0416645  0.0170251
 0.0867882 -0.0416644  0.0170252
 0.0867881 -0.0416643  0.0170253
 0.0867881 -0.0416642  0.0170255
 0.0867881 -0.0416642  0.0170256
  0.086788 -0.0416641  0.0170258
 0.086788 -0.041664 0.0170259
  0.086788 -0.0416639  0.0170261
 0.0867879 -0.0416638  0.0170262
 0.0867879 -0.0416637  0.0170264
 0.0867879 -0.0416637  0.0170265
 0.0867879 -0.0416636  0.0170266
 0.0867878 -0.0416635  0.0170268
 0.0867878 -0.0416634  0.0170269
 0.0867878 -0.0416634  0.0170271
 0.0867878 -0.0416633  0.0170272
 0.0867877 -0.0416632  0.0170273
 0.0867877 -0.0416631  0.0170275
 0.0867877 -0.0416631  0.0170276
0.0867877 -0.041663 0.0170277
 0.0867877 -0.0416629  0.0170279
 0.0867877 -0.0416629   0.017028
 0.0867876 -0.0416628  0.0170281
 0.0867876 -0.0416627  0.0170283
 0.0867876 -0.0416627  0.0170284
 0.0867876 -0.0416626  0.0170285
 0.0867876 -0.0416625  0.0170287
 0.0867876 -0.0416625  0.0170288
 0.0867876 -0.0416624  0.0170289
 0.0867876 -0.0416623  0.0170291
 0.0867875 -0.0416623  0.0170292
 0.0867875 -0.0416622  0.0170293
 0.0867875 -0.0416622  0.0170294
 0.0867875 -0.0416621  0.0170296
0.0867875 -0.041662 0.0170297
0.0867875 -0.041662 0.0170298
 0.0867875 -0.0416619  0.0170299
 0.0867875 -0.0416619  0.0170301
 0.0867875 -0.0416618  0.0170302
 0.0867875 -0.0416618  0.0170303
 0.0867875 -0.0416617  0.0170304
 0.0867875 -0.0416617  0.0170306
 0.0867875 -0.0416616  0.0170307
 0.0867875 -0.0416615  0.0170308
 0.0867875 -0.0416615  0.0170309
 0.0867875 -0.0416614   0.017031
 0.0867875 -0.0416614  0.0170312
 0.0867875 -0.0416613  0.0170313
 0.0867875 -0.0416613  0.0170314
 0.0867875 -0.0416612  0.0170315
 0.0867875 -0.0416612  0.0170316
 0.0867875 -0.0416612  0.0170317
 0.0867875 -0.0416611  0.0170319
 0.0867875 -0.0416611   0.017032
0.0867875 -0.041661 0.0170321
0.0867875 -0.041661 0.0170322
 0.0867876 -0.0416609  0.0170323
 0.0867876 -0.0416609  0.0170324
 0.0867876 -0.0416608  0.0170325
 0.0867876 -0.0416608  0.0170326
 0.0867876 -0.0416607  0.0170328
 0.0867876 -0.0416607  0.0170329
 0.0867876 -0.0416607   0.017033
 0.0867876 -0.0416606  0.0170331
 0.0867876 -0.0416606  0.0170332
 0.0867876 -0.0416605  0.0170333
 0.0867876 -0.0416605  0.0170334
 0.0867877 -0.0416605  0.0170335
 0.0867877 -0.0416604  0.0170336
 0.0867877 -0.0416604  0.0170337
 0.0867877 -0.0416603  0.0170338
 0.0867877 -0.0416603  0.0170339
 0.0867877 -0.0416603   0.017034
 0.0867877 -0.0416602  0.0170341
 0.0867877 -0.0416602  0.0170342
 0.0867878 -0.0416602  0.0170343
 0.0867878 -0.0416601  0.0170344
 0.0867878 -0.0416601  0.0170345
 0.0867878 -0.0416601  0.0170346
0.0867878  -0.04166 0.0170347
0.0867878  -0.04166 0.0170348
0.0867878  -0.04166 0.0170349
 0.0867879 -0.0416599   0.017035
 0.0867879 -0.0416599  0.0170351
 0.0867879 -0.0416599  0.0170352
 0.0867879 -0.0416598  0.0170353
 0.0867879 -0.0416598  0.0170354
 0.0867879 -0.0416598  0.0170355
  0.086788 -0.0416597  0.0170356
  0.086788 -0.0416597  0.0170357
  0.086788 -0.0416597  0.0170358
  0.086788 -0.0416596  0.0170359
  0.086788 -0.0416596   0.017036
 0.0867881 -0.0416596  0.0170361
 0.0867881 -0.0416596  0.0170361
 0.0867881 -0.0416595  0.0170362
 0.0867881 -0.0416595  0.0170363
 0.0867881 -0.0416595  0.0170364
 0.0867881 -0.0416594  0.0170365
 0.0867882 -0.0416594  0.0170366
 0.0867882 -0.0416594  0.0170367
 0.0867882 -0.0416594  0.0170368
 0.0867882 -0.0416593  0.0170369
 0.0867882 -0.0416593  0.0170369
 0.0867883 -0.0416593   0.017037
 0.0867883 -0.0416593  0.0170371
 0.0867883 -0.0416592  0.0170372
 0.0867883 -0.0416592  0.0170373
 0.0867883 -0.0416592  0.0170374
 0.0867884 -0.0416592  0.0170375
 0.0867884 -0.0416591  0.0170375
 0.0867884 -0.0416591  0.0170376
 0.0867884 -0.0416591  0.0170377
 0.0867884 -0.0416591  0.0170378
0.0867885 -0.041659 0.0170379
0.0867885 -0.041659 0.0170379
0.0867885 -0.041659  0.017038
0.0867885 -0.041659 0.0170381
0.0867885 -0.041659 0.0170382
 0.0867886 -0.0416589  0.0170383
 0.0867886 -0.0416589  0.0170383
 0.0867886 -0.0416589  0.0170384
 0.0867886 -0.0416589  0.0170385
 0.0867886 -0.0416589  0.0170386
 0.0867887 -0.0416588  0.0170387
 0.0867887 -0.0416588  0.0170387
 0.0867887 -0.0416588  0.0170388
 0.0867887 -0.0416588  0.0170389
 0.0867888 -0.0416588   0.017039
 0.0867888 -0.0416587   0.017039
 0.0867888 -0.0416587  0.0170391
 0.0867888 -0.0416587  0.0170392
 0.0867888 -0.0416587  0.0170392
 0.0867889 -0.0416587  0.0170393
 0.0867889 -0.0416586  0.0170394
 0.0867889 -0.0416586  0.0170395
 0.0867889 -0.0416586  0.0170395
 0.0867889 -0.0416586  0.0170396
  0.086789 -0.0416586  0.0170397
  0.086789 -0.0416585  0.0170397
  0.086789 -0.0416585  0.0170398
  0.086789 -0.0416585  0.0170399
 0.0867891 -0.0416585    0.01704
 0.0867891 -0.0416585    0.01704
 0.0867891 -0.0416585  0.0170401
 0.0867891 -0.0416584  0.0170402
 0.0867891 -0.0416584  0.0170402
 0.0867892 -0.0416584  0.0170403
 0.0867892 -0.0416584  0.0170404
 0.0867892 -0.0416584  0.0170404
 0.0867892 -0.0416584  0.0170405
 0.0867892 -0.0416583  0.0170406
 0.0867893 -0.0416583  0.0170406
 0.0867893 -0.0416583  0.0170407
 0.0867893 -0.0416583  0.0170408
 0.0867893 -0.0416583  0.0170408
 0.0867894 -0.0416583  0.0170409
 0.0867894 -0.0416583  0.0170409
 0.0867894 -0.0416582   0.017041
 0.0867894 -0.0416582  0.0170411
 0.0867894 -0.0416582  0.0170411
 0.0867895 -0.0416582  0.0170412
 0.0867895 -0.0416582  0.0170412
 0.0867895 -0.0416582  0.0170413
 0.0867895 -0.0416582  0.0170414
 0.0867895 -0.0416581  0.0170414
 0.0867896 -0.0416581  0.0170415
 0.0867896 -0.0416581  0.0170415
 0.0867896 -0.0416581  0.0170416
 0.0867896 -0.0416581  0.0170417
 0.0867896 -0.0416581  0.0170417
 0.0867897 -0.0416581  0.0170418
 0.0867897 -0.0416581  0.0170418
0.0867897 -0.041658 0.0170419
0.0867897 -0.041658  0.017042
0.0867897 -0.041658  0.017042
0.0867898 -0.041658 0.0170421
0.0867898 -0.041658 0.0170421
0.0867898 -0.041658 0.0170422
0.0867898 -0.041658 0.0170422
0.0867898 -0.041658 0.0170423
 0.0867899 -0.0416579  0.0170423
 0.0867899 -0.0416579  0.0170424
 0.0867899 -0.0416579  0.0170424
 0.0867899 -0.0416579  0.0170425
 0.0867899 -0.0416579  0.0170426
   0.08679 -0.0416579  0.0170426
   0.08679 -0.0416579  0.0170427
   0.08679 -0.0416579  0.0170427
   0.08679 -0.0416579  0.0170428
   0.08679 -0.0416578  0.0170428
 0.0867901 -0.0416578  0.0170429
 0.0867901 -0.0416578  0.0170429
 0.0867901 -0.0416578   0.017043
 0.0867901 -0.0416578   0.017043
 0.0867901 -0.0416578  0.0170431
 0.0867902 -0.0416578  0.0170431
 0.0867902 -0.0416578  0.0170432
 0.0867902 -0.0416578  0.0170432
 0.0867902 -0.0416577  0.0170433
 0.0867902 -0.0416577  0.0170433
 0.0867902 -0.0416577  0.0170434
 0.0867903 -0.0416577  0.0170434
 0.0867903 -0.0416577  0.0170435
 0.0867903 -0.0416577  0.0170435
 0.0867903 -0.0416577  0.0170435
 0.0867903 -0.0416577  0.0170436
 0.0867904 -0.0416577  0.0170436
 0.0867904 -0.0416577  0.0170437
 0.0867904 -0.0416576  0.0170437
 0.0867904 -0.0416576  0.0170438
 0.0867904 -0.0416576  0.0170438
 0.0867904 -0.0416576  0.0170439
 0.0867905 -0.0416576  0.0170439
 0.0867905 -0.0416576   0.017044
 0.0867905 -0.0416576   0.017044
 0.0867905 -0.0416576   0.017044
 0.0867905 -0.0416576  0.0170441
 0.0867905 -0.0416576  0.0170441
 0.0867906 -0.0416576  0.0170442
 0.0867906 -0.0416575  0.0170442
 0.0867906 -0.0416575  0.0170443
 0.0867906 -0.0416575  0.0170443
 0.0867906 -0.0416575  0.0170443
 0.0867906 -0.0416575  0.0170444
 0.0867907 -0.0416575  0.0170444
 0.0867907 -0.0416575  0.0170445
 0.0867907 -0.0416575  0.0170445
 0.0867907 -0.0416575  0.0170445
 0.0867907 -0.0416575  0.0170446
 0.0867907 -0.0416575  0.0170446
 0.0867908 -0.0416575  0.0170447
 0.0867908 -0.0416575  0.0170447
 0.0867908 -0.0416574  0.0170447
 0.0867908 -0.0416574  0.0170448
 0.0867908 -0.0416574  0.0170448
 0.0867908 -0.0416574  0.0170449
 0.0867908 -0.0416574  0.0170449
 0.0867909 -0.0416574  0.0170449
 0.0867909 -0.0416574   0.017045
 0.0867909 -0.0416574   0.017045
 0.0867909 -0.0416574   0.017045
 0.0867909 -0.0416574  0.0170451
 0.0867909 -0.0416574  0.0170451
 0.0867909 -0.0416574  0.0170452
  0.086791 -0.0416574  0.0170452
  0.086791 -0.0416573  0.0170452
  0.086791 -0.0416573  0.0170453
  0.086791 -0.0416573  0.0170453
  0.086791 -0.0416573  0.0170453
  0.086791 -0.0416573  0.0170454
  0.086791 -0.0416573  0.0170454
 0.0867911 -0.0416573  0.0170454
 0.0867911 -0.0416573  0.0170455
 0.0867911 -0.0416573  0.0170455
 0.0867911 -0.0416573  0.0170455
 0.0867911 -0.0416573  0.0170456
 0.0867911 -0.0416573  0.0170456
 0.0867911 -0.0416573  0.0170456
 0.0867912 -0.0416573  0.0170457
 0.0867912 -0.0416572  0.0170457
 0.0867912 -0.0416572  0.0170457
 0.0867912 -0.0416572  0.0170458
 0.0867912 -0.0416572  0.0170458
 0.0867912 -0.0416572  0.0170458
 0.0867912 -0.0416572  0.0170459
 0.0867912 -0.0416572  0.0170459
 0.0867913 -0.0416572  0.0170459
 0.0867913 -0.0416572   0.017046
 0.0867913 -0.0416572   0.017046
 0.0867913 -0.0416572   0.017046
 0.0867913 -0.0416572  0.0170461
 0.0867913 -0.0416572  0.0170461
 0.0867913 -0.0416572  0.0170461
 0.0867913 -0.0416572  0.0170461
 0.0867913 -0.0416571  0.0170462
 0.0867914 -0.0416571  0.0170462
 0.0867914 -0.0416571  0.0170462
 0.0867914 -0.0416571  0.0170463
 0.0867914 -0.0416571  0.0170463
 0.0867914 -0.0416571  0.0170463
 0.0867914 -0.0416571  0.0170463
 0.0867914 -0.0416571  0.0170464
 0.0867914 -0.0416571  0.0170464
 0.0867914 -0.0416571  0.0170464
 0.0867915 -0.0416571  0.0170465
 0.0867915 -0.0416571  0.0170465
 0.0867915 -0.0416571  0.0170465
 0.0867915 -0.0416571  0.0170465
 0.0867915 -0.0416571  0.0170466
 0.0867915 -0.0416571  0.0170466
0.0867915 -0.041657 0.0170466
0.0867915 -0.041657 0.0170466
0.0867915 -0.041657 0.0170467
0.0867915 -0.041657 0.0170467
0.0867916 -0.041657 0.0170467
0.0867916 -0.041657 0.0170467
0.0867916 -0.041657 0.0170468
0.0867916 -0.041657 0.0170468
0.0867916 -0.041657 0.0170468
0.0867916 -0.041657 0.0170469
0.0867916 -0.041657 0.0170469
0.0867916 -0.041657 0.0170469
0.0867916 -0.041657 0.0170469
0.0867916 -0.041657 0.0170469
0.0867916 -0.041657  0.017047
0.0867917 -0.041657  0.017047
0.0867917 -0.041657  0.017047
0.0867917 -0.041657  0.017047
 0.0867917 -0.0416569  0.0170471
 0.0867917 -0.0416569  0.0170471
 0.0867917 -0.0416569  0.0170471
 0.0867917 -0.0416569  0.0170471
 0.0867917 -0.0416569  0.0170472
 0.0867917 -0.0416569  0.0170472
 0.0867917 -0.0416569  0.0170472
 0.0867917 -0.0416569  0.0170472
 0.0867917 -0.0416569  0.0170473
 0.0867918 -0.0416569  0.0170473
 0.0867918 -0.0416569  0.0170473
 0.0867918 -0.0416569  0.0170473
 0.0867918 -0.0416569  0.0170473
 0.0867918 -0.0416569  0.0170474
 0.0867918 -0.0416569  0.0170474
 0.0867918 -0.0416569  0.0170474
 0.0867918 -0.0416569  0.0170474
 0.0867918 -0.0416569  0.0170474
 0.0867918 -0.0416568  0.0170475
 0.0867918 -0.0416568  0.0170475
 0.0867918 -0.0416568  0.0170475
 0.0867918 -0.0416568  0.0170475
 0.0867918 -0.0416568  0.0170475
 0.0867918 -0.0416568  0.0170476
 0.0867919 -0.0416568  0.0170476
 0.0867919 -0.0416568  0.0170476
 0.0867919 -0.0416568  0.0170476
 0.0867919 -0.0416568  0.0170476
 0.0867919 -0.0416568  0.0170477
 0.0867919 -0.0416568  0.0170477
 0.0867919 -0.0416568  0.0170477
 0.0867919 -0.0416568  0.0170477
 0.0867919 -0.0416568  0.0170477
 0.0867919 -0.0416568  0.0170478
 0.0867919 -0.0416568  0.0170478
 0.0867919 -0.0416568  0.0170478
 0.0867919 -0.0416568  0.0170478
 0.0867919 -0.0416567  0.0170478
 0.0867919 -0.0416567  0.0170478
 0.0867919 -0.0416567  0.0170479
 0.0867919 -0.0416567  0.0170479
  0.086792 -0.0416567  0.0170479
  0.086792 -0.0416567  0.0170479
  0.086792 -0.0416567  0.0170479
  0.086792 -0.0416567   0.017048
  0.086792 -0.0416567   0.017048
  0.086792 -0.0416567   0.017048
  0.086792 -0.0416567   0.017048
  0.086792 -0.0416567   0.017048
  0.086792 -0.0416567   0.017048
  0.086792 -0.0416567  0.0170481
  0.086792 -0.0416567  0.0170481
  0.086792 -0.0416567  0.0170481
  0.086792 -0.0416567  0.0170481
  0.086792 -0.0416567  0.0170481
  0.086792 -0.0416567  0.0170481
  0.086792 -0.0416567  0.0170482
  0.086792 -0.0416566  0.0170482
  0.086792 -0.0416566  0.0170482
  0.086792 -0.0416566  0.0170482
  0.086792 -0.0416566  0.0170482
  0.086792 -0.0416566  0.0170482
  0.086792 -0.0416566  0.0170482
  0.086792 -0.0416566  0.0170483
 0.0867921 -0.0416566  0.0170483
 0.0867921 -0.0416566  0.0170483
 0.0867921 -0.0416566  0.0170483
 0.0867921 -0.0416566  0.0170483
 0.0867921 -0.0416566  0.0170483
 0.0867921 -0.0416566  0.0170483
 0.0867921 -0.0416566  0.0170484
 0.0867921 -0.0416566  0.0170484
 0.0867921 -0.0416566  0.0170484
 0.0867921 -0.0416566  0.0170484
 0.0867921 -0.0416566  0.0170484
 0.0867921 -0.0416566  0.0170484
 0.0867921 -0.0416566  0.0170484
 0.0867921 -0.0416566  0.0170485
 0.0867921 -0.0416565  0.0170485
 0.0867921 -0.0416565  0.0170485
 0.0867921 -0.0416565  0.0170485
 0.0867921 -0.0416565  0.0170485
 0.0867921 -0.0416565  0.0170485
 0.0867921 -0.0416565  0.0170485
 0.0867921 -0.0416565  0.0170485
 0.0867921 -0.0416565  0.0170486
 0.0867921 -0.0416565  0.0170486
 0.0867921 -0.0416565  0.0170486
 0.0867921 -0.0416565  0.0170486
 0.0867921 -0.0416565  0.0170486
 0.0867921 -0.0416565  0.0170486
 0.0867921 -0.0416565  0.0170486
 0.0867921 -0.0416565  0.0170486
 0.0867921 -0.0416565  0.0170487
 0.0867921 -0.0416565  0.0170487
 0.0867921 -0.0416565  0.0170487
 0.0867921 -0.0416565  0.0170487
 0.0867921 -0.0416565  0.0170487
 0.0867921 -0.0416565  0.0170487
 0.0867921 -0.0416564  0.0170487
 0.0867921 -0.0416564  0.0170487
 0.0867921 -0.0416564  0.0170488
 0.0867921 -0.0416564  0.0170488
 0.0867921 -0.0416564  0.0170488
 0.0867921 -0.0416564  0.0170488
 0.0867921 -0.0416564  0.0170488
 0.0867921 -0.0416564  0.0170488
 0.0867921 -0.0416564  0.0170488
 0.0867921 -0.0416564  0.0170488
 0.0867921 -0.0416564  0.0170488
 0.0867921 -0.0416564  0.0170488
 0.0867921 -0.0416564  0.0170489
 0.0867921 -0.0416564  0.0170489
 0.0867921 -0.0416564  0.0170489
 0.0867921 -0.0416564  0.0170489
 0.0867921 -0.0416564  0.0170489
 0.0867921 -0.0416564  0.0170489
 0.0867921 -0.0416564  0.0170489
 0.0867921 -0.0416564  0.0170489
 0.0867921 -0.0416564  0.0170489
 0.0867921 -0.0416563  0.0170489
 0.0867921 -0.0416563   0.017049
 0.0867921 -0.0416563   0.017049
 0.0867921 -0.0416563   0.017049
 0.0867921 -0.0416563   0.017049
 0.0867921 -0.0416563   0.017049
 0.0867921 -0.0416563   0.017049
 0.0867921 -0.0416563   0.017049
 0.0867921 -0.0416563   0.017049
 0.0867921 -0.0416563   0.017049
 0.0867921 -0.0416563   0.017049
 0.0867921 -0.0416563   0.017049
 0.0867921 -0.0416563  0.0170491
 0.0867921 -0.0416563  0.0170491
 0.0867921 -0.0416563  0.0170491
 0.0867921 -0.0416563  0.0170491
 0.0867921 -0.0416563  0.0170491
 0.0867921 -0.0416563  0.0170491
 0.0867921 -0.0416563  0.0170491
 0.0867921 -0.0416563  0.0170491
 0.0867921 -0.0416563  0.0170491
 0.0867921 -0.0416563  0.0170491
 0.0867921 -0.0416562  0.0170491
 0.0867921 -0.0416562  0.0170491
 0.0867921 -0.0416562  0.0170492
 0.0867921 -0.0416562  0.0170492
 0.0867921 -0.0416562  0.0170492
 0.0867921 -0.0416562  0.0170492
 0.0867921 -0.0416562  0.0170492
 0.0867921 -0.0416562  0.0170492
 0.0867921 -0.0416562  0.0170492
 0.0867921 -0.0416562  0.0170492
 0.0867921 -0.0416562  0.0170492
 0.0867921 -0.0416562  0.0170492
 0.0867921 -0.0416562  0.0170492
 0.0867921 -0.0416562  0.0170492
 0.0867921 -0.0416562  0.0170492
 0.0867921 -0.0416562  0.0170493
 0.0867921 -0.0416562  0.0170493
 0.0867921 -0.0416562  0.0170493
 0.0867921 -0.0416562  0.0170493
 0.0867921 -0.0416562  0.0170493
 0.0867921 -0.0416562  0.0170493
 0.0867921 -0.0416562  0.0170493
 0.0867921 -0.0416561  0.0170493
 0.0867921 -0.0416561  0.0170493
 0.0867921 -0.0416561  0.0170493
 0.0867921 -0.0416561  0.0170493
 0.0867921 -0.0416561  0.0170493
 0.0867921 -0.0416561  0.0170493
 0.0867921 -0.0416561  0.0170493
 0.0867921 -0.0416561  0.0170493
 0.0867921 -0.0416561  0.0170493
 0.0867921 -0.0416561  0.0170494
 0.0867921 -0.0416561  0.0170494
 0.0867921 -0.0416561  0.0170494
 0.0867921 -0.0416561  0.0170494
 0.0867921 -0.0416561  0.0170494
 0.0867921 -0.0416561  0.0170494
 0.0867921 -0.0416561  0.0170494
 0.0867921 -0.0416561  0.0170494
 0.0867921 -0.0416561  0.0170494
 0.0867921 -0.0416561  0.0170494
 0.0867921 -0.0416561  0.0170494
 0.0867921 -0.0416561  0.0170494
 0.0867921 -0.0416561  0.0170494
0.0867921 -0.041656 0.0170494
0.0867921 -0.041656 0.0170494
0.0867921 -0.041656 0.0170494
0.0867921 -0.041656 0.0170494
 0.086792 -0.041656 0.0170494
 0.086792 -0.041656 0.0170495
 0.086792 -0.041656 0.0170495
 0.086792 -0.041656 0.0170495
 0.086792 -0.041656 0.0170495
 0.086792 -0.041656 0.0170495
 0.086792 -0.041656 0.0170495
 0.086792 -0.041656 0.0170495
 0.086792 -0.041656 0.0170495
 0.086792 -0.041656 0.0170495
 0.086792 -0.041656 0.0170495
 0.086792 -0.041656 0.0170495
 0.086792 -0.041656 0.0170495
 0.086792 -0.041656 0.0170495
 0.086792 -0.041656 0.0170495
 0.086792 -0.041656 0.0170495
 0.086792 -0.041656 0.0170495
 0.086792 -0.041656 0.0170495
  0.086792 -0.0416559  0.0170495
  0.086792 -0.0416559  0.0170495
  0.086792 -0.0416559  0.0170495
  0.086792 -0.0416559  0.0170495
  0.086792 -0.0416559  0.0170495
  0.086792 -0.0416559  0.0170496
  0.086792 -0.0416559  0.0170496
  0.086792 -0.0416559  0.0170496
  0.086792 -0.0416559  0.0170496
  0.086792 -0.0416559  0.0170496
  0.086792 -0.0416559  0.0170496
  0.086792 -0.0416559  0.0170496
  0.086792 -0.0416559  0.0170496
 0.0867919 -0.0416559  0.0170496
 0.0867919 -0.0416559  0.0170496
 0.0867919 -0.0416559  0.0170496
 0.0867919 -0.0416559  0.0170496
 0.0867919 -0.0416559  0.0170496
 0.0867919 -0.0416559  0.0170496
 0.0867919 -0.0416559  0.0170496
 0.0867919 -0.0416559  0.0170496
 0.0867919 -0.0416559  0.0170496
 0.0867919 -0.0416558  0.0170496
 0.0867919 -0.0416558  0.0170496
 0.0867919 -0.0416558  0.0170496
 0.0867919 -0.0416558  0.0170496
 0.0867919 -0.0416558  0.0170496
 0.0867919 -0.0416558  0.0170496
 0.0867919 -0.0416558  0.0170496
 0.0867919 -0.0416558  0.0170496
 0.0867919 -0.0416558  0.0170496
 0.0867919 -0.0416558  0.0170496
 0.0867919 -0.0416558  0.0170496
 0.0867919 -0.0416558  0.0170496
 0.0867919 -0.0416558  0.0170497
 0.0867919 -0.0416558  0.0170497
 0.0867919 -0.0416558  0.0170497
 0.0867918 -0.0416558  0.0170497
 0.0867918 -0.0416558  0.0170497
 0.0867918 -0.0416558  0.0170497
 0.0867918 -0.0416558  0.0170497
 0.0867918 -0.0416558  0.0170497
 0.0867918 -0.0416558  0.0170497
 0.0867918 -0.0416558  0.0170497
 0.0867918 -0.0416557  0.0170497
 0.0867918 -0.0416557  0.0170497
 0.0867918 -0.0416557  0.0170497
 0.0867918 -0.0416557  0.0170497
