   0.07259 -0.0095556 -0.0882498
  0.0634286 -0.00679143   -0.052681
  0.0660932 -0.00399575  -0.0218224
  0.0731879 -0.00152219  0.00314594
  0.0812446 0.000510417   0.0226094
 0.0887686 0.00210116   0.037471
  0.095217 0.00330172   0.048685
  0.100489 0.00418103  0.0570879
  0.104674 0.00480753  0.0633595
  0.107932 0.00524135  0.0680315
  0.110435 0.00553193  0.0715109
  0.112339 0.00571817  0.0741053
  0.11378 0.0058298  0.076045
  0.114865 0.00588903  0.0775013
  0.115682 0.00591215  0.0786008
  0.116296 0.00591097  0.0794369
   0.11676 0.00589388  0.0800779
   0.11711 0.00586683  0.0805741
  0.117376 0.00583394   0.080962
  0.117579 0.00579804  0.0812685
  0.117734 0.00576104   0.081513
  0.117852 0.00572418    0.08171
  0.117943 0.00568828  0.0818698
  0.118011 0.00565382  0.0820004
  0.118062 0.00562106  0.0821074
  0.118099 0.00559014  0.0821952
  0.118124 0.00556109  0.0822672
   0.11814 0.00553386  0.0823259
 0.118148 0.0055084 0.0823732
  0.118148 0.00548461  0.0824108
  0.118143 0.00546238  0.0824398
 0.118132 0.0054416 0.0824615
  0.118116 0.00542216  0.0824765
  0.118096 0.00540397  0.0824858
  0.118072 0.00538691  0.0824898
 0.118045 0.0053709 0.0824893
  0.118015 0.00535584  0.0824846
  0.117982 0.00534166  0.0824762
  0.117947 0.00532828  0.0824644
   0.11791 0.00531563  0.0824497
   0.11787 0.00530365  0.0824324
  0.117829 0.00529228  0.0824126
  0.117786 0.00528147  0.0823907
  0.117742 0.00527117   0.082367
  0.117697 0.00526134  0.0823415
   0.11765 0.00525194  0.0823146
  0.117603 0.00524294  0.0822863
 0.117555 0.0052343 0.0822568
  0.117506 0.00522599  0.0822264
  0.117457 0.00521798   0.082195
  0.117407 0.00521026  0.0821629
 0.117357 0.0052028 0.0821301
  0.117306 0.00519557  0.0820967
  0.117256 0.00518857  0.0820628
  0.117205 0.00518177  0.0820285
  0.117154 0.00517516  0.0819939
  0.117103 0.00516873  0.0819591
  0.117052 0.00516246   0.081924
  0.117001 0.00515634  0.0818887
   0.11695 0.00515036  0.0818534
    0.1169 0.00514451   0.081818
  0.116849 0.00513879  0.0817825
  0.116799 0.00513318  0.0817471
  0.116749 0.00512768  0.0817117
  0.116699 0.00512229  0.0816764
   0.11665 0.00511699  0.0816412
  0.116601 0.00511178  0.0816061
  0.116552 0.00510665  0.0815711
  0.116503 0.00510161  0.0815363
  0.116455 0.00509664  0.0815017
  0.116407 0.00509175  0.0814672
  0.116359 0.00508693   0.081433
  0.116312 0.00508217   0.081399
  0.116266 0.00507747  0.0813652
  0.116219 0.00507284  0.0813316
  0.116173 0.00506827  0.0812982
  0.116128 0.00506375  0.0812651
  0.116082 0.00505928  0.0812323
  0.116037 0.00505487  0.0811997
  0.115993 0.00505051  0.0811674
 0.115949 0.0050462 0.0811353
  0.115905 0.00504193  0.0811035
  0.115862 0.00503771   0.081072
  0.115819 0.00503353  0.0810407
 0.115777 0.0050294 0.0810097
 0.115735 0.0050253  0.080979
  0.115693 0.00502125  0.0809485
  0.115652 0.00501724  0.0809183
  0.115611 0.00501327  0.0808884
  0.115571 0.00500933  0.0808588
  0.115531 0.00500544  0.0808294
  0.115491 0.00500158  0.0808003
  0.115452 0.00499775  0.0807714
  0.115413 0.00499396  0.0807429
  0.115375 0.00499021  0.0807146
  0.115336 0.00498648  0.0806865
 0.115299 0.0049828 0.0806587
  0.115261 0.00497914  0.0806312
  0.115224 0.00497552  0.0806039
  0.115188 0.00497193  0.0805769
  0.115151 0.00496836  0.0805502
  0.115115 0.00496483  0.0805237
   0.11508 0.00496134  0.0804974
  0.115045 0.00495787  0.0804714
   0.11501 0.00495442  0.0804457
  0.114975 0.00495101  0.0804201
  0.114941 0.00494763  0.0803949
  0.114907 0.00494428  0.0803698
  0.114874 0.00494095   0.080345
   0.11484 0.00493765  0.0803205
  0.114807 0.00493438  0.0802961
  0.114775 0.00493114   0.080272
  0.114743 0.00492792  0.0802482
  0.114711 0.00492473  0.0802245
  0.114679 0.00492156  0.0802011
  0.114648 0.00491843  0.0801779
  0.114617 0.00491531  0.0801549
  0.114586 0.00491222  0.0801321
  0.114556 0.00490916  0.0801096
  0.114526 0.00490612  0.0800872
  0.114496 0.00490311  0.0800651
  0.114466 0.00490012  0.0800432
  0.114437 0.00489716  0.0800214
  0.114408 0.00489421  0.0799999
  0.11438 0.0048913 0.0799786
 0.114351 0.0048884 0.0799575
  0.114323 0.00488553  0.0799366
  0.114295 0.00488268  0.0799158
  0.114268 0.00487985  0.0798953
   0.11424 0.00487705   0.079875
  0.114213 0.00487427  0.0798548
  0.114187 0.00487151  0.0798348
   0.11416 0.00486877  0.0798151
  0.114134 0.00486606  0.0797955
  0.114108 0.00486336   0.079776
  0.114082 0.00486069  0.0797568
  0.114057 0.00485804  0.0797378
  0.114031 0.00485541  0.0797189
  0.114006 0.00485279  0.0797002
 0.113981 0.0048502 0.0796816
  0.113957 0.00484763  0.0796632
  0.113933 0.00484508   0.079645
  0.113908 0.00484255   0.079627
  0.113885 0.00484004  0.0796091
  0.113861 0.00483755  0.0795914
  0.113838 0.00483508  0.0795739
  0.113814 0.00483263  0.0795565
 0.113791 0.0048302 0.0795393
  0.113769 0.00482778  0.0795222
  0.113746 0.00482539  0.0795053
  0.113724 0.00482301  0.0794885
  0.113701 0.00482065  0.0794719
   0.11368 0.00481831  0.0794554
  0.113658 0.00481599  0.0794391
  0.113636 0.00481368  0.0794229
 0.113615 0.0048114 0.0794069
  0.113594 0.00480913   0.079391
  0.113573 0.00480687  0.0793753
  0.113552 0.00480464  0.0793597
  0.113532 0.00480242  0.0793442
  0.113511 0.00480022  0.0793289
  0.113491 0.00479804  0.0793137
  0.113471 0.00479587  0.0792987
  0.113451 0.00479372  0.0792838
  0.113432 0.00479159   0.079269
  0.113412 0.00478947  0.0792543
  0.113393 0.00478737  0.0792398
  0.113374 0.00478528  0.0792254
  0.113355 0.00478321  0.0792112
  0.113336 0.00478116   0.079197
  0.113318 0.00477912   0.079183
 0.113299 0.0047771 0.0791691
  0.113281 0.00477509  0.0791554
 0.113263 0.0047731 0.0791417
  0.113245 0.00477112  0.0791282
  0.113227 0.00476916  0.0791148
   0.11321 0.00476721  0.0791015
  0.113192 0.00476528  0.0790883
  0.113175 0.00476336  0.0790752
  0.113158 0.00476146  0.0790623
  0.113141 0.00475957  0.0790494
 0.113124 0.0047577 0.0790367
  0.113108 0.00475584  0.0790241
  0.113091 0.00475399  0.0790116
  0.113075 0.00475216  0.0789992
  0.113058 0.00475034  0.0789869
  0.113042 0.00474853  0.0789747
  0.113026 0.00474674  0.0789627
  0.113011 0.00474496  0.0789507
 0.112995 0.0047432 0.0789388
   0.11298 0.00474144   0.078927
  0.112964 0.00473971  0.0789154
  0.112949 0.00473798  0.0789038
  0.112934 0.00473627  0.0788923
  0.112919 0.00473457   0.078881
  0.112904 0.00473288  0.0788697
  0.112889 0.00473121  0.0788585
  0.112875 0.00472954  0.0788474
   0.11286 0.00472789  0.0788365
  0.112846 0.00472626  0.0788256
  0.112832 0.00472463  0.0788148
  0.112818 0.00472302  0.0788041
  0.112804 0.00472142  0.0787934
   0.11279 0.00471983  0.0787829
  0.112776 0.00471825  0.0787725
  0.112763 0.00471668  0.0787621
  0.112749 0.00471513  0.0787519
  0.112736 0.00471359  0.0787417
  0.112723 0.00471206  0.0787316
   0.11271 0.00471054  0.0787216
  0.112697 0.00470903  0.0787117
  0.112684 0.00470753  0.0787018
  0.112671 0.00470604  0.0786921
  0.112658 0.00470457  0.0786824
 0.112646 0.0047031 0.0786728
  0.112633 0.00470165  0.0786633
  0.112621 0.00470021  0.0786539
  0.112609 0.00469877  0.0786445
  0.112596 0.00469735  0.0786352
  0.112584 0.00469594   0.078626
  0.112572 0.00469454  0.0786169
  0.112561 0.00469315  0.0786079
  0.112549 0.00469177  0.0785989
 0.112537 0.0046904   0.07859
  0.112526 0.00468904  0.0785812
  0.112514 0.00468769  0.0785724
  0.112503 0.00468635  0.0785637
  0.112492 0.00468502  0.0785551
 0.112481 0.0046837 0.0785466
   0.11247 0.00468239  0.0785381
  0.112459 0.00468109  0.0785297
  0.112448 0.00467979  0.0785214
  0.112437 0.00467851  0.0785132
  0.112426 0.00467724   0.078505
  0.112416 0.00467598  0.0784969
  0.112405 0.00467472  0.0784888
  0.112395 0.00467348  0.0784808
  0.112385 0.00467224  0.0784729
  0.112374 0.00467101   0.078465
  0.112364 0.00466979  0.0784572
  0.112354 0.00466859  0.0784495
  0.112344 0.00466738  0.0784418
  0.112334 0.00466619  0.0784342
  0.112324 0.00466501  0.0784267
  0.112315 0.00466384  0.0784192
  0.112305 0.00466267  0.0784118
  0.112296 0.00466151  0.0784044
  0.112286 0.00466036  0.0783971
  0.112277 0.00465922  0.0783899
  0.112267 0.00465809  0.0783827
  0.112258 0.00465697  0.0783756
  0.112249 0.00465585  0.0783685
   0.11224 0.00465474  0.0783615
  0.112231 0.00465364  0.0783545
  0.112222 0.00465255  0.0783476
  0.112213 0.00465147  0.0783408
  0.112204 0.00465039   0.078334
  0.112195 0.00464933  0.0783273
  0.112187 0.00464827  0.0783206
  0.112178 0.00464721   0.078314
   0.11217 0.00464617  0.0783074
  0.112161 0.00464513  0.0783009
 0.112153 0.0046441 0.0782944
  0.112145 0.00464308   0.078288
  0.112136 0.00464206  0.0782817
  0.112128 0.00464106  0.0782753
   0.11212 0.00464005  0.0782691
  0.112112 0.00463906  0.0782629
  0.112104 0.00463808  0.0782567
 0.112096 0.0046371 0.0782506
  0.112088 0.00463613  0.0782445
   0.11208 0.00463516  0.0782385
 0.112073 0.0046342 0.0782325
  0.112065 0.00463325  0.0782266
  0.112058 0.00463231  0.0782207
   0.11205 0.00463137  0.0782149
  0.112043 0.00463044  0.0782091
  0.112035 0.00462952  0.0782034
 0.112028 0.0046286 0.0781977
   0.11202 0.00462769  0.0781921
  0.112013 0.00462678  0.0781865
  0.112006 0.00462589  0.0781809
 0.111999  0.004625 0.0781754
  0.111992 0.00462411  0.0781699
  0.111985 0.00462323  0.0781645
  0.111978 0.00462236  0.0781591
 0.111971 0.0046215 0.0781538
  0.111964 0.00462064  0.0781485
  0.111957 0.00461978  0.0781432
  0.111951 0.00461894   0.078138
 0.111944 0.0046181 0.0781328
  0.111937 0.00461726  0.0781277
  0.111931 0.00461643  0.0781226
  0.111924 0.00461561  0.0781176
  0.111918 0.00461479  0.0781125
  0.111912 0.00461398  0.0781076
  0.111905 0.00461318  0.0781026
  0.111899 0.00461238  0.0780977
  0.111893 0.00461158  0.0780929
  0.111886 0.00461079   0.078088
   0.11188 0.00461001  0.0780833
  0.111874 0.00460923  0.0780785
  0.111868 0.00460846  0.0780738
 0.111862 0.0046077 0.0780691
  0.111856 0.00460694  0.0780645
   0.11185 0.00460618  0.0780599
  0.111844 0.00460543  0.0780553
  0.111839 0.00460469  0.0780508
  0.111833 0.00460395  0.0780463
  0.111827 0.00460322  0.0780418
  0.111821 0.00460249  0.0780374
  0.111816 0.00460176   0.078033
   0.11181 0.00460105  0.0780287
  0.111805 0.00460033  0.0780243
  0.111799 0.00459963  0.0780201
  0.111794 0.00459892  0.0780158
  0.111788 0.00459823  0.0780116
  0.111783 0.00459753  0.0780074
  0.111777 0.00459685  0.0780032
  0.111772 0.00459616  0.0779991
  0.111767 0.00459548   0.077995
  0.111762 0.00459481  0.0779909
  0.111757 0.00459414  0.0779869
  0.111751 0.00459348  0.0779829
  0.111746 0.00459282  0.0779789
  0.111741 0.00459217   0.077975
  0.111736 0.00459152  0.0779711
  0.111731 0.00459087  0.0779672
  0.111726 0.00459023  0.0779633
 0.111721 0.0045896 0.0779595
  0.111717 0.00458897  0.0779557
  0.111712 0.00458834   0.077952
  0.111707 0.00458772  0.0779482
 0.111702 0.0045871 0.0779445
  0.111698 0.00458649  0.0779408
  0.111693 0.00458588  0.0779372
  0.111688 0.00458527  0.0779336
  0.111684 0.00458467    0.07793
  0.111679 0.00458408  0.0779264
  0.111675 0.00458348  0.0779229
  0.11167 0.0045829 0.0779194
  0.111666 0.00458231  0.0779159
  0.111661 0.00458173  0.0779124
  0.111657 0.00458116   0.077909
  0.111652 0.00458059  0.0779056
  0.111648 0.00458002  0.0779022
  0.111644 0.00457946  0.0778988
  0.11164 0.0045789 0.0778955
  0.111635 0.00457834  0.0778922
  0.111631 0.00457779  0.0778889
  0.111627 0.00457725  0.0778857
 0.111623 0.0045767 0.0778824
  0.111619 0.00457616  0.0778792
  0.111615 0.00457563  0.0778761
 0.111611 0.0045751 0.0778729
  0.111607 0.00457457  0.0778698
  0.111603 0.00457404  0.0778667
  0.111599 0.00457352  0.0778636
  0.111595 0.00457301  0.0778605
  0.111591 0.00457249  0.0778575
  0.111587 0.00457198  0.0778544
  0.111583 0.00457148  0.0778515
   0.11158 0.00457098  0.0778485
  0.111576 0.00457048  0.0778455
  0.111572 0.00456998  0.0778426
  0.111568 0.00456949  0.0778397
 0.111565  0.004569 0.0778368
  0.111561 0.00456852   0.077834
  0.111557 0.00456803  0.0778311
  0.111554 0.00456756  0.0778283
   0.11155 0.00456708  0.0778255
  0.111547 0.00456661  0.0778227
  0.111543 0.00456614    0.07782
   0.11154 0.00456568  0.0778172
  0.111536 0.00456522  0.0778145
  0.111533 0.00456476  0.0778118
 0.111529 0.0045643 0.0778091
  0.111526 0.00456385  0.0778065
 0.111523 0.0045634 0.0778039
  0.111519 0.00456296  0.0778012
  0.111516 0.00456252  0.0777986
  0.111513 0.00456208  0.0777961
  0.111509 0.00456164  0.0777935
  0.111506 0.00456121   0.077791
  0.111503 0.00456078  0.0777884
    0.1115 0.00456035  0.0777859
  0.111497 0.00455993  0.0777835
  0.111494 0.00455951   0.077781
   0.11149 0.00455909  0.0777786
  0.111487 0.00455868  0.0777761
  0.111484 0.00455827  0.0777737
  0.111481 0.00455786  0.0777713
  0.111478 0.00455745   0.077769
  0.111475 0.00455705  0.0777666
  0.111472 0.00455665  0.0777643
  0.111469 0.00455625  0.0777619
  0.111466 0.00455585  0.0777596
  0.111464 0.00455546  0.0777574
  0.111461 0.00455507  0.0777551
  0.111458 0.00455469  0.0777528
 0.111455 0.0045543 0.0777506
  0.111452 0.00455392  0.0777484
  0.111449 0.00455354  0.0777462
  0.111447 0.00455317   0.077744
 0.111444 0.0045528 0.0777418
  0.111441 0.00455243  0.0777397
  0.111438 0.00455206  0.0777375
  0.111436 0.00455169  0.0777354
  0.111433 0.00455133  0.0777333
   0.11143 0.00455097  0.0777312
  0.111428 0.00455061  0.0777291
  0.111425 0.00455026  0.0777271
  0.111422 0.00454991   0.077725
   0.11142 0.00454956   0.077723
  0.111417 0.00454921   0.077721
  0.111415 0.00454886   0.077719
  0.111412 0.00454852   0.077717
   0.11141 0.00454818   0.077715
  0.111407 0.00454784  0.0777131
  0.111405 0.00454751  0.0777111
  0.111402 0.00454718  0.0777092
    0.1114 0.00454684  0.0777073
  0.111398 0.00454652  0.0777054
  0.111395 0.00454619  0.0777035
  0.111393 0.00454587  0.0777016
   0.11139 0.00454555  0.0776998
  0.111388 0.00454523  0.0776979
  0.111386 0.00454491  0.0776961
  0.111383 0.00454459  0.0776943
  0.111381 0.00454428  0.0776925
  0.111379 0.00454397  0.0776907
  0.111377 0.00454366  0.0776889
  0.111374 0.00454336  0.0776871
  0.111372 0.00454305  0.0776854
   0.11137 0.00454275  0.0776837
  0.111368 0.00454245  0.0776819
  0.111366 0.00454216  0.0776802
  0.111363 0.00454186  0.0776785
  0.111361 0.00454157  0.0776768
  0.111359 0.00454128  0.0776752
  0.111357 0.00454099  0.0776735
 0.111355 0.0045407 0.0776718
  0.111353 0.00454041  0.0776702
  0.111351 0.00454013  0.0776686
  0.111349 0.00453985   0.077667
  0.111347 0.00453957  0.0776654
  0.111345 0.00453929  0.0776638
  0.111343 0.00453902  0.0776622
  0.111341 0.00453875  0.0776606
  0.111339 0.00453847  0.0776591
 0.111337 0.0045382 0.0776575
  0.111335 0.00453794   0.077656
  0.111333 0.00453767  0.0776545
  0.111331 0.00453741  0.0776529
  0.111329 0.00453715  0.0776514
  0.111327 0.00453689  0.0776499
  0.111325 0.00453663  0.0776485
  0.111324 0.00453637   0.077647
  0.111322 0.00453612  0.0776455
   0.11132 0.00453586  0.0776441
  0.111318 0.00453561  0.0776427
  0.111316 0.00453536  0.0776412
  0.111314 0.00453512  0.0776398
  0.111313 0.00453487  0.0776384
  0.111311 0.00453463   0.077637
  0.111309 0.00453438  0.0776356
  0.111307 0.00453414  0.0776343
 0.111306 0.0045339 0.0776329
  0.111304 0.00453367  0.0776315
  0.111302 0.00453343  0.0776302
 0.111301 0.0045332 0.0776288
  0.111299 0.00453296  0.0776275
  0.111297 0.00453273  0.0776262
 0.111296 0.0045325 0.0776249
  0.111294 0.00453228  0.0776236
  0.111292 0.00453205  0.0776223
  0.111291 0.00453183   0.077621
 0.111289 0.0045316 0.0776198
  0.111288 0.00453138  0.0776185
  0.111286 0.00453116  0.0776173
  0.111284 0.00453094   0.077616
  0.111283 0.00453073  0.0776148
  0.111281 0.00453051  0.0776136
  0.11128 0.0045303 0.0776123
  0.111278 0.00453009  0.0776111
  0.111277 0.00452988  0.0776099
  0.111275 0.00452967  0.0776087
  0.111274 0.00452946  0.0776076
  0.111272 0.00452925  0.0776064
  0.111271 0.00452905  0.0776052
  0.111269 0.00452885  0.0776041
  0.111268 0.00452864  0.0776029
  0.111266 0.00452844  0.0776018
  0.111265 0.00452824  0.0776007
  0.111264 0.00452805  0.0775995
  0.111262 0.00452785  0.0775984
  0.111261 0.00452766  0.0775973
  0.111259 0.00452746  0.0775962
  0.111258 0.00452727  0.0775951
  0.111257 0.00452708  0.0775941
  0.111255 0.00452689   0.077593
 0.111254 0.0045267 0.0775919
  0.111253 0.00452652  0.0775909
  0.111251 0.00452633  0.0775898
   0.11125 0.00452615  0.0775888
  0.111249 0.00452596  0.0775877
  0.111247 0.00452578  0.0775867
 0.111246 0.0045256 0.0775857
  0.111245 0.00452542  0.0775847
  0.111243 0.00452524  0.0775836
  0.111242 0.00452507  0.0775827
  0.111241 0.00452489  0.0775817
   0.11124 0.00452472  0.0775807
  0.111238 0.00452454  0.0775797
  0.111237 0.00452437  0.0775787
 0.111236 0.0045242 0.0775778
  0.111235 0.00452403  0.0775768
  0.111234 0.00452387  0.0775759
 0.111232 0.0045237 0.0775749
  0.111231 0.00452353   0.077574
   0.11123 0.00452337   0.077573
 0.111229 0.0045232 0.0775721
  0.111228 0.00452304  0.0775712
  0.111227 0.00452288  0.0775703
  0.111225 0.00452272  0.0775694
  0.111224 0.00452256  0.0775685
 0.111223 0.0045224 0.0775676
  0.111222 0.00452225  0.0775667
  0.111221 0.00452209  0.0775658
   0.11122 0.00452194   0.077565
  0.111219 0.00452178  0.0775641
  0.111218 0.00452163  0.0775633
  0.111217 0.00452148  0.0775624
  0.111216 0.00452133  0.0775616
  0.111214 0.00452118  0.0775607
  0.111213 0.00452103  0.0775599
  0.111212 0.00452089   0.077559
  0.111211 0.00452074  0.0775582
   0.11121 0.00452059  0.0775574
  0.111209 0.00452045  0.0775566
  0.111208 0.00452031  0.0775558
  0.111207 0.00452017   0.077555
  0.111206 0.00452002  0.0775542
  0.111205 0.00451988  0.0775534
  0.111204 0.00451974  0.0775526
  0.111203 0.00451961  0.0775519
  0.111202 0.00451947  0.0775511
  0.111201 0.00451933  0.0775503
   0.1112 0.0045192 0.0775496
  0.111199 0.00451906  0.0775488
  0.111199 0.00451893  0.0775481
 0.111198 0.0045188 0.0775473
  0.111197 0.00451867  0.0775466
  0.111196 0.00451854  0.0775458
  0.111195 0.00451841  0.0775451
  0.111194 0.00451828  0.0775444
  0.111193 0.00451815  0.0775437
  0.111192 0.00451802   0.077543
 0.111191 0.0045179 0.0775423
   0.11119 0.00451777  0.0775416
  0.111189 0.00451765  0.0775409
  0.111189 0.00451752  0.0775402
 0.111188 0.0045174 0.0775395
  0.111187 0.00451728  0.0775388
  0.111186 0.00451716  0.0775381
  0.111185 0.00451704  0.0775374
  0.111184 0.00451692  0.0775368
 0.111183 0.0045168 0.0775361
  0.111183 0.00451668  0.0775355
  0.111182 0.00451657  0.0775348
  0.111181 0.00451645  0.0775342
   0.11118 0.00451634  0.0775335
  0.111179 0.00451622  0.0775329
  0.111179 0.00451611  0.0775322
 0.111178  0.004516 0.0775316
  0.111177 0.00451588   0.077531
  0.111176 0.00451577  0.0775304
  0.111175 0.00451566  0.0775297
  0.111175 0.00451555  0.0775291
  0.111174 0.00451544  0.0775285
  0.111173 0.00451534  0.0775279
  0.111172 0.00451523  0.0775273
  0.111172 0.00451512  0.0775267
  0.111171 0.00451502  0.0775261
   0.11117 0.00451491  0.0775255
  0.111169 0.00451481   0.077525
 0.111169 0.0045147 0.0775244
 0.111168 0.0045146 0.0775238
 0.111167 0.0045145 0.0775232
 0.111166 0.0045144 0.0775227
 0.111166 0.0045143 0.0775221
 0.111165 0.0045142 0.0775216
 0.111164 0.0045141  0.077521
 0.111164  0.004514 0.0775204
 0.111163 0.0045139 0.0775199
 0.111162 0.0045138 0.0775194
  0.111162 0.00451371  0.0775188
  0.111161 0.00451361  0.0775183
   0.11116 0.00451352  0.0775178
   0.11116 0.00451342  0.0775172
  0.111159 0.00451333  0.0775167
  0.111158 0.00451323  0.0775162
  0.111158 0.00451314  0.0775157
  0.111157 0.00451305  0.0775152
  0.111156 0.00451296  0.0775146
  0.111156 0.00451287  0.0775141
  0.111155 0.00451278  0.0775136
  0.111154 0.00451269  0.0775131
 0.111154 0.0045126 0.0775126
  0.111153 0.00451251  0.0775122
  0.111153 0.00451242  0.0775117
  0.111152 0.00451234  0.0775112
  0.111151 0.00451225  0.0775107
  0.111151 0.00451216  0.0775102
   0.11115 0.00451208  0.0775098
   0.11115 0.00451199  0.0775093
  0.111149 0.00451191  0.0775088
  0.111148 0.00451183  0.0775084
  0.111148 0.00451174  0.0775079
  0.111147 0.00451166  0.0775074
  0.111147 0.00451158   0.077507
 0.111146 0.0045115 0.0775065
  0.111146 0.00451142  0.0775061
  0.111145 0.00451134  0.0775056
  0.111144 0.00451126  0.0775052
  0.111144 0.00451118  0.0775048
 0.111143 0.0045111 0.0775043
  0.111143 0.00451102  0.0775039
  0.111142 0.00451095  0.0775035
  0.111142 0.00451087   0.077503
 0.111141 0.0045108 0.0775026
  0.111141 0.00451072  0.0775022
   0.11114 0.00451064  0.0775018
   0.11114 0.00451057  0.0775014
 0.111139 0.0045105  0.077501
  0.111139 0.00451042  0.0775006
  0.111138 0.00451035  0.0775002
  0.111138 0.00451028  0.0774998
  0.111137 0.00451021  0.0774994
  0.111137 0.00451013   0.077499
  0.111136 0.00451006  0.0774986
  0.111136 0.00450999  0.0774982
  0.111135 0.00450992  0.0774978
  0.111135 0.00450985  0.0774974
  0.111134 0.00450978   0.077497
  0.111134 0.00450972  0.0774966
  0.111133 0.00450965  0.0774963
  0.111133 0.00450958  0.0774959
  0.111132 0.00450951  0.0774955
  0.111132 0.00450945  0.0774951
  0.111131 0.00450938  0.0774948
  0.111131 0.00450931  0.0774944
   0.11113 0.00450925  0.0774941
   0.11113 0.00450918  0.0774937
  0.111129 0.00450912  0.0774933
  0.111129 0.00450906   0.077493
  0.111129 0.00450899  0.0774926
  0.111128 0.00450893  0.0774923
  0.111128 0.00450887  0.0774919
 0.111127 0.0045088 0.0774916
  0.111127 0.00450874  0.0774913
  0.111126 0.00450868  0.0774909
  0.111126 0.00450862  0.0774906
  0.111126 0.00450856  0.0774902
 0.111125 0.0045085 0.0774899
  0.111125 0.00450844  0.0774896
  0.111124 0.00450838  0.0774893
  0.111124 0.00450832  0.0774889
  0.111123 0.00450826  0.0774886
  0.111123 0.00450821  0.0774883
  0.111123 0.00450815   0.077488
  0.111122 0.00450809  0.0774877
  0.111122 0.00450804  0.0774873
  0.111121 0.00450798   0.077487
  0.111121 0.00450792  0.0774867
  0.111121 0.00450787  0.0774864
   0.11112 0.00450781  0.0774861
   0.11112 0.00450776  0.0774858
  0.11112 0.0045077 0.0774855
  0.111119 0.00450765  0.0774852
 0.111119 0.0045076 0.0774849
  0.111118 0.00450754  0.0774846
  0.111118 0.00450749  0.0774843
  0.111118 0.00450744   0.077484
  0.111117 0.00450738  0.0774838
  0.111117 0.00450733  0.0774835
  0.111117 0.00450728  0.0774832
  0.111116 0.00450723  0.0774829
  0.111116 0.00450718  0.0774826
  0.111116 0.00450713  0.0774824
  0.111115 0.00450708  0.0774821
  0.111115 0.00450703  0.0774818
  0.111115 0.00450698  0.0774815
  0.111114 0.00450693  0.0774813
  0.111114 0.00450688   0.077481
  0.111113 0.00450683  0.0774807
  0.111113 0.00450679  0.0774805
  0.111113 0.00450674  0.0774802
  0.111112 0.00450669  0.0774799
  0.111112 0.00450664  0.0774797
 0.111112 0.0045066 0.0774794
  0.111112 0.00450655  0.0774792
  0.111111 0.00450651  0.0774789
  0.111111 0.00450646  0.0774787
  0.111111 0.00450641  0.0774784
   0.11111 0.00450637  0.0774782
   0.11111 0.00450632  0.0774779
   0.11111 0.00450628  0.0774777
  0.111109 0.00450624  0.0774774
  0.111109 0.00450619  0.0774772
  0.111109 0.00450615   0.077477
  0.111108 0.00450611  0.0774767
  0.111108 0.00450606  0.0774765
  0.111108 0.00450602  0.0774763
  0.111108 0.00450598   0.077476
  0.111107 0.00450594  0.0774758
  0.111107 0.00450589  0.0774756
  0.111107 0.00450585  0.0774753
  0.111106 0.00450581  0.0774751
  0.111106 0.00450577  0.0774749
  0.111106 0.00450573  0.0774747
  0.111106 0.00450569  0.0774744
  0.111105 0.00450565  0.0774742
  0.111105 0.00450561   0.077474
  0.111105 0.00450557  0.0774738
  0.111104 0.00450553  0.0774736
  0.111104 0.00450549  0.0774734
  0.111104 0.00450545  0.0774732
  0.111104 0.00450542  0.0774729
  0.111103 0.00450538  0.0774727
  0.111103 0.00450534  0.0774725
 0.111103 0.0045053 0.0774723
  0.111103 0.00450527  0.0774721
  0.111102 0.00450523  0.0774719
  0.111102 0.00450519  0.0774717
  0.111102 0.00450515  0.0774715
  0.111102 0.00450512  0.0774713
  0.111101 0.00450508  0.0774711
  0.111101 0.00450505  0.0774709
  0.111101 0.00450501  0.0774707
  0.111101 0.00450498  0.0774705
    0.1111 0.00450494  0.0774703
    0.1111 0.00450491  0.0774702
    0.1111 0.00450487    0.07747
    0.1111 0.00450484  0.0774698
 0.111099 0.0045048 0.0774696
  0.111099 0.00450477  0.0774694
  0.111099 0.00450474  0.0774692
 0.111099 0.0045047  0.077469
  0.111098 0.00450467  0.0774689
  0.111098 0.00450464  0.0774687
 0.111098 0.0045046 0.0774685
  0.111098 0.00450457  0.0774683
  0.111098 0.00450454  0.0774682
  0.111097 0.00450451   0.077468
  0.111097 0.00450448  0.0774678
  0.111097 0.00450444  0.0774676
  0.111097 0.00450441  0.0774675
  0.111096 0.00450438  0.0774673
  0.111096 0.00450435  0.0774671
  0.111096 0.00450432   0.077467
  0.111096 0.00450429  0.0774668
  0.111096 0.00450426  0.0774666
  0.111095 0.00450423  0.0774665
 0.111095 0.0045042 0.0774663
  0.111095 0.00450417  0.0774661
  0.111095 0.00450414   0.077466
  0.111095 0.00450411  0.0774658
  0.111094 0.00450408  0.0774657
  0.111094 0.00450405  0.0774655
  0.111094 0.00450402  0.0774653
 0.111094  0.004504 0.0774652
  0.111094 0.00450397   0.077465
  0.111093 0.00450394  0.0774649
  0.111093 0.00450391  0.0774647
  0.111093 0.00450388  0.0774646
  0.111093 0.00450386  0.0774644
  0.111093 0.00450383  0.0774643
 0.111092 0.0045038 0.0774641
  0.111092 0.00450378   0.077464
  0.111092 0.00450375  0.0774638
  0.111092 0.00450372  0.0774637
 0.111092 0.0045037 0.0774636
  0.111091 0.00450367  0.0774634
  0.111091 0.00450364  0.0774633
  0.111091 0.00450362  0.0774631
  0.111091 0.00450359   0.077463
  0.111091 0.00450357  0.0774629
  0.111091 0.00450354  0.0774627
   0.11109 0.00450352  0.0774626
   0.11109 0.00450349  0.0774625
   0.11109 0.00450347  0.0774623
   0.11109 0.00450344  0.0774622
   0.11109 0.00450342  0.0774621
   0.11109 0.00450339  0.0774619
  0.111089 0.00450337  0.0774618
  0.111089 0.00450335  0.0774617
  0.111089 0.00450332  0.0774615
 0.111089 0.0045033 0.0774614
  0.111089 0.00450328  0.0774613
  0.111089 0.00450325  0.0774612
  0.111088 0.00450323   0.077461
  0.111088 0.00450321  0.0774609
  0.111088 0.00450318  0.0774608
  0.111088 0.00450316  0.0774607
  0.111088 0.00450314  0.0774605
  0.111088 0.00450312  0.0774604
  0.111087 0.00450309  0.0774603
  0.111087 0.00450307  0.0774602
  0.111087 0.00450305  0.0774601
  0.111087 0.00450303  0.0774599
  0.111087 0.00450301  0.0774598
  0.111087 0.00450299  0.0774597
  0.111087 0.00450297  0.0774596
  0.111086 0.00450294  0.0774595
  0.111086 0.00450292  0.0774594
 0.111086 0.0045029 0.0774593
  0.111086 0.00450288  0.0774591
  0.111086 0.00450286   0.077459
  0.111086 0.00450284  0.0774589
  0.111086 0.00450282  0.0774588
 0.111085 0.0045028 0.0774587
  0.111085 0.00450278  0.0774586
  0.111085 0.00450276  0.0774585
  0.111085 0.00450274  0.0774584
  0.111085 0.00450272  0.0774583
 0.111085 0.0045027 0.0774582
  0.111085 0.00450268  0.0774581
  0.111084 0.00450266   0.077458
  0.111084 0.00450265  0.0774579
  0.111084 0.00450263  0.0774578
  0.111084 0.00450261  0.0774577
  0.111084 0.00450259  0.0774576
  0.111084 0.00450257  0.0774575
  0.111084 0.00450255  0.0774574
  0.111084 0.00450253  0.0774573
  0.111083 0.00450252  0.0774572
 0.111083 0.0045025 0.0774571
  0.111083 0.00450248   0.077457
  0.111083 0.00450246  0.0774569
  0.111083 0.00450245  0.0774568
  0.111083 0.00450243  0.0774567
  0.111083 0.00450241  0.0774566
  0.111083 0.00450239  0.0774565
  0.111082 0.00450238  0.0774564
  0.111082 0.00450236  0.0774563
  0.111082 0.00450234  0.0774562
  0.111082 0.00450233  0.0774562
  0.111082 0.00450231  0.0774561
  0.111082 0.00450229   0.077456
  0.111082 0.00450228  0.0774559
  0.111082 0.00450226  0.0774558
  0.111082 0.00450224  0.0774557
  0.111081 0.00450223  0.0774556
  0.111081 0.00450221  0.0774555
 0.111081 0.0045022 0.0774555
  0.111081 0.00450218  0.0774554
  0.111081 0.00450216  0.0774553
  0.111081 0.00450215  0.0774552
  0.111081 0.00450213  0.0774551
  0.111081 0.00450212   0.077455
 0.111081 0.0045021  0.077455
   0.11108 0.00450209  0.0774549
   0.11108 0.00450207  0.0774548
   0.11108 0.00450206  0.0774547
   0.11108 0.00450204  0.0774546
   0.11108 0.00450203  0.0774546
   0.11108 0.00450201  0.0774545
  0.11108  0.004502 0.0774544
   0.11108 0.00450199  0.0774543
   0.11108 0.00450197  0.0774543
   0.11108 0.00450196  0.0774542
  0.111079 0.00450194  0.0774541
  0.111079 0.00450193   0.077454
  0.111079 0.00450192   0.077454
 0.111079 0.0045019 0.0774539
  0.111079 0.00450189  0.0774538
  0.111079 0.00450187  0.0774537
  0.111079 0.00450186  0.0774537
  0.111079 0.00450185  0.0774536
  0.111079 0.00450183  0.0774535
  0.111079 0.00450182  0.0774535
  0.111079 0.00450181  0.0774534
  0.111078 0.00450179  0.0774533
  0.111078 0.00450178  0.0774532
  0.111078 0.00450177  0.0774532
  0.111078 0.00450176  0.0774531
  0.111078 0.00450174   0.077453
  0.111078 0.00450173   0.077453
  0.111078 0.00450172  0.0774529
  0.111078 0.00450171  0.0774528
  0.111078 0.00450169  0.0774528
  0.111078 0.00450168  0.0774527
  0.111078 0.00450167  0.0774526
  0.111077 0.00450166  0.0774526
  0.111077 0.00450164  0.0774525
  0.111077 0.00450163  0.0774525
  0.111077 0.00450162  0.0774524
  0.111077 0.00450161  0.0774523
 0.111077 0.0045016 0.0774523
  0.111077 0.00450159  0.0774522
  0.111077 0.00450157  0.0774521
  0.111077 0.00450156  0.0774521
  0.111077 0.00450155   0.077452
  0.111077 0.00450154   0.077452
  0.111077 0.00450153  0.0774519
  0.111077 0.00450152  0.0774518
  0.111076 0.00450151  0.0774518
 0.111076 0.0045015 0.0774517
  0.111076 0.00450149  0.0774517
  0.111076 0.00450147  0.0774516
  0.111076 0.00450146  0.0774516
  0.111076 0.00450145  0.0774515
  0.111076 0.00450144  0.0774514
  0.111076 0.00450143  0.0774514
  0.111076 0.00450142  0.0774513
  0.111076 0.00450141  0.0774513
 0.111076 0.0045014 0.0774512
  0.111076 0.00450139  0.0774512
  0.111076 0.00450138  0.0774511
  0.111075 0.00450137  0.0774511
  0.111075 0.00450136   0.077451
  0.111075 0.00450135   0.077451
  0.111075 0.00450134  0.0774509
  0.111075 0.00450133  0.0774509
  0.111075 0.00450132  0.0774508
  0.111075 0.00450131  0.0774508
 0.111075 0.0045013 0.0774507
  0.111075 0.00450129  0.0774507
  0.111075 0.00450128  0.0774506
  0.111075 0.00450127  0.0774506
  0.111075 0.00450126  0.0774505
  0.111075 0.00450125  0.0774505
  0.111075 0.00450125  0.0774504
  0.111075 0.00450124  0.0774504
  0.111074 0.00450123  0.0774503
  0.111074 0.00450122  0.0774503
  0.111074 0.00450121  0.0774502
 0.111074 0.0045012 0.0774502
  0.111074 0.00450119  0.0774501
  0.111074 0.00450118  0.0774501
  0.111074 0.00450117    0.07745
  0.111074 0.00450117    0.07745
  0.111074 0.00450116  0.0774499
  0.111074 0.00450115  0.0774499
  0.111074 0.00450114  0.0774499
  0.111074 0.00450113  0.0774498
  0.111074 0.00450112  0.0774498
  0.111074 0.00450111  0.0774497
  0.111074 0.00450111  0.0774497
 0.111074 0.0045011 0.0774496
  0.111074 0.00450109  0.0774496
  0.111073 0.00450108  0.0774496
  0.111073 0.00450107  0.0774495
  0.111073 0.00450107  0.0774495
  0.111073 0.00450106  0.0774494
  0.111073 0.00450105  0.0774494
  0.111073 0.00450104  0.0774493
  0.111073 0.00450103  0.0774493
  0.111073 0.00450103  0.0774493
  0.111073 0.00450102  0.0774492
  0.111073 0.00450101  0.0774492
 0.111073  0.004501 0.0774491
 0.111073  0.004501 0.0774491
  0.111073 0.00450099  0.0774491
  0.111073 0.00450098   0.077449
  0.111073 0.00450097   0.077449
  0.111073 0.00450097   0.077449
  0.111073 0.00450096  0.0774489
  0.111073 0.00450095  0.0774489
  0.111072 0.00450095  0.0774488
  0.111072 0.00450094  0.0774488
  0.111072 0.00450093  0.0774488
  0.111072 0.00450092  0.0774487
  0.111072 0.00450092  0.0774487
  0.111072 0.00450091  0.0774487
 0.111072 0.0045009 0.0774486
 0.111072 0.0045009 0.0774486
  0.111072 0.00450089  0.0774486
  0.111072 0.00450088  0.0774485
  0.111072 0.00450088  0.0774485
  0.111072 0.00450087  0.0774485
  0.111072 0.00450086  0.0774484
  0.111072 0.00450086  0.0774484
  0.111072 0.00450085  0.0774484
  0.111072 0.00450084  0.0774483
  0.111072 0.00450084  0.0774483
  0.111072 0.00450083  0.0774483
  0.111072 0.00450083  0.0774482
  0.111072 0.00450082  0.0774482
  0.111072 0.00450081  0.0774482
  0.111072 0.00450081  0.0774481
 0.111071 0.0045008 0.0774481
  0.111071 0.00450079  0.0774481
  0.111071 0.00450079   0.077448
  0.111071 0.00450078   0.077448
  0.111071 0.00450078   0.077448
  0.111071 0.00450077  0.0774479
  0.111071 0.00450076  0.0774479
  0.111071 0.00450076  0.0774479
