 0.0873959 -0.0873769    2.04374   0.325308  -0.294647    1.99265   -1.23506
 0.117148 -0.074917   2.04609  0.343825 -0.285494    2.0167  -1.23458
  0.135863 -0.0650772    2.04715   0.354244  -0.279548    2.03266   -1.23505
  0.147605 -0.0573983    2.04754   0.359758  -0.275734    2.04367   -1.23613
   0.15498 -0.0514472    2.04759   0.362299   -0.27334    2.05157    -1.2376
   0.15964 -0.0468515    2.04744   0.363036  -0.271895    2.05746   -1.23929
  0.162626 -0.0433066    2.04719    0.36268  -0.271084    2.06204   -1.24108
  0.164589 -0.0405714    2.04688   0.361662  -0.270696    2.06574   -1.24291
  0.165937 -0.0384589    2.04654   0.360244  -0.270588    2.06883   -1.24471
  0.166922 -0.0368257    2.04619   0.358586  -0.270664    2.07148   -1.24645
    0.1677 -0.0355631    2.04585   0.356787  -0.270857    2.07382   -1.24812
  0.168367 -0.0345889    2.04552   0.354904  -0.271124    2.07593   -1.24971
   0.16898 -0.0338409     2.0452   0.352975  -0.271435    2.07785    -1.2512
  0.169574 -0.0332723     2.0449   0.351022  -0.271769    2.07963    -1.2526
  0.170168 -0.0328473    2.04463   0.349058  -0.272113    2.08129   -1.25391
  0.170771 -0.0325386    2.04437   0.347094  -0.272458    2.08286   -1.25513
  0.171389 -0.0323251    2.04413   0.345133  -0.272799    2.08434   -1.25627
  0.172023 -0.0321906    2.04391   0.343179  -0.273131    2.08576   -1.25733
  0.172673 -0.0321221    2.04371   0.341236  -0.273453    2.08711   -1.25832
  0.173337 -0.0321091    2.04352   0.339304  -0.273765    2.08842   -1.25925
  0.174014 -0.0321436    2.04335   0.337386  -0.274064    2.08968   -1.26012
  0.174702 -0.0322185     2.0432    0.33548  -0.274352    2.09089   -1.26093
  0.175398 -0.0323283    2.04306    0.33359  -0.274629    2.09208   -1.26169
  0.176101 -0.0324682    2.04293   0.331713  -0.274895    2.09323    -1.2624
  0.176808 -0.0326342    2.04281   0.329852  -0.275151    2.09435   -1.26308
  0.177519 -0.0328229    2.04271   0.328007  -0.275398    2.09544   -1.26371
  0.178231 -0.0330314    2.04261   0.326177  -0.275636    2.09652   -1.26431
 0.178944 -0.033257   2.04252  0.324363 -0.275865   2.09757  -1.26487
  0.179656 -0.0334975    2.04244   0.322564  -0.276087     2.0986   -1.26541
  0.180367 -0.0337509    2.04237   0.320782  -0.276301    2.09961   -1.26592
  0.181076 -0.0340156     2.0423   0.319016  -0.276509     2.1006    -1.2664
  0.181781 -0.0342899    2.04224   0.317266  -0.276711    2.10158   -1.26686
  0.182483 -0.0345726    2.04219   0.315532  -0.276908    2.10255    -1.2673
  0.183181 -0.0348623    2.04214   0.313814  -0.277099     2.1035   -1.26772
  0.183875 -0.0351581    2.04209   0.312112  -0.277285    2.10444   -1.26813
 0.184564 -0.035459   2.04205  0.310426 -0.277467   2.10536  -1.26852
  0.185248 -0.0357641    2.04201   0.308756  -0.277644    2.10627   -1.26889
  0.185926 -0.0360727    2.04198   0.307102  -0.277818    2.10717   -1.26925
   0.1866 -0.036384   2.04195  0.305464 -0.277988   2.10806   -1.2696
  0.187267 -0.0366976    2.04192   0.303842  -0.278155    2.10894   -1.26994
  0.187929 -0.0370128    2.04189   0.302235  -0.278319    2.10981   -1.27027
  0.188585 -0.0373291    2.04187   0.300643   -0.27848    2.11067   -1.27058
  0.189235 -0.0376461    2.04185   0.299067  -0.278638    2.11152   -1.27089
   0.18988 -0.0379635    2.04183   0.297507  -0.278794    2.11236   -1.27119
  0.190518 -0.0382809    2.04181   0.295961  -0.278947    2.11319   -1.27148
  0.191151 -0.0385979    2.04179    0.29443  -0.279098    2.11401   -1.27177
  0.191777 -0.0389144    2.04178   0.292915  -0.279247    2.11482   -1.27205
 0.192398  -0.03923   2.04176  0.291414 -0.279394   2.11563  -1.27232
  0.193013 -0.0395446    2.04175   0.289927  -0.279539    2.11642   -1.27259
 0.193621 -0.039858   2.04174  0.288455 -0.279682   2.11721  -1.27285
  0.194224 -0.0401699    2.04172   0.286998  -0.279824    2.11799    -1.2731
  0.194821 -0.0404803    2.04171   0.285555  -0.279964    2.11876   -1.27335
 0.195413 -0.040789    2.0417  0.284126 -0.280102   2.11952   -1.2736
  0.195998 -0.0410958    2.04169   0.282711  -0.280239    2.12027   -1.27384
  0.196578 -0.0414008    2.04169    0.28131  -0.280375    2.12102   -1.27408
  0.197152 -0.0417038    2.04168   0.279922  -0.280509    2.12176   -1.27432
  0.197721 -0.0420046    2.04167   0.278548  -0.280642    2.12249   -1.27455
  0.198284 -0.0423034    2.04166   0.277188  -0.280773    2.12321   -1.27478
  0.198841 -0.0425999    2.04166   0.275841  -0.280903    2.12393     -1.275
  0.199393 -0.0428942    2.04165   0.274507  -0.281033    2.12464   -1.27522
  0.199939 -0.0431861    2.04165   0.273186  -0.281161    2.12534   -1.27544
  0.200481 -0.0434758    2.04164   0.271878  -0.281287    2.12604   -1.27566
 0.201017 -0.043763   2.04163  0.270583 -0.281413   2.12673  -1.27587
  0.201547 -0.0440479    2.04163     0.2693  -0.281538    2.12741   -1.27608
  0.202073 -0.0443304    2.04162   0.268031  -0.281662    2.12808   -1.27629
  0.202593 -0.0446104    2.04162   0.266773  -0.281785    2.12875   -1.27649
 0.203108 -0.044888   2.04162  0.265528 -0.281906   2.12941  -1.27669
  0.203618 -0.0451632    2.04161   0.264295  -0.282027    2.13007   -1.27689
  0.204123 -0.0454359    2.04161   0.263074  -0.282147    2.13071   -1.27709
  0.204623 -0.0457061     2.0416   0.261865  -0.282266    2.13135   -1.27729
 0.205118 -0.045974    2.0416  0.260668 -0.282384   2.13199  -1.27748
  0.205609 -0.0462393     2.0416   0.259483  -0.282501    2.13262   -1.27767
  0.206094 -0.0465022    2.04159   0.258309  -0.282617    2.13324   -1.27786
  0.206575 -0.0467627    2.04159   0.257147  -0.282733    2.13386   -1.27805
  0.207051 -0.0470208    2.04159   0.255996  -0.282847    2.13447   -1.27824
  0.207523 -0.0472764    2.04158   0.254856  -0.282961    2.13507   -1.27842
   0.20799 -0.0475297    2.04158   0.253728  -0.283074    2.13567    -1.2786
  0.208452 -0.0477805    2.04158    0.25261  -0.283186    2.13626   -1.27878
  0.20891 -0.048029   2.04158  0.251503 -0.283297   2.13685  -1.27896
  0.209363 -0.0482751    2.04157   0.250407  -0.283408    2.13743   -1.27914
  0.209812 -0.0485189    2.04157   0.249322  -0.283518      2.138   -1.27932
  0.210256 -0.0487603    2.04157   0.248248  -0.283627    2.13857   -1.27949
  0.210697 -0.0489994    2.04157   0.247183  -0.283735    2.13914   -1.27966
  0.211132 -0.0492362    2.04156    0.24613  -0.283843    2.13969   -1.27983
  0.211564 -0.0494707    2.04156   0.245086  -0.283949    2.14025      -1.28
 0.211992 -0.049703   2.04156  0.244053 -0.284055   2.14079  -1.28017
 0.212415 -0.049933   2.04156   0.24303 -0.284161   2.14133  -1.28033
  0.212834 -0.0501607    2.04156   0.242016  -0.284265    2.14187    -1.2805
  0.213249 -0.0503863    2.04155   0.241013  -0.284369     2.1424   -1.28066
   0.21366 -0.0506097    2.04155   0.240019  -0.284472    2.14293   -1.28082
  0.214067 -0.0508309    2.04155   0.239035  -0.284575    2.14345   -1.28098
   0.21447 -0.0510499    2.04155   0.238061  -0.284676    2.14396   -1.28114
  0.214869 -0.0512668    2.04155   0.237096  -0.284778    2.14447   -1.28129
  0.215265 -0.0514816    2.04155    0.23614  -0.284878    2.14498   -1.28145
  0.215656 -0.0516943    2.04155   0.235194  -0.284978    2.14548    -1.2816
  0.216044 -0.0519049    2.04155   0.234257  -0.285077    2.14597   -1.28176
  0.216428 -0.0521134    2.04155   0.233329  -0.285175    2.14646   -1.28191
  0.216808 -0.0523199    2.04154    0.23241  -0.285273    2.14695   -1.28206
  0.217185 -0.0525244    2.04154     0.2315   -0.28537    2.14743    -1.2822
  0.217558 -0.0527268    2.04154   0.230598  -0.285466    2.14791   -1.28235
  0.217927 -0.0529273    2.04154   0.229706  -0.285562    2.14838    -1.2825
  0.218292 -0.0531258    2.04154   0.228822  -0.285657    2.14884   -1.28264
  0.218655 -0.0533224    2.04154   0.227947  -0.285752    2.14931   -1.28278
 0.219013 -0.053517   2.04154   0.22708 -0.285846   2.14976  -1.28292
  0.219368 -0.0537097    2.04154   0.226222  -0.285939    2.15022   -1.28307
   0.21972 -0.0539005    2.04154   0.225372  -0.286032    2.15067    -1.2832
  0.220069 -0.0540895    2.04154    0.22453  -0.286124    2.15111   -1.28334
  0.220414 -0.0542766    2.04154   0.223696  -0.286216    2.15155   -1.28348
  0.220755 -0.0544618    2.04154   0.222871  -0.286307    2.15199   -1.28361
  0.221094 -0.0546452    2.04154   0.222053  -0.286397    2.15242   -1.28375
  0.221429 -0.0548269    2.04154   0.221243  -0.286487    2.15284   -1.28388
  0.221761 -0.0550067    2.04154   0.220441  -0.286576    2.15327   -1.28401
  0.222089 -0.0551848    2.04155   0.219647  -0.286665    2.15369   -1.28414
  0.222415 -0.0553611    2.04155   0.218861  -0.286753     2.1541   -1.28427
  0.222737 -0.0555356    2.04155   0.218082   -0.28684    2.15451    -1.2844
  0.223056 -0.0557085    2.04155   0.217311  -0.286927    2.15492   -1.28453
  0.223372 -0.0558796    2.04155   0.216547  -0.287013    2.15532   -1.28465
  0.223686 -0.0560491    2.04155   0.215791  -0.287099    2.15572   -1.28478
  0.223996 -0.0562169    2.04155   0.215042  -0.287184    2.15612    -1.2849
 0.224303 -0.056383   2.04155    0.2143 -0.287269   2.15651  -1.28503
  0.224607 -0.0565475    2.04156   0.213565  -0.287353    2.15689   -1.28515
  0.224908 -0.0567104    2.04156   0.212838  -0.287437    2.15728   -1.28527
  0.225206 -0.0568717    2.04156   0.212117   -0.28752    2.15766   -1.28539
  0.225502 -0.0570314    2.04156   0.211403  -0.287602    2.15803    -1.2855
  0.225794 -0.0571895    2.04156   0.210697  -0.287684    2.15841   -1.28562
 0.226084 -0.057346   2.04157  0.209997 -0.287766   2.15877  -1.28574
 0.226371 -0.057501   2.04157  0.209304 -0.287847   2.15914  -1.28585
  0.226656 -0.0576545    2.04157   0.208617  -0.287928     2.1595   -1.28597
  0.226937 -0.0578065    2.04157   0.207938  -0.288008    2.15986   -1.28608
 0.227216 -0.057957   2.04158  0.207264 -0.288087   2.16021  -1.28619
  0.227492 -0.0581059    2.04158   0.206598  -0.288166    2.16056    -1.2863
  0.227765 -0.0582534    2.04158   0.205937  -0.288245    2.16091   -1.28641
  0.228036 -0.0583995    2.04159   0.205283  -0.288323    2.16126   -1.28652
  0.228305 -0.0585441    2.04159   0.204636    -0.2884     2.1616   -1.28663
   0.22857 -0.0586873    2.04159   0.203994  -0.288477    2.16194   -1.28674
  0.228833 -0.0588291     2.0416   0.203359  -0.288554    2.16227   -1.28684
  0.229094 -0.0589694     2.0416    0.20273   -0.28863     2.1626   -1.28695
  0.229352 -0.0591084     2.0416   0.202107  -0.288706    2.16293   -1.28705
 0.229608 -0.059246   2.04161   0.20149 -0.288781   2.16325  -1.28716
  0.229861 -0.0593823    2.04161   0.200879  -0.288856    2.16357   -1.28726
  0.230112 -0.0595172    2.04162   0.200274   -0.28893    2.16389   -1.28736
   0.23036 -0.0596508    2.04162   0.199675  -0.289004    2.16421   -1.28746
 0.230606 -0.059783   2.04162  0.199081 -0.289077   2.16452  -1.28756
 0.230849 -0.059914   2.04163  0.198493  -0.28915   2.16483  -1.28766
  0.231091 -0.0600436    2.04163   0.197911  -0.289223    2.16514   -1.28775
  0.23133 -0.060172   2.04164  0.197335 -0.289295   2.16544  -1.28785
  0.231566 -0.0602991    2.04164   0.196764  -0.289366    2.16574   -1.28795
 0.231801 -0.060425   2.04165  0.196198 -0.289438   2.16604  -1.28804
  0.232033 -0.0605496    2.04165   0.195638  -0.289509    2.16633   -1.28814
  0.232263 -0.0606729    2.04166   0.195084  -0.289579    2.16662   -1.28823
   0.23249 -0.0607951    2.04166   0.194534  -0.289649    2.16691   -1.28832
 0.232716 -0.060916   2.04167   0.19399 -0.289718    2.1672  -1.28841
  0.232939 -0.0610358    2.04167   0.193452  -0.289788    2.16748   -1.28851
  0.233161 -0.0611543    2.04168   0.192918  -0.289856    2.16776    -1.2886
   0.23338 -0.0612717    2.04169    0.19239  -0.289925    2.16804   -1.28868
  0.233597 -0.0613879    2.04169   0.191866  -0.289992    2.16832   -1.28877
 0.233812 -0.061503    2.0417  0.191348  -0.29006   2.16859  -1.28886
  0.234025 -0.0616169     2.0417   0.190835  -0.290127    2.16886   -1.28895
  0.234235 -0.0617298    2.04171   0.190326  -0.290194    2.16912   -1.28903
  0.234444 -0.0618414    2.04172   0.189823   -0.29026    2.16939   -1.28912
 0.234651 -0.061952   2.04172  0.189324 -0.290326   2.16965   -1.2892
  0.234856 -0.0620615    2.04173    0.18883  -0.290392    2.16991   -1.28929
  0.235059 -0.0621699    2.04174   0.188341  -0.290457    2.17017   -1.28937
   0.23526 -0.0622772    2.04174   0.187857  -0.290522    2.17042   -1.28945
  0.235459 -0.0623835    2.04175   0.187377  -0.290586    2.17067   -1.28953
  0.235656 -0.0624887    2.04176   0.186902   -0.29065    2.17092   -1.28961
  0.235851 -0.0625928    2.04176   0.186431  -0.290714    2.17117   -1.28969
 0.236045 -0.062696   2.04177  0.185965 -0.290778   2.17142  -1.28977
  0.236236 -0.0627981    2.04178   0.185504  -0.290841    2.17166   -1.28985
  0.236426 -0.0628991    2.04179   0.185047  -0.290903     2.1719   -1.28993
  0.236614 -0.0629992    2.04179   0.184594  -0.290966    2.17214   -1.29001
    0.2368 -0.0630983     2.0418   0.184145  -0.291028    2.17237   -1.29008
  0.236984 -0.0631964    2.04181   0.183701  -0.291089     2.1726   -1.29016
  0.237167 -0.0632935    2.04182   0.183262  -0.291151    2.17284   -1.29023
  0.237348 -0.0633897    2.04183   0.182826  -0.291211    2.17306   -1.29031
  0.237527 -0.0634849    2.04184   0.182395  -0.291272    2.17329   -1.29038
  0.237704 -0.0635792    2.04184   0.181968  -0.291332    2.17351   -1.29045
   0.23788 -0.0636725    2.04185   0.181544  -0.291392    2.17374   -1.29053
  0.238054 -0.0637649    2.04186   0.181125  -0.291452    2.17396    -1.2906
  0.238226 -0.0638563    2.04187    0.18071  -0.291511    2.17417   -1.29067
  0.238397 -0.0639469    2.04188   0.180299   -0.29157    2.17439   -1.29074
  0.238566 -0.0640366    2.04189   0.179892  -0.291629     2.1746   -1.29081
  0.238734 -0.0641253     2.0419   0.179489  -0.291687    2.17482   -1.29088
    0.2389 -0.0642132    2.04191    0.17909  -0.291745    2.17502   -1.29095
  0.239064 -0.0643002    2.04191   0.178695  -0.291803    2.17523   -1.29102
  0.239227 -0.0643863    2.04192   0.178303   -0.29186    2.17544   -1.29108
  0.239388 -0.0644716    2.04193   0.177915  -0.291918    2.17564   -1.29115
 0.239548 -0.064556   2.04194  0.177531 -0.291974   2.17584  -1.29121
  0.239706 -0.0646396    2.04195    0.17715  -0.292031    2.17604   -1.29128
  0.239862 -0.0647224    2.04196   0.176774  -0.292087    2.17624   -1.29134
  0.240018 -0.0648043    2.04197     0.1764  -0.292143    2.17644   -1.29141
  0.240171 -0.0648854    2.04198   0.176031  -0.292199    2.17663   -1.29147
  0.240323 -0.0649657    2.04199   0.175665  -0.292254    2.17682   -1.29154
  0.240474 -0.0650451      2.042   0.175302  -0.292309    2.17701    -1.2916
  0.240623 -0.0651238    2.04201   0.174943  -0.292364     2.1772   -1.29166
  0.240771 -0.0652017    2.04202   0.174588  -0.292418    2.17739   -1.29172
  0.240918 -0.0652788    2.04203   0.174236  -0.292472    2.17757   -1.29178
  0.241063 -0.0653552    2.04204   0.173887  -0.292526    2.17775   -1.29184
  0.241207 -0.0654308    2.04206   0.173541   -0.29258    2.17794    -1.2919
  0.241349 -0.0655056    2.04207   0.173199  -0.292633    2.17811   -1.29196
   0.24149 -0.0655797    2.04208    0.17286  -0.292687    2.17829   -1.29202
  0.24163 -0.065653   2.04209  0.172525 -0.292739   2.17847  -1.29208
  0.241768 -0.0657256     2.0421   0.172192  -0.292792    2.17864   -1.29213
  0.241905 -0.0657975    2.04211   0.171863  -0.292844    2.17881   -1.29219
  0.242041 -0.0658686    2.04212   0.171537  -0.292896    2.17899   -1.29225
 0.242175 -0.065939   2.04213  0.171214 -0.292948   2.17916   -1.2923
  0.242308 -0.0660088    2.04214   0.170895     -0.293    2.17932   -1.29236
   0.24244 -0.0660778    2.04216   0.170578  -0.293051    2.17949   -1.29241
  0.242571 -0.0661461    2.04217   0.170264  -0.293102    2.17965   -1.29247
    0.2427 -0.0662137    2.04218   0.169954  -0.293153    2.17982   -1.29252
  0.242828 -0.0662807    2.04219   0.169646  -0.293203    2.17998   -1.29258
 0.242955 -0.066347    2.0422  0.169341 -0.293254   2.18014  -1.29263
  0.243081 -0.0664126    2.04222    0.16904  -0.293304    2.18029   -1.29268
  0.243206 -0.0664775    2.04223   0.168741  -0.293354    2.18045   -1.29273
  0.243329 -0.0665418    2.04224   0.168445  -0.293403    2.18061   -1.29278
  0.243451 -0.0666055    2.04225   0.168152  -0.293453    2.18076   -1.29284
  0.243572 -0.0666685    2.04227   0.167861  -0.293502    2.18091   -1.29289
  0.243692 -0.0667308    2.04228   0.167574  -0.293551    2.18106   -1.29294
  0.243811 -0.0667926    2.04229   0.167289  -0.293599    2.18121   -1.29299
  0.243928 -0.0668537     2.0423   0.167007  -0.293648    2.18136   -1.29303
  0.244045 -0.0669141    2.04232   0.166728  -0.293696    2.18151   -1.29308
  0.24416 -0.066974   2.04233  0.166451 -0.293744   2.18165  -1.29313
  0.244275 -0.0670333    2.04234   0.166177  -0.293792    2.18179   -1.29318
 0.244388 -0.067092   2.04236  0.165905 -0.293839   2.18194  -1.29323
   0.2445  -0.06715   2.04237  0.165637 -0.293887   2.18208  -1.29327
  0.244611 -0.0672075    2.04238   0.165371  -0.293934    2.18222   -1.29332
  0.244721 -0.0672644    2.04239   0.165107  -0.293981    2.18236   -1.29337
   0.24483 -0.0673207    2.04241   0.164846  -0.294028    2.18249   -1.29341
  0.244938 -0.0673765    2.04242   0.164587  -0.294074    2.18263   -1.29346
  0.245045 -0.0674317    2.04244   0.164331   -0.29412    2.18276    -1.2935
  0.245151 -0.0674863    2.04245   0.164077  -0.294166    2.18289   -1.29355
  0.245256 -0.0675404    2.04246   0.163826  -0.294212    2.18303   -1.29359
   0.24536 -0.0675939    2.04248   0.163577  -0.294258    2.18316   -1.29363
  0.245463 -0.0676468    2.04249   0.163331  -0.294303    2.18328   -1.29368
  0.245565 -0.0676993     2.0425   0.163087  -0.294349    2.18341   -1.29372
  0.245666 -0.0677512    2.04252   0.162845  -0.294394    2.18354   -1.29376
  0.245766 -0.0678025    2.04253   0.162606  -0.294439    2.18366    -1.2938
  0.245865 -0.0678534    2.04255   0.162369  -0.294483    2.18379   -1.29385
  0.245963 -0.0679037    2.04256   0.162134  -0.294528    2.18391   -1.29389
   0.24606 -0.0679535    2.04258   0.161902  -0.294572    2.18403   -1.29393
  0.246156 -0.0680028    2.04259   0.161671  -0.294616    2.18415   -1.29397
  0.246252 -0.0680515     2.0426   0.161443   -0.29466    2.18427   -1.29401
  0.246346 -0.0680998    2.04262   0.161217  -0.294704    2.18439   -1.29405
   0.24644 -0.0681476    2.04263   0.160994  -0.294748    2.18451   -1.29409
  0.246533 -0.0681949    2.04265   0.160772  -0.294791    2.18462   -1.29413
  0.246624 -0.0682417    2.04266   0.160553  -0.294834    2.18474   -1.29417
  0.246715 -0.0682881    2.04268   0.160335  -0.294877    2.18485    -1.2942
  0.246806 -0.0683339    2.04269    0.16012   -0.29492    2.18497   -1.29424
  0.246895 -0.0683793    2.04271   0.159907  -0.294963    2.18508   -1.29428
  0.246983 -0.0684242    2.04272   0.159696  -0.295006    2.18519   -1.29432
  0.247071 -0.0684687    2.04274   0.159486  -0.295048     2.1853   -1.29435
  0.247158 -0.0685127    2.04275   0.159279   -0.29509    2.18541   -1.29439
  0.247244 -0.0685562    2.04277   0.159074  -0.295132    2.18551   -1.29443
  0.247329 -0.0685993    2.04279   0.158871  -0.295174    2.18562   -1.29446
  0.247413 -0.0686419     2.0428    0.15867  -0.295216    2.18572    -1.2945
  0.247497 -0.0686841    2.04282   0.158471  -0.295257    2.18583   -1.29453
  0.247579 -0.0687259    2.04283   0.158273  -0.295299    2.18593   -1.29457
  0.247661 -0.0687672    2.04285   0.158078   -0.29534    2.18603    -1.2946
  0.247742 -0.0688081    2.04286   0.157884  -0.295381    2.18614   -1.29464
  0.247823 -0.0688486    2.04288   0.157693  -0.295422    2.18624   -1.29467
  0.247903 -0.0688886     2.0429   0.157503  -0.295463    2.18634    -1.2947
  0.247981 -0.0689283    2.04291   0.157315  -0.295503    2.18643   -1.29474
   0.24806 -0.0689675    2.04293   0.157128  -0.295544    2.18653   -1.29477
  0.248137 -0.0690063    2.04294   0.156944  -0.295584    2.18663    -1.2948
  0.248214 -0.0690447    2.04296   0.156761  -0.295624    2.18672   -1.29484
   0.24829 -0.0690827    2.04298    0.15658  -0.295664    2.18682   -1.29487
  0.248365 -0.0691204    2.04299   0.156401  -0.295704    2.18691    -1.2949
   0.24844 -0.0691576    2.04301   0.156224  -0.295744      2.187   -1.29493
  0.248513 -0.0691944    2.04302   0.156048  -0.295783     2.1871   -1.29496
  0.248587 -0.0692308    2.04304   0.155874  -0.295823    2.18719   -1.29499
  0.248659 -0.0692669    2.04306   0.155702  -0.295862    2.18728   -1.29502
  0.248731 -0.0693026    2.04307   0.155531  -0.295901    2.18737   -1.29505
  0.248802 -0.0693379    2.04309   0.155362   -0.29594    2.18745   -1.29508
  0.248872 -0.0693728    2.04311   0.155194  -0.295979    2.18754   -1.29511
  0.248942 -0.0694074    2.04312   0.155028  -0.296018    2.18763   -1.29514
  0.249011 -0.0694416    2.04314   0.154864  -0.296056    2.18772   -1.29517
   0.24908 -0.0694755    2.04316   0.154701  -0.296095     2.1878    -1.2952
  0.249148 -0.0695089    2.04318    0.15454  -0.296133    2.18788   -1.29523
  0.249215 -0.0695421    2.04319   0.154381  -0.296171    2.18797   -1.29526
  0.249281 -0.0695749    2.04321   0.154223  -0.296209    2.18805   -1.29529
  0.249347 -0.0696073    2.04323   0.154066  -0.296247    2.18813   -1.29532
  0.249413 -0.0696394    2.04324   0.153911  -0.296285    2.18821   -1.29534
  0.249477 -0.0696711    2.04326   0.153758  -0.296323    2.18829   -1.29537
  0.249542 -0.0697025    2.04328   0.153606   -0.29636    2.18837    -1.2954
  0.249605 -0.0697336     2.0433   0.153455  -0.296398    2.18845   -1.29543
  0.249668 -0.0697644    2.04331   0.153306  -0.296435    2.18853   -1.29545
   0.24973 -0.0697948    2.04333   0.153158  -0.296472    2.18861   -1.29548
  0.249792 -0.0698249    2.04335   0.153012  -0.296509    2.18868    -1.2955
  0.249853 -0.0698547    2.04337   0.152867  -0.296546    2.18876   -1.29553
  0.249914 -0.0698841    2.04338   0.152724  -0.296583    2.18883   -1.29556
  0.249974 -0.0699133     2.0434   0.152582   -0.29662    2.18891   -1.29558
  0.250033 -0.0699421    2.04342   0.152441  -0.296656    2.18898   -1.29561
  0.250092 -0.0699706    2.04344   0.152301  -0.296693    2.18905   -1.29563
   0.25015 -0.0699988    2.04345   0.152163  -0.296729    2.18913   -1.29566
  0.250208 -0.0700267    2.04347   0.152027  -0.296765     2.1892   -1.29568
  0.250265 -0.0700543    2.04349   0.151891  -0.296801    2.18927   -1.29571
  0.250322 -0.0700817    2.04351   0.151757  -0.296837    2.18934   -1.29573
  0.250378 -0.0701087    2.04353   0.151624  -0.296873    2.18941   -1.29575
  0.250434 -0.0701354    2.04354   0.151493  -0.296909    2.18948   -1.29578
  0.250489 -0.0701618    2.04356   0.151363  -0.296945    2.18955    -1.2958
 0.250544 -0.070188   2.04358  0.151234  -0.29698   2.18961  -1.29582
  0.250598 -0.0702138     2.0436   0.151106  -0.297016    2.18968   -1.29585
  0.250652 -0.0702394    2.04362   0.150979  -0.297051    2.18975   -1.29587
  0.250705 -0.0702647    2.04364   0.150854  -0.297086    2.18981   -1.29589
  0.250757 -0.0702898    2.04365    0.15073  -0.297122    2.18988   -1.29592
  0.250809 -0.0703145    2.04367   0.150607  -0.297157    2.18994   -1.29594
 0.250861 -0.070339   2.04369  0.150485 -0.297192      2.19  -1.29596
  0.250912 -0.0703632    2.04371   0.150365  -0.297227    2.19007   -1.29598
  0.250963 -0.0703872    2.04373   0.150245  -0.297261    2.19013     -1.296
  0.251013 -0.0704109    2.04375   0.150127  -0.297296    2.19019   -1.29602
  0.251063 -0.0704343    2.04377    0.15001  -0.297331    2.19025   -1.29605
  0.251112 -0.0704575    2.04378   0.149894  -0.297365    2.19031   -1.29607
  0.251161 -0.0704804     2.0438   0.149779  -0.297399    2.19037   -1.29609
 0.251209 -0.070503   2.04382  0.149665 -0.297434   2.19043  -1.29611
  0.251257 -0.0705254    2.04384   0.149553  -0.297468    2.19049   -1.29613
  0.251305 -0.0705476    2.04386   0.149441  -0.297502    2.19055   -1.29615
  0.251352 -0.0705695    2.04388    0.14933  -0.297536    2.19061   -1.29617
  0.251398 -0.0705912     2.0439   0.149221   -0.29757    2.19066   -1.29619
  0.251444 -0.0706126    2.04392   0.149113  -0.297604    2.19072   -1.29621
   0.25149 -0.0706338    2.04394   0.149005  -0.297638    2.19078   -1.29623
  0.251535 -0.0706548    2.04396   0.148899  -0.297671    2.19083   -1.29625
   0.25158 -0.0706755    2.04397   0.148794  -0.297705    2.19089   -1.29627
 0.251625 -0.070696   2.04399  0.148689 -0.297738   2.19094  -1.29629
  0.251669 -0.0707163    2.04401   0.148586  -0.297772      2.191    -1.2963
  0.251712 -0.0707363    2.04403   0.148484  -0.297805    2.19105   -1.29632
  0.251756 -0.0707561    2.04405   0.148383  -0.297838     2.1911   -1.29634
  0.251798 -0.0707757    2.04407   0.148282  -0.297871    2.19115   -1.29636
  0.251841 -0.0707951    2.04409   0.148183  -0.297904    2.19121   -1.29638
  0.251883 -0.0708142    2.04411   0.148084  -0.297937    2.19126    -1.2964
  0.251925 -0.0708331    2.04413   0.147987   -0.29797    2.19131   -1.29641
  0.251966 -0.0708519    2.04415   0.147891  -0.298003    2.19136   -1.29643
  0.252007 -0.0708704    2.04417   0.147795  -0.298036    2.19141   -1.29645
  0.252047 -0.0708886    2.04419     0.1477  -0.298068    2.19146   -1.29647
  0.252087 -0.0709067    2.04421   0.147607  -0.298101    2.19151   -1.29648
  0.252127 -0.0709246    2.04423   0.147514  -0.298133    2.19156    -1.2965
  0.252166 -0.0709423    2.04425   0.147422  -0.298166     2.1916   -1.29652
  0.252205 -0.0709597    2.04427   0.147331  -0.298198    2.19165   -1.29653
 0.252244 -0.070977   2.04429  0.147241  -0.29823    2.1917  -1.29655
  0.252282 -0.0709941    2.04431   0.147151  -0.298263    2.19175   -1.29657
   0.25232 -0.0710109    2.04433   0.147063  -0.298295    2.19179   -1.29658
  0.252358 -0.0710276    2.04435   0.146975  -0.298327    2.19184    -1.2966
  0.252395 -0.0710441    2.04437   0.146888  -0.298359    2.19188   -1.29662
  0.252432 -0.0710604    2.04439   0.146803  -0.298391    2.19193   -1.29663
  0.252469 -0.0710765    2.04441   0.146717  -0.298423    2.19197   -1.29665
  0.252505 -0.0710924    2.04443   0.146633  -0.298454    2.19202   -1.29666
  0.252541 -0.0711081    2.04445    0.14655  -0.298486    2.19206   -1.29668
  0.252576 -0.0711237    2.04447   0.146467  -0.298518     2.1921   -1.29669
 0.252612 -0.071139   2.04449  0.146385 -0.298549   2.19214  -1.29671
  0.252647 -0.0711542    2.04451   0.146304  -0.298581    2.19219   -1.29672
  0.252681 -0.0711692    2.04453   0.146224  -0.298612    2.19223   -1.29674
 0.252715 -0.071184   2.04455  0.146144 -0.298643   2.19227  -1.29675
  0.252749 -0.0711987    2.04457   0.146066  -0.298675    2.19231   -1.29677
  0.252783 -0.0712132    2.04459   0.145988  -0.298706    2.19235   -1.29678
  0.252816 -0.0712275    2.04461   0.145911  -0.298737    2.19239    -1.2968
  0.252849 -0.0712416    2.04463   0.145834  -0.298768    2.19243   -1.29681
  0.252882 -0.0712555    2.04465   0.145758  -0.298799    2.19247   -1.29682
  0.252914 -0.0712693    2.04467   0.145683   -0.29883    2.19251   -1.29684
 0.252947 -0.071283   2.04469  0.145609 -0.298861   2.19255  -1.29685
  0.252978 -0.0712964    2.04471   0.145535  -0.298892    2.19259   -1.29687
   0.25301 -0.0713097    2.04473   0.145463  -0.298923    2.19263   -1.29688
  0.253041 -0.0713229    2.04475    0.14539  -0.298953    2.19266   -1.29689
  0.253072 -0.0713358    2.04477   0.145319  -0.298984     2.1927   -1.29691
  0.253103 -0.0713487    2.04479   0.145248  -0.299015    2.19274   -1.29692
  0.253133 -0.0713613    2.04481   0.145178  -0.299045    2.19277   -1.29693
  0.253163 -0.0713738    2.04483   0.145109  -0.299076    2.19281   -1.29694
  0.253193 -0.0713862    2.04485    0.14504  -0.299106    2.19285   -1.29696
  0.253223 -0.0713984    2.04487   0.144972  -0.299137    2.19288   -1.29697
  0.253252 -0.0714105    2.04489   0.144905  -0.299167    2.19292   -1.29698
  0.253281 -0.0714224    2.04491   0.144838  -0.299197    2.19295     -1.297
   0.25331 -0.0714341    2.04494   0.144772  -0.299227    2.19299   -1.29701
  0.253338 -0.0714457    2.04496   0.144706  -0.299258    2.19302   -1.29702
  0.253367 -0.0714572    2.04498   0.144641  -0.299288    2.19306   -1.29703
  0.253395 -0.0714685      2.045   0.144577  -0.299318    2.19309   -1.29704
  0.253422 -0.0714797    2.04502   0.144514  -0.299348    2.19312   -1.29706
   0.25345 -0.0714907    2.04504   0.144451  -0.299378    2.19315   -1.29707
  0.253477 -0.0715016    2.04506   0.144388  -0.299407    2.19319   -1.29708
  0.253504 -0.0715124    2.04508   0.144326  -0.299437    2.19322   -1.29709
 0.253531 -0.071523    2.0451  0.144265 -0.299467   2.19325   -1.2971
  0.253557 -0.0715335    2.04512   0.144205  -0.299497    2.19328   -1.29711
  0.253584 -0.0715438    2.04514   0.144145  -0.299527    2.19331   -1.29713
   0.25361 -0.0715541    2.04517   0.144085  -0.299556    2.19335   -1.29714
  0.253635 -0.0715641    2.04519   0.144027  -0.299586    2.19338   -1.29715
  0.253661 -0.0715741    2.04521   0.143968  -0.299615    2.19341   -1.29716
  0.253686 -0.0715839    2.04523   0.143911  -0.299645    2.19344   -1.29717
  0.253711 -0.0715936    2.04525   0.143853  -0.299674    2.19347   -1.29718
  0.253736 -0.0716032    2.04527   0.143797  -0.299704     2.1935   -1.29719
  0.253761 -0.0716126    2.04529   0.143741  -0.299733    2.19352    -1.2972
 0.253785 -0.071622   2.04531  0.143685 -0.299762   2.19355  -1.29721
  0.253809 -0.0716312    2.04533    0.14363  -0.299791    2.19358   -1.29722
  0.253833 -0.0716402    2.04536   0.143576  -0.299821    2.19361   -1.29723
  0.253857 -0.0716492    2.04538   0.143522   -0.29985    2.19364   -1.29724
 0.253881 -0.071658    2.0454  0.143469 -0.299879   2.19367  -1.29725
  0.253904 -0.0716667    2.04542   0.143416  -0.299908    2.19369   -1.29726
  0.253927 -0.0716753    2.04544   0.143363  -0.299937    2.19372   -1.29727
   0.25395 -0.0716838    2.04546   0.143312  -0.299966    2.19375   -1.29728
  0.253973 -0.0716922    2.04548    0.14326  -0.299995    2.19378   -1.29729
  0.253995 -0.0717005    2.04551   0.143209  -0.300024     2.1938    -1.2973
  0.254017 -0.0717086    2.04553   0.143159  -0.300053    2.19383   -1.29731
  0.254039 -0.0717166    2.04555   0.143109  -0.300081    2.19385   -1.29732
  0.254061 -0.0717245    2.04557    0.14306   -0.30011    2.19388   -1.29733
  0.254083 -0.0717323    2.04559   0.143011  -0.300139    2.19391   -1.29734
 0.254105  -0.07174   2.04561  0.142963 -0.300168   2.19393  -1.29735
  0.254126 -0.0717476    2.04563   0.142915  -0.300196    2.19396   -1.29736
  0.254147 -0.0717551    2.04566   0.142867  -0.300225    2.19398   -1.29737
  0.254168 -0.0717625    2.04568    0.14282  -0.300253      2.194   -1.29738
  0.254189 -0.0717698     2.0457   0.142774  -0.300282    2.19403   -1.29739
  0.254209 -0.0717769    2.04572   0.142728   -0.30031    2.19405   -1.29739
  0.25423 -0.071784   2.04574  0.142682 -0.300339   2.19408   -1.2974
  0.25425 -0.071791   2.04576  0.142637 -0.300367    2.1941  -1.29741
   0.25427 -0.0717978    2.04579   0.142592  -0.300396    2.19412   -1.29742
   0.25429 -0.0718046    2.04581   0.142547  -0.300424    2.19415   -1.29743
  0.254309 -0.0718113    2.04583   0.142504  -0.300452    2.19417   -1.29744
  0.254329 -0.0718178    2.04585    0.14246  -0.300481    2.19419   -1.29745
  0.254348 -0.0718243    2.04587   0.142417  -0.300509    2.19422   -1.29745
  0.254367 -0.0718307    2.04589   0.142374  -0.300537    2.19424   -1.29746
 0.254386 -0.071837   2.04592  0.142332 -0.300565   2.19426  -1.29747
  0.254405 -0.0718431    2.04594    0.14229  -0.300593    2.19428   -1.29748
  0.254424 -0.0718492    2.04596   0.142249  -0.300621     2.1943   -1.29749
  0.254442 -0.0718552    2.04598   0.142208  -0.300649    2.19432    -1.2975
   0.25446 -0.0718611      2.046   0.142167  -0.300677    2.19435    -1.2975
 0.254478 -0.071867   2.04603  0.142127 -0.300705   2.19437  -1.29751
  0.254496 -0.0718727    2.04605   0.142087  -0.300733    2.19439   -1.29752
  0.254514 -0.0718783    2.04607   0.142048  -0.300761    2.19441   -1.29753
  0.254532 -0.0718839    2.04609   0.142009  -0.300789    2.19443   -1.29753
  0.254549 -0.0718893    2.04611    0.14197  -0.300817    2.19445   -1.29754
  0.254567 -0.0718947    2.04614   0.141932  -0.300845    2.19447   -1.29755
 0.254584   -0.0719   2.04616  0.141894 -0.300873   2.19449  -1.29756
  0.254601 -0.0719052    2.04618   0.141856    -0.3009    2.19451   -1.29756
  0.254618 -0.0719103     2.0462   0.141819  -0.300928    2.19453   -1.29757
  0.254635 -0.0719154    2.04622   0.141782  -0.300956    2.19455   -1.29758
  0.254651 -0.0719203    2.04625   0.141746  -0.300983    2.19456   -1.29759
  0.254668 -0.0719252    2.04627    0.14171  -0.301011    2.19458   -1.29759
 0.254684  -0.07193   2.04629  0.141674 -0.301039    2.1946   -1.2976
    0.2547 -0.0719347    2.04631   0.141639  -0.301066    2.19462   -1.29761
  0.254716 -0.0719393    2.04633   0.141604  -0.301094    2.19464   -1.29761
  0.254732 -0.0719439    2.04636   0.141569  -0.301121    2.19466   -1.29762
  0.254748 -0.0719483    2.04638   0.141534  -0.301149    2.19468   -1.29763
  0.254763 -0.0719527     2.0464     0.1415  -0.301176    2.19469   -1.29763
  0.254779 -0.0719571    2.04642   0.141467  -0.301204    2.19471   -1.29764
  0.254794 -0.0719613    2.04644   0.141433  -0.301231    2.19473   -1.29765
  0.254809 -0.0719655    2.04647     0.1414  -0.301258    2.19475   -1.29765
  0.254824 -0.0719696    2.04649   0.141368  -0.301286    2.19476   -1.29766
  0.254839 -0.0719736    2.04651   0.141335  -0.301313    2.19478   -1.29767
  0.254854 -0.0719776    2.04653   0.141303   -0.30134     2.1948   -1.29767
  0.254869 -0.0719814    2.04656   0.141271  -0.301368    2.19481   -1.29768
  0.254883 -0.0719852    2.04658    0.14124  -0.301395    2.19483   -1.29769
 0.254898 -0.071989    2.0466  0.141209 -0.301422   2.19484  -1.29769
  0.254912 -0.0719926    2.04662   0.141178  -0.301449    2.19486    -1.2977
  0.254926 -0.0719962    2.04664   0.141147  -0.301476    2.19488    -1.2977
   0.25494 -0.0719998    2.04667   0.141117  -0.301504    2.19489   -1.29771
  0.254954 -0.0720032    2.04669   0.141087  -0.301531    2.19491   -1.29772
  0.254968 -0.0720066    2.04671   0.141057  -0.301558    2.19492   -1.29772
  0.254982 -0.0720099    2.04673   0.141028  -0.301585    2.19494   -1.29773
  0.254995 -0.0720132    2.04676   0.140999  -0.301612    2.19495   -1.29773
  0.255009 -0.0720164    2.04678    0.14097  -0.301639    2.19497   -1.29774
  0.255022 -0.0720195     2.0468   0.140942  -0.301666    2.19498   -1.29775
  0.255035 -0.0720226    2.04682   0.140913  -0.301693      2.195   -1.29775
  0.255048 -0.0720256    2.04685   0.140885   -0.30172    2.19501   -1.29776
  0.255061 -0.0720285    2.04687   0.140858  -0.301747    2.19503   -1.29776
  0.255074 -0.0720314    2.04689    0.14083  -0.301774    2.19504   -1.29777
  0.255087 -0.0720342    2.04691   0.140803    -0.3018    2.19506   -1.29777
   0.2551 -0.072037   2.04694  0.140776 -0.301827   2.19507  -1.29778
  0.255112 -0.0720397    2.04696    0.14075  -0.301854    2.19508   -1.29778
  0.255125 -0.0720423    2.04698   0.140723  -0.301881     2.1951   -1.29779
  0.255137 -0.0720449      2.047   0.140697  -0.301908    2.19511    -1.2978
  0.255149 -0.0720474    2.04703   0.140671  -0.301934    2.19512    -1.2978
  0.255161 -0.0720498    2.04705   0.140646  -0.301961    2.19514   -1.29781
  0.255173 -0.0720522    2.04707    0.14062  -0.301988    2.19515   -1.29781
  0.255185 -0.0720546    2.04709   0.140595  -0.302015    2.19516   -1.29782
  0.255197 -0.0720568    2.04712    0.14057  -0.302041    2.19518   -1.29782
  0.255209 -0.0720591    2.04714   0.140546  -0.302068    2.19519   -1.29783
   0.25522 -0.0720612    2.04716   0.140521  -0.302095     2.1952   -1.29783
  0.255232 -0.0720633    2.04718   0.140497  -0.302121    2.19522   -1.29784
  0.255243 -0.0720654    2.04721   0.140473  -0.302148    2.19523   -1.29784
  0.255255 -0.0720674    2.04723    0.14045  -0.302174    2.19524   -1.29785
  0.255266 -0.0720694    2.04725   0.140426  -0.302201    2.19525   -1.29785
  0.255277 -0.0720713    2.04727   0.140403  -0.302227    2.19526   -1.29786
  0.255288 -0.0720731     2.0473    0.14038  -0.302254    2.19528   -1.29786
  0.255299 -0.0720749    2.04732   0.140358   -0.30228    2.19529   -1.29787
   0.25531 -0.0720766    2.04734   0.140335  -0.302307     2.1953   -1.29787
  0.255321 -0.0720783    2.04737   0.140313  -0.302333    2.19531   -1.29787
0.255331 -0.07208  2.04739 0.140291 -0.30236  2.19532 -1.29788
  0.255342 -0.0720816    2.04741   0.140269  -0.302386    2.19533   -1.29788
  0.255353 -0.0720831    2.04743   0.140247  -0.302413    2.19535   -1.29789
  0.255363 -0.0720846    2.04746   0.140226  -0.302439    2.19536   -1.29789
 0.255373 -0.072086   2.04748  0.140205 -0.302465   2.19537   -1.2979
  0.255384 -0.0720874     2.0475   0.140184  -0.302492    2.19538    -1.2979
  0.255394 -0.0720888    2.04752   0.140163  -0.302518    2.19539   -1.29791
  0.255404 -0.0720901    2.04755   0.140142  -0.302544     2.1954   -1.29791
  0.255414 -0.0720913    2.04757   0.140122  -0.302571    2.19541   -1.29791
  0.255424 -0.0720925    2.04759   0.140102  -0.302597    2.19542   -1.29792
  0.255434 -0.0720937    2.04762   0.140082  -0.302623    2.19543   -1.29792
  0.255443 -0.0720948    2.04764   0.140062  -0.302649    2.19544   -1.29793
  0.255453 -0.0720959    2.04766   0.140043  -0.302676    2.19545   -1.29793
  0.255463 -0.0720969    2.04768   0.140023  -0.302702    2.19546   -1.29794
  0.255472 -0.0720979    2.04771   0.140004  -0.302728    2.19547   -1.29794
  0.255481 -0.0720988    2.04773   0.139985  -0.302754    2.19548   -1.29794
  0.255491 -0.0720997    2.04775   0.139966   -0.30278    2.19549   -1.29795
    0.2555 -0.0721005    2.04778   0.139948  -0.302807     2.1955   -1.29795
  0.255509 -0.0721013     2.0478   0.139929  -0.302833    2.19551   -1.29796
  0.255518 -0.0721021    2.04782   0.139911  -0.302859    2.19552   -1.29796
  0.255527 -0.0721028    2.04784   0.139893  -0.302885    2.19553   -1.29796
  0.255536 -0.0721035    2.04787   0.139875  -0.302911    2.19554   -1.29797
  0.255545 -0.0721041    2.04789   0.139857  -0.302937    2.19555   -1.29797
  0.255554 -0.0721047    2.04791    0.13984  -0.302963    2.19556   -1.29798
  0.255563 -0.0721053    2.04794   0.139822  -0.302989    2.19557   -1.29798
  0.255572 -0.0721058    2.04796   0.139805  -0.303015    2.19558   -1.29798
   0.25558 -0.0721063    2.04798   0.139788  -0.303041    2.19558   -1.29799
  0.255589 -0.0721067    2.04801   0.139771  -0.303067    2.19559   -1.29799
  0.255597 -0.0721071    2.04803   0.139755  -0.303093     2.1956   -1.29799
  0.255606 -0.0721075    2.04805   0.139738  -0.303119    2.19561     -1.298
  0.255614 -0.0721078    2.04807   0.139722  -0.303145    2.19562     -1.298
  0.255622 -0.0721081     2.0481   0.139705  -0.303171    2.19563     -1.298
  0.255631 -0.0721083    2.04812   0.139689  -0.303197    2.19564   -1.29801
  0.255639 -0.0721086    2.04814   0.139674  -0.303223    2.19564   -1.29801
  0.255647 -0.0721087    2.04817   0.139658  -0.303249    2.19565   -1.29802
  0.255655 -0.0721089    2.04819   0.139642  -0.303275    2.19566   -1.29802
 0.255663 -0.072109   2.04821  0.139627 -0.303301   2.19567  -1.29802
 0.255671 -0.072109   2.04823  0.139612 -0.303326   2.19568  -1.29803
  0.255678 -0.0721091    2.04826   0.139597  -0.303352    2.19568   -1.29803
  0.255686 -0.0721091    2.04828   0.139582  -0.303378    2.19569   -1.29803
 0.255694 -0.072109    2.0483  0.139567 -0.303404    2.1957  -1.29804
 0.255702 -0.072109   2.04833  0.139552  -0.30343   2.19571  -1.29804
  0.255709 -0.0721089    2.04835   0.139538  -0.303456    2.19571   -1.29804
  0.255717 -0.0721087    2.04837   0.139523  -0.303481    2.19572   -1.29805
  0.255724 -0.0721085     2.0484   0.139509  -0.303507    2.19573   -1.29805
  0.255732 -0.0721083    2.04842   0.139495  -0.303533    2.19574   -1.29805
  0.255739 -0.0721081    2.04844   0.139481  -0.303559    2.19574   -1.29805
  0.255746 -0.0721078    2.04847   0.139467  -0.303584    2.19575   -1.29806
  0.255753 -0.0721075    2.04849   0.139454   -0.30361    2.19576   -1.29806
  0.255761 -0.0721072    2.04851    0.13944  -0.303636    2.19577   -1.29806
  0.255768 -0.0721068    2.04854   0.139427  -0.303662    2.19577   -1.29807
  0.255775 -0.0721064    2.04856   0.139414  -0.303687    2.19578   -1.29807
 0.255782 -0.072106   2.04858  0.139401 -0.303713   2.19579  -1.29807
  0.255789 -0.0721055     2.0486   0.139388  -0.303739    2.19579   -1.29808
 0.255796 -0.072105   2.04863  0.139375 -0.303764    2.1958  -1.29808
  0.255803 -0.0721045    2.04865   0.139362   -0.30379    2.19581   -1.29808
 0.255809 -0.072104   2.04867   0.13935 -0.303816   2.19581  -1.29809
  0.255816 -0.0721034     2.0487   0.139337  -0.303841    2.19582   -1.29809
  0.255823 -0.0721028    2.04872   0.139325  -0.303867    2.19583   -1.29809
  0.255829 -0.0721022    2.04874   0.139313  -0.303892    2.19583   -1.29809
  0.255836 -0.0721015    2.04877   0.139301  -0.303918    2.19584    -1.2981
  0.255843 -0.0721008    2.04879   0.139289  -0.303944    2.19584    -1.2981
  0.255849 -0.0721001    2.04881   0.139277  -0.303969    2.19585    -1.2981
  0.255855 -0.0720993    2.04884   0.139265  -0.303995    2.19586   -1.29811
  0.255862 -0.0720985    2.04886   0.139254   -0.30402    2.19586   -1.29811
  0.255868 -0.0720977    2.04888   0.139242  -0.304046    2.19587   -1.29811
  0.255875 -0.0720969    2.04891   0.139231  -0.304071    2.19587   -1.29811
  0.255881 -0.0720961    2.04893   0.139219  -0.304097    2.19588   -1.29812
  0.255887 -0.0720952    2.04895   0.139208  -0.304123    2.19589   -1.29812
  0.255893 -0.0720943    2.04898   0.139197  -0.304148    2.19589   -1.29812
  0.255899 -0.0720933      2.049   0.139186  -0.304174     2.1959   -1.29812
  0.255905 -0.0720924    2.04902   0.139176  -0.304199     2.1959   -1.29813
  0.255911 -0.0720914    2.04905   0.139165  -0.304225    2.19591   -1.29813
  0.255917 -0.0720904    2.04907   0.139154   -0.30425    2.19591   -1.29813
  0.255923 -0.0720893    2.04909   0.139144  -0.304275    2.19592   -1.29813
  0.255929 -0.0720883    2.04912   0.139134  -0.304301    2.19592   -1.29814
  0.255935 -0.0720872    2.04914   0.139123  -0.304326    2.19593   -1.29814
  0.255941 -0.0720861    2.04916   0.139113  -0.304352    2.19594   -1.29814
  0.255947 -0.0720849    2.04919   0.139103  -0.304377    2.19594   -1.29814
  0.255952 -0.0720838    2.04921   0.139093  -0.304403    2.19595   -1.29815
  0.255958 -0.0720826    2.04923   0.139083  -0.304428    2.19595   -1.29815
  0.255964 -0.0720814    2.04926   0.139074  -0.304454    2.19596   -1.29815
  0.255969 -0.0720801    2.04928   0.139064  -0.304479    2.19596   -1.29815
  0.255975 -0.0720789     2.0493   0.139055  -0.304504    2.19597   -1.29816
   0.25598 -0.0720776    2.04933   0.139045   -0.30453    2.19597   -1.29816
  0.255986 -0.0720763    2.04935   0.139036  -0.304555    2.19598   -1.29816
 0.255991 -0.072075   2.04937  0.139026 -0.304581   2.19598  -1.29816
  0.255997 -0.0720736     2.0494   0.139017  -0.304606    2.19598   -1.29817
  0.256002 -0.0720723    2.04942   0.139008  -0.304631    2.19599   -1.29817
  0.256007 -0.0720709    2.04944   0.138999  -0.304657    2.19599   -1.29817
  0.256013 -0.0720695    2.04947    0.13899  -0.304682      2.196   -1.29817
  0.256018 -0.0720681    2.04949   0.138982  -0.304707      2.196   -1.29817
  0.256023 -0.0720666    2.04951   0.138973  -0.304733    2.19601   -1.29818
  0.256028 -0.0720651    2.04954   0.138964  -0.304758    2.19601   -1.29818
  0.256033 -0.0720636    2.04956   0.138956  -0.304783    2.19602   -1.29818
  0.256038 -0.0720621    2.04958   0.138948  -0.304809    2.19602   -1.29818
  0.256043 -0.0720606    2.04961   0.138939  -0.304834    2.19603   -1.29819
 0.256049 -0.072059   2.04963  0.138931 -0.304859   2.19603  -1.29819
  0.256053 -0.0720575    2.04965   0.138923  -0.304884    2.19603   -1.29819
  0.256058 -0.0720559    2.04968   0.138915   -0.30491    2.19604   -1.29819
  0.256063 -0.0720543     2.0497   0.138907  -0.304935    2.19604   -1.29819
  0.256068 -0.0720526    2.04972   0.138899   -0.30496    2.19605    -1.2982
 0.256073 -0.072051   2.04975  0.138891 -0.304986   2.19605   -1.2982
  0.256078 -0.0720493    2.04977   0.138883  -0.305011    2.19605    -1.2982
  0.256083 -0.0720476    2.04979   0.138876  -0.305036    2.19606    -1.2982
  0.256087 -0.0720459    2.04982   0.138868  -0.305061    2.19606    -1.2982
  0.256092 -0.0720442    2.04984   0.138861  -0.305087    2.19607   -1.29821
  0.256097 -0.0720424    2.04986   0.138853  -0.305112    2.19607   -1.29821
  0.256102 -0.0720407    2.04989   0.138846  -0.305137    2.19607   -1.29821
  0.256106 -0.0720389    2.04991   0.138839  -0.305162    2.19608   -1.29821
  0.256111 -0.0720371    2.04993   0.138831  -0.305187    2.19608   -1.29821
  0.256115 -0.0720353    2.04996   0.138824  -0.305213    2.19609   -1.29822
   0.25612 -0.0720335    2.04998   0.138817  -0.305238    2.19609   -1.29822
  0.256124 -0.0720316       2.05    0.13881  -0.305263    2.19609   -1.29822
  0.256129 -0.0720297    2.05003   0.138803  -0.305288     2.1961   -1.29822
  0.256133 -0.0720279    2.05005   0.138797  -0.305313     2.1961   -1.29822
 0.256138 -0.072026   2.05007   0.13879 -0.305339    2.1961  -1.29823
 0.256142 -0.072024    2.0501  0.138783 -0.305364   2.19611  -1.29823
  0.256146 -0.0720221    2.05012   0.138777  -0.305389    2.19611   -1.29823
  0.256151 -0.0720202    2.05014    0.13877  -0.305414    2.19611   -1.29823
  0.256155 -0.0720182    2.05017   0.138764  -0.305439    2.19612   -1.29823
  0.256159 -0.0720162    2.05019   0.138757  -0.305464    2.19612   -1.29824
  0.256164 -0.0720142    2.05021   0.138751   -0.30549    2.19612   -1.29824
  0.256168 -0.0720122    2.05024   0.138745  -0.305515    2.19613   -1.29824
  0.256172 -0.0720102    2.05026   0.138738   -0.30554    2.19613   -1.29824
  0.256176 -0.0720081    2.05029   0.138732  -0.305565    2.19613   -1.29824
   0.25618 -0.0720061    2.05031   0.138726   -0.30559    2.19614   -1.29824
 0.256184 -0.072004   2.05033   0.13872 -0.305615   2.19614  -1.29825
  0.256189 -0.0720019    2.05036   0.138714   -0.30564    2.19614   -1.29825
  0.256193 -0.0719998    2.05038   0.138708  -0.305665    2.19615   -1.29825
  0.256197 -0.0719977     2.0504   0.138703  -0.305691    2.19615   -1.29825
  0.256201 -0.0719955    2.05043   0.138697  -0.305716    2.19615   -1.29825
  0.256205 -0.0719934    2.05045   0.138691  -0.305741    2.19615   -1.29825
  0.256209 -0.0719912    2.05047   0.138686  -0.305766    2.19616   -1.29826
 0.256213 -0.071989    2.0505   0.13868 -0.305791   2.19616  -1.29826
  0.256216 -0.0719868    2.05052   0.138675  -0.305816    2.19616   -1.29826
   0.25622 -0.0719846    2.05054   0.138669  -0.305841    2.19617   -1.29826
  0.256224 -0.0719824    2.05057   0.138664  -0.305866    2.19617   -1.29826
  0.256228 -0.0719802    2.05059   0.138658  -0.305891    2.19617   -1.29826
  0.256232 -0.0719779    2.05061   0.138653  -0.305916    2.19617   -1.29827
  0.256236 -0.0719757    2.05064   0.138648  -0.305941    2.19618   -1.29827
  0.256239 -0.0719734    2.05066   0.138643  -0.305966    2.19618   -1.29827
  0.256243 -0.0719711    2.05069   0.138638  -0.305991    2.19618   -1.29827
  0.256247 -0.0719688    2.05071   0.138633  -0.306017    2.19618   -1.29827
  0.256251 -0.0719665    2.05073   0.138628  -0.306042    2.19619   -1.29827
  0.256254 -0.0719642    2.05076   0.138623  -0.306067    2.19619   -1.29828
  0.256258 -0.0719618    2.05078   0.138618  -0.306092    2.19619   -1.29828
  0.256262 -0.0719595     2.0508   0.138613  -0.306117    2.19619   -1.29828
  0.256265 -0.0719571    2.05083   0.138608  -0.306142     2.1962   -1.29828
  0.256269 -0.0719548    2.05085   0.138604  -0.306167     2.1962   -1.29828
  0.256272 -0.0719524    2.05087   0.138599  -0.306192     2.1962   -1.29828
 0.256276  -0.07195    2.0509  0.138594 -0.306217    2.1962  -1.29828
  0.256279 -0.0719476    2.05092    0.13859  -0.306242    2.19621   -1.29829
  0.256283 -0.0719451    2.05095   0.138585  -0.306267    2.19621   -1.29829
  0.256286 -0.0719427    2.05097   0.138581  -0.306292    2.19621   -1.29829
   0.25629 -0.0719403    2.05099   0.138577  -0.306317    2.19621   -1.29829
  0.256293 -0.0719378    2.05102   0.138572  -0.306342    2.19622   -1.29829
  0.256297 -0.0719353    2.05104   0.138568  -0.306367    2.19622   -1.29829
    0.2563 -0.0719329    2.05106   0.138564  -0.306392    2.19622   -1.29829
  0.256303 -0.0719304    2.05109   0.138559  -0.306417    2.19622    -1.2983
  0.256307 -0.0719279    2.05111   0.138555  -0.306442    2.19622    -1.2983
   0.25631 -0.0719253    2.05113   0.138551  -0.306467    2.19623    -1.2983
  0.256313 -0.0719228    2.05116   0.138547  -0.306492    2.19623    -1.2983
  0.256317 -0.0719203    2.05118   0.138543  -0.306517    2.19623    -1.2983
   0.25632 -0.0719177     2.0512   0.138539  -0.306542    2.19623    -1.2983
  0.256323 -0.0719152    2.05123   0.138535  -0.306567    2.19623    -1.2983
  0.256327 -0.0719126    2.05125   0.138531  -0.306592    2.19624   -1.29831
  0.25633  -0.07191   2.05128  0.138527 -0.306617   2.19624  -1.29831
  0.256333 -0.0719075     2.0513   0.138524  -0.306642    2.19624   -1.29831
  0.256336 -0.0719049    2.05132    0.13852  -0.306667    2.19624   -1.29831
  0.256339 -0.0719022    2.05135   0.138516  -0.306691    2.19624   -1.29831
  0.256343 -0.0718996    2.05137   0.138512  -0.306716    2.19625   -1.29831
 0.256346 -0.071897   2.05139  0.138509 -0.306741   2.19625  -1.29831
  0.256349 -0.0718944    2.05142   0.138505  -0.306766    2.19625   -1.29831
  0.256352 -0.0718917    2.05144   0.138502  -0.306791    2.19625   -1.29832
  0.256355 -0.0718891    2.05147   0.138498  -0.306816    2.19625   -1.29832
  0.256358 -0.0718864    2.05149   0.138495  -0.306841    2.19626   -1.29832
  0.256361 -0.0718837    2.05151   0.138491  -0.306866    2.19626   -1.29832
 0.256364 -0.071881   2.05154  0.138488 -0.306891   2.19626  -1.29832
  0.256367 -0.0718783    2.05156   0.138485  -0.306916    2.19626   -1.29832
   0.25637 -0.0718756    2.05158   0.138481  -0.306941    2.19626   -1.29832
  0.256373 -0.0718729    2.05161   0.138478  -0.306966    2.19626   -1.29833
  0.256376 -0.0718702    2.05163   0.138475  -0.306991    2.19627   -1.29833
  0.256379 -0.0718675    2.05165   0.138472  -0.307016    2.19627   -1.29833
  0.256382 -0.0718647    2.05168   0.138468  -0.307041    2.19627   -1.29833
 0.256385 -0.071862    2.0517  0.138465 -0.307065   2.19627  -1.29833
  0.256388 -0.0718592    2.05173   0.138462   -0.30709    2.19627   -1.29833
  0.256391 -0.0718565    2.05175   0.138459  -0.307115    2.19627   -1.29833
  0.256394 -0.0718537    2.05177   0.138456   -0.30714    2.19628   -1.29833
  0.256397 -0.0718509     2.0518   0.138453  -0.307165    2.19628   -1.29833
    0.2564 -0.0718481    2.05182    0.13845   -0.30719    2.19628   -1.29834
  0.256403 -0.0718453    2.05184   0.138447  -0.307215    2.19628   -1.29834
  0.256405 -0.0718425    2.05187   0.138445   -0.30724    2.19628   -1.29834
  0.256408 -0.0718397    2.05189   0.138442  -0.307265    2.19628   -1.29834
  0.256411 -0.0718369    2.05192   0.138439   -0.30729    2.19628   -1.29834
 0.256414 -0.071834   2.05194  0.138436 -0.307314   2.19629  -1.29834
  0.256417 -0.0718312    2.05196   0.138433  -0.307339    2.19629   -1.29834
  0.256419 -0.0718284    2.05199   0.138431  -0.307364    2.19629   -1.29834
  0.256422 -0.0718255    2.05201   0.138428  -0.307389    2.19629   -1.29835
  0.256425 -0.0718226    2.05203   0.138426  -0.307414    2.19629   -1.29835
  0.256428 -0.0718198    2.05206   0.138423  -0.307439    2.19629   -1.29835
   0.25643 -0.0718169    2.05208    0.13842  -0.307464    2.19629   -1.29835
 0.256433 -0.071814    2.0521  0.138418 -0.307489    2.1963  -1.29835
  0.256436 -0.0718111    2.05213   0.138415  -0.307514     2.1963   -1.29835
  0.256438 -0.0718082    2.05215   0.138413  -0.307538     2.1963   -1.29835
  0.256441 -0.0718053    2.05218    0.13841  -0.307563     2.1963   -1.29835
  0.256444 -0.0718024     2.0522   0.138408  -0.307588     2.1963   -1.29835
  0.256446 -0.0717995    2.05222   0.138406  -0.307613     2.1963   -1.29836
  0.256449 -0.0717966    2.05225   0.138403  -0.307638     2.1963   -1.29836
  0.256452 -0.0717936    2.05227   0.138401  -0.307663     2.1963   -1.29836
  0.256454 -0.0717907    2.05229   0.138399  -0.307688     2.1963   -1.29836
  0.256457 -0.0717877    2.05232   0.138396  -0.307713    2.19631   -1.29836
  0.256459 -0.0717848    2.05234   0.138394  -0.307737    2.19631   -1.29836
  0.256462 -0.0717818    2.05237   0.138392  -0.307762    2.19631   -1.29836
  0.256465 -0.0717788    2.05239    0.13839  -0.307787    2.19631   -1.29836
  0.256467 -0.0717759    2.05241   0.138388  -0.307812    2.19631   -1.29836
   0.25647 -0.0717729    2.05244   0.138386  -0.307837    2.19631   -1.29837
  0.256472 -0.0717699    2.05246   0.138383  -0.307862    2.19631   -1.29837
  0.256475 -0.0717669    2.05248   0.138381  -0.307886    2.19631   -1.29837
  0.256477 -0.0717639    2.05251   0.138379  -0.307911    2.19631   -1.29837
   0.25648 -0.0717609    2.05253   0.138377  -0.307936    2.19632   -1.29837
  0.256482 -0.0717579    2.05256   0.138375  -0.307961    2.19632   -1.29837
  0.256485 -0.0717549    2.05258   0.138373  -0.307986    2.19632   -1.29837
  0.256487 -0.0717518     2.0526   0.138371  -0.308011    2.19632   -1.29837
   0.25649 -0.0717488    2.05263    0.13837  -0.308036    2.19632   -1.29837
  0.256492 -0.0717458    2.05265   0.138368   -0.30806    2.19632   -1.29837
  0.256494 -0.0717427    2.05268   0.138366  -0.308085    2.19632   -1.29838
  0.256497 -0.0717397     2.0527   0.138364   -0.30811    2.19632   -1.29838
  0.256499 -0.0717366    2.05272   0.138362  -0.308135    2.19632   -1.29838
  0.256502 -0.0717336    2.05275    0.13836   -0.30816    2.19632   -1.29838
  0.256504 -0.0717305    2.05277   0.138359  -0.308185    2.19633   -1.29838
  0.256506 -0.0717274    2.05279   0.138357  -0.308209    2.19633   -1.29838
  0.256509 -0.0717243    2.05282   0.138355  -0.308234    2.19633   -1.29838
  0.256511 -0.0717213    2.05284   0.138353  -0.308259    2.19633   -1.29838
  0.256514 -0.0717182    2.05287   0.138352  -0.308284    2.19633   -1.29838
  0.256516 -0.0717151    2.05289    0.13835  -0.308309    2.19633   -1.29838
 0.256518 -0.071712   2.05291  0.138349 -0.308334   2.19633  -1.29839
  0.256521 -0.0717089    2.05294   0.138347  -0.308358    2.19633   -1.29839
  0.256523 -0.0717058    2.05296   0.138345  -0.308383    2.19633   -1.29839
  0.256525 -0.0717026    2.05298   0.138344  -0.308408    2.19633   -1.29839
  0.256527 -0.0716995    2.05301   0.138342  -0.308433    2.19633   -1.29839
   0.25653 -0.0716964    2.05303   0.138341  -0.308458    2.19633   -1.29839
  0.256532 -0.0716933    2.05306   0.138339  -0.308482    2.19634   -1.29839
  0.256534 -0.0716901    2.05308   0.138338  -0.308507    2.19634   -1.29839
 0.256537 -0.071687    2.0531  0.138336 -0.308532   2.19634  -1.29839
  0.256539 -0.0716838    2.05313   0.138335  -0.308557    2.19634   -1.29839
  0.256541 -0.0716807    2.05315   0.138334  -0.308582    2.19634   -1.29839
  0.256543 -0.0716775    2.05318   0.138332  -0.308607    2.19634    -1.2984
  0.256546 -0.0716744     2.0532   0.138331  -0.308631    2.19634    -1.2984
  0.256548 -0.0716712    2.05322    0.13833  -0.308656    2.19634    -1.2984
  0.25655 -0.071668   2.05325  0.138328 -0.308681   2.19634   -1.2984
  0.256552 -0.0716649    2.05327   0.138327  -0.308706    2.19634    -1.2984
  0.256554 -0.0716617    2.05329   0.138326  -0.308731    2.19634    -1.2984
  0.256557 -0.0716585    2.05332   0.138324  -0.308755    2.19634    -1.2984
  0.256559 -0.0716553    2.05334   0.138323   -0.30878    2.19634    -1.2984
  0.256561 -0.0716521    2.05337   0.138322  -0.308805    2.19634    -1.2984
  0.256563 -0.0716489    2.05339   0.138321   -0.30883    2.19634    -1.2984
  0.256565 -0.0716457    2.05341    0.13832  -0.308855    2.19635    -1.2984
  0.256567 -0.0716425    2.05344   0.138318  -0.308879    2.19635   -1.29841
   0.25657 -0.0716393    2.05346   0.138317  -0.308904    2.19635   -1.29841
  0.256572 -0.0716361    2.05348   0.138316  -0.308929    2.19635   -1.29841
  0.256574 -0.0716329    2.05351   0.138315  -0.308954    2.19635   -1.29841
  0.256576 -0.0716296    2.05353   0.138314  -0.308979    2.19635   -1.29841
  0.256578 -0.0716264    2.05356   0.138313  -0.309003    2.19635   -1.29841
   0.25658 -0.0716232    2.05358   0.138312  -0.309028    2.19635   -1.29841
  0.256582 -0.0716199     2.0536   0.138311  -0.309053    2.19635   -1.29841
  0.256584 -0.0716167    2.05363    0.13831  -0.309078    2.19635   -1.29841
  0.256586 -0.0716134    2.05365   0.138309  -0.309103    2.19635   -1.29841
  0.256589 -0.0716102    2.05368   0.138308  -0.309127    2.19635   -1.29841
  0.256591 -0.0716069     2.0537   0.138307  -0.309152    2.19635   -1.29841
  0.256593 -0.0716037    2.05372   0.138306  -0.309177    2.19635   -1.29842
  0.256595 -0.0716004    2.05375   0.138305  -0.309202    2.19635   -1.29842
  0.256597 -0.0715972    2.05377   0.138304  -0.309227    2.19635   -1.29842
  0.256599 -0.0715939     2.0538   0.138303  -0.309251    2.19635   -1.29842
  0.256601 -0.0715906    2.05382   0.138302  -0.309276    2.19635   -1.29842
  0.256603 -0.0715873    2.05384   0.138301  -0.309301    2.19635   -1.29842
  0.256605 -0.0715841    2.05387     0.1383  -0.309326    2.19635   -1.29842
  0.256607 -0.0715808    2.05389   0.138299  -0.309351    2.19636   -1.29842
  0.256609 -0.0715775    2.05391   0.138299  -0.309375    2.19636   -1.29842
  0.256611 -0.0715742    2.05394   0.138298    -0.3094    2.19636   -1.29842
  0.256613 -0.0715709    2.05396   0.138297  -0.309425    2.19636   -1.29842
  0.256615 -0.0715676    2.05399   0.138296   -0.30945    2.19636   -1.29842
  0.256617 -0.0715643    2.05401   0.138295  -0.309475    2.19636   -1.29842
 0.256619 -0.071561   2.05403  0.138295 -0.309499   2.19636  -1.29843
  0.256621 -0.0715577    2.05406   0.138294  -0.309524    2.19636   -1.29843
  0.256623 -0.0715544    2.05408   0.138293  -0.309549    2.19636   -1.29843
  0.256625 -0.0715511    2.05411   0.138293  -0.309574    2.19636   -1.29843
  0.256627 -0.0715477    2.05413   0.138292  -0.309599    2.19636   -1.29843
  0.256629 -0.0715444    2.05415   0.138291  -0.309623    2.19636   -1.29843
  0.256631 -0.0715411    2.05418    0.13829  -0.309648    2.19636   -1.29843
  0.256633 -0.0715378     2.0542    0.13829  -0.309673    2.19636   -1.29843
  0.256635 -0.0715344    2.05422   0.138289  -0.309698    2.19636   -1.29843
  0.256637 -0.0715311    2.05425   0.138289  -0.309722    2.19636   -1.29843
  0.256639 -0.0715278    2.05427   0.138288  -0.309747    2.19636   -1.29843
  0.256641 -0.0715244     2.0543   0.138287  -0.309772    2.19636   -1.29843
  0.256643 -0.0715211    2.05432   0.138287  -0.309797    2.19636   -1.29844
  0.256644 -0.0715177    2.05434   0.138286  -0.309822    2.19636   -1.29844
  0.256646 -0.0715144    2.05437   0.138286  -0.309846    2.19636   -1.29844
 0.256648 -0.071511   2.05439  0.138285 -0.309871   2.19636  -1.29844
   0.25665 -0.0715077    2.05442   0.138284  -0.309896    2.19636   -1.29844
  0.256652 -0.0715043    2.05444   0.138284  -0.309921    2.19636   -1.29844
  0.256654 -0.0715009    2.05446   0.138283  -0.309946    2.19636   -1.29844
  0.256656 -0.0714976    2.05449   0.138283   -0.30997    2.19636   -1.29844
  0.256658 -0.0714942    2.05451   0.138282  -0.309995    2.19636   -1.29844
   0.25666 -0.0714908    2.05454   0.138282   -0.31002    2.19636   -1.29844
  0.256661 -0.0714875    2.05456   0.138281  -0.310045    2.19636   -1.29844
  0.256663 -0.0714841    2.05458   0.138281  -0.310069    2.19636   -1.29844
  0.256665 -0.0714807    2.05461   0.138281  -0.310094    2.19636   -1.29844
  0.256667 -0.0714773    2.05463    0.13828  -0.310119    2.19636   -1.29844
  0.256669 -0.0714739    2.05466    0.13828  -0.310144    2.19637   -1.29845
  0.256671 -0.0714706    2.05468   0.138279  -0.310169    2.19637   -1.29845
  0.256673 -0.0714672     2.0547   0.138279  -0.310193    2.19637   -1.29845
  0.256674 -0.0714638    2.05473   0.138279  -0.310218    2.19637   -1.29845
  0.256676 -0.0714604    2.05475   0.138278  -0.310243    2.19637   -1.29845
 0.256678 -0.071457   2.05477  0.138278 -0.310268   2.19637  -1.29845
   0.25668 -0.0714536     2.0548   0.138277  -0.310293    2.19637   -1.29845
  0.256682 -0.0714502    2.05482   0.138277  -0.310317    2.19637   -1.29845
  0.256684 -0.0714468    2.05485   0.138277  -0.310342    2.19637   -1.29845
  0.256685 -0.0714434    2.05487   0.138276  -0.310367    2.19637   -1.29845
  0.256687 -0.0714399    2.05489   0.138276  -0.310392    2.19637   -1.29845
  0.256689 -0.0714365    2.05492   0.138276  -0.310416    2.19637   -1.29845
  0.256691 -0.0714331    2.05494   0.138275  -0.310441    2.19637   -1.29845
  0.256693 -0.0714297    2.05497   0.138275  -0.310466    2.19637   -1.29846
  0.256694 -0.0714263    2.05499   0.138275  -0.310491    2.19637   -1.29846
  0.256696 -0.0714228    2.05501   0.138275  -0.310516    2.19637   -1.29846
  0.256698 -0.0714194    2.05504   0.138274   -0.31054    2.19637   -1.29846
   0.2567 -0.071416   2.05506  0.138274 -0.310565   2.19637  -1.29846
  0.256702 -0.0714126    2.05509   0.138274   -0.31059    2.19637   -1.29846
  0.256703 -0.0714091    2.05511   0.138274  -0.310615    2.19637   -1.29846
  0.256705 -0.0714057    2.05513   0.138273  -0.310639    2.19637   -1.29846
  0.256707 -0.0714023    2.05516   0.138273  -0.310664    2.19637   -1.29846
  0.256709 -0.0713988    2.05518   0.138273  -0.310689    2.19637   -1.29846
  0.256711 -0.0713954    2.05521   0.138273  -0.310714    2.19637   -1.29846
  0.256712 -0.0713919    2.05523   0.138273  -0.310739    2.19637   -1.29846
  0.256714 -0.0713885    2.05525   0.138273  -0.310763    2.19637   -1.29846
 0.256716 -0.071385   2.05528  0.138272 -0.310788   2.19637  -1.29846
  0.256718 -0.0713816     2.0553   0.138272  -0.310813    2.19637   -1.29846
  0.256719 -0.0713781    2.05533   0.138272  -0.310838    2.19637   -1.29847
  0.256721 -0.0713747    2.05535   0.138272  -0.310863    2.19637   -1.29847
  0.256723 -0.0713712    2.05537   0.138272  -0.310887    2.19637   -1.29847
  0.256724 -0.0713678     2.0554   0.138272  -0.310912    2.19637   -1.29847
  0.256726 -0.0713643    2.05542   0.138272  -0.310937    2.19637   -1.29847
  0.256728 -0.0713608    2.05545   0.138271  -0.310962    2.19637   -1.29847
   0.25673 -0.0713574    2.05547   0.138271  -0.310986    2.19637   -1.29847
  0.256731 -0.0713539    2.05549   0.138271  -0.311011    2.19637   -1.29847
  0.256733 -0.0713504    2.05552   0.138271  -0.311036    2.19637   -1.29847
 0.256735 -0.071347   2.05554  0.138271 -0.311061   2.19637  -1.29847
  0.256737 -0.0713435    2.05557   0.138271  -0.311086    2.19637   -1.29847
0.256738 -0.07134  2.05559 0.138271 -0.31111  2.19637 -1.29847
   0.25674 -0.0713365    2.05561   0.138271  -0.311135    2.19637   -1.29847
 0.256742 -0.071333   2.05564  0.138271  -0.31116   2.19637  -1.29847
  0.256743 -0.0713296    2.05566   0.138271  -0.311185    2.19637   -1.29847
  0.256745 -0.0713261    2.05568   0.138271  -0.311209    2.19637   -1.29848
  0.256747 -0.0713226    2.05571   0.138271  -0.311234    2.19637   -1.29848
  0.256748 -0.0713191    2.05573   0.138271  -0.311259    2.19637   -1.29848
   0.25675 -0.0713156    2.05576   0.138271  -0.311284    2.19637   -1.29848
  0.256752 -0.0713121    2.05578   0.138271  -0.311309    2.19637   -1.29848
  0.256754 -0.0713086     2.0558   0.138271  -0.311333    2.19637   -1.29848
  0.256755 -0.0713051    2.05583   0.138271  -0.311358    2.19637   -1.29848
  0.256757 -0.0713017    2.05585   0.138271  -0.311383    2.19637   -1.29848
  0.256759 -0.0712982    2.05588   0.138271  -0.311408    2.19637   -1.29848
   0.25676 -0.0712947     2.0559   0.138271  -0.311433    2.19637   -1.29848
  0.256762 -0.0712912    2.05592   0.138271  -0.311457    2.19637   -1.29848
  0.256764 -0.0712877    2.05595   0.138271  -0.311482    2.19637   -1.29848
  0.256765 -0.0712841    2.05597   0.138271  -0.311507    2.19637   -1.29848
  0.256767 -0.0712806      2.056   0.138271  -0.311532    2.19637   -1.29848
  0.256769 -0.0712771    2.05602   0.138271  -0.311556    2.19637   -1.29848
   0.25677 -0.0712736    2.05604   0.138271  -0.311581    2.19637   -1.29849
  0.256772 -0.0712701    2.05607   0.138272  -0.311606    2.19637   -1.29849
  0.256774 -0.0712666    2.05609   0.138272  -0.311631    2.19637   -1.29849
  0.256775 -0.0712631    2.05612   0.138272  -0.311656    2.19637   -1.29849
  0.256777 -0.0712596    2.05614   0.138272   -0.31168    2.19637   -1.29849
  0.256779 -0.0712561    2.05616   0.138272  -0.311705    2.19637   -1.29849
   0.25678 -0.0712525    2.05619   0.138272   -0.31173    2.19637   -1.29849
 0.256782 -0.071249   2.05621  0.138272 -0.311755   2.19637  -1.29849
  0.256783 -0.0712455    2.05624   0.138272   -0.31178    2.19637   -1.29849
 0.256785 -0.071242   2.05626  0.138272 -0.311804   2.19637  -1.29849
  0.256787 -0.0712384    2.05628   0.138273  -0.311829    2.19637   -1.29849
  0.256788 -0.0712349    2.05631   0.138273  -0.311854    2.19637   -1.29849
   0.25679 -0.0712314    2.05633   0.138273  -0.311879    2.19637   -1.29849
  0.256792 -0.0712279    2.05636   0.138273  -0.311904    2.19637   -1.29849
  0.256793 -0.0712243    2.05638   0.138273  -0.311928    2.19637   -1.29849
  0.256795 -0.0712208     2.0564   0.138273  -0.311953    2.19637   -1.29849
  0.256797 -0.0712173    2.05643   0.138274  -0.311978    2.19637    -1.2985
  0.256798 -0.0712137    2.05645   0.138274  -0.312003    2.19637    -1.2985
    0.2568 -0.0712102    2.05648   0.138274  -0.312028    2.19637    -1.2985
  0.256801 -0.0712067     2.0565   0.138274  -0.312052    2.19637    -1.2985
  0.256803 -0.0712031    2.05652   0.138274  -0.312077    2.19637    -1.2985
  0.256805 -0.0711996    2.05655   0.138275  -0.312102    2.19637    -1.2985
 0.256806 -0.071196   2.05657  0.138275 -0.312127   2.19637   -1.2985
  0.256808 -0.0711925     2.0566   0.138275  -0.312152    2.19637    -1.2985
 0.256809 -0.071189   2.05662  0.138275 -0.312176   2.19637   -1.2985
  0.256811 -0.0711854    2.05664   0.138275  -0.312201    2.19637    -1.2985
  0.256813 -0.0711819    2.05667   0.138276  -0.312226    2.19637    -1.2985
  0.256814 -0.0711783    2.05669   0.138276  -0.312251    2.19637    -1.2985
  0.256816 -0.0711748    2.05672   0.138276  -0.312276    2.19637    -1.2985
  0.256817 -0.0711712    2.05674   0.138276    -0.3123    2.19637    -1.2985
  0.256819 -0.0711677    2.05676   0.138277  -0.312325    2.19636    -1.2985
  0.256821 -0.0711641    2.05679   0.138277   -0.31235    2.19636    -1.2985
  0.256822 -0.0711606    2.05681   0.138277  -0.312375    2.19636   -1.29851
 0.256824 -0.071157   2.05684  0.138277   -0.3124   2.19636  -1.29851
  0.256825 -0.0711534    2.05686   0.138278  -0.312424    2.19636   -1.29851
  0.256827 -0.0711499    2.05688   0.138278  -0.312449    2.19636   -1.29851
  0.256829 -0.0711463    2.05691   0.138278  -0.312474    2.19636   -1.29851
   0.25683 -0.0711428    2.05693   0.138279  -0.312499    2.19636   -1.29851
  0.256832 -0.0711392    2.05696   0.138279  -0.312524    2.19636   -1.29851
  0.256833 -0.0711356    2.05698   0.138279  -0.312548    2.19636   -1.29851
  0.256835 -0.0711321    2.05701   0.138279  -0.312573    2.19636   -1.29851
  0.256836 -0.0711285    2.05703    0.13828  -0.312598    2.19636   -1.29851
  0.256838 -0.0711249    2.05705    0.13828  -0.312623    2.19636   -1.29851
   0.25684 -0.0711214    2.05708    0.13828  -0.312648    2.19636   -1.29851
  0.256841 -0.0711178     2.0571   0.138281  -0.312672    2.19636   -1.29851
  0.256843 -0.0711142    2.05713   0.138281  -0.312697    2.19636   -1.29851
  0.256844 -0.0711107    2.05715   0.138281  -0.312722    2.19636   -1.29851
  0.256846 -0.0711071    2.05717   0.138282  -0.312747    2.19636   -1.29851
  0.256847 -0.0711035     2.0572   0.138282  -0.312772    2.19636   -1.29852
 0.256849   -0.0711   2.05722  0.138282 -0.312796   2.19636  -1.29852
  0.256851 -0.0710964    2.05725   0.138283  -0.312821    2.19636   -1.29852
  0.256852 -0.0710928    2.05727   0.138283  -0.312846    2.19636   -1.29852
  0.256854 -0.0710892    2.05729   0.138283  -0.312871    2.19636   -1.29852
  0.256855 -0.0710857    2.05732   0.138284  -0.312896    2.19636   -1.29852
  0.256857 -0.0710821    2.05734   0.138284   -0.31292    2.19636   -1.29852
  0.256858 -0.0710785    2.05737   0.138284  -0.312945    2.19636   -1.29852
   0.25686 -0.0710749    2.05739   0.138285   -0.31297    2.19636   -1.29852
  0.256861 -0.0710713    2.05741   0.138285  -0.312995    2.19636   -1.29852
  0.256863 -0.0710677    2.05744   0.138285   -0.31302    2.19636   -1.29852
  0.256865 -0.0710642    2.05746   0.138286  -0.313044    2.19636   -1.29852
  0.256866 -0.0710606    2.05749   0.138286  -0.313069    2.19636   -1.29852
 0.256868 -0.071057   2.05751  0.138287 -0.313094   2.19636  -1.29852
  0.256869 -0.0710534    2.05753   0.138287  -0.313119    2.19636   -1.29852
  0.256871 -0.0710498    2.05756   0.138287  -0.313144    2.19636   -1.29852
  0.256872 -0.0710462    2.05758   0.138288  -0.313169    2.19636   -1.29852
  0.256874 -0.0710426    2.05761   0.138288  -0.313193    2.19636   -1.29853
  0.256875 -0.0710391    2.05763   0.138289  -0.313218    2.19636   -1.29853
  0.256877 -0.0710355    2.05765   0.138289  -0.313243    2.19636   -1.29853
  0.256878 -0.0710319    2.05768   0.138289  -0.313268    2.19636   -1.29853
   0.25688 -0.0710283     2.0577    0.13829  -0.313293    2.19636   -1.29853
  0.256881 -0.0710247    2.05773    0.13829  -0.313317    2.19636   -1.29853
  0.256883 -0.0710211    2.05775   0.138291  -0.313342    2.19636   -1.29853
  0.256885 -0.0710175    2.05777   0.138291  -0.313367    2.19636   -1.29853
  0.256886 -0.0710139     2.0578   0.138291  -0.313392    2.19636   -1.29853
  0.256888 -0.0710103    2.05782   0.138292  -0.313417    2.19636   -1.29853
  0.256889 -0.0710067    2.05785   0.138292  -0.313442    2.19636   -1.29853
  0.256891 -0.0710031    2.05787   0.138293  -0.313466    2.19636   -1.29853
  0.256892 -0.0709995     2.0579   0.138293  -0.313491    2.19636   -1.29853
  0.256894 -0.0709959    2.05792   0.138294  -0.313516    2.19636   -1.29853
  0.256895 -0.0709923    2.05794   0.138294  -0.313541    2.19635   -1.29853
  0.256897 -0.0709887    2.05797   0.138295  -0.313566    2.19635   -1.29853
  0.256898 -0.0709851    2.05799   0.138295  -0.313591    2.19635   -1.29853
    0.2569 -0.0709815    2.05802   0.138295  -0.313615    2.19635   -1.29853
  0.256901 -0.0709779    2.05804   0.138296   -0.31364    2.19635   -1.29854
  0.256903 -0.0709743    2.05806   0.138296  -0.313665    2.19635   -1.29854
  0.256904 -0.0709707    2.05809   0.138297   -0.31369    2.19635   -1.29854
  0.256906 -0.0709671    2.05811   0.138297  -0.313715    2.19635   -1.29854
  0.256907 -0.0709635    2.05814   0.138298   -0.31374    2.19635   -1.29854
  0.256909 -0.0709598    2.05816   0.138298  -0.313764    2.19635   -1.29854
   0.25691 -0.0709562    2.05818   0.138299  -0.313789    2.19635   -1.29854
  0.256912 -0.0709526    2.05821   0.138299  -0.313814    2.19635   -1.29854
 0.256913 -0.070949   2.05823    0.1383 -0.313839   2.19635  -1.29854
  0.256915 -0.0709454    2.05826     0.1383  -0.313864    2.19635   -1.29854
  0.256916 -0.0709418    2.05828   0.138301  -0.313889    2.19635   -1.29854
  0.256918 -0.0709382     2.0583   0.138301  -0.313913    2.19635   -1.29854
  0.256919 -0.0709346    2.05833   0.138302  -0.313938    2.19635   -1.29854
  0.256921 -0.0709309    2.05835   0.138302  -0.313963    2.19635   -1.29854
  0.256922 -0.0709273    2.05838   0.138303  -0.313988    2.19635   -1.29854
  0.256924 -0.0709237     2.0584   0.138303  -0.314013    2.19635   -1.29854
  0.256925 -0.0709201    2.05843   0.138304  -0.314038    2.19635   -1.29854
  0.256927 -0.0709165    2.05845   0.138304  -0.314062    2.19635   -1.29855
  0.256928 -0.0709129    2.05847   0.138305  -0.314087    2.19635   -1.29855
   0.25693 -0.0709092     2.0585   0.138305  -0.314112    2.19635   -1.29855
  0.256931 -0.0709056    2.05852   0.138306  -0.314137    2.19635   -1.29855
 0.256933 -0.070902   2.05855  0.138306 -0.314162   2.19635  -1.29855
  0.256934 -0.0708984    2.05857   0.138307  -0.314187    2.19635   -1.29855
  0.256936 -0.0708948    2.05859   0.138307  -0.314211    2.19635   -1.29855
  0.256937 -0.0708911    2.05862   0.138308  -0.314236    2.19635   -1.29855
  0.256939 -0.0708875    2.05864   0.138308  -0.314261    2.19635   -1.29855
   0.25694 -0.0708839    2.05867   0.138309  -0.314286    2.19635   -1.29855
  0.256942 -0.0708803    2.05869   0.138309  -0.314311    2.19635   -1.29855
  0.256943 -0.0708766    2.05871    0.13831  -0.314336    2.19635   -1.29855
 0.256945 -0.070873   2.05874   0.13831  -0.31436   2.19635  -1.29855
  0.256946 -0.0708694    2.05876   0.138311  -0.314385    2.19635   -1.29855
  0.256948 -0.0708658    2.05879   0.138311   -0.31441    2.19635   -1.29855
  0.256949 -0.0708621    2.05881   0.138312  -0.314435    2.19635   -1.29855
  0.256951 -0.0708585    2.05883   0.138312   -0.31446    2.19634   -1.29855
  0.256952 -0.0708549    2.05886   0.138313  -0.314485    2.19634   -1.29855
  0.256954 -0.0708513    2.05888   0.138314   -0.31451    2.19634   -1.29856
  0.256955 -0.0708476    2.05891   0.138314  -0.314534    2.19634   -1.29856
 0.256957 -0.070844   2.05893  0.138315 -0.314559   2.19634  -1.29856
  0.256958 -0.0708404    2.05896   0.138315  -0.314584    2.19634   -1.29856
   0.25696 -0.0708367    2.05898   0.138316  -0.314609    2.19634   -1.29856
  0.256961 -0.0708331      2.059   0.138316  -0.314634    2.19634   -1.29856
  0.256963 -0.0708295    2.05903   0.138317  -0.314659    2.19634   -1.29856
  0.256964 -0.0708258    2.05905   0.138317  -0.314684    2.19634   -1.29856
  0.256966 -0.0708222    2.05908   0.138318  -0.314708    2.19634   -1.29856
  0.256967 -0.0708186     2.0591   0.138319  -0.314733    2.19634   -1.29856
  0.256969 -0.0708149    2.05912   0.138319  -0.314758    2.19634   -1.29856
   0.25697 -0.0708113    2.05915    0.13832  -0.314783    2.19634   -1.29856
  0.256972 -0.0708077    2.05917    0.13832  -0.314808    2.19634   -1.29856
 0.256973 -0.070804    2.0592  0.138321 -0.314833   2.19634  -1.29856
  0.256975 -0.0708004    2.05922   0.138321  -0.314858    2.19634   -1.29856
  0.256976 -0.0707967    2.05924   0.138322  -0.314882    2.19634   -1.29856
  0.256978 -0.0707931    2.05927   0.138323  -0.314907    2.19634   -1.29856
  0.256979 -0.0707895    2.05929   0.138323  -0.314932    2.19634   -1.29856
  0.256981 -0.0707858    2.05932   0.138324  -0.314957    2.19634   -1.29857
  0.256982 -0.0707822    2.05934   0.138324  -0.314982    2.19634   -1.29857
  0.256983 -0.0707785    2.05937   0.138325  -0.315007    2.19634   -1.29857
  0.256985 -0.0707749    2.05939   0.138325  -0.315032    2.19634   -1.29857
  0.256986 -0.0707713    2.05941   0.138326  -0.315056    2.19634   -1.29857
  0.256988 -0.0707676    2.05944   0.138327  -0.315081    2.19634   -1.29857
 0.256989 -0.070764   2.05946  0.138327 -0.315106   2.19634  -1.29857
  0.256991 -0.0707603    2.05949   0.138328  -0.315131    2.19634   -1.29857
  0.256992 -0.0707567    2.05951   0.138328  -0.315156    2.19634   -1.29857
  0.256994 -0.0707531    2.05953   0.138329  -0.315181    2.19634   -1.29857
  0.256995 -0.0707494    2.05956    0.13833  -0.315206    2.19634   -1.29857
  0.256997 -0.0707458    2.05958    0.13833  -0.315231    2.19633   -1.29857
  0.256998 -0.0707421    2.05961   0.138331  -0.315255    2.19633   -1.29857
     0.257 -0.0707385    2.05963   0.138331   -0.31528    2.19633   -1.29857
  0.257001 -0.0707348    2.05966   0.138332  -0.315305    2.19633   -1.29857
  0.257003 -0.0707312    2.05968   0.138333   -0.31533    2.19633   -1.29857
