  0.0456183 -0.00245539   0.0212398
  0.0507762 -0.00983367   0.0163196
 0.0538192 -0.0144009  0.0134569
 0.0555587 -0.0172792  0.0118333
 0.0565073 -0.0191315  0.0109583
 0.0569823 -0.0203536   0.010534
 0.0571782 -0.0211838  0.0103788
 0.0572133 -0.0217668  0.0103812
 0.0571586 -0.0221904  0.0104731
0.0570567 -0.022509 0.0106126
 0.0569326 -0.0227562  0.0107747
 0.0568009 -0.0229533  0.0109441
 0.0566697 -0.0231139   0.011112
 0.0565436 -0.0232469  0.0112733
 0.0564246 -0.0233583  0.0114254
 0.0563136 -0.0234525  0.0115671
 0.0562107 -0.0235325  0.0116979
 0.0561158 -0.0236006  0.0118181
 0.0560281 -0.0236586  0.0119281
 0.0559473 -0.0237079  0.0120284
 0.0558727 -0.0237498  0.0121198
 0.0558038 -0.0237853  0.0122028
 0.0557398 -0.0238151  0.0122781
0.0556805  -0.02384 0.0123464
 0.0556252 -0.0238606  0.0124082
 0.0555736 -0.0238775  0.0124641
 0.0555253 -0.0238912  0.0125146
  0.05548 -0.023902 0.0125602
 0.0554374 -0.0239103  0.0126014
 0.0553971 -0.0239165  0.0126384
  0.055359 -0.0239207  0.0126717
 0.0553228 -0.0239233  0.0127017
 0.0552884 -0.0239245  0.0127286
 0.0552556 -0.0239244  0.0127526
 0.0552241 -0.0239232  0.0127741
  0.055194 -0.0239211  0.0127934
 0.0551651 -0.0239182  0.0128105
 0.0551372 -0.0239145  0.0128257
 0.0551103 -0.0239102  0.0128391
 0.0550843 -0.0239054   0.012851
  0.055059 -0.0239001  0.0128614
 0.0550346 -0.0238945  0.0128706
 0.0550108 -0.0238885  0.0128785
 0.0549876 -0.0238822  0.0128854
  0.054965 -0.0238756  0.0128914
 0.0549429 -0.0238689  0.0128964
0.0549213 -0.023862 0.0129007
 0.0549002 -0.0238549  0.0129042
 0.0548794 -0.0238477  0.0129071
 0.0548591 -0.0238405  0.0129093
 0.0548392 -0.0238331  0.0129111
 0.0548196 -0.0238257  0.0129123
 0.0548003 -0.0238182  0.0129132
 0.0547813 -0.0238107  0.0129136
 0.0547626 -0.0238032  0.0129137
 0.0547442 -0.0237957  0.0129134
  0.054726 -0.0237882  0.0129129
 0.0547081 -0.0237807  0.0129121
 0.0546904 -0.0237732  0.0129111
  0.054673 -0.0237657  0.0129099
 0.0546557 -0.0237582  0.0129084
 0.0546387 -0.0237508  0.0129068
 0.0546219 -0.0237434  0.0129051
0.0546052 -0.023736 0.0129032
 0.0545887 -0.0237287  0.0129012
 0.0545724 -0.0237214  0.0128991
 0.0545563 -0.0237142  0.0128969
 0.0545404 -0.0237069  0.0128947
 0.0545246 -0.0236998  0.0128923
  0.054509 -0.0236927  0.0128899
 0.0544935 -0.0236856  0.0128874
 0.0544782 -0.0236786  0.0128849
  0.054463 -0.0236716  0.0128824
  0.054448 -0.0236647  0.0128798
 0.0544331 -0.0236578  0.0128772
0.0544183 -0.023651 0.0128745
 0.0544037 -0.0236442  0.0128719
 0.0543892 -0.0236375  0.0128692
 0.0543749 -0.0236309  0.0128665
 0.0543606 -0.0236242  0.0128638
 0.0543465 -0.0236177  0.0128611
 0.0543326 -0.0236112  0.0128584
 0.0543187 -0.0236047  0.0128557
  0.054305 -0.0235983   0.012853
 0.0542914 -0.0235919  0.0128503
 0.0542779 -0.0235856  0.0128476
 0.0542645 -0.0235793  0.0128449
 0.0542512 -0.0235731  0.0128423
0.0542381 -0.023567 0.0128396
 0.0542251 -0.0235609  0.0128369
 0.0542121 -0.0235548  0.0128343
 0.0541993 -0.0235488  0.0128317
 0.0541866 -0.0235428  0.0128291
  0.054174 -0.0235369  0.0128265
0.0541615 -0.023531 0.0128239
 0.0541491 -0.0235252  0.0128213
 0.0541369 -0.0235194  0.0128188
 0.0541247 -0.0235137  0.0128162
0.0541126 -0.023508 0.0128137
 0.0541006 -0.0235023  0.0128112
 0.0540887 -0.0234967  0.0128087
  0.054077 -0.0234912  0.0128063
 0.0540653 -0.0234857  0.0128038
 0.0540537 -0.0234802  0.0128014
 0.0540422 -0.0234748   0.012799
 0.0540308 -0.0234694  0.0127966
 0.0540195 -0.0234641  0.0127943
 0.0540083 -0.0234588  0.0127919
 0.0539972 -0.0234536  0.0127896
 0.0539862 -0.0234484  0.0127873
 0.0539753 -0.0234432   0.012785
 0.0539644 -0.0234381  0.0127827
0.0539537 -0.023433 0.0127805
 0.053943 -0.023428 0.0127782
0.0539324 -0.023423  0.012776
0.0539219 -0.023418 0.0127738
 0.0539115 -0.0234131  0.0127716
 0.0539012 -0.0234082  0.0127695
  0.053891 -0.0234034  0.0127674
 0.0538808 -0.0233986  0.0127652
 0.0538708 -0.0233938  0.0127631
 0.0538608 -0.0233891   0.012761
 0.0538509 -0.0233844   0.012759
 0.0538411 -0.0233797  0.0127569
 0.0538313 -0.0233751  0.0127549
 0.0538217 -0.0233706  0.0127529
0.0538121 -0.023366 0.0127509
 0.0538026 -0.0233615  0.0127489
 0.0537932 -0.0233571   0.012747
 0.0537838 -0.0233526   0.012745
 0.0537746 -0.0233482  0.0127431
 0.0537654 -0.0233439  0.0127412
 0.0537563 -0.0233396  0.0127393
 0.0537472 -0.0233353  0.0127374
0.0537383 -0.023331 0.0127356
 0.0537294 -0.0233268  0.0127337
 0.0537205 -0.0233226  0.0127319
 0.0537118 -0.0233185  0.0127301
 0.0537031 -0.0233143  0.0127283
 0.0536945 -0.0233102  0.0127266
  0.053686 -0.0233062  0.0127248
 0.0536775 -0.0233022  0.0127231
 0.0536691 -0.0232982  0.0127213
 0.0536608 -0.0232942  0.0127196
 0.0536525 -0.0232903  0.0127179
 0.0536443 -0.0232864  0.0127162
 0.0536362 -0.0232825  0.0127146
 0.0536281 -0.0232787  0.0127129
 0.0536201 -0.0232749  0.0127113
 0.0536122 -0.0232711  0.0127097
 0.0536043 -0.0232674  0.0127081
 0.0535965 -0.0232637  0.0127065
0.0535888  -0.02326 0.0127049
 0.0535811 -0.0232563  0.0127034
 0.0535735 -0.0232527  0.0127018
 0.0535659 -0.0232491  0.0127003
 0.0535584 -0.0232456  0.0126988
 0.053551 -0.023242 0.0126973
 0.0535436 -0.0232385  0.0126958
0.0535363 -0.023235 0.0126943
 0.0535291 -0.0232316  0.0126928
 0.0535219 -0.0232281  0.0126914
 0.0535147 -0.0232247  0.0126899
 0.0535077 -0.0232214  0.0126885
0.0535006 -0.023218 0.0126871
 0.0534937 -0.0232147  0.0126857
 0.0534868 -0.0232114  0.0126843
 0.0534799 -0.0232081  0.0126829
 0.0534731 -0.0232049  0.0126816
 0.0534664 -0.0232017  0.0126802
 0.0534597 -0.0231985  0.0126789
 0.0534531 -0.0231953  0.0126776
 0.0534465 -0.0231922  0.0126763
   0.05344 -0.0231891   0.012675
0.0534335 -0.023186 0.0126737
 0.0534271 -0.0231829  0.0126724
 0.0534207 -0.0231799  0.0126712
 0.0534144 -0.0231768  0.0126699
 0.0534082 -0.0231739  0.0126687
  0.053402 -0.0231709  0.0126674
 0.0533958 -0.0231679  0.0126662
0.0533897 -0.023165  0.012665
 0.0533836 -0.0231621  0.0126638
 0.0533776 -0.0231592  0.0126626
 0.0533717 -0.0231564  0.0126615
 0.0533657 -0.0231535  0.0126603
 0.0533599 -0.0231507  0.0126592
 0.0533541 -0.0231479   0.012658
 0.0533483 -0.0231452  0.0126569
 0.0533426 -0.0231424  0.0126558
 0.0533369 -0.0231397  0.0126547
0.0533313 -0.023137 0.0126536
 0.0533257 -0.0231343  0.0126525
 0.0533201 -0.0231317  0.0126514
0.0533146 -0.023129 0.0126503
 0.0533092 -0.0231264  0.0126493
 0.0533038 -0.0231238  0.0126482
 0.0532984 -0.0231212  0.0126472
 0.0532931 -0.0231187  0.0126462
 0.0532878 -0.0231162  0.0126452
 0.0532826 -0.0231136  0.0126441
 0.0532774 -0.0231111  0.0126431
 0.0532722 -0.0231087  0.0126422
 0.0532671 -0.0231062  0.0126412
 0.0532621 -0.0231038  0.0126402
  0.053257 -0.0231014  0.0126392
0.0532521 -0.023099 0.0126383
 0.0532471 -0.0230966  0.0126374
 0.0532422 -0.0230942  0.0126364
 0.0532373 -0.0230919  0.0126355
 0.0532325 -0.0230895  0.0126346
 0.0532277 -0.0230872  0.0126337
 0.053223 -0.023085 0.0126328
 0.0532183 -0.0230827  0.0126319
 0.0532136 -0.0230804   0.012631
  0.053209 -0.0230782  0.0126301
0.0532044 -0.023076 0.0126293
 0.0531998 -0.0230738  0.0126284
 0.0531953 -0.0230716  0.0126276
 0.0531908 -0.0230694  0.0126267
 0.0531864 -0.0230673  0.0126259
 0.0531819 -0.0230652  0.0126251
0.0531776 -0.023063 0.0126242
 0.0531732 -0.0230609  0.0126234
 0.0531689 -0.0230589  0.0126226
 0.0531646 -0.0230568  0.0126218
 0.0531604 -0.0230547   0.012621
 0.0531562 -0.0230527  0.0126203
  0.053152 -0.0230507  0.0126195
 0.0531479 -0.0230487  0.0126187
 0.0531438 -0.0230467   0.012618
 0.0531397 -0.0230447  0.0126172
 0.0531357 -0.0230428  0.0126165
 0.0531317 -0.0230408  0.0126158
 0.0531277 -0.0230389   0.012615
0.0531238 -0.023037 0.0126143
 0.0531199 -0.0230351  0.0126136
  0.053116 -0.0230332  0.0126129
 0.0531122 -0.0230314  0.0126122
 0.0531084 -0.0230295  0.0126115
 0.0531046 -0.0230277  0.0126108
 0.0531008 -0.0230259  0.0126101
 0.0530971 -0.0230241  0.0126095
 0.0530934 -0.0230223  0.0126088
 0.0530898 -0.0230205  0.0126081
 0.0530861 -0.0230187  0.0126075
0.0530825 -0.023017 0.0126068
  0.053079 -0.0230152  0.0126062
 0.0530754 -0.0230135  0.0126056
 0.0530719 -0.0230118  0.0126049
 0.0530684 -0.0230101  0.0126043
  0.053065 -0.0230084  0.0126037
 0.0530615 -0.0230067  0.0126031
 0.0530581 -0.0230051  0.0126025
 0.0530548 -0.0230034  0.0126019
 0.0530514 -0.0230018  0.0126013
 0.0530481 -0.0230002  0.0126007
 0.0530448 -0.0229986  0.0126001
0.0530415 -0.022997 0.0125996
 0.0530383 -0.0229954   0.012599
 0.0530351 -0.0229938  0.0125984
 0.0530319 -0.0229923  0.0125979
 0.0530287 -0.0229907  0.0125973
 0.0530256 -0.0229892  0.0125968
 0.0530225 -0.0229877  0.0125962
 0.0530194 -0.0229862  0.0125957
 0.0530163 -0.0229847  0.0125952
 0.0530133 -0.0229832  0.0125947
 0.0530103 -0.0229817  0.0125941
 0.0530073 -0.0229802  0.0125936
 0.0530043 -0.0229788  0.0125931
 0.0530014 -0.0229774  0.0125926
 0.0529985 -0.0229759  0.0125921
 0.0529956 -0.0229745  0.0125916
 0.0529927 -0.0229731  0.0125911
 0.0529899 -0.0229717  0.0125907
 0.0529871 -0.0229703  0.0125902
 0.0529843 -0.0229689  0.0125897
 0.0529815 -0.0229676  0.0125892
 0.0529787 -0.0229662  0.0125888
  0.052976 -0.0229649  0.0125883
 0.0529733 -0.0229636  0.0125879
 0.0529706 -0.0229622  0.0125874
  0.052968 -0.0229609   0.012587
 0.0529653 -0.0229596  0.0125865
 0.0529627 -0.0229583  0.0125861
0.0529601 -0.022957 0.0125857
 0.0529575 -0.0229558  0.0125852
  0.052955 -0.0229545  0.0125848
 0.0529524 -0.0229533  0.0125844
0.0529499 -0.022952  0.012584
 0.0529474 -0.0229508  0.0125836
 0.0529449 -0.0229496  0.0125832
 0.0529425 -0.0229484  0.0125828
   0.05294 -0.0229472  0.0125824
0.0529376 -0.022946  0.012582
 0.0529352 -0.0229448  0.0125816
 0.0529329 -0.0229436  0.0125812
 0.0529305 -0.0229424  0.0125808
 0.0529282 -0.0229413  0.0125805
 0.0529258 -0.0229401  0.0125801
0.0529235 -0.022939 0.0125797
 0.0529213 -0.0229379  0.0125794
  0.052919 -0.0229367   0.012579
 0.0529168 -0.0229356  0.0125787
 0.0529145 -0.0229345  0.0125783
 0.0529123 -0.0229334   0.012578
 0.0529101 -0.0229323  0.0125776
  0.052908 -0.0229313  0.0125773
 0.0529058 -0.0229302  0.0125769
 0.0529037 -0.0229291  0.0125766
 0.0529016 -0.0229281  0.0125763
0.0528995 -0.022927  0.012576
0.0528974 -0.022926 0.0125756
0.0528953 -0.022925 0.0125753
 0.0528932 -0.0229239   0.012575
 0.0528912 -0.0229229  0.0125747
 0.0528892 -0.0229219  0.0125744
 0.0528872 -0.0229209  0.0125741
 0.0528852 -0.0229199  0.0125738
 0.0528832 -0.0229189  0.0125735
0.0528813 -0.022918 0.0125732
0.0528794 -0.022917 0.0125729
0.0528774 -0.022916 0.0125726
 0.0528755 -0.0229151  0.0125723
 0.0528736 -0.0229141   0.012572
 0.0528718 -0.0229132  0.0125718
 0.0528699 -0.0229123  0.0125715
 0.0528681 -0.0229114  0.0125712
 0.0528662 -0.0229104  0.0125709
 0.0528644 -0.0229095  0.0125707
 0.0528626 -0.0229086  0.0125704
 0.0528608 -0.0229077  0.0125702
 0.0528591 -0.0229068  0.0125699
0.0528573 -0.022906 0.0125696
 0.0528556 -0.0229051  0.0125694
 0.0528538 -0.0229042  0.0125691
 0.0528521 -0.0229034  0.0125689
 0.0528504 -0.0229025  0.0125687
 0.0528487 -0.0229017  0.0125684
 0.0528471 -0.0229008  0.0125682
0.0528454   -0.0229 0.0125679
 0.0528438 -0.0228992  0.0125677
 0.0528421 -0.0228983  0.0125675
 0.0528405 -0.0228975  0.0125673
 0.0528389 -0.0228967   0.012567
 0.0528373 -0.0228959  0.0125668
 0.0528358 -0.0228951  0.0125666
 0.0528342 -0.0228943  0.0125664
 0.0528326 -0.0228935  0.0125662
 0.0528311 -0.0228928   0.012566
0.0528296 -0.022892 0.0125657
 0.0528281 -0.0228912  0.0125655
 0.0528266 -0.0228905  0.0125653
 0.0528251 -0.0228897  0.0125651
0.0528236 -0.022889 0.0125649
 0.0528221 -0.0228882  0.0125647
 0.0528207 -0.0228875  0.0125646
 0.0528192 -0.0228867  0.0125644
0.0528178 -0.022886 0.0125642
 0.0528164 -0.0228853   0.012564
  0.052815 -0.0228846  0.0125638
 0.0528136 -0.0228839  0.0125636
 0.0528122 -0.0228832  0.0125634
 0.0528108 -0.0228825  0.0125633
 0.0528095 -0.0228818  0.0125631
 0.0528081 -0.0228811  0.0125629
 0.0528068 -0.0228804  0.0125627
 0.0528055 -0.0228797  0.0125626
 0.0528042 -0.0228791  0.0125624
 0.0528029 -0.0228784  0.0125623
 0.0528016 -0.0228777  0.0125621
 0.0528003 -0.0228771  0.0125619
  0.052799 -0.0228764  0.0125618
 0.0527977 -0.0228758  0.0125616
 0.0527965 -0.0228751  0.0125615
 0.0527953 -0.0228745  0.0125613
  0.052794 -0.0228739  0.0125612
 0.0527928 -0.0228732   0.012561
 0.0527916 -0.0228726  0.0125609
0.0527904 -0.022872 0.0125607
 0.0527892 -0.0228714  0.0125606
  0.052788 -0.0228708  0.0125604
 0.0527868 -0.0228702  0.0125603
 0.0527857 -0.0228696  0.0125602
0.0527845 -0.022869   0.01256
 0.0527834 -0.0228684  0.0125599
 0.0527823 -0.0228678  0.0125598
 0.0527811 -0.0228672  0.0125596
   0.05278 -0.0228667  0.0125595
 0.0527789 -0.0228661  0.0125594
 0.0527778 -0.0228655  0.0125593
0.0527767 -0.022865 0.0125591
 0.0527757 -0.0228644   0.012559
 0.0527746 -0.0228639  0.0125589
 0.0527735 -0.0228633  0.0125588
 0.0527725 -0.0228628  0.0125587
 0.0527714 -0.0228622  0.0125586
 0.0527704 -0.0228617  0.0125584
 0.0527694 -0.0228612  0.0125583
 0.0527684 -0.0228606  0.0125582
 0.0527673 -0.0228601  0.0125581
 0.0527663 -0.0228596   0.012558
 0.0527654 -0.0228591  0.0125579
 0.0527644 -0.0228586  0.0125578
 0.0527634 -0.0228581  0.0125577
 0.0527624 -0.0228575  0.0125576
0.0527615 -0.022857 0.0125575
 0.0527605 -0.0228565  0.0125574
 0.0527596 -0.0228561  0.0125573
 0.0527586 -0.0228556  0.0125572
 0.0527577 -0.0228551  0.0125571
 0.0527568 -0.0228546   0.012557
 0.0527559 -0.0228541   0.012557
  0.052755 -0.0228537  0.0125569
 0.0527541 -0.0228532  0.0125568
 0.0527532 -0.0228527  0.0125567
 0.0527523 -0.0228523  0.0125566
 0.0527514 -0.0228518  0.0125565
 0.0527506 -0.0228513  0.0125564
 0.0527497 -0.0228509  0.0125564
 0.0527489 -0.0228504  0.0125563
 0.052748  -0.02285 0.0125562
 0.0527472 -0.0228495  0.0125561
 0.0527463 -0.0228491  0.0125561
 0.0527455 -0.0228487   0.012556
 0.0527447 -0.0228482  0.0125559
 0.0527439 -0.0228478  0.0125558
 0.0527431 -0.0228474  0.0125558
0.0527423 -0.022847 0.0125557
 0.0527415 -0.0228465  0.0125556
 0.0527407 -0.0228461  0.0125556
 0.0527399 -0.0228457  0.0125555
 0.0527392 -0.0228453  0.0125554
 0.0527384 -0.0228449  0.0125554
 0.0527376 -0.0228445  0.0125553
 0.0527369 -0.0228441  0.0125553
 0.0527361 -0.0228437  0.0125552
 0.0527354 -0.0228433  0.0125551
 0.0527347 -0.0228429  0.0125551
 0.0527339 -0.0228425   0.012555
 0.0527332 -0.0228422   0.012555
 0.0527325 -0.0228418  0.0125549
 0.0527318 -0.0228414  0.0125549
0.0527311 -0.022841 0.0125548
 0.0527304 -0.0228406  0.0125548
 0.0527297 -0.0228403  0.0125547
  0.052729 -0.0228399  0.0125547
 0.0527283 -0.0228395  0.0125546
 0.0527277 -0.0228392  0.0125546
  0.052727 -0.0228388  0.0125545
 0.0527263 -0.0228385  0.0125545
 0.0527257 -0.0228381  0.0125544
  0.052725 -0.0228378  0.0125544
 0.0527244 -0.0228374  0.0125544
 0.0527237 -0.0228371  0.0125543
 0.0527231 -0.0228367  0.0125543
 0.0527225 -0.0228364  0.0125542
 0.0527219 -0.0228361  0.0125542
 0.0527212 -0.0228357  0.0125542
 0.0527206 -0.0228354  0.0125541
   0.05272 -0.0228351  0.0125541
 0.0527194 -0.0228347  0.0125541
 0.0527188 -0.0228344   0.012554
 0.0527182 -0.0228341   0.012554
 0.0527176 -0.0228338   0.012554
 0.0527171 -0.0228334  0.0125539
 0.0527165 -0.0228331  0.0125539
 0.0527159 -0.0228328  0.0125539
 0.0527153 -0.0228325  0.0125538
 0.0527148 -0.0228322  0.0125538
 0.0527142 -0.0228319  0.0125538
 0.0527137 -0.0228316  0.0125537
 0.0527131 -0.0228313  0.0125537
0.0527126 -0.022831 0.0125537
  0.052712 -0.0228307  0.0125537
 0.0527115 -0.0228304  0.0125536
  0.052711 -0.0228301  0.0125536
 0.0527104 -0.0228298  0.0125536
 0.0527099 -0.0228295  0.0125536
 0.0527094 -0.0228293  0.0125536
0.0527089 -0.022829 0.0125535
 0.0527084 -0.0228287  0.0125535
 0.0527079 -0.0228284  0.0125535
 0.0527074 -0.0228281  0.0125535
 0.0527069 -0.0228279  0.0125535
 0.0527064 -0.0228276  0.0125535
 0.0527059 -0.0228273  0.0125534
 0.0527054 -0.0228271  0.0125534
 0.0527049 -0.0228268  0.0125534
 0.0527045 -0.0228265  0.0125534
  0.052704 -0.0228263  0.0125534
0.0527035 -0.022826 0.0125534
 0.0527031 -0.0228258  0.0125534
 0.0527026 -0.0228255  0.0125533
 0.0527021 -0.0228252  0.0125533
0.0527017 -0.022825 0.0125533
 0.0527012 -0.0228247  0.0125533
 0.0527008 -0.0228245  0.0125533
 0.0527004 -0.0228243  0.0125533
0.0526999 -0.022824 0.0125533
 0.0526995 -0.0228238  0.0125533
 0.0526991 -0.0228235  0.0125533
 0.0526986 -0.0228233  0.0125533
 0.0526982 -0.0228231  0.0125533
 0.0526978 -0.0228228  0.0125533
 0.0526974 -0.0228226  0.0125533
  0.052697 -0.0228224  0.0125532
 0.0526966 -0.0228221  0.0125532
 0.0526962 -0.0228219  0.0125532
 0.0526958 -0.0228217  0.0125532
 0.0526954 -0.0228214  0.0125532
  0.052695 -0.0228212  0.0125532
0.0526946 -0.022821 0.0125532
 0.0526942 -0.0228208  0.0125532
 0.0526938 -0.0228206  0.0125532
 0.0526935 -0.0228204  0.0125532
 0.0526931 -0.0228201  0.0125532
 0.0526927 -0.0228199  0.0125532
 0.0526923 -0.0228197  0.0125532
  0.052692 -0.0228195  0.0125532
 0.0526916 -0.0228193  0.0125532
 0.0526913 -0.0228191  0.0125532
 0.0526909 -0.0228189  0.0125533
 0.0526905 -0.0228187  0.0125533
 0.0526902 -0.0228185  0.0125533
 0.0526898 -0.0228183  0.0125533
 0.0526895 -0.0228181  0.0125533
 0.0526892 -0.0228179  0.0125533
 0.0526888 -0.0228177  0.0125533
 0.0526885 -0.0228175  0.0125533
 0.0526882 -0.0228173  0.0125533
 0.0526878 -0.0228171  0.0125533
 0.0526875 -0.0228169  0.0125533
 0.0526872 -0.0228167  0.0125533
 0.0526869 -0.0228166  0.0125533
 0.0526865 -0.0228164  0.0125533
 0.0526862 -0.0228162  0.0125533
0.0526859 -0.022816 0.0125534
 0.0526856 -0.0228158  0.0125534
 0.0526853 -0.0228157  0.0125534
  0.052685 -0.0228155  0.0125534
 0.0526847 -0.0228153  0.0125534
 0.0526844 -0.0228151  0.0125534
0.0526841 -0.022815 0.0125534
 0.0526838 -0.0228148  0.0125534
 0.0526835 -0.0228146  0.0125534
 0.0526832 -0.0228144  0.0125535
 0.0526829 -0.0228143  0.0125535
 0.0526827 -0.0228141  0.0125535
 0.0526824 -0.0228139  0.0125535
 0.0526821 -0.0228138  0.0125535
 0.0526818 -0.0228136  0.0125535
 0.0526815 -0.0228134  0.0125535
 0.0526813 -0.0228133  0.0125536
  0.052681 -0.0228131  0.0125536
0.0526807 -0.022813 0.0125536
 0.0526805 -0.0228128  0.0125536
 0.0526802 -0.0228127  0.0125536
   0.05268 -0.0228125  0.0125536
 0.0526797 -0.0228123  0.0125537
 0.0526794 -0.0228122  0.0125537
0.0526792 -0.022812 0.0125537
 0.0526789 -0.0228119  0.0125537
 0.0526787 -0.0228117  0.0125537
 0.0526784 -0.0228116  0.0125537
 0.0526782 -0.0228114  0.0125538
  0.052678 -0.0228113  0.0125538
 0.0526777 -0.0228112  0.0125538
0.0526775 -0.022811 0.0125538
 0.0526773 -0.0228109  0.0125538
  0.052677 -0.0228107  0.0125539
 0.0526768 -0.0228106  0.0125539
 0.0526766 -0.0228105  0.0125539
 0.0526763 -0.0228103  0.0125539
 0.0526761 -0.0228102  0.0125539
0.0526759  -0.02281  0.012554
 0.0526757 -0.0228099   0.012554
 0.0526755 -0.0228098   0.012554
 0.0526752 -0.0228096   0.012554
  0.052675 -0.0228095   0.012554
 0.0526748 -0.0228094  0.0125541
 0.0526746 -0.0228093  0.0125541
 0.0526744 -0.0228091  0.0125541
0.0526742 -0.022809 0.0125541
  0.052674 -0.0228089  0.0125542
 0.0526738 -0.0228087  0.0125542
 0.0526736 -0.0228086  0.0125542
 0.0526734 -0.0228085  0.0125542
 0.0526732 -0.0228084  0.0125542
  0.052673 -0.0228082  0.0125543
 0.0526728 -0.0228081  0.0125543
0.0526726 -0.022808 0.0125543
 0.0526724 -0.0228079  0.0125543
 0.0526722 -0.0228078  0.0125544
  0.052672 -0.0228077  0.0125544
 0.0526718 -0.0228075  0.0125544
 0.0526717 -0.0228074  0.0125544
 0.0526715 -0.0228073  0.0125545
 0.0526713 -0.0228072  0.0125545
 0.0526711 -0.0228071  0.0125545
0.0526709 -0.022807 0.0125545
 0.0526708 -0.0228069  0.0125546
 0.0526706 -0.0228067  0.0125546
 0.0526704 -0.0228066  0.0125546
 0.0526703 -0.0228065  0.0125546
 0.0526701 -0.0228064  0.0125547
 0.0526699 -0.0228063  0.0125547
 0.0526697 -0.0228062  0.0125547
 0.0526696 -0.0228061  0.0125547
0.0526694 -0.022806 0.0125548
 0.0526693 -0.0228059  0.0125548
 0.0526691 -0.0228058  0.0125548
 0.0526689 -0.0228057  0.0125549
 0.0526688 -0.0228056  0.0125549
 0.0526686 -0.0228055  0.0125549
 0.0526685 -0.0228054  0.0125549
 0.0526683 -0.0228053   0.012555
 0.0526682 -0.0228052   0.012555
  0.052668 -0.0228051   0.012555
0.0526679 -0.022805  0.012555
 0.0526677 -0.0228049  0.0125551
 0.0526676 -0.0228048  0.0125551
 0.0526674 -0.0228047  0.0125551
 0.0526673 -0.0228046  0.0125552
 0.0526672 -0.0228045  0.0125552
  0.052667 -0.0228044  0.0125552
 0.0526669 -0.0228043  0.0125552
 0.0526667 -0.0228042  0.0125553
 0.0526666 -0.0228042  0.0125553
 0.0526665 -0.0228041  0.0125553
0.0526663 -0.022804 0.0125554
 0.0526662 -0.0228039  0.0125554
 0.0526661 -0.0228038  0.0125554
 0.0526659 -0.0228037  0.0125554
 0.0526658 -0.0228036  0.0125555
 0.0526657 -0.0228035  0.0125555
 0.0526656 -0.0228035  0.0125555
 0.0526654 -0.0228034  0.0125556
 0.0526653 -0.0228033  0.0125556
 0.0526652 -0.0228032  0.0125556
 0.0526651 -0.0228031  0.0125556
0.0526649 -0.022803 0.0125557
0.0526648 -0.022803 0.0125557
 0.0526647 -0.0228029  0.0125557
 0.0526646 -0.0228028  0.0125558
 0.0526645 -0.0228027  0.0125558
 0.0526644 -0.0228026  0.0125558
 0.0526642 -0.0228026  0.0125559
 0.0526641 -0.0228025  0.0125559
  0.052664 -0.0228024  0.0125559
 0.0526639 -0.0228023  0.0125559
 0.0526638 -0.0228023   0.012556
 0.0526637 -0.0228022   0.012556
 0.0526636 -0.0228021   0.012556
0.0526635 -0.022802 0.0125561
0.0526634 -0.022802 0.0125561
 0.0526633 -0.0228019  0.0125561
 0.0526632 -0.0228018  0.0125562
 0.0526631 -0.0228017  0.0125562
  0.052663 -0.0228017  0.0125562
 0.0526629 -0.0228016  0.0125563
 0.0526628 -0.0228015  0.0125563
 0.0526627 -0.0228015  0.0125563
 0.0526626 -0.0228014  0.0125563
 0.0526625 -0.0228013  0.0125564
 0.0526624 -0.0228012  0.0125564
 0.0526623 -0.0228012  0.0125564
 0.0526622 -0.0228011  0.0125565
0.0526621 -0.022801 0.0125565
 0.052662 -0.022801 0.0125565
 0.0526619 -0.0228009  0.0125566
 0.0526618 -0.0228008  0.0125566
 0.0526617 -0.0228008  0.0125566
 0.0526616 -0.0228007  0.0125567
 0.0526616 -0.0228007  0.0125567
 0.0526615 -0.0228006  0.0125567
 0.0526614 -0.0228005  0.0125567
 0.0526613 -0.0228005  0.0125568
 0.0526612 -0.0228004  0.0125568
 0.0526611 -0.0228003  0.0125568
 0.0526611 -0.0228003  0.0125569
  0.052661 -0.0228002  0.0125569
 0.0526609 -0.0228002  0.0125569
 0.0526608 -0.0228001   0.012557
0.0526607   -0.0228  0.012557
0.0526607   -0.0228  0.012557
 0.0526606 -0.0227999  0.0125571
 0.0526605 -0.0227999  0.0125571
 0.0526604 -0.0227998  0.0125571
 0.0526603 -0.0227998  0.0125571
 0.0526603 -0.0227997  0.0125572
 0.0526602 -0.0227996  0.0125572
 0.0526601 -0.0227996  0.0125572
 0.0526601 -0.0227995  0.0125573
   0.05266 -0.0227995  0.0125573
 0.0526599 -0.0227994  0.0125573
 0.0526598 -0.0227994  0.0125574
 0.0526598 -0.0227993  0.0125574
 0.0526597 -0.0227993  0.0125574
 0.0526596 -0.0227992  0.0125575
 0.0526596 -0.0227992  0.0125575
 0.0526595 -0.0227991  0.0125575
 0.0526594 -0.0227991  0.0125576
0.0526594 -0.022799 0.0125576
0.0526593 -0.022799 0.0125576
 0.0526592 -0.0227989  0.0125576
 0.0526592 -0.0227989  0.0125577
 0.0526591 -0.0227988  0.0125577
 0.0526591 -0.0227988  0.0125577
  0.052659 -0.0227987  0.0125578
 0.0526589 -0.0227987  0.0125578
 0.0526589 -0.0227986  0.0125578
 0.0526588 -0.0227986  0.0125579
 0.0526588 -0.0227985  0.0125579
 0.0526587 -0.0227985  0.0125579
 0.0526586 -0.0227984   0.012558
 0.0526586 -0.0227984   0.012558
 0.0526585 -0.0227983   0.012558
 0.0526585 -0.0227983   0.012558
 0.0526584 -0.0227982  0.0125581
 0.0526584 -0.0227982  0.0125581
 0.0526583 -0.0227981  0.0125581
 0.0526583 -0.0227981  0.0125582
 0.0526582 -0.0227981  0.0125582
0.0526582 -0.022798 0.0125582
0.0526581 -0.022798 0.0125583
  0.052658 -0.0227979  0.0125583
  0.052658 -0.0227979  0.0125583
 0.0526579 -0.0227978  0.0125584
 0.0526579 -0.0227978  0.0125584
 0.0526578 -0.0227978  0.0125584
 0.0526578 -0.0227977  0.0125584
 0.0526578 -0.0227977  0.0125585
 0.0526577 -0.0227976  0.0125585
 0.0526577 -0.0227976  0.0125585
 0.0526576 -0.0227976  0.0125586
 0.0526576 -0.0227975  0.0125586
 0.0526575 -0.0227975  0.0125586
 0.0526575 -0.0227974  0.0125587
 0.0526574 -0.0227974  0.0125587
 0.0526574 -0.0227974  0.0125587
 0.0526573 -0.0227973  0.0125587
 0.0526573 -0.0227973  0.0125588
 0.0526573 -0.0227972  0.0125588
 0.0526572 -0.0227972  0.0125588
 0.0526572 -0.0227972  0.0125589
 0.0526571 -0.0227971  0.0125589
 0.0526571 -0.0227971  0.0125589
 0.0526571 -0.0227971   0.012559
 0.052657 -0.022797  0.012559
 0.052657 -0.022797  0.012559
 0.0526569 -0.0227969   0.012559
 0.0526569 -0.0227969  0.0125591
 0.0526569 -0.0227969  0.0125591
 0.0526568 -0.0227968  0.0125591
 0.0526568 -0.0227968  0.0125592
 0.0526567 -0.0227968  0.0125592
 0.0526567 -0.0227967  0.0125592
 0.0526567 -0.0227967  0.0125593
 0.0526566 -0.0227967  0.0125593
 0.0526566 -0.0227966  0.0125593
 0.0526566 -0.0227966  0.0125593
 0.0526565 -0.0227966  0.0125594
 0.0526565 -0.0227965  0.0125594
 0.0526565 -0.0227965  0.0125594
 0.0526564 -0.0227965  0.0125595
 0.0526564 -0.0227964  0.0125595
 0.0526564 -0.0227964  0.0125595
 0.0526563 -0.0227964  0.0125595
 0.0526563 -0.0227963  0.0125596
 0.0526563 -0.0227963  0.0125596
 0.0526562 -0.0227963  0.0125596
 0.0526562 -0.0227963  0.0125597
 0.0526562 -0.0227962  0.0125597
 0.0526562 -0.0227962  0.0125597
 0.0526561 -0.0227962  0.0125597
 0.0526561 -0.0227961  0.0125598
 0.0526561 -0.0227961  0.0125598
  0.052656 -0.0227961  0.0125598
 0.052656 -0.022796 0.0125599
 0.052656 -0.022796 0.0125599
 0.052656 -0.022796 0.0125599
0.0526559 -0.022796 0.0125599
 0.0526559 -0.0227959    0.01256
 0.0526559 -0.0227959    0.01256
 0.0526558 -0.0227959    0.01256
 0.0526558 -0.0227958  0.0125601
 0.0526558 -0.0227958  0.0125601
 0.0526558 -0.0227958  0.0125601
 0.0526557 -0.0227958  0.0125601
 0.0526557 -0.0227957  0.0125602
 0.0526557 -0.0227957  0.0125602
 0.0526557 -0.0227957  0.0125602
 0.0526556 -0.0227957  0.0125603
 0.0526556 -0.0227956  0.0125603
 0.0526556 -0.0227956  0.0125603
 0.0526556 -0.0227956  0.0125603
 0.0526556 -0.0227956  0.0125604
 0.0526555 -0.0227955  0.0125604
 0.0526555 -0.0227955  0.0125604
 0.0526555 -0.0227955  0.0125604
 0.0526555 -0.0227955  0.0125605
 0.0526554 -0.0227954  0.0125605
 0.0526554 -0.0227954  0.0125605
 0.0526554 -0.0227954  0.0125606
 0.0526554 -0.0227954  0.0125606
 0.0526554 -0.0227953  0.0125606
 0.0526553 -0.0227953  0.0125606
 0.0526553 -0.0227953  0.0125607
 0.0526553 -0.0227953  0.0125607
 0.0526553 -0.0227952  0.0125607
 0.0526553 -0.0227952  0.0125607
 0.0526552 -0.0227952  0.0125608
 0.0526552 -0.0227952  0.0125608
 0.0526552 -0.0227951  0.0125608
 0.0526552 -0.0227951  0.0125608
 0.0526552 -0.0227951  0.0125609
 0.0526552 -0.0227951  0.0125609
 0.0526551 -0.0227951  0.0125609
0.0526551 -0.022795  0.012561
0.0526551 -0.022795  0.012561
0.0526551 -0.022795  0.012561
0.0526551 -0.022795  0.012561
0.0526551 -0.022795 0.0125611
  0.052655 -0.0227949  0.0125611
  0.052655 -0.0227949  0.0125611
  0.052655 -0.0227949  0.0125611
  0.052655 -0.0227949  0.0125612
  0.052655 -0.0227948  0.0125612
  0.052655 -0.0227948  0.0125612
 0.0526549 -0.0227948  0.0125612
 0.0526549 -0.0227948  0.0125613
 0.0526549 -0.0227948  0.0125613
 0.0526549 -0.0227947  0.0125613
 0.0526549 -0.0227947  0.0125613
 0.0526549 -0.0227947  0.0125614
 0.0526549 -0.0227947  0.0125614
 0.0526548 -0.0227947  0.0125614
 0.0526548 -0.0227947  0.0125614
 0.0526548 -0.0227946  0.0125615
 0.0526548 -0.0227946  0.0125615
 0.0526548 -0.0227946  0.0125615
 0.0526548 -0.0227946  0.0125615
 0.0526548 -0.0227946  0.0125616
 0.0526548 -0.0227945  0.0125616
 0.0526547 -0.0227945  0.0125616
 0.0526547 -0.0227945  0.0125616
 0.0526547 -0.0227945  0.0125617
 0.0526547 -0.0227945  0.0125617
 0.0526547 -0.0227945  0.0125617
 0.0526547 -0.0227944  0.0125617
 0.0526547 -0.0227944  0.0125618
 0.0526547 -0.0227944  0.0125618
 0.0526547 -0.0227944  0.0125618
 0.0526546 -0.0227944  0.0125618
 0.0526546 -0.0227943  0.0125619
 0.0526546 -0.0227943  0.0125619
 0.0526546 -0.0227943  0.0125619
 0.0526546 -0.0227943  0.0125619
 0.0526546 -0.0227943   0.012562
 0.0526546 -0.0227943   0.012562
 0.0526546 -0.0227942   0.012562
 0.0526546 -0.0227942   0.012562
 0.0526546 -0.0227942   0.012562
 0.0526546 -0.0227942  0.0125621
 0.0526545 -0.0227942  0.0125621
 0.0526545 -0.0227942  0.0125621
 0.0526545 -0.0227942  0.0125621
 0.0526545 -0.0227941  0.0125622
 0.0526545 -0.0227941  0.0125622
 0.0526545 -0.0227941  0.0125622
 0.0526545 -0.0227941  0.0125622
 0.0526545 -0.0227941  0.0125623
 0.0526545 -0.0227941  0.0125623
0.0526545 -0.022794 0.0125623
0.0526545 -0.022794 0.0125623
0.0526545 -0.022794 0.0125623
0.0526544 -0.022794 0.0125624
0.0526544 -0.022794 0.0125624
0.0526544 -0.022794 0.0125624
0.0526544 -0.022794 0.0125624
 0.0526544 -0.0227939  0.0125625
 0.0526544 -0.0227939  0.0125625
 0.0526544 -0.0227939  0.0125625
 0.0526544 -0.0227939  0.0125625
 0.0526544 -0.0227939  0.0125625
 0.0526544 -0.0227939  0.0125626
 0.0526544 -0.0227939  0.0125626
 0.0526544 -0.0227938  0.0125626
 0.0526544 -0.0227938  0.0125626
 0.0526544 -0.0227938  0.0125627
 0.0526544 -0.0227938  0.0125627
 0.0526544 -0.0227938  0.0125627
 0.0526543 -0.0227938  0.0125627
 0.0526543 -0.0227938  0.0125627
 0.0526543 -0.0227938  0.0125628
 0.0526543 -0.0227937  0.0125628
 0.0526543 -0.0227937  0.0125628
 0.0526543 -0.0227937  0.0125628
 0.0526543 -0.0227937  0.0125629
 0.0526543 -0.0227937  0.0125629
 0.0526543 -0.0227937  0.0125629
 0.0526543 -0.0227937  0.0125629
 0.0526543 -0.0227937  0.0125629
 0.0526543 -0.0227936   0.012563
 0.0526543 -0.0227936   0.012563
 0.0526543 -0.0227936   0.012563
 0.0526543 -0.0227936   0.012563
 0.0526543 -0.0227936   0.012563
 0.0526543 -0.0227936  0.0125631
 0.0526543 -0.0227936  0.0125631
 0.0526543 -0.0227936  0.0125631
 0.0526543 -0.0227936  0.0125631
 0.0526543 -0.0227935  0.0125631
 0.0526543 -0.0227935  0.0125632
 0.0526543 -0.0227935  0.0125632
 0.0526543 -0.0227935  0.0125632
 0.0526542 -0.0227935  0.0125632
 0.0526542 -0.0227935  0.0125632
 0.0526542 -0.0227935  0.0125633
 0.0526542 -0.0227935  0.0125633
 0.0526542 -0.0227935  0.0125633
 0.0526542 -0.0227934  0.0125633
 0.0526542 -0.0227934  0.0125633
 0.0526542 -0.0227934  0.0125634
 0.0526542 -0.0227934  0.0125634
 0.0526542 -0.0227934  0.0125634
 0.0526542 -0.0227934  0.0125634
 0.0526542 -0.0227934  0.0125634
 0.0526542 -0.0227934  0.0125635
 0.0526542 -0.0227934  0.0125635
 0.0526542 -0.0227933  0.0125635
 0.0526542 -0.0227933  0.0125635
 0.0526542 -0.0227933  0.0125635
 0.0526542 -0.0227933  0.0125636
 0.0526542 -0.0227933  0.0125636
 0.0526542 -0.0227933  0.0125636
 0.0526542 -0.0227933  0.0125636
 0.0526542 -0.0227933  0.0125636
 0.0526542 -0.0227933  0.0125637
 0.0526542 -0.0227933  0.0125637
 0.0526542 -0.0227932  0.0125637
 0.0526542 -0.0227932  0.0125637
 0.0526542 -0.0227932  0.0125637
 0.0526542 -0.0227932  0.0125637
 0.0526542 -0.0227932  0.0125638
 0.0526542 -0.0227932  0.0125638
 0.0526542 -0.0227932  0.0125638
 0.0526542 -0.0227932  0.0125638
 0.0526542 -0.0227932  0.0125638
 0.0526542 -0.0227932  0.0125639
 0.0526542 -0.0227932  0.0125639
 0.0526542 -0.0227931  0.0125639
 0.0526542 -0.0227931  0.0125639
 0.0526542 -0.0227931  0.0125639
 0.0526542 -0.0227931  0.0125639
 0.0526542 -0.0227931   0.012564
 0.0526542 -0.0227931   0.012564
 0.0526542 -0.0227931   0.012564
 0.0526542 -0.0227931   0.012564
 0.0526542 -0.0227931   0.012564
 0.0526542 -0.0227931  0.0125641
 0.0526542 -0.0227931  0.0125641
 0.0526542 -0.0227931  0.0125641
0.0526542 -0.022793 0.0125641
0.0526542 -0.022793 0.0125641
0.0526542 -0.022793 0.0125641
0.0526542 -0.022793 0.0125642
0.0526542 -0.022793 0.0125642
0.0526542 -0.022793 0.0125642
0.0526542 -0.022793 0.0125642
0.0526542 -0.022793 0.0125642
0.0526542 -0.022793 0.0125642
0.0526542 -0.022793 0.0125643
0.0526542 -0.022793 0.0125643
0.0526542 -0.022793 0.0125643
 0.0526542 -0.0227929  0.0125643
 0.0526542 -0.0227929  0.0125643
 0.0526542 -0.0227929  0.0125643
 0.0526542 -0.0227929  0.0125644
 0.0526542 -0.0227929  0.0125644
 0.0526542 -0.0227929  0.0125644
 0.0526542 -0.0227929  0.0125644
 0.0526542 -0.0227929  0.0125644
 0.0526542 -0.0227929  0.0125644
 0.0526542 -0.0227929  0.0125645
 0.0526542 -0.0227929  0.0125645
 0.0526542 -0.0227929  0.0125645
 0.0526542 -0.0227929  0.0125645
 0.0526542 -0.0227929  0.0125645
 0.0526542 -0.0227928  0.0125645
 0.0526542 -0.0227928  0.0125646
 0.0526542 -0.0227928  0.0125646
 0.0526542 -0.0227928  0.0125646
 0.0526542 -0.0227928  0.0125646
 0.0526542 -0.0227928  0.0125646
 0.0526542 -0.0227928  0.0125646
 0.0526542 -0.0227928  0.0125646
 0.0526542 -0.0227928  0.0125647
