0.0432304 0.0587612  -0.24906
  0.01965 0.0391473 -0.187993
0.0282529 0.0276763 -0.129285
 0.0548865  0.0209885 -0.0729738
 0.0881861  0.0170879 -0.0221203
 0.121031 0.0147964 0.0210716
 0.150187 0.0134251 0.0562923
 0.174856 0.0125763 0.0844882
  0.19536 0.0120232  0.107024
 0.212371 0.0116379  0.125192
 0.226567 0.0113488  0.140043
  0.23852 0.0111163  0.152366
 0.248677 0.0109186   0.16274
  0.25738 0.0107438  0.171581
 0.264888 0.0105854  0.179191
 0.271402 0.0104396  0.185796
 0.277074 0.0103044  0.191561
  0.28203 0.0101785  0.196617
 0.286367 0.0100608  0.201065
  0.290168 0.00995077   0.204988
  0.293502 0.00984766   0.208453
  0.296426 0.00975095   0.211518
  0.298991 0.00966012   0.214232
   0.30124 0.00957466   0.216635
  0.303211 0.00949415   0.218765
  0.304937 0.00941814   0.220654
  0.306446 0.00934626   0.222328
  0.307764 0.00927814   0.223813
  0.308915 0.00921347   0.225131
  0.309916 0.00915194     0.2263
  0.310787 0.00909329   0.227337
  0.311543 0.00903728   0.228258
  0.312197 0.00898368   0.229076
 0.312761 0.0089323  0.229803
  0.313247 0.00888296   0.230449
 0.313663 0.0088355  0.231023
  0.314019 0.00878978   0.231534
  0.314321 0.00874567   0.231989
  0.314577 0.00870304   0.232395
 0.314791 0.0086618  0.232757
  0.314969 0.00862185    0.23308
 0.315117 0.0085831  0.233368
  0.315237 0.00854547   0.233627
 0.315333 0.0085089  0.233859
  0.315408 0.00847331   0.234067
  0.315466 0.00843866   0.234255
  0.315508 0.00840488   0.234424
  0.315536 0.00837194   0.234577
  0.315553 0.00833978   0.234716
  0.315561 0.00830836   0.234842
   0.31556 0.00827766   0.234958
  0.315552 0.00824763   0.235063
  0.315538 0.00821824   0.235161
  0.315519 0.00818947    0.23525
  0.315497 0.00816129   0.235334
   0.31547 0.00813368   0.235411
  0.315442 0.00810661   0.235484
  0.315411 0.00808006   0.235552
  0.315379 0.00805402   0.235617
  0.315345 0.00802847   0.235678
  0.315311 0.00800338   0.235737
  0.315277 0.00797875   0.235792
  0.315242 0.00795456   0.235846
 0.315207 0.0079308  0.235898
  0.315173 0.00790745   0.235949
  0.31514 0.0078845  0.235998
  0.315107 0.00786195   0.236045
  0.315075 0.00783977   0.236092
  0.315044 0.00781797   0.236138
  0.315014 0.00779652   0.236184
  0.314985 0.00777543   0.236229
  0.314957 0.00775469   0.236273
   0.31493 0.00773427   0.236317
  0.314904 0.00771419    0.23636
   0.31488 0.00769443   0.236404
  0.314857 0.00767498   0.236447
  0.314835 0.00765584    0.23649
  0.314815 0.00763699   0.236532
  0.314796 0.00761844   0.236575
  0.314778 0.00760018   0.236618
 0.314761 0.0075822   0.23666
 0.314745 0.0075645  0.236703
  0.314731 0.00754707   0.236745
  0.314718 0.00752991   0.236787
0.314706 0.007513  0.23683
  0.314695 0.00749635   0.236872
  0.314685 0.00747996   0.236915
  0.314677 0.00746381   0.236957
 0.314669 0.0074479  0.236999
  0.314663 0.00743223   0.237042
  0.314657 0.00741679   0.237084
  0.314652 0.00740159   0.237126
  0.314649 0.00738661   0.237169
  0.314646 0.00737185   0.237211
  0.314644 0.00735731   0.237253
  0.314643 0.00734298   0.237295
  0.314643 0.00732887   0.237337
  0.314644 0.00731496   0.237379
  0.314645 0.00730126   0.237421
  0.314647 0.00728776   0.237463
   0.31465 0.00727445   0.237505
  0.314653 0.00726134   0.237547
  0.314657 0.00724842   0.237588
  0.314662 0.00723569    0.23763
  0.314668 0.00722314   0.237671
  0.314674 0.00721077   0.237712
   0.31468 0.00719859   0.237753
  0.314687 0.00718658   0.237794
  0.314695 0.00717474   0.237835
  0.314703 0.00716308   0.237875
  0.314711 0.00715158   0.237916
   0.31472 0.00714025   0.237956
   0.31473 0.00712908   0.237996
  0.314739 0.00711807   0.238036
   0.31475 0.00710722   0.238076
   0.31476 0.00709653   0.238115
  0.314771 0.00708598   0.238154
  0.314782 0.00707559   0.238193
  0.314794 0.00706535   0.238232
  0.314806 0.00705526   0.238271
  0.314818 0.00704531   0.238309
  0.31483 0.0070355  0.238347
  0.314843 0.00702583   0.238385
 0.314855 0.0070163  0.238423
  0.314869 0.00700691    0.23846
  0.314882 0.00699765   0.238497
  0.314895 0.00698852   0.238534
  0.314909 0.00697952   0.238571
  0.314923 0.00697065   0.238607
  0.314937 0.00696191   0.238643
  0.314951 0.00695329   0.238679
  0.314965 0.00694479   0.238715
  0.314979 0.00693641    0.23875
  0.314994 0.00692815   0.238785
  0.315009 0.00692001    0.23882
  0.315023 0.00691199   0.238854
  0.315038 0.00690408   0.238888
  0.315053 0.00689628   0.238922
  0.315068 0.00688859   0.238956
  0.315083 0.00688101   0.238989
  0.315098 0.00687354   0.239022
  0.315113 0.00686617   0.239055
  0.315128 0.00685891   0.239088
  0.315143 0.00685175    0.23912
  0.315158 0.00684469   0.239152
  0.315173 0.00683773   0.239183
  0.315188 0.00683087   0.239215
  0.315204 0.00682411   0.239246
  0.315219 0.00681744   0.239277
  0.315234 0.00681087   0.239307
  0.315249 0.00680439   0.239337
0.315264 0.006798 0.239367
  0.315279 0.00679171   0.239397
 0.315294 0.0067855  0.239426
  0.315309 0.00677938   0.239455
  0.315324 0.00677334   0.239484
  0.315339 0.00676739   0.239512
  0.315354 0.00676153   0.239541
  0.315369 0.00675575   0.239569
  0.315384 0.00675005   0.239596
  0.315398 0.00674443   0.239624
  0.315413 0.00673888   0.239651
  0.315428 0.00673342   0.239677
  0.315442 0.00672804   0.239704
  0.315457 0.00672273    0.23973
  0.315471 0.00671749   0.239756
  0.315485 0.00671233   0.239782
  0.315499 0.00670725   0.239807
  0.315514 0.00670223   0.239832
  0.315528 0.00669729   0.239857
  0.315542 0.00669241   0.239882
 0.315556 0.0066876  0.239906
  0.315569 0.00668287    0.23993
  0.315583 0.00667819   0.239954
  0.315597 0.00667359   0.239978
   0.31561 0.00666905   0.240001
  0.315624 0.00666457   0.240024
  0.315637 0.00666016   0.240047
   0.31565 0.00665581   0.240069
  0.315663 0.00665152   0.240092
  0.315677 0.00664729   0.240114
  0.315689 0.00664312   0.240136
  0.315702 0.00663901   0.240157
  0.315715 0.00663496   0.240178
  0.315728 0.00663097   0.240199
   0.31574 0.00662703    0.24022
  0.315753 0.00662315   0.240241
  0.315765 0.00661932   0.240261
  0.315777 0.00661554   0.240281
  0.315789 0.00661182   0.240301
  0.315801 0.00660816   0.240321
  0.315813 0.00660454    0.24034
  0.315825 0.00660098   0.240359
  0.315837 0.00659746   0.240378
0.315848 0.006594 0.240397
   0.31586 0.00659058   0.240415
  0.315871 0.00658721   0.240434
  0.315883 0.00658389   0.240452
  0.315894 0.00658062    0.24047
  0.315905 0.00657739   0.240487
  0.315916 0.00657421   0.240505
  0.315927 0.00657108   0.240522
  0.315937 0.00656799   0.240539
  0.315948 0.00656494   0.240556
  0.315959 0.00656193   0.240572
  0.315969 0.00655897   0.240589
  0.315979 0.00655605   0.240605
   0.31599 0.00655317   0.240621
     0.316 0.00655033   0.240637
   0.31601 0.00654754   0.240652
   0.31602 0.00654478   0.240668
  0.316029 0.00654206   0.240683
  0.316039 0.00653938   0.240698
  0.316049 0.00653673   0.240713
  0.316058 0.00653413   0.240727
  0.316068 0.00653156   0.240742
  0.316077 0.00652903   0.240756
  0.316086 0.00652653    0.24077
  0.316095 0.00652407   0.240784
  0.316104 0.00652164   0.240798
  0.316113 0.00651925   0.240811
  0.316122 0.00651689   0.240825
  0.316131 0.00651457   0.240838
  0.316139 0.00651228   0.240851
  0.316148 0.00651002   0.240864
  0.316156 0.00650779   0.240877
  0.316165 0.00650559    0.24089
  0.316173 0.00650343   0.240902
 0.316181 0.0065013  0.240914
  0.316189 0.00649919   0.240926
  0.316197 0.00649712   0.240938
  0.316205 0.00649507    0.24095
  0.316213 0.00649306   0.240962
   0.31622 0.00649107   0.240973
  0.316228 0.00648911   0.240985
  0.316235 0.00648718   0.240996
  0.316243 0.00648528   0.241007
  0.31625 0.0064834  0.241018
  0.316258 0.00648155   0.241029
  0.316265 0.00647973   0.241039
  0.316272 0.00647793    0.24105
  0.316279 0.00647616    0.24106
  0.316286 0.00647441    0.24107
  0.316293 0.00647269   0.241081
  0.316299 0.00647099   0.241091
  0.316306 0.00646932     0.2411
  0.316313 0.00646767    0.24111
  0.316319 0.00646604    0.24112
  0.316326 0.00646444   0.241129
  0.316332 0.00646286   0.241138
 0.316338 0.0064613  0.241148
  0.316344 0.00645977   0.241157
  0.316351 0.00645825   0.241166
  0.316357 0.00645676   0.241175
  0.316363 0.00645529   0.241183
  0.316369 0.00645384   0.241192
  0.316374 0.00645241   0.241201
 0.31638 0.006451 0.241209
  0.316386 0.00644961   0.241217
  0.316391 0.00644824   0.241225
  0.316397 0.00644689   0.241234
  0.316402 0.00644556   0.241242
  0.316408 0.00644424   0.241249
  0.316413 0.00644295   0.241257
  0.316419 0.00644168   0.241265
  0.316424 0.00644042   0.241272
  0.316429 0.00643918    0.24128
  0.316434 0.00643796   0.241287
  0.316439 0.00643675   0.241294
  0.316444 0.00643557   0.241302
 0.316449 0.0064344  0.241309
  0.316454 0.00643324   0.241316
  0.316459 0.00643211   0.241323
  0.316463 0.00643099   0.241329
  0.316468 0.00642988   0.241336
  0.316473 0.00642879   0.241343
  0.316477 0.00642772   0.241349
  0.316482 0.00642666   0.241356
  0.316486 0.00642562   0.241362
   0.31649 0.00642459   0.241368
  0.316495 0.00642357   0.241374
  0.316499 0.00642257   0.241381
  0.316503 0.00642159   0.241387
  0.316507 0.00642062   0.241393
  0.316512 0.00641966   0.241398
  0.316516 0.00641872   0.241404
   0.31652 0.00641779    0.24141
  0.316524 0.00641687   0.241415
  0.316527 0.00641597   0.241421
  0.316531 0.00641508   0.241427
 0.316535 0.0064142  0.241432
  0.316539 0.00641333   0.241437
  0.316543 0.00641248   0.241443
  0.316546 0.00641164   0.241448
   0.31655 0.00641081   0.241453
  0.316553 0.00640999   0.241458
  0.316557 0.00640918   0.241463
   0.31656 0.00640839   0.241468
  0.316564 0.00640761   0.241473
  0.316567 0.00640684   0.241477
  0.316571 0.00640607   0.241482
  0.316574 0.00640532   0.241487
  0.316577 0.00640459   0.241491
   0.31658 0.00640386   0.241496
  0.316583 0.00640314     0.2415
  0.316587 0.00640243   0.241505
   0.31659 0.00640173   0.241509
  0.316593 0.00640104   0.241513
  0.316596 0.00640037   0.241518
 0.316599 0.0063997  0.241522
  0.316602 0.00639904   0.241526
  0.316605 0.00639839    0.24153
  0.316607 0.00639775   0.241534
   0.31661 0.00639712   0.241538
 0.316613 0.0063965  0.241542
  0.316616 0.00639588   0.241546
  0.316618 0.00639528    0.24155
  0.316621 0.00639468   0.241553
  0.316624 0.00639409   0.241557
  0.316626 0.00639352   0.241561
  0.316629 0.00639295   0.241564
  0.316632 0.00639238   0.241568
  0.316634 0.00639183   0.241571
  0.316637 0.00639128   0.241575
  0.316639 0.00639074   0.241578
  0.316641 0.00639021   0.241582
  0.316644 0.00638969   0.241585
  0.316646 0.00638917   0.241588
  0.316648 0.00638866   0.241591
  0.316651 0.00638816   0.241595
  0.316653 0.00638767   0.241598
  0.316655 0.00638718   0.241601
 0.316657 0.0063867  0.241604
   0.31666 0.00638623   0.241607
  0.316662 0.00638576    0.24161
 0.316664 0.0063853  0.241613
  0.316666 0.00638485   0.241616
 0.316668 0.0063844  0.241619
   0.31667 0.00638396   0.241621
  0.316672 0.00638353   0.241624
 0.316674 0.0063831  0.241627
  0.316676 0.00638268    0.24163
  0.316678 0.00638226   0.241632
   0.31668 0.00638185   0.241635
  0.316682 0.00638145   0.241638
  0.316684 0.00638105    0.24164
  0.316685 0.00638066   0.241643
  0.316687 0.00638027   0.241645
  0.316689 0.00637989   0.241648
  0.316691 0.00637952    0.24165
  0.316692 0.00637915   0.241653
  0.316694 0.00637878   0.241655
  0.316696 0.00637842   0.241657
  0.316697 0.00637807    0.24166
  0.316699 0.00637772   0.241662
  0.316701 0.00637737   0.241664
  0.316702 0.00637703   0.241666
 0.316704 0.0063767  0.241668
  0.316706 0.00637637   0.241671
  0.316707 0.00637604   0.241673
  0.316709 0.00637572   0.241675
   0.31671 0.00637541   0.241677
 0.316712 0.0063751  0.241679
  0.316713 0.00637479   0.241681
  0.316714 0.00637449   0.241683
  0.316716 0.00637419   0.241685
  0.316717 0.00637389   0.241687
  0.316719 0.00637361   0.241689
   0.31672 0.00637332   0.241691
  0.316721 0.00637304   0.241692
  0.316723 0.00637276   0.241694
  0.316724 0.00637249   0.241696
  0.316725 0.00637222   0.241698
  0.316727 0.00637195     0.2417
  0.316728 0.00637169   0.241701
  0.316729 0.00637143   0.241703
   0.31673 0.00637118   0.241705
  0.316732 0.00637093   0.241706
  0.316733 0.00637068   0.241708
  0.316734 0.00637044    0.24171
 0.316735 0.0063702  0.241711
  0.316736 0.00636996   0.241713
  0.316738 0.00636973   0.241714
 0.316739 0.0063695  0.241716
   0.31674 0.00636927   0.241718
  0.316741 0.00636905   0.241719
  0.316742 0.00636883   0.241721
  0.316743 0.00636861   0.241722
 0.316744 0.0063684  0.241723
  0.316745 0.00636819   0.241725
  0.316746 0.00636798   0.241726
  0.316747 0.00636778   0.241728
  0.316748 0.00636758   0.241729
  0.316749 0.00636738    0.24173
   0.31675 0.00636718   0.241732
  0.316751 0.00636699   0.241733
 0.316752 0.0063668  0.241734
  0.316753 0.00636661   0.241736
  0.316754 0.00636643   0.241737
  0.316755 0.00636624   0.241738
  0.316756 0.00636607   0.241739
  0.316757 0.00636589   0.241741
  0.316758 0.00636571   0.241742
  0.316758 0.00636554   0.241743
  0.316759 0.00636537   0.241744
   0.31676 0.00636521   0.241745
  0.316761 0.00636504   0.241746
  0.316762 0.00636488   0.241748
  0.316763 0.00636472   0.241749
  0.316764 0.00636456    0.24175
  0.316764 0.00636441   0.241751
  0.316765 0.00636426   0.241752
 0.316766 0.0063641  0.241753
  0.316767 0.00636396   0.241754
  0.316767 0.00636381   0.241755
  0.316768 0.00636367   0.241756
  0.316769 0.00636352   0.241757
   0.31677 0.00636338   0.241758
   0.31677 0.00636325   0.241759
  0.316771 0.00636311    0.24176
  0.316772 0.00636298   0.241761
  0.316773 0.00636284   0.241762
  0.316773 0.00636271   0.241763
  0.316774 0.00636259   0.241764
  0.316775 0.00636246   0.241765
  0.316775 0.00636234   0.241765
  0.316776 0.00636221   0.241766
  0.316777 0.00636209   0.241767
  0.316777 0.00636197   0.241768
  0.316778 0.00636186   0.241769
  0.316778 0.00636174    0.24177
  0.316779 0.00636163   0.241771
   0.31678 0.00636151   0.241771
  0.31678 0.0063614  0.241772
  0.316781 0.00636129   0.241773
  0.316781 0.00636119   0.241774
  0.316782 0.00636108   0.241775
  0.316783 0.00636098   0.241775
  0.316783 0.00636087   0.241776
  0.316784 0.00636077   0.241777
  0.316784 0.00636067   0.241778
  0.316785 0.00636057   0.241778
  0.316785 0.00636048   0.241779
  0.316786 0.00636038    0.24178
  0.316786 0.00636029    0.24178
  0.316787 0.00636019   0.241781
 0.316787 0.0063601  0.241782
  0.316788 0.00636001   0.241782
  0.316788 0.00635992   0.241783
  0.316789 0.00635984   0.241784
  0.316789 0.00635975   0.241784
   0.31679 0.00635966   0.241785
   0.31679 0.00635958   0.241786
 0.316791 0.0063595  0.241786
  0.316791 0.00635942   0.241787
  0.316792 0.00635934   0.241788
  0.316792 0.00635926   0.241788
  0.316793 0.00635918   0.241789
 0.316793 0.0063591  0.241789
  0.316794 0.00635903    0.24179
  0.316794 0.00635895   0.241791
  0.316795 0.00635888   0.241791
  0.316795 0.00635881   0.241792
  0.316795 0.00635874   0.241792
  0.316796 0.00635867   0.241793
 0.316796 0.0063586  0.241793
  0.316797 0.00635853   0.241794
  0.316797 0.00635846   0.241794
 0.316797 0.0063584  0.241795
  0.316798 0.00635833   0.241795
  0.316798 0.00635827   0.241796
  0.316799 0.00635821   0.241796
  0.316799 0.00635814   0.241797
  0.316799 0.00635808   0.241797
    0.3168 0.00635802   0.241798
    0.3168 0.00635796   0.241798
  0.316801 0.00635791   0.241799
  0.316801 0.00635785   0.241799
  0.316801 0.00635779     0.2418
  0.316802 0.00635774     0.2418
  0.316802 0.00635768   0.241801
  0.316802 0.00635763   0.241801
  0.316803 0.00635757   0.241802
  0.316803 0.00635752   0.241802
  0.316803 0.00635747   0.241803
  0.316804 0.00635742   0.241803
  0.316804 0.00635737   0.241803
  0.316804 0.00635732   0.241804
  0.316805 0.00635727   0.241804
  0.316805 0.00635722   0.241805
  0.316805 0.00635717   0.241805
  0.316806 0.00635713   0.241805
  0.316806 0.00635708   0.241806
  0.316806 0.00635704   0.241806
  0.316807 0.00635699   0.241807
  0.316807 0.00635695   0.241807
 0.316807 0.0063569  0.241807
  0.316807 0.00635686   0.241808
  0.316808 0.00635682   0.241808
  0.316808 0.00635678   0.241809
  0.316808 0.00635674   0.241809
 0.316809 0.0063567  0.241809
  0.316809 0.00635666    0.24181
  0.316809 0.00635662    0.24181
  0.316809 0.00635658    0.24181
   0.31681 0.00635654   0.241811
   0.31681 0.00635651   0.241811
   0.31681 0.00635647   0.241811
   0.31681 0.00635643   0.241812
 0.316811 0.0063564  0.241812
  0.316811 0.00635636   0.241812
  0.316811 0.00635633   0.241813
  0.316812 0.00635629   0.241813
  0.316812 0.00635626   0.241813
  0.316812 0.00635623   0.241814
 0.316812 0.0063562  0.241814
  0.316813 0.00635616   0.241814
  0.316813 0.00635613   0.241815
 0.316813 0.0063561  0.241815
  0.316813 0.00635607   0.241815
  0.316813 0.00635604   0.241815
  0.316814 0.00635601   0.241816
  0.316814 0.00635598   0.241816
  0.316814 0.00635596   0.241816
  0.316814 0.00635593   0.241817
 0.316815 0.0063559  0.241817
  0.316815 0.00635587   0.241817
  0.316815 0.00635585   0.241817
  0.316815 0.00635582   0.241818
  0.316816 0.00635579   0.241818
  0.316816 0.00635577   0.241818
  0.316816 0.00635574   0.241819
  0.316816 0.00635572   0.241819
  0.316816 0.00635569   0.241819
  0.316817 0.00635567   0.241819
  0.316817 0.00635565    0.24182
  0.316817 0.00635562    0.24182
 0.316817 0.0063556   0.24182
  0.316817 0.00635558    0.24182
  0.316818 0.00635556   0.241821
  0.316818 0.00635553   0.241821
  0.316818 0.00635551   0.241821
  0.316818 0.00635549   0.241821
  0.316818 0.00635547   0.241822
  0.316819 0.00635545   0.241822
  0.316819 0.00635543   0.241822
  0.316819 0.00635541   0.241822
  0.316819 0.00635539   0.241823
  0.316819 0.00635537   0.241823
   0.31682 0.00635535   0.241823
   0.31682 0.00635534   0.241823
   0.31682 0.00635532   0.241823
  0.31682 0.0063553  0.241824
   0.31682 0.00635528   0.241824
   0.31682 0.00635527   0.241824
  0.316821 0.00635525   0.241824
  0.316821 0.00635523   0.241825
  0.316821 0.00635522   0.241825
 0.316821 0.0063552  0.241825
  0.316821 0.00635518   0.241825
  0.316821 0.00635517   0.241825
  0.316822 0.00635515   0.241826
  0.316822 0.00635514   0.241826
  0.316822 0.00635512   0.241826
  0.316822 0.00635511   0.241826
  0.316822 0.00635509   0.241826
  0.316822 0.00635508   0.241827
  0.316823 0.00635507   0.241827
  0.316823 0.00635505   0.241827
  0.316823 0.00635504   0.241827
  0.316823 0.00635502   0.241827
  0.316823 0.00635501   0.241828
0.316823 0.006355 0.241828
  0.316824 0.00635499   0.241828
  0.316824 0.00635497   0.241828
  0.316824 0.00635496   0.241828
  0.316824 0.00635495   0.241829
  0.316824 0.00635494   0.241829
  0.316824 0.00635493   0.241829
  0.316825 0.00635492   0.241829
  0.316825 0.00635491   0.241829
  0.316825 0.00635489   0.241829
  0.316825 0.00635488    0.24183
  0.316825 0.00635487    0.24183
  0.316825 0.00635486    0.24183
  0.316825 0.00635485    0.24183
  0.316826 0.00635484    0.24183
  0.316826 0.00635483    0.24183
  0.316826 0.00635482   0.241831
  0.316826 0.00635481   0.241831
 0.316826 0.0063548  0.241831
 0.316826 0.0063548  0.241831
  0.316826 0.00635479   0.241831
  0.316827 0.00635478   0.241831
  0.316827 0.00635477   0.241832
  0.316827 0.00635476   0.241832
  0.316827 0.00635475   0.241832
  0.316827 0.00635474   0.241832
  0.316827 0.00635474   0.241832
  0.316827 0.00635473   0.241832
  0.316827 0.00635472   0.241833
  0.316828 0.00635471   0.241833
  0.316828 0.00635471   0.241833
 0.316828 0.0063547  0.241833
  0.316828 0.00635469   0.241833
  0.316828 0.00635469   0.241833
  0.316828 0.00635468   0.241833
  0.316828 0.00635467   0.241834
  0.316829 0.00635467   0.241834
  0.316829 0.00635466   0.241834
  0.316829 0.00635465   0.241834
  0.316829 0.00635465   0.241834
  0.316829 0.00635464   0.241834
  0.316829 0.00635464   0.241835
  0.316829 0.00635463   0.241835
  0.316829 0.00635462   0.241835
   0.31683 0.00635462   0.241835
   0.31683 0.00635461   0.241835
   0.31683 0.00635461   0.241835
  0.31683 0.0063546  0.241835
  0.31683 0.0063546  0.241836
   0.31683 0.00635459   0.241836
   0.31683 0.00635459   0.241836
   0.31683 0.00635458   0.241836
   0.31683 0.00635458   0.241836
  0.316831 0.00635457   0.241836
  0.316831 0.00635457   0.241836
  0.316831 0.00635457   0.241836
  0.316831 0.00635456   0.241837
  0.316831 0.00635456   0.241837
  0.316831 0.00635455   0.241837
  0.316831 0.00635455   0.241837
  0.316831 0.00635455   0.241837
  0.316832 0.00635454   0.241837
  0.316832 0.00635454   0.241837
  0.316832 0.00635453   0.241838
  0.316832 0.00635453   0.241838
  0.316832 0.00635453   0.241838
  0.316832 0.00635452   0.241838
  0.316832 0.00635452   0.241838
  0.316832 0.00635452   0.241838
  0.316832 0.00635451   0.241838
  0.316833 0.00635451   0.241838
  0.316833 0.00635451   0.241839
  0.316833 0.00635451   0.241839
 0.316833 0.0063545  0.241839
 0.316833 0.0063545  0.241839
 0.316833 0.0063545  0.241839
 0.316833 0.0063545  0.241839
  0.316833 0.00635449   0.241839
  0.316833 0.00635449   0.241839
  0.316834 0.00635449    0.24184
  0.316834 0.00635449    0.24184
  0.316834 0.00635448    0.24184
  0.316834 0.00635448    0.24184
  0.316834 0.00635448    0.24184
  0.316834 0.00635448    0.24184
  0.316834 0.00635448    0.24184
  0.316834 0.00635447    0.24184
  0.316834 0.00635447   0.241841
  0.316835 0.00635447   0.241841
  0.316835 0.00635447   0.241841
  0.316835 0.00635447   0.241841
  0.316835 0.00635447   0.241841
  0.316835 0.00635447   0.241841
  0.316835 0.00635446   0.241841
  0.316835 0.00635446   0.241841
  0.316835 0.00635446   0.241841
  0.316835 0.00635446   0.241842
  0.316835 0.00635446   0.241842
  0.316836 0.00635446   0.241842
  0.316836 0.00635446   0.241842
  0.316836 0.00635446   0.241842
  0.316836 0.00635446   0.241842
  0.316836 0.00635445   0.241842
  0.316836 0.00635445   0.241842
  0.316836 0.00635445   0.241842
  0.316836 0.00635445   0.241843
  0.316836 0.00635445   0.241843
  0.316836 0.00635445   0.241843
  0.316837 0.00635445   0.241843
  0.316837 0.00635445   0.241843
  0.316837 0.00635445   0.241843
  0.316837 0.00635445   0.241843
  0.316837 0.00635445   0.241843
  0.316837 0.00635445   0.241844
  0.316837 0.00635445   0.241844
  0.316837 0.00635445   0.241844
  0.316837 0.00635445   0.241844
  0.316837 0.00635445   0.241844
  0.316838 0.00635445   0.241844
  0.316838 0.00635445   0.241844
  0.316838 0.00635445   0.241844
  0.316838 0.00635445   0.241844
  0.316838 0.00635445   0.241844
  0.316838 0.00635445   0.241845
  0.316838 0.00635445   0.241845
  0.316838 0.00635445   0.241845
  0.316838 0.00635445   0.241845
  0.316838 0.00635445   0.241845
  0.316839 0.00635445   0.241845
  0.316839 0.00635445   0.241845
  0.316839 0.00635445   0.241845
  0.316839 0.00635445   0.241845
  0.316839 0.00635445   0.241846
  0.316839 0.00635445   0.241846
  0.316839 0.00635445   0.241846
  0.316839 0.00635445   0.241846
  0.316839 0.00635445   0.241846
  0.316839 0.00635445   0.241846
   0.31684 0.00635445   0.241846
   0.31684 0.00635445   0.241846
   0.31684 0.00635445   0.241846
   0.31684 0.00635445   0.241846
   0.31684 0.00635445   0.241847
   0.31684 0.00635446   0.241847
   0.31684 0.00635446   0.241847
   0.31684 0.00635446   0.241847
   0.31684 0.00635446   0.241847
   0.31684 0.00635446   0.241847
   0.31684 0.00635446   0.241847
  0.316841 0.00635446   0.241847
  0.316841 0.00635446   0.241847
  0.316841 0.00635446   0.241848
  0.316841 0.00635446   0.241848
  0.316841 0.00635446   0.241848
  0.316841 0.00635446   0.241848
  0.316841 0.00635447   0.241848
  0.316841 0.00635447   0.241848
  0.316841 0.00635447   0.241848
  0.316841 0.00635447   0.241848
  0.316841 0.00635447   0.241848
  0.316842 0.00635447   0.241848
  0.316842 0.00635447   0.241849
  0.316842 0.00635447   0.241849
  0.316842 0.00635447   0.241849
  0.316842 0.00635448   0.241849
  0.316842 0.00635448   0.241849
  0.316842 0.00635448   0.241849
  0.316842 0.00635448   0.241849
  0.316842 0.00635448   0.241849
  0.316842 0.00635448   0.241849
  0.316842 0.00635448   0.241849
  0.316843 0.00635449    0.24185
  0.316843 0.00635449    0.24185
  0.316843 0.00635449    0.24185
  0.316843 0.00635449    0.24185
  0.316843 0.00635449    0.24185
  0.316843 0.00635449    0.24185
  0.316843 0.00635449    0.24185
 0.316843 0.0063545   0.24185
 0.316843 0.0063545   0.24185
 0.316843 0.0063545   0.24185
 0.316843 0.0063545  0.241851
 0.316844 0.0063545  0.241851
 0.316844 0.0063545  0.241851
 0.316844 0.0063545  0.241851
  0.316844 0.00635451   0.241851
  0.316844 0.00635451   0.241851
  0.316844 0.00635451   0.241851
  0.316844 0.00635451   0.241851
  0.316844 0.00635451   0.241851
  0.316844 0.00635451   0.241851
  0.316844 0.00635452   0.241851
  0.316844 0.00635452   0.241852
  0.316845 0.00635452   0.241852
  0.316845 0.00635452   0.241852
  0.316845 0.00635452   0.241852
  0.316845 0.00635453   0.241852
  0.316845 0.00635453   0.241852
  0.316845 0.00635453   0.241852
  0.316845 0.00635453   0.241852
  0.316845 0.00635453   0.241852
  0.316845 0.00635453   0.241852
  0.316845 0.00635454   0.241853
  0.316845 0.00635454   0.241853
  0.316846 0.00635454   0.241853
  0.316846 0.00635454   0.241853
  0.316846 0.00635454   0.241853
  0.316846 0.00635455   0.241853
  0.316846 0.00635455   0.241853
  0.316846 0.00635455   0.241853
  0.316846 0.00635455   0.241853
  0.316846 0.00635455   0.241853
  0.316846 0.00635456   0.241854
  0.316846 0.00635456   0.241854
  0.316846 0.00635456   0.241854
  0.316847 0.00635456   0.241854
  0.316847 0.00635456   0.241854
  0.316847 0.00635457   0.241854
  0.316847 0.00635457   0.241854
  0.316847 0.00635457   0.241854
  0.316847 0.00635457   0.241854
  0.316847 0.00635457   0.241854
  0.316847 0.00635458   0.241854
  0.316847 0.00635458   0.241855
  0.316847 0.00635458   0.241855
  0.316847 0.00635458   0.241855
  0.316847 0.00635458   0.241855
  0.316848 0.00635459   0.241855
  0.316848 0.00635459   0.241855
  0.316848 0.00635459   0.241855
  0.316848 0.00635459   0.241855
  0.316848 0.00635459   0.241855
 0.316848 0.0063546  0.241855
 0.316848 0.0063546  0.241855
 0.316848 0.0063546  0.241856
 0.316848 0.0063546  0.241856
  0.316848 0.00635461   0.241856
  0.316848 0.00635461   0.241856
  0.316849 0.00635461   0.241856
  0.316849 0.00635461   0.241856
  0.316849 0.00635461   0.241856
  0.316849 0.00635462   0.241856
  0.316849 0.00635462   0.241856
  0.316849 0.00635462   0.241856
  0.316849 0.00635462   0.241857
  0.316849 0.00635462   0.241857
  0.316849 0.00635463   0.241857
  0.316849 0.00635463   0.241857
  0.316849 0.00635463   0.241857
  0.316849 0.00635463   0.241857
   0.31685 0.00635464   0.241857
   0.31685 0.00635464   0.241857
   0.31685 0.00635464   0.241857
   0.31685 0.00635464   0.241857
   0.31685 0.00635465   0.241857
   0.31685 0.00635465   0.241858
   0.31685 0.00635465   0.241858
   0.31685 0.00635465   0.241858
   0.31685 0.00635465   0.241858
   0.31685 0.00635466   0.241858
   0.31685 0.00635466   0.241858
  0.316851 0.00635466   0.241858
  0.316851 0.00635466   0.241858
  0.316851 0.00635467   0.241858
  0.316851 0.00635467   0.241858
  0.316851 0.00635467   0.241858
  0.316851 0.00635467   0.241859
  0.316851 0.00635468   0.241859
  0.316851 0.00635468   0.241859
  0.316851 0.00635468   0.241859
  0.316851 0.00635468   0.241859
  0.316851 0.00635469   0.241859
  0.316851 0.00635469   0.241859
  0.316852 0.00635469   0.241859
  0.316852 0.00635469   0.241859
  0.316852 0.00635469   0.241859
 0.316852 0.0063547   0.24186
 0.316852 0.0063547   0.24186
 0.316852 0.0063547   0.24186
 0.316852 0.0063547   0.24186
  0.316852 0.00635471    0.24186
  0.316852 0.00635471    0.24186
  0.316852 0.00635471    0.24186
  0.316852 0.00635471    0.24186
  0.316853 0.00635472    0.24186
  0.316853 0.00635472    0.24186
  0.316853 0.00635472    0.24186
  0.316853 0.00635472   0.241861
  0.316853 0.00635473   0.241861
  0.316853 0.00635473   0.241861
  0.316853 0.00635473   0.241861
  0.316853 0.00635473   0.241861
  0.316853 0.00635474   0.241861
  0.316853 0.00635474   0.241861
  0.316853 0.00635474   0.241861
  0.316853 0.00635474   0.241861
  0.316854 0.00635475   0.241861
  0.316854 0.00635475   0.241861
  0.316854 0.00635475   0.241862
  0.316854 0.00635475   0.241862
  0.316854 0.00635476   0.241862
  0.316854 0.00635476   0.241862
  0.316854 0.00635476   0.241862
  0.316854 0.00635476   0.241862
  0.316854 0.00635477   0.241862
  0.316854 0.00635477   0.241862
  0.316854 0.00635477   0.241862
  0.316854 0.00635477   0.241862
  0.316855 0.00635478   0.241862
  0.316855 0.00635478   0.241863
  0.316855 0.00635478   0.241863
  0.316855 0.00635478   0.241863
  0.316855 0.00635479   0.241863
  0.316855 0.00635479   0.241863
  0.316855 0.00635479   0.241863
  0.316855 0.00635479   0.241863
 0.316855 0.0063548  0.241863
 0.316855 0.0063548  0.241863
 0.316855 0.0063548  0.241863
 0.316856 0.0063548  0.241863
  0.316856 0.00635481   0.241864
  0.316856 0.00635481   0.241864
  0.316856 0.00635481   0.241864
  0.316856 0.00635481   0.241864
  0.316856 0.00635482   0.241864
  0.316856 0.00635482   0.241864
  0.316856 0.00635482   0.241864
  0.316856 0.00635482   0.241864
  0.316856 0.00635483   0.241864
  0.316856 0.00635483   0.241864
  0.316856 0.00635483   0.241864
  0.316857 0.00635483   0.241865
  0.316857 0.00635484   0.241865
  0.316857 0.00635484   0.241865
  0.316857 0.00635484   0.241865
  0.316857 0.00635484   0.241865
  0.316857 0.00635485   0.241865
  0.316857 0.00635485   0.241865
  0.316857 0.00635485   0.241865
  0.316857 0.00635486   0.241865
  0.316857 0.00635486   0.241865
  0.316857 0.00635486   0.241865
  0.316857 0.00635486   0.241866
  0.316858 0.00635487   0.241866
  0.316858 0.00635487   0.241866
  0.316858 0.00635487   0.241866
  0.316858 0.00635487   0.241866
  0.316858 0.00635488   0.241866
  0.316858 0.00635488   0.241866
  0.316858 0.00635488   0.241866
  0.316858 0.00635488   0.241866
  0.316858 0.00635489   0.241866
  0.316858 0.00635489   0.241866
  0.316858 0.00635489   0.241867
  0.316859 0.00635489   0.241867
 0.316859 0.0063549  0.241867
 0.316859 0.0063549  0.241867
 0.316859 0.0063549  0.241867
 0.316859 0.0063549  0.241867
  0.316859 0.00635491   0.241867
  0.316859 0.00635491   0.241867
  0.316859 0.00635491   0.241867
  0.316859 0.00635491   0.241867
  0.316859 0.00635492   0.241867
  0.316859 0.00635492   0.241868
  0.316859 0.00635492   0.241868
   0.31686 0.00635493   0.241868
   0.31686 0.00635493   0.241868
   0.31686 0.00635493   0.241868
   0.31686 0.00635493   0.241868
   0.31686 0.00635494   0.241868
   0.31686 0.00635494   0.241868
   0.31686 0.00635494   0.241868
   0.31686 0.00635494   0.241868
   0.31686 0.00635495   0.241868
   0.31686 0.00635495   0.241869
   0.31686 0.00635495   0.241869
   0.31686 0.00635495   0.241869
  0.316861 0.00635496   0.241869
  0.316861 0.00635496   0.241869
  0.316861 0.00635496   0.241869
  0.316861 0.00635496   0.241869
  0.316861 0.00635497   0.241869
  0.316861 0.00635497   0.241869
  0.316861 0.00635497   0.241869
  0.316861 0.00635498   0.241869
  0.316861 0.00635498    0.24187
  0.316861 0.00635498    0.24187
  0.316861 0.00635498    0.24187
  0.316862 0.00635499    0.24187
  0.316862 0.00635499    0.24187
  0.316862 0.00635499    0.24187
  0.316862 0.00635499    0.24187
0.316862 0.006355  0.24187
0.316862 0.006355  0.24187
0.316862 0.006355  0.24187
0.316862 0.006355  0.24187
  0.316862 0.00635501   0.241871
  0.316862 0.00635501   0.241871
  0.316862 0.00635501   0.241871
  0.316862 0.00635501   0.241871
  0.316863 0.00635502   0.241871
  0.316863 0.00635502   0.241871
  0.316863 0.00635502   0.241871
  0.316863 0.00635503   0.241871
  0.316863 0.00635503   0.241871
  0.316863 0.00635503   0.241871
  0.316863 0.00635503   0.241871
  0.316863 0.00635504   0.241872
  0.316863 0.00635504   0.241872
  0.316863 0.00635504   0.241872
  0.316863 0.00635504   0.241872
  0.316863 0.00635505   0.241872
  0.316864 0.00635505   0.241872
  0.316864 0.00635505   0.241872
  0.316864 0.00635505   0.241872
  0.316864 0.00635506   0.241872
  0.316864 0.00635506   0.241872
  0.316864 0.00635506   0.241872
  0.316864 0.00635507   0.241873
  0.316864 0.00635507   0.241873
  0.316864 0.00635507   0.241873
  0.316864 0.00635507   0.241873
  0.316864 0.00635508   0.241873
  0.316864 0.00635508   0.241873
  0.316865 0.00635508   0.241873
  0.316865 0.00635508   0.241873
  0.316865 0.00635509   0.241873
