 0.0331295 -0.0515654  0.0137447
 0.0373138 -0.0516624    0.01479
 0.0405089 -0.0507454  0.0154244
 0.0430225 -0.0493274  0.0157817
 0.0450525 -0.0477068  0.0159534
 0.0467276 -0.0460537  0.0160019
 0.0481331 -0.0444616  0.0159697
 0.0493273 -0.0429781  0.0158857
 0.0503512 -0.0416237  0.0157696
 0.0512347 -0.0404036  0.0156347
 0.0520003 -0.0393141    0.01549
0.0526657 -0.038347 0.0153417
 0.0532451 -0.0374921  0.0151937
   0.05375 -0.0367385  0.0150487
 0.0541904 -0.0360753  0.0149084
 0.0545744 -0.0354924   0.014774
 0.0549092 -0.0349804  0.0146459
  0.055201 -0.0345309  0.0145246
 0.0554551 -0.0341364  0.0144101
 0.0556762 -0.0337899  0.0143024
 0.0558683 -0.0334857  0.0142013
  0.056035 -0.0332184  0.0141067
 0.0561794 -0.0329834  0.0140182
 0.0563043 -0.0327766  0.0139355
  0.056412 -0.0325946  0.0138585
 0.0565047 -0.0324342  0.0137867
 0.0565841 -0.0322926  0.0137199
  0.056652 -0.0321676  0.0136578
0.0567097 -0.032057    0.0136
0.0567585 -0.031959 0.0135464
 0.0567994 -0.0318721  0.0134966
 0.0568335 -0.0317948  0.0134504
 0.0568615 -0.0317259  0.0134075
 0.0568842 -0.0316645  0.0133677
 0.0569023 -0.0316095  0.0133308
 0.0569164 -0.0315601  0.0132965
 0.0569268 -0.0315158  0.0132648
 0.0569342 -0.0314757  0.0132353
 0.0569388 -0.0314395  0.0132079
  0.056941 -0.0314066  0.0131826
 0.0569411 -0.0313767   0.013159
 0.0569393 -0.0313493  0.0131371
  0.056936 -0.0313241  0.0131168
 0.0569313 -0.0313009  0.0130979
 0.0569253 -0.0312795  0.0130803
 0.0569183 -0.0312596  0.0130639
 0.0569104 -0.0312411  0.0130486
 0.0569016 -0.0312238  0.0130344
 0.0568922 -0.0312075  0.0130211
 0.0568822 -0.0311921  0.0130088
 0.0568716 -0.0311776  0.0129972
 0.0568607 -0.0311638  0.0129863
 0.0568493 -0.0311506  0.0129762
0.0568376 -0.031138 0.0129666
0.0568257 -0.031126 0.0129577
 0.0568135 -0.0311143  0.0129493
 0.0568011 -0.0311032  0.0129414
 0.0567886 -0.0310923  0.0129339
  0.056776 -0.0310818  0.0129268
 0.0567633 -0.0310716  0.0129202
 0.0567505 -0.0310617  0.0129138
0.0567377 -0.031052 0.0129078
 0.0567248 -0.0310426  0.0129022
 0.0567119 -0.0310333  0.0128967
  0.056699 -0.0310243  0.0128916
 0.0566862 -0.0310154  0.0128867
 0.0566733 -0.0310066   0.012882
 0.0566605 -0.0309981  0.0128774
 0.0566477 -0.0309896  0.0128731
  0.056635 -0.0309813   0.012869
 0.0566223 -0.0309731   0.012865
0.0566097 -0.030965 0.0128612
 0.0565972 -0.0309571  0.0128575
 0.0565847 -0.0309492  0.0128539
 0.0565723 -0.0309415  0.0128504
   0.05656 -0.0309338  0.0128471
 0.0565478 -0.0309262  0.0128438
 0.0565356 -0.0309187  0.0128407
 0.0565236 -0.0309113  0.0128376
0.0565116 -0.030904 0.0128346
 0.0564997 -0.0308967  0.0128317
 0.0564879 -0.0308895  0.0128289
 0.0564762 -0.0308824  0.0128261
 0.0564646 -0.0308754  0.0128234
  0.056453 -0.0308684  0.0128208
 0.0564416 -0.0308615  0.0128182
 0.0564302 -0.0308547  0.0128157
  0.056419 -0.0308479  0.0128132
 0.0564078 -0.0308412  0.0128108
 0.0563967 -0.0308346  0.0128084
0.0563857 -0.030828 0.0128061
 0.0563749 -0.0308215  0.0128038
 0.0563641 -0.0308151  0.0128015
 0.0563533 -0.0308087  0.0127993
 0.0563427 -0.0308023  0.0127971
 0.0563322 -0.0307961   0.012795
 0.0563218 -0.0307898  0.0127928
 0.0563114 -0.0307837  0.0127908
 0.0563012 -0.0307776  0.0127887
  0.056291 -0.0307715  0.0127867
 0.0562809 -0.0307655  0.0127847
 0.0562709 -0.0307596  0.0127827
  0.056261 -0.0307537  0.0127808
 0.0562512 -0.0307478  0.0127789
0.0562415 -0.030742  0.012777
 0.0562318 -0.0307363  0.0127751
 0.0562223 -0.0307306  0.0127733
0.0562128 -0.030725 0.0127714
 0.0562034 -0.0307194  0.0127696
 0.0561941 -0.0307138  0.0127679
 0.0561848 -0.0307083  0.0127661
 0.0561757 -0.0307029  0.0127644
 0.0561666 -0.0306975  0.0127627
 0.0561576 -0.0306922   0.012761
 0.0561487 -0.0306868  0.0127593
 0.0561399 -0.0306816  0.0127576
 0.0561311 -0.0306764   0.012756
 0.0561224 -0.0306712  0.0127544
 0.0561138 -0.0306661  0.0127528
0.0561053 -0.030661 0.0127512
0.0560968 -0.030656 0.0127496
0.0560885 -0.030651 0.0127481
 0.0560802 -0.0306461  0.0127466
 0.0560719 -0.0306412  0.0127451
 0.0560638 -0.0306363  0.0127436
 0.0560557 -0.0306315  0.0127421
 0.0560477 -0.0306267  0.0127406
0.0560397 -0.030622 0.0127392
 0.0560319 -0.0306173  0.0127377
 0.0560241 -0.0306126  0.0127363
0.0560163 -0.030608 0.0127349
 0.0560087 -0.0306035  0.0127335
 0.0560011 -0.0305989  0.0127322
 0.0559935 -0.0305944  0.0127308
0.0559861  -0.03059 0.0127295
 0.0559787 -0.0305856  0.0127282
 0.0559713 -0.0305812  0.0127268
 0.0559641 -0.0305769  0.0127255
 0.0559569 -0.0305726  0.0127243
 0.0559497 -0.0305683   0.012723
 0.0559427 -0.0305641  0.0127217
 0.0559356 -0.0305599  0.0127205
 0.0559287 -0.0305557  0.0127193
 0.0559218 -0.0305516  0.0127181
  0.055915 -0.0305475  0.0127169
 0.0559082 -0.0305435  0.0127157
 0.0559015 -0.0305395  0.0127145
 0.0558948 -0.0305355  0.0127133
 0.0558882 -0.0305315  0.0127122
 0.0558817 -0.0305276   0.012711
 0.0558752 -0.0305238  0.0127099
 0.0558688 -0.0305199  0.0127088
 0.0558625 -0.0305161  0.0127077
 0.0558562 -0.0305123  0.0127066
 0.0558499 -0.0305086  0.0127055
 0.0558437 -0.0305049  0.0127045
 0.0558376 -0.0305012  0.0127034
 0.0558315 -0.0304976  0.0127024
 0.0558255 -0.0304939  0.0127014
 0.0558195 -0.0304904  0.0127003
 0.0558135 -0.0304868  0.0126993
 0.0558077 -0.0304833  0.0126983
 0.0558019 -0.0304798  0.0126973
 0.0557961 -0.0304763  0.0126964
 0.0557904 -0.0304729  0.0126954
 0.0557847 -0.0304695  0.0126944
 0.0557791 -0.0304661  0.0126935
 0.0557735 -0.0304628  0.0126926
  0.055768 -0.0304595  0.0126916
 0.0557625 -0.0304562  0.0126907
 0.0557571 -0.0304529  0.0126898
 0.0557517 -0.0304497  0.0126889
 0.0557464 -0.0304465  0.0126881
 0.0557411 -0.0304433  0.0126872
 0.0557359 -0.0304401  0.0126863
0.0557307 -0.030437 0.0126855
 0.0557255 -0.0304339  0.0126846
 0.0557204 -0.0304309  0.0126838
 0.0557154 -0.0304278   0.012683
 0.0557104 -0.0304248  0.0126822
 0.0557054 -0.0304218  0.0126814
 0.0557005 -0.0304189  0.0126806
 0.0556956 -0.0304159  0.0126798
0.0556908 -0.030413  0.012679
  0.055686 -0.0304101  0.0126782
 0.0556813 -0.0304072  0.0126775
 0.0556766 -0.0304044  0.0126767
 0.0556719 -0.0304016   0.012676
 0.0556673 -0.0303988  0.0126752
0.0556627 -0.030396 0.0126745
 0.0556582 -0.0303933  0.0126738
 0.0556536 -0.0303906  0.0126731
 0.0556492 -0.0303879  0.0126724
 0.0556448 -0.0303852  0.0126717
 0.0556404 -0.0303826   0.012671
  0.055636 -0.0303799  0.0126703
 0.0556317 -0.0303773  0.0126696
 0.0556275 -0.0303747   0.012669
 0.0556232 -0.0303722  0.0126683
  0.055619 -0.0303696  0.0126677
 0.0556149 -0.0303671   0.012667
 0.0556108 -0.0303646  0.0126664
 0.0556067 -0.0303621  0.0126658
 0.0556026 -0.0303597  0.0126652
 0.0555986 -0.0303573  0.0126645
 0.0555947 -0.0303549  0.0126639
 0.0555907 -0.0303525  0.0126633
 0.0555868 -0.0303501  0.0126628
 0.0555829 -0.0303477  0.0126622
 0.0555791 -0.0303454  0.0126616
 0.0555753 -0.0303431   0.012661
 0.0555715 -0.0303408  0.0126605
 0.0555678 -0.0303385  0.0126599
 0.0555641 -0.0303363  0.0126594
 0.0555604 -0.0303341  0.0126588
 0.0555568 -0.0303318  0.0126583
 0.0555532 -0.0303297  0.0126578
 0.0555496 -0.0303275  0.0126572
 0.0555461 -0.0303253  0.0126567
 0.0555425 -0.0303232  0.0126562
 0.0555391 -0.0303211  0.0126557
0.0555356 -0.030319 0.0126552
 0.0555322 -0.0303169  0.0126547
 0.0555288 -0.0303148  0.0126542
 0.0555255 -0.0303128  0.0126538
 0.0555221 -0.0303107  0.0126533
 0.0555188 -0.0303087  0.0126528
 0.0555156 -0.0303067  0.0126524
 0.0555123 -0.0303047  0.0126519
 0.0555091 -0.0303028  0.0126515
 0.0555059 -0.0303008   0.012651
 0.0555028 -0.0302989  0.0126506
0.0554996 -0.030297 0.0126502
 0.0554965 -0.0302951  0.0126497
 0.0554935 -0.0302932  0.0126493
 0.0554904 -0.0302914  0.0126489
 0.0554874 -0.0302895  0.0126485
 0.0554844 -0.0302877  0.0126481
 0.0554814 -0.0302859  0.0126477
 0.0554785 -0.0302841  0.0126473
 0.0554756 -0.0302823  0.0126469
 0.0554727 -0.0302805  0.0126465
 0.0554698 -0.0302787  0.0126461
 0.055467 -0.030277 0.0126457
 0.0554642 -0.0302753  0.0126454
 0.0554614 -0.0302736   0.012645
 0.0554587 -0.0302719  0.0126446
 0.0554559 -0.0302702  0.0126443
 0.0554532 -0.0302685  0.0126439
 0.0554505 -0.0302669  0.0126436
 0.0554479 -0.0302652  0.0126432
 0.0554452 -0.0302636  0.0126429
0.0554426 -0.030262 0.0126426
   0.05544 -0.0302604  0.0126422
 0.0554374 -0.0302588  0.0126419
 0.0554349 -0.0302572  0.0126416
 0.0554324 -0.0302557  0.0126413
 0.0554299 -0.0302541   0.012641
 0.0554274 -0.0302526  0.0126407
 0.0554249 -0.0302511  0.0126404
 0.0554225 -0.0302496  0.0126401
 0.0554201 -0.0302481  0.0126398
 0.0554177 -0.0302466  0.0126395
 0.0554153 -0.0302451  0.0126392
 0.0554129 -0.0302437  0.0126389
 0.0554106 -0.0302422  0.0126386
 0.0554083 -0.0302408  0.0126384
  0.055406 -0.0302394  0.0126381
0.0554037 -0.030238 0.0126378
 0.0554015 -0.0302366  0.0126376
 0.0553993 -0.0302352  0.0126373
 0.0553971 -0.0302339  0.0126371
 0.0553949 -0.0302325  0.0126368
 0.0553927 -0.0302311  0.0126366
 0.0553906 -0.0302298  0.0126363
 0.0553884 -0.0302285  0.0126361
 0.0553863 -0.0302272  0.0126358
 0.0553842 -0.0302259  0.0126356
 0.0553821 -0.0302246  0.0126354
 0.0553801 -0.0302233  0.0126351
 0.055378 -0.030222 0.0126349
  0.055376 -0.0302208  0.0126347
  0.055374 -0.0302195  0.0126345
  0.055372 -0.0302183  0.0126343
 0.0553701 -0.0302171  0.0126341
 0.0553681 -0.0302159  0.0126339
 0.0553662 -0.0302146  0.0126336
 0.0553643 -0.0302135  0.0126334
 0.0553624 -0.0302123  0.0126333
 0.0553605 -0.0302111  0.0126331
 0.0553586 -0.0302099  0.0126329
 0.0553568 -0.0302088  0.0126327
  0.055355 -0.0302076  0.0126325
 0.0553532 -0.0302065  0.0126323
 0.0553514 -0.0302054  0.0126321
 0.0553496 -0.0302043   0.012632
 0.0553478 -0.0302031  0.0126318
 0.0553461 -0.0302021  0.0126316
0.0553443 -0.030201 0.0126314
 0.0553426 -0.0301999  0.0126313
 0.0553409 -0.0301988  0.0126311
 0.0553392 -0.0301978   0.012631
 0.0553376 -0.0301967  0.0126308
 0.0553359 -0.0301957  0.0126306
 0.0553343 -0.0301946  0.0126305
 0.0553326 -0.0301936  0.0126303
  0.055331 -0.0301926  0.0126302
 0.0553294 -0.0301916  0.0126301
 0.0553278 -0.0301906  0.0126299
 0.0553263 -0.0301896  0.0126298
 0.0553247 -0.0301886  0.0126296
 0.0553232 -0.0301876  0.0126295
 0.0553216 -0.0301867  0.0126294
 0.0553201 -0.0301857  0.0126293
 0.0553186 -0.0301848  0.0126291
 0.0553171 -0.0301838   0.012629
 0.0553157 -0.0301829  0.0126289
0.0553142 -0.030182 0.0126288
 0.0553127 -0.0301811  0.0126286
 0.0553113 -0.0301801  0.0126285
 0.0553099 -0.0301792  0.0126284
 0.0553085 -0.0301783  0.0126283
 0.0553071 -0.0301775  0.0126282
 0.0553057 -0.0301766  0.0126281
 0.0553043 -0.0301757   0.012628
  0.055303 -0.0301749  0.0126279
0.0553016 -0.030174 0.0126278
 0.0553003 -0.0301731  0.0126277
  0.055299 -0.0301723  0.0126276
 0.0552977 -0.0301715  0.0126275
 0.0552964 -0.0301706  0.0126274
 0.0552951 -0.0301698  0.0126273
0.0552938 -0.030169 0.0126272
 0.0552925 -0.0301682  0.0126271
 0.0552913 -0.0301674  0.0126271
   0.05529 -0.0301666   0.012627
 0.0552888 -0.0301658  0.0126269
0.0552876 -0.030165 0.0126268
 0.0552864 -0.0301643  0.0126267
 0.0552852 -0.0301635  0.0126267
  0.055284 -0.0301627  0.0126266
0.0552828 -0.030162 0.0126265
 0.0552817 -0.0301612  0.0126265
 0.0552805 -0.0301605  0.0126264
 0.0552794 -0.0301598  0.0126263
0.0552782 -0.030159 0.0126263
 0.0552771 -0.0301583  0.0126262
  0.055276 -0.0301576  0.0126261
 0.0552749 -0.0301569  0.0126261
 0.0552738 -0.0301562   0.012626
 0.0552727 -0.0301555   0.012626
 0.0552716 -0.0301548  0.0126259
 0.0552706 -0.0301541  0.0126259
 0.0552695 -0.0301534  0.0126258
 0.0552685 -0.0301528  0.0126258
 0.0552675 -0.0301521  0.0126257
 0.0552664 -0.0301514  0.0126257
 0.0552654 -0.0301508  0.0126256
 0.0552644 -0.0301501  0.0126256
 0.0552634 -0.0301495  0.0126255
 0.0552624 -0.0301488  0.0126255
 0.0552614 -0.0301482  0.0126255
 0.0552605 -0.0301476  0.0126254
 0.0552595 -0.0301469  0.0126254
 0.0552586 -0.0301463  0.0126253
 0.0552576 -0.0301457  0.0126253
 0.0552567 -0.0301451  0.0126253
 0.0552558 -0.0301445  0.0126253
 0.0552548 -0.0301439  0.0126252
 0.0552539 -0.0301433  0.0126252
  0.055253 -0.0301427  0.0126252
 0.0552521 -0.0301421  0.0126251
 0.0552512 -0.0301416  0.0126251
0.0552504 -0.030141 0.0126251
 0.0552495 -0.0301404  0.0126251
 0.0552486 -0.0301398   0.012625
 0.0552478 -0.0301393   0.012625
 0.0552469 -0.0301387   0.012625
 0.0552461 -0.0301382   0.012625
 0.0552453 -0.0301376   0.012625
 0.0552445 -0.0301371   0.012625
 0.0552436 -0.0301366  0.0126249
0.0552428 -0.030136 0.0126249
  0.055242 -0.0301355  0.0126249
0.0552412 -0.030135 0.0126249
 0.0552405 -0.0301345  0.0126249
0.0552397 -0.030134 0.0126249
 0.0552389 -0.0301334  0.0126249
 0.0552381 -0.0301329  0.0126249
 0.0552374 -0.0301324  0.0126249
 0.0552366 -0.0301319  0.0126249
 0.0552359 -0.0301315  0.0126249
0.0552352 -0.030131 0.0126249
 0.0552344 -0.0301305  0.0126249
0.0552337  -0.03013 0.0126249
  0.055233 -0.0301295  0.0126249
 0.0552323 -0.0301291  0.0126249
 0.0552316 -0.0301286  0.0126249
 0.0552309 -0.0301281  0.0126249
 0.0552302 -0.0301277  0.0126249
 0.0552295 -0.0301272  0.0126249
 0.0552288 -0.0301268  0.0126249
 0.0552282 -0.0301263  0.0126249
 0.0552275 -0.0301259  0.0126249
 0.0552268 -0.0301254  0.0126249
0.0552262 -0.030125 0.0126249
 0.0552256 -0.0301246  0.0126249
 0.0552249 -0.0301241  0.0126249
 0.0552243 -0.0301237  0.0126249
 0.0552237 -0.0301233  0.0126249
  0.055223 -0.0301229   0.012625
 0.0552224 -0.0301225   0.012625
0.0552218 -0.030122  0.012625
 0.0552212 -0.0301216   0.012625
 0.0552206 -0.0301212   0.012625
   0.05522 -0.0301208   0.012625
 0.0552194 -0.0301204  0.0126251
0.0552188  -0.03012 0.0126251
 0.0552183 -0.0301196  0.0126251
 0.0552177 -0.0301193  0.0126251
 0.0552171 -0.0301189  0.0126251
 0.0552166 -0.0301185  0.0126251
  0.055216 -0.0301181  0.0126252
 0.0552154 -0.0301177  0.0126252
 0.0552149 -0.0301174  0.0126252
0.0552144 -0.030117 0.0126252
 0.0552138 -0.0301166  0.0126253
 0.0552133 -0.0301163  0.0126253
 0.0552128 -0.0301159  0.0126253
 0.0552123 -0.0301156  0.0126253
 0.0552117 -0.0301152  0.0126254
 0.0552112 -0.0301149  0.0126254
 0.0552107 -0.0301145  0.0126254
 0.0552102 -0.0301142  0.0126254
 0.0552097 -0.0301138  0.0126255
 0.0552092 -0.0301135  0.0126255
 0.0552087 -0.0301132  0.0126255
 0.0552083 -0.0301128  0.0126256
 0.0552078 -0.0301125  0.0126256
 0.0552073 -0.0301122  0.0126256
 0.0552068 -0.0301119  0.0126257
 0.0552064 -0.0301115  0.0126257
 0.0552059 -0.0301112  0.0126257
 0.0552055 -0.0301109  0.0126258
  0.055205 -0.0301106  0.0126258
 0.0552046 -0.0301103  0.0126258
0.0552041  -0.03011 0.0126259
 0.0552037 -0.0301097  0.0126259
 0.0552032 -0.0301094  0.0126259
 0.0552028 -0.0301091   0.012626
 0.0552024 -0.0301088   0.012626
  0.055202 -0.0301085   0.012626
 0.0552015 -0.0301082  0.0126261
 0.0552011 -0.0301079  0.0126261
 0.0552007 -0.0301076  0.0126261
 0.0552003 -0.0301073  0.0126262
0.0551999 -0.030107 0.0126262
 0.0551995 -0.0301068  0.0126263
 0.0551991 -0.0301065  0.0126263
 0.0551987 -0.0301062  0.0126263
 0.0551983 -0.0301059  0.0126264
  0.055198 -0.0301057  0.0126264
 0.0551976 -0.0301054  0.0126265
 0.0551972 -0.0301051  0.0126265
 0.0551968 -0.0301049  0.0126266
 0.0551965 -0.0301046  0.0126266
 0.0551961 -0.0301043  0.0126266
 0.0551957 -0.0301041  0.0126267
 0.0551954 -0.0301038  0.0126267
  0.055195 -0.0301036  0.0126268
 0.0551947 -0.0301033  0.0126268
 0.0551943 -0.0301031  0.0126269
  0.055194 -0.0301028  0.0126269
 0.0551936 -0.0301026  0.0126269
 0.0551933 -0.0301023   0.012627
  0.055193 -0.0301021   0.012627
 0.0551926 -0.0301019  0.0126271
 0.0551923 -0.0301016  0.0126271
  0.055192 -0.0301014  0.0126272
 0.0551916 -0.0301012  0.0126272
 0.0551913 -0.0301009  0.0126273
  0.055191 -0.0301007  0.0126273
 0.0551907 -0.0301005  0.0126274
 0.0551904 -0.0301003  0.0126274
0.0551901   -0.0301 0.0126275
 0.0551898 -0.0300998  0.0126275
 0.0551895 -0.0300996  0.0126275
 0.0551892 -0.0300994  0.0126276
 0.0551889 -0.0300992  0.0126276
0.0551886 -0.030099 0.0126277
 0.0551883 -0.0300987  0.0126277
  0.055188 -0.0300985  0.0126278
 0.0551877 -0.0300983  0.0126278
 0.0551875 -0.0300981  0.0126279
 0.0551872 -0.0300979  0.0126279
 0.0551869 -0.0300977   0.012628
 0.0551866 -0.0300975   0.012628
 0.0551864 -0.0300973  0.0126281
 0.0551861 -0.0300971  0.0126281
 0.0551858 -0.0300969  0.0126282
 0.0551856 -0.0300967  0.0126282
 0.0551853 -0.0300965  0.0126283
  0.055185 -0.0300963  0.0126283
 0.0551848 -0.0300962  0.0126284
0.0551845 -0.030096 0.0126284
 0.0551843 -0.0300958  0.0126285
  0.055184 -0.0300956  0.0126286
 0.0551838 -0.0300954  0.0126286
 0.0551836 -0.0300952  0.0126287
 0.0551833 -0.0300951  0.0126287
 0.0551831 -0.0300949  0.0126288
 0.0551828 -0.0300947  0.0126288
 0.0551826 -0.0300945  0.0126289
 0.0551824 -0.0300944  0.0126289
 0.0551821 -0.0300942   0.012629
0.0551819 -0.030094  0.012629
 0.0551817 -0.0300938  0.0126291
 0.0551815 -0.0300937  0.0126291
 0.0551813 -0.0300935  0.0126292
  0.055181 -0.0300933  0.0126292
 0.0551808 -0.0300932  0.0126293
0.0551806 -0.030093 0.0126293
 0.0551804 -0.0300929  0.0126294
 0.0551802 -0.0300927  0.0126295
   0.05518 -0.0300925  0.0126295
 0.0551798 -0.0300924  0.0126296
 0.0551796 -0.0300922  0.0126296
 0.0551794 -0.0300921  0.0126297
 0.0551792 -0.0300919  0.0126297
  0.055179 -0.0300918  0.0126298
 0.0551788 -0.0300916  0.0126298
 0.0551786 -0.0300915  0.0126299
 0.0551784 -0.0300913  0.0126299
 0.0551782 -0.0300912    0.01263
 0.055178 -0.030091 0.0126301
 0.0551778 -0.0300909  0.0126301
 0.0551777 -0.0300908  0.0126302
 0.0551775 -0.0300906  0.0126302
 0.0551773 -0.0300905  0.0126303
 0.0551771 -0.0300903  0.0126303
 0.0551769 -0.0300902  0.0126304
 0.0551768 -0.0300901  0.0126304
 0.0551766 -0.0300899  0.0126305
 0.0551764 -0.0300898  0.0126305
 0.0551763 -0.0300897  0.0126306
 0.0551761 -0.0300895  0.0126307
 0.0551759 -0.0300894  0.0126307
 0.0551758 -0.0300893  0.0126308
 0.0551756 -0.0300891  0.0126308
0.0551754 -0.030089 0.0126309
 0.0551753 -0.0300889  0.0126309
 0.0551751 -0.0300888   0.012631
  0.055175 -0.0300886   0.012631
 0.0551748 -0.0300885  0.0126311
 0.0551747 -0.0300884  0.0126312
 0.0551745 -0.0300883  0.0126312
 0.0551744 -0.0300882  0.0126313
0.0551742 -0.030088 0.0126313
 0.0551741 -0.0300879  0.0126314
 0.0551739 -0.0300878  0.0126314
 0.0551738 -0.0300877  0.0126315
 0.0551737 -0.0300876  0.0126315
 0.0551735 -0.0300875  0.0126316
 0.0551734 -0.0300873  0.0126317
 0.0551732 -0.0300872  0.0126317
 0.0551731 -0.0300871  0.0126318
 0.055173 -0.030087 0.0126318
 0.0551728 -0.0300869  0.0126319
 0.0551727 -0.0300868  0.0126319
 0.0551726 -0.0300867   0.012632
 0.0551724 -0.0300866   0.012632
 0.0551723 -0.0300865  0.0126321
 0.0551722 -0.0300864  0.0126322
 0.0551721 -0.0300863  0.0126322
 0.0551719 -0.0300862  0.0126323
 0.0551718 -0.0300861  0.0126323
0.0551717 -0.030086 0.0126324
 0.0551716 -0.0300859  0.0126324
 0.0551715 -0.0300858  0.0126325
 0.0551713 -0.0300857  0.0126325
 0.0551712 -0.0300856  0.0126326
 0.0551711 -0.0300855  0.0126326
  0.055171 -0.0300854  0.0126327
 0.0551709 -0.0300853  0.0126328
 0.0551708 -0.0300852  0.0126328
 0.0551707 -0.0300851  0.0126329
0.0551706 -0.030085 0.0126329
 0.0551705 -0.0300849   0.012633
 0.0551704 -0.0300848   0.012633
 0.0551702 -0.0300847  0.0126331
 0.0551701 -0.0300846  0.0126331
   0.05517 -0.0300845  0.0126332
 0.0551699 -0.0300844  0.0126333
 0.0551698 -0.0300844  0.0126333
 0.0551697 -0.0300843  0.0126334
 0.0551696 -0.0300842  0.0126334
 0.0551695 -0.0300841  0.0126335
0.0551694 -0.030084 0.0126335
 0.0551694 -0.0300839  0.0126336
 0.0551693 -0.0300839  0.0126336
 0.0551692 -0.0300838  0.0126337
 0.0551691 -0.0300837  0.0126337
  0.055169 -0.0300836  0.0126338
 0.0551689 -0.0300835  0.0126338
 0.0551688 -0.0300834  0.0126339
 0.0551687 -0.0300834   0.012634
 0.0551686 -0.0300833   0.012634
 0.0551685 -0.0300832  0.0126341
 0.0551685 -0.0300831  0.0126341
 0.0551684 -0.0300831  0.0126342
0.0551683 -0.030083 0.0126342
 0.0551682 -0.0300829  0.0126343
 0.0551681 -0.0300828  0.0126343
  0.055168 -0.0300828  0.0126344
  0.055168 -0.0300827  0.0126344
 0.0551679 -0.0300826  0.0126345
 0.0551678 -0.0300825  0.0126345
 0.0551677 -0.0300825  0.0126346
 0.0551677 -0.0300824  0.0126346
 0.0551676 -0.0300823  0.0126347
 0.0551675 -0.0300823  0.0126348
 0.0551674 -0.0300822  0.0126348
 0.0551674 -0.0300821  0.0126349
 0.0551673 -0.0300821  0.0126349
0.0551672 -0.030082  0.012635
 0.0551671 -0.0300819   0.012635
 0.0551671 -0.0300819  0.0126351
  0.055167 -0.0300818  0.0126351
 0.0551669 -0.0300817  0.0126352
 0.0551669 -0.0300817  0.0126352
 0.0551668 -0.0300816  0.0126353
 0.0551667 -0.0300815  0.0126353
 0.0551667 -0.0300815  0.0126354
 0.0551666 -0.0300814  0.0126354
 0.0551666 -0.0300813  0.0126355
 0.0551665 -0.0300813  0.0126355
 0.0551664 -0.0300812  0.0126356
 0.0551664 -0.0300812  0.0126356
 0.0551663 -0.0300811  0.0126357
0.0551662 -0.030081 0.0126357
0.0551662 -0.030081 0.0126358
 0.0551661 -0.0300809  0.0126358
 0.0551661 -0.0300809  0.0126359
  0.055166 -0.0300808  0.0126359
  0.055166 -0.0300808   0.012636
 0.0551659 -0.0300807   0.012636
 0.0551658 -0.0300806  0.0126361
 0.0551658 -0.0300806  0.0126361
 0.0551657 -0.0300805  0.0126362
 0.0551657 -0.0300805  0.0126362
 0.0551656 -0.0300804  0.0126363
 0.0551656 -0.0300804  0.0126363
 0.0551655 -0.0300803  0.0126364
 0.0551655 -0.0300803  0.0126364
 0.0551654 -0.0300802  0.0126365
 0.0551654 -0.0300802  0.0126365
 0.0551653 -0.0300801  0.0126366
 0.0551653 -0.0300801  0.0126366
0.0551652  -0.03008 0.0126367
0.0551652  -0.03008 0.0126367
 0.0551651 -0.0300799  0.0126368
 0.0551651 -0.0300799  0.0126368
 0.0551651 -0.0300798  0.0126369
  0.055165 -0.0300798  0.0126369
  0.055165 -0.0300797   0.012637
 0.0551649 -0.0300797   0.012637
 0.0551649 -0.0300796  0.0126371
 0.0551648 -0.0300796  0.0126371
 0.0551648 -0.0300795  0.0126372
 0.0551647 -0.0300795  0.0126372
 0.0551647 -0.0300794  0.0126373
 0.0551647 -0.0300794  0.0126373
 0.0551646 -0.0300794  0.0126374
 0.0551646 -0.0300793  0.0126374
 0.0551645 -0.0300793  0.0126374
 0.0551645 -0.0300792  0.0126375
 0.0551645 -0.0300792  0.0126375
 0.0551644 -0.0300791  0.0126376
 0.0551644 -0.0300791  0.0126376
0.0551644 -0.030079 0.0126377
0.0551643 -0.030079 0.0126377
0.0551643 -0.030079 0.0126378
 0.0551643 -0.0300789  0.0126378
 0.0551642 -0.0300789  0.0126379
 0.0551642 -0.0300788  0.0126379
 0.0551641 -0.0300788   0.012638
 0.0551641 -0.0300788   0.012638
 0.0551641 -0.0300787  0.0126381
 0.0551641 -0.0300787  0.0126381
  0.055164 -0.0300786  0.0126381
  0.055164 -0.0300786  0.0126382
  0.055164 -0.0300786  0.0126382
 0.0551639 -0.0300785  0.0126383
 0.0551639 -0.0300785  0.0126383
 0.0551639 -0.0300785  0.0126384
 0.0551638 -0.0300784  0.0126384
 0.0551638 -0.0300784  0.0126385
 0.0551638 -0.0300783  0.0126385
 0.0551637 -0.0300783  0.0126385
 0.0551637 -0.0300783  0.0126386
 0.0551637 -0.0300782  0.0126386
 0.0551637 -0.0300782  0.0126387
 0.0551636 -0.0300782  0.0126387
 0.0551636 -0.0300781  0.0126388
 0.0551636 -0.0300781  0.0126388
 0.0551636 -0.0300781  0.0126389
0.0551635 -0.030078 0.0126389
0.0551635 -0.030078 0.0126389
0.0551635 -0.030078  0.012639
 0.0551635 -0.0300779   0.012639
 0.0551634 -0.0300779  0.0126391
 0.0551634 -0.0300779  0.0126391
 0.0551634 -0.0300778  0.0126392
 0.0551634 -0.0300778  0.0126392
 0.0551633 -0.0300778  0.0126392
 0.0551633 -0.0300777  0.0126393
 0.0551633 -0.0300777  0.0126393
 0.0551633 -0.0300777  0.0126394
 0.0551633 -0.0300777  0.0126394
 0.0551632 -0.0300776  0.0126395
 0.0551632 -0.0300776  0.0126395
 0.0551632 -0.0300776  0.0126395
 0.0551632 -0.0300775  0.0126396
 0.0551631 -0.0300775  0.0126396
 0.0551631 -0.0300775  0.0126397
 0.0551631 -0.0300774  0.0126397
 0.0551631 -0.0300774  0.0126397
 0.0551631 -0.0300774  0.0126398
 0.0551631 -0.0300774  0.0126398
  0.055163 -0.0300773  0.0126399
  0.055163 -0.0300773  0.0126399
  0.055163 -0.0300773  0.0126399
  0.055163 -0.0300773    0.01264
  0.055163 -0.0300772    0.01264
 0.0551629 -0.0300772  0.0126401
 0.0551629 -0.0300772  0.0126401
 0.0551629 -0.0300771  0.0126401
 0.0551629 -0.0300771  0.0126402
 0.0551629 -0.0300771  0.0126402
 0.0551629 -0.0300771  0.0126403
0.0551628 -0.030077 0.0126403
0.0551628 -0.030077 0.0126403
0.0551628 -0.030077 0.0126404
0.0551628 -0.030077 0.0126404
 0.0551628 -0.0300769  0.0126405
 0.0551628 -0.0300769  0.0126405
 0.0551628 -0.0300769  0.0126405
 0.0551627 -0.0300769  0.0126406
 0.0551627 -0.0300768  0.0126406
 0.0551627 -0.0300768  0.0126407
 0.0551627 -0.0300768  0.0126407
 0.0551627 -0.0300768  0.0126407
 0.0551627 -0.0300768  0.0126408
 0.0551627 -0.0300767  0.0126408
 0.0551627 -0.0300767  0.0126408
 0.0551626 -0.0300767  0.0126409
 0.0551626 -0.0300767  0.0126409
 0.0551626 -0.0300766   0.012641
 0.0551626 -0.0300766   0.012641
 0.0551626 -0.0300766   0.012641
 0.0551626 -0.0300766  0.0126411
 0.0551626 -0.0300766  0.0126411
 0.0551626 -0.0300765  0.0126411
 0.0551626 -0.0300765  0.0126412
 0.0551625 -0.0300765  0.0126412
 0.0551625 -0.0300765  0.0126413
 0.0551625 -0.0300765  0.0126413
 0.0551625 -0.0300764  0.0126413
 0.0551625 -0.0300764  0.0126414
 0.0551625 -0.0300764  0.0126414
 0.0551625 -0.0300764  0.0126414
 0.0551625 -0.0300764  0.0126415
 0.0551625 -0.0300763  0.0126415
 0.0551625 -0.0300763  0.0126415
 0.0551625 -0.0300763  0.0126416
 0.0551624 -0.0300763  0.0126416
 0.0551624 -0.0300763  0.0126416
 0.0551624 -0.0300762  0.0126417
 0.0551624 -0.0300762  0.0126417
 0.0551624 -0.0300762  0.0126418
 0.0551624 -0.0300762  0.0126418
 0.0551624 -0.0300762  0.0126418
 0.0551624 -0.0300761  0.0126419
 0.0551624 -0.0300761  0.0126419
 0.0551624 -0.0300761  0.0126419
 0.0551624 -0.0300761   0.012642
 0.0551624 -0.0300761   0.012642
 0.0551624 -0.0300761   0.012642
0.0551623 -0.030076 0.0126421
0.0551623 -0.030076 0.0126421
0.0551623 -0.030076 0.0126421
0.0551623 -0.030076 0.0126422
0.0551623 -0.030076 0.0126422
0.0551623 -0.030076 0.0126422
 0.0551623 -0.0300759  0.0126423
 0.0551623 -0.0300759  0.0126423
 0.0551623 -0.0300759  0.0126423
 0.0551623 -0.0300759  0.0126424
 0.0551623 -0.0300759  0.0126424
 0.0551623 -0.0300759  0.0126424
 0.0551623 -0.0300758  0.0126425
 0.0551623 -0.0300758  0.0126425
 0.0551623 -0.0300758  0.0126425
 0.0551623 -0.0300758  0.0126426
 0.0551623 -0.0300758  0.0126426
 0.0551623 -0.0300758  0.0126426
 0.0551623 -0.0300757  0.0126427
 0.0551622 -0.0300757  0.0126427
 0.0551622 -0.0300757  0.0126427
 0.0551622 -0.0300757  0.0126427
 0.0551622 -0.0300757  0.0126428
 0.0551622 -0.0300757  0.0126428
 0.0551622 -0.0300757  0.0126428
 0.0551622 -0.0300756  0.0126429
 0.0551622 -0.0300756  0.0126429
 0.0551622 -0.0300756  0.0126429
 0.0551622 -0.0300756   0.012643
 0.0551622 -0.0300756   0.012643
 0.0551622 -0.0300756   0.012643
 0.0551622 -0.0300756  0.0126431
 0.0551622 -0.0300755  0.0126431
 0.0551622 -0.0300755  0.0126431
 0.0551622 -0.0300755  0.0126431
 0.0551622 -0.0300755  0.0126432
 0.0551622 -0.0300755  0.0126432
 0.0551622 -0.0300755  0.0126432
 0.0551622 -0.0300755  0.0126433
 0.0551622 -0.0300755  0.0126433
 0.0551622 -0.0300754  0.0126433
 0.0551622 -0.0300754  0.0126434
 0.0551622 -0.0300754  0.0126434
 0.0551622 -0.0300754  0.0126434
 0.0551622 -0.0300754  0.0126434
 0.0551622 -0.0300754  0.0126435
 0.0551622 -0.0300754  0.0126435
 0.0551622 -0.0300754  0.0126435
 0.0551622 -0.0300753  0.0126436
 0.0551622 -0.0300753  0.0126436
 0.0551622 -0.0300753  0.0126436
 0.0551622 -0.0300753  0.0126436
 0.0551622 -0.0300753  0.0126437
 0.0551622 -0.0300753  0.0126437
 0.0551622 -0.0300753  0.0126437
 0.0551622 -0.0300753  0.0126438
 0.0551622 -0.0300753  0.0126438
 0.0551622 -0.0300752  0.0126438
 0.0551622 -0.0300752  0.0126438
 0.0551622 -0.0300752  0.0126439
 0.0551622 -0.0300752  0.0126439
 0.0551622 -0.0300752  0.0126439
 0.0551622 -0.0300752  0.0126439
 0.0551622 -0.0300752   0.012644
 0.0551622 -0.0300752   0.012644
 0.0551622 -0.0300752   0.012644
 0.0551622 -0.0300751  0.0126441
 0.0551622 -0.0300751  0.0126441
 0.0551622 -0.0300751  0.0126441
 0.0551622 -0.0300751  0.0126441
 0.0551622 -0.0300751  0.0126442
 0.0551622 -0.0300751  0.0126442
 0.0551622 -0.0300751  0.0126442
 0.0551622 -0.0300751  0.0126442
 0.0551622 -0.0300751  0.0126443
 0.0551622 -0.0300751  0.0126443
0.0551622 -0.030075 0.0126443
0.0551622 -0.030075 0.0126443
0.0551622 -0.030075 0.0126444
0.0551622 -0.030075 0.0126444
0.0551622 -0.030075 0.0126444
0.0551622 -0.030075 0.0126444
0.0551622 -0.030075 0.0126445
0.0551622 -0.030075 0.0126445
0.0551622 -0.030075 0.0126445
0.0551622 -0.030075 0.0126445
0.0551622 -0.030075 0.0126446
 0.0551622 -0.0300749  0.0126446
 0.0551622 -0.0300749  0.0126446
 0.0551622 -0.0300749  0.0126446
 0.0551622 -0.0300749  0.0126447
 0.0551622 -0.0300749  0.0126447
 0.0551622 -0.0300749  0.0126447
 0.0551622 -0.0300749  0.0126447
 0.0551622 -0.0300749  0.0126448
 0.0551622 -0.0300749  0.0126448
 0.0551622 -0.0300749  0.0126448
 0.0551622 -0.0300749  0.0126448
 0.0551622 -0.0300748  0.0126449
 0.0551622 -0.0300748  0.0126449
 0.0551622 -0.0300748  0.0126449
 0.0551622 -0.0300748  0.0126449
 0.0551622 -0.0300748   0.012645
 0.0551622 -0.0300748   0.012645
 0.0551622 -0.0300748   0.012645
 0.0551622 -0.0300748   0.012645
 0.0551622 -0.0300748   0.012645
 0.0551622 -0.0300748  0.0126451
 0.0551622 -0.0300748  0.0126451
 0.0551622 -0.0300748  0.0126451
 0.0551622 -0.0300747  0.0126451
 0.0551622 -0.0300747  0.0126452
 0.0551622 -0.0300747  0.0126452
 0.0551622 -0.0300747  0.0126452
 0.0551622 -0.0300747  0.0126452
 0.0551622 -0.0300747  0.0126453
 0.0551622 -0.0300747  0.0126453
 0.0551622 -0.0300747  0.0126453
 0.0551622 -0.0300747  0.0126453
 0.0551622 -0.0300747  0.0126453
 0.0551622 -0.0300747  0.0126454
 0.0551622 -0.0300747  0.0126454
 0.0551622 -0.0300747  0.0126454
 0.0551622 -0.0300747  0.0126454
 0.0551622 -0.0300746  0.0126454
 0.0551622 -0.0300746  0.0126455
 0.0551622 -0.0300746  0.0126455
 0.0551622 -0.0300746  0.0126455
 0.0551622 -0.0300746  0.0126455
 0.0551622 -0.0300746  0.0126456
 0.0551622 -0.0300746  0.0126456
 0.0551622 -0.0300746  0.0126456
 0.0551622 -0.0300746  0.0126456
 0.0551622 -0.0300746  0.0126456
 0.0551622 -0.0300746  0.0126457
 0.0551622 -0.0300746  0.0126457
 0.0551622 -0.0300746  0.0126457
 0.0551622 -0.0300746  0.0126457
 0.0551622 -0.0300745  0.0126457
 0.0551622 -0.0300745  0.0126458
 0.0551622 -0.0300745  0.0126458
 0.0551622 -0.0300745  0.0126458
 0.0551622 -0.0300745  0.0126458
 0.0551623 -0.0300745  0.0126458
 0.0551623 -0.0300745  0.0126459
 0.0551623 -0.0300745  0.0126459
 0.0551623 -0.0300745  0.0126459
 0.0551623 -0.0300745  0.0126459
 0.0551623 -0.0300745  0.0126459
 0.0551623 -0.0300745   0.012646
 0.0551623 -0.0300745   0.012646
 0.0551623 -0.0300745   0.012646
 0.0551623 -0.0300745   0.012646
 0.0551623 -0.0300745   0.012646
 0.0551623 -0.0300744  0.0126461
 0.0551623 -0.0300744  0.0126461
 0.0551623 -0.0300744  0.0126461
 0.0551623 -0.0300744  0.0126461
 0.0551623 -0.0300744  0.0126461
 0.0551623 -0.0300744  0.0126462
 0.0551623 -0.0300744  0.0126462
 0.0551623 -0.0300744  0.0126462
 0.0551623 -0.0300744  0.0126462
 0.0551623 -0.0300744  0.0126462
 0.0551623 -0.0300744  0.0126462
 0.0551623 -0.0300744  0.0126463
 0.0551623 -0.0300744  0.0126463
 0.0551623 -0.0300744  0.0126463
 0.0551623 -0.0300744  0.0126463
 0.0551623 -0.0300744  0.0126463
 0.0551623 -0.0300744  0.0126464
 0.0551623 -0.0300743  0.0126464
 0.0551623 -0.0300743  0.0126464
 0.0551623 -0.0300743  0.0126464
 0.0551623 -0.0300743  0.0126464
 0.0551623 -0.0300743  0.0126464
 0.0551623 -0.0300743  0.0126465
 0.0551623 -0.0300743  0.0126465
 0.0551623 -0.0300743  0.0126465
 0.0551623 -0.0300743  0.0126465
 0.0551623 -0.0300743  0.0126465
 0.0551623 -0.0300743  0.0126465
 0.0551623 -0.0300743  0.0126466
 0.0551623 -0.0300743  0.0126466
 0.0551623 -0.0300743  0.0126466
 0.0551623 -0.0300743  0.0126466
 0.0551623 -0.0300743  0.0126466
 0.0551623 -0.0300743  0.0126466
 0.0551623 -0.0300743  0.0126467
 0.0551623 -0.0300743  0.0126467
 0.0551624 -0.0300742  0.0126467
 0.0551624 -0.0300742  0.0126467
 0.0551624 -0.0300742  0.0126467
 0.0551624 -0.0300742  0.0126467
 0.0551624 -0.0300742  0.0126468
 0.0551624 -0.0300742  0.0126468
 0.0551624 -0.0300742  0.0126468
 0.0551624 -0.0300742  0.0126468
 0.0551624 -0.0300742  0.0126468
 0.0551624 -0.0300742  0.0126468
 0.0551624 -0.0300742  0.0126469
 0.0551624 -0.0300742  0.0126469
 0.0551624 -0.0300742  0.0126469
 0.0551624 -0.0300742  0.0126469
 0.0551624 -0.0300742  0.0126469
 0.0551624 -0.0300742  0.0126469
 0.0551624 -0.0300742  0.0126469
 0.0551624 -0.0300742   0.012647
 0.0551624 -0.0300742   0.012647
 0.0551624 -0.0300742   0.012647
 0.0551624 -0.0300742   0.012647
 0.0551624 -0.0300741   0.012647
