0.0995611  -0.04118 0.0106719
   0.11162 -0.0566377   0.011344
  0.119502 -0.0649763  0.0125252
  0.124679 -0.0692404  0.0138479
  0.128127 -0.0711692  0.0151448
   0.13047 -0.0717744   0.016345
  0.132101 -0.0716498  0.0174239
  0.133266 -0.0711446  0.0183796
  0.134121 -0.0704629  0.0192197
 0.134762 -0.069722  0.019956
  0.135253 -0.0689871  0.0206008
  0.135635 -0.0682928  0.0211658
  0.135936 -0.0676554  0.0216617
  0.136174 -0.0670807  0.0220976
  0.136363 -0.0665684  0.0224815
  0.136513 -0.0661151  0.0228202
  0.136631 -0.0657161  0.0231196
  0.136723 -0.0653659  0.0233845
 0.136793 -0.065059 0.0236192
  0.136844 -0.0647904  0.0238275
  0.136881 -0.0645551  0.0240124
 0.136905 -0.064349 0.0241768
  0.136918 -0.0641682  0.0243229
  0.136923 -0.0640095  0.0244529
   0.13692 -0.0638697  0.0245687
  0.136911 -0.0637465  0.0246717
  0.136897 -0.0636375  0.0247635
  0.136879 -0.0635409  0.0248453
 0.136858 -0.063455 0.0249181
  0.136833 -0.0633783   0.024983
  0.136807 -0.0633097  0.0250408
  0.136779 -0.0632479  0.0250923
  0.136749 -0.0631922  0.0251382
  0.136719 -0.0631417   0.025179
  0.136687 -0.0630958  0.0252154
  0.136656 -0.0630538  0.0252477
  0.136623 -0.0630152  0.0252765
  0.136591 -0.0629796  0.0253021
  0.136559 -0.0629467  0.0253248
 0.136527 -0.062916  0.025345
  0.136495 -0.0628874  0.0253629
  0.136464 -0.0628605  0.0253787
  0.136432 -0.0628352  0.0253928
  0.136401 -0.0628113  0.0254052
  0.136371 -0.0627887  0.0254162
  0.136341 -0.0627671  0.0254259
  0.136312 -0.0627465  0.0254344
  0.136283 -0.0627268  0.0254419
  0.136254 -0.0627079  0.0254484
  0.136226 -0.0626898  0.0254542
  0.136199 -0.0626722  0.0254592
  0.136172 -0.0626553  0.0254636
 0.136146 -0.062639 0.0254674
   0.13612 -0.0626231  0.0254707
  0.136095 -0.0626077  0.0254735
   0.13607 -0.0625928  0.0254759
  0.136046 -0.0625783   0.025478
  0.136023 -0.0625641  0.0254797
     0.136 -0.0625503  0.0254812
  0.135977 -0.0625369  0.0254824
  0.135955 -0.0625238  0.0254834
 0.135933 -0.062511 0.0254842
  0.135912 -0.0624985  0.0254849
  0.135891 -0.0624862  0.0254854
  0.135871 -0.0624743  0.0254858
  0.135851 -0.0624626  0.0254861
  0.135832 -0.0624512  0.0254862
 0.135813  -0.06244 0.0254863
 0.135794 -0.062429 0.0254864
  0.135776 -0.0624183  0.0254864
  0.135758 -0.0624078  0.0254863
  0.135741 -0.0623975  0.0254862
  0.135724 -0.0623874  0.0254861
  0.135707 -0.0623776   0.025486
  0.135691 -0.0623679  0.0254858
  0.135675 -0.0623584  0.0254856
   0.13566 -0.0623491  0.0254855
 0.135644  -0.06234 0.0254853
  0.135629 -0.0623311  0.0254851
  0.135615 -0.0623224  0.0254849
  0.135601 -0.0623138  0.0254848
  0.135587 -0.0623054  0.0254846
  0.135573 -0.0622972  0.0254845
   0.13556 -0.0622891  0.0254844
  0.135547 -0.0622812  0.0254843
  0.135534 -0.0622734  0.0254842
  0.135521 -0.0622658  0.0254841
  0.135509 -0.0622584  0.0254841
  0.135497 -0.0622511   0.025484
  0.135486 -0.0622439   0.025484
  0.135474 -0.0622369  0.0254841
 0.135463  -0.06223 0.0254841
  0.135452 -0.0622233  0.0254842
  0.135441 -0.0622167  0.0254842
  0.135431 -0.0622102  0.0254843
  0.135421 -0.0622038  0.0254845
  0.135411 -0.0621976  0.0254846
  0.135401 -0.0621915  0.0254848
  0.135392 -0.0621855   0.025485
  0.135382 -0.0621796  0.0254852
  0.135373 -0.0621739  0.0254854
  0.135364 -0.0621682  0.0254857
  0.135355 -0.0621627   0.025486
  0.135347 -0.0621573  0.0254863
  0.135338 -0.0621519  0.0254866
   0.13533 -0.0621467  0.0254869
  0.135322 -0.0621416  0.0254873
  0.135314 -0.0621366  0.0254877
  0.135307 -0.0621317  0.0254881
  0.135299 -0.0621269  0.0254885
  0.135292 -0.0621221  0.0254889
  0.135285 -0.0621175  0.0254894
 0.135278 -0.062113 0.0254899
  0.135271 -0.0621085  0.0254903
  0.135264 -0.0621041  0.0254908
  0.135258 -0.0620999  0.0254913
  0.135252 -0.0620957  0.0254919
  0.135245 -0.0620916  0.0254924
  0.135239 -0.0620875   0.025493
  0.135233 -0.0620836  0.0254936
  0.135227 -0.0620797  0.0254941
  0.135222 -0.0620759  0.0254947
  0.135216 -0.0620722  0.0254953
  0.135211 -0.0620685   0.025496
  0.135205 -0.0620649  0.0254966
    0.1352 -0.0620614  0.0254972
 0.135195 -0.062058 0.0254979
   0.13519 -0.0620546  0.0254986
  0.135185 -0.0620513  0.0254992
 0.135181 -0.062048 0.0254999
  0.135176 -0.0620448  0.0255006
  0.135171 -0.0620417  0.0255013
  0.135167 -0.0620387   0.025502
  0.135163 -0.0620357  0.0255028
  0.135159 -0.0620327  0.0255035
  0.135154 -0.0620298  0.0255042
  0.13515 -0.062027  0.025505
  0.135147 -0.0620242  0.0255057
  0.135143 -0.0620215  0.0255065
  0.135139 -0.0620188  0.0255072
  0.135135 -0.0620162   0.025508
  0.135132 -0.0620137  0.0255087
  0.135128 -0.0620111  0.0255095
  0.135125 -0.0620087  0.0255103
  0.135122 -0.0620063  0.0255111
  0.135118 -0.0620039  0.0255119
  0.135115 -0.0620016  0.0255127
  0.135112 -0.0619993  0.0255135
  0.135109 -0.0619971  0.0255143
  0.135106 -0.0619949  0.0255151
  0.135103 -0.0619927  0.0255159
    0.1351 -0.0619906  0.0255167
  0.135098 -0.0619885  0.0255175
  0.135095 -0.0619865  0.0255183
  0.135092 -0.0619845  0.0255191
   0.13509 -0.0619826  0.0255199
  0.135087 -0.0619807  0.0255208
  0.135085 -0.0619788  0.0255216
 0.135083 -0.061977 0.0255224
   0.13508 -0.0619752  0.0255232
  0.135078 -0.0619734   0.025524
  0.135076 -0.0619717  0.0255249
 0.135074  -0.06197 0.0255257
  0.135072 -0.0619683  0.0255265
   0.13507 -0.0619667  0.0255274
  0.135068 -0.0619651  0.0255282
  0.135066 -0.0619635   0.025529
 0.135064 -0.061962 0.0255298
  0.135062 -0.0619605  0.0255307
  0.13506 -0.061959 0.0255315
  0.135059 -0.0619575  0.0255323
  0.135057 -0.0619561  0.0255331
  0.135055 -0.0619547  0.0255339
  0.135054 -0.0619534  0.0255348
 0.135052 -0.061952 0.0255356
   0.13505 -0.0619507  0.0255364
  0.135049 -0.0619494  0.0255372
  0.135048 -0.0619481   0.025538
  0.135046 -0.0619469  0.0255389
  0.135045 -0.0619457  0.0255397
  0.135043 -0.0619445  0.0255405
  0.135042 -0.0619433  0.0255413
  0.135041 -0.0619422  0.0255421
   0.13504 -0.0619411  0.0255429
 0.135038  -0.06194 0.0255437
  0.135037 -0.0619389  0.0255445
  0.135036 -0.0619378  0.0255453
  0.135035 -0.0619368  0.0255461
  0.135034 -0.0619357  0.0255469
  0.135033 -0.0619347  0.0255477
  0.135032 -0.0619338  0.0255485
  0.135031 -0.0619328  0.0255492
   0.13503 -0.0619319    0.02555
  0.135029 -0.0619309  0.0255508
 0.135028  -0.06193 0.0255516
  0.135027 -0.0619291  0.0255523
  0.135026 -0.0619283  0.0255531
  0.135026 -0.0619274  0.0255539
  0.135025 -0.0619266  0.0255546
  0.135024 -0.0619258  0.0255554
  0.135023 -0.0619249  0.0255562
  0.135023 -0.0619242  0.0255569
  0.135022 -0.0619234  0.0255577
  0.135021 -0.0619226  0.0255584
  0.135021 -0.0619219  0.0255591
   0.13502 -0.0619211  0.0255599
  0.135019 -0.0619204  0.0255606
  0.135019 -0.0619197  0.0255614
 0.135018 -0.061919 0.0255621
  0.135017 -0.0619183  0.0255628
  0.135017 -0.0619177  0.0255635
 0.135016 -0.061917 0.0255642
  0.135016 -0.0619164   0.025565
  0.135015 -0.0619158  0.0255657
  0.135015 -0.0619152  0.0255664
  0.135014 -0.0619145  0.0255671
 0.135014 -0.061914 0.0255678
  0.135014 -0.0619134  0.0255685
  0.135013 -0.0619128  0.0255692
  0.135013 -0.0619123  0.0255698
  0.135012 -0.0619117  0.0255705
  0.135012 -0.0619112  0.0255712
  0.135012 -0.0619106  0.0255719
  0.135011 -0.0619101  0.0255725
  0.135011 -0.0619096  0.0255732
  0.135011 -0.0619091  0.0255739
   0.13501 -0.0619086  0.0255745
   0.13501 -0.0619082  0.0255752
   0.13501 -0.0619077  0.0255758
  0.135009 -0.0619072  0.0255765
  0.135009 -0.0619068  0.0255771
  0.135009 -0.0619063  0.0255778
  0.135009 -0.0619059  0.0255784
  0.135008 -0.0619055   0.025579
  0.135008 -0.0619051  0.0255797
  0.135008 -0.0619047  0.0255803
  0.135008 -0.0619042  0.0255809
  0.135008 -0.0619039  0.0255815
  0.135007 -0.0619035  0.0255821
  0.135007 -0.0619031  0.0255827
  0.135007 -0.0619027  0.0255833
  0.135007 -0.0619024  0.0255839
 0.135007 -0.061902 0.0255845
  0.135007 -0.0619016  0.0255851
  0.135007 -0.0619013  0.0255857
 0.135006 -0.061901 0.0255863
  0.135006 -0.0619006  0.0255869
  0.135006 -0.0619003  0.0255874
0.135006  -0.0619 0.025588
  0.135006 -0.0618997  0.0255886
  0.135006 -0.0618994  0.0255891
  0.135006 -0.0618991  0.0255897
  0.135006 -0.0618988  0.0255902
  0.135006 -0.0618985  0.0255908
  0.135006 -0.0618982  0.0255913
  0.135006 -0.0618979  0.0255919
  0.135005 -0.0618976  0.0255924
  0.135005 -0.0618974  0.0255929
  0.135005 -0.0618971  0.0255935
  0.135005 -0.0618969   0.025594
  0.135005 -0.0618966  0.0255945
  0.135005 -0.0618964   0.025595
  0.135005 -0.0618961  0.0255956
  0.135005 -0.0618959  0.0255961
  0.135005 -0.0618956  0.0255966
  0.135005 -0.0618954  0.0255971
  0.135005 -0.0618952  0.0255976
 0.135005 -0.061895 0.0255981
  0.135005 -0.0618947  0.0255986
  0.135005 -0.0618945   0.025599
  0.135005 -0.0618943  0.0255995
  0.135005 -0.0618941     0.0256
  0.135005 -0.0618939  0.0256005
  0.135005 -0.0618937   0.025601
  0.135005 -0.0618935  0.0256014
  0.135005 -0.0618933  0.0256019
  0.135005 -0.0618931  0.0256024
 0.135005 -0.061893 0.0256028
  0.135005 -0.0618928  0.0256033
  0.135005 -0.0618926  0.0256037
  0.135006 -0.0618924  0.0256042
  0.135006 -0.0618923  0.0256046
  0.135006 -0.0618921  0.0256051
  0.135006 -0.0618919  0.0256055
  0.135006 -0.0618918  0.0256059
  0.135006 -0.0618916  0.0256064
  0.135006 -0.0618914  0.0256068
  0.135006 -0.0618913  0.0256072
  0.135006 -0.0618911  0.0256076
 0.135006 -0.061891  0.025608
  0.135006 -0.0618909  0.0256085
  0.135006 -0.0618907  0.0256089
  0.135006 -0.0618906  0.0256093
  0.135006 -0.0618904  0.0256097
  0.135006 -0.0618903  0.0256101
  0.135006 -0.0618902  0.0256105
 0.135007  -0.06189 0.0256109
  0.135007 -0.0618899  0.0256113
  0.135007 -0.0618898  0.0256116
  0.135007 -0.0618897   0.025612
  0.135007 -0.0618896  0.0256124
  0.135007 -0.0618894  0.0256128
  0.135007 -0.0618893  0.0256132
  0.135007 -0.0618892  0.0256135
  0.135007 -0.0618891  0.0256139
 0.135007 -0.061889 0.0256143
  0.135007 -0.0618889  0.0256146
  0.135007 -0.0618888   0.025615
  0.135008 -0.0618887  0.0256153
  0.135008 -0.0618886  0.0256157
  0.135008 -0.0618885   0.025616
  0.135008 -0.0618884  0.0256164
  0.135008 -0.0618883  0.0256167
  0.135008 -0.0618882  0.0256171
  0.135008 -0.0618881  0.0256174
 0.135008 -0.061888 0.0256177
  0.135008 -0.0618879  0.0256181
  0.135008 -0.0618878  0.0256184
  0.135008 -0.0618877  0.0256187
  0.135009 -0.0618877   0.025619
  0.135009 -0.0618876  0.0256194
  0.135009 -0.0618875  0.0256197
  0.135009 -0.0618874    0.02562
  0.135009 -0.0618873  0.0256203
  0.135009 -0.0618873  0.0256206
  0.135009 -0.0618872  0.0256209
  0.135009 -0.0618871  0.0256212
 0.135009 -0.061887 0.0256215
 0.135009 -0.061887 0.0256218
  0.135009 -0.0618869  0.0256221
   0.13501 -0.0618868  0.0256224
   0.13501 -0.0618867  0.0256227
   0.13501 -0.0618867   0.025623
   0.13501 -0.0618866  0.0256233
   0.13501 -0.0618865  0.0256236
   0.13501 -0.0618865  0.0256238
   0.13501 -0.0618864  0.0256241
   0.13501 -0.0618864  0.0256244
   0.13501 -0.0618863  0.0256247
   0.13501 -0.0618862  0.0256249
  0.135011 -0.0618862  0.0256252
  0.135011 -0.0618861  0.0256255
  0.135011 -0.0618861  0.0256257
 0.135011 -0.061886  0.025626
 0.135011 -0.061886 0.0256263
  0.135011 -0.0618859  0.0256265
  0.135011 -0.0618858  0.0256268
  0.135011 -0.0618858   0.025627
  0.135011 -0.0618857  0.0256273
  0.135011 -0.0618857  0.0256275
  0.135012 -0.0618856  0.0256278
  0.135012 -0.0618856   0.025628
  0.135012 -0.0618855  0.0256282
  0.135012 -0.0618855  0.0256285
  0.135012 -0.0618855  0.0256287
  0.135012 -0.0618854   0.025629
  0.135012 -0.0618854  0.0256292
  0.135012 -0.0618853  0.0256294
  0.135012 -0.0618853  0.0256296
  0.135012 -0.0618852  0.0256299
  0.135012 -0.0618852  0.0256301
  0.135013 -0.0618852  0.0256303
  0.135013 -0.0618851  0.0256305
  0.135013 -0.0618851  0.0256307
 0.135013 -0.061885  0.025631
 0.135013 -0.061885 0.0256312
 0.135013 -0.061885 0.0256314
  0.135013 -0.0618849  0.0256316
  0.135013 -0.0618849  0.0256318
  0.135013 -0.0618848   0.025632
  0.135013 -0.0618848  0.0256322
  0.135013 -0.0618848  0.0256324
  0.135014 -0.0618847  0.0256326
  0.135014 -0.0618847  0.0256328
  0.135014 -0.0618847   0.025633
  0.135014 -0.0618846  0.0256332
  0.135014 -0.0618846  0.0256334
  0.135014 -0.0618846  0.0256336
  0.135014 -0.0618845  0.0256338
  0.135014 -0.0618845   0.025634
  0.135014 -0.0618845  0.0256342
  0.135014 -0.0618844  0.0256343
  0.135014 -0.0618844  0.0256345
  0.135015 -0.0618844  0.0256347
  0.135015 -0.0618844  0.0256349
  0.135015 -0.0618843  0.0256351
  0.135015 -0.0618843  0.0256352
  0.135015 -0.0618843  0.0256354
  0.135015 -0.0618842  0.0256356
  0.135015 -0.0618842  0.0256357
  0.135015 -0.0618842  0.0256359
  0.135015 -0.0618842  0.0256361
  0.135015 -0.0618841  0.0256362
  0.135015 -0.0618841  0.0256364
  0.135015 -0.0618841  0.0256366
  0.135015 -0.0618841  0.0256367
 0.135016 -0.061884 0.0256369
 0.135016 -0.061884 0.0256371
 0.135016 -0.061884 0.0256372
 0.135016 -0.061884 0.0256374
  0.135016 -0.0618839  0.0256375
  0.135016 -0.0618839  0.0256377
  0.135016 -0.0618839  0.0256378
  0.135016 -0.0618839   0.025638
  0.135016 -0.0618839  0.0256381
  0.135016 -0.0618838  0.0256383
  0.135016 -0.0618838  0.0256384
  0.135016 -0.0618838  0.0256386
  0.135016 -0.0618838  0.0256387
  0.135016 -0.0618838  0.0256388
  0.135017 -0.0618837   0.025639
  0.135017 -0.0618837  0.0256391
  0.135017 -0.0618837  0.0256392
  0.135017 -0.0618837  0.0256394
  0.135017 -0.0618837  0.0256395
  0.135017 -0.0618836  0.0256397
  0.135017 -0.0618836  0.0256398
  0.135017 -0.0618836  0.0256399
  0.135017 -0.0618836    0.02564
  0.135017 -0.0618836  0.0256402
  0.135017 -0.0618835  0.0256403
  0.135017 -0.0618835  0.0256404
  0.135017 -0.0618835  0.0256405
  0.135017 -0.0618835  0.0256407
  0.135017 -0.0618835  0.0256408
  0.135017 -0.0618835  0.0256409
  0.135018 -0.0618834   0.025641
  0.135018 -0.0618834  0.0256411
  0.135018 -0.0618834  0.0256413
  0.135018 -0.0618834  0.0256414
  0.135018 -0.0618834  0.0256415
  0.135018 -0.0618834  0.0256416
  0.135018 -0.0618833  0.0256417
  0.135018 -0.0618833  0.0256418
  0.135018 -0.0618833  0.0256419
  0.135018 -0.0618833  0.0256421
  0.135018 -0.0618833  0.0256422
  0.135018 -0.0618833  0.0256423
  0.135018 -0.0618832  0.0256424
  0.135018 -0.0618832  0.0256425
  0.135018 -0.0618832  0.0256426
  0.135018 -0.0618832  0.0256427
  0.135018 -0.0618832  0.0256428
  0.135018 -0.0618832  0.0256429
  0.135019 -0.0618832   0.025643
  0.135019 -0.0618831  0.0256431
  0.135019 -0.0618831  0.0256432
  0.135019 -0.0618831  0.0256433
  0.135019 -0.0618831  0.0256434
  0.135019 -0.0618831  0.0256435
  0.135019 -0.0618831  0.0256436
  0.135019 -0.0618831  0.0256437
  0.135019 -0.0618831  0.0256438
 0.135019 -0.061883 0.0256438
 0.135019 -0.061883 0.0256439
 0.135019 -0.061883  0.025644
 0.135019 -0.061883 0.0256441
 0.135019 -0.061883 0.0256442
 0.135019 -0.061883 0.0256443
 0.135019 -0.061883 0.0256444
 0.135019 -0.061883 0.0256445
  0.135019 -0.0618829  0.0256445
  0.135019 -0.0618829  0.0256446
  0.135019 -0.0618829  0.0256447
  0.135019 -0.0618829  0.0256448
  0.135019 -0.0618829  0.0256449
   0.13502 -0.0618829  0.0256449
   0.13502 -0.0618829   0.025645
   0.13502 -0.0618829  0.0256451
   0.13502 -0.0618828  0.0256452
   0.13502 -0.0618828  0.0256453
   0.13502 -0.0618828  0.0256453
   0.13502 -0.0618828  0.0256454
   0.13502 -0.0618828  0.0256455
   0.13502 -0.0618828  0.0256456
   0.13502 -0.0618828  0.0256456
   0.13502 -0.0618828  0.0256457
   0.13502 -0.0618828  0.0256458
   0.13502 -0.0618827  0.0256458
   0.13502 -0.0618827  0.0256459
   0.13502 -0.0618827   0.025646
   0.13502 -0.0618827  0.0256461
   0.13502 -0.0618827  0.0256461
   0.13502 -0.0618827  0.0256462
   0.13502 -0.0618827  0.0256463
   0.13502 -0.0618827  0.0256463
   0.13502 -0.0618827  0.0256464
   0.13502 -0.0618827  0.0256464
   0.13502 -0.0618826  0.0256465
   0.13502 -0.0618826  0.0256466
   0.13502 -0.0618826  0.0256466
   0.13502 -0.0618826  0.0256467
   0.13502 -0.0618826  0.0256468
   0.13502 -0.0618826  0.0256468
   0.13502 -0.0618826  0.0256469
   0.13502 -0.0618826  0.0256469
  0.135021 -0.0618826   0.025647
  0.135021 -0.0618826  0.0256471
  0.135021 -0.0618825  0.0256471
  0.135021 -0.0618825  0.0256472
  0.135021 -0.0618825  0.0256472
  0.135021 -0.0618825  0.0256473
  0.135021 -0.0618825  0.0256473
  0.135021 -0.0618825  0.0256474
  0.135021 -0.0618825  0.0256474
  0.135021 -0.0618825  0.0256475
  0.135021 -0.0618825  0.0256476
  0.135021 -0.0618825  0.0256476
  0.135021 -0.0618825  0.0256477
  0.135021 -0.0618824  0.0256477
  0.135021 -0.0618824  0.0256478
  0.135021 -0.0618824  0.0256478
  0.135021 -0.0618824  0.0256479
  0.135021 -0.0618824  0.0256479
  0.135021 -0.0618824   0.025648
  0.135021 -0.0618824   0.025648
  0.135021 -0.0618824  0.0256481
  0.135021 -0.0618824  0.0256481
  0.135021 -0.0618824  0.0256481
  0.135021 -0.0618824  0.0256482
  0.135021 -0.0618823  0.0256482
  0.135021 -0.0618823  0.0256483
  0.135021 -0.0618823  0.0256483
  0.135021 -0.0618823  0.0256484
  0.135021 -0.0618823  0.0256484
  0.135021 -0.0618823  0.0256485
  0.135021 -0.0618823  0.0256485
  0.135021 -0.0618823  0.0256485
  0.135021 -0.0618823  0.0256486
  0.135021 -0.0618823  0.0256486
  0.135021 -0.0618823  0.0256487
  0.135021 -0.0618822  0.0256487
  0.135021 -0.0618822  0.0256487
  0.135021 -0.0618822  0.0256488
  0.135021 -0.0618822  0.0256488
  0.135021 -0.0618822  0.0256489
  0.135021 -0.0618822  0.0256489
  0.135021 -0.0618822  0.0256489
  0.135021 -0.0618822   0.025649
  0.135021 -0.0618822   0.025649
  0.135021 -0.0618822   0.025649
  0.135021 -0.0618822  0.0256491
  0.135021 -0.0618822  0.0256491
  0.135021 -0.0618821  0.0256492
  0.135021 -0.0618821  0.0256492
  0.135021 -0.0618821  0.0256492
  0.135022 -0.0618821  0.0256493
  0.135022 -0.0618821  0.0256493
  0.135022 -0.0618821  0.0256493
  0.135022 -0.0618821  0.0256494
  0.135022 -0.0618821  0.0256494
  0.135022 -0.0618821  0.0256494
  0.135022 -0.0618821  0.0256495
  0.135022 -0.0618821  0.0256495
  0.135022 -0.0618821  0.0256495
  0.135022 -0.0618821  0.0256496
 0.135022 -0.061882 0.0256496
 0.135022 -0.061882 0.0256496
 0.135022 -0.061882 0.0256496
 0.135022 -0.061882 0.0256497
 0.135022 -0.061882 0.0256497
 0.135022 -0.061882 0.0256497
 0.135022 -0.061882 0.0256498
 0.135022 -0.061882 0.0256498
 0.135022 -0.061882 0.0256498
 0.135022 -0.061882 0.0256498
 0.135022 -0.061882 0.0256499
 0.135022 -0.061882 0.0256499
  0.135022 -0.0618819  0.0256499
  0.135022 -0.0618819  0.0256499
  0.135022 -0.0618819    0.02565
  0.135022 -0.0618819    0.02565
  0.135022 -0.0618819    0.02565
  0.135022 -0.0618819    0.02565
  0.135022 -0.0618819  0.0256501
  0.135022 -0.0618819  0.0256501
  0.135022 -0.0618819  0.0256501
  0.135022 -0.0618819  0.0256501
  0.135022 -0.0618819  0.0256502
  0.135022 -0.0618819  0.0256502
  0.135022 -0.0618819  0.0256502
  0.135022 -0.0618818  0.0256502
  0.135022 -0.0618818  0.0256503
  0.135022 -0.0618818  0.0256503
  0.135022 -0.0618818  0.0256503
  0.135022 -0.0618818  0.0256503
  0.135022 -0.0618818  0.0256503
  0.135022 -0.0618818  0.0256504
  0.135022 -0.0618818  0.0256504
  0.135022 -0.0618818  0.0256504
  0.135022 -0.0618818  0.0256504
  0.135022 -0.0618818  0.0256505
  0.135022 -0.0618818  0.0256505
  0.135022 -0.0618818  0.0256505
  0.135022 -0.0618817  0.0256505
  0.135022 -0.0618817  0.0256505
  0.135022 -0.0618817  0.0256505
  0.135022 -0.0618817  0.0256506
  0.135022 -0.0618817  0.0256506
  0.135022 -0.0618817  0.0256506
  0.135022 -0.0618817  0.0256506
  0.135022 -0.0618817  0.0256506
  0.135022 -0.0618817  0.0256507
  0.135022 -0.0618817  0.0256507
  0.135022 -0.0618817  0.0256507
  0.135022 -0.0618817  0.0256507
  0.135022 -0.0618817  0.0256507
  0.135022 -0.0618816  0.0256507
  0.135022 -0.0618816  0.0256508
  0.135022 -0.0618816  0.0256508
  0.135022 -0.0618816  0.0256508
  0.135022 -0.0618816  0.0256508
  0.135022 -0.0618816  0.0256508
  0.135022 -0.0618816  0.0256508
  0.135022 -0.0618816  0.0256508
  0.135022 -0.0618816  0.0256509
  0.135022 -0.0618816  0.0256509
  0.135022 -0.0618816  0.0256509
  0.135022 -0.0618816  0.0256509
  0.135022 -0.0618816  0.0256509
  0.135022 -0.0618815  0.0256509
  0.135022 -0.0618815  0.0256509
  0.135022 -0.0618815   0.025651
  0.135022 -0.0618815   0.025651
  0.135022 -0.0618815   0.025651
  0.135022 -0.0618815   0.025651
  0.135022 -0.0618815   0.025651
  0.135022 -0.0618815   0.025651
  0.135022 -0.0618815   0.025651
  0.135022 -0.0618815  0.0256511
  0.135022 -0.0618815  0.0256511
  0.135022 -0.0618815  0.0256511
  0.135022 -0.0618815  0.0256511
  0.135022 -0.0618815  0.0256511
  0.135022 -0.0618814  0.0256511
  0.135022 -0.0618814  0.0256511
  0.135022 -0.0618814  0.0256511
  0.135022 -0.0618814  0.0256511
  0.135022 -0.0618814  0.0256512
  0.135022 -0.0618814  0.0256512
  0.135022 -0.0618814  0.0256512
  0.135022 -0.0618814  0.0256512
  0.135022 -0.0618814  0.0256512
  0.135022 -0.0618814  0.0256512
  0.135022 -0.0618814  0.0256512
  0.135022 -0.0618814  0.0256512
  0.135022 -0.0618814  0.0256512
  0.135022 -0.0618813  0.0256512
  0.135022 -0.0618813  0.0256513
  0.135022 -0.0618813  0.0256513
  0.135022 -0.0618813  0.0256513
  0.135022 -0.0618813  0.0256513
  0.135022 -0.0618813  0.0256513
  0.135022 -0.0618813  0.0256513
  0.135022 -0.0618813  0.0256513
  0.135022 -0.0618813  0.0256513
  0.135022 -0.0618813  0.0256513
  0.135022 -0.0618813  0.0256513
  0.135022 -0.0618813  0.0256513
  0.135022 -0.0618813  0.0256513
  0.135022 -0.0618813  0.0256514
  0.135022 -0.0618812  0.0256514
  0.135022 -0.0618812  0.0256514
  0.135022 -0.0618812  0.0256514
  0.135022 -0.0618812  0.0256514
  0.135022 -0.0618812  0.0256514
  0.135022 -0.0618812  0.0256514
  0.135022 -0.0618812  0.0256514
  0.135022 -0.0618812  0.0256514
  0.135022 -0.0618812  0.0256514
  0.135022 -0.0618812  0.0256514
  0.135022 -0.0618812  0.0256514
  0.135022 -0.0618812  0.0256514
  0.135022 -0.0618812  0.0256514
  0.135022 -0.0618811  0.0256514
  0.135022 -0.0618811  0.0256515
  0.135022 -0.0618811  0.0256515
  0.135022 -0.0618811  0.0256515
  0.135022 -0.0618811  0.0256515
  0.135022 -0.0618811  0.0256515
  0.135022 -0.0618811  0.0256515
  0.135022 -0.0618811  0.0256515
  0.135022 -0.0618811  0.0256515
  0.135022 -0.0618811  0.0256515
  0.135022 -0.0618811  0.0256515
  0.135022 -0.0618811  0.0256515
  0.135022 -0.0618811  0.0256515
  0.135022 -0.0618811  0.0256515
 0.135022 -0.061881 0.0256515
 0.135022 -0.061881 0.0256515
 0.135022 -0.061881 0.0256515
 0.135022 -0.061881 0.0256515
 0.135022 -0.061881 0.0256515
 0.135022 -0.061881 0.0256515
 0.135022 -0.061881 0.0256515
 0.135022 -0.061881 0.0256515
 0.135022 -0.061881 0.0256515
 0.135022 -0.061881 0.0256516
 0.135022 -0.061881 0.0256516
 0.135022 -0.061881 0.0256516
 0.135022 -0.061881 0.0256516
  0.135022 -0.0618809  0.0256516
  0.135022 -0.0618809  0.0256516
  0.135022 -0.0618809  0.0256516
  0.135022 -0.0618809  0.0256516
  0.135022 -0.0618809  0.0256516
  0.135022 -0.0618809  0.0256516
  0.135022 -0.0618809  0.0256516
  0.135022 -0.0618809  0.0256516
  0.135022 -0.0618809  0.0256516
  0.135022 -0.0618809  0.0256516
  0.135022 -0.0618809  0.0256516
  0.135022 -0.0618809  0.0256516
  0.135022 -0.0618809  0.0256516
  0.135022 -0.0618809  0.0256516
  0.135021 -0.0618808  0.0256516
  0.135021 -0.0618808  0.0256516
  0.135021 -0.0618808  0.0256516
  0.135021 -0.0618808  0.0256516
  0.135021 -0.0618808  0.0256516
  0.135021 -0.0618808  0.0256516
  0.135021 -0.0618808  0.0256516
  0.135021 -0.0618808  0.0256516
  0.135021 -0.0618808  0.0256516
  0.135021 -0.0618808  0.0256516
  0.135021 -0.0618808  0.0256516
  0.135021 -0.0618808  0.0256516
  0.135021 -0.0618808  0.0256516
  0.135021 -0.0618808  0.0256516
  0.135021 -0.0618807  0.0256516
  0.135021 -0.0618807  0.0256516
  0.135021 -0.0618807  0.0256516
  0.135021 -0.0618807  0.0256516
  0.135021 -0.0618807  0.0256516
  0.135021 -0.0618807  0.0256516
  0.135021 -0.0618807  0.0256516
  0.135021 -0.0618807  0.0256516
  0.135021 -0.0618807  0.0256516
  0.135021 -0.0618807  0.0256516
  0.135021 -0.0618807  0.0256516
  0.135021 -0.0618807  0.0256516
  0.135021 -0.0618807  0.0256516
  0.135021 -0.0618806  0.0256516
  0.135021 -0.0618806  0.0256516
  0.135021 -0.0618806  0.0256516
  0.135021 -0.0618806  0.0256516
  0.135021 -0.0618806  0.0256516
  0.135021 -0.0618806  0.0256516
  0.135021 -0.0618806  0.0256516
  0.135021 -0.0618806  0.0256516
  0.135021 -0.0618806  0.0256516
  0.135021 -0.0618806  0.0256516
  0.135021 -0.0618806  0.0256516
  0.135021 -0.0618806  0.0256516
  0.135021 -0.0618806  0.0256516
  0.135021 -0.0618806  0.0256516
  0.135021 -0.0618805  0.0256516
  0.135021 -0.0618805  0.0256516
  0.135021 -0.0618805  0.0256516
  0.135021 -0.0618805  0.0256516
  0.135021 -0.0618805  0.0256516
  0.135021 -0.0618805  0.0256516
  0.135021 -0.0618805  0.0256516
  0.135021 -0.0618805  0.0256516
  0.135021 -0.0618805  0.0256516
  0.135021 -0.0618805  0.0256516
  0.135021 -0.0618805  0.0256516
  0.135021 -0.0618805  0.0256516
  0.135021 -0.0618805  0.0256516
  0.135021 -0.0618804  0.0256516
  0.135021 -0.0618804  0.0256516
  0.135021 -0.0618804  0.0256516
  0.135021 -0.0618804  0.0256516
  0.135021 -0.0618804  0.0256516
  0.135021 -0.0618804  0.0256516
  0.135021 -0.0618804  0.0256516
  0.135021 -0.0618804  0.0256516
  0.135021 -0.0618804  0.0256516
  0.135021 -0.0618804  0.0256516
  0.135021 -0.0618804  0.0256516
  0.135021 -0.0618804  0.0256516
  0.135021 -0.0618804  0.0256516
  0.135021 -0.0618804  0.0256516
  0.135021 -0.0618803  0.0256516
  0.135021 -0.0618803  0.0256516
  0.135021 -0.0618803  0.0256516
  0.135021 -0.0618803  0.0256516
  0.135021 -0.0618803  0.0256516
  0.135021 -0.0618803  0.0256516
  0.135021 -0.0618803  0.0256516
  0.135021 -0.0618803  0.0256516
  0.135021 -0.0618803  0.0256516
  0.135021 -0.0618803  0.0256516
  0.135021 -0.0618803  0.0256516
  0.135021 -0.0618803  0.0256516
  0.135021 -0.0618803  0.0256516
  0.135021 -0.0618802  0.0256516
  0.135021 -0.0618802  0.0256516
  0.135021 -0.0618802  0.0256516
  0.135021 -0.0618802  0.0256516
  0.135021 -0.0618802  0.0256516
  0.135021 -0.0618802  0.0256516
  0.135021 -0.0618802  0.0256516
  0.135021 -0.0618802  0.0256516
  0.135021 -0.0618802  0.0256516
  0.135021 -0.0618802  0.0256516
  0.135021 -0.0618802  0.0256516
  0.135021 -0.0618802  0.0256516
  0.135021 -0.0618802  0.0256516
  0.135021 -0.0618802  0.0256516
  0.135021 -0.0618801  0.0256515
  0.135021 -0.0618801  0.0256515
  0.135021 -0.0618801  0.0256515
  0.135021 -0.0618801  0.0256515
  0.135021 -0.0618801  0.0256515
  0.135021 -0.0618801  0.0256515
   0.13502 -0.0618801  0.0256515
   0.13502 -0.0618801  0.0256515
   0.13502 -0.0618801  0.0256515
   0.13502 -0.0618801  0.0256515
   0.13502 -0.0618801  0.0256515
   0.13502 -0.0618801  0.0256515
   0.13502 -0.0618801  0.0256515
   0.13502 -0.0618801  0.0256515
  0.13502  -0.06188 0.0256515
  0.13502  -0.06188 0.0256515
  0.13502  -0.06188 0.0256515
  0.13502  -0.06188 0.0256515
  0.13502  -0.06188 0.0256515
  0.13502  -0.06188 0.0256515
  0.13502  -0.06188 0.0256515
  0.13502  -0.06188 0.0256515
  0.13502  -0.06188 0.0256515
  0.13502  -0.06188 0.0256515
  0.13502  -0.06188 0.0256515
  0.13502  -0.06188 0.0256515
  0.13502  -0.06188 0.0256515
   0.13502 -0.0618799  0.0256515
   0.13502 -0.0618799  0.0256515
   0.13502 -0.0618799  0.0256515
   0.13502 -0.0618799  0.0256515
   0.13502 -0.0618799  0.0256515
   0.13502 -0.0618799  0.0256515
   0.13502 -0.0618799  0.0256515
   0.13502 -0.0618799  0.0256514
   0.13502 -0.0618799  0.0256514
   0.13502 -0.0618799  0.0256514
   0.13502 -0.0618799  0.0256514
   0.13502 -0.0618799  0.0256514
   0.13502 -0.0618799  0.0256514
   0.13502 -0.0618799  0.0256514
   0.13502 -0.0618798  0.0256514
   0.13502 -0.0618798  0.0256514
   0.13502 -0.0618798  0.0256514
   0.13502 -0.0618798  0.0256514
   0.13502 -0.0618798  0.0256514
   0.13502 -0.0618798  0.0256514
   0.13502 -0.0618798  0.0256514
   0.13502 -0.0618798  0.0256514
   0.13502 -0.0618798  0.0256514
   0.13502 -0.0618798  0.0256514
   0.13502 -0.0618798  0.0256514
   0.13502 -0.0618798  0.0256514
   0.13502 -0.0618798  0.0256514
   0.13502 -0.0618797  0.0256514
   0.13502 -0.0618797  0.0256514
   0.13502 -0.0618797  0.0256514
   0.13502 -0.0618797  0.0256514
   0.13502 -0.0618797  0.0256514
   0.13502 -0.0618797  0.0256514
   0.13502 -0.0618797  0.0256514
   0.13502 -0.0618797  0.0256513
   0.13502 -0.0618797  0.0256513
   0.13502 -0.0618797  0.0256513
   0.13502 -0.0618797  0.0256513
   0.13502 -0.0618797  0.0256513
   0.13502 -0.0618797  0.0256513
   0.13502 -0.0618797  0.0256513
   0.13502 -0.0618796  0.0256513
   0.13502 -0.0618796  0.0256513
   0.13502 -0.0618796  0.0256513
   0.13502 -0.0618796  0.0256513
   0.13502 -0.0618796  0.0256513
   0.13502 -0.0618796  0.0256513
   0.13502 -0.0618796  0.0256513
   0.13502 -0.0618796  0.0256513
   0.13502 -0.0618796  0.0256513
   0.13502 -0.0618796  0.0256513
   0.13502 -0.0618796  0.0256513
   0.13502 -0.0618796  0.0256513
   0.13502 -0.0618796  0.0256513
   0.13502 -0.0618795  0.0256513
   0.13502 -0.0618795  0.0256513
   0.13502 -0.0618795  0.0256513
   0.13502 -0.0618795  0.0256513
   0.13502 -0.0618795  0.0256512
   0.13502 -0.0618795  0.0256512
   0.13502 -0.0618795  0.0256512
   0.13502 -0.0618795  0.0256512
   0.13502 -0.0618795  0.0256512
  0.135019 -0.0618795  0.0256512
  0.135019 -0.0618795  0.0256512
  0.135019 -0.0618795  0.0256512
  0.135019 -0.0618795  0.0256512
  0.135019 -0.0618795  0.0256512
  0.135019 -0.0618794  0.0256512
  0.135019 -0.0618794  0.0256512
  0.135019 -0.0618794  0.0256512
  0.135019 -0.0618794  0.0256512
  0.135019 -0.0618794  0.0256512
  0.135019 -0.0618794  0.0256512
  0.135019 -0.0618794  0.0256512
  0.135019 -0.0618794  0.0256512
  0.135019 -0.0618794  0.0256512
  0.135019 -0.0618794  0.0256512
  0.135019 -0.0618794  0.0256512
  0.135019 -0.0618794  0.0256512
  0.135019 -0.0618794  0.0256512
  0.135019 -0.0618793  0.0256511
  0.135019 -0.0618793  0.0256511
  0.135019 -0.0618793  0.0256511
  0.135019 -0.0618793  0.0256511
  0.135019 -0.0618793  0.0256511
  0.135019 -0.0618793  0.0256511
  0.135019 -0.0618793  0.0256511
  0.135019 -0.0618793  0.0256511
  0.135019 -0.0618793  0.0256511
  0.135019 -0.0618793  0.0256511
  0.135019 -0.0618793  0.0256511
  0.135019 -0.0618793  0.0256511
  0.135019 -0.0618793  0.0256511
  0.135019 -0.0618793  0.0256511
  0.135019 -0.0618792  0.0256511
  0.135019 -0.0618792  0.0256511
  0.135019 -0.0618792  0.0256511
  0.135019 -0.0618792  0.0256511
  0.135019 -0.0618792  0.0256511
  0.135019 -0.0618792  0.0256511
  0.135019 -0.0618792  0.0256511
  0.135019 -0.0618792  0.0256511
  0.135019 -0.0618792   0.025651
  0.135019 -0.0618792   0.025651
  0.135019 -0.0618792   0.025651
  0.135019 -0.0618792   0.025651
  0.135019 -0.0618792   0.025651
  0.135019 -0.0618791   0.025651
  0.135019 -0.0618791   0.025651
  0.135019 -0.0618791   0.025651
  0.135019 -0.0618791   0.025651
  0.135019 -0.0618791   0.025651
  0.135019 -0.0618791   0.025651
  0.135019 -0.0618791   0.025651
  0.135019 -0.0618791   0.025651
  0.135019 -0.0618791   0.025651
  0.135019 -0.0618791   0.025651
  0.135019 -0.0618791   0.025651
  0.135019 -0.0618791   0.025651
  0.135019 -0.0618791   0.025651
  0.135019 -0.0618791   0.025651
 0.135019 -0.061879  0.025651
 0.135019 -0.061879  0.025651
 0.135019 -0.061879 0.0256509
 0.135019 -0.061879 0.0256509
 0.135019 -0.061879 0.0256509
 0.135019 -0.061879 0.0256509
 0.135019 -0.061879 0.0256509
 0.135019 -0.061879 0.0256509
 0.135019 -0.061879 0.0256509
 0.135019 -0.061879 0.0256509
 0.135019 -0.061879 0.0256509
 0.135019 -0.061879 0.0256509
 0.135019 -0.061879 0.0256509
  0.135019 -0.0618789  0.0256509
  0.135019 -0.0618789  0.0256509
  0.135019 -0.0618789  0.0256509
  0.135019 -0.0618789  0.0256509
  0.135019 -0.0618789  0.0256509
  0.135019 -0.0618789  0.0256509
  0.135018 -0.0618789  0.0256509
  0.135018 -0.0618789  0.0256509
  0.135018 -0.0618789  0.0256509
  0.135018 -0.0618789  0.0256508
  0.135018 -0.0618789  0.0256508
  0.135018 -0.0618789  0.0256508
  0.135018 -0.0618789  0.0256508
  0.135018 -0.0618788  0.0256508
  0.135018 -0.0618788  0.0256508
  0.135018 -0.0618788  0.0256508
  0.135018 -0.0618788  0.0256508
  0.135018 -0.0618788  0.0256508
  0.135018 -0.0618788  0.0256508
  0.135018 -0.0618788  0.0256508
  0.135018 -0.0618788  0.0256508
  0.135018 -0.0618788  0.0256508
  0.135018 -0.0618788  0.0256508
  0.135018 -0.0618788  0.0256508
  0.135018 -0.0618788  0.0256508
  0.135018 -0.0618788  0.0256508
  0.135018 -0.0618788  0.0256508
  0.135018 -0.0618787  0.0256508
