   0.0448187 -0.000739723    0.0242723
   0.0442436 -0.000774162    0.0268848
   0.0436743 -0.000690004    0.0282993
   0.0430419 -0.000556881     0.028909
   0.0423381 -0.000410712    0.0289893
   0.0415795 -0.000268863    0.0287309
   0.0407898 -0.000138766    0.0282647
    0.039992 -2.27424e-05    0.0276797
  0.0392052 7.93602e-05   0.0270359
  0.0384436 0.000168755   0.0263728
  0.0377173 0.000246998   0.0257163
 0.0370323 0.00031564  0.0250824
 0.0363921 0.00037608  0.0244807
  0.0357978 0.000429521   0.0239163
   0.035249 0.000476969   0.0233914
 0.0347442 0.00051926  0.0229062
 0.0342814 0.00055708  0.0224598
  0.0338581 0.000590999   0.0220505
  0.0334716 0.000621492   0.0216761
  0.0331192 0.000648957   0.0213342
  0.0327982 0.000673732   0.0210224
  0.0325059 0.000696107   0.0207384
  0.0322399 0.000716331   0.0204798
   0.031998 0.000734623   0.0202446
  0.0317779 0.000751174   0.0200305
  0.0315778 0.000766156   0.0198359
  0.0313957 0.000779718   0.0196588
  0.0312301 0.000791996   0.0194978
  0.0310793 0.000803111   0.0193514
  0.0309421 0.000813171   0.0192181
  0.0308172 0.000822276   0.0190969
  0.0307033 0.000830514   0.0189866
  0.0305996 0.000837966   0.0188862
  0.0305051 0.000844703   0.0187947
  0.0304188 0.000850792   0.0187114
  0.0303401 0.000856293   0.0186355
  0.0302682 0.000861259   0.0185663
  0.0302025 0.000865741   0.0185033
  0.0301424 0.000869782   0.0184457
  0.0300874 0.000873423   0.0183931
   0.030037 0.000876701   0.0183452
  0.0299908 0.000879649   0.0183013
  0.0299485 0.000882297   0.0182612
  0.0299095 0.000884674   0.0182245
  0.0298737 0.000886804   0.0181909
 0.0298408 0.00088871  0.0181601
  0.0298104 0.000890412   0.0181318
 0.0297824 0.00089193  0.0181059
 0.0297565 0.00089328   0.018082
  0.0297326 0.000894478   0.0180601
  0.0297104 0.000895537   0.0180399
  0.0296898 0.000896472   0.0180213
  0.0296706 0.000897292   0.0180041
  0.0296528 0.000898009   0.0179882
  0.0296361 0.000898632   0.0179735
 0.0296205 0.00089917  0.0179598
   0.029606 0.000899631   0.0179472
  0.0295923 0.000900022   0.0179354
  0.0295794 0.000900349   0.0179244
  0.0295673 0.000900619   0.0179141
  0.0295558 0.000900837   0.0179046
   0.029545 0.000901007   0.0178956
  0.0295347 0.000901134   0.0178872
   0.029525 0.000901223   0.0178792
  0.0295157 0.000901276   0.0178718
  0.0295068 0.000901297   0.0178647
  0.0294983 0.000901289    0.017858
  0.0294901 0.000901255   0.0178517
  0.0294823 0.000901197   0.0178457
  0.0294748 0.000901118   0.0178399
 0.0294675 0.00090102  0.0178345
  0.0294605 0.000900904   0.0178292
  0.0294537 0.000900772   0.0178242
  0.0294471 0.000900625   0.0178194
  0.0294407 0.000900466   0.0178147
  0.0294345 0.000900295   0.0178103
  0.0294284 0.000900114   0.0178059
  0.0294225 0.000899923   0.0178017
  0.0294167 0.000899723   0.0177977
   0.029411 0.000899516   0.0177937
  0.0294055 0.000899302   0.0177899
     0.0294 0.000899082   0.0177861
  0.0293947 0.000898856   0.0177824
  0.0293894 0.000898626   0.0177789
  0.0293842 0.000898391   0.0177754
  0.0293791 0.000898152   0.0177719
   0.029374 0.000897909   0.0177686
  0.0293691 0.000897663   0.0177652
  0.0293641 0.000897415    0.017762
  0.0293593 0.000897164   0.0177588
  0.0293545 0.000896911   0.0177556
  0.0293497 0.000896657   0.0177525
 0.029345 0.0008964 0.0177494
  0.0293403 0.000896143   0.0177464
  0.0293357 0.000895884   0.0177434
  0.0293311 0.000895624   0.0177404
  0.0293265 0.000895363   0.0177374
   0.029322 0.000895102   0.0177345
 0.0293175 0.00089484  0.0177316
  0.0293131 0.000894577   0.0177288
  0.0293086 0.000894314   0.0177259
  0.0293042 0.000894051   0.0177231
  0.0292999 0.000893788   0.0177203
  0.0292955 0.000893525   0.0177175
  0.0292912 0.000893262   0.0177148
  0.0292869 0.000892999    0.017712
  0.0292826 0.000892736   0.0177093
  0.0292784 0.000892474   0.0177066
  0.0292742 0.000892211   0.0177039
    0.02927 0.000891949   0.0177013
  0.0292658 0.000891688   0.0176986
  0.0292616 0.000891427   0.0176959
  0.0292575 0.000891166   0.0176933
  0.0292533 0.000890905   0.0176907
  0.0292492 0.000890646   0.0176881
  0.0292451 0.000890386   0.0176855
  0.0292411 0.000890127   0.0176829
   0.029237 0.000889869   0.0176804
   0.029233 0.000889611   0.0176778
   0.029229 0.000889354   0.0176752
   0.029225 0.000889098   0.0176727
   0.029221 0.000888842   0.0176702
   0.029217 0.000888586   0.0176677
  0.0292131 0.000888332   0.0176652
  0.0292091 0.000888077   0.0176627
  0.0292052 0.000887824   0.0176602
  0.0292013 0.000887571   0.0176577
  0.0291974 0.000887319   0.0176553
  0.0291935 0.000887068   0.0176528
  0.0291897 0.000886817   0.0176504
  0.0291858 0.000886567   0.0176479
   0.029182 0.000886317   0.0176455
  0.0291782 0.000886069   0.0176431
  0.0291744 0.000885821   0.0176407
  0.0291706 0.000885573   0.0176383
  0.0291668 0.000885327   0.0176359
 0.0291631 0.00088508  0.0176335
  0.0291593 0.000884835   0.0176312
 0.0291556 0.00088459  0.0176288
  0.0291519 0.000884346   0.0176265
  0.0291482 0.000884103   0.0176241
  0.0291445 0.000883861   0.0176218
  0.0291408 0.000883619   0.0176195
  0.0291371 0.000883377   0.0176171
  0.0291335 0.000883137   0.0176148
  0.0291299 0.000882897   0.0176125
  0.0291262 0.000882658   0.0176102
  0.0291226 0.000882419   0.0176079
   0.029119 0.000882181   0.0176057
  0.0291155 0.000881944   0.0176034
  0.0291119 0.000881708   0.0176011
  0.0291083 0.000881472   0.0175989
  0.0291048 0.000881237   0.0175967
  0.0291013 0.000881002   0.0175944
  0.0290978 0.000880769   0.0175922
  0.0290943 0.000880535     0.01759
  0.0290908 0.000880303   0.0175878
  0.0290873 0.000880071   0.0175856
 0.0290838 0.00087984  0.0175834
  0.0290804 0.000879609   0.0175812
 0.0290769 0.00087938   0.017579
 0.0290735 0.00087915  0.0175768
  0.0290701 0.000878922   0.0175747
  0.0290667 0.000878694   0.0175725
  0.0290633 0.000878467   0.0175704
 0.0290599 0.00087824  0.0175682
  0.0290566 0.000878014   0.0175661
  0.0290532 0.000877789    0.017564
  0.0290499 0.000877564   0.0175618
 0.0290465 0.00087734  0.0175597
  0.0290432 0.000877117   0.0175576
  0.0290399 0.000876894   0.0175555
  0.0290366 0.000876672   0.0175534
 0.0290334 0.00087645  0.0175514
 0.0290301 0.00087623  0.0175493
  0.0290268 0.000876009   0.0175472
 0.0290236 0.00087579  0.0175452
  0.0290204 0.000875571   0.0175431
  0.0290171 0.000875352   0.0175411
  0.0290139 0.000875135    0.017539
  0.0290107 0.000874917    0.017537
  0.0290075 0.000874701    0.017535
  0.0290044 0.000874485   0.0175329
 0.0290012 0.00087427  0.0175309
  0.0289981 0.000874055   0.0175289
  0.0289949 0.000873841   0.0175269
  0.0289918 0.000873627    0.017525
  0.0289887 0.000873414    0.017523
  0.0289856 0.000873202    0.017521
 0.0289825 0.00087299   0.017519
  0.0289794 0.000872779   0.0175171
  0.0289763 0.000872569   0.0175151
  0.0289732 0.000872359   0.0175132
 0.0289702 0.00087215  0.0175112
  0.0289671 0.000871941   0.0175093
  0.0289641 0.000871733   0.0175074
  0.0289611 0.000871525   0.0175054
  0.0289581 0.000871318   0.0175035
  0.0289551 0.000871112   0.0175016
  0.0289521 0.000870906   0.0174997
  0.0289491 0.000870701   0.0174978
  0.0289462 0.000870496   0.0174959
  0.0289432 0.000870292   0.0174941
  0.0289403 0.000870088   0.0174922
  0.0289373 0.000869885   0.0174903
  0.0289344 0.000869683   0.0174885
  0.0289315 0.000869481   0.0174866
 0.0289286 0.00086928  0.0174848
  0.0289257 0.000869079   0.0174829
  0.0289228 0.000868879   0.0174811
  0.0289199 0.000868679   0.0174792
 0.0289171 0.00086848  0.0174774
  0.0289142 0.000868281   0.0174756
  0.0289114 0.000868083   0.0174738
  0.0289086 0.000867886    0.017472
  0.0289057 0.000867689   0.0174702
  0.0289029 0.000867493   0.0174684
  0.0289001 0.000867297   0.0174666
  0.0288973 0.000867102   0.0174648
  0.0288946 0.000866907   0.0174631
  0.0288918 0.000866713   0.0174613
   0.028889 0.000866519   0.0174595
  0.0288863 0.000866326   0.0174578
  0.0288835 0.000866133    0.017456
  0.0288808 0.000865941   0.0174543
 0.0288781 0.00086575  0.0174526
  0.0288754 0.000865559   0.0174508
  0.0288727 0.000865368   0.0174491
    0.02887 0.000865178   0.0174474
  0.0288673 0.000864989   0.0174457
0.0288646 0.0008648  0.017444
  0.0288619 0.000864612   0.0174423
  0.0288593 0.000864424   0.0174406
  0.0288566 0.000864236   0.0174389
  0.028854 0.00086405  0.0174372
  0.0288514 0.000863863   0.0174355
  0.0288487 0.000863677   0.0174338
  0.0288461 0.000863492   0.0174322
  0.0288435 0.000863307   0.0174305
  0.0288409 0.000863123   0.0174288
  0.0288384 0.000862939   0.0174272
  0.0288358 0.000862756   0.0174256
  0.0288332 0.000862573   0.0174239
  0.0288307 0.000862391   0.0174223
  0.0288281 0.000862209   0.0174207
  0.0288256 0.000862028    0.017419
  0.0288231 0.000861847   0.0174174
  0.0288205 0.000861666   0.0174158
   0.028818 0.000861487   0.0174142
  0.0288155 0.000861307   0.0174126
   0.028813 0.000861128    0.017411
 0.0288105 0.00086095  0.0174094
  0.0288081 0.000860772   0.0174078
  0.0288056 0.000860595   0.0174062
  0.0288031 0.000860418   0.0174047
  0.0288007 0.000860241   0.0174031
  0.0287982 0.000860065   0.0174015
 0.0287958 0.00085989     0.0174
  0.0287934 0.000859715   0.0173984
  0.028791 0.00085954  0.0173969
  0.0287886 0.000859366   0.0173953
  0.0287862 0.000859192   0.0173938
  0.0287838 0.000859019   0.0173923
  0.0287814 0.000858847   0.0173908
   0.028779 0.000858674   0.0173892
  0.0287766 0.000858503   0.0173877
  0.0287743 0.000858331   0.0173862
 0.0287719 0.00085816  0.0173847
 0.0287696 0.00085799  0.0173832
 0.0287673 0.00085782  0.0173817
  0.0287649 0.000857651   0.0173802
  0.0287626 0.000857482   0.0173787
  0.0287603 0.000857313   0.0173772
   0.028758 0.000857145   0.0173758
  0.0287557 0.000856977   0.0173743
 0.0287534 0.00085681  0.0173728
  0.0287511 0.000856643   0.0173714
  0.0287489 0.000856477   0.0173699
  0.0287466 0.000856311   0.0173685
  0.0287444 0.000856146    0.017367
  0.0287421 0.000855981   0.0173656
  0.0287399 0.000855816   0.0173641
  0.0287376 0.000855652   0.0173627
  0.0287354 0.000855488   0.0173613
  0.0287332 0.000855325   0.0173599
   0.028731 0.000855162   0.0173584
0.0287288  0.000855  0.017357
  0.0287266 0.000854838   0.0173556
  0.0287244 0.000854676   0.0173542
  0.0287222 0.000854515   0.0173528
  0.0287201 0.000854355   0.0173514
  0.0287179 0.000854194     0.01735
  0.0287157 0.000854035   0.0173486
  0.0287136 0.000853875   0.0173473
  0.0287114 0.000853716   0.0173459
  0.0287093 0.000853558   0.0173445
0.0287072 0.0008534 0.0173431
  0.0287051 0.000853242   0.0173418
   0.028703 0.000853085   0.0173404
  0.0287008 0.000852928   0.0173391
  0.0286988 0.000852771   0.0173377
  0.0286967 0.000852615   0.0173364
 0.0286946 0.00085246   0.017335
  0.0286925 0.000852304   0.0173337
 0.0286904 0.00085215  0.0173324
  0.0286884 0.000851995   0.0173311
  0.0286863 0.000851841   0.0173297
  0.0286843 0.000851688   0.0173284
  0.0286822 0.000851534   0.0173271
  0.0286802 0.000851382   0.0173258
  0.0286782 0.000851229   0.0173245
  0.0286761 0.000851077   0.0173232
  0.0286741 0.000850926   0.0173219
  0.0286721 0.000850774   0.0173206
  0.0286701 0.000850624   0.0173193
  0.0286681 0.000850473    0.017318
  0.0286661 0.000850323   0.0173167
  0.0286642 0.000850174   0.0173155
  0.0286622 0.000850024   0.0173142
  0.0286602 0.000849876   0.0173129
  0.0286583 0.000849727   0.0173117
  0.0286563 0.000849579   0.0173104
  0.0286544 0.000849431   0.0173092
  0.0286524 0.000849284   0.0173079
  0.0286505 0.000849137   0.0173067
  0.0286486 0.000848991   0.0173054
  0.0286466 0.000848845   0.0173042
  0.0286447 0.000848699   0.0173029
  0.0286428 0.000848554   0.0173017
  0.0286409 0.000848409   0.0173005
   0.028639 0.000848264   0.0172993
 0.0286371 0.00084812  0.0172981
  0.0286353 0.000847976   0.0172968
  0.0286334 0.000847832   0.0172956
  0.0286315 0.000847689   0.0172944
  0.0286297 0.000847547   0.0172932
  0.0286278 0.000847404    0.017292
  0.0286259 0.000847262   0.0172908
 0.0286241 0.00084712  0.0172896
  0.0286223 0.000846979   0.0172885
  0.0286204 0.000846838   0.0172873
  0.0286186 0.000846698   0.0172861
  0.0286168 0.000846558   0.0172849
   0.028615 0.000846418   0.0172837
  0.0286132 0.000846278   0.0172826
  0.0286114 0.000846139   0.0172814
  0.0286096 0.000846001   0.0172803
  0.0286078 0.000845862   0.0172791
   0.028606 0.000845724   0.0172779
  0.0286042 0.000845586   0.0172768
  0.0286024 0.000845449   0.0172757
  0.0286007 0.000845312   0.0172745
  0.0285989 0.000845176   0.0172734
  0.0285972 0.000845039   0.0172722
  0.0285954 0.000844903   0.0172711
  0.0285937 0.000844768     0.01727
  0.0285919 0.000844633   0.0172689
  0.0285902 0.000844498   0.0172677
  0.0285885 0.000844363   0.0172666
  0.0285868 0.000844229   0.0172655
  0.0285851 0.000844095   0.0172644
  0.0285834 0.000843962   0.0172633
  0.0285816 0.000843829   0.0172622
    0.02858 0.000843696   0.0172611
  0.0285783 0.000843564     0.01726
  0.0285766 0.000843431   0.0172589
0.0285749 0.0008433 0.0172578
  0.0285732 0.000843168   0.0172567
  0.0285716 0.000843037   0.0172557
  0.0285699 0.000842906   0.0172546
  0.0285682 0.000842776   0.0172535
  0.0285666 0.000842646   0.0172524
  0.0285649 0.000842516   0.0172514
  0.0285633 0.000842387   0.0172503
  0.0285617 0.000842258   0.0172493
    0.02856 0.000842129   0.0172482
0.0285584  0.000842 0.0172472
  0.0285568 0.000841872   0.0172461
  0.0285552 0.000841744   0.0172451
  0.0285536 0.000841617    0.017244
  0.028552 0.00084149   0.017243
  0.0285504 0.000841363   0.0172419
  0.0285488 0.000841237   0.0172409
 0.0285472 0.00084111  0.0172399
  0.0285456 0.000840985   0.0172388
   0.028544 0.000840859   0.0172378
  0.0285425 0.000840734   0.0172368
  0.0285409 0.000840609   0.0172358
  0.0285393 0.000840484   0.0172348
 0.0285378 0.00084036  0.0172338
  0.0285362 0.000840236   0.0172328
  0.0285347 0.000840112   0.0172318
  0.0285331 0.000839989   0.0172308
  0.0285316 0.000839866   0.0172298
  0.0285301 0.000839743   0.0172288
  0.0285285 0.000839621   0.0172278
   0.028527 0.000839499   0.0172268
  0.0285255 0.000839377   0.0172258
   0.028524 0.000839256   0.0172248
  0.0285225 0.000839135   0.0172238
   0.028521 0.000839014   0.0172229
  0.0285195 0.000838893   0.0172219
   0.028518 0.000838773   0.0172209
  0.0285165 0.000838653     0.01722
   0.028515 0.000838533    0.017219
  0.0285136 0.000838414    0.017218
  0.0285121 0.000838295   0.0172171
  0.0285106 0.000838176   0.0172161
  0.0285092 0.000838058   0.0172152
 0.0285077 0.00083794  0.0172142
  0.0285063 0.000837822   0.0172133
  0.0285048 0.000837704   0.0172123
  0.0285034 0.000837587   0.0172114
 0.0285019 0.00083747  0.0172105
  0.0285005 0.000837353   0.0172095
  0.0284991 0.000837237   0.0172086
  0.0284976 0.000837121   0.0172077
  0.0284962 0.000837005   0.0172068
 0.0284948 0.00083689  0.0172058
  0.0284934 0.000836774   0.0172049
   0.028492 0.000836659    0.017204
  0.0284906 0.000836545   0.0172031
 0.0284892 0.00083643  0.0172022
  0.0284878 0.000836316   0.0172013
  0.0284864 0.000836203   0.0172004
   0.028485 0.000836089   0.0171995
  0.0284837 0.000835976   0.0171986
  0.0284823 0.000835863   0.0171977
 0.0284809 0.00083575  0.0171968
  0.0284795 0.000835638   0.0171959
  0.0284782 0.000835526    0.017195
  0.0284768 0.000835414   0.0171941
  0.0284755 0.000835303   0.0171932
  0.0284741 0.000835191   0.0171924
 0.0284728 0.00083508  0.0171915
 0.0284714 0.00083497  0.0171906
  0.0284701 0.000834859   0.0171897
  0.0284688 0.000834749   0.0171889
  0.0284675 0.000834639    0.017188
 0.0284661 0.00083453  0.0171871
 0.0284648 0.00083442  0.0171863
  0.0284635 0.000834311   0.0171854
  0.0284622 0.000834202   0.0171846
  0.0284609 0.000834094   0.0171837
  0.0284596 0.000833986   0.0171829
  0.0284583 0.000833878    0.017182
  0.028457 0.00083377  0.0171812
  0.0284557 0.000833662   0.0171803
  0.0284544 0.000833555   0.0171795
  0.0284531 0.000833448   0.0171787
  0.0284519 0.000833342   0.0171778
  0.0284506 0.000833235    0.017177
  0.0284493 0.000833129   0.0171762
  0.0284481 0.000833023   0.0171753
  0.0284468 0.000832918   0.0171745
  0.0284455 0.000832812   0.0171737
  0.0284443 0.000832707   0.0171729
  0.0284431 0.000832603   0.0171721
  0.0284418 0.000832498   0.0171713
  0.0284406 0.000832394   0.0171704
 0.0284393 0.00083229  0.0171696
  0.0284381 0.000832186   0.0171688
  0.0284369 0.000832082    0.017168
  0.0284356 0.000831979   0.0171672
  0.0284344 0.000831876   0.0171664
  0.0284332 0.000831773   0.0171656
   0.028432 0.000831671   0.0171648
  0.0284308 0.000831568    0.017164
  0.0284296 0.000831466   0.0171633
  0.0284284 0.000831365   0.0171625
  0.0284272 0.000831263   0.0171617
   0.028426 0.000831162   0.0171609
  0.0284248 0.000831061   0.0171601
 0.0284236 0.00083096  0.0171594
  0.0284224 0.000830859   0.0171586
  0.0284213 0.000830759   0.0171578
  0.0284201 0.000830659    0.017157
  0.0284189 0.000830559   0.0171563
 0.0284178 0.00083046  0.0171555
  0.0284166 0.000830361   0.0171547
  0.0284154 0.000830261    0.017154
  0.0284143 0.000830163   0.0171532
  0.0284131 0.000830064   0.0171525
   0.028412 0.000829966   0.0171517
  0.0284108 0.000829868    0.017151
 0.0284097 0.00082977  0.0171502
  0.0284086 0.000829672   0.0171495
  0.0284074 0.000829575   0.0171487
  0.0284063 0.000829478    0.017148
  0.0284052 0.000829381   0.0171473
   0.028404 0.000829284   0.0171465
  0.0284029 0.000829188   0.0171458
  0.0284018 0.000829091    0.017145
  0.0284007 0.000828996   0.0171443
0.0283996 0.0008289 0.0171436
  0.0283985 0.000828804   0.0171429
  0.0283974 0.000828709   0.0171421
  0.0283963 0.000828614   0.0171414
  0.0283952 0.000828519   0.0171407
  0.0283941 0.000828425     0.01714
  0.028393 0.00082833  0.0171393
  0.0283919 0.000828236   0.0171386
  0.0283908 0.000828142   0.0171378
  0.0283898 0.000828049   0.0171371
  0.0283887 0.000827955   0.0171364
  0.0283876 0.000827862   0.0171357
  0.0283865 0.000827769    0.017135
  0.0283855 0.000827676   0.0171343
  0.0283844 0.000827584   0.0171336
  0.0283834 0.000827491   0.0171329
  0.0283823 0.000827399   0.0171322
  0.0283813 0.000827308   0.0171315
  0.0283802 0.000827216   0.0171309
  0.0283792 0.000827124   0.0171302
  0.0283781 0.000827033   0.0171295
  0.0283771 0.000826942   0.0171288
   0.028376 0.000826852   0.0171281
   0.028375 0.000826761   0.0171274
   0.028374 0.000826671   0.0171268
   0.028373 0.000826581   0.0171261
  0.0283719 0.000826491   0.0171254
  0.0283709 0.000826401   0.0171247
  0.0283699 0.000826312   0.0171241
  0.0283689 0.000826222   0.0171234
  0.0283679 0.000826133   0.0171227
  0.0283669 0.000826045   0.0171221
  0.0283659 0.000825956   0.0171214
  0.0283649 0.000825868   0.0171208
 0.0283639 0.00082578  0.0171201
  0.0283629 0.000825692   0.0171195
  0.0283619 0.000825604   0.0171188
  0.0283609 0.000825516   0.0171181
  0.0283599 0.000825429   0.0171175
  0.0283589 0.000825342   0.0171169
   0.028358 0.000825255   0.0171162
   0.028357 0.000825168   0.0171156
   0.028356 0.000825082   0.0171149
   0.028355 0.000824996   0.0171143
 0.0283541 0.00082491  0.0171136
  0.0283531 0.000824824    0.017113
  0.0283521 0.000824738   0.0171124
  0.0283512 0.000824653   0.0171117
  0.0283502 0.000824567   0.0171111
  0.0283493 0.000824482   0.0171105
  0.0283483 0.000824397   0.0171099
  0.0283474 0.000824313   0.0171092
  0.0283464 0.000824228   0.0171086
  0.0283455 0.000824144    0.017108
 0.0283446 0.00082406  0.0171074
  0.0283436 0.000823976   0.0171068
  0.0283427 0.000823893   0.0171061
  0.0283418 0.000823809   0.0171055
  0.0283409 0.000823726   0.0171049
  0.0283399 0.000823643   0.0171043
  0.028339 0.00082356  0.0171037
  0.0283381 0.000823478   0.0171031
  0.0283372 0.000823395   0.0171025
  0.0283363 0.000823313   0.0171019
  0.0283354 0.000823231   0.0171013
  0.0283345 0.000823149   0.0171007
  0.0283335 0.000823067   0.0171001
  0.0283326 0.000822986   0.0170995
  0.0283318 0.000822905   0.0170989
  0.0283309 0.000822824   0.0170983
    0.02833 0.000822743   0.0170977
  0.0283291 0.000822662   0.0170971
  0.0283282 0.000822582   0.0170965
  0.0283273 0.000822501    0.017096
  0.0283264 0.000822421   0.0170954
  0.0283255 0.000822341   0.0170948
  0.0283247 0.000822262   0.0170942
  0.0283238 0.000822182   0.0170936
  0.0283229 0.000822103   0.0170931
  0.0283221 0.000822023   0.0170925
  0.0283212 0.000821945   0.0170919
  0.0283203 0.000821866   0.0170913
  0.0283195 0.000821787   0.0170908
  0.0283186 0.000821709   0.0170902
 0.0283178 0.00082163  0.0170896
  0.0283169 0.000821552   0.0170891
  0.0283161 0.000821475   0.0170885
  0.0283152 0.000821397    0.017088
  0.0283144 0.000821319   0.0170874
  0.0283135 0.000821242   0.0170868
  0.0283127 0.000821165   0.0170863
  0.0283118 0.000821088   0.0170857
   0.028311 0.000821011   0.0170852
  0.0283102 0.000820935   0.0170846
  0.0283094 0.000820858   0.0170841
  0.0283085 0.000820782   0.0170835
  0.0283077 0.000820706    0.017083
 0.0283069 0.00082063  0.0170824
  0.0283061 0.000820555   0.0170819
  0.0283052 0.000820479   0.0170814
  0.0283044 0.000820404   0.0170808
  0.0283036 0.000820329   0.0170803
  0.0283028 0.000820254   0.0170797
   0.028302 0.000820179   0.0170792
  0.0283012 0.000820104   0.0170787
 0.0283004 0.00082003  0.0170781
  0.0282996 0.000819956   0.0170776
  0.0282988 0.000819881   0.0170771
   0.028298 0.000819808   0.0170765
  0.0282972 0.000819734    0.017076
 0.0282964 0.00081966  0.0170755
  0.0282956 0.000819587    0.017075
  0.0282949 0.000819514   0.0170745
  0.0282941 0.000819441   0.0170739
  0.0282933 0.000819368   0.0170734
  0.0282925 0.000819295   0.0170729
  0.0282917 0.000819223   0.0170724
  0.028291 0.00081915  0.0170719
  0.0282902 0.000819078   0.0170714
  0.0282894 0.000819006   0.0170708
  0.0282887 0.000818934   0.0170703
  0.0282879 0.000818862   0.0170698
  0.0282871 0.000818791   0.0170693
 0.0282864 0.00081872  0.0170688
  0.0282856 0.000818648   0.0170683
  0.0282849 0.000818577   0.0170678
  0.0282841 0.000818507   0.0170673
  0.0282834 0.000818436   0.0170668
  0.0282826 0.000818365   0.0170663
  0.0282819 0.000818295   0.0170658
  0.0282811 0.000818225   0.0170653
  0.0282804 0.000818155   0.0170648
  0.0282796 0.000818085   0.0170643
  0.0282789 0.000818015   0.0170638
  0.0282782 0.000817946   0.0170634
  0.0282774 0.000817876   0.0170629
  0.0282767 0.000817807   0.0170624
   0.028276 0.000817738   0.0170619
  0.0282752 0.000817669   0.0170614
0.0282745 0.0008176 0.0170609
  0.0282738 0.000817532   0.0170604
  0.0282731 0.000817464     0.01706
  0.0282724 0.000817395   0.0170595
  0.0282717 0.000817327    0.017059
  0.0282709 0.000817259   0.0170585
  0.0282702 0.000817191   0.0170581
  0.0282695 0.000817124   0.0170576
  0.0282688 0.000817056   0.0170571
  0.0282681 0.000816989   0.0170566
  0.0282674 0.000816922   0.0170562
  0.0282667 0.000816855   0.0170557
   0.028266 0.000816788   0.0170552
  0.0282653 0.000816722   0.0170548
  0.0282646 0.000816655   0.0170543
  0.0282639 0.000816589   0.0170539
  0.0282632 0.000816522   0.0170534
  0.0282625 0.000816456   0.0170529
 0.0282619 0.00081639  0.0170525
  0.0282612 0.000816325    0.017052
  0.0282605 0.000816259   0.0170516
  0.0282598 0.000816194   0.0170511
  0.0282591 0.000816128   0.0170507
  0.0282585 0.000816063   0.0170502
  0.0282578 0.000815998   0.0170498
  0.0282571 0.000815933   0.0170493
  0.0282564 0.000815869   0.0170489
  0.0282558 0.000815804   0.0170484
 0.0282551 0.00081574   0.017048
  0.0282544 0.000815676   0.0170475
  0.0282538 0.000815612   0.0170471
  0.0282531 0.000815548   0.0170466
  0.0282525 0.000815484   0.0170462
 0.0282518 0.00081542  0.0170458
  0.0282511 0.000815357   0.0170453
  0.0282505 0.000815293   0.0170449
 0.0282498 0.00081523  0.0170445
  0.0282492 0.000815167    0.017044
  0.0282485 0.000815104   0.0170436
  0.0282479 0.000815041   0.0170432
  0.0282473 0.000814979   0.0170427
  0.0282466 0.000814916   0.0170423
   0.028246 0.000814854   0.0170419
  0.0282453 0.000814792   0.0170414
 0.0282447 0.00081473   0.017041
  0.0282441 0.000814668   0.0170406
  0.0282434 0.000814606   0.0170402
  0.0282428 0.000814544   0.0170397
  0.0282422 0.000814483   0.0170393
  0.0282416 0.000814422   0.0170389
 0.0282409 0.00081436  0.0170385
  0.0282403 0.000814299   0.0170381
  0.0282397 0.000814239   0.0170377
  0.0282391 0.000814178   0.0170372
  0.0282385 0.000814117   0.0170368
  0.0282378 0.000814057   0.0170364
  0.0282372 0.000813996    0.017036
  0.0282366 0.000813936   0.0170356
   0.028236 0.000813876   0.0170352
  0.0282354 0.000813816   0.0170348
  0.0282348 0.000813756   0.0170344
  0.0282342 0.000813697    0.017034
  0.0282336 0.000813637   0.0170336
   0.028233 0.000813578   0.0170332
  0.0282324 0.000813518   0.0170328
  0.0282318 0.000813459   0.0170324
0.0282312 0.0008134  0.017032
  0.0282306 0.000813342   0.0170316
    0.02823 0.000813283   0.0170312
  0.0282294 0.000813224   0.0170308
  0.0282288 0.000813166   0.0170304
  0.0282282 0.000813108     0.01703
  0.0282276 0.000813049   0.0170296
  0.0282271 0.000812991   0.0170292
  0.0282265 0.000812933   0.0170288
  0.0282259 0.000812876   0.0170284
  0.0282253 0.000812818    0.017028
  0.0282247 0.000812761   0.0170276
  0.0282242 0.000812703   0.0170272
  0.0282236 0.000812646   0.0170269
   0.028223 0.000812589   0.0170265
  0.0282224 0.000812532   0.0170261
  0.0282219 0.000812475   0.0170257
  0.0282213 0.000812418   0.0170253
  0.0282207 0.000812362   0.0170249
  0.0282202 0.000812305   0.0170246
  0.0282196 0.000812249   0.0170242
  0.0282191 0.000812193   0.0170238
  0.0282185 0.000812137   0.0170234
  0.0282179 0.000812081   0.0170231
  0.0282174 0.000812025   0.0170227
  0.0282168 0.000811969   0.0170223
  0.0282163 0.000811914   0.0170219
  0.0282157 0.000811858   0.0170216
  0.0282152 0.000811803   0.0170212
  0.0282146 0.000811748   0.0170208
  0.0282141 0.000811693   0.0170205
  0.0282135 0.000811638   0.0170201
   0.028213 0.000811583   0.0170197
  0.0282125 0.000811528   0.0170194
  0.0282119 0.000811474    0.017019
  0.0282114 0.000811419   0.0170186
  0.0282108 0.000811365   0.0170183
  0.0282103 0.000811311   0.0170179
  0.0282098 0.000811257   0.0170176
  0.0282092 0.000811203   0.0170172
  0.0282087 0.000811149   0.0170168
  0.0282082 0.000811095   0.0170165
  0.0282076 0.000811042   0.0170161
  0.0282071 0.000810988   0.0170158
  0.0282066 0.000810935   0.0170154
  0.0282061 0.000810882   0.0170151
  0.0282055 0.000810829   0.0170147
   0.028205 0.000810776   0.0170144
  0.0282045 0.000810723    0.017014
  0.028204 0.00081067  0.0170137
  0.0282035 0.000810618   0.0170133
   0.028203 0.000810565    0.017013
  0.0282024 0.000810513   0.0170126
 0.0282019 0.00081046  0.0170123
  0.0282014 0.000810408   0.0170119
  0.0282009 0.000810356   0.0170116
  0.0282004 0.000810304   0.0170113
  0.0281999 0.000810253   0.0170109
  0.0281994 0.000810201   0.0170106
  0.0281989 0.000810149   0.0170102
  0.0281984 0.000810098   0.0170099
  0.0281979 0.000810047   0.0170096
  0.0281974 0.000809996   0.0170092
  0.0281969 0.000809944   0.0170089
  0.0281964 0.000809894   0.0170086
  0.0281959 0.000809843   0.0170082
  0.0281954 0.000809792   0.0170079
  0.0281949 0.000809741   0.0170076
  0.0281944 0.000809691   0.0170072
 0.0281939 0.00080964  0.0170069
 0.0281935 0.00080959  0.0170066
  0.028193 0.00080954  0.0170062
 0.0281925 0.00080949  0.0170059
  0.028192 0.00080944  0.0170056
 0.0281915 0.00080939  0.0170053
   0.028191 0.000809341   0.0170049
  0.0281906 0.000809291   0.0170046
  0.0281901 0.000809242   0.0170043
  0.0281896 0.000809192    0.017004
  0.0281891 0.000809143   0.0170036
  0.0281887 0.000809094   0.0170033
  0.0281882 0.000809045    0.017003
  0.0281877 0.000808996   0.0170027
  0.0281872 0.000808947   0.0170024
  0.0281868 0.000808898    0.017002
 0.0281863 0.00080885  0.0170017
  0.0281858 0.000808801   0.0170014
  0.0281854 0.000808753   0.0170011
  0.0281849 0.000808705   0.0170008
  0.0281844 0.000808656   0.0170005
   0.028184 0.000808608   0.0170002
 0.0281835 0.00080856  0.0169999
  0.0281831 0.000808513   0.0169995
  0.0281826 0.000808465   0.0169992
  0.0281822 0.000808417   0.0169989
 0.0281817 0.00080837  0.0169986
  0.0281812 0.000808322   0.0169983
  0.0281808 0.000808275    0.016998
  0.0281803 0.000808228   0.0169977
  0.0281799 0.000808181   0.0169974
  0.0281794 0.000808134   0.0169971
   0.028179 0.000808087   0.0169968
 0.0281786 0.00080804  0.0169965
  0.0281781 0.000807994   0.0169962
  0.0281777 0.000807947   0.0169959
  0.0281772 0.000807901   0.0169956
  0.0281768 0.000807854   0.0169953
  0.0281763 0.000807808    0.016995
  0.0281759 0.000807762   0.0169947
  0.0281755 0.000807716   0.0169944
  0.028175 0.00080767  0.0169941
  0.0281746 0.000807624   0.0169938
  0.0281742 0.000807578   0.0169935
  0.0281737 0.000807533   0.0169932
  0.0281733 0.000807487   0.0169929
  0.0281729 0.000807442   0.0169926
  0.0281724 0.000807397   0.0169923
   0.028172 0.000807351   0.0169921
  0.0281716 0.000807306   0.0169918
  0.0281712 0.000807261   0.0169915
  0.0281707 0.000807216   0.0169912
  0.0281703 0.000807171   0.0169909
  0.0281699 0.000807127   0.0169906
  0.0281695 0.000807082   0.0169903
  0.0281691 0.000807038     0.01699
  0.0281686 0.000806993   0.0169898
  0.0281682 0.000806949   0.0169895
  0.0281678 0.000806905   0.0169892
  0.0281674 0.000806861   0.0169889
   0.028167 0.000806817   0.0169886
  0.0281666 0.000806773   0.0169884
  0.0281662 0.000806729   0.0169881
  0.0281657 0.000806685   0.0169878
  0.0281653 0.000806642   0.0169875
  0.0281649 0.000806598   0.0169872
  0.0281645 0.000806555    0.016987
  0.0281641 0.000806511   0.0169867
  0.0281637 0.000806468   0.0169864
  0.0281633 0.000806425   0.0169861
  0.0281629 0.000806382   0.0169859
  0.0281625 0.000806339   0.0169856
  0.0281621 0.000806296   0.0169853
  0.0281617 0.000806253   0.0169851
  0.0281613 0.000806211   0.0169848
  0.0281609 0.000806168   0.0169845
  0.0281605 0.000806126   0.0169842
  0.0281601 0.000806083    0.016984
  0.0281597 0.000806041   0.0169837
  0.0281593 0.000805999   0.0169834
  0.0281589 0.000805957   0.0169832
  0.0281586 0.000805915   0.0169829
  0.0281582 0.000805873   0.0169826
  0.0281578 0.000805831   0.0169824
  0.0281574 0.000805789   0.0169821
   0.028157 0.000805748   0.0169819
  0.0281566 0.000805706   0.0169816
  0.0281562 0.000805665   0.0169813
  0.0281559 0.000805624   0.0169811
  0.0281555 0.000805582   0.0169808
  0.0281551 0.000805541   0.0169806
0.0281547 0.0008055 0.0169803
  0.0281543 0.000805459     0.01698
   0.028154 0.000805418   0.0169798
  0.0281536 0.000805377   0.0169795
  0.0281532 0.000805337   0.0169793
  0.0281528 0.000805296    0.016979
  0.0281525 0.000805256   0.0169788
  0.0281521 0.000805215   0.0169785
  0.0281517 0.000805175   0.0169782
  0.0281513 0.000805135    0.016978
   0.028151 0.000805094   0.0169777
  0.0281506 0.000805054   0.0169775
  0.0281502 0.000805014   0.0169772
  0.0281499 0.000804974    0.016977
  0.0281495 0.000804935   0.0169767
  0.0281491 0.000804895   0.0169765
  0.0281488 0.000804855   0.0169762
  0.0281484 0.000804816    0.016976
  0.0281481 0.000804776   0.0169758
  0.0281477 0.000804737   0.0169755
  0.0281473 0.000804698   0.0169753
   0.028147 0.000804659    0.016975
  0.0281466 0.000804619   0.0169748
 0.0281463 0.00080458  0.0169745
  0.0281459 0.000804541   0.0169743
  0.0281455 0.000804503    0.016974
  0.0281452 0.000804464   0.0169738
  0.0281448 0.000804425   0.0169736
  0.0281445 0.000804387   0.0169733
  0.0281441 0.000804348   0.0169731
 0.0281438 0.00080431  0.0169728
  0.0281434 0.000804271   0.0169726
  0.0281431 0.000804233   0.0169724
  0.0281427 0.000804195   0.0169721
  0.0281424 0.000804157   0.0169719
  0.0281421 0.000804119   0.0169717
  0.0281417 0.000804081   0.0169714
  0.0281414 0.000804043   0.0169712
   0.028141 0.000804005    0.016971
  0.0281407 0.000803968   0.0169707
 0.0281403 0.00080393  0.0169705
    0.02814 0.000803893   0.0169703
  0.0281397 0.000803855     0.01697
  0.0281393 0.000803818   0.0169698
   0.028139 0.000803781   0.0169696
  0.0281387 0.000803744   0.0169693
  0.0281383 0.000803707   0.0169691
  0.028138 0.00080367  0.0169689
  0.0281377 0.000803633   0.0169687
  0.0281373 0.000803596   0.0169684
   0.028137 0.000803559   0.0169682
  0.0281367 0.000803522    0.016968
  0.0281363 0.000803486   0.0169677
   0.028136 0.000803449   0.0169675
  0.0281357 0.000803413   0.0169673
  0.0281353 0.000803377   0.0169671
  0.028135 0.00080334  0.0169668
  0.0281347 0.000803304   0.0169666
  0.0281344 0.000803268   0.0169664
   0.028134 0.000803232   0.0169662
  0.0281337 0.000803196    0.016966
 0.0281334 0.00080316  0.0169657
  0.0281331 0.000803124   0.0169655
  0.0281328 0.000803089   0.0169653
  0.0281324 0.000803053   0.0169651
  0.0281321 0.000803017   0.0169649
  0.0281318 0.000802982   0.0169646
  0.0281315 0.000802947   0.0169644
  0.0281312 0.000802911   0.0169642
  0.0281309 0.000802876    0.016964
  0.0281305 0.000802841   0.0169638
  0.0281302 0.000802806   0.0169636
  0.0281299 0.000802771   0.0169634
  0.0281296 0.000802736   0.0169631
  0.0281293 0.000802701   0.0169629
   0.028129 0.000802666   0.0169627
  0.0281287 0.000802632   0.0169625
  0.0281284 0.000802597   0.0169623
  0.0281281 0.000802562   0.0169621
  0.0281278 0.000802528   0.0169619
  0.0281274 0.000802494   0.0169617
  0.0281271 0.000802459   0.0169615
  0.0281268 0.000802425   0.0169612
  0.0281265 0.000802391    0.016961
  0.0281262 0.000802357   0.0169608
  0.0281259 0.000802323   0.0169606
  0.0281256 0.000802289   0.0169604
  0.0281253 0.000802255   0.0169602
   0.028125 0.000802221     0.01696
  0.0281247 0.000802187   0.0169598
  0.0281244 0.000802154   0.0169596
 0.0281241 0.00080212  0.0169594
  0.0281238 0.000802087   0.0169592
  0.0281235 0.000802053    0.016959
 0.0281232 0.00080202  0.0169588
   0.028123 0.000801987   0.0169586
  0.0281227 0.000801953   0.0169584
 0.0281224 0.00080192  0.0169582
  0.0281221 0.000801887    0.016958
  0.0281218 0.000801854   0.0169578
  0.0281215 0.000801821   0.0169576
  0.0281212 0.000801788   0.0169574
  0.0281209 0.000801756   0.0169572
  0.0281206 0.000801723    0.016957
 0.0281203 0.00080169  0.0169568
  0.0281201 0.000801658   0.0169566
  0.0281198 0.000801625   0.0169564
  0.0281195 0.000801593   0.0169562
  0.0281192 0.000801561    0.016956
  0.0281189 0.000801528   0.0169558
  0.0281186 0.000801496   0.0169556
  0.0281184 0.000801464   0.0169554
  0.0281181 0.000801432   0.0169552
0.0281178 0.0008014  0.016955
  0.0281175 0.000801368   0.0169548
  0.0281172 0.000801336   0.0169547
   0.028117 0.000801304   0.0169545
  0.0281167 0.000801273   0.0169543
  0.0281164 0.000801241   0.0169541
  0.0281161 0.000801209   0.0169539
  0.0281158 0.000801178   0.0169537
  0.0281156 0.000801146   0.0169535
  0.0281153 0.000801115   0.0169533
   0.028115 0.000801084   0.0169531
  0.0281148 0.000801053   0.0169529
  0.0281145 0.000801021   0.0169528
 0.0281142 0.00080099  0.0169526
  0.0281139 0.000800959   0.0169524
  0.0281137 0.000800928   0.0169522
  0.0281134 0.000800897    0.016952
  0.0281131 0.000800867   0.0169518
  0.0281129 0.000800836   0.0169516
  0.0281126 0.000800805   0.0169515
  0.0281123 0.000800775   0.0169513
  0.0281121 0.000800744   0.0169511
  0.0281118 0.000800714   0.0169509
  0.0281115 0.000800683   0.0169507
  0.0281113 0.000800653   0.0169506
   0.028111 0.000800623   0.0169504
  0.0281108 0.000800592   0.0169502
  0.0281105 0.000800562     0.01695
