 0.0238978 -0.0186968  0.0161534
 0.0257645 -0.0193771  0.0144319
 0.0270622 -0.0195471   0.013237
 0.0279933 -0.0194388  0.0123783
 0.0286841 -0.0191881  0.0117376
 0.0292137 -0.0188737  0.0112408
 0.0296322 -0.0185405  0.0108416
 0.0299716 -0.0182131  0.0105103
 0.0302528 -0.0179043   0.010228
 0.0304896   -0.01762 0.00998237
 0.0306914 -0.0173621 0.00976532
 0.0308649 -0.0171304 0.00957126
  0.031015 -0.0169234 0.00939635
 0.0311454 -0.0167392 0.00923777
 0.0312588 -0.0165757 0.00909343
 0.0313576 -0.0164308  0.0089617
 0.0314437 -0.0163024 0.00884123
 0.0315187 -0.0161886 0.00873094
 0.0315839 -0.0160878 0.00862986
 0.0316404 -0.0159984 0.00853719
 0.0316894  -0.015919 0.00845217
 0.0317316 -0.0158486 0.00837415
 0.0317678 -0.0157859 0.00830254
 0.0317988 -0.0157301 0.00823679
 0.0318251 -0.0156803 0.00817642
 0.0318472 -0.0156359 0.00812096
 0.0318657 -0.0155961 0.00807002
 0.0318808 -0.0155604 0.00802321
 0.0318931 -0.0155282 0.00798018
 0.0319028 -0.0154993 0.00794062
 0.0319103 -0.0154732 0.00790423
 0.0319157 -0.0154495 0.00787075
 0.0319193  -0.015428 0.00783993
 0.0319213 -0.0154084 0.00781154
 0.0319219 -0.0153904 0.00778539
 0.0319212  -0.015374 0.00776128
 0.0319194 -0.0153588 0.00773903
 0.0319167 -0.0153448  0.0077185
  0.031913 -0.0153318 0.00769953
 0.0319086 -0.0153197 0.00768199
 0.0319035 -0.0153084 0.00766576
 0.0318978 -0.0152977 0.00765073
 0.0318915 -0.0152877 0.00763679
 0.0318848 -0.0152783 0.00762385
 0.0318777 -0.0152693 0.00761184
 0.0318702 -0.0152607 0.00760066
 0.0318623 -0.0152526 0.00759025
 0.0318542 -0.0152447 0.00758054
 0.0318459 -0.0152372 0.00757147
 0.0318373 -0.0152299 0.00756299
 0.0318285 -0.0152229 0.00755504
 0.0318196 -0.0152161 0.00754759
 0.0318105 -0.0152095 0.00754059
0.0318013 -0.015203  0.007534
  0.031792 -0.0151967 0.00752778
 0.0317826 -0.0151906 0.00752192
 0.0317731 -0.0151846 0.00751636
 0.0317635 -0.0151786  0.0075111
  0.031754 -0.0151728  0.0075061
 0.0317443 -0.0151671 0.00750134
 0.0317347 -0.0151615 0.00749681
  0.031725 -0.0151559 0.00749248
 0.0317153 -0.0151504 0.00748834
 0.0317056  -0.015145 0.00748436
 0.0316959 -0.0151396 0.00748055
 0.0316862 -0.0151343 0.00747688
 0.0316765 -0.0151291 0.00747335
 0.0316668 -0.0151239 0.00746994
 0.0316571 -0.0151188 0.00746663
 0.0316475 -0.0151136 0.00746344
 0.0316378 -0.0151086 0.00746034
 0.0316282 -0.0151036 0.00745732
 0.0316186 -0.0150986 0.00745439
 0.0316091 -0.0150936 0.00745153
 0.0315996 -0.0150887 0.00744875
 0.0315901 -0.0150838 0.00744602
 0.0315806  -0.015079 0.00744336
 0.0315712 -0.0150741 0.00744075
 0.0315618 -0.0150693 0.00743819
 0.0315524 -0.0150646 0.00743568
 0.0315431 -0.0150599 0.00743322
 0.0315338 -0.0150551 0.00743079
 0.0315245 -0.0150505 0.00742841
 0.0315153 -0.0150458 0.00742606
 0.0315061 -0.0150412 0.00742374
  0.031497 -0.0150366 0.00742146
0.0314879 -0.015032 0.0074192
 0.0314789 -0.0150275 0.00741698
 0.0314698 -0.0150229 0.00741478
 0.0314609 -0.0150184  0.0074126
 0.0314519 -0.0150139 0.00741045
  0.031443 -0.0150095 0.00740832
 0.0314342 -0.0150051 0.00740622
 0.0314254 -0.0150006 0.00740413
 0.0314166 -0.0149963 0.00740206
 0.0314079 -0.0149919 0.00740001
 0.0313992 -0.0149876 0.00739798
 0.0313906 -0.0149832 0.00739596
  0.031382 -0.0149789 0.00739397
 0.0313734 -0.0149747 0.00739198
 0.0313649 -0.0149704 0.00739002
 0.0313564 -0.0149662 0.00738806
  0.031348  -0.014962 0.00738612
 0.0313396 -0.0149578  0.0073842
 0.0313312 -0.0149536 0.00738229
 0.0313229 -0.0149494 0.00738039
 0.0313146 -0.0149453  0.0073785
 0.0313064 -0.0149412 0.00737662
 0.0312982 -0.0149371 0.00737476
   0.03129  -0.014933 0.00737291
 0.0312819  -0.014929 0.00737107
 0.0312738  -0.014925 0.00736924
 0.0312658 -0.0149209 0.00736743
 0.0312578  -0.014917 0.00736562
 0.0312498  -0.014913 0.00736382
 0.0312419  -0.014909 0.00736204
  0.031234 -0.0149051 0.00736026
 0.0312261 -0.0149012  0.0073585
 0.0312183 -0.0148973 0.00735674
 0.0312106 -0.0148934   0.007355
 0.0312028 -0.0148896 0.00735326
 0.0311951 -0.0148857 0.00735154
 0.0311875 -0.0148819 0.00734982
 0.0311799 -0.0148781 0.00734811
 0.0311723 -0.0148743 0.00734641
 0.0311647 -0.0148706 0.00734472
 0.0311572 -0.0148668 0.00734304
 0.0311497 -0.0148631 0.00734137
 0.0311423 -0.0148594 0.00733971
 0.0311349 -0.0148557 0.00733806
 0.0311275  -0.014852 0.00733641
 0.0311202 -0.0148484 0.00733478
 0.0311129 -0.0148447 0.00733315
 0.0311057 -0.0148411 0.00733153
 0.0310984 -0.0148375 0.00732992
 0.0310913 -0.0148339 0.00732832
 0.0310841 -0.0148304 0.00732672
  0.031077 -0.0148268 0.00732514
 0.0310699 -0.0148233 0.00732356
 0.0310629 -0.0148198 0.00732199
 0.0310558 -0.0148163 0.00732043
 0.0310489 -0.0148128 0.00731888
 0.0310419 -0.0148093 0.00731733
  0.031035 -0.0148059  0.0073158
 0.0310281 -0.0148025 0.00731427
 0.0310213  -0.014799 0.00731274
 0.0310145 -0.0147956 0.00731123
 0.0310077 -0.0147923 0.00730972
 0.0310009 -0.0147889 0.00730823
 0.0309942 -0.0147855 0.00730674
 0.0309875 -0.0147822 0.00730525
 0.0309809 -0.0147789 0.00730378
 0.0309743 -0.0147756 0.00730231
 0.0309677 -0.0147723 0.00730085
0.0309611 -0.014769 0.0072994
 0.0309546 -0.0147658 0.00729795
 0.0309481 -0.0147625 0.00729651
 0.0309417 -0.0147593 0.00729508
 0.0309352 -0.0147561 0.00729366
 0.0309288 -0.0147529 0.00729224
 0.0309225 -0.0147497 0.00729083
 0.0309161 -0.0147466 0.00728943
 0.0309098 -0.0147434 0.00728803
 0.0309036 -0.0147403 0.00728665
 0.0308973 -0.0147372 0.00728526
 0.0308911 -0.0147341 0.00728389
 0.0308849  -0.014731 0.00728252
 0.0308788 -0.0147279 0.00728116
 0.0308726 -0.0147249 0.00727981
 0.0308665 -0.0147218 0.00727846
 0.0308605 -0.0147188 0.00727712
 0.0308544 -0.0147158 0.00727579
 0.0308484 -0.0147128 0.00727446
 0.0308424 -0.0147098 0.00727314
 0.0308365 -0.0147068 0.00727183
 0.0308306 -0.0147039 0.00727053
 0.0308247 -0.0147009 0.00726923
 0.0308188  -0.014698 0.00726793
  0.030813 -0.0146951 0.00726665
 0.0308072 -0.0146922 0.00726537
 0.0308014 -0.0146893 0.00726409
 0.0307956 -0.0146864 0.00726282
 0.0307899 -0.0146836 0.00726156
 0.0307842 -0.0146807 0.00726031
 0.0307785 -0.0146779 0.00725906
 0.0307729 -0.0146751 0.00725782
 0.0307673 -0.0146723 0.00725658
 0.0307617 -0.0146695 0.00725535
 0.0307561 -0.0146667 0.00725413
 0.0307506 -0.0146639 0.00725291
 0.0307451 -0.0146612  0.0072517
 0.0307396 -0.0146584  0.0072505
 0.0307341 -0.0146557  0.0072493
 0.0307287  -0.014653 0.00724811
 0.0307233 -0.0146503 0.00724692
 0.0307179 -0.0146476 0.00724574
 0.0307125 -0.0146449 0.00724456
 0.0307072 -0.0146423 0.00724339
 0.0307019 -0.0146396 0.00724223
 0.0306966  -0.014637 0.00724107
 0.0306914 -0.0146344 0.00723992
 0.0306861 -0.0146317 0.00723878
 0.0306809 -0.0146291 0.00723764
 0.0306758 -0.0146266  0.0072365
 0.0306706  -0.014624 0.00723537
 0.0306655 -0.0146214 0.00723425
 0.0306604 -0.0146189 0.00723313
 0.0306553 -0.0146163 0.00723202
 0.0306502 -0.0146138 0.00723092
 0.0306452 -0.0146113 0.00722982
 0.0306402 -0.0146088 0.00722872
 0.0306352 -0.0146063 0.00722763
 0.0306302 -0.0146038 0.00722655
 0.0306253 -0.0146013 0.00722547
 0.0306204 -0.0145989 0.00722439
 0.0306155 -0.0145964 0.00722333
 0.0306106  -0.014594 0.00722226
 0.0306058 -0.0145916 0.00722121
  0.030601 -0.0145892 0.00722016
 0.0305962 -0.0145868 0.00721911
 0.0305914 -0.0145844 0.00721807
 0.0305866  -0.014582 0.00721703
 0.0305819 -0.0145796   0.007216
 0.0305772 -0.0145773 0.00721497
 0.0305725 -0.0145749 0.00721395
 0.0305678 -0.0145726 0.00721294
 0.0305632 -0.0145703 0.00721193
 0.0305586  -0.014568 0.00721092
  0.030554 -0.0145656 0.00720992
 0.0305494 -0.0145634 0.00720893
 0.0305448 -0.0145611 0.00720794
 0.0305403 -0.0145588 0.00720695
 0.0305358 -0.0145566 0.00720597
 0.0305313 -0.0145543   0.007205
 0.0305268 -0.0145521 0.00720402
 0.0305224 -0.0145498 0.00720306
  0.030518 -0.0145476  0.0072021
 0.0305135 -0.0145454 0.00720114
 0.0305092 -0.0145432 0.00720019
 0.0305048  -0.014541 0.00719924
 0.0305004 -0.0145389  0.0071983
 0.0304961 -0.0145367 0.00719736
 0.0304918 -0.0145345 0.00719643
 0.0304875 -0.0145324  0.0071955
 0.0304833 -0.0145303 0.00719458
  0.030479 -0.0145281 0.00719366
 0.0304748  -0.014526 0.00719275
 0.0304706 -0.0145239 0.00719184
 0.0304664 -0.0145218 0.00719093
 0.0304622 -0.0145197 0.00719003
 0.0304581 -0.0145177 0.00718914
  0.030454 -0.0145156 0.00718825
 0.0304499 -0.0145135 0.00718736
 0.0304458 -0.0145115 0.00718648
 0.0304417 -0.0145094  0.0071856
 0.0304377 -0.0145074 0.00718473
 0.0304336 -0.0145054 0.00718386
 0.0304296 -0.0145034 0.00718299
 0.0304256 -0.0145014 0.00718213
 0.0304217 -0.0144994 0.00718128
 0.0304177 -0.0144974 0.00718042
 0.0304138 -0.0144954 0.00717958
 0.0304099 -0.0144935 0.00717873
  0.030406 -0.0144915 0.00717789
 0.0304021 -0.0144896 0.00717706
 0.0303982 -0.0144876 0.00717623
 0.0303944 -0.0144857  0.0071754
 0.0303905 -0.0144838 0.00717458
 0.0303867 -0.0144819 0.00717376
 0.0303829   -0.01448 0.00717294
 0.0303792 -0.0144781 0.00717213
 0.0303754 -0.0144762 0.00717133
 0.0303717 -0.0144743 0.00717053
  0.030368 -0.0144725 0.00716973
 0.0303643 -0.0144706 0.00716893
 0.0303606 -0.0144688 0.00716814
 0.0303569 -0.0144669 0.00716736
 0.0303532 -0.0144651 0.00716657
 0.0303496 -0.0144633  0.0071658
  0.030346 -0.0144615 0.00716502
 0.0303424 -0.0144597 0.00716425
 0.0303388 -0.0144579 0.00716348
 0.0303352 -0.0144561 0.00716272
 0.0303317 -0.0144543 0.00716196
 0.0303282 -0.0144525 0.00716121
 0.0303246 -0.0144507 0.00716045
 0.0303211  -0.014449 0.00715971
 0.0303177 -0.0144472 0.00715896
 0.0303142 -0.0144455 0.00715822
 0.0303107 -0.0144438 0.00715749
 0.0303073  -0.014442 0.00715675
 0.0303039 -0.0144403 0.00715602
 0.0303005 -0.0144386  0.0071553
 0.0302971 -0.0144369 0.00715458
 0.0302937 -0.0144352 0.00715386
 0.0302904 -0.0144335 0.00715314
  0.030287 -0.0144319 0.00715243
 0.0302837 -0.0144302 0.00715172
 0.0302804 -0.0144285 0.00715102
 0.0302771 -0.0144269 0.00715032
 0.0302738 -0.0144252 0.00714962
 0.0302706 -0.0144236 0.00714893
 0.0302673  -0.014422 0.00714824
 0.0302641 -0.0144203 0.00714755
 0.0302609 -0.0144187 0.00714687
 0.0302577 -0.0144171 0.00714619
 0.0302545 -0.0144155 0.00714551
 0.0302513 -0.0144139 0.00714484
 0.0302481 -0.0144123 0.00714417
  0.030245 -0.0144107  0.0071435
 0.0302419 -0.0144092 0.00714284
 0.0302387 -0.0144076 0.00714218
 0.0302356  -0.014406 0.00714152
 0.0302326 -0.0144045 0.00714087
 0.0302295 -0.0144029 0.00714022
 0.0302264 -0.0144014 0.00713957
 0.0302234 -0.0143999 0.00713893
 0.0302204 -0.0143984 0.00713829
 0.0302173 -0.0143968 0.00713765
 0.0302143 -0.0143953 0.00713702
 0.0302114 -0.0143938 0.00713639
 0.0302084 -0.0143923 0.00713576
 0.0302054 -0.0143908 0.00713514
 0.0302025 -0.0143894 0.00713452
 0.0301995 -0.0143879  0.0071339
 0.0301966 -0.0143864 0.00713328
 0.0301937  -0.014385 0.00713267
 0.0301908 -0.0143835 0.00713206
 0.0301879 -0.0143821 0.00713146
 0.0301851 -0.0143806 0.00713085
 0.0301822 -0.0143792 0.00713025
 0.0301794 -0.0143778 0.00712966
 0.0301766 -0.0143763 0.00712906
 0.0301738 -0.0143749 0.00712847
  0.030171 -0.0143735 0.00712789
 0.0301682 -0.0143721  0.0071273
 0.0301654 -0.0143707 0.00712672
 0.0301626 -0.0143693 0.00712614
 0.0301599 -0.0143679 0.00712556
 0.0301572 -0.0143666 0.00712499
 0.0301544 -0.0143652 0.00712442
 0.0301517 -0.0143638 0.00712385
  0.030149 -0.0143625 0.00712329
 0.0301463 -0.0143611 0.00712273
 0.0301437 -0.0143598 0.00712217
  0.030141 -0.0143584 0.00712161
 0.0301384 -0.0143571 0.00712106
 0.0301357 -0.0143558 0.00712051
 0.0301331 -0.0143544 0.00711996
 0.0301305 -0.0143531 0.00711942
 0.0301279 -0.0143518 0.00711887
 0.0301253 -0.0143505 0.00711834
 0.0301227 -0.0143492  0.0071178
 0.0301202 -0.0143479 0.00711726
 0.0301176 -0.0143466 0.00711673
 0.0301151 -0.0143454  0.0071162
 0.0301126 -0.0143441 0.00711568
   0.03011 -0.0143428 0.00711515
 0.0301075 -0.0143416 0.00711463
  0.030105 -0.0143403 0.00711412
0.0301026 -0.014339 0.0071136
 0.0301001 -0.0143378 0.00711309
 0.0300976 -0.0143366 0.00711258
 0.0300952 -0.0143353 0.00711207
 0.0300928 -0.0143341 0.00711156
 0.0300903 -0.0143329 0.00711106
 0.0300879 -0.0143317 0.00711056
 0.0300855 -0.0143304 0.00711006
 0.0300831 -0.0143292 0.00710957
 0.0300807  -0.014328 0.00710908
 0.0300784 -0.0143268 0.00710859
  0.030076 -0.0143257  0.0071081
 0.0300737 -0.0143245 0.00710761
 0.0300713 -0.0143233 0.00710713
  0.030069 -0.0143221 0.00710665
 0.0300667 -0.0143209 0.00710617
 0.0300644 -0.0143198  0.0071057
 0.0300621 -0.0143186 0.00710522
 0.0300598 -0.0143175 0.00710475
 0.0300575 -0.0143163 0.00710428
 0.0300553 -0.0143152 0.00710382
  0.030053  -0.014314 0.00710336
 0.0300508 -0.0143129 0.00710289
 0.0300486 -0.0143118 0.00710243
 0.0300463 -0.0143107 0.00710198
 0.0300441 -0.0143096 0.00710152
 0.0300419 -0.0143084 0.00710107
 0.0300397 -0.0143073 0.00710062
 0.0300376 -0.0143062 0.00710017
 0.0300354 -0.0143051 0.00709973
 0.0300332  -0.014304 0.00709929
 0.0300311  -0.014303 0.00709885
 0.0300289 -0.0143019 0.00709841
 0.0300268 -0.0143008 0.00709797
 0.0300247 -0.0142997 0.00709754
 0.0300226 -0.0142987 0.00709711
 0.0300205 -0.0142976 0.00709668
 0.0300184 -0.0142965 0.00709625
 0.0300163 -0.0142955 0.00709582
 0.0300142 -0.0142944  0.0070954
 0.0300122 -0.0142934 0.00709498
 0.0300101 -0.0142924 0.00709456
 0.0300081 -0.0142913 0.00709414
  0.030006 -0.0142903 0.00709373
  0.030004 -0.0142893 0.00709332
  0.030002 -0.0142883 0.00709291
      0.03 -0.0142872  0.0070925
  0.029998 -0.0142862 0.00709209
  0.029996 -0.0142852 0.00709169
  0.029994 -0.0142842 0.00709128
 0.0299921 -0.0142832 0.00709088
 0.0299901 -0.0142822 0.00709049
 0.0299882 -0.0142812 0.00709009
 0.0299862 -0.0142803  0.0070897
 0.0299843 -0.0142793  0.0070893
 0.0299824 -0.0142783 0.00708891
 0.0299804 -0.0142773 0.00708853
 0.0299785 -0.0142764 0.00708814
 0.0299766 -0.0142754 0.00708776
 0.0299747 -0.0142744 0.00708737
 0.0299729 -0.0142735 0.00708699
  0.029971 -0.0142725 0.00708662
 0.0299691 -0.0142716 0.00708624
 0.0299673 -0.0142707 0.00708586
 0.0299654 -0.0142697 0.00708549
 0.0299636 -0.0142688 0.00708512
 0.0299618 -0.0142679 0.00708475
 0.0299599 -0.0142669 0.00708439
 0.0299581  -0.014266 0.00708402
 0.0299563 -0.0142651 0.00708366
 0.0299545 -0.0142642  0.0070833
 0.0299527 -0.0142633 0.00708294
  0.029951 -0.0142624 0.00708258
 0.0299492 -0.0142615 0.00708222
 0.0299474 -0.0142606 0.00708187
 0.0299457 -0.0142597 0.00708152
 0.0299439 -0.0142588 0.00708117
 0.0299422 -0.0142579 0.00708082
 0.0299404 -0.0142571 0.00708047
 0.0299387 -0.0142562 0.00708013
  0.029937 -0.0142553 0.00707978
 0.0299353 -0.0142544 0.00707944
 0.0299336 -0.0142536  0.0070791
 0.0299319 -0.0142527 0.00707876
 0.0299302 -0.0142519 0.00707843
 0.0299286  -0.014251 0.00707809
 0.0299269 -0.0142502 0.00707776
 0.0299252 -0.0142493 0.00707743
 0.0299236 -0.0142485  0.0070771
 0.0299219 -0.0142477 0.00707677
 0.0299203 -0.0142468 0.00707645
 0.0299187  -0.014246 0.00707612
  0.029917 -0.0142452  0.0070758
 0.0299154 -0.0142443 0.00707548
 0.0299138 -0.0142435 0.00707516
 0.0299122 -0.0142427 0.00707484
 0.0299106 -0.0142419 0.00707453
  0.029909 -0.0142411 0.00707421
 0.0299074 -0.0142403  0.0070739
 0.0299059 -0.0142395 0.00707359
 0.0299043 -0.0142387 0.00707328
 0.0299028 -0.0142379 0.00707297
 0.0299012 -0.0142371 0.00707266
 0.0298997 -0.0142363 0.00707236
 0.0298981 -0.0142356 0.00707205
 0.0298966 -0.0142348 0.00707175
 0.0298951  -0.014234 0.00707145
 0.0298936 -0.0142332 0.00707115
  0.029892 -0.0142325 0.00707086
 0.0298905 -0.0142317 0.00707056
 0.0298891 -0.0142309 0.00707027
 0.0298876 -0.0142302 0.00706997
 0.0298861 -0.0142294 0.00706968
 0.0298846 -0.0142287 0.00706939
 0.0298831 -0.0142279 0.00706911
 0.0298817 -0.0142272 0.00706882
 0.0298802 -0.0142264 0.00706853
 0.0298788 -0.0142257 0.00706825
 0.0298773  -0.014225 0.00706797
 0.0298759 -0.0142242 0.00706769
 0.0298745 -0.0142235 0.00706741
 0.0298731 -0.0142228 0.00706713
 0.0298716 -0.0142221 0.00706685
 0.0298702 -0.0142214 0.00706658
 0.0298688 -0.0142206 0.00706631
 0.0298674 -0.0142199 0.00706603
 0.0298661 -0.0142192 0.00706576
 0.0298647 -0.0142185 0.00706549
 0.0298633 -0.0142178 0.00706523
 0.0298619 -0.0142171 0.00706496
 0.0298606 -0.0142164  0.0070647
 0.0298592 -0.0142157 0.00706443
 0.0298579  -0.014215 0.00706417
 0.0298565 -0.0142144 0.00706391
 0.0298552 -0.0142137 0.00706365
 0.0298538  -0.014213 0.00706339
 0.0298525 -0.0142123 0.00706313
 0.0298512 -0.0142116 0.00706288
 0.0298499  -0.014211 0.00706262
 0.0298486 -0.0142103 0.00706237
 0.0298473 -0.0142096 0.00706212
  0.029846  -0.014209 0.00706187
 0.0298447 -0.0142083 0.00706162
 0.0298434 -0.0142077 0.00706137
 0.0298421  -0.014207 0.00706113
 0.0298408 -0.0142064 0.00706088
 0.0298396 -0.0142057 0.00706064
 0.0298383 -0.0142051 0.00706039
 0.0298371 -0.0142044 0.00706015
 0.0298358 -0.0142038 0.00705991
 0.0298346 -0.0142031 0.00705967
 0.0298333 -0.0142025 0.00705944
 0.0298321 -0.0142019  0.0070592
 0.0298309 -0.0142013 0.00705897
 0.0298297 -0.0142006 0.00705873
0.0298284   -0.0142 0.0070585
 0.0298272 -0.0141994 0.00705827
  0.029826 -0.0141988 0.00705804
 0.0298248 -0.0141982 0.00705781
 0.0298236 -0.0141976 0.00705758
 0.0298224 -0.0141969 0.00705736
 0.0298213 -0.0141963 0.00705713
 0.0298201 -0.0141957 0.00705691
 0.0298189 -0.0141951 0.00705668
 0.0298177 -0.0141945 0.00705646
 0.0298166 -0.0141939 0.00705624
 0.0298154 -0.0141934 0.00705602
 0.0298143 -0.0141928  0.0070558
 0.0298131 -0.0141922 0.00705559
  0.029812 -0.0141916 0.00705537
 0.0298109  -0.014191 0.00705516
 0.0298097 -0.0141904 0.00705494
 0.0298086 -0.0141899 0.00705473
 0.0298075 -0.0141893 0.00705452
 0.0298064 -0.0141887 0.00705431
 0.0298053 -0.0141881  0.0070541
 0.0298042 -0.0141876 0.00705389
 0.0298031  -0.014187 0.00705368
  0.029802 -0.0141865 0.00705348
 0.0298009 -0.0141859 0.00705327
 0.0297998 -0.0141853 0.00705307
 0.0297987 -0.0141848 0.00705287
 0.0297976 -0.0141842 0.00705266
 0.0297966 -0.0141837 0.00705246
 0.0297955 -0.0141831 0.00705226
 0.0297944 -0.0141826 0.00705207
 0.0297934 -0.0141821 0.00705187
 0.0297923 -0.0141815 0.00705167
 0.0297913  -0.014181 0.00705148
 0.0297903 -0.0141804 0.00705128
 0.0297892 -0.0141799 0.00705109
 0.0297882 -0.0141794  0.0070509
 0.0297872 -0.0141789 0.00705071
 0.0297861 -0.0141783 0.00705052
 0.0297851 -0.0141778 0.00705033
 0.0297841 -0.0141773 0.00705014
 0.0297831 -0.0141768 0.00704995
 0.0297821 -0.0141763 0.00704977
 0.0297811 -0.0141757 0.00704958
 0.0297801 -0.0141752  0.0070494
 0.0297791 -0.0141747 0.00704921
 0.0297781 -0.0141742 0.00704903
 0.0297772 -0.0141737 0.00704885
 0.0297762 -0.0141732 0.00704867
 0.0297752 -0.0141727 0.00704849
 0.0297742 -0.0141722 0.00704831
 0.0297733 -0.0141717 0.00704814
 0.0297723 -0.0141712 0.00704796
 0.0297714 -0.0141707 0.00704778
 0.0297704 -0.0141703 0.00704761
 0.0297695 -0.0141698 0.00704744
 0.0297685 -0.0141693 0.00704726
 0.0297676 -0.0141688 0.00704709
 0.0297667 -0.0141683 0.00704692
 0.0297657 -0.0141678 0.00704675
 0.0297648 -0.0141674 0.00704658
 0.0297639 -0.0141669 0.00704641
  0.029763 -0.0141664 0.00704625
 0.0297621  -0.014166 0.00704608
 0.0297612 -0.0141655 0.00704592
 0.0297603  -0.014165 0.00704575
 0.0297594 -0.0141646 0.00704559
 0.0297585 -0.0141641 0.00704543
 0.0297576 -0.0141636 0.00704526
 0.0297567 -0.0141632  0.0070451
 0.0297558 -0.0141627 0.00704494
 0.0297549 -0.0141623 0.00704478
 0.0297541 -0.0141618 0.00704463
 0.0297532 -0.0141614 0.00704447
 0.0297523 -0.0141609 0.00704431
 0.0297515 -0.0141605 0.00704416
0.0297506  -0.01416  0.007044
 0.0297498 -0.0141596 0.00704385
 0.0297489 -0.0141592 0.00704369
 0.0297481 -0.0141587 0.00704354
 0.0297472 -0.0141583 0.00704339
 0.0297464 -0.0141579 0.00704324
 0.0297456 -0.0141574 0.00704309
 0.0297447  -0.014157 0.00704294
 0.0297439 -0.0141566 0.00704279
 0.0297431 -0.0141561 0.00704265
 0.0297423 -0.0141557  0.0070425
 0.0297414 -0.0141553 0.00704235
 0.0297406 -0.0141549 0.00704221
 0.0297398 -0.0141545 0.00704206
  0.029739  -0.014154 0.00704192
 0.0297382 -0.0141536 0.00704178
 0.0297374 -0.0141532 0.00704164
 0.0297366 -0.0141528 0.00704149
 0.0297358 -0.0141524 0.00704135
  0.029735  -0.014152 0.00704122
 0.0297343 -0.0141516 0.00704108
 0.0297335 -0.0141512 0.00704094
 0.0297327 -0.0141508  0.0070408
 0.0297319 -0.0141504 0.00704066
 0.0297312   -0.01415 0.00704053
 0.0297304 -0.0141496 0.00704039
 0.0297296 -0.0141492 0.00704026
 0.0297289 -0.0141488 0.00704013
 0.0297281 -0.0141484 0.00703999
 0.0297274  -0.014148 0.00703986
 0.0297266 -0.0141476 0.00703973
 0.0297259 -0.0141472  0.0070396
 0.0297251 -0.0141469 0.00703947
 0.0297244 -0.0141465 0.00703934
 0.0297237 -0.0141461 0.00703921
 0.0297229 -0.0141457 0.00703909
 0.0297222 -0.0141453 0.00703896
 0.0297215  -0.014145 0.00703883
 0.0297208 -0.0141446 0.00703871
 0.0297201 -0.0141442 0.00703858
 0.0297193 -0.0141439 0.00703846
 0.0297186 -0.0141435 0.00703833
 0.0297179 -0.0141431 0.00703821
 0.0297172 -0.0141428 0.00703809
 0.0297165 -0.0141424 0.00703797
 0.0297158  -0.014142 0.00703785
 0.0297151 -0.0141417 0.00703773
 0.0297144 -0.0141413 0.00703761
 0.0297137 -0.0141409 0.00703749
 0.0297131 -0.0141406 0.00703737
 0.0297124 -0.0141402 0.00703725
 0.0297117 -0.0141399 0.00703714
  0.029711 -0.0141395 0.00703702
 0.0297104 -0.0141392 0.00703691
 0.0297097 -0.0141388 0.00703679
  0.029709 -0.0141385 0.00703668
 0.0297084 -0.0141381 0.00703656
 0.0297077 -0.0141378 0.00703645
  0.029707 -0.0141375 0.00703634
 0.0297064 -0.0141371 0.00703623
 0.0297057 -0.0141368 0.00703612
 0.0297051 -0.0141364 0.00703601
 0.0297044 -0.0141361  0.0070359
 0.0297038 -0.0141358 0.00703579
 0.0297032 -0.0141354 0.00703568
 0.0297025 -0.0141351 0.00703557
 0.0297019 -0.0141348 0.00703546
 0.0297013 -0.0141344 0.00703536
 0.0297006 -0.0141341 0.00703525
    0.0297 -0.0141338 0.00703514
 0.0296994 -0.0141335 0.00703504
 0.0296988 -0.0141331 0.00703494
 0.0296981 -0.0141328 0.00703483
 0.0296975 -0.0141325 0.00703473
 0.0296969 -0.0141322 0.00703463
 0.0296963 -0.0141319 0.00703453
 0.0296957 -0.0141316 0.00703442
 0.0296951 -0.0141312 0.00703432
 0.0296945 -0.0141309 0.00703422
 0.0296939 -0.0141306 0.00703412
 0.0296933 -0.0141303 0.00703402
 0.0296927   -0.01413 0.00703393
 0.0296921 -0.0141297 0.00703383
 0.0296916 -0.0141294 0.00703373
  0.029691 -0.0141291 0.00703363
 0.0296904 -0.0141288 0.00703354
 0.0296898 -0.0141285 0.00703344
 0.0296892 -0.0141282 0.00703335
 0.0296887 -0.0141279 0.00703325
 0.0296881 -0.0141276 0.00703316
 0.0296875 -0.0141273 0.00703307
  0.029687  -0.014127 0.00703297
 0.0296864 -0.0141267 0.00703288
 0.0296858 -0.0141264 0.00703279
 0.0296853 -0.0141261  0.0070327
 0.0296847 -0.0141258 0.00703261
 0.0296842 -0.0141255 0.00703252
 0.0296836 -0.0141252 0.00703243
 0.0296831 -0.0141249 0.00703234
 0.0296825 -0.0141247 0.00703225
  0.029682 -0.0141244 0.00703216
 0.0296815 -0.0141241 0.00703207
 0.0296809 -0.0141238 0.00703199
 0.0296804 -0.0141235  0.0070319
 0.0296799 -0.0141233 0.00703181
 0.0296793  -0.014123 0.00703173
 0.0296788 -0.0141227 0.00703164
 0.0296783 -0.0141224 0.00703156
 0.0296777 -0.0141222 0.00703147
 0.0296772 -0.0141219 0.00703139
 0.0296767 -0.0141216 0.00703131
 0.0296762 -0.0141213 0.00703123
 0.0296757 -0.0141211 0.00703114
 0.0296752 -0.0141208 0.00703106
 0.0296747 -0.0141205 0.00703098
 0.0296742 -0.0141203  0.0070309
 0.0296737   -0.01412 0.00703082
 0.0296732 -0.0141197 0.00703074
 0.0296727 -0.0141195 0.00703066
 0.0296722 -0.0141192 0.00703058
0.0296717 -0.014119 0.0070305
 0.0296712 -0.0141187 0.00703043
 0.0296707 -0.0141184 0.00703035
 0.0296702 -0.0141182 0.00703027
 0.0296697 -0.0141179 0.00703019
 0.0296692 -0.0141177 0.00703012
 0.0296687 -0.0141174 0.00703004
 0.0296683 -0.0141172 0.00702997
 0.0296678 -0.0141169 0.00702989
 0.0296673 -0.0141167 0.00702982
 0.0296668 -0.0141164 0.00702975
 0.0296664 -0.0141162 0.00702967
 0.0296659 -0.0141159  0.0070296
 0.0296654 -0.0141157 0.00702953
  0.029665 -0.0141154 0.00702946
 0.0296645 -0.0141152 0.00702938
 0.0296641 -0.0141149 0.00702931
 0.0296636 -0.0141147 0.00702924
 0.0296632 -0.0141145 0.00702917
 0.0296627 -0.0141142  0.0070291
 0.0296622  -0.014114 0.00702903
 0.0296618 -0.0141138 0.00702896
 0.0296614 -0.0141135 0.00702889
 0.0296609 -0.0141133 0.00702883
 0.0296605 -0.0141131 0.00702876
   0.02966 -0.0141128 0.00702869
 0.0296596 -0.0141126 0.00702862
 0.0296592 -0.0141124 0.00702856
 0.0296587 -0.0141121 0.00702849
 0.0296583 -0.0141119 0.00702843
 0.0296579 -0.0141117 0.00702836
 0.0296574 -0.0141114  0.0070283
  0.029657 -0.0141112 0.00702823
 0.0296566  -0.014111 0.00702817
 0.0296562 -0.0141108  0.0070281
 0.0296557 -0.0141105 0.00702804
 0.0296553 -0.0141103 0.00702798
 0.0296549 -0.0141101 0.00702791
 0.0296545 -0.0141099 0.00702785
 0.0296541 -0.0141097 0.00702779
 0.0296537 -0.0141094 0.00702773
 0.0296533 -0.0141092 0.00702767
 0.0296528  -0.014109 0.00702761
 0.0296524 -0.0141088 0.00702755
  0.029652 -0.0141086 0.00702749
 0.0296516 -0.0141084 0.00702743
 0.0296512 -0.0141082 0.00702737
 0.0296508  -0.014108 0.00702731
 0.0296504 -0.0141077 0.00702725
   0.02965 -0.0141075 0.00702719
 0.0296497 -0.0141073 0.00702714
 0.0296493 -0.0141071 0.00702708
 0.0296489 -0.0141069 0.00702702
 0.0296485 -0.0141067 0.00702696
 0.0296481 -0.0141065 0.00702691
 0.0296477 -0.0141063 0.00702685
 0.0296473 -0.0141061  0.0070268
  0.029647 -0.0141059 0.00702674
 0.0296466 -0.0141057 0.00702669
 0.0296462 -0.0141055 0.00702663
 0.0296458 -0.0141053 0.00702658
 0.0296455 -0.0141051 0.00702652
 0.0296451 -0.0141049 0.00702647
 0.0296447 -0.0141047 0.00702642
 0.0296443 -0.0141045 0.00702637
  0.029644 -0.0141043 0.00702631
 0.0296436 -0.0141041 0.00702626
 0.0296433 -0.0141039 0.00702621
 0.0296429 -0.0141037 0.00702616
 0.0296425 -0.0141035 0.00702611
 0.0296422 -0.0141033 0.00702606
 0.0296418 -0.0141032 0.00702601
 0.0296415  -0.014103 0.00702596
 0.0296411 -0.0141028 0.00702591
 0.0296408 -0.0141026 0.00702586
 0.0296404 -0.0141024 0.00702581
 0.0296401 -0.0141022 0.00702576
 0.0296397  -0.014102 0.00702571
 0.0296394 -0.0141018 0.00702566
  0.029639 -0.0141017 0.00702561
 0.0296387 -0.0141015 0.00702557
 0.0296384 -0.0141013 0.00702552
  0.029638 -0.0141011 0.00702547
 0.0296377 -0.0141009 0.00702542
 0.0296373 -0.0141008 0.00702538
  0.029637 -0.0141006 0.00702533
 0.0296367 -0.0141004 0.00702529
 0.0296363 -0.0141002 0.00702524
  0.029636 -0.0141001  0.0070252
 0.0296357 -0.0140999 0.00702515
 0.0296354 -0.0140997 0.00702511
  0.029635 -0.0140995 0.00702506
 0.0296347 -0.0140994 0.00702502
 0.0296344 -0.0140992 0.00702497
 0.0296341  -0.014099 0.00702493
 0.0296338 -0.0140988 0.00702489
 0.0296334 -0.0140987 0.00702484
 0.0296331 -0.0140985  0.0070248
 0.0296328 -0.0140983 0.00702476
 0.0296325 -0.0140982 0.00702472
 0.0296322  -0.014098 0.00702468
 0.0296319 -0.0140978 0.00702463
 0.0296316 -0.0140977 0.00702459
 0.0296313 -0.0140975 0.00702455
  0.029631 -0.0140973 0.00702451
 0.0296307 -0.0140972 0.00702447
 0.0296304  -0.014097 0.00702443
 0.0296301 -0.0140969 0.00702439
 0.0296298 -0.0140967 0.00702435
 0.0296295 -0.0140965 0.00702431
 0.0296292 -0.0140964 0.00702427
 0.0296289 -0.0140962 0.00702424
 0.0296286 -0.0140961  0.0070242
 0.0296283 -0.0140959 0.00702416
  0.029628 -0.0140957 0.00702412
 0.0296277 -0.0140956 0.00702408
 0.0296274 -0.0140954 0.00702405
 0.0296271 -0.0140953 0.00702401
 0.0296268 -0.0140951 0.00702397
 0.0296265  -0.014095 0.00702394
 0.0296263 -0.0140948  0.0070239
  0.029626 -0.0140947 0.00702386
 0.0296257 -0.0140945 0.00702383
 0.0296254 -0.0140944 0.00702379
 0.0296251 -0.0140942 0.00702376
 0.0296249 -0.0140941 0.00702372
 0.0296246 -0.0140939 0.00702369
 0.0296243 -0.0140938 0.00702365
  0.029624 -0.0140936 0.00702362
 0.0296238 -0.0140935 0.00702358
 0.0296235 -0.0140933 0.00702355
 0.0296232 -0.0140932 0.00702352
  0.029623  -0.014093 0.00702348
 0.0296227 -0.0140929 0.00702345
 0.0296224 -0.0140927 0.00702342
 0.0296222 -0.0140926 0.00702338
 0.0296219 -0.0140925 0.00702335
 0.0296216 -0.0140923 0.00702332
 0.0296214 -0.0140922 0.00702329
 0.0296211  -0.014092 0.00702325
 0.0296209 -0.0140919 0.00702322
 0.0296206 -0.0140917 0.00702319
 0.0296203 -0.0140916 0.00702316
 0.0296201 -0.0140915 0.00702313
 0.0296198 -0.0140913  0.0070231
 0.0296196 -0.0140912 0.00702307
 0.0296193 -0.0140911 0.00702304
 0.0296191 -0.0140909 0.00702301
 0.0296188 -0.0140908 0.00702298
 0.0296186 -0.0140907 0.00702295
 0.0296183 -0.0140905 0.00702292
 0.0296181 -0.0140904 0.00702289
 0.0296179 -0.0140903 0.00702286
 0.0296176 -0.0140901 0.00702283
0.0296174  -0.01409 0.0070228
 0.0296171 -0.0140899 0.00702278
 0.0296169 -0.0140897 0.00702275
 0.0296166 -0.0140896 0.00702272
 0.0296164 -0.0140895 0.00702269
 0.0296162 -0.0140893 0.00702266
 0.0296159 -0.0140892 0.00702264
 0.0296157 -0.0140891 0.00702261
 0.0296155  -0.014089 0.00702258
 0.0296152 -0.0140888 0.00702256
  0.029615 -0.0140887 0.00702253
 0.0296148 -0.0140886  0.0070225
 0.0296145 -0.0140885 0.00702248
 0.0296143 -0.0140883 0.00702245
 0.0296141 -0.0140882 0.00702243
 0.0296139 -0.0140881  0.0070224
 0.0296136  -0.014088 0.00702238
 0.0296134 -0.0140878 0.00702235
 0.0296132 -0.0140877 0.00702233
  0.029613 -0.0140876  0.0070223
 0.0296128 -0.0140875 0.00702228
 0.0296125 -0.0140874 0.00702225
 0.0296123 -0.0140872 0.00702223
 0.0296121 -0.0140871  0.0070222
 0.0296119  -0.014087 0.00702218
 0.0296117 -0.0140869 0.00702216
 0.0296115 -0.0140868 0.00702213
 0.0296112 -0.0140866 0.00702211
  0.029611 -0.0140865 0.00702209
 0.0296108 -0.0140864 0.00702206
 0.0296106 -0.0140863 0.00702204
 0.0296104 -0.0140862 0.00702202
 0.0296102 -0.0140861   0.007022
   0.02961  -0.014086 0.00702197
 0.0296098 -0.0140858 0.00702195
 0.0296096 -0.0140857 0.00702193
 0.0296094 -0.0140856 0.00702191
 0.0296092 -0.0140855 0.00702189
  0.029609 -0.0140854 0.00702187
 0.0296088 -0.0140853 0.00702185
 0.0296086 -0.0140852 0.00702182
 0.0296084 -0.0140851  0.0070218
 0.0296082  -0.014085 0.00702178
  0.029608 -0.0140848 0.00702176
 0.0296078 -0.0140847 0.00702174
 0.0296076 -0.0140846 0.00702172
 0.0296074 -0.0140845  0.0070217
 0.0296072 -0.0140844 0.00702168
  0.029607 -0.0140843 0.00702166
 0.0296068 -0.0140842 0.00702164
 0.0296066 -0.0140841 0.00702162
 0.0296064  -0.014084 0.00702161
 0.0296062 -0.0140839 0.00702159
  0.029606 -0.0140838 0.00702157
 0.0296058 -0.0140837 0.00702155
 0.0296057 -0.0140836 0.00702153
 0.0296055 -0.0140835 0.00702151
 0.0296053 -0.0140834 0.00702149
 0.0296051 -0.0140833 0.00702148
 0.0296049 -0.0140832 0.00702146
 0.0296047 -0.0140831 0.00702144
 0.0296046  -0.014083 0.00702142
 0.0296044 -0.0140829 0.00702141
 0.0296042 -0.0140828 0.00702139
  0.029604 -0.0140827 0.00702137
 0.0296038 -0.0140826 0.00702135
 0.0296037 -0.0140825 0.00702134
 0.0296035 -0.0140824 0.00702132
 0.0296033 -0.0140823  0.0070213
 0.0296031 -0.0140822 0.00702129
  0.029603 -0.0140821 0.00702127
 0.0296028  -0.014082 0.00702126
 0.0296026 -0.0140819 0.00702124
 0.0296024 -0.0140818 0.00702122
 0.0296023 -0.0140817 0.00702121
 0.0296021 -0.0140816 0.00702119
 0.0296019 -0.0140815 0.00702118
 0.0296018 -0.0140814 0.00702116
 0.0296016 -0.0140813 0.00702115
 0.0296014 -0.0140812 0.00702113
 0.0296013 -0.0140811 0.00702112
0.0296011 -0.014081 0.0070211
 0.0296009 -0.0140809 0.00702109
 0.0296008 -0.0140809 0.00702107
 0.0296006 -0.0140808 0.00702106
 0.0296004 -0.0140807 0.00702105
 0.0296003 -0.0140806 0.00702103
 0.0296001 -0.0140805 0.00702102
    0.0296 -0.0140804   0.007021
 0.0295998 -0.0140803 0.00702099
 0.0295996 -0.0140802 0.00702098
 0.0295995 -0.0140801 0.00702096
 0.0295993 -0.0140801 0.00702095
 0.0295992   -0.01408 0.00702094
  0.029599 -0.0140799 0.00702092
 0.0295989 -0.0140798 0.00702091
 0.0295987 -0.0140797  0.0070209
 0.0295986 -0.0140796 0.00702089
 0.0295984 -0.0140795 0.00702087
 0.0295982 -0.0140794 0.00702086
 0.0295981 -0.0140794 0.00702085
 0.0295979 -0.0140793 0.00702084
 0.0295978 -0.0140792 0.00702082
 0.0295976 -0.0140791 0.00702081
0.0295975 -0.014079 0.0070208
 0.0295973 -0.0140789 0.00702079
 0.0295972 -0.0140789 0.00702078
 0.0295971 -0.0140788 0.00702077
 0.0295969 -0.0140787 0.00702076
 0.0295968 -0.0140786 0.00702074
 0.0295966 -0.0140785 0.00702073
 0.0295965 -0.0140785 0.00702072
 0.0295963 -0.0140784 0.00702071
 0.0295962 -0.0140783  0.0070207
 0.0295961 -0.0140782 0.00702069
 0.0295959 -0.0140781 0.00702068
 0.0295958 -0.0140781 0.00702067
 0.0295956  -0.014078 0.00702066
 0.0295955 -0.0140779 0.00702065
 0.0295954 -0.0140778 0.00702064
 0.0295952 -0.0140777 0.00702063
 0.0295951 -0.0140777 0.00702062
 0.0295949 -0.0140776 0.00702061
 0.0295948 -0.0140775  0.0070206
 0.0295947 -0.0140774 0.00702059
 0.0295945 -0.0140774 0.00702058
 0.0295944 -0.0140773 0.00702057
 0.0295943 -0.0140772 0.00702056
 0.0295941 -0.0140771 0.00702055
  0.029594 -0.0140771 0.00702054
 0.0295939  -0.014077 0.00702054
 0.0295937 -0.0140769 0.00702053
 0.0295936 -0.0140768 0.00702052
 0.0295935 -0.0140768 0.00702051
 0.0295934 -0.0140767  0.0070205
