  0.118901 -0.0839113    2.03768   0.329847  -0.297747    1.96993   -1.24536
  0.125307 -0.0861754    2.03917    0.33325  -0.296048    1.97239   -1.24504
  0.129696 -0.0878725    2.04015   0.335019   -0.29495    1.97359   -1.24445
    0.1328 -0.0892139    2.04082   0.335807  -0.294233    1.97408   -1.24375
  0.135072 -0.0903251     2.0413   0.336008  -0.293761    1.97417   -1.24303
  0.136799 -0.0912803    2.04164   0.335858  -0.293446    1.97407   -1.24232
  0.13816 -0.092124   2.04191  0.335502 -0.293235   1.97388  -1.24166
 0.139269 -0.092883   2.04211  0.335026 -0.293092   1.97367  -1.24105
    0.1402 -0.0935742    2.04228   0.334481  -0.292994    1.97347   -1.24049
  0.141001 -0.0942086    2.04242   0.333899  -0.292927     1.9733   -1.23998
  0.141704 -0.0947936    2.04255   0.333298  -0.292882    1.97317   -1.23953
 0.142332 -0.095335   2.04265  0.332689 -0.292853   1.97308  -1.23912
  0.142899 -0.0958372    2.04275   0.332078  -0.292835    1.97303   -1.23876
  0.143418 -0.0963041    2.04283   0.331468  -0.292826    1.97302   -1.23844
  0.143896 -0.0967388    2.04291   0.330862  -0.292824    1.97305   -1.23815
   0.14434 -0.0971443    2.04298   0.330259  -0.292827     1.9731    -1.2379
  0.144756 -0.0975232    2.04304   0.329662  -0.292835    1.97319   -1.23768
  0.145146 -0.0978779     2.0431   0.329069  -0.292847     1.9733   -1.23749
  0.145516 -0.0982105    2.04315   0.328481  -0.292861    1.97343   -1.23732
  0.145867 -0.0985232     2.0432   0.327898  -0.292879    1.97358   -1.23717
  0.146202 -0.0988178    2.04324   0.327318    -0.2929    1.97375   -1.23704
  0.146523 -0.0990958    2.04328   0.326743  -0.292923    1.97393   -1.23694
  0.146831 -0.0993588    2.04331   0.326172  -0.292947    1.97412   -1.23685
  0.147129 -0.0996083    2.04335   0.325604  -0.292974    1.97433   -1.23677
  0.147417 -0.0998454    2.04338    0.32504  -0.293003    1.97454   -1.23671
 0.147697 -0.100071    2.0434  0.324479 -0.293033   1.97477  -1.23666
  0.14797 -0.100287   2.04343   0.32392 -0.293064     1.975  -1.23662
 0.148236 -0.100493   2.04345  0.323365 -0.293097   1.97524   -1.2366
 0.148496 -0.100691   2.04347  0.322813 -0.293131   1.97548  -1.23658
 0.148751 -0.100882   2.04349  0.322263 -0.293167   1.97573  -1.23657
 0.149002 -0.101065    2.0435  0.321716 -0.293203   1.97598  -1.23657
 0.149249 -0.101242   2.04352  0.321172  -0.29324   1.97623  -1.23657
 0.149492 -0.101414   2.04353  0.320629 -0.293278   1.97649  -1.23659
 0.149731  -0.10158   2.04354  0.320089 -0.293316   1.97675  -1.23661
 0.149968 -0.101741   2.04355  0.319552 -0.293356   1.97701  -1.23663
 0.150202 -0.101898   2.04356  0.319016 -0.293395   1.97727  -1.23666
 0.150434 -0.102051   2.04357  0.318483 -0.293436   1.97754  -1.23669
 0.150664   -0.1022   2.04358  0.317952 -0.293477    1.9778  -1.23672
 0.150891 -0.102346   2.04358  0.317422 -0.293518   1.97807  -1.23676
 0.151117 -0.102489   2.04359  0.316895  -0.29356   1.97833  -1.23681
 0.151341 -0.102629   2.04359   0.31637 -0.293602    1.9786  -1.23685
 0.151564 -0.102766    2.0436  0.315847 -0.293645   1.97886   -1.2369
 0.151785 -0.102901    2.0436  0.315325 -0.293688   1.97913  -1.23695
 0.152005 -0.103034    2.0436  0.314806 -0.293731    1.9794  -1.23701
 0.152224 -0.103165   2.04361  0.314288 -0.293774   1.97966  -1.23706
 0.152441 -0.103294   2.04361  0.313772 -0.293817   1.97993  -1.23712
 0.152658 -0.103421   2.04361  0.313258 -0.293861    1.9802  -1.23717
 0.152873 -0.103547   2.04361  0.312746 -0.293905   1.98046  -1.23723
 0.153088 -0.103671   2.04361  0.312235 -0.293949   1.98073  -1.23729
 0.153301 -0.103794   2.04361  0.311727 -0.293993   1.98099  -1.23736
 0.153514 -0.103915   2.04361  0.311219 -0.294037   1.98126  -1.23742
 0.153725 -0.104036   2.04361  0.310714 -0.294081   1.98152  -1.23748
 0.153936 -0.104155   2.04361   0.31021 -0.294125   1.98178  -1.23755
 0.154146 -0.104273   2.04361  0.309708 -0.294169   1.98204  -1.23761
 0.154355 -0.104391   2.04361  0.309208 -0.294214   1.98231  -1.23768
 0.154564 -0.104507   2.04361   0.30871 -0.294258   1.98257  -1.23774
 0.154771 -0.104622    2.0436  0.308213 -0.294302   1.98283  -1.23781
 0.154978 -0.104737    2.0436  0.307717 -0.294347   1.98309  -1.23788
 0.155184 -0.104851    2.0436  0.307223 -0.294391   1.98334  -1.23794
  0.15539 -0.104964    2.0436  0.306731 -0.294435    1.9836  -1.23801
 0.155595 -0.105077    2.0436  0.306241  -0.29448   1.98386  -1.23808
 0.155799 -0.105188   2.04359  0.305752 -0.294524   1.98412  -1.23815
 0.156002 -0.105299   2.04359  0.305265 -0.294568   1.98437  -1.23822
 0.156205  -0.10541   2.04359  0.304779 -0.294612   1.98463  -1.23828
 0.156407  -0.10552   2.04359  0.304295 -0.294656   1.98488  -1.23835
 0.156608 -0.105629   2.04359  0.303812   -0.2947   1.98513  -1.23842
 0.156809 -0.105738   2.04358  0.303331 -0.294744   1.98539  -1.23849
 0.157009 -0.105847   2.04358  0.302852 -0.294788   1.98564  -1.23856
 0.157208 -0.105955   2.04358  0.302374 -0.294832   1.98589  -1.23863
 0.157407 -0.106062   2.04357  0.301897 -0.294876   1.98614   -1.2387
 0.157605 -0.106169   2.04357  0.301422  -0.29492   1.98639  -1.23877
 0.157802 -0.106275   2.04357  0.300949 -0.294964   1.98664  -1.23883
 0.157999 -0.106381   2.04357  0.300477 -0.295007   1.98688   -1.2389
 0.158196 -0.106487   2.04356  0.300007 -0.295051   1.98713  -1.23897
 0.158391 -0.106592   2.04356  0.299538 -0.295094   1.98738  -1.23904
 0.158586 -0.106697   2.04356  0.299071 -0.295137   1.98762  -1.23911
  0.15878 -0.106801   2.04355  0.298605 -0.295181   1.98787  -1.23918
 0.158974 -0.106905   2.04355   0.29814 -0.295224   1.98811  -1.23924
 0.159167 -0.107009   2.04355  0.297677 -0.295267   1.98835  -1.23931
  0.15936 -0.107112   2.04354  0.297216  -0.29531    1.9886  -1.23938
 0.159551 -0.107215   2.04354  0.296756 -0.295353   1.98884  -1.23945
 0.159743 -0.107317   2.04354  0.296297 -0.295396   1.98908  -1.23952
 0.159933 -0.107419   2.04353   0.29584 -0.295439   1.98932  -1.23958
 0.160123 -0.107521   2.04353  0.295385 -0.295481   1.98956  -1.23965
 0.160313 -0.107622   2.04353  0.294931 -0.295524    1.9898  -1.23972
 0.160502 -0.107723   2.04353  0.294478 -0.295567   1.99003  -1.23979
  0.16069 -0.107824   2.04352  0.294026 -0.295609   1.99027  -1.23985
 0.160878 -0.107924   2.04352  0.293577 -0.295651   1.99051  -1.23992
 0.161065 -0.108024   2.04352  0.293128 -0.295694   1.99074  -1.23999
 0.161251 -0.108124   2.04351  0.292681 -0.295736   1.99098  -1.24005
 0.161437 -0.108223   2.04351  0.292235 -0.295778   1.99121  -1.24012
 0.161622 -0.108322   2.04351  0.291791  -0.29582   1.99144  -1.24019
 0.161807 -0.108421    2.0435  0.291348 -0.295862   1.99168  -1.24025
 0.161991 -0.108519    2.0435  0.290907 -0.295903   1.99191  -1.24032
 0.162175 -0.108617    2.0435  0.290466 -0.295945   1.99214  -1.24038
 0.162358 -0.108715   2.04349  0.290028 -0.295987   1.99237  -1.24045
  0.16254 -0.108812   2.04349   0.28959 -0.296028    1.9926  -1.24051
 0.162722 -0.108909   2.04349  0.289154  -0.29607   1.99283  -1.24058
 0.162904 -0.109006   2.04348   0.28872 -0.296111   1.99305  -1.24064
 0.163084 -0.109102   2.04348  0.288286 -0.296152   1.99328  -1.24071
 0.163265 -0.109199   2.04348  0.287854 -0.296193   1.99351  -1.24077
 0.163444 -0.109294   2.04347  0.287424 -0.296235   1.99373  -1.24084
 0.163623  -0.10939   2.04347  0.286995 -0.296276   1.99396   -1.2409
 0.163802 -0.109485   2.04347  0.286567 -0.296316   1.99418  -1.24097
  0.16398  -0.10958   2.04346   0.28614 -0.296357   1.99441  -1.24103
 0.164157 -0.109675   2.04346  0.285715 -0.296398   1.99463  -1.24109
 0.164334 -0.109769   2.04346  0.285291 -0.296439   1.99485  -1.24116
  0.16451 -0.109863   2.04345  0.284868 -0.296479   1.99507  -1.24122
 0.164686 -0.109957   2.04345  0.284447  -0.29652   1.99529  -1.24128
0.164861 -0.11005  2.04345 0.284027 -0.29656  1.99551 -1.24135
 0.165036 -0.110143   2.04344  0.283608   -0.2966   1.99573  -1.24141
  0.16521 -0.110236   2.04344  0.283191  -0.29664   1.99595  -1.24147
 0.165384 -0.110329   2.04344  0.282775  -0.29668   1.99617  -1.24154
 0.165557 -0.110421   2.04344   0.28236 -0.296721   1.99639   -1.2416
 0.165729 -0.110513   2.04343  0.281946  -0.29676    1.9966  -1.24166
 0.165901 -0.110605   2.04343  0.281534   -0.2968   1.99682  -1.24172
 0.166073 -0.110696   2.04343  0.281123  -0.29684   1.99704  -1.24179
 0.166244 -0.110787   2.04342  0.280713  -0.29688   1.99725  -1.24185
 0.166414 -0.110878   2.04342  0.280305 -0.296919   1.99746  -1.24191
 0.166584 -0.110969   2.04342  0.279898 -0.296959   1.99768  -1.24197
 0.166753 -0.111059   2.04341  0.279492 -0.296998   1.99789  -1.24203
 0.166922 -0.111149   2.04341  0.279087 -0.297037    1.9981  -1.24209
 0.167091 -0.111239   2.04341  0.278684 -0.297077   1.99831  -1.24215
 0.167258 -0.111328    2.0434  0.278281 -0.297116   1.99852  -1.24221
 0.167426 -0.111417    2.0434   0.27788 -0.297155   1.99873  -1.24227
 0.167592 -0.111506    2.0434  0.277481 -0.297194   1.99894  -1.24233
 0.167759 -0.111595   2.04339  0.277082 -0.297233   1.99915  -1.24239
 0.167924 -0.111683   2.04339  0.276685 -0.297272   1.99936  -1.24246
  0.16809 -0.111771   2.04339  0.276289  -0.29731   1.99957  -1.24251
 0.168254 -0.111859   2.04339  0.275894 -0.297349   1.99977  -1.24257
 0.168419 -0.111946   2.04338    0.2755 -0.297387   1.99998  -1.24263
 0.168582 -0.112034   2.04338  0.275108 -0.297426   2.00019  -1.24269
 0.168746 -0.112121   2.04338  0.274716 -0.297464   2.00039  -1.24275
 0.168908 -0.112207   2.04337  0.274326 -0.297503   2.00059  -1.24281
 0.169071 -0.112294   2.04337  0.273937 -0.297541    2.0008  -1.24287
 0.169233  -0.11238   2.04337   0.27355 -0.297579     2.001  -1.24293
 0.169394 -0.112466   2.04336  0.273163 -0.297617    2.0012  -1.24299
 0.169555 -0.112552   2.04336  0.272778 -0.297655   2.00141  -1.24305
 0.169715 -0.112637   2.04336  0.272394 -0.297693   2.00161   -1.2431
 0.169875 -0.112722   2.04335  0.272011 -0.297731   2.00181  -1.24316
 0.170034 -0.112807   2.04335  0.271629 -0.297768   2.00201  -1.24322
 0.170193 -0.112892   2.04335  0.271248 -0.297806   2.00221  -1.24328
 0.170351 -0.112976   2.04335  0.270868 -0.297843    2.0024  -1.24334
 0.170509  -0.11306   2.04334   0.27049 -0.297881    2.0026  -1.24339
 0.170666 -0.113144   2.04334  0.270113 -0.297918    2.0028  -1.24345
 0.170823 -0.113228   2.04334  0.269737 -0.297956     2.003  -1.24351
  0.17098 -0.113311   2.04333  0.269362 -0.297993   2.00319  -1.24357
 0.171136 -0.113394   2.04333  0.268988  -0.29803   2.00339  -1.24362
 0.171291 -0.113477   2.04333  0.268615 -0.298067   2.00358  -1.24368
 0.171446 -0.113559   2.04333  0.268244 -0.298104   2.00378  -1.24374
 0.171601 -0.113642   2.04332  0.267873 -0.298141   2.00397  -1.24379
 0.171755 -0.113724   2.04332  0.267504 -0.298178   2.00416  -1.24385
 0.171908 -0.113806   2.04332  0.267136 -0.298215   2.00436   -1.2439
 0.172062 -0.113887   2.04331  0.266769 -0.298251   2.00455  -1.24396
 0.172214 -0.113969   2.04331  0.266403 -0.298288   2.00474  -1.24402
 0.172367  -0.11405   2.04331  0.266038 -0.298324   2.00493  -1.24407
 0.172518  -0.11413   2.04331  0.265674 -0.298361   2.00512  -1.24413
  0.17267 -0.114211    2.0433  0.265312 -0.298397   2.00531  -1.24418
 0.172821 -0.114291    2.0433   0.26495 -0.298433    2.0055  -1.24424
 0.172971 -0.114371    2.0433  0.264589  -0.29847   2.00569  -1.24429
 0.173121 -0.114451   2.04329   0.26423 -0.298506   2.00587  -1.24435
  0.17327 -0.114531   2.04329  0.263872 -0.298542   2.00606   -1.2444
  0.17342  -0.11461   2.04329  0.263515 -0.298578   2.00625  -1.24446
 0.173568 -0.114689   2.04329  0.263158 -0.298614   2.00643  -1.24451
 0.173716 -0.114768   2.04328  0.262803 -0.298649   2.00662  -1.24456
 0.173864 -0.114847   2.04328  0.262449 -0.298685   2.00681  -1.24462
 0.174011 -0.114925   2.04328  0.262096 -0.298721   2.00699  -1.24467
 0.174158 -0.115004   2.04327  0.261744 -0.298756   2.00717  -1.24473
 0.174305 -0.115082   2.04327  0.261393 -0.298792   2.00736  -1.24478
 0.174451 -0.115159   2.04327  0.261044 -0.298827   2.00754  -1.24483
 0.174596 -0.115237   2.04327  0.260695 -0.298863   2.00772  -1.24489
 0.174741 -0.115314   2.04326  0.260347 -0.298898    2.0079  -1.24494
 0.174886 -0.115391   2.04326  0.260001 -0.298933   2.00808  -1.24499
  0.17503 -0.115468   2.04326  0.259655 -0.298968   2.00827  -1.24505
 0.175174 -0.115544   2.04326   0.25931 -0.299003   2.00845   -1.2451
 0.175317 -0.115621   2.04325  0.258967 -0.299038   2.00862  -1.24515
  0.17546 -0.115697   2.04325  0.258624 -0.299073    2.0088   -1.2452
 0.175603 -0.115773   2.04325  0.258283 -0.299108   2.00898  -1.24526
 0.175745 -0.115848   2.04325  0.257942 -0.299143   2.00916  -1.24531
 0.175886 -0.115924   2.04324  0.257603 -0.299177   2.00934  -1.24536
 0.176028 -0.115999   2.04324  0.257264 -0.299212   2.00951  -1.24541
 0.176169 -0.116074   2.04324  0.256927 -0.299247   2.00969  -1.24546
 0.176309 -0.116149   2.04324   0.25659 -0.299281   2.00987  -1.24552
 0.176449 -0.116223   2.04323  0.256255 -0.299316   2.01004  -1.24557
 0.176588 -0.116297   2.04323   0.25592  -0.29935   2.01022  -1.24562
 0.176728 -0.116371   2.04323  0.255587 -0.299384   2.01039  -1.24567
 0.176866 -0.116445   2.04322  0.255254 -0.299418   2.01056  -1.24572
 0.177005 -0.116519   2.04322  0.254923 -0.299452   2.01074  -1.24577
 0.177143 -0.116592   2.04322  0.254592 -0.299486   2.01091  -1.24582
  0.17728 -0.116666   2.04322  0.254263  -0.29952   2.01108  -1.24587
 0.177417 -0.116738   2.04321  0.253934 -0.299554   2.01125  -1.24592
 0.177554 -0.116811   2.04321  0.253607 -0.299588   2.01142  -1.24597
  0.17769 -0.116884   2.04321   0.25328 -0.299622   2.01159  -1.24602
 0.177826 -0.116956   2.04321  0.252954 -0.299655   2.01176  -1.24607
 0.177962 -0.117028   2.04321   0.25263 -0.299689   2.01193  -1.24612
 0.178097   -0.1171    2.0432  0.252306 -0.299723    2.0121  -1.24617
 0.178231 -0.117172    2.0432  0.251983 -0.299756   2.01227  -1.24622
 0.178366 -0.117243    2.0432  0.251661 -0.299789   2.01244  -1.24627
   0.1785 -0.117314    2.0432  0.251341 -0.299823    2.0126  -1.24632
 0.178633 -0.117385   2.04319  0.251021 -0.299856   2.01277  -1.24637
 0.178766 -0.117456   2.04319  0.250702 -0.299889   2.01294  -1.24642
 0.178899 -0.117527   2.04319  0.250384 -0.299922    2.0131  -1.24647
 0.179031 -0.117597   2.04319  0.250067 -0.299955   2.01327  -1.24652
 0.179163 -0.117667   2.04318  0.249751 -0.299988   2.01343  -1.24657
 0.179295 -0.117737   2.04318  0.249435 -0.300021    2.0136  -1.24662
 0.179426 -0.117807   2.04318  0.249121 -0.300054   2.01376  -1.24666
 0.179557 -0.117877   2.04318  0.248808 -0.300087   2.01393  -1.24671
 0.179687 -0.117946   2.04317  0.248495  -0.30012   2.01409  -1.24676
 0.179817 -0.118015   2.04317  0.248184 -0.300152   2.01425  -1.24681
 0.179947 -0.118084   2.04317  0.247873 -0.300185   2.01441  -1.24686
 0.180076 -0.118153   2.04317  0.247564 -0.300217   2.01457  -1.24691
 0.180205 -0.118221   2.04317  0.247255  -0.30025   2.01474  -1.24695
 0.180333  -0.11829   2.04316  0.246947 -0.300282    2.0149    -1.247
 0.180461 -0.118358   2.04316   0.24664 -0.300314   2.01506  -1.24705
 0.180589 -0.118426   2.04316  0.246334 -0.300347   2.01522   -1.2471
 0.180717 -0.118493   2.04316  0.246029 -0.300379   2.01537  -1.24714
 0.180844 -0.118561   2.04315  0.245725 -0.300411   2.01553  -1.24719
  0.18097 -0.118628   2.04315  0.245421 -0.300443   2.01569  -1.24724
 0.181096 -0.118695   2.04315  0.245119 -0.300475   2.01585  -1.24728
 0.181222 -0.118762   2.04315  0.244817 -0.300507   2.01601  -1.24733
 0.181348 -0.118829   2.04315  0.244517 -0.300539   2.01616  -1.24738
 0.181473 -0.118896   2.04314  0.244217  -0.30057   2.01632  -1.24742
 0.181598 -0.118962   2.04314  0.243918 -0.300602   2.01648  -1.24747
 0.181722 -0.119028   2.04314   0.24362 -0.300634   2.01663  -1.24752
 0.181846 -0.119094   2.04314  0.243323 -0.300665   2.01679  -1.24756
  0.18197  -0.11916   2.04314  0.243026 -0.300697   2.01694  -1.24761
 0.182093 -0.119225   2.04313  0.242731 -0.300728   2.01709  -1.24765
 0.182216 -0.119291   2.04313  0.242436  -0.30076   2.01725   -1.2477
 0.182339 -0.119356   2.04313  0.242143 -0.300791    2.0174  -1.24774
 0.182461 -0.119421   2.04313   0.24185 -0.300822   2.01755  -1.24779
 0.182583 -0.119486   2.04313  0.241558 -0.300853    2.0177  -1.24784
 0.182704  -0.11955   2.04312  0.241267 -0.300884   2.01786  -1.24788
 0.182825 -0.119615   2.04312  0.240976 -0.300915   2.01801  -1.24793
 0.182946 -0.119679   2.04312  0.240687 -0.300946   2.01816  -1.24797
 0.183067 -0.119743   2.04312  0.240398 -0.300977   2.01831  -1.24802
 0.183187 -0.119807   2.04312  0.240111 -0.301008   2.01846  -1.24806
 0.183307  -0.11987   2.04311  0.239824 -0.301039   2.01861   -1.2481
 0.183426 -0.119934   2.04311  0.239538  -0.30107   2.01876  -1.24815
 0.183545 -0.119997   2.04311  0.239252   -0.3011   2.01891  -1.24819
 0.183664  -0.12006   2.04311  0.238968 -0.301131   2.01905  -1.24824
 0.183782 -0.120123   2.04311  0.238684 -0.301162    2.0192  -1.24828
   0.1839 -0.120186    2.0431  0.238402 -0.301192   2.01935  -1.24833
 0.184018 -0.120248    2.0431   0.23812 -0.301223    2.0195  -1.24837
 0.184135 -0.120311    2.0431  0.237838 -0.301253   2.01964  -1.24841
 0.184252 -0.120373    2.0431  0.237558 -0.301283   2.01979  -1.24846
 0.184369 -0.120435    2.0431  0.237279 -0.301313   2.01993   -1.2485
 0.184485 -0.120496    2.0431     0.237 -0.301344   2.02008  -1.24854
 0.184601 -0.120558   2.04309  0.236722 -0.301374   2.02022  -1.24859
 0.184717 -0.120619   2.04309  0.236445 -0.301404   2.02037  -1.24863
 0.184832 -0.120681   2.04309  0.236169 -0.301434   2.02051  -1.24867
 0.184947 -0.120742   2.04309  0.235893 -0.301464   2.02065  -1.24872
 0.185062 -0.120803   2.04309  0.235619 -0.301494    2.0208  -1.24876
 0.185176 -0.120863   2.04309  0.235345 -0.301523   2.02094   -1.2488
  0.18529 -0.120924   2.04308  0.235072 -0.301553   2.02108  -1.24884
 0.185404 -0.120984   2.04308    0.2348 -0.301583   2.02122  -1.24889
 0.185517 -0.121044   2.04308  0.234528 -0.301612   2.02137  -1.24893
  0.18563 -0.121104   2.04308  0.234257 -0.301642   2.02151  -1.24897
 0.185743 -0.121164   2.04308  0.233988 -0.301672   2.02165  -1.24901
 0.185855 -0.121224   2.04308  0.233718 -0.301701   2.02179  -1.24906
 0.185967 -0.121283   2.04307   0.23345  -0.30173   2.02193   -1.2491
 0.186079 -0.121343   2.04307  0.233182  -0.30176   2.02207  -1.24914
 0.186191 -0.121402   2.04307  0.232916 -0.301789    2.0222  -1.24918
 0.186302 -0.121461   2.04307   0.23265 -0.301818   2.02234  -1.24922
 0.186412  -0.12152   2.04307  0.232384 -0.301847   2.02248  -1.24926
 0.186523 -0.121578   2.04307   0.23212 -0.301876   2.02262   -1.2493
 0.186633 -0.121637   2.04306  0.231856 -0.301906   2.02276  -1.24935
 0.186743 -0.121695   2.04306  0.231593 -0.301934   2.02289  -1.24939
 0.186852 -0.121753   2.04306  0.231331 -0.301963   2.02303  -1.24943
 0.186961 -0.121811   2.04306   0.23107 -0.301992   2.02316  -1.24947
  0.18707 -0.121869   2.04306  0.230809 -0.302021    2.0233  -1.24951
 0.187179 -0.121926   2.04306  0.230549  -0.30205   2.02344  -1.24955
 0.187287 -0.121984   2.04306   0.23029 -0.302079   2.02357  -1.24959
 0.187395 -0.122041   2.04305  0.230031 -0.302107    2.0237  -1.24963
 0.187502 -0.122098   2.04305  0.229774 -0.302136   2.02384  -1.24967
  0.18761 -0.122155   2.04305  0.229517 -0.302164   2.02397  -1.24971
 0.187717 -0.122212   2.04305  0.229261 -0.302193   2.02411  -1.24975
 0.187823 -0.122268   2.04305  0.229005 -0.302221   2.02424  -1.24979
  0.18793 -0.122325   2.04305   0.22875 -0.302249   2.02437  -1.24983
 0.188036 -0.122381   2.04305  0.228496 -0.302278    2.0245  -1.24987
 0.188142 -0.122437   2.04305  0.228243 -0.302306   2.02463  -1.24991
 0.188247 -0.122493   2.04304  0.227991 -0.302334   2.02477  -1.24995
 0.188352 -0.122549   2.04304  0.227739 -0.302362    2.0249  -1.24999
 0.188457 -0.122604   2.04304  0.227488  -0.30239   2.02503  -1.25003
 0.188562  -0.12266   2.04304  0.227237 -0.302418   2.02516  -1.25007
 0.188666 -0.122715   2.04304  0.226988 -0.302446   2.02529  -1.25011
  0.18877  -0.12277   2.04304  0.226739 -0.302474   2.02542  -1.25015
 0.188873 -0.122825   2.04304  0.226491 -0.302502   2.02555  -1.25019
0.188977 -0.12288  2.04303 0.226243 -0.30253  2.02567 -1.25023
  0.18908 -0.122935   2.04303  0.225996 -0.302558    2.0258  -1.25026
 0.189183 -0.122989   2.04303   0.22575 -0.302585   2.02593   -1.2503
 0.189285 -0.123043   2.04303  0.225505 -0.302613   2.02606  -1.25034
 0.189387 -0.123098   2.04303   0.22526 -0.302641   2.02619  -1.25038
 0.189489 -0.123152   2.04303  0.225016 -0.302668   2.02631  -1.25042
 0.189591 -0.123205   2.04303  0.224773 -0.302696   2.02644  -1.25046
 0.189692 -0.123259   2.04303  0.224531 -0.302723   2.02656  -1.25049
 0.189793 -0.123313   2.04303  0.224289  -0.30275   2.02669  -1.25053
 0.189894 -0.123366   2.04302  0.224048 -0.302778   2.02682  -1.25057
 0.189994 -0.123419   2.04302  0.223807 -0.302805   2.02694  -1.25061
 0.190094 -0.123472   2.04302  0.223567 -0.302832   2.02707  -1.25065
 0.190194 -0.123525   2.04302  0.223328 -0.302859   2.02719  -1.25068
 0.190294 -0.123578   2.04302   0.22309 -0.302886   2.02731  -1.25072
 0.190393 -0.123631   2.04302  0.222852 -0.302913   2.02744  -1.25076
 0.190492 -0.123683   2.04302  0.222615  -0.30294   2.02756   -1.2508
 0.190591 -0.123735   2.04302  0.222379 -0.302967   2.02768  -1.25083
 0.190689 -0.123788   2.04302  0.222143 -0.302994   2.02781  -1.25087
 0.190787  -0.12384   2.04302  0.221908 -0.303021   2.02793  -1.25091
 0.190885 -0.123891   2.04301  0.221674 -0.303048   2.02805  -1.25094
 0.190983 -0.123943   2.04301   0.22144 -0.303074   2.02817  -1.25098
  0.19108 -0.123995   2.04301  0.221207 -0.303101   2.02829  -1.25102
 0.191177 -0.124046   2.04301  0.220975 -0.303128   2.02841  -1.25105
 0.191274 -0.124097   2.04301  0.220743 -0.303154   2.02853  -1.25109
  0.19137 -0.124148   2.04301  0.220512 -0.303181   2.02865  -1.25113
 0.191467 -0.124199   2.04301  0.220282 -0.303207   2.02877  -1.25116
 0.191563  -0.12425   2.04301  0.220052 -0.303234   2.02889   -1.2512
 0.191658 -0.124301   2.04301  0.219823  -0.30326   2.02901  -1.25124
 0.191754 -0.124351   2.04301  0.219594 -0.303286   2.02913  -1.25127
 0.191849 -0.124402   2.04301  0.219367 -0.303313   2.02925  -1.25131
 0.191944 -0.124452     2.043   0.21914 -0.303339   2.02937  -1.25134
 0.192038 -0.124502     2.043  0.218913 -0.303365   2.02948  -1.25138
 0.192133 -0.124552     2.043  0.218687 -0.303391    2.0296  -1.25142
 0.192227 -0.124602     2.043  0.218462 -0.303417   2.02972  -1.25145
  0.19232 -0.124651     2.043  0.218238 -0.303443   2.02983  -1.25149
 0.192414 -0.124701     2.043  0.218014 -0.303469   2.02995  -1.25152
 0.192507  -0.12475     2.043  0.217791 -0.303495   2.03007  -1.25156
   0.1926 -0.124799     2.043  0.217568 -0.303521   2.03018  -1.25159
 0.192693 -0.124848     2.043  0.217346 -0.303547    2.0303  -1.25163
 0.192785 -0.124897     2.043  0.217125 -0.303572   2.03041  -1.25166
 0.192878 -0.124946     2.043  0.216904 -0.303598   2.03053   -1.2517
  0.19297 -0.124995     2.043  0.216684 -0.303624   2.03064  -1.25173
 0.193061 -0.125043     2.043  0.216465 -0.303649   2.03075  -1.25177
 0.193153 -0.125092     2.043  0.216246 -0.303675   2.03087   -1.2518
0.193244 -0.12514  2.04299 0.216028  -0.3037  2.03098 -1.25184
 0.193335 -0.125188   2.04299   0.21581 -0.303726   2.03109  -1.25187
 0.193425 -0.125236   2.04299  0.215593 -0.303751   2.03121   -1.2519
 0.193516 -0.125284   2.04299  0.215377 -0.303777   2.03132  -1.25194
 0.193606 -0.125331   2.04299  0.215161 -0.303802   2.03143  -1.25197
 0.193696 -0.125379   2.04299  0.214946 -0.303827   2.03154  -1.25201
 0.193785 -0.125426   2.04299  0.214731 -0.303852   2.03165  -1.25204
 0.193875 -0.125474   2.04299  0.214518 -0.303878   2.03176  -1.25208
 0.193964 -0.125521   2.04299  0.214304 -0.303903   2.03188  -1.25211
 0.194053 -0.125568   2.04299  0.214092 -0.303928   2.03199  -1.25214
 0.194141 -0.125615   2.04299   0.21388 -0.303953    2.0321  -1.25218
  0.19423 -0.125661   2.04299  0.213668 -0.303978   2.03221  -1.25221
 0.194318 -0.125708   2.04299  0.213457 -0.304003   2.03231  -1.25224
 0.194406 -0.125754   2.04299  0.213247 -0.304028   2.03242  -1.25228
 0.194493 -0.125801   2.04299  0.213037 -0.304052   2.03253  -1.25231
 0.194581 -0.125847   2.04299  0.212828 -0.304077   2.03264  -1.25234
 0.194668 -0.125893   2.04299   0.21262 -0.304102   2.03275  -1.25238
 0.194755 -0.125939   2.04299  0.212412 -0.304127   2.03286  -1.25241
 0.194841 -0.125984   2.04299  0.212205 -0.304151   2.03296  -1.25244
 0.194928  -0.12603   2.04299  0.211998 -0.304176   2.03307  -1.25247
 0.195014 -0.126076   2.04299  0.211792   -0.3042   2.03318  -1.25251
   0.1951 -0.126121   2.04299  0.211586 -0.304225   2.03329  -1.25254
 0.195185 -0.126166   2.04298  0.211381 -0.304249   2.03339  -1.25257
 0.195271 -0.126211   2.04298  0.211177 -0.304274    2.0335  -1.25261
 0.195356 -0.126256   2.04298  0.210973 -0.304298    2.0336  -1.25264
 0.195441 -0.126301   2.04298   0.21077 -0.304322   2.03371  -1.25267
 0.195525 -0.126346   2.04298  0.210567 -0.304347   2.03381   -1.2527
  0.19561 -0.126391   2.04298  0.210365 -0.304371   2.03392  -1.25273
 0.195694 -0.126435   2.04298  0.210164 -0.304395   2.03402  -1.25277
 0.195778 -0.126479   2.04298  0.209963 -0.304419   2.03413   -1.2528
 0.195862 -0.126524   2.04298  0.209763 -0.304443   2.03423  -1.25283
 0.195945 -0.126568   2.04298  0.209563 -0.304467   2.03434  -1.25286
 0.196029 -0.126612   2.04298  0.209364 -0.304491   2.03444  -1.25289
 0.196112 -0.126656   2.04298  0.209165 -0.304515   2.03454  -1.25293
 0.196194 -0.126699   2.04298  0.208967 -0.304539   2.03464  -1.25296
 0.196277 -0.126743   2.04298  0.208769 -0.304563   2.03475  -1.25299
 0.196359 -0.126786   2.04298  0.208572 -0.304587   2.03485  -1.25302
 0.196441  -0.12683   2.04298  0.208376 -0.304611   2.03495  -1.25305
 0.196523 -0.126873   2.04298   0.20818 -0.304634   2.03505  -1.25308
 0.196605 -0.126916   2.04298  0.207985 -0.304658   2.03515  -1.25311
 0.196686 -0.126959   2.04298   0.20779 -0.304682   2.03525  -1.25314
 0.196767 -0.127002   2.04298  0.207596 -0.304705   2.03536  -1.25318
 0.196848 -0.127044   2.04298  0.207402 -0.304729   2.03546  -1.25321
 0.196929 -0.127087   2.04298  0.207209 -0.304752   2.03556  -1.25324
  0.19701 -0.127129   2.04298  0.207016 -0.304776   2.03566  -1.25327
  0.19709 -0.127172   2.04298  0.206824 -0.304799   2.03576   -1.2533
  0.19717 -0.127214   2.04298  0.206633 -0.304823   2.03585  -1.25333
  0.19725 -0.127256   2.04298  0.206442 -0.304846   2.03595  -1.25336
 0.197329 -0.127298   2.04298  0.206252 -0.304869   2.03605  -1.25339
 0.197409  -0.12734   2.04298  0.206062 -0.304893   2.03615  -1.25342
 0.197488 -0.127382   2.04298  0.205872 -0.304916   2.03625  -1.25345
 0.197567 -0.127423   2.04298  0.205684 -0.304939   2.03635  -1.25348
 0.197645 -0.127465   2.04298  0.205495 -0.304962   2.03644  -1.25351
 0.197724 -0.127506   2.04298  0.205308 -0.304985   2.03654  -1.25354
 0.197802 -0.127547   2.04298  0.205121 -0.305008   2.03664  -1.25357
  0.19788 -0.127589   2.04298  0.204934 -0.305031   2.03673   -1.2536
 0.197958  -0.12763   2.04298  0.204748 -0.305054   2.03683  -1.25363
 0.198036 -0.127671   2.04298  0.204562 -0.305077   2.03693  -1.25366
 0.198113 -0.127711   2.04298  0.204377   -0.3051   2.03702  -1.25369
  0.19819 -0.127752   2.04298  0.204192 -0.305123   2.03712  -1.25372
 0.198267 -0.127793   2.04298  0.204008 -0.305146   2.03721  -1.25375
 0.198344 -0.127833   2.04298  0.203825 -0.305168   2.03731  -1.25378
  0.19842 -0.127873   2.04298  0.203642 -0.305191    2.0374  -1.25381
 0.198497 -0.127914   2.04298  0.203459 -0.305214    2.0375  -1.25384
 0.198573 -0.127954   2.04298  0.203277 -0.305236   2.03759  -1.25387
 0.198649 -0.127994   2.04298  0.203096 -0.305259   2.03769  -1.25389
 0.198724 -0.128033   2.04298  0.202915 -0.305281   2.03778  -1.25392
   0.1988 -0.128073   2.04298  0.202734 -0.305304   2.03787  -1.25395
 0.198875 -0.128113   2.04298  0.202555 -0.305326   2.03797  -1.25398
  0.19895 -0.128152   2.04299  0.202375 -0.305349   2.03806  -1.25401
 0.199025 -0.128192   2.04299  0.202196 -0.305371   2.03815  -1.25404
   0.1991 -0.128231   2.04299  0.202018 -0.305393   2.03825  -1.25407
 0.199174  -0.12827   2.04299   0.20184 -0.305416   2.03834   -1.2541
 0.199248 -0.128309   2.04299  0.201662 -0.305438   2.03843  -1.25412
 0.199322 -0.128348   2.04299  0.201485  -0.30546   2.03852  -1.25415
 0.199396 -0.128387   2.04299  0.201309 -0.305482   2.03861  -1.25418
 0.199469 -0.128426   2.04299  0.201133 -0.305504    2.0387  -1.25421
 0.199543 -0.128464   2.04299  0.200958 -0.305527    2.0388  -1.25424
 0.199616 -0.128503   2.04299  0.200783 -0.305549   2.03889  -1.25426
 0.199689 -0.128541   2.04299  0.200608 -0.305571   2.03898  -1.25429
 0.199762  -0.12858   2.04299  0.200434 -0.305593   2.03907  -1.25432
 0.199834 -0.128618   2.04299  0.200261 -0.305615   2.03916  -1.25435
 0.199907 -0.128656   2.04299  0.200088 -0.305636   2.03925  -1.25438
 0.199979 -0.128694   2.04299  0.199915 -0.305658   2.03933   -1.2544
 0.200051 -0.128732   2.04299  0.199743  -0.30568   2.03942  -1.25443
 0.200122 -0.128769   2.04299  0.199572 -0.305702   2.03951  -1.25446
 0.200194 -0.128807   2.04299  0.199401 -0.305724    2.0396  -1.25449
 0.200265 -0.128845   2.04299   0.19923 -0.305745   2.03969  -1.25451
 0.200336 -0.128882   2.04299   0.19906 -0.305767   2.03978  -1.25454
 0.200407 -0.128919   2.04299   0.19889 -0.305789   2.03987  -1.25457
 0.200478 -0.128956   2.04299  0.198721  -0.30581   2.03995   -1.2546
 0.200549 -0.128994     2.043  0.198553 -0.305832   2.04004  -1.25462
 0.200619 -0.129031     2.043  0.198385 -0.305853   2.04013  -1.25465
 0.200689 -0.129067     2.043  0.198217 -0.305875   2.04021  -1.25468
 0.200759 -0.129104     2.043   0.19805 -0.305896    2.0403   -1.2547
 0.200829 -0.129141     2.043  0.197883 -0.305917   2.04039  -1.25473
 0.200899 -0.129177     2.043  0.197716 -0.305939   2.04047  -1.25476
 0.200968 -0.129214     2.043  0.197551  -0.30596   2.04056  -1.25478
 0.201037  -0.12925     2.043  0.197385 -0.305981   2.04065  -1.25481
 0.201106 -0.129287     2.043   0.19722 -0.306003   2.04073  -1.25484
 0.201175 -0.129323     2.043  0.197056 -0.306024   2.04082  -1.25486
 0.201243 -0.129359     2.043  0.196892 -0.306045    2.0409  -1.25489
 0.201312 -0.129395     2.043  0.196728 -0.306066   2.04099  -1.25492
  0.20138 -0.129431     2.043  0.196565 -0.306087   2.04107  -1.25494
 0.201448 -0.129466     2.043  0.196403 -0.306108   2.04115  -1.25497
 0.201516 -0.129502   2.04301  0.196241 -0.306129   2.04124  -1.25499
 0.201584 -0.129537   2.04301  0.196079  -0.30615   2.04132  -1.25502
 0.201651 -0.129573   2.04301  0.195918 -0.306171    2.0414  -1.25505
 0.201718 -0.129608   2.04301  0.195757 -0.306192   2.04149  -1.25507
 0.201785 -0.129643   2.04301  0.195596 -0.306213   2.04157   -1.2551
 0.201852 -0.129679   2.04301  0.195437 -0.306234   2.04165  -1.25512
 0.201919 -0.129714   2.04301  0.195277 -0.306254   2.04174  -1.25515
 0.201986 -0.129748   2.04301  0.195118 -0.306275   2.04182  -1.25518
 0.202052 -0.129783   2.04301   0.19496 -0.306296    2.0419   -1.2552
 0.202118 -0.129818   2.04301  0.194801 -0.306317   2.04198  -1.25523
 0.202184 -0.129853   2.04301  0.194644 -0.306337   2.04206  -1.25525
  0.20225 -0.129887   2.04301  0.194487 -0.306358   2.04215  -1.25528
 0.202316 -0.129922   2.04302   0.19433 -0.306378   2.04223   -1.2553
 0.202381 -0.129956   2.04302  0.194173 -0.306399   2.04231  -1.25533
 0.202446  -0.12999   2.04302  0.194017 -0.306419   2.04239  -1.25535
 0.202511 -0.130024   2.04302  0.193862  -0.30644   2.04247  -1.25538
 0.202576 -0.130058   2.04302  0.193707  -0.30646   2.04255   -1.2554
 0.202641 -0.130092   2.04302  0.193552 -0.306481   2.04263  -1.25543
 0.202705 -0.130126   2.04302  0.193398 -0.306501   2.04271  -1.25545
  0.20277  -0.13016   2.04302  0.193244 -0.306521   2.04279  -1.25548
 0.202834 -0.130193   2.04302  0.193091 -0.306542   2.04287   -1.2555
 0.202898 -0.130227   2.04302  0.192938 -0.306562   2.04295  -1.25553
 0.202962  -0.13026   2.04303  0.192786 -0.306582   2.04303  -1.25555
 0.203025 -0.130294   2.04303  0.192634 -0.306602    2.0431  -1.25558
 0.203089 -0.130327   2.04303  0.192482 -0.306622   2.04318   -1.2556
 0.203152  -0.13036   2.04303  0.192331 -0.306642   2.04326  -1.25563
 0.203215 -0.130393   2.04303   0.19218 -0.306663   2.04334  -1.25565
 0.203278 -0.130426   2.04303   0.19203 -0.306683   2.04342  -1.25567
 0.203341 -0.130459   2.04303   0.19188 -0.306703   2.04349   -1.2557
 0.203403 -0.130492   2.04303   0.19173 -0.306723   2.04357  -1.25572
 0.203466 -0.130525   2.04303  0.191581 -0.306742   2.04365  -1.25575
 0.203528 -0.130557   2.04304  0.191433 -0.306762   2.04373  -1.25577
  0.20359  -0.13059   2.04304  0.191284 -0.306782    2.0438  -1.25579
 0.203652 -0.130622   2.04304  0.191137 -0.306802   2.04388  -1.25582
 0.203714 -0.130654   2.04304  0.190989 -0.306822   2.04395  -1.25584
 0.203775 -0.130687   2.04304  0.190842 -0.306842   2.04403  -1.25587
 0.203837 -0.130719   2.04304  0.190696 -0.306861   2.04411  -1.25589
 0.203898 -0.130751   2.04304  0.190549 -0.306881   2.04418  -1.25591
 0.203959 -0.130783   2.04304  0.190404 -0.306901   2.04426  -1.25594
  0.20402 -0.130815   2.04305  0.190258  -0.30692   2.04433  -1.25596
  0.20408 -0.130846   2.04305  0.190113  -0.30694   2.04441  -1.25598
 0.204141 -0.130878   2.04305  0.189969 -0.306959   2.04448  -1.25601
 0.204201  -0.13091   2.04305  0.189824 -0.306979   2.04456  -1.25603
 0.204262 -0.130941   2.04305  0.189681 -0.306998   2.04463  -1.25605
 0.204322 -0.130973   2.04305  0.189537 -0.307018   2.04471  -1.25608
 0.204381 -0.131004   2.04305  0.189394 -0.307037   2.04478   -1.2561
 0.204441 -0.131035   2.04305  0.189252 -0.307057   2.04485  -1.25612
 0.204501 -0.131066   2.04306   0.18911 -0.307076   2.04493  -1.25615
  0.20456 -0.131097   2.04306  0.188968 -0.307095     2.045  -1.25617
 0.204619 -0.131128   2.04306  0.188827 -0.307115   2.04507  -1.25619
 0.204678 -0.131159   2.04306  0.188686 -0.307134   2.04515  -1.25622
 0.204737  -0.13119   2.04306  0.188545 -0.307153   2.04522  -1.25624
 0.204796 -0.131221   2.04306  0.188405 -0.307172   2.04529  -1.25626
 0.204854 -0.131251   2.04306  0.188265 -0.307192   2.04536  -1.25628
 0.204913 -0.131282   2.04307  0.188126 -0.307211   2.04544  -1.25631
 0.204971 -0.131312   2.04307  0.187987  -0.30723   2.04551  -1.25633
 0.205029 -0.131343   2.04307  0.187848 -0.307249   2.04558  -1.25635
 0.205087 -0.131373   2.04307   0.18771 -0.307268   2.04565  -1.25637
 0.205145 -0.131403   2.04307  0.187572 -0.307287   2.04572   -1.2564
 0.205202 -0.131433   2.04307  0.187434 -0.307306   2.04579  -1.25642
  0.20526 -0.131463   2.04307  0.187297 -0.307325   2.04586  -1.25644
 0.205317 -0.131493   2.04308  0.187161 -0.307344   2.04593  -1.25646
 0.205374 -0.131523   2.04308  0.187024 -0.307363   2.04601  -1.25648
 0.205431 -0.131552   2.04308  0.186888 -0.307381   2.04608  -1.25651
 0.205488 -0.131582   2.04308  0.186753   -0.3074   2.04615  -1.25653
 0.205544 -0.131612   2.04308  0.186618 -0.307419   2.04622  -1.25655
 0.205601 -0.131641   2.04308  0.186483 -0.307438   2.04628  -1.25657
 0.205657 -0.131671   2.04309  0.186348 -0.307456   2.04635  -1.25659
 0.205713   -0.1317   2.04309  0.186214 -0.307475   2.04642  -1.25662
 0.205769 -0.131729   2.04309   0.18608 -0.307494   2.04649  -1.25664
 0.205825 -0.131758   2.04309  0.185947 -0.307512   2.04656  -1.25666
 0.205881 -0.131787   2.04309  0.185814 -0.307531   2.04663  -1.25668
 0.205936 -0.131816   2.04309  0.185682  -0.30755    2.0467   -1.2567
 0.205992 -0.131845    2.0431  0.185549 -0.307568   2.04677  -1.25672
 0.206047 -0.131874    2.0431  0.185418 -0.307587   2.04684  -1.25675
 0.206102 -0.131903    2.0431  0.185286 -0.307605    2.0469  -1.25677
 0.206157 -0.131931    2.0431  0.185155 -0.307624   2.04697  -1.25679
 0.206212  -0.13196    2.0431  0.185024 -0.307642   2.04704  -1.25681
 0.206266 -0.131988    2.0431  0.184894  -0.30766   2.04711  -1.25683
 0.206321 -0.132017   2.04311  0.184764 -0.307679   2.04717  -1.25685
 0.206375 -0.132045   2.04311  0.184634 -0.307697   2.04724  -1.25687
 0.206429 -0.132073   2.04311  0.184505 -0.307715   2.04731  -1.25689
 0.206483 -0.132102   2.04311  0.184376 -0.307734   2.04737  -1.25692
 0.206537  -0.13213   2.04311  0.184247 -0.307752   2.04744  -1.25694
 0.206591 -0.132158   2.04311  0.184119  -0.30777   2.04751  -1.25696
 0.206645 -0.132186   2.04312  0.183991 -0.307788   2.04757  -1.25698
 0.206698 -0.132213   2.04312  0.183864 -0.307806   2.04764    -1.257
 0.206751 -0.132241   2.04312  0.183737 -0.307824    2.0477  -1.25702
 0.206804 -0.132269   2.04312   0.18361 -0.307842   2.04777  -1.25704
 0.206857 -0.132296   2.04312  0.183483 -0.307861   2.04783  -1.25706
  0.20691 -0.132324   2.04313  0.183357 -0.307879    2.0479  -1.25708
 0.206963 -0.132351   2.04313  0.183232 -0.307897   2.04796   -1.2571
 0.207016 -0.132379   2.04313  0.183106 -0.307914   2.04803  -1.25712
 0.207068 -0.132406   2.04313  0.182981 -0.307932   2.04809  -1.25714
  0.20712 -0.132433   2.04313  0.182856  -0.30795   2.04816  -1.25716
 0.207172  -0.13246   2.04313  0.182732 -0.307968   2.04822  -1.25718
 0.207224 -0.132487   2.04314  0.182608 -0.307986   2.04829   -1.2572
 0.207276 -0.132514   2.04314  0.182484 -0.308004   2.04835  -1.25722
 0.207328 -0.132541   2.04314  0.182361 -0.308022   2.04841  -1.25724
 0.207379 -0.132568   2.04314  0.182238 -0.308039   2.04848  -1.25726
 0.207431 -0.132595   2.04314  0.182116 -0.308057   2.04854  -1.25728
 0.207482 -0.132621   2.04315  0.181993 -0.308075    2.0486   -1.2573
 0.207533 -0.132648   2.04315  0.181871 -0.308093   2.04867  -1.25732
 0.207584 -0.132675   2.04315   0.18175  -0.30811   2.04873  -1.25734
 0.207635 -0.132701   2.04315  0.181628 -0.308128   2.04879  -1.25736
 0.207686 -0.132727   2.04315  0.181507 -0.308145   2.04886  -1.25738
 0.207736 -0.132754   2.04316  0.181387 -0.308163   2.04892   -1.2574
0.207787 -0.13278  2.04316 0.181267 -0.30818  2.04898 -1.25742
 0.207837 -0.132806   2.04316  0.181147 -0.308198   2.04904  -1.25744
 0.207887 -0.132832   2.04316  0.181027 -0.308215    2.0491  -1.25746
 0.207937 -0.132858   2.04316  0.180908 -0.308233   2.04917  -1.25748
 0.207987 -0.132884   2.04317  0.180789  -0.30825   2.04923   -1.2575
 0.208037  -0.13291   2.04317   0.18067 -0.308268   2.04929  -1.25752
 0.208086 -0.132935   2.04317  0.180552 -0.308285   2.04935  -1.25754
 0.208136 -0.132961   2.04317  0.180434 -0.308302   2.04941  -1.25756
 0.208185 -0.132987   2.04318  0.180316  -0.30832   2.04947  -1.25758
 0.208234 -0.133012   2.04318  0.180199 -0.308337   2.04953   -1.2576
 0.208283 -0.133038   2.04318  0.180082 -0.308354   2.04959  -1.25762
 0.208332 -0.133063   2.04318  0.179966 -0.308371   2.04965  -1.25763
 0.208381 -0.133088   2.04318  0.179849 -0.308389   2.04971  -1.25765
  0.20843 -0.133114   2.04319  0.179733 -0.308406   2.04977  -1.25767
 0.208478 -0.133139   2.04319  0.179618 -0.308423   2.04983  -1.25769
 0.208527 -0.133164   2.04319  0.179502  -0.30844   2.04989  -1.25771
 0.208575 -0.133189   2.04319  0.179387 -0.308457   2.04995  -1.25773
 0.208623 -0.133214   2.04319  0.179272 -0.308474   2.05001  -1.25775
 0.208671 -0.133239    2.0432  0.179158 -0.308491   2.05007  -1.25777
 0.208719 -0.133264    2.0432  0.179044 -0.308508   2.05013  -1.25779
 0.208766 -0.133288    2.0432   0.17893 -0.308525   2.05019   -1.2578
 0.208814 -0.133313    2.0432  0.178817 -0.308542   2.05025  -1.25782
 0.208861 -0.133338   2.04321  0.178704 -0.308559    2.0503  -1.25784
 0.208909 -0.133362   2.04321  0.178591 -0.308576   2.05036  -1.25786
 0.208956 -0.133387   2.04321  0.178478 -0.308593   2.05042  -1.25788
 0.209003 -0.133411   2.04321  0.178366  -0.30861   2.05048   -1.2579
  0.20905 -0.133435   2.04322  0.178254 -0.308627   2.05054  -1.25792
 0.209097  -0.13346   2.04322  0.178143 -0.308643   2.05059  -1.25793
 0.209143 -0.133484   2.04322  0.178031  -0.30866   2.05065  -1.25795
  0.20919 -0.133508   2.04322  0.177921 -0.308677   2.05071  -1.25797
 0.209236 -0.133532   2.04322   0.17781 -0.308694   2.05076  -1.25799
 0.209283 -0.133556   2.04323    0.1777  -0.30871   2.05082  -1.25801
 0.209329  -0.13358   2.04323   0.17759 -0.308727   2.05088  -1.25802
 0.209375 -0.133604   2.04323   0.17748 -0.308744   2.05094  -1.25804
 0.209421 -0.133627   2.04323   0.17737  -0.30876   2.05099  -1.25806
 0.209467 -0.133651   2.04324  0.177261 -0.308777   2.05105  -1.25808
 0.209512 -0.133675   2.04324  0.177152 -0.308793    2.0511   -1.2581
 0.209558 -0.133698   2.04324  0.177044  -0.30881   2.05116  -1.25811
 0.209603 -0.133722   2.04324  0.176936 -0.308826   2.05122  -1.25813
 0.209648 -0.133745   2.04325  0.176828 -0.308843   2.05127  -1.25815
 0.209694 -0.133769   2.04325   0.17672 -0.308859   2.05133  -1.25817
 0.209739 -0.133792   2.04325  0.176613 -0.308876   2.05138  -1.25818
 0.209784 -0.133815   2.04325  0.176506 -0.308892   2.05144   -1.2582
 0.209828 -0.133838   2.04326  0.176399 -0.308909   2.05149  -1.25822
 0.209873 -0.133861   2.04326  0.176293 -0.308925   2.05155  -1.25824
 0.209918 -0.133884   2.04326  0.176187 -0.308941    2.0516  -1.25825
 0.209962 -0.133907   2.04326  0.176081 -0.308958   2.05166  -1.25827
 0.210006  -0.13393   2.04327  0.175975 -0.308974   2.05171  -1.25829
  0.21005 -0.133953   2.04327   0.17587  -0.30899   2.05177  -1.25831
 0.210095 -0.133976   2.04327  0.175765 -0.309006   2.05182  -1.25832
 0.210138 -0.133998   2.04327   0.17566 -0.309023   2.05187  -1.25834
 0.210182 -0.134021   2.04328  0.175556 -0.309039   2.05193  -1.25836
 0.210226 -0.134044   2.04328  0.175452 -0.309055   2.05198  -1.25838
  0.21027 -0.134066   2.04328  0.175348 -0.309071   2.05204  -1.25839
 0.210313 -0.134089   2.04328  0.175245 -0.309087   2.05209  -1.25841
 0.210356 -0.134111   2.04329  0.175141 -0.309103   2.05214  -1.25843
   0.2104 -0.134133   2.04329  0.175038 -0.309119    2.0522  -1.25844
 0.210443 -0.134155   2.04329  0.174936 -0.309135   2.05225  -1.25846
 0.210486 -0.134178   2.04329  0.174833 -0.309151    2.0523  -1.25848
 0.210529   -0.1342    2.0433  0.174731 -0.309167   2.05235  -1.25849
 0.210571 -0.134222    2.0433   0.17463 -0.309183   2.05241  -1.25851
 0.210614 -0.134244    2.0433  0.174528 -0.309199   2.05246  -1.25853
 0.210656 -0.134266   2.04331  0.174427 -0.309215   2.05251  -1.25854
 0.210699 -0.134288   2.04331  0.174326 -0.309231   2.05256  -1.25856
 0.210741 -0.134309   2.04331  0.174225 -0.309247   2.05261  -1.25858
 0.210783 -0.134331   2.04331  0.174125 -0.309263   2.05267  -1.25859
 0.210825 -0.134353   2.04332  0.174025 -0.309279   2.05272  -1.25861
 0.210867 -0.134374   2.04332  0.173925 -0.309295   2.05277  -1.25863
 0.210909 -0.134396   2.04332  0.173825  -0.30931   2.05282  -1.25864
 0.210951 -0.134417   2.04332  0.173726 -0.309326   2.05287  -1.25866
 0.210992 -0.134439   2.04333  0.173627 -0.309342   2.05292  -1.25868
 0.211034  -0.13446   2.04333  0.173528 -0.309358   2.05297  -1.25869
 0.211075 -0.134481   2.04333   0.17343 -0.309373   2.05303  -1.25871
 0.211116 -0.134503   2.04334  0.173332 -0.309389   2.05308  -1.25872
 0.211157 -0.134524   2.04334  0.173234 -0.309405   2.05313  -1.25874
 0.211199 -0.134545   2.04334  0.173136  -0.30942   2.05318  -1.25876
 0.211239 -0.134566   2.04334  0.173039 -0.309436   2.05323  -1.25877
  0.21128 -0.134587   2.04335  0.172942 -0.309451   2.05328  -1.25879
 0.211321 -0.134608   2.04335  0.172845 -0.309467   2.05333   -1.2588
 0.211361 -0.134629   2.04335  0.172748 -0.309482   2.05338  -1.25882
 0.211402  -0.13465   2.04336  0.172652 -0.309498   2.05343  -1.25884
 0.211442  -0.13467   2.04336  0.172556 -0.309513   2.05348  -1.25885
 0.211483 -0.134691   2.04336   0.17246 -0.309529   2.05353  -1.25887
 0.211523 -0.134712   2.04336  0.172364 -0.309544   2.05357  -1.25888
 0.211563 -0.134732   2.04337  0.172269  -0.30956   2.05362   -1.2589
 0.211603 -0.134753   2.04337  0.172174 -0.309575   2.05367  -1.25891
 0.211642 -0.134773   2.04337   0.17208  -0.30959   2.05372  -1.25893
 0.211682 -0.134794   2.04338  0.171985 -0.309606   2.05377  -1.25895
 0.211722 -0.134814   2.04338  0.171891 -0.309621   2.05382  -1.25896
 0.211761 -0.134834   2.04338  0.171797 -0.309636   2.05387  -1.25898
   0.2118 -0.134854   2.04338  0.171703 -0.309652   2.05392  -1.25899
  0.21184 -0.134875   2.04339   0.17161 -0.309667   2.05396  -1.25901
 0.211879 -0.134895   2.04339  0.171517 -0.309682   2.05401  -1.25902
 0.211918 -0.134915   2.04339  0.171424 -0.309697   2.05406  -1.25904
 0.211957 -0.134935    2.0434  0.171331 -0.309713   2.05411  -1.25905
 0.211996 -0.134955    2.0434  0.171239 -0.309728   2.05416  -1.25907
 0.212034 -0.134974    2.0434  0.171147 -0.309743    2.0542  -1.25908
 0.212073 -0.134994   2.04341  0.171055 -0.309758   2.05425   -1.2591
 0.212112 -0.135014   2.04341  0.170963 -0.309773    2.0543  -1.25911
  0.21215 -0.135034   2.04341  0.170872 -0.309788   2.05434  -1.25913
 0.212188 -0.135053   2.04341  0.170781 -0.309803   2.05439  -1.25914
 0.212226 -0.135073   2.04342   0.17069 -0.309818   2.05444  -1.25916
 0.212265 -0.135092   2.04342  0.170599 -0.309833   2.05449  -1.25917
 0.212303 -0.135112   2.04342  0.170509 -0.309848   2.05453  -1.25919
  0.21234 -0.135131   2.04343  0.170419 -0.309863   2.05458   -1.2592
 0.212378 -0.135151   2.04343  0.170329 -0.309878   2.05462  -1.25922
 0.212416  -0.13517   2.04343  0.170239 -0.309893   2.05467  -1.25923
 0.212453 -0.135189   2.04344   0.17015 -0.309908   2.05472  -1.25925
 0.212491 -0.135208   2.04344  0.170061 -0.309923   2.05476  -1.25926
 0.212528 -0.135227   2.04344  0.169972 -0.309938   2.05481  -1.25928
 0.212566 -0.135247   2.04345  0.169883 -0.309953   2.05485  -1.25929
 0.212603 -0.135266   2.04345  0.169795 -0.309967    2.0549  -1.25931
  0.21264 -0.135285   2.04345  0.169707 -0.309982   2.05495  -1.25932
 0.212677 -0.135303   2.04345  0.169619 -0.309997   2.05499  -1.25934
 0.212714 -0.135322   2.04346  0.169531 -0.310012   2.05504  -1.25935
  0.21275 -0.135341   2.04346  0.169444 -0.310027   2.05508  -1.25937
 0.212787  -0.13536   2.04346  0.169357 -0.310041   2.05513  -1.25938
 0.212824 -0.135379   2.04347   0.16927 -0.310056   2.05517  -1.25939
  0.21286 -0.135397   2.04347  0.169183 -0.310071   2.05522  -1.25941
 0.212896 -0.135416   2.04347  0.169097 -0.310085   2.05526  -1.25942
 0.212933 -0.135434   2.04348   0.16901   -0.3101    2.0553  -1.25944
 0.212969 -0.135453   2.04348  0.168924 -0.310115   2.05535  -1.25945
 0.213005 -0.135471   2.04348  0.168839 -0.310129   2.05539  -1.25947
 0.213041  -0.13549   2.04349  0.168753 -0.310144   2.05544  -1.25948
 0.213077 -0.135508   2.04349  0.168668 -0.310158   2.05548  -1.25949
 0.213112 -0.135526   2.04349  0.168583 -0.310173   2.05552  -1.25951
 0.213148 -0.135544    2.0435  0.168498 -0.310187   2.05557  -1.25952
 0.213184 -0.135563    2.0435  0.168414 -0.310202   2.05561  -1.25954
 0.213219 -0.135581    2.0435  0.168329 -0.310216   2.05566  -1.25955
 0.213255 -0.135599   2.04351  0.168245 -0.310231    2.0557  -1.25956
  0.21329 -0.135617   2.04351  0.168161 -0.310245   2.05574  -1.25958
 0.213325 -0.135635   2.04351  0.168078  -0.31026   2.05579  -1.25959
  0.21336 -0.135653   2.04352  0.167994 -0.310274   2.05583  -1.25961
 0.213395  -0.13567   2.04352  0.167911 -0.310288   2.05587  -1.25962
  0.21343 -0.135688   2.04352  0.167828 -0.310303   2.05591  -1.25963
 0.213465 -0.135706   2.04353  0.167746 -0.310317   2.05596  -1.25965
   0.2135 -0.135724   2.04353  0.167663 -0.310331     2.056  -1.25966
 0.213534 -0.135741   2.04353  0.167581 -0.310346   2.05604  -1.25967
 0.213569 -0.135759   2.04354  0.167499  -0.31036   2.05608  -1.25969
 0.213603 -0.135776   2.04354  0.167417 -0.310374   2.05613   -1.2597
 0.213637 -0.135794   2.04354  0.167336 -0.310388   2.05617  -1.25972
 0.213672 -0.135811   2.04355  0.167254 -0.310403   2.05621  -1.25973
 0.213706 -0.135829   2.04355  0.167173 -0.310417   2.05625  -1.25974
  0.21374 -0.135846   2.04355  0.167092 -0.310431   2.05629  -1.25976
 0.213774 -0.135863   2.04356  0.167012 -0.310445   2.05633  -1.25977
 0.213808  -0.13588   2.04356  0.166931 -0.310459   2.05638  -1.25978
 0.213841 -0.135898   2.04356  0.166851 -0.310473   2.05642   -1.2598
 0.213875 -0.135915   2.04357  0.166771 -0.310488   2.05646  -1.25981
 0.213909 -0.135932   2.04357  0.166691 -0.310502    2.0565  -1.25982
 0.213942 -0.135949   2.04357  0.166612 -0.310516   2.05654  -1.25984
 0.213976 -0.135966   2.04358  0.166532  -0.31053   2.05658  -1.25985
 0.214009 -0.135983   2.04358  0.166453 -0.310544   2.05662  -1.25986
 0.214042    -0.136   2.04358  0.166374 -0.310558   2.05666  -1.25988
 0.214075 -0.136017   2.04359  0.166296 -0.310572    2.0567  -1.25989
 0.214108 -0.136033   2.04359  0.166217 -0.310586   2.05674   -1.2599
0.214141 -0.13605  2.04359 0.166139  -0.3106  2.05678 -1.25991
 0.214174 -0.136067    2.0436  0.166061 -0.310614   2.05682  -1.25993
 0.214207 -0.136083    2.0436  0.165983 -0.310628   2.05686  -1.25994
  0.21424   -0.1361    2.0436  0.165905 -0.310641    2.0569  -1.25995
 0.214272 -0.136116   2.04361  0.165828 -0.310655   2.05694  -1.25997
 0.214305 -0.136133   2.04361  0.165751 -0.310669   2.05698  -1.25998
 0.214337 -0.136149   2.04362  0.165674 -0.310683   2.05702  -1.25999
 0.214369 -0.136166   2.04362  0.165597 -0.310697   2.05706     -1.26
 0.214402 -0.136182   2.04362  0.165521 -0.310711    2.0571  -1.26002
 0.214434 -0.136198   2.04363  0.165444 -0.310724   2.05714  -1.26003
 0.214466 -0.136215   2.04363  0.165368 -0.310738   2.05718  -1.26004
 0.214498 -0.136231   2.04363  0.165292 -0.310752   2.05722  -1.26006
  0.21453 -0.136247   2.04364  0.165217 -0.310766   2.05726  -1.26007
 0.214562 -0.136263   2.04364  0.165141 -0.310779    2.0573  -1.26008
 0.214593 -0.136279   2.04364  0.165066 -0.310793   2.05734  -1.26009
 0.214625 -0.136295   2.04365  0.164991 -0.310807   2.05738  -1.26011
 0.214656 -0.136311   2.04365  0.164916  -0.31082   2.05741  -1.26012
 0.214688 -0.136327   2.04366  0.164841 -0.310834   2.05745  -1.26013
 0.214719 -0.136343   2.04366  0.164767 -0.310848   2.05749  -1.26014
 0.214751 -0.136359   2.04366  0.164693 -0.310861   2.05753  -1.26016
 0.214782 -0.136375   2.04367  0.164619 -0.310875   2.05757  -1.26017
 0.214813  -0.13639   2.04367  0.164545 -0.310888   2.05761  -1.26018
 0.214844 -0.136406   2.04367  0.164471 -0.310902   2.05764  -1.26019
 0.214875 -0.136422   2.04368  0.164398 -0.310915   2.05768   -1.2602
 0.214906 -0.136437   2.04368  0.164324 -0.310929   2.05772  -1.26022
 0.214937 -0.136453   2.04368  0.164251 -0.310943   2.05776  -1.26023
 0.214967 -0.136468   2.04369  0.164179 -0.310956   2.05779  -1.26024
 0.214998 -0.136484   2.04369  0.164106 -0.310969   2.05783  -1.26025
 0.215028 -0.136499    2.0437  0.164034 -0.310983   2.05787  -1.26027
 0.215059 -0.136515    2.0437  0.163961 -0.310996   2.05791  -1.26028
0.215089 -0.13653   2.0437 0.163889 -0.31101  2.05794 -1.26029
 0.215119 -0.136545   2.04371  0.163818 -0.311023   2.05798   -1.2603
  0.21515  -0.13656   2.04371  0.163746 -0.311037   2.05802  -1.26031
  0.21518 -0.136576   2.04371  0.163675  -0.31105   2.05805  -1.26033
  0.21521 -0.136591   2.04372  0.163603 -0.311063   2.05809  -1.26034
  0.21524 -0.136606   2.04372  0.163532 -0.311077   2.05813  -1.26035
  0.21527 -0.136621   2.04373  0.163461  -0.31109   2.05816  -1.26036
 0.215299 -0.136636   2.04373  0.163391 -0.311103    2.0582  -1.26037
 0.215329 -0.136651   2.04373   0.16332 -0.311116   2.05824  -1.26038
 0.215359 -0.136666   2.04374   0.16325  -0.31113   2.05827   -1.2604
 0.215388 -0.136681   2.04374   0.16318 -0.311143   2.05831  -1.26041
 0.215418 -0.136696   2.04374   0.16311 -0.311156   2.05834  -1.26042
 0.215447  -0.13671   2.04375  0.163041 -0.311169   2.05838  -1.26043
 0.215476 -0.136725   2.04375  0.162971 -0.311183   2.05842  -1.26044
 0.215506  -0.13674   2.04376  0.162902 -0.311196   2.05845  -1.26045
 0.215535 -0.136755   2.04376  0.162833 -0.311209   2.05849  -1.26047
 0.215564 -0.136769   2.04376  0.162764 -0.311222   2.05852  -1.26048
 0.215593 -0.136784   2.04377  0.162695 -0.311235   2.05856  -1.26049
 0.215622 -0.136798   2.04377  0.162627 -0.311248   2.05859   -1.2605
 0.215651 -0.136813   2.04378  0.162558 -0.311261   2.05863  -1.26051
 0.215679 -0.136827   2.04378   0.16249 -0.311274   2.05866  -1.26052
 0.215708 -0.136842   2.04378  0.162422 -0.311287    2.0587  -1.26053
 0.215737 -0.136856   2.04379  0.162354 -0.311301   2.05873  -1.26055
 0.215765  -0.13687   2.04379  0.162287 -0.311314   2.05877  -1.26056
 0.215794 -0.136885    2.0438  0.162219 -0.311327    2.0588  -1.26057
 0.215822 -0.136899    2.0438  0.162152  -0.31134   2.05884  -1.26058
  0.21585 -0.136913    2.0438  0.162085 -0.311353   2.05887  -1.26059
 0.215878 -0.136927   2.04381  0.162018 -0.311366   2.05891   -1.2606
 0.215907 -0.136941   2.04381  0.161952 -0.311378   2.05894  -1.26061
 0.215935 -0.136955   2.04381  0.161885 -0.311391   2.05898  -1.26062
 0.215963 -0.136969   2.04382  0.161819 -0.311404   2.05901  -1.26064
 0.215991 -0.136983   2.04382  0.161753 -0.311417   2.05904  -1.26065
 0.216018 -0.136997   2.04383  0.161687  -0.31143   2.05908  -1.26066
 0.216046 -0.137011   2.04383  0.161621 -0.311443   2.05911  -1.26067
 0.216074 -0.137025   2.04383  0.161556 -0.311456   2.05915  -1.26068
 0.216101 -0.137039   2.04384   0.16149 -0.311469   2.05918  -1.26069
 0.216129 -0.137053   2.04384  0.161425 -0.311481   2.05921   -1.2607
 0.216156 -0.137067   2.04385   0.16136 -0.311494   2.05925  -1.26071
 0.216184  -0.13708   2.04385  0.161295 -0.311507   2.05928  -1.26072
 0.216211 -0.137094   2.04385  0.161231  -0.31152   2.05931  -1.26073
 0.216238 -0.137108   2.04386  0.161166 -0.311533   2.05935  -1.26074
 0.216265 -0.137121   2.04386  0.161102 -0.311545   2.05938  -1.26076
 0.216293 -0.137135   2.04387  0.161038 -0.311558   2.05941  -1.26077
  0.21632 -0.137148   2.04387  0.160974 -0.311571   2.05944  -1.26078
 0.216347 -0.137162   2.04387   0.16091 -0.311583   2.05948  -1.26079
 0.216373 -0.137175   2.04388  0.160846 -0.311596   2.05951   -1.2608
   0.2164 -0.137189   2.04388  0.160783 -0.311609   2.05954  -1.26081
 0.216427 -0.137202   2.04389   0.16072 -0.311621   2.05958  -1.26082
 0.216454 -0.137215   2.04389  0.160657 -0.311634   2.05961  -1.26083
  0.21648 -0.137228    2.0439  0.160594 -0.311647   2.05964  -1.26084
 0.216507 -0.137242    2.0439  0.160531 -0.311659   2.05967  -1.26085
 0.216533 -0.137255    2.0439  0.160469 -0.311672    2.0597  -1.26086
 0.216559 -0.137268   2.04391  0.160406 -0.311684   2.05974  -1.26087
 0.216586 -0.137281   2.04391  0.160344 -0.311697   2.05977  -1.26088
 0.216612 -0.137294   2.04392  0.160282  -0.31171    2.0598  -1.26089
 0.216638 -0.137307   2.04392   0.16022 -0.311722   2.05983   -1.2609
 0.216664  -0.13732   2.04392  0.160158 -0.311735   2.05986  -1.26091
  0.21669 -0.137333   2.04393  0.160097 -0.311747    2.0599  -1.26092
 0.216716 -0.137346   2.04393  0.160036  -0.31176   2.05993  -1.26093
 0.216742 -0.137359   2.04394  0.159974 -0.311772   2.05996  -1.26094
 0.216768 -0.137372   2.04394  0.159913 -0.311785   2.05999  -1.26095
 0.216793 -0.137385   2.04394  0.159853 -0.311797   2.06002  -1.26096
 0.216819 -0.137397   2.04395  0.159792 -0.311809   2.06005  -1.26098
 0.216845  -0.13741   2.04395  0.159731 -0.311822   2.06008  -1.26099
  0.21687 -0.137423   2.04396  0.159671 -0.311834   2.06012    -1.261
 0.216896 -0.137435   2.04396  0.159611 -0.311847   2.06015  -1.26101
 0.216921 -0.137448   2.04397  0.159551 -0.311859   2.06018  -1.26102
 0.216946 -0.137461   2.04397  0.159491 -0.311871   2.06021  -1.26103
 0.216972 -0.137473   2.04397  0.159431 -0.311884   2.06024  -1.26104
 0.216997 -0.137486   2.04398  0.159372 -0.311896   2.06027  -1.26105
 0.217022 -0.137498   2.04398  0.159312 -0.311908    2.0603  -1.26106
 0.217047 -0.137511   2.04399  0.159253 -0.311921   2.06033  -1.26107
 0.217072 -0.137523   2.04399  0.159194 -0.311933   2.06036  -1.26108
 0.217097 -0.137535     2.044  0.159135 -0.311945   2.06039  -1.26109
 0.217121 -0.137548     2.044  0.159077 -0.311957   2.06042   -1.2611
0.217146 -0.13756    2.044 0.159018 -0.31197  2.06045 -1.26111
 0.217171 -0.137572   2.04401   0.15896 -0.311982   2.06048  -1.26111
 0.217196 -0.137584   2.04401  0.158902 -0.311994   2.06051  -1.26112
  0.21722 -0.137597   2.04402  0.158844 -0.312006   2.06054  -1.26113
 0.217245 -0.137609   2.04402  0.158786 -0.312018   2.06057  -1.26114
 0.217269 -0.137621   2.04403  0.158728 -0.312031    2.0606  -1.26115
 0.217293 -0.137633   2.04403   0.15867 -0.312043   2.06063  -1.26116
 0.217318 -0.137645   2.04403  0.158613 -0.312055   2.06066  -1.26117
 0.217342 -0.137657   2.04404  0.158556 -0.312067   2.06069  -1.26118
 0.217366 -0.137669   2.04404  0.158499 -0.312079   2.06072  -1.26119
  0.21739 -0.137681   2.04405  0.158442 -0.312091   2.06075   -1.2612
 0.217414 -0.137693   2.04405  0.158385 -0.312103   2.06078  -1.26121
 0.217438 -0.137705   2.04406  0.158328 -0.312115   2.06081  -1.26122
 0.217462 -0.137716   2.04406  0.158272 -0.312127   2.06084  -1.26123
 0.217486 -0.137728   2.04406  0.158216  -0.31214   2.06086  -1.26124
  0.21751  -0.13774   2.04407  0.158159 -0.312152   2.06089  -1.26125
 0.217533 -0.137752   2.04407  0.158103 -0.312164   2.06092  -1.26126
 0.217557 -0.137763   2.04408  0.158048 -0.312176   2.06095  -1.26127
 0.217581 -0.137775   2.04408  0.157992 -0.312188   2.06098  -1.26128
 0.217604 -0.137787   2.04409  0.157936   -0.3122   2.06101  -1.26129
 0.217628 -0.137798   2.04409  0.157881 -0.312212   2.06104   -1.2613
 0.217651  -0.13781   2.04409  0.157826 -0.312223   2.06106  -1.26131
 0.217674 -0.137821    2.0441  0.157771 -0.312235   2.06109  -1.26132
 0.217698 -0.137833    2.0441  0.157716 -0.312247   2.06112  -1.26132
 0.217721 -0.137844   2.04411  0.157661 -0.312259   2.06115  -1.26133
 0.217744 -0.137855   2.04411  0.157606 -0.312271   2.06118  -1.26134
 0.217767 -0.137867   2.04412  0.157552 -0.312283   2.06121  -1.26135
  0.21779 -0.137878   2.04412  0.157498 -0.312295   2.06123  -1.26136
 0.217813 -0.137889   2.04413  0.157443 -0.312307   2.06126  -1.26137
 0.217836 -0.137901   2.04413  0.157389 -0.312319   2.06129  -1.26138
 0.217859 -0.137912   2.04413  0.157335  -0.31233   2.06132  -1.26139
 0.217881 -0.137923   2.04414  0.157282 -0.312342   2.06134   -1.2614
 0.217904 -0.137934   2.04414  0.157228 -0.312354   2.06137  -1.26141
 0.217927 -0.137945   2.04415  0.157175 -0.312366    2.0614  -1.26142
 0.217949 -0.137957   2.04415  0.157121 -0.312378   2.06143  -1.26142
 0.217972 -0.137968   2.04416  0.157068 -0.312389   2.06145  -1.26143
 0.217994 -0.137979   2.04416  0.157015 -0.312401   2.06148  -1.26144
 0.218017  -0.13799   2.04417  0.156962 -0.312413   2.06151  -1.26145
 0.218039 -0.138001   2.04417   0.15691 -0.312425   2.06154  -1.26146
 0.218061 -0.138012   2.04417  0.156857 -0.312436   2.06156  -1.26147
 0.218084 -0.138022   2.04418  0.156805 -0.312448   2.06159  -1.26148
 0.218106 -0.138033   2.04418  0.156753  -0.31246   2.06162  -1.26149
 0.218128 -0.138044   2.04419    0.1567 -0.312471   2.06164   -1.2615
  0.21815 -0.138055   2.04419  0.156648 -0.312483   2.06167   -1.2615
 0.218172 -0.138066    2.0442  0.156597 -0.312495    2.0617  -1.26151
 0.218194 -0.138076    2.0442  0.156545 -0.312506   2.06172  -1.26152
 0.218216 -0.138087   2.04421  0.156493 -0.312518   2.06175  -1.26153
 0.218237 -0.138098   2.04421  0.156442  -0.31253   2.06178  -1.26154
 0.218259 -0.138109   2.04422  0.156391 -0.312541    2.0618  -1.26155
 0.218281 -0.138119   2.04422   0.15634 -0.312553   2.06183  -1.26156
 0.218302  -0.13813   2.04422  0.156289 -0.312564   2.06186  -1.26157
 0.218324  -0.13814   2.04423  0.156238 -0.312576   2.06188  -1.26157
 0.218346 -0.138151   2.04423  0.156187 -0.312587   2.06191  -1.26158
 0.218367 -0.138161   2.04424  0.156137 -0.312599   2.06193  -1.26159
 0.218388 -0.138172   2.04424  0.156086 -0.312611   2.06196   -1.2616
  0.21841 -0.138182   2.04425  0.156036 -0.312622   2.06199  -1.26161
 0.218431 -0.138192   2.04425  0.155986 -0.312634   2.06201  -1.26162
 0.218452 -0.138203   2.04426  0.155936 -0.312645   2.06204  -1.26163
 0.218473 -0.138213   2.04426  0.155886 -0.312657   2.06206  -1.26163
 0.218494 -0.138223   2.04427  0.155836 -0.312668   2.06209  -1.26164
 0.218516 -0.138234   2.04427  0.155787 -0.312679   2.06211  -1.26165
 0.218537 -0.138244   2.04428  0.155737 -0.312691   2.06214  -1.26166
 0.218557 -0.138254   2.04428  0.155688 -0.312702   2.06216  -1.26167
 0.218578 -0.138264   2.04428  0.155639 -0.312714   2.06219  -1.26168
 0.218599 -0.138274   2.04429   0.15559 -0.312725   2.06222  -1.26168
  0.21862 -0.138285   2.04429  0.155541 -0.312737   2.06224  -1.26169
 0.218641 -0.138295    2.0443  0.155492 -0.312748   2.06227   -1.2617
 0.218661 -0.138305    2.0443  0.155443 -0.312759   2.06229  -1.26171
 0.218682 -0.138315   2.04431  0.155395 -0.312771   2.06232  -1.26172
 0.218702 -0.138325   2.04431  0.155346 -0.312782   2.06234  -1.26172
 0.218723 -0.138335   2.04432  0.155298 -0.312793   2.06237  -1.26173
 0.218743 -0.138345   2.04432   0.15525 -0.312805   2.06239  -1.26174
 0.218764 -0.138355   2.04433  0.155202 -0.312816   2.06241  -1.26175
 0.218784 -0.138364   2.04433  0.155154 -0.312827   2.06244  -1.26176
 0.218804 -0.138374   2.04434  0.155106 -0.312839   2.06246  -1.26177
 0.218824 -0.138384   2.04434  0.155059  -0.31285   2.06249  -1.26177
 0.218845 -0.138394   2.04435  0.155011 -0.312861   2.06251  -1.26178
 0.218865 -0.138404   2.04435  0.154964 -0.312872   2.06254  -1.26179
 0.218885 -0.138413   2.04435  0.154917 -0.312884   2.06256   -1.2618
 0.218905 -0.138423   2.04436   0.15487 -0.312895   2.06259  -1.26181
 0.218925 -0.138433   2.04436  0.154823 -0.312906   2.06261  -1.26181
 0.218945 -0.138442   2.04437  0.154776 -0.312917   2.06263  -1.26182
 0.218964 -0.138452   2.04437   0.15473 -0.312929   2.06266  -1.26183
 0.218984 -0.138461   2.04438  0.154683  -0.31294   2.06268  -1.26184
 0.219004 -0.138471   2.04438  0.154637 -0.312951   2.06271  -1.26185
 0.219024 -0.138481   2.04439   0.15459 -0.312962   2.06273  -1.26185
 0.219043  -0.13849   2.04439  0.154544 -0.312973   2.06275  -1.26186
 0.219063 -0.138499    2.0444  0.154498 -0.312984   2.06278  -1.26187
 0.219082 -0.138509    2.0444  0.154452 -0.312995    2.0628  -1.26188
 0.219102 -0.138518   2.04441  0.154406 -0.313007   2.06282  -1.26188
 0.219121 -0.138528   2.04441  0.154361 -0.313018   2.06285  -1.26189
 0.219141 -0.138537   2.04442  0.154315 -0.313029   2.06287   -1.2619
  0.21916 -0.138546   2.04442   0.15427  -0.31304   2.06289  -1.26191
 0.219179 -0.138556   2.04443  0.154225 -0.313051   2.06292  -1.26192
 0.219198 -0.138565   2.04443  0.154179 -0.313062   2.06294  -1.26192
 0.219217 -0.138574   2.04444  0.154134 -0.313073   2.06296  -1.26193
 0.219237 -0.138583   2.04444   0.15409 -0.313084   2.06299  -1.26194
 0.219256 -0.138592   2.04445  0.154045 -0.313095   2.06301  -1.26195
 0.219275 -0.138602   2.04445     0.154 -0.313106   2.06303  -1.26195
 0.219294 -0.138611   2.04445  0.153956 -0.313117   2.06306  -1.26196
 0.219312  -0.13862   2.04446  0.153911 -0.313128   2.06308  -1.26197
 0.219331 -0.138629   2.04446  0.153867 -0.313139    2.0631  -1.26198
  0.21935 -0.138638   2.04447  0.153823  -0.31315   2.06312  -1.26198
 0.219369 -0.138647   2.04447  0.153779 -0.313161   2.06315  -1.26199
 0.219387 -0.138656   2.04448  0.153735 -0.313172   2.06317    -1.262
 0.219406 -0.138665   2.04448  0.153691 -0.313183   2.06319  -1.26201
 0.219425 -0.138674   2.04449  0.153647 -0.313194   2.06321  -1.26201
 0.219443 -0.138683   2.04449  0.153604 -0.313205   2.06324  -1.26202
 0.219462 -0.138692    2.0445   0.15356 -0.313216   2.06326  -1.26203
  0.21948   -0.1387    2.0445  0.153517 -0.313227   2.06328  -1.26204
 0.219499 -0.138709   2.04451  0.153474 -0.313238    2.0633  -1.26204
 0.219517 -0.138718   2.04451  0.153431 -0.313249   2.06333  -1.26205
 0.219535 -0.138727   2.04452  0.153388 -0.313259   2.06335  -1.26206
 0.219553 -0.138735   2.04452  0.153345  -0.31327   2.06337  -1.26207
 0.219572 -0.138744   2.04453  0.153302 -0.313281   2.06339  -1.26207
  0.21959 -0.138753   2.04453   0.15326 -0.313292   2.06341  -1.26208
 0.219608 -0.138762   2.04454  0.153217 -0.313303   2.06344  -1.26209
 0.219626  -0.13877   2.04454  0.153175 -0.313314   2.06346  -1.26209
 0.219644 -0.138779   2.04455  0.153133 -0.313324   2.06348   -1.2621
 0.219662 -0.138787   2.04455  0.153091 -0.313335    2.0635  -1.26211
  0.21968 -0.138796   2.04456  0.153049 -0.313346   2.06352  -1.26212
 0.219698 -0.138804   2.04456  0.153007 -0.313357   2.06354  -1.26212
 0.219715 -0.138813   2.04457  0.152965 -0.313368   2.06356  -1.26213
 0.219733 -0.138821   2.04457  0.152923 -0.313378   2.06359  -1.26214
 0.219751  -0.13883   2.04458  0.152882 -0.313389   2.06361  -1.26214
 0.219769 -0.138838   2.04458   0.15284   -0.3134   2.06363  -1.26215
 0.219786 -0.138847   2.04459  0.152799 -0.313411   2.06365  -1.26216
 0.219804 -0.138855   2.04459  0.152758 -0.313421   2.06367  -1.26217
 0.219821 -0.138863    2.0446  0.152717 -0.313432   2.06369  -1.26217
 0.219839 -0.138872    2.0446  0.152676 -0.313443   2.06371  -1.26218
 0.219856  -0.13888   2.04461  0.152635 -0.313453   2.06373  -1.26219
 0.219874 -0.138888   2.04461  0.152594 -0.313464   2.06376  -1.26219
 0.219891 -0.138896   2.04462  0.152553 -0.313475   2.06378   -1.2622
 0.219908 -0.138905   2.04462  0.152513 -0.313485    2.0638  -1.26221
 0.219925 -0.138913   2.04463  0.152472 -0.313496   2.06382  -1.26221
 0.219943 -0.138921   2.04463  0.152432 -0.313507   2.06384  -1.26222
  0.21996 -0.138929   2.04464  0.152392 -0.313517   2.06386  -1.26223
 0.219977 -0.138937   2.04464  0.152352 -0.313528   2.06388  -1.26223
 0.219994 -0.138945   2.04465  0.152312 -0.313538    2.0639  -1.26224
 0.220011 -0.138953   2.04465  0.152272 -0.313549   2.06392  -1.26225
 0.220028 -0.138962   2.04466  0.152232  -0.31356   2.06394  -1.26225
0.220045 -0.13897  2.04466 0.152193 -0.31357  2.06396 -1.26226
 0.220062 -0.138978   2.04467  0.152153 -0.313581   2.06398  -1.26227
 0.220078 -0.138985   2.04467  0.152114 -0.313591     2.064  -1.26228
 0.220095 -0.138993   2.04468  0.152074 -0.313602   2.06402  -1.26228
 0.220112 -0.139001   2.04468  0.152035 -0.313612   2.06404  -1.26229
 0.220129 -0.139009   2.04469  0.151996 -0.313623   2.06406   -1.2623
 0.220145 -0.139017   2.04469  0.151957 -0.313634   2.06408   -1.2623
 0.220162 -0.139025    2.0447  0.151918 -0.313644    2.0641  -1.26231
 0.220178 -0.139033    2.0447  0.151879 -0.313655   2.06412  -1.26232
 0.220195 -0.139041   2.04471  0.151841 -0.313665   2.06414  -1.26232
 0.220211 -0.139048   2.04471  0.151802 -0.313676   2.06416  -1.26233
 0.220228 -0.139056   2.04472  0.151764 -0.313686   2.06418  -1.26234
 0.220244 -0.139064   2.04472  0.151725 -0.313696    2.0642  -1.26234
 0.220261 -0.139071   2.04473  0.151687 -0.313707   2.06422  -1.26235
 0.220277 -0.139079   2.04473  0.151649 -0.313717   2.06424  -1.26235
 0.220293 -0.139087   2.04474  0.151611 -0.313728   2.06426  -1.26236
 0.220309 -0.139094   2.04474  0.151573 -0.313738   2.06428  -1.26237
 0.220325 -0.139102   2.04475  0.151535 -0.313749    2.0643  -1.26237
 0.220342  -0.13911   2.04475  0.151497 -0.313759   2.06432  -1.26238
 0.220358 -0.139117   2.04476   0.15146 -0.313769   2.06434  -1.26239
 0.220374 -0.139125   2.04476  0.151422  -0.31378   2.06436  -1.26239
  0.22039 -0.139132   2.04477  0.151385  -0.31379   2.06438   -1.2624
 0.220406  -0.13914   2.04477  0.151348 -0.313801    2.0644  -1.26241
 0.220422 -0.139147   2.04478   0.15131 -0.313811   2.06442  -1.26241
 0.220437 -0.139155   2.04478  0.151273 -0.313821   2.06443  -1.26242
 0.220453 -0.139162   2.04479  0.151236 -0.313832   2.06445  -1.26243
 0.220469 -0.139169   2.04479  0.151199 -0.313842   2.06447  -1.26243
 0.220485 -0.139177    2.0448  0.151163 -0.313852   2.06449  -1.26244
   0.2205 -0.139184    2.0448  0.151126 -0.313863   2.06451  -1.26244
 0.220516 -0.139191   2.04481  0.151089 -0.313873   2.06453  -1.26245
 0.220532 -0.139199   2.04481  0.151053 -0.313883   2.06455  -1.26246
 0.220547 -0.139206   2.04482  0.151016 -0.313894   2.06457  -1.26246
 0.220563 -0.139213   2.04483   0.15098 -0.313904   2.06459  -1.26247
 0.220578 -0.139221   2.04483  0.150944 -0.313914    2.0646  -1.26248
 0.220594 -0.139228   2.04484  0.150908 -0.313924   2.06462  -1.26248
 0.220609 -0.139235   2.04484  0.150872 -0.313935   2.06464  -1.26249
 0.220624 -0.139242   2.04485  0.150836 -0.313945   2.06466  -1.26249
  0.22064 -0.139249   2.04485    0.1508 -0.313955   2.06468   -1.2625
 0.220655 -0.139256   2.04486  0.150764 -0.313965    2.0647  -1.26251
  0.22067 -0.139263   2.04486  0.150729 -0.313976   2.06471  -1.26251
 0.220685 -0.139271   2.04487  0.150693 -0.313986   2.06473  -1.26252
 0.220701 -0.139278   2.04487  0.150658 -0.313996   2.06475  -1.26252
 0.220716 -0.139285   2.04488  0.150623 -0.314006   2.06477  -1.26253
 0.220731 -0.139292   2.04488  0.150587 -0.314016   2.06479  -1.26254
 0.220746 -0.139299   2.04489  0.150552 -0.314027    2.0648  -1.26254
 0.220761 -0.139306   2.04489  0.150517 -0.314037   2.06482  -1.26255
 0.220776 -0.139313    2.0449  0.150482 -0.314047   2.06484  -1.26255
 0.220791 -0.139319    2.0449  0.150448 -0.314057   2.06486  -1.26256
 0.220806 -0.139326   2.04491  0.150413 -0.314067   2.06488  -1.26257
  0.22082 -0.139333   2.04491  0.150378 -0.314077   2.06489  -1.26257
 0.220835  -0.13934   2.04492  0.150344 -0.314088   2.06491  -1.26258
  0.22085 -0.139347   2.04492  0.150309 -0.314098   2.06493  -1.26258
 0.220865 -0.139354   2.04493  0.150275 -0.314108   2.06495  -1.26259
 0.220879 -0.139361   2.04493  0.150241 -0.314118   2.06496   -1.2626
 0.220894 -0.139367   2.04494  0.150207 -0.314128   2.06498   -1.2626
 0.220909 -0.139374   2.04495  0.150173 -0.314138     2.065  -1.26261
