 0.199612  0.110903 0.0224691
   0.2273 0.0680925 0.0179966
 0.243987 0.0419974 0.0160264
 0.253614 0.0253307 0.0153007
 0.258892 0.0142345 0.0152094
  0.261551 0.00656248  0.0154392
  0.262664 0.00107055  0.0158224
   0.262883 -0.00298709   0.0162676
   0.262599 -0.00607009   0.0167245
   0.262045 -0.00846905   0.0171667
   0.26136 -0.0103725  0.0175805
  0.260621 -0.0119061  0.0179602
 0.259875 -0.013156  0.018304
  0.259145 -0.0141832  0.0186128
 0.258444 -0.015032 0.0188884
  0.257777 -0.0157359  0.0191333
  0.257146 -0.0163204  0.0193502
   0.25655 -0.0168058  0.0195417
  0.255988 -0.0172086  0.0197104
  0.255457 -0.0175418  0.0198587
  0.254956 -0.0178166  0.0199887
 0.254481 -0.018042 0.0201025
  0.254031 -0.0182257  0.0202018
  0.253605 -0.0183742  0.0202882
 0.253199 -0.018493 0.0203633
  0.252813 -0.0185866  0.0204282
 0.252445 -0.018659 0.0204842
  0.252093 -0.0187136  0.0205323
  0.251758 -0.0187531  0.0205734
 0.251436  -0.01878 0.0206084
  0.251129 -0.0187963   0.020638
  0.250834 -0.0188038  0.0206628
  0.250552 -0.0188039  0.0206834
  0.250281 -0.0187979  0.0207004
   0.25002 -0.0187869  0.0207143
   0.24977 -0.0187718  0.0207253
   0.24953 -0.0187533  0.0207339
  0.249298 -0.0187322  0.0207404
  0.249076 -0.0187088  0.0207452
  0.248862 -0.0186838  0.0207483
  0.248655 -0.0186575  0.0207502
  0.248457 -0.0186302  0.0207509
  0.248265 -0.0186022  0.0207506
  0.248081 -0.0185737  0.0207496
 0.247903 -0.018545 0.0207479
  0.247732 -0.0185162  0.0207456
  0.247567 -0.0184874  0.0207429
  0.247408 -0.0184588  0.0207398
  0.247254 -0.0184303  0.0207364
  0.247106 -0.0184022  0.0207329
  0.246963 -0.0183745  0.0207292
  0.246826 -0.0183472  0.0207254
  0.246693 -0.0183203  0.0207215
  0.246565 -0.0182939  0.0207177
 0.246441 -0.018268 0.0207138
  0.246322 -0.0182426    0.02071
  0.246207 -0.0182178  0.0207063
  0.246096 -0.0181935  0.0207027
  0.245989 -0.0181697  0.0206992
  0.245885 -0.0181465  0.0206958
  0.245786 -0.0181238  0.0206926
   0.24569 -0.0181017  0.0206895
 0.245597  -0.01808 0.0206865
  0.245507 -0.0180589  0.0206838
  0.245421 -0.0180383  0.0206811
  0.245338 -0.0180183  0.0206787
  0.245257 -0.0179987  0.0206764
   0.24518 -0.0179796  0.0206743
  0.245105 -0.0179609  0.0206723
  0.245033 -0.0179428  0.0206706
  0.244964 -0.0179251  0.0206689
  0.244896 -0.0179078  0.0206675
 0.244832 -0.017891 0.0206662
  0.244769 -0.0178746   0.020665
  0.244709 -0.0178585   0.020664
  0.244651 -0.0178429  0.0206632
  0.244595 -0.0178277  0.0206625
  0.244541 -0.0178129  0.0206619
  0.244489 -0.0177984  0.0206615
  0.244439 -0.0177843  0.0206612
  0.244391 -0.0177705  0.0206611
  0.244345 -0.0177571   0.020661
   0.2443 -0.017744 0.0206611
  0.244257 -0.0177313  0.0206613
  0.244215 -0.0177188  0.0206616
  0.244175 -0.0177066   0.020662
  0.244136 -0.0176948  0.0206625
  0.244099 -0.0176832  0.0206631
  0.244063 -0.0176719  0.0206638
  0.244028 -0.0176609  0.0206646
  0.243995 -0.0176502  0.0206655
  0.243963 -0.0176397  0.0206664
  0.243932 -0.0176294  0.0206675
  0.243903 -0.0176194  0.0206686
  0.243874 -0.0176097  0.0206697
  0.243846 -0.0176001   0.020671
   0.24382 -0.0175908  0.0206723
  0.243794 -0.0175817  0.0206737
   0.24377 -0.0175729  0.0206751
  0.243746 -0.0175642  0.0206766
  0.243724 -0.0175557  0.0206781
  0.243702 -0.0175475  0.0206797
  0.243681 -0.0175394  0.0206813
  0.243661 -0.0175315   0.020683
  0.243641 -0.0175238  0.0206847
  0.243623 -0.0175163  0.0206864
  0.243605 -0.0175089  0.0206882
  0.243587 -0.0175017    0.02069
  0.243571 -0.0174947  0.0206918
  0.243555 -0.0174878  0.0206937
   0.24354 -0.0174811  0.0206956
  0.243525 -0.0174745  0.0206975
  0.243511 -0.0174681  0.0206994
  0.243498 -0.0174618  0.0207014
  0.243485 -0.0174557  0.0207034
  0.243472 -0.0174497  0.0207054
   0.24346 -0.0174438  0.0207074
  0.243449 -0.0174381  0.0207094
  0.243438 -0.0174325  0.0207114
 0.243427 -0.017427 0.0207134
  0.243417 -0.0174216  0.0207155
  0.243408 -0.0174164  0.0207175
  0.243399 -0.0174112  0.0207196
   0.24339 -0.0174062  0.0207217
  0.243381 -0.0174013  0.0207237
  0.243373 -0.0173965  0.0207258
  0.243366 -0.0173918  0.0207279
  0.243358 -0.0173872  0.0207299
  0.243351 -0.0173826   0.020732
  0.243344 -0.0173782  0.0207341
  0.243338 -0.0173739  0.0207361
  0.243332 -0.0173697  0.0207382
  0.243326 -0.0173655  0.0207403
   0.24332 -0.0173615  0.0207423
  0.243315 -0.0173575  0.0207444
   0.24331 -0.0173536  0.0207464
  0.243305 -0.0173498  0.0207484
  0.243301 -0.0173461  0.0207504
  0.243296 -0.0173424  0.0207525
  0.243292 -0.0173389  0.0207545
  0.243288 -0.0173354  0.0207564
  0.243284 -0.0173319  0.0207584
  0.243281 -0.0173286  0.0207604
  0.243278 -0.0173253  0.0207624
  0.243274 -0.0173221  0.0207643
  0.243271 -0.0173189  0.0207662
  0.243268 -0.0173158  0.0207682
  0.243266 -0.0173128  0.0207701
  0.243263 -0.0173098   0.020772
  0.243261 -0.0173069  0.0207739
 0.243259 -0.017304 0.0207757
  0.243257 -0.0173012  0.0207776
  0.243255 -0.0172985  0.0207794
  0.243253 -0.0172958  0.0207813
  0.243251 -0.0172932  0.0207831
  0.243249 -0.0172906  0.0207849
  0.243248 -0.0172881  0.0207866
  0.243246 -0.0172856  0.0207884
  0.243245 -0.0172832  0.0207902
  0.243244 -0.0172808  0.0207919
  0.243243 -0.0172784  0.0207936
  0.243242 -0.0172762  0.0207953
  0.243241 -0.0172739   0.020797
   0.24324 -0.0172717  0.0207987
  0.243239 -0.0172695  0.0208003
  0.243239 -0.0172674  0.0208019
  0.243238 -0.0172653  0.0208036
  0.243237 -0.0172633  0.0208052
  0.243237 -0.0172613  0.0208068
  0.243236 -0.0172593  0.0208083
  0.243236 -0.0172574  0.0208099
  0.243236 -0.0172555  0.0208114
  0.243236 -0.0172537  0.0208129
  0.243235 -0.0172519  0.0208144
  0.243235 -0.0172501  0.0208159
  0.243235 -0.0172483  0.0208174
  0.243235 -0.0172466  0.0208189
  0.243235 -0.0172449  0.0208203
  0.243235 -0.0172433  0.0208217
  0.243235 -0.0172417  0.0208231
  0.243235 -0.0172401  0.0208245
  0.243235 -0.0172385  0.0208259
 0.243236 -0.017237 0.0208272
  0.243236 -0.0172355  0.0208286
 0.243236 -0.017234 0.0208299
  0.243236 -0.0172326  0.0208312
  0.243237 -0.0172311  0.0208325
  0.243237 -0.0172297  0.0208338
  0.243237 -0.0172284  0.0208351
 0.243238 -0.017227 0.0208363
  0.243238 -0.0172257  0.0208375
  0.243238 -0.0172244  0.0208387
  0.243239 -0.0172231  0.0208399
  0.243239 -0.0172219  0.0208411
   0.24324 -0.0172207  0.0208423
   0.24324 -0.0172195  0.0208435
  0.243241 -0.0172183  0.0208446
  0.243241 -0.0172171  0.0208457
 0.243242 -0.017216 0.0208468
  0.243242 -0.0172149  0.0208479
  0.243243 -0.0172138   0.020849
  0.243244 -0.0172127  0.0208501
  0.243244 -0.0172116  0.0208511
  0.243245 -0.0172106  0.0208522
  0.243245 -0.0172096  0.0208532
  0.243246 -0.0172086  0.0208542
  0.243246 -0.0172076  0.0208552
  0.243247 -0.0172066  0.0208562
  0.243248 -0.0172057  0.0208572
  0.243248 -0.0172047  0.0208581
  0.243249 -0.0172038  0.0208591
   0.24325 -0.0172029    0.02086
  0.24325 -0.017202 0.0208609
  0.243251 -0.0172012  0.0208618
  0.243252 -0.0172003  0.0208627
  0.243252 -0.0171995  0.0208636
  0.243253 -0.0171986  0.0208645
  0.243253 -0.0171978  0.0208654
 0.243254 -0.017197 0.0208662
  0.243255 -0.0171962   0.020867
  0.243255 -0.0171955  0.0208679
  0.243256 -0.0171947  0.0208687
 0.243257 -0.017194 0.0208695
  0.243257 -0.0171933  0.0208703
  0.243258 -0.0171925   0.020871
  0.243259 -0.0171918  0.0208718
  0.243259 -0.0171911  0.0208726
   0.24326 -0.0171905  0.0208733
  0.243261 -0.0171898   0.020874
  0.243261 -0.0171891  0.0208748
  0.243262 -0.0171885  0.0208755
  0.243262 -0.0171879  0.0208762
  0.243263 -0.0171872  0.0208769
  0.243264 -0.0171866  0.0208776
 0.243264 -0.017186 0.0208782
  0.243265 -0.0171854  0.0208789
  0.243266 -0.0171849  0.0208796
  0.243266 -0.0171843  0.0208802
  0.243267 -0.0171837  0.0208808
  0.243267 -0.0171832  0.0208815
  0.243268 -0.0171826  0.0208821
  0.243269 -0.0171821  0.0208827
  0.243269 -0.0171816  0.0208833
   0.24327 -0.0171811  0.0208839
   0.24327 -0.0171806  0.0208845
  0.243271 -0.0171801   0.020885
  0.243271 -0.0171796  0.0208856
  0.243272 -0.0171791  0.0208862
  0.243273 -0.0171786  0.0208867
  0.243273 -0.0171781  0.0208872
  0.243274 -0.0171777  0.0208878
  0.243274 -0.0171772  0.0208883
  0.243275 -0.0171768  0.0208888
  0.243275 -0.0171764  0.0208893
  0.243276 -0.0171759  0.0208898
  0.243276 -0.0171755  0.0208903
  0.243277 -0.0171751  0.0208908
  0.243277 -0.0171747  0.0208913
  0.243278 -0.0171743  0.0208917
  0.243278 -0.0171739  0.0208922
  0.243279 -0.0171735  0.0208927
  0.243279 -0.0171731  0.0208931
   0.24328 -0.0171728  0.0208936
   0.24328 -0.0171724   0.020894
 0.243281 -0.017172 0.0208944
  0.243281 -0.0171717  0.0208948
  0.243282 -0.0171713  0.0208953
 0.243282 -0.017171 0.0208957
  0.243283 -0.0171707  0.0208961
  0.243283 -0.0171703  0.0208965
 0.243283  -0.01717 0.0208969
  0.243284 -0.0171697  0.0208973
  0.243284 -0.0171694  0.0208976
  0.243285 -0.0171691   0.020898
  0.243285 -0.0171688  0.0208984
  0.243286 -0.0171685  0.0208987
  0.243286 -0.0171682  0.0208991
  0.243286 -0.0171679  0.0208994
  0.243287 -0.0171676  0.0208998
  0.243287 -0.0171673  0.0209001
 0.243288 -0.017167 0.0209005
  0.243288 -0.0171668  0.0209008
  0.243288 -0.0171665  0.0209011
  0.243289 -0.0171662  0.0209014
 0.243289 -0.017166 0.0209018
  0.243289 -0.0171657  0.0209021
   0.24329 -0.0171655  0.0209024
   0.24329 -0.0171652  0.0209027
 0.243291 -0.017165  0.020903
  0.243291 -0.0171647  0.0209033
  0.243291 -0.0171645  0.0209035
  0.243292 -0.0171643  0.0209038
  0.243292 -0.0171641  0.0209041
  0.243292 -0.0171638  0.0209044
  0.243293 -0.0171636  0.0209046
  0.243293 -0.0171634  0.0209049
  0.243293 -0.0171632  0.0209052
 0.243293 -0.017163 0.0209054
  0.243294 -0.0171628  0.0209057
  0.243294 -0.0171626  0.0209059
  0.243294 -0.0171624  0.0209062
  0.243295 -0.0171622  0.0209064
 0.243295 -0.017162 0.0209066
  0.243295 -0.0171618  0.0209069
  0.243296 -0.0171616  0.0209071
  0.243296 -0.0171614  0.0209073
  0.243296 -0.0171613  0.0209075
  0.243296 -0.0171611  0.0209078
  0.243297 -0.0171609   0.020908
  0.243297 -0.0171607  0.0209082
  0.243297 -0.0171606  0.0209084
  0.243297 -0.0171604  0.0209086
  0.243298 -0.0171602  0.0209088
  0.243298 -0.0171601   0.020909
  0.243298 -0.0171599  0.0209092
  0.243298 -0.0171598  0.0209094
  0.243299 -0.0171596  0.0209096
  0.243299 -0.0171595  0.0209098
  0.243299 -0.0171593  0.0209099
  0.243299 -0.0171592  0.0209101
 0.243299 -0.017159 0.0209103
    0.2433 -0.0171589  0.0209105
    0.2433 -0.0171587  0.0209106
    0.2433 -0.0171586  0.0209108
    0.2433 -0.0171585   0.020911
  0.243301 -0.0171583  0.0209111
  0.243301 -0.0171582  0.0209113
  0.243301 -0.0171581  0.0209115
 0.243301 -0.017158 0.0209116
  0.243301 -0.0171578  0.0209118
  0.243302 -0.0171577  0.0209119
  0.243302 -0.0171576  0.0209121
  0.243302 -0.0171575  0.0209122
  0.243302 -0.0171574  0.0209123
  0.243302 -0.0171573  0.0209125
  0.243302 -0.0171571  0.0209126
 0.243303 -0.017157 0.0209128
  0.243303 -0.0171569  0.0209129
  0.243303 -0.0171568   0.020913
  0.243303 -0.0171567  0.0209132
  0.243303 -0.0171566  0.0209133
  0.243303 -0.0171565  0.0209134
  0.243304 -0.0171564  0.0209135
  0.243304 -0.0171563  0.0209137
  0.243304 -0.0171562  0.0209138
  0.243304 -0.0171561  0.0209139
 0.243304 -0.017156  0.020914
  0.243304 -0.0171559  0.0209141
  0.243304 -0.0171558  0.0209142
  0.243305 -0.0171557  0.0209143
  0.243305 -0.0171557  0.0209144
  0.243305 -0.0171556  0.0209145
  0.243305 -0.0171555  0.0209147
  0.243305 -0.0171554  0.0209148
  0.243305 -0.0171553  0.0209149
  0.243305 -0.0171552   0.020915
  0.243305 -0.0171552   0.020915
  0.243306 -0.0171551  0.0209151
 0.243306 -0.017155 0.0209152
  0.243306 -0.0171549  0.0209153
  0.243306 -0.0171548  0.0209154
  0.243306 -0.0171548  0.0209155
  0.243306 -0.0171547  0.0209156
  0.243306 -0.0171546  0.0209157
  0.243306 -0.0171546  0.0209158
  0.243306 -0.0171545  0.0209159
  0.243307 -0.0171544  0.0209159
  0.243307 -0.0171544   0.020916
  0.243307 -0.0171543  0.0209161
  0.243307 -0.0171542  0.0209162
  0.243307 -0.0171542  0.0209162
  0.243307 -0.0171541  0.0209163
 0.243307 -0.017154 0.0209164
 0.243307 -0.017154 0.0209165
  0.243307 -0.0171539  0.0209165
  0.243307 -0.0171538  0.0209166
  0.243308 -0.0171538  0.0209167
  0.243308 -0.0171537  0.0209167
  0.243308 -0.0171537  0.0209168
  0.243308 -0.0171536  0.0209169
  0.243308 -0.0171536  0.0209169
  0.243308 -0.0171535   0.020917
  0.243308 -0.0171535  0.0209171
  0.243308 -0.0171534  0.0209171
  0.243308 -0.0171534  0.0209172
  0.243308 -0.0171533  0.0209172
  0.243308 -0.0171533  0.0209173
  0.243308 -0.0171532  0.0209174
  0.243308 -0.0171532  0.0209174
  0.243308 -0.0171531  0.0209175
  0.243309 -0.0171531  0.0209175
 0.243309 -0.017153 0.0209176
 0.243309 -0.017153 0.0209176
  0.243309 -0.0171529  0.0209177
  0.243309 -0.0171529  0.0209177
  0.243309 -0.0171528  0.0209178
  0.243309 -0.0171528  0.0209178
  0.243309 -0.0171527  0.0209179
  0.243309 -0.0171527  0.0209179
  0.243309 -0.0171527   0.020918
  0.243309 -0.0171526   0.020918
  0.243309 -0.0171526   0.020918
  0.243309 -0.0171525  0.0209181
  0.243309 -0.0171525  0.0209181
  0.243309 -0.0171525  0.0209182
  0.243309 -0.0171524  0.0209182
  0.243309 -0.0171524  0.0209183
  0.243309 -0.0171524  0.0209183
   0.24331 -0.0171523  0.0209183
   0.24331 -0.0171523  0.0209184
   0.24331 -0.0171523  0.0209184
   0.24331 -0.0171522  0.0209184
   0.24331 -0.0171522  0.0209185
   0.24331 -0.0171522  0.0209185
   0.24331 -0.0171521  0.0209185
   0.24331 -0.0171521  0.0209186
   0.24331 -0.0171521  0.0209186
  0.24331 -0.017152 0.0209186
  0.24331 -0.017152 0.0209187
  0.24331 -0.017152 0.0209187
   0.24331 -0.0171519  0.0209187
   0.24331 -0.0171519  0.0209188
   0.24331 -0.0171519  0.0209188
   0.24331 -0.0171518  0.0209188
   0.24331 -0.0171518  0.0209189
   0.24331 -0.0171518  0.0209189
   0.24331 -0.0171518  0.0209189
   0.24331 -0.0171517  0.0209189
   0.24331 -0.0171517   0.020919
   0.24331 -0.0171517   0.020919
   0.24331 -0.0171517   0.020919
   0.24331 -0.0171516   0.020919
   0.24331 -0.0171516  0.0209191
   0.24331 -0.0171516  0.0209191
   0.24331 -0.0171516  0.0209191
   0.24331 -0.0171515  0.0209191
   0.24331 -0.0171515  0.0209191
  0.243311 -0.0171515  0.0209192
  0.243311 -0.0171515  0.0209192
  0.243311 -0.0171514  0.0209192
  0.243311 -0.0171514  0.0209192
  0.243311 -0.0171514  0.0209193
  0.243311 -0.0171514  0.0209193
  0.243311 -0.0171514  0.0209193
  0.243311 -0.0171513  0.0209193
  0.243311 -0.0171513  0.0209193
  0.243311 -0.0171513  0.0209193
  0.243311 -0.0171513  0.0209194
  0.243311 -0.0171513  0.0209194
  0.243311 -0.0171512  0.0209194
  0.243311 -0.0171512  0.0209194
  0.243311 -0.0171512  0.0209194
  0.243311 -0.0171512  0.0209194
  0.243311 -0.0171512  0.0209195
  0.243311 -0.0171511  0.0209195
  0.243311 -0.0171511  0.0209195
  0.243311 -0.0171511  0.0209195
  0.243311 -0.0171511  0.0209195
  0.243311 -0.0171511  0.0209195
  0.243311 -0.0171511  0.0209195
 0.243311 -0.017151 0.0209196
 0.243311 -0.017151 0.0209196
 0.243311 -0.017151 0.0209196
 0.243311 -0.017151 0.0209196
 0.243311 -0.017151 0.0209196
 0.243311 -0.017151 0.0209196
  0.243311 -0.0171509  0.0209196
  0.243311 -0.0171509  0.0209196
  0.243311 -0.0171509  0.0209196
  0.243311 -0.0171509  0.0209197
  0.243311 -0.0171509  0.0209197
  0.243311 -0.0171509  0.0209197
  0.243311 -0.0171508  0.0209197
  0.243311 -0.0171508  0.0209197
  0.243311 -0.0171508  0.0209197
  0.243311 -0.0171508  0.0209197
  0.243311 -0.0171508  0.0209197
  0.243311 -0.0171508  0.0209197
  0.243311 -0.0171508  0.0209197
  0.243311 -0.0171508  0.0209197
  0.243311 -0.0171507  0.0209197
  0.243311 -0.0171507  0.0209198
  0.243311 -0.0171507  0.0209198
  0.243311 -0.0171507  0.0209198
  0.243311 -0.0171507  0.0209198
  0.243311 -0.0171507  0.0209198
  0.243311 -0.0171507  0.0209198
  0.243311 -0.0171507  0.0209198
  0.243311 -0.0171506  0.0209198
  0.243311 -0.0171506  0.0209198
  0.243311 -0.0171506  0.0209198
  0.243311 -0.0171506  0.0209198
  0.243311 -0.0171506  0.0209198
  0.243311 -0.0171506  0.0209198
  0.243311 -0.0171506  0.0209198
  0.243311 -0.0171506  0.0209198
  0.243311 -0.0171506  0.0209198
  0.243311 -0.0171505  0.0209198
  0.243311 -0.0171505  0.0209198
  0.243311 -0.0171505  0.0209198
  0.243311 -0.0171505  0.0209199
  0.243311 -0.0171505  0.0209199
  0.243311 -0.0171505  0.0209199
  0.243311 -0.0171505  0.0209199
  0.243311 -0.0171505  0.0209199
  0.243311 -0.0171505  0.0209199
  0.243311 -0.0171505  0.0209199
  0.243311 -0.0171504  0.0209199
  0.243311 -0.0171504  0.0209199
  0.243311 -0.0171504  0.0209199
  0.243311 -0.0171504  0.0209199
  0.243311 -0.0171504  0.0209199
  0.243311 -0.0171504  0.0209199
  0.243311 -0.0171504  0.0209199
  0.243311 -0.0171504  0.0209199
  0.243311 -0.0171504  0.0209199
  0.243311 -0.0171504  0.0209199
  0.243311 -0.0171504  0.0209199
  0.243311 -0.0171504  0.0209199
  0.243311 -0.0171503  0.0209199
  0.243311 -0.0171503  0.0209199
  0.243311 -0.0171503  0.0209199
  0.243311 -0.0171503  0.0209199
  0.243311 -0.0171503  0.0209199
  0.243311 -0.0171503  0.0209199
  0.243311 -0.0171503  0.0209199
  0.243311 -0.0171503  0.0209199
  0.243311 -0.0171503  0.0209199
  0.243311 -0.0171503  0.0209199
  0.243311 -0.0171503  0.0209199
  0.243311 -0.0171503  0.0209199
  0.243311 -0.0171503  0.0209199
  0.243311 -0.0171502  0.0209199
  0.243311 -0.0171502  0.0209199
  0.243311 -0.0171502  0.0209199
  0.243311 -0.0171502  0.0209199
  0.243311 -0.0171502  0.0209199
  0.243311 -0.0171502  0.0209199
  0.243311 -0.0171502  0.0209199
  0.243311 -0.0171502  0.0209199
  0.243311 -0.0171502  0.0209199
  0.243311 -0.0171502  0.0209199
  0.243311 -0.0171502  0.0209199
  0.243311 -0.0171502  0.0209199
  0.243311 -0.0171502  0.0209199
  0.243311 -0.0171502  0.0209199
  0.243311 -0.0171502  0.0209199
  0.243311 -0.0171502  0.0209199
  0.243311 -0.0171501  0.0209199
  0.243311 -0.0171501  0.0209199
  0.243311 -0.0171501  0.0209199
  0.243311 -0.0171501  0.0209199
  0.243311 -0.0171501  0.0209199
  0.243311 -0.0171501  0.0209198
  0.243311 -0.0171501  0.0209198
  0.243311 -0.0171501  0.0209198
  0.243311 -0.0171501  0.0209198
  0.243311 -0.0171501  0.0209198
  0.243311 -0.0171501  0.0209198
  0.243311 -0.0171501  0.0209198
  0.243311 -0.0171501  0.0209198
  0.243311 -0.0171501  0.0209198
  0.243311 -0.0171501  0.0209198
  0.243311 -0.0171501  0.0209198
  0.243311 -0.0171501  0.0209198
  0.243311 -0.0171501  0.0209198
 0.243311  -0.01715 0.0209198
 0.243311  -0.01715 0.0209198
 0.243311  -0.01715 0.0209198
 0.243311  -0.01715 0.0209198
 0.243311  -0.01715 0.0209198
 0.243311  -0.01715 0.0209198
 0.243311  -0.01715 0.0209198
  0.24331  -0.01715 0.0209198
  0.24331  -0.01715 0.0209198
  0.24331  -0.01715 0.0209198
  0.24331  -0.01715 0.0209198
  0.24331  -0.01715 0.0209198
  0.24331  -0.01715 0.0209198
  0.24331  -0.01715 0.0209198
  0.24331  -0.01715 0.0209198
  0.24331  -0.01715 0.0209198
  0.24331  -0.01715 0.0209197
  0.24331  -0.01715 0.0209197
  0.24331  -0.01715 0.0209197
  0.24331  -0.01715 0.0209197
  0.24331  -0.01715 0.0209197
   0.24331 -0.0171499  0.0209197
   0.24331 -0.0171499  0.0209197
   0.24331 -0.0171499  0.0209197
   0.24331 -0.0171499  0.0209197
   0.24331 -0.0171499  0.0209197
   0.24331 -0.0171499  0.0209197
   0.24331 -0.0171499  0.0209197
   0.24331 -0.0171499  0.0209197
   0.24331 -0.0171499  0.0209197
   0.24331 -0.0171499  0.0209197
   0.24331 -0.0171499  0.0209197
   0.24331 -0.0171499  0.0209197
   0.24331 -0.0171499  0.0209197
   0.24331 -0.0171499  0.0209197
   0.24331 -0.0171499  0.0209197
   0.24331 -0.0171499  0.0209197
   0.24331 -0.0171499  0.0209197
   0.24331 -0.0171499  0.0209196
   0.24331 -0.0171499  0.0209196
   0.24331 -0.0171499  0.0209196
   0.24331 -0.0171499  0.0209196
   0.24331 -0.0171499  0.0209196
   0.24331 -0.0171499  0.0209196
   0.24331 -0.0171499  0.0209196
   0.24331 -0.0171499  0.0209196
   0.24331 -0.0171498  0.0209196
   0.24331 -0.0171498  0.0209196
   0.24331 -0.0171498  0.0209196
   0.24331 -0.0171498  0.0209196
   0.24331 -0.0171498  0.0209196
   0.24331 -0.0171498  0.0209196
   0.24331 -0.0171498  0.0209196
   0.24331 -0.0171498  0.0209196
   0.24331 -0.0171498  0.0209196
   0.24331 -0.0171498  0.0209196
   0.24331 -0.0171498  0.0209195
   0.24331 -0.0171498  0.0209195
   0.24331 -0.0171498  0.0209195
   0.24331 -0.0171498  0.0209195
   0.24331 -0.0171498  0.0209195
   0.24331 -0.0171498  0.0209195
   0.24331 -0.0171498  0.0209195
   0.24331 -0.0171498  0.0209195
   0.24331 -0.0171498  0.0209195
   0.24331 -0.0171498  0.0209195
   0.24331 -0.0171498  0.0209195
   0.24331 -0.0171498  0.0209195
   0.24331 -0.0171498  0.0209195
   0.24331 -0.0171498  0.0209195
   0.24331 -0.0171498  0.0209195
   0.24331 -0.0171498  0.0209195
   0.24331 -0.0171498  0.0209195
   0.24331 -0.0171498  0.0209195
   0.24331 -0.0171497  0.0209194
   0.24331 -0.0171497  0.0209194
   0.24331 -0.0171497  0.0209194
   0.24331 -0.0171497  0.0209194
   0.24331 -0.0171497  0.0209194
   0.24331 -0.0171497  0.0209194
   0.24331 -0.0171497  0.0209194
  0.243309 -0.0171497  0.0209194
  0.243309 -0.0171497  0.0209194
  0.243309 -0.0171497  0.0209194
  0.243309 -0.0171497  0.0209194
  0.243309 -0.0171497  0.0209194
  0.243309 -0.0171497  0.0209194
  0.243309 -0.0171497  0.0209194
  0.243309 -0.0171497  0.0209194
  0.243309 -0.0171497  0.0209194
  0.243309 -0.0171497  0.0209193
  0.243309 -0.0171497  0.0209193
  0.243309 -0.0171497  0.0209193
  0.243309 -0.0171497  0.0209193
  0.243309 -0.0171497  0.0209193
  0.243309 -0.0171497  0.0209193
  0.243309 -0.0171497  0.0209193
  0.243309 -0.0171497  0.0209193
  0.243309 -0.0171497  0.0209193
  0.243309 -0.0171497  0.0209193
  0.243309 -0.0171497  0.0209193
  0.243309 -0.0171497  0.0209193
  0.243309 -0.0171497  0.0209193
  0.243309 -0.0171497  0.0209193
  0.243309 -0.0171497  0.0209193
  0.243309 -0.0171496  0.0209193
  0.243309 -0.0171496  0.0209192
  0.243309 -0.0171496  0.0209192
  0.243309 -0.0171496  0.0209192
  0.243309 -0.0171496  0.0209192
  0.243309 -0.0171496  0.0209192
  0.243309 -0.0171496  0.0209192
  0.243309 -0.0171496  0.0209192
  0.243309 -0.0171496  0.0209192
  0.243309 -0.0171496  0.0209192
  0.243309 -0.0171496  0.0209192
  0.243309 -0.0171496  0.0209192
  0.243309 -0.0171496  0.0209192
  0.243309 -0.0171496  0.0209192
  0.243309 -0.0171496  0.0209192
  0.243309 -0.0171496  0.0209192
  0.243309 -0.0171496  0.0209192
  0.243309 -0.0171496  0.0209191
  0.243309 -0.0171496  0.0209191
  0.243309 -0.0171496  0.0209191
  0.243309 -0.0171496  0.0209191
  0.243309 -0.0171496  0.0209191
  0.243309 -0.0171496  0.0209191
  0.243309 -0.0171496  0.0209191
  0.243309 -0.0171496  0.0209191
  0.243309 -0.0171496  0.0209191
  0.243309 -0.0171496  0.0209191
  0.243309 -0.0171496  0.0209191
  0.243309 -0.0171496  0.0209191
  0.243309 -0.0171496  0.0209191
  0.243309 -0.0171496  0.0209191
  0.243309 -0.0171496  0.0209191
  0.243309 -0.0171496   0.020919
  0.243309 -0.0171496   0.020919
  0.243309 -0.0171495   0.020919
  0.243309 -0.0171495   0.020919
  0.243309 -0.0171495   0.020919
  0.243309 -0.0171495   0.020919
  0.243309 -0.0171495   0.020919
  0.243309 -0.0171495   0.020919
  0.243309 -0.0171495   0.020919
  0.243308 -0.0171495   0.020919
  0.243308 -0.0171495   0.020919
  0.243308 -0.0171495   0.020919
  0.243308 -0.0171495   0.020919
  0.243308 -0.0171495   0.020919
  0.243308 -0.0171495   0.020919
  0.243308 -0.0171495  0.0209189
  0.243308 -0.0171495  0.0209189
  0.243308 -0.0171495  0.0209189
  0.243308 -0.0171495  0.0209189
  0.243308 -0.0171495  0.0209189
  0.243308 -0.0171495  0.0209189
  0.243308 -0.0171495  0.0209189
  0.243308 -0.0171495  0.0209189
  0.243308 -0.0171495  0.0209189
  0.243308 -0.0171495  0.0209189
  0.243308 -0.0171495  0.0209189
  0.243308 -0.0171495  0.0209189
  0.243308 -0.0171495  0.0209189
  0.243308 -0.0171495  0.0209189
  0.243308 -0.0171495  0.0209189
  0.243308 -0.0171495  0.0209188
  0.243308 -0.0171495  0.0209188
  0.243308 -0.0171495  0.0209188
  0.243308 -0.0171495  0.0209188
  0.243308 -0.0171495  0.0209188
  0.243308 -0.0171495  0.0209188
  0.243308 -0.0171495  0.0209188
  0.243308 -0.0171495  0.0209188
  0.243308 -0.0171494  0.0209188
  0.243308 -0.0171494  0.0209188
  0.243308 -0.0171494  0.0209188
  0.243308 -0.0171494  0.0209188
  0.243308 -0.0171494  0.0209188
  0.243308 -0.0171494  0.0209188
  0.243308 -0.0171494  0.0209188
  0.243308 -0.0171494  0.0209187
  0.243308 -0.0171494  0.0209187
  0.243308 -0.0171494  0.0209187
  0.243308 -0.0171494  0.0209187
  0.243308 -0.0171494  0.0209187
  0.243308 -0.0171494  0.0209187
  0.243308 -0.0171494  0.0209187
  0.243308 -0.0171494  0.0209187
  0.243308 -0.0171494  0.0209187
  0.243308 -0.0171494  0.0209187
  0.243308 -0.0171494  0.0209187
  0.243308 -0.0171494  0.0209187
  0.243308 -0.0171494  0.0209187
  0.243308 -0.0171494  0.0209187
  0.243308 -0.0171494  0.0209186
  0.243308 -0.0171494  0.0209186
  0.243308 -0.0171494  0.0209186
  0.243308 -0.0171494  0.0209186
  0.243308 -0.0171494  0.0209186
  0.243308 -0.0171494  0.0209186
  0.243308 -0.0171494  0.0209186
  0.243308 -0.0171494  0.0209186
  0.243308 -0.0171494  0.0209186
  0.243308 -0.0171494  0.0209186
  0.243308 -0.0171494  0.0209186
  0.243308 -0.0171494  0.0209186
  0.243307 -0.0171494  0.0209186
  0.243307 -0.0171494  0.0209186
  0.243307 -0.0171494  0.0209186
  0.243307 -0.0171493  0.0209185
  0.243307 -0.0171493  0.0209185
  0.243307 -0.0171493  0.0209185
  0.243307 -0.0171493  0.0209185
  0.243307 -0.0171493  0.0209185
  0.243307 -0.0171493  0.0209185
  0.243307 -0.0171493  0.0209185
  0.243307 -0.0171493  0.0209185
  0.243307 -0.0171493  0.0209185
  0.243307 -0.0171493  0.0209185
  0.243307 -0.0171493  0.0209185
  0.243307 -0.0171493  0.0209185
  0.243307 -0.0171493  0.0209185
  0.243307 -0.0171493  0.0209185
  0.243307 -0.0171493  0.0209184
  0.243307 -0.0171493  0.0209184
  0.243307 -0.0171493  0.0209184
  0.243307 -0.0171493  0.0209184
  0.243307 -0.0171493  0.0209184
  0.243307 -0.0171493  0.0209184
  0.243307 -0.0171493  0.0209184
  0.243307 -0.0171493  0.0209184
  0.243307 -0.0171493  0.0209184
  0.243307 -0.0171493  0.0209184
  0.243307 -0.0171493  0.0209184
  0.243307 -0.0171493  0.0209184
  0.243307 -0.0171493  0.0209184
  0.243307 -0.0171493  0.0209184
  0.243307 -0.0171493  0.0209184
  0.243307 -0.0171493  0.0209183
  0.243307 -0.0171493  0.0209183
  0.243307 -0.0171493  0.0209183
  0.243307 -0.0171493  0.0209183
  0.243307 -0.0171493  0.0209183
  0.243307 -0.0171493  0.0209183
  0.243307 -0.0171493  0.0209183
  0.243307 -0.0171493  0.0209183
  0.243307 -0.0171493  0.0209183
  0.243307 -0.0171492  0.0209183
  0.243307 -0.0171492  0.0209183
  0.243307 -0.0171492  0.0209183
  0.243307 -0.0171492  0.0209183
  0.243307 -0.0171492  0.0209183
  0.243307 -0.0171492  0.0209182
  0.243307 -0.0171492  0.0209182
  0.243307 -0.0171492  0.0209182
  0.243307 -0.0171492  0.0209182
  0.243307 -0.0171492  0.0209182
  0.243307 -0.0171492  0.0209182
  0.243307 -0.0171492  0.0209182
  0.243307 -0.0171492  0.0209182
  0.243307 -0.0171492  0.0209182
  0.243307 -0.0171492  0.0209182
  0.243307 -0.0171492  0.0209182
  0.243307 -0.0171492  0.0209182
  0.243307 -0.0171492  0.0209182
  0.243307 -0.0171492  0.0209182
  0.243307 -0.0171492  0.0209181
  0.243306 -0.0171492  0.0209181
  0.243306 -0.0171492  0.0209181
  0.243306 -0.0171492  0.0209181
  0.243306 -0.0171492  0.0209181
  0.243306 -0.0171492  0.0209181
  0.243306 -0.0171492  0.0209181
  0.243306 -0.0171492  0.0209181
  0.243306 -0.0171492  0.0209181
  0.243306 -0.0171492  0.0209181
  0.243306 -0.0171492  0.0209181
  0.243306 -0.0171492  0.0209181
  0.243306 -0.0171492  0.0209181
  0.243306 -0.0171492  0.0209181
  0.243306 -0.0171492  0.0209181
  0.243306 -0.0171492   0.020918
  0.243306 -0.0171492   0.020918
  0.243306 -0.0171492   0.020918
  0.243306 -0.0171491   0.020918
  0.243306 -0.0171491   0.020918
  0.243306 -0.0171491   0.020918
  0.243306 -0.0171491   0.020918
  0.243306 -0.0171491   0.020918
  0.243306 -0.0171491   0.020918
  0.243306 -0.0171491   0.020918
  0.243306 -0.0171491   0.020918
  0.243306 -0.0171491   0.020918
  0.243306 -0.0171491   0.020918
  0.243306 -0.0171491   0.020918
  0.243306 -0.0171491  0.0209179
  0.243306 -0.0171491  0.0209179
  0.243306 -0.0171491  0.0209179
  0.243306 -0.0171491  0.0209179
  0.243306 -0.0171491  0.0209179
  0.243306 -0.0171491  0.0209179
  0.243306 -0.0171491  0.0209179
  0.243306 -0.0171491  0.0209179
  0.243306 -0.0171491  0.0209179
  0.243306 -0.0171491  0.0209179
  0.243306 -0.0171491  0.0209179
  0.243306 -0.0171491  0.0209179
  0.243306 -0.0171491  0.0209179
  0.243306 -0.0171491  0.0209179
  0.243306 -0.0171491  0.0209178
  0.243306 -0.0171491  0.0209178
  0.243306 -0.0171491  0.0209178
  0.243306 -0.0171491  0.0209178
  0.243306 -0.0171491  0.0209178
  0.243306 -0.0171491  0.0209178
  0.243306 -0.0171491  0.0209178
  0.243306 -0.0171491  0.0209178
  0.243306 -0.0171491  0.0209178
  0.243306 -0.0171491  0.0209178
  0.243306 -0.0171491  0.0209178
  0.243306 -0.0171491  0.0209178
  0.243306 -0.0171491  0.0209178
 0.243306 -0.017149 0.0209178
 0.243306 -0.017149 0.0209177
 0.243306 -0.017149 0.0209177
 0.243306 -0.017149 0.0209177
 0.243306 -0.017149 0.0209177
 0.243306 -0.017149 0.0209177
 0.243305 -0.017149 0.0209177
 0.243305 -0.017149 0.0209177
 0.243305 -0.017149 0.0209177
 0.243305 -0.017149 0.0209177
 0.243305 -0.017149 0.0209177
 0.243305 -0.017149 0.0209177
 0.243305 -0.017149 0.0209177
 0.243305 -0.017149 0.0209177
 0.243305 -0.017149 0.0209177
 0.243305 -0.017149 0.0209177
 0.243305 -0.017149 0.0209176
 0.243305 -0.017149 0.0209176
 0.243305 -0.017149 0.0209176
 0.243305 -0.017149 0.0209176
 0.243305 -0.017149 0.0209176
 0.243305 -0.017149 0.0209176
 0.243305 -0.017149 0.0209176
 0.243305 -0.017149 0.0209176
 0.243305 -0.017149 0.0209176
 0.243305 -0.017149 0.0209176
 0.243305 -0.017149 0.0209176
 0.243305 -0.017149 0.0209176
 0.243305 -0.017149 0.0209176
 0.243305 -0.017149 0.0209176
 0.243305 -0.017149 0.0209175
 0.243305 -0.017149 0.0209175
 0.243305 -0.017149 0.0209175
 0.243305 -0.017149 0.0209175
 0.243305 -0.017149 0.0209175
 0.243305 -0.017149 0.0209175
 0.243305 -0.017149 0.0209175
  0.243305 -0.0171489  0.0209175
  0.243305 -0.0171489  0.0209175
  0.243305 -0.0171489  0.0209175
  0.243305 -0.0171489  0.0209175
  0.243305 -0.0171489  0.0209175
  0.243305 -0.0171489  0.0209175
  0.243305 -0.0171489  0.0209175
  0.243305 -0.0171489  0.0209174
  0.243305 -0.0171489  0.0209174
  0.243305 -0.0171489  0.0209174
  0.243305 -0.0171489  0.0209174
  0.243305 -0.0171489  0.0209174
  0.243305 -0.0171489  0.0209174
  0.243305 -0.0171489  0.0209174
  0.243305 -0.0171489  0.0209174
  0.243305 -0.0171489  0.0209174
  0.243305 -0.0171489  0.0209174
  0.243305 -0.0171489  0.0209174
  0.243305 -0.0171489  0.0209174
  0.243305 -0.0171489  0.0209174
  0.243305 -0.0171489  0.0209174
  0.243305 -0.0171489  0.0209173
  0.243305 -0.0171489  0.0209173
  0.243305 -0.0171489  0.0209173
  0.243305 -0.0171489  0.0209173
  0.243305 -0.0171489  0.0209173
  0.243305 -0.0171489  0.0209173
  0.243305 -0.0171489  0.0209173
  0.243305 -0.0171489  0.0209173
  0.243304 -0.0171489  0.0209173
  0.243304 -0.0171489  0.0209173
  0.243304 -0.0171489  0.0209173
  0.243304 -0.0171489  0.0209173
  0.243304 -0.0171489  0.0209173
  0.243304 -0.0171489  0.0209173
  0.243304 -0.0171489  0.0209172
  0.243304 -0.0171489  0.0209172
  0.243304 -0.0171489  0.0209172
  0.243304 -0.0171488  0.0209172
  0.243304 -0.0171488  0.0209172
  0.243304 -0.0171488  0.0209172
  0.243304 -0.0171488  0.0209172
  0.243304 -0.0171488  0.0209172
  0.243304 -0.0171488  0.0209172
  0.243304 -0.0171488  0.0209172
  0.243304 -0.0171488  0.0209172
  0.243304 -0.0171488  0.0209172
  0.243304 -0.0171488  0.0209172
  0.243304 -0.0171488  0.0209172
  0.243304 -0.0171488  0.0209172
  0.243304 -0.0171488  0.0209171
  0.243304 -0.0171488  0.0209171
  0.243304 -0.0171488  0.0209171
  0.243304 -0.0171488  0.0209171
  0.243304 -0.0171488  0.0209171
  0.243304 -0.0171488  0.0209171
  0.243304 -0.0171488  0.0209171
  0.243304 -0.0171488  0.0209171
  0.243304 -0.0171488  0.0209171
  0.243304 -0.0171488  0.0209171
  0.243304 -0.0171488  0.0209171
  0.243304 -0.0171488  0.0209171
  0.243304 -0.0171488  0.0209171
  0.243304 -0.0171488  0.0209171
  0.243304 -0.0171488   0.020917
  0.243304 -0.0171488   0.020917
  0.243304 -0.0171488   0.020917
  0.243304 -0.0171488   0.020917
  0.243304 -0.0171488   0.020917
  0.243304 -0.0171488   0.020917
  0.243304 -0.0171488   0.020917
  0.243304 -0.0171488   0.020917
  0.243304 -0.0171488   0.020917
