0.0405906 0.0126821 0.0239537
 0.0438265 0.00453789  0.0216632
   0.0456008 -0.000922875    0.0200127
  0.0464969 -0.00470163   0.0187637
  0.0468773 -0.00740395   0.0177764
   0.046963 -0.00940155   0.0169671
 0.0468875 -0.0109257  0.0162846
 0.0467299 -0.0121226  0.0156966
 0.0465365 -0.0130859  0.0151823
 0.0463336 -0.0138771  0.0147278
 0.0461356 -0.0145374   0.014323
 0.0459499 -0.0150952   0.013961
 0.0457796 -0.0155707   0.013636
 0.0456258 -0.0159787  0.0133436
 0.0454879 -0.0163304  0.0130802
  0.045365 -0.0166345  0.0128427
0.0452558 -0.016898 0.0126282
 0.0451587 -0.0171266  0.0124345
0.0450725 -0.017325 0.0122594
 0.0449958 -0.0174973  0.0121011
 0.0449273 -0.0176469  0.0119579
 0.0448662 -0.0177768  0.0118283
 0.0448114 -0.0178893   0.011711
  0.044762 -0.0179868  0.0116047
 0.0447174 -0.0180712  0.0115083
 0.0446769 -0.0181441  0.0114209
   0.04464 -0.0182069  0.0113416
 0.0446061 -0.0182609  0.0112696
  0.044575 -0.0183073  0.0112042
 0.0445461 -0.0183469  0.0111447
 0.0445192 -0.0183807  0.0110906
 0.0444941 -0.0184093  0.0110414
 0.0444704 -0.0184335  0.0109965
  0.044448 -0.0184538  0.0109556
 0.0444267 -0.0184706  0.0109183
 0.0444064 -0.0184845  0.0108842
 0.0443869 -0.0184957   0.010853
 0.0443682 -0.0185047  0.0108245
 0.0443501 -0.0185117  0.0107983
0.0443325 -0.018517 0.0107743
 0.0443154 -0.0185207  0.0107523
 0.0442987 -0.0185232   0.010732
 0.0442823 -0.0185245  0.0107134
 0.0442663 -0.0185248  0.0106962
 0.0442506 -0.0185243  0.0106803
0.0442351 -0.018523 0.0106656
0.0442199 -0.018521  0.010652
 0.0442048 -0.0185185  0.0106394
 0.0441899 -0.0185155  0.0106276
 0.0441752 -0.0185121  0.0106167
 0.0441606 -0.0185083  0.0106065
 0.0441462 -0.0185042   0.010597
 0.0441319 -0.0184999   0.010588
 0.0441177 -0.0184953  0.0105797
 0.0441036 -0.0184905  0.0105718
 0.0440896 -0.0184856  0.0105644
 0.0440757 -0.0184805  0.0105574
 0.0440619 -0.0184753  0.0105507
0.0440482  -0.01847 0.0105444
 0.0440346 -0.0184647  0.0105385
 0.0440211 -0.0184592  0.0105328
 0.0440076 -0.0184538  0.0105274
 0.0439943 -0.0184482  0.0105222
  0.043981 -0.0184427  0.0105172
 0.0439678 -0.0184371  0.0105124
 0.0439547 -0.0184315  0.0105079
0.0439417 -0.018426 0.0105034
 0.0439287 -0.0184204  0.0104992
 0.0439158 -0.0184148  0.0104951
 0.0439031 -0.0184092  0.0104911
 0.0438903 -0.0184036  0.0104872
 0.0438777 -0.0183981  0.0104834
 0.0438651 -0.0183925  0.0104798
0.0438526 -0.018387 0.0104762
 0.0438402 -0.0183815  0.0104727
 0.0438279 -0.0183761  0.0104693
 0.0438156 -0.0183706   0.010466
 0.0438034 -0.0183652  0.0104628
 0.0437913 -0.0183598  0.0104596
 0.0437793 -0.0183545  0.0104565
 0.0437673 -0.0183491  0.0104534
 0.0437555 -0.0183438  0.0104504
 0.0437437 -0.0183386  0.0104474
 0.0437319 -0.0183333  0.0104445
 0.0437203 -0.0183281  0.0104416
 0.0437087 -0.0183229  0.0104388
 0.0436972 -0.0183178   0.010436
 0.0436858 -0.0183127  0.0104332
 0.0436744 -0.0183076  0.0104305
 0.0436631 -0.0183025  0.0104278
 0.0436519 -0.0182975  0.0104251
 0.0436407 -0.0182925  0.0104225
 0.0436297 -0.0182876  0.0104199
 0.0436187 -0.0182826  0.0104174
 0.0436078 -0.0182778  0.0104148
 0.0435969 -0.0182729  0.0104123
 0.0435861 -0.0182681  0.0104098
 0.0435754 -0.0182633  0.0104073
 0.0435648 -0.0182585  0.0104049
 0.0435542 -0.0182538  0.0104025
0.0435437 -0.018249 0.0104001
 0.0435332 -0.0182444  0.0103977
 0.0435229 -0.0182397  0.0103953
 0.0435126 -0.0182351   0.010393
 0.0435023 -0.0182305  0.0103907
0.0434922 -0.018226 0.0103884
 0.0434821 -0.0182214  0.0103861
  0.043472 -0.0182169  0.0103839
 0.0434621 -0.0182125  0.0103816
0.0434522 -0.018208 0.0103794
 0.0434423 -0.0182036  0.0103772
 0.0434325 -0.0181993   0.010375
 0.0434228 -0.0181949  0.0103728
 0.0434132 -0.0181906  0.0103707
 0.0434036 -0.0181863  0.0103685
0.0433941 -0.018182 0.0103664
 0.0433846 -0.0181778  0.0103643
 0.0433752 -0.0181736  0.0103622
 0.0433659 -0.0181694  0.0103601
 0.0433566 -0.0181652  0.0103581
 0.0433474 -0.0181611   0.010356
0.0433383 -0.018157  0.010354
 0.0433292 -0.0181529   0.010352
 0.0433202 -0.0181489    0.01035
 0.0433112 -0.0181448   0.010348
 0.0433023 -0.0181408   0.010346
 0.0432934 -0.0181369  0.0103441
 0.0432846 -0.0181329  0.0103421
0.0432759 -0.018129 0.0103402
 0.0432672 -0.0181251  0.0103383
 0.0432586 -0.0181212  0.0103364
   0.04325 -0.0181174  0.0103345
 0.0432415 -0.0181136  0.0103326
 0.0432331 -0.0181098  0.0103308
0.0432247 -0.018106 0.0103289
 0.0432163 -0.0181023  0.0103271
  0.043208 -0.0180985  0.0103253
 0.0431998 -0.0180948  0.0103234
 0.0431916 -0.0180912  0.0103217
 0.0431835 -0.0180875  0.0103199
 0.0431754 -0.0180839  0.0103181
 0.0431674 -0.0180803  0.0103163
 0.0431594 -0.0180767  0.0103146
 0.0431515 -0.0180732  0.0103129
 0.0431436 -0.0180696  0.0103111
 0.0431358 -0.0180661  0.0103094
  0.043128 -0.0180626  0.0103077
 0.0431203 -0.0180592   0.010306
 0.0431127 -0.0180557  0.0103044
 0.0431051 -0.0180523  0.0103027
 0.0430975 -0.0180489  0.0103011
   0.04309 -0.0180455  0.0102994
 0.0430825 -0.0180422  0.0102978
 0.0430751 -0.0180388  0.0102962
 0.0430677 -0.0180355  0.0102946
 0.0430604 -0.0180322   0.010293
 0.0430531 -0.0180289  0.0102914
 0.0430459 -0.0180257  0.0102898
 0.0430387 -0.0180225  0.0102883
 0.0430316 -0.0180193  0.0102867
 0.0430245 -0.0180161  0.0102852
 0.0430175 -0.0180129  0.0102836
 0.0430105 -0.0180098  0.0102821
 0.0430036 -0.0180066  0.0102806
 0.0429967 -0.0180035  0.0102791
 0.0429898 -0.0180004  0.0102776
  0.042983 -0.0179974  0.0102762
 0.0429762 -0.0179943  0.0102747
 0.0429695 -0.0179913  0.0102732
 0.0429628 -0.0179883  0.0102718
 0.0429562 -0.0179853  0.0102704
 0.0429496 -0.0179823  0.0102689
  0.042943 -0.0179794  0.0102675
 0.0429365 -0.0179764  0.0102661
 0.0429301 -0.0179735  0.0102647
 0.0429236 -0.0179706  0.0102633
 0.0429173 -0.0179678   0.010262
 0.0429109 -0.0179649  0.0102606
 0.0429046 -0.0179621  0.0102593
 0.0428984 -0.0179592  0.0102579
 0.0428921 -0.0179564  0.0102566
  0.042886 -0.0179536  0.0102552
 0.0428798 -0.0179509  0.0102539
 0.0428737 -0.0179481  0.0102526
 0.0428677 -0.0179454  0.0102513
 0.0428616 -0.0179427    0.01025
0.0428557  -0.01794 0.0102487
 0.0428497 -0.0179373  0.0102475
 0.0428438 -0.0179346  0.0102462
0.0428379 -0.017932  0.010245
 0.0428321 -0.0179294  0.0102437
 0.0428263 -0.0179267  0.0102425
 0.0428206 -0.0179241  0.0102412
 0.0428149 -0.0179216    0.01024
0.0428092 -0.017919 0.0102388
 0.0428035 -0.0179164  0.0102376
 0.0427979 -0.0179139  0.0102364
 0.0427924 -0.0179114  0.0102352
 0.0427868 -0.0179089  0.0102341
 0.0427813 -0.0179064  0.0102329
 0.0427759 -0.0179039  0.0102317
 0.0427705 -0.0179015  0.0102306
 0.0427651 -0.0178991  0.0102294
 0.0427597 -0.0178966  0.0102283
 0.0427544 -0.0178942  0.0102272
 0.0427491 -0.0178918   0.010226
 0.0427438 -0.0178895  0.0102249
 0.0427386 -0.0178871  0.0102238
 0.0427334 -0.0178848  0.0102227
 0.0427283 -0.0178824  0.0102216
 0.0427232 -0.0178801  0.0102206
 0.0427181 -0.0178778  0.0102195
  0.042713 -0.0178755  0.0102184
  0.042708 -0.0178732  0.0102174
 0.042703 -0.017871 0.0102163
 0.0426981 -0.0178687  0.0102153
 0.0426931 -0.0178665  0.0102142
 0.0426883 -0.0178643  0.0102132
 0.0426834 -0.0178621  0.0102122
 0.0426786 -0.0178599  0.0102112
 0.0426738 -0.0178577  0.0102101
  0.042669 -0.0178556  0.0102091
 0.0426643 -0.0178534  0.0102082
 0.0426596 -0.0178513  0.0102072
 0.0426549 -0.0178492  0.0102062
 0.0426502 -0.0178471  0.0102052
0.0426456 -0.017845 0.0102043
  0.042641 -0.0178429  0.0102033
 0.0426365 -0.0178408  0.0102023
 0.0426319 -0.0178388  0.0102014
 0.0426274 -0.0178367  0.0102005
  0.042623 -0.0178347  0.0101995
 0.0426185 -0.0178327  0.0101986
 0.0426141 -0.0178307  0.0101977
 0.0426097 -0.0178287  0.0101968
 0.0426054 -0.0178267  0.0101959
 0.0426011 -0.0178248   0.010195
 0.0425968 -0.0178228  0.0101941
 0.0425925 -0.0178209  0.0101932
 0.0425882 -0.0178189  0.0101923
 0.042584 -0.017817 0.0101914
 0.0425798 -0.0178151  0.0101906
 0.0425757 -0.0178132  0.0101897
 0.0425715 -0.0178113  0.0101888
 0.0425674 -0.0178095   0.010188
 0.0425633 -0.0178076  0.0101872
 0.0425593 -0.0178058  0.0101863
 0.0425552 -0.0178039  0.0101855
 0.0425512 -0.0178021  0.0101847
 0.0425473 -0.0178003  0.0101838
 0.0425433 -0.0177985   0.010183
 0.0425394 -0.0177967  0.0101822
 0.0425355 -0.0177949  0.0101814
 0.0425316 -0.0177932  0.0101806
 0.0425277 -0.0177914  0.0101798
 0.0425239 -0.0177897   0.010179
 0.0425201 -0.0177879  0.0101783
 0.0425163 -0.0177862  0.0101775
 0.0425126 -0.0177845  0.0101767
 0.0425088 -0.0177828   0.010176
 0.0425051 -0.0177811  0.0101752
 0.0425015 -0.0177794  0.0101744
 0.0424978 -0.0177778  0.0101737
 0.0424942 -0.0177761   0.010173
 0.0424905 -0.0177745  0.0101722
  0.042487 -0.0177728  0.0101715
 0.0424834 -0.0177712  0.0101708
 0.0424798 -0.0177696    0.01017
0.0424763 -0.017768 0.0101693
 0.0424728 -0.0177664  0.0101686
 0.0424693 -0.0177648  0.0101679
 0.0424659 -0.0177632  0.0101672
 0.0424625 -0.0177617  0.0101665
  0.042459 -0.0177601  0.0101658
 0.0424557 -0.0177585  0.0101651
0.0424523 -0.017757 0.0101645
 0.0424489 -0.0177555  0.0101638
0.0424456 -0.017754 0.0101631
 0.0424423 -0.0177525  0.0101625
 0.042439 -0.017751 0.0101618
 0.0424358 -0.0177495  0.0101611
0.0424325 -0.017748 0.0101605
 0.0424293 -0.0177465  0.0101598
0.0424261 -0.017745 0.0101592
 0.0424229 -0.0177436  0.0101586
 0.0424198 -0.0177421  0.0101579
 0.0424167 -0.0177407  0.0101573
 0.0424135 -0.0177393  0.0101567
 0.0424104 -0.0177379  0.0101561
 0.0424074 -0.0177365  0.0101554
 0.0424043 -0.0177351  0.0101548
 0.0424013 -0.0177337  0.0101542
 0.0423983 -0.0177323  0.0101536
 0.0423953 -0.0177309   0.010153
 0.0423923 -0.0177295  0.0101524
 0.0423893 -0.0177282  0.0101519
 0.0423864 -0.0177268  0.0101513
 0.0423834 -0.0177255  0.0101507
 0.0423805 -0.0177242  0.0101501
 0.0423777 -0.0177228  0.0101495
 0.0423748 -0.0177215   0.010149
 0.0423719 -0.0177202  0.0101484
 0.0423691 -0.0177189  0.0101479
 0.0423663 -0.0177176  0.0101473
 0.0423635 -0.0177163  0.0101468
 0.0423607 -0.0177151  0.0101462
  0.042358 -0.0177138  0.0101457
 0.0423552 -0.0177125  0.0101451
 0.0423525 -0.0177113  0.0101446
 0.0423498 -0.0177101  0.0101441
 0.0423471 -0.0177088  0.0101435
 0.0423444 -0.0177076   0.010143
 0.0423418 -0.0177064  0.0101425
 0.0423392 -0.0177052   0.010142
 0.0423365 -0.0177039  0.0101415
 0.0423339 -0.0177028   0.010141
 0.0423313 -0.0177016  0.0101405
 0.0423288 -0.0177004    0.01014
 0.0423262 -0.0176992  0.0101395
0.0423237 -0.017698  0.010139
 0.0423212 -0.0176969  0.0101385
 0.0423187 -0.0176957   0.010138
 0.0423162 -0.0176946  0.0101375
 0.0423137 -0.0176934   0.010137
 0.0423112 -0.0176923  0.0101366
 0.0423088 -0.0176912  0.0101361
 0.0423064 -0.0176901  0.0101356
  0.042304 -0.0176889  0.0101352
 0.0423016 -0.0176878  0.0101347
 0.0422992 -0.0176867  0.0101342
 0.0422968 -0.0176857  0.0101338
 0.0422945 -0.0176846  0.0101333
 0.0422921 -0.0176835  0.0101329
 0.0422898 -0.0176824  0.0101324
 0.0422875 -0.0176814   0.010132
 0.0422852 -0.0176803  0.0101316
 0.0422829 -0.0176792  0.0101311
 0.0422807 -0.0176782  0.0101307
 0.0422784 -0.0176772  0.0101303
 0.0422762 -0.0176761  0.0101298
  0.042274 -0.0176751  0.0101294
 0.0422718 -0.0176741   0.010129
 0.0422696 -0.0176731  0.0101286
 0.0422674 -0.0176721  0.0101282
 0.0422653 -0.0176711  0.0101278
 0.0422631 -0.0176701  0.0101274
  0.042261 -0.0176691   0.010127
 0.0422589 -0.0176681  0.0101266
 0.0422568 -0.0176671  0.0101262
 0.0422547 -0.0176662  0.0101258
 0.0422526 -0.0176652  0.0101254
 0.0422505 -0.0176642   0.010125
 0.0422485 -0.0176633  0.0101246
 0.0422464 -0.0176623  0.0101242
 0.0422444 -0.0176614  0.0101238
 0.0422424 -0.0176605  0.0101235
 0.0422404 -0.0176595  0.0101231
 0.0422384 -0.0176586  0.0101227
 0.0422364 -0.0176577  0.0101224
 0.0422345 -0.0176568   0.010122
 0.0422325 -0.0176559  0.0101216
0.0422306 -0.017655 0.0101213
 0.0422286 -0.0176541  0.0101209
 0.0422267 -0.0176532  0.0101206
 0.0422248 -0.0176523  0.0101202
 0.0422229 -0.0176514  0.0101199
 0.0422211 -0.0176506  0.0101195
 0.0422192 -0.0176497  0.0101192
 0.0422173 -0.0176488  0.0101188
0.0422155 -0.017648 0.0101185
 0.0422137 -0.0176471  0.0101182
 0.0422119 -0.0176463  0.0101178
 0.0422101 -0.0176454  0.0101175
 0.0422083 -0.0176446  0.0101172
 0.0422065 -0.0176438  0.0101168
 0.0422047 -0.0176429  0.0101165
 0.0422029 -0.0176421  0.0101162
 0.0422012 -0.0176413  0.0101159
 0.0421995 -0.0176405  0.0101156
 0.0421977 -0.0176397  0.0101152
  0.042196 -0.0176389  0.0101149
 0.0421943 -0.0176381  0.0101146
 0.0421926 -0.0176373  0.0101143
 0.0421909 -0.0176365   0.010114
 0.0421893 -0.0176357  0.0101137
0.0421876 -0.017635 0.0101134
  0.042186 -0.0176342  0.0101131
 0.0421843 -0.0176334  0.0101128
 0.0421827 -0.0176327  0.0101125
 0.0421811 -0.0176319  0.0101122
 0.0421795 -0.0176312   0.010112
 0.0421779 -0.0176304  0.0101117
 0.0421763 -0.0176297  0.0101114
 0.0421747 -0.0176289  0.0101111
 0.0421731 -0.0176282  0.0101108
 0.0421716 -0.0176275  0.0101106
   0.04217 -0.0176267  0.0101103
0.0421685 -0.017626   0.01011
  0.042167 -0.0176253  0.0101097
 0.0421655 -0.0176246  0.0101095
 0.0421639 -0.0176239  0.0101092
 0.0421624 -0.0176232  0.0101089
  0.042161 -0.0176225  0.0101087
 0.0421595 -0.0176218  0.0101084
  0.042158 -0.0176211  0.0101082
 0.0421565 -0.0176204  0.0101079
 0.0421551 -0.0176197  0.0101076
 0.0421537 -0.0176191  0.0101074
 0.0421522 -0.0176184  0.0101071
 0.0421508 -0.0176177  0.0101069
 0.0421494 -0.0176171  0.0101067
  0.042148 -0.0176164  0.0101064
 0.0421466 -0.0176157  0.0101062
 0.0421452 -0.0176151  0.0101059
 0.0421438 -0.0176144  0.0101057
 0.0421425 -0.0176138  0.0101055
 0.0421411 -0.0176132  0.0101052
 0.0421397 -0.0176125   0.010105
 0.0421384 -0.0176119  0.0101048
 0.0421371 -0.0176113  0.0101045
 0.0421357 -0.0176106  0.0101043
0.0421344  -0.01761 0.0101041
 0.0421331 -0.0176094  0.0101039
 0.0421318 -0.0176088  0.0101036
 0.0421305 -0.0176082  0.0101034
 0.0421292 -0.0176076  0.0101032
 0.042128 -0.017607  0.010103
 0.0421267 -0.0176064  0.0101028
 0.0421254 -0.0176058  0.0101026
 0.0421242 -0.0176052  0.0101023
  0.042123 -0.0176046  0.0101021
0.0421217 -0.017604 0.0101019
 0.0421205 -0.0176034  0.0101017
 0.0421193 -0.0176028  0.0101015
 0.0421181 -0.0176023  0.0101013
 0.0421169 -0.0176017  0.0101011
 0.0421157 -0.0176011  0.0101009
 0.0421145 -0.0176006  0.0101007
0.0421133   -0.0176 0.0101005
 0.0421121 -0.0175995  0.0101003
  0.042111 -0.0175989  0.0101001
 0.0421098 -0.0175984  0.0100999
 0.0421087 -0.0175978  0.0100998
 0.0421075 -0.0175973  0.0100996
 0.0421064 -0.0175967  0.0100994
 0.0421052 -0.0175962  0.0100992
 0.0421041 -0.0175957   0.010099
  0.042103 -0.0175951  0.0100988
 0.0421019 -0.0175946  0.0100987
 0.0421008 -0.0175941  0.0100985
 0.0420997 -0.0175936  0.0100983
0.0420986 -0.017593 0.0100981
 0.0420976 -0.0175925   0.010098
0.0420965 -0.017592 0.0100978
 0.0420954 -0.0175915  0.0100976
0.0420944 -0.017591 0.0100974
 0.0420933 -0.0175905  0.0100973
0.0420923  -0.01759 0.0100971
 0.0420912 -0.0175895  0.0100969
0.0420902 -0.017589 0.0100968
 0.0420892 -0.0175885  0.0100966
 0.0420882 -0.0175881  0.0100964
 0.0420871 -0.0175876  0.0100963
 0.0420861 -0.0175871  0.0100961
 0.0420851 -0.0175866   0.010096
 0.0420842 -0.0175861  0.0100958
 0.0420832 -0.0175857  0.0100957
 0.0420822 -0.0175852  0.0100955
 0.0420812 -0.0175847  0.0100954
 0.0420803 -0.0175843  0.0100952
 0.0420793 -0.0175838  0.0100951
 0.0420783 -0.0175834  0.0100949
 0.0420774 -0.0175829  0.0100948
 0.0420765 -0.0175825  0.0100946
0.0420755 -0.017582 0.0100945
 0.0420746 -0.0175816  0.0100943
 0.0420737 -0.0175811  0.0100942
 0.0420728 -0.0175807   0.010094
 0.0420718 -0.0175802  0.0100939
 0.0420709 -0.0175798  0.0100938
   0.04207 -0.0175794  0.0100936
0.0420692 -0.017579 0.0100935
 0.0420683 -0.0175785  0.0100934
 0.0420674 -0.0175781  0.0100932
 0.0420665 -0.0175777  0.0100931
 0.0420656 -0.0175773   0.010093
 0.0420648 -0.0175768  0.0100928
 0.0420639 -0.0175764  0.0100927
0.0420631 -0.017576 0.0100926
 0.0420622 -0.0175756  0.0100925
 0.0420614 -0.0175752  0.0100923
 0.0420605 -0.0175748  0.0100922
 0.0420597 -0.0175744  0.0100921
0.0420589 -0.017574  0.010092
 0.0420581 -0.0175736  0.0100918
 0.0420572 -0.0175732  0.0100917
 0.0420564 -0.0175728  0.0100916
 0.0420556 -0.0175724  0.0100915
0.0420548 -0.017572 0.0100914
  0.042054 -0.0175717  0.0100912
 0.0420532 -0.0175713  0.0100911
 0.0420525 -0.0175709   0.010091
 0.0420517 -0.0175705  0.0100909
 0.0420509 -0.0175701  0.0100908
 0.0420501 -0.0175698  0.0100907
 0.0420494 -0.0175694  0.0100906
0.0420486 -0.017569 0.0100905
 0.0420479 -0.0175687  0.0100904
 0.0420471 -0.0175683  0.0100903
 0.0420464 -0.0175679  0.0100901
 0.0420456 -0.0175676    0.01009
 0.0420449 -0.0175672  0.0100899
 0.0420442 -0.0175669  0.0100898
 0.0420434 -0.0175665  0.0100897
 0.0420427 -0.0175662  0.0100896
  0.042042 -0.0175658  0.0100895
 0.0420413 -0.0175655  0.0100894
 0.0420406 -0.0175651  0.0100893
 0.0420399 -0.0175648  0.0100892
 0.0420392 -0.0175645  0.0100891
 0.0420385 -0.0175641  0.0100891
 0.0420378 -0.0175638   0.010089
 0.0420371 -0.0175634  0.0100889
 0.0420364 -0.0175631  0.0100888
 0.0420358 -0.0175628  0.0100887
 0.0420351 -0.0175625  0.0100886
 0.0420344 -0.0175621  0.0100885
 0.0420338 -0.0175618  0.0100884
 0.0420331 -0.0175615  0.0100883
 0.0420325 -0.0175612  0.0100882
 0.0420318 -0.0175608  0.0100881
 0.0420312 -0.0175605  0.0100881
 0.0420305 -0.0175602   0.010088
 0.0420299 -0.0175599  0.0100879
 0.0420293 -0.0175596  0.0100878
 0.0420286 -0.0175593  0.0100877
 0.042028 -0.017559 0.0100876
 0.0420274 -0.0175587  0.0100876
 0.0420268 -0.0175584  0.0100875
 0.0420262 -0.0175581  0.0100874
 0.0420255 -0.0175578  0.0100873
 0.0420249 -0.0175575  0.0100873
 0.0420243 -0.0175572  0.0100872
 0.0420237 -0.0175569  0.0100871
 0.0420232 -0.0175566   0.010087
 0.0420226 -0.0175563  0.0100869
 0.042022 -0.017556 0.0100869
 0.0420214 -0.0175557  0.0100868
 0.0420208 -0.0175555  0.0100867
 0.0420203 -0.0175552  0.0100867
 0.0420197 -0.0175549  0.0100866
 0.0420191 -0.0175546  0.0100865
 0.0420186 -0.0175543  0.0100864
  0.042018 -0.0175541  0.0100864
 0.0420174 -0.0175538  0.0100863
 0.0420169 -0.0175535  0.0100862
 0.0420164 -0.0175532  0.0100862
0.0420158 -0.017553 0.0100861
 0.0420153 -0.0175527   0.010086
 0.0420147 -0.0175524   0.010086
 0.0420142 -0.0175522  0.0100859
 0.0420137 -0.0175519  0.0100859
 0.0420131 -0.0175516  0.0100858
 0.0420126 -0.0175514  0.0100857
 0.0420121 -0.0175511  0.0100857
 0.0420116 -0.0175509  0.0100856
 0.0420111 -0.0175506  0.0100855
 0.0420106 -0.0175504  0.0100855
 0.0420101 -0.0175501  0.0100854
 0.0420096 -0.0175499  0.0100854
 0.0420091 -0.0175496  0.0100853
 0.0420086 -0.0175494  0.0100853
 0.0420081 -0.0175491  0.0100852
 0.0420076 -0.0175489  0.0100851
 0.0420071 -0.0175486  0.0100851
 0.0420066 -0.0175484   0.010085
 0.0420061 -0.0175482   0.010085
 0.0420057 -0.0175479  0.0100849
 0.0420052 -0.0175477  0.0100849
 0.0420047 -0.0175474  0.0100848
 0.0420042 -0.0175472  0.0100848
0.0420038 -0.017547 0.0100847
 0.0420033 -0.0175467  0.0100847
 0.0420029 -0.0175465  0.0100846
 0.0420024 -0.0175463  0.0100846
  0.042002 -0.0175461  0.0100845
 0.0420015 -0.0175458  0.0100845
 0.0420011 -0.0175456  0.0100844
 0.0420006 -0.0175454  0.0100844
 0.0420002 -0.0175452  0.0100843
0.0419997 -0.017545 0.0100843
 0.0419993 -0.0175447  0.0100842
 0.0419989 -0.0175445  0.0100842
 0.0419985 -0.0175443  0.0100842
  0.041998 -0.0175441  0.0100841
 0.0419976 -0.0175439  0.0100841
 0.0419972 -0.0175437   0.010084
 0.0419968 -0.0175434   0.010084
 0.0419964 -0.0175432  0.0100839
0.0419959 -0.017543 0.0100839
 0.0419955 -0.0175428  0.0100839
 0.0419951 -0.0175426  0.0100838
 0.0419947 -0.0175424  0.0100838
 0.0419943 -0.0175422  0.0100837
0.0419939 -0.017542 0.0100837
 0.0419935 -0.0175418  0.0100837
 0.0419931 -0.0175416  0.0100836
 0.0419927 -0.0175414  0.0100836
 0.0419924 -0.0175412  0.0100836
 0.041992 -0.017541 0.0100835
 0.0419916 -0.0175408  0.0100835
 0.0419912 -0.0175406  0.0100834
 0.0419908 -0.0175404  0.0100834
 0.0419905 -0.0175402  0.0100834
 0.0419901 -0.0175401  0.0100833
 0.0419897 -0.0175399  0.0100833
 0.0419893 -0.0175397  0.0100833
  0.041989 -0.0175395  0.0100832
 0.0419886 -0.0175393  0.0100832
 0.0419883 -0.0175391  0.0100832
 0.0419879 -0.0175389  0.0100832
 0.0419875 -0.0175388  0.0100831
 0.0419872 -0.0175386  0.0100831
 0.0419868 -0.0175384  0.0100831
 0.0419865 -0.0175382   0.010083
0.0419861 -0.017538  0.010083
 0.0419858 -0.0175379   0.010083
 0.0419855 -0.0175377  0.0100829
 0.0419851 -0.0175375  0.0100829
 0.0419848 -0.0175373  0.0100829
 0.0419844 -0.0175372  0.0100829
0.0419841 -0.017537 0.0100828
 0.0419838 -0.0175368  0.0100828
 0.0419835 -0.0175367  0.0100828
 0.0419831 -0.0175365  0.0100828
 0.0419828 -0.0175363  0.0100827
 0.0419825 -0.0175362  0.0100827
0.0419822 -0.017536 0.0100827
 0.0419819 -0.0175358  0.0100827
 0.0419815 -0.0175357  0.0100826
 0.0419812 -0.0175355  0.0100826
 0.0419809 -0.0175353  0.0100826
 0.0419806 -0.0175352  0.0100826
0.0419803 -0.017535 0.0100825
   0.04198 -0.0175349  0.0100825
 0.0419797 -0.0175347  0.0100825
 0.0419794 -0.0175346  0.0100825
 0.0419791 -0.0175344  0.0100825
 0.0419788 -0.0175342  0.0100824
 0.0419785 -0.0175341  0.0100824
 0.0419782 -0.0175339  0.0100824
 0.0419779 -0.0175338  0.0100824
 0.0419776 -0.0175336  0.0100824
 0.0419773 -0.0175335  0.0100823
 0.0419771 -0.0175333  0.0100823
 0.0419768 -0.0175332  0.0100823
0.0419765 -0.017533 0.0100823
 0.0419762 -0.0175329  0.0100823
 0.0419759 -0.0175328  0.0100822
 0.0419757 -0.0175326  0.0100822
 0.0419754 -0.0175325  0.0100822
 0.0419751 -0.0175323  0.0100822
 0.0419748 -0.0175322  0.0100822
0.0419746 -0.017532 0.0100822
 0.0419743 -0.0175319  0.0100821
  0.041974 -0.0175318  0.0100821
 0.0419738 -0.0175316  0.0100821
 0.0419735 -0.0175315  0.0100821
 0.0419733 -0.0175313  0.0100821
  0.041973 -0.0175312  0.0100821
 0.0419727 -0.0175311  0.0100821
 0.0419725 -0.0175309   0.010082
 0.0419722 -0.0175308   0.010082
  0.041972 -0.0175307   0.010082
 0.0419717 -0.0175305   0.010082
 0.0419715 -0.0175304   0.010082
 0.0419713 -0.0175303   0.010082
  0.041971 -0.0175302   0.010082
0.0419708  -0.01753  0.010082
 0.0419705 -0.0175299  0.0100819
 0.0419703 -0.0175298  0.0100819
   0.04197 -0.0175296  0.0100819
 0.0419698 -0.0175295  0.0100819
 0.0419696 -0.0175294  0.0100819
 0.0419693 -0.0175293  0.0100819
 0.0419691 -0.0175291  0.0100819
0.0419689 -0.017529 0.0100819
 0.0419687 -0.0175289  0.0100819
 0.0419684 -0.0175288  0.0100819
 0.0419682 -0.0175287  0.0100818
  0.041968 -0.0175285  0.0100818
 0.0419678 -0.0175284  0.0100818
 0.0419675 -0.0175283  0.0100818
 0.0419673 -0.0175282  0.0100818
 0.0419671 -0.0175281  0.0100818
0.0419669 -0.017528 0.0100818
 0.0419667 -0.0175278  0.0100818
 0.0419665 -0.0175277  0.0100818
 0.0419663 -0.0175276  0.0100818
  0.041966 -0.0175275  0.0100818
 0.0419658 -0.0175274  0.0100818
 0.0419656 -0.0175273  0.0100818
 0.0419654 -0.0175272  0.0100818
 0.0419652 -0.0175271  0.0100817
  0.041965 -0.0175269  0.0100817
 0.0419648 -0.0175268  0.0100817
 0.0419646 -0.0175267  0.0100817
 0.0419644 -0.0175266  0.0100817
 0.0419642 -0.0175265  0.0100817
  0.041964 -0.0175264  0.0100817
 0.0419638 -0.0175263  0.0100817
 0.0419636 -0.0175262  0.0100817
 0.0419634 -0.0175261  0.0100817
0.0419633 -0.017526 0.0100817
 0.0419631 -0.0175259  0.0100817
 0.0419629 -0.0175258  0.0100817
 0.0419627 -0.0175257  0.0100817
 0.0419625 -0.0175256  0.0100817
 0.0419623 -0.0175255  0.0100817
 0.0419621 -0.0175254  0.0100817
  0.041962 -0.0175253  0.0100817
 0.0419618 -0.0175252  0.0100817
 0.0419616 -0.0175251  0.0100817
0.0419614 -0.017525 0.0100817
 0.0419612 -0.0175249  0.0100817
 0.0419611 -0.0175248  0.0100817
 0.0419609 -0.0175247  0.0100817
 0.0419607 -0.0175246  0.0100817
 0.0419605 -0.0175245  0.0100817
 0.0419604 -0.0175244  0.0100817
 0.0419602 -0.0175243  0.0100817
   0.04196 -0.0175242  0.0100817
 0.0419599 -0.0175241  0.0100817
0.0419597 -0.017524 0.0100817
 0.0419595 -0.0175239  0.0100817
 0.0419594 -0.0175239  0.0100817
 0.0419592 -0.0175238  0.0100817
  0.041959 -0.0175237  0.0100817
 0.0419589 -0.0175236  0.0100817
 0.0419587 -0.0175235  0.0100817
 0.0419586 -0.0175234  0.0100817
 0.0419584 -0.0175233  0.0100817
 0.0419583 -0.0175232  0.0100817
 0.0419581 -0.0175231  0.0100817
 0.0419579 -0.0175231  0.0100817
0.0419578 -0.017523 0.0100817
 0.0419576 -0.0175229  0.0100817
 0.0419575 -0.0175228  0.0100817
 0.0419573 -0.0175227  0.0100817
 0.0419572 -0.0175226  0.0100817
  0.041957 -0.0175226  0.0100817
 0.0419569 -0.0175225  0.0100817
 0.0419568 -0.0175224  0.0100817
 0.0419566 -0.0175223  0.0100817
 0.0419565 -0.0175222  0.0100817
 0.0419563 -0.0175221  0.0100817
 0.0419562 -0.0175221  0.0100817
 0.041956 -0.017522 0.0100817
 0.0419559 -0.0175219  0.0100817
 0.0419558 -0.0175218  0.0100817
 0.0419556 -0.0175218  0.0100817
 0.0419555 -0.0175217  0.0100817
 0.0419554 -0.0175216  0.0100817
 0.0419552 -0.0175215  0.0100817
 0.0419551 -0.0175214  0.0100817
  0.041955 -0.0175214  0.0100818
 0.0419548 -0.0175213  0.0100818
 0.0419547 -0.0175212  0.0100818
 0.0419546 -0.0175211  0.0100818
 0.0419544 -0.0175211  0.0100818
0.0419543 -0.017521 0.0100818
 0.0419542 -0.0175209  0.0100818
 0.0419541 -0.0175208  0.0100818
 0.0419539 -0.0175208  0.0100818
 0.0419538 -0.0175207  0.0100818
 0.0419537 -0.0175206  0.0100818
 0.0419536 -0.0175206  0.0100818
 0.0419534 -0.0175205  0.0100818
 0.0419533 -0.0175204  0.0100818
 0.0419532 -0.0175204  0.0100818
 0.0419531 -0.0175203  0.0100818
  0.041953 -0.0175202  0.0100818
 0.0419528 -0.0175201  0.0100818
 0.0419527 -0.0175201  0.0100819
0.0419526  -0.01752 0.0100819
 0.0419525 -0.0175199  0.0100819
 0.0419524 -0.0175199  0.0100819
 0.0419523 -0.0175198  0.0100819
 0.0419521 -0.0175197  0.0100819
  0.041952 -0.0175197  0.0100819
 0.0419519 -0.0175196  0.0100819
 0.0419518 -0.0175196  0.0100819
 0.0419517 -0.0175195  0.0100819
 0.0419516 -0.0175194  0.0100819
 0.0419515 -0.0175194  0.0100819
 0.0419514 -0.0175193  0.0100819
 0.0419513 -0.0175192  0.0100819
 0.0419512 -0.0175192   0.010082
 0.0419511 -0.0175191   0.010082
 0.041951 -0.017519  0.010082
0.0419509 -0.017519  0.010082
 0.0419507 -0.0175189   0.010082
 0.0419506 -0.0175189   0.010082
 0.0419505 -0.0175188   0.010082
 0.0419504 -0.0175187   0.010082
 0.0419503 -0.0175187   0.010082
 0.0419502 -0.0175186   0.010082
 0.0419501 -0.0175186   0.010082
   0.04195 -0.0175185   0.010082
   0.04195 -0.0175184  0.0100821
 0.0419499 -0.0175184  0.0100821
 0.0419498 -0.0175183  0.0100821
 0.0419497 -0.0175183  0.0100821
 0.0419496 -0.0175182  0.0100821
 0.0419495 -0.0175182  0.0100821
 0.0419494 -0.0175181  0.0100821
 0.0419493 -0.0175181  0.0100821
0.0419492 -0.017518 0.0100821
 0.0419491 -0.0175179  0.0100821
  0.041949 -0.0175179  0.0100821
 0.0419489 -0.0175178  0.0100822
 0.0419488 -0.0175178  0.0100822
 0.0419487 -0.0175177  0.0100822
 0.0419487 -0.0175177  0.0100822
 0.0419486 -0.0175176  0.0100822
 0.0419485 -0.0175176  0.0100822
 0.0419484 -0.0175175  0.0100822
 0.0419483 -0.0175175  0.0100822
 0.0419482 -0.0175174  0.0100822
 0.0419481 -0.0175174  0.0100822
 0.0419481 -0.0175173  0.0100823
  0.041948 -0.0175173  0.0100823
 0.0419479 -0.0175172  0.0100823
 0.0419478 -0.0175172  0.0100823
 0.0419477 -0.0175171  0.0100823
 0.0419477 -0.0175171  0.0100823
0.0419476 -0.017517 0.0100823
0.0419475 -0.017517 0.0100823
 0.0419474 -0.0175169  0.0100823
 0.0419473 -0.0175169  0.0100824
 0.0419473 -0.0175168  0.0100824
 0.0419472 -0.0175168  0.0100824
 0.0419471 -0.0175167  0.0100824
  0.041947 -0.0175167  0.0100824
  0.041947 -0.0175166  0.0100824
 0.0419469 -0.0175166  0.0100824
 0.0419468 -0.0175165  0.0100824
 0.0419467 -0.0175165  0.0100824
 0.0419467 -0.0175164  0.0100825
 0.0419466 -0.0175164  0.0100825
 0.0419465 -0.0175163  0.0100825
 0.0419464 -0.0175163  0.0100825
 0.0419464 -0.0175163  0.0100825
 0.0419463 -0.0175162  0.0100825
 0.0419462 -0.0175162  0.0100825
 0.0419462 -0.0175161  0.0100825
 0.0419461 -0.0175161  0.0100825
 0.041946 -0.017516 0.0100826
 0.041946 -0.017516 0.0100826
 0.0419459 -0.0175159  0.0100826
 0.0419458 -0.0175159  0.0100826
 0.0419458 -0.0175159  0.0100826
 0.0419457 -0.0175158  0.0100826
 0.0419456 -0.0175158  0.0100826
 0.0419456 -0.0175157  0.0100826
 0.0419455 -0.0175157  0.0100826
 0.0419454 -0.0175157  0.0100827
 0.0419454 -0.0175156  0.0100827
 0.0419453 -0.0175156  0.0100827
 0.0419452 -0.0175155  0.0100827
 0.0419452 -0.0175155  0.0100827
 0.0419451 -0.0175154  0.0100827
 0.0419451 -0.0175154  0.0100827
  0.041945 -0.0175154  0.0100827
 0.0419449 -0.0175153  0.0100828
 0.0419449 -0.0175153  0.0100828
 0.0419448 -0.0175153  0.0100828
 0.0419448 -0.0175152  0.0100828
 0.0419447 -0.0175152  0.0100828
 0.0419446 -0.0175151  0.0100828
 0.0419446 -0.0175151  0.0100828
 0.0419445 -0.0175151  0.0100828
0.0419445 -0.017515 0.0100829
0.0419444 -0.017515 0.0100829
 0.0419444 -0.0175149  0.0100829
 0.0419443 -0.0175149  0.0100829
 0.0419442 -0.0175149  0.0100829
 0.0419442 -0.0175148  0.0100829
 0.0419441 -0.0175148  0.0100829
 0.0419441 -0.0175148  0.0100829
  0.041944 -0.0175147   0.010083
  0.041944 -0.0175147   0.010083
 0.0419439 -0.0175147   0.010083
 0.0419439 -0.0175146   0.010083
 0.0419438 -0.0175146   0.010083
 0.0419438 -0.0175146   0.010083
 0.0419437 -0.0175145   0.010083
 0.0419437 -0.0175145   0.010083
 0.0419436 -0.0175145  0.0100831
 0.0419436 -0.0175144  0.0100831
 0.0419435 -0.0175144  0.0100831
 0.0419435 -0.0175144  0.0100831
 0.0419434 -0.0175143  0.0100831
 0.0419434 -0.0175143  0.0100831
 0.0419433 -0.0175143  0.0100831
 0.0419433 -0.0175142  0.0100831
 0.0419432 -0.0175142  0.0100832
 0.0419432 -0.0175142  0.0100832
 0.0419431 -0.0175141  0.0100832
 0.0419431 -0.0175141  0.0100832
  0.041943 -0.0175141  0.0100832
 0.041943 -0.017514 0.0100832
0.0419429 -0.017514 0.0100832
0.0419429 -0.017514 0.0100833
 0.0419429 -0.0175139  0.0100833
 0.0419428 -0.0175139  0.0100833
 0.0419428 -0.0175139  0.0100833
 0.0419427 -0.0175138  0.0100833
 0.0419427 -0.0175138  0.0100833
 0.0419426 -0.0175138  0.0100833
 0.0419426 -0.0175137  0.0100833
 0.0419425 -0.0175137  0.0100834
 0.0419425 -0.0175137  0.0100834
 0.0419425 -0.0175137  0.0100834
 0.0419424 -0.0175136  0.0100834
 0.0419424 -0.0175136  0.0100834
 0.0419423 -0.0175136  0.0100834
 0.0419423 -0.0175135  0.0100834
 0.0419423 -0.0175135  0.0100834
 0.0419422 -0.0175135  0.0100835
 0.0419422 -0.0175135  0.0100835
 0.0419421 -0.0175134  0.0100835
 0.0419421 -0.0175134  0.0100835
 0.0419421 -0.0175134  0.0100835
  0.041942 -0.0175133  0.0100835
  0.041942 -0.0175133  0.0100835
 0.0419419 -0.0175133  0.0100836
 0.0419419 -0.0175133  0.0100836
 0.0419419 -0.0175132  0.0100836
 0.0419418 -0.0175132  0.0100836
 0.0419418 -0.0175132  0.0100836
 0.0419418 -0.0175132  0.0100836
 0.0419417 -0.0175131  0.0100836
 0.0419417 -0.0175131  0.0100836
 0.0419417 -0.0175131  0.0100837
 0.0419416 -0.0175131  0.0100837
0.0419416 -0.017513 0.0100837
0.0419416 -0.017513 0.0100837
0.0419415 -0.017513 0.0100837
0.0419415 -0.017513 0.0100837
 0.0419415 -0.0175129  0.0100837
 0.0419414 -0.0175129  0.0100838
 0.0419414 -0.0175129  0.0100838
 0.0419414 -0.0175129  0.0100838
 0.0419413 -0.0175128  0.0100838
 0.0419413 -0.0175128  0.0100838
 0.0419413 -0.0175128  0.0100838
 0.0419412 -0.0175128  0.0100838
 0.0419412 -0.0175127  0.0100838
 0.0419412 -0.0175127  0.0100839
 0.0419411 -0.0175127  0.0100839
 0.0419411 -0.0175127  0.0100839
 0.0419411 -0.0175126  0.0100839
  0.041941 -0.0175126  0.0100839
  0.041941 -0.0175126  0.0100839
  0.041941 -0.0175126  0.0100839
 0.0419409 -0.0175125  0.0100839
 0.0419409 -0.0175125   0.010084
 0.0419409 -0.0175125   0.010084
 0.0419409 -0.0175125   0.010084
 0.0419408 -0.0175125   0.010084
 0.0419408 -0.0175124   0.010084
 0.0419408 -0.0175124   0.010084
 0.0419407 -0.0175124   0.010084
 0.0419407 -0.0175124  0.0100841
 0.0419407 -0.0175123  0.0100841
 0.0419407 -0.0175123  0.0100841
 0.0419406 -0.0175123  0.0100841
 0.0419406 -0.0175123  0.0100841
 0.0419406 -0.0175123  0.0100841
 0.0419406 -0.0175122  0.0100841
 0.0419405 -0.0175122  0.0100841
 0.0419405 -0.0175122  0.0100842
 0.0419405 -0.0175122  0.0100842
 0.0419404 -0.0175122  0.0100842
 0.0419404 -0.0175121  0.0100842
 0.0419404 -0.0175121  0.0100842
 0.0419404 -0.0175121  0.0100842
 0.0419403 -0.0175121  0.0100842
0.0419403 -0.017512 0.0100843
0.0419403 -0.017512 0.0100843
0.0419403 -0.017512 0.0100843
0.0419402 -0.017512 0.0100843
0.0419402 -0.017512 0.0100843
0.0419402 -0.017512 0.0100843
 0.0419402 -0.0175119  0.0100843
 0.0419402 -0.0175119  0.0100843
 0.0419401 -0.0175119  0.0100844
 0.0419401 -0.0175119  0.0100844
 0.0419401 -0.0175119  0.0100844
