0.0332428 -0.049657 0.0234599
 0.0379652 -0.0503963  0.0228309
 0.0414853 -0.0499099  0.0222777
 0.0441945 -0.0487937  0.0217641
 0.0463424 -0.0473938  0.0212745
 0.0480891 -0.0459088  0.0208035
 0.0495389 -0.0444491  0.0203504
 0.0507617 -0.0430728  0.0199161
 0.0518052 -0.0418072  0.0195019
 0.0527033 -0.0406616  0.0191089
 0.0534809 -0.0396355  0.0187377
 0.0541569 -0.0387227  0.0183886
 0.0547462 -0.0379145  0.0180614
 0.0552608 -0.0372011  0.0177556
 0.0557107 -0.0365728  0.0174705
0.0561041  -0.03602 0.0172052
 0.0564482 -0.0355341  0.0169588
 0.0567492 -0.0351072  0.0167302
 0.0570122 -0.0347321  0.0165185
  0.057242 -0.0344025  0.0163225
 0.0574426 -0.0341128  0.0161412
 0.0576175 -0.0338581  0.0159737
 0.0577697 -0.0336339   0.015819
  0.057902 -0.0334364  0.0156762
 0.0580168 -0.0332624  0.0155444
 0.0581162 -0.0331088  0.0154229
  0.058202 -0.0329731  0.0153108
 0.0582758 -0.0328531  0.0152075
  0.058339 -0.0327468  0.0151123
  0.058393 -0.0326525  0.0150246
 0.0584388 -0.0325686  0.0149438
0.0584774 -0.032494 0.0148693
 0.0585097 -0.0324274  0.0148008
 0.0585363 -0.0323678  0.0147376
  0.058558 -0.0323143  0.0146793
 0.0585754 -0.0322663  0.0146257
0.0585889 -0.032223 0.0145763
 0.0585991 -0.0321838  0.0145307
 0.0586063 -0.0321483  0.0144887
0.0586109 -0.032116   0.01445
 0.0586132 -0.0320865  0.0144142
 0.0586134 -0.0320595  0.0143812
 0.0586119 -0.0320346  0.0143508
 0.0586089 -0.0320117  0.0143227
 0.0586044 -0.0319904  0.0142967
 0.0585988 -0.0319706  0.0142726
 0.0585921 -0.0319521  0.0142504
 0.0585844 -0.0319348  0.0142297
  0.058576 -0.0319185  0.0142106
 0.0585669 -0.0319031  0.0141929
 0.0585572 -0.0318885  0.0141765
 0.0585469 -0.0318746  0.0141612
 0.0585362 -0.0318614  0.0141469
 0.0585251 -0.0318487  0.0141337
 0.0585137 -0.0318365  0.0141213
  0.058502 -0.0318248  0.0141098
   0.05849 -0.0318135   0.014099
 0.0584778 -0.0318025   0.014089
 0.0584655 -0.0317919  0.0140795
 0.0584531 -0.0317816  0.0140706
 0.0584405 -0.0317716  0.0140623
 0.0584279 -0.0317618  0.0140545
 0.0584151 -0.0317522  0.0140471
 0.0584024 -0.0317429  0.0140401
 0.0583896 -0.0317337  0.0140335
 0.0583768 -0.0317247  0.0140273
 0.0583641 -0.0317159  0.0140213
 0.0583513 -0.0317072  0.0140157
 0.0583386 -0.0316987  0.0140103
 0.0583259 -0.0316903  0.0140052
0.0583132 -0.031682 0.0140003
 0.0583006 -0.0316738  0.0139957
  0.058288 -0.0316658  0.0139912
 0.0582755 -0.0316578  0.0139869
0.0582631  -0.03165 0.0139828
 0.0582507 -0.0316423  0.0139788
 0.0582385 -0.0316346   0.013975
 0.0582262 -0.0316271  0.0139713
 0.0582141 -0.0316196  0.0139678
 0.0582021 -0.0316122  0.0139643
 0.0581901 -0.0316049   0.013961
 0.0581782 -0.0315977  0.0139577
 0.0581665 -0.0315905  0.0139546
 0.0581548 -0.0315834  0.0139515
 0.0581432 -0.0315764  0.0139486
 0.0581317 -0.0315695  0.0139457
 0.0581202 -0.0315626  0.0139428
 0.0581089 -0.0315558  0.0139401
 0.0580977 -0.0315491  0.0139374
 0.0580865 -0.0315424  0.0139347
 0.0580755 -0.0315358  0.0139321
 0.0580645 -0.0315293  0.0139296
 0.0580536 -0.0315228  0.0139271
 0.0580429 -0.0315164  0.0139247
 0.0580322 -0.0315101  0.0139223
 0.0580216 -0.0315038  0.0139199
 0.0580111 -0.0314975  0.0139176
 0.0580007 -0.0314914  0.0139153
 0.0579904 -0.0314852  0.0139131
 0.0579802 -0.0314792  0.0139109
   0.05797 -0.0314732  0.0139088
   0.05796 -0.0314672  0.0139066
   0.05795 -0.0314613  0.0139045
 0.0579402 -0.0314555  0.0139025
 0.0579304 -0.0314497  0.0139004
 0.0579207 -0.0314439  0.0138984
 0.0579111 -0.0314382  0.0138965
 0.0579016 -0.0314326  0.0138945
0.0578921 -0.031427 0.0138926
 0.0578828 -0.0314215  0.0138907
0.0578735 -0.031416 0.0138888
 0.0578644 -0.0314106  0.0138869
 0.0578553 -0.0314052  0.0138851
 0.0578462 -0.0313999  0.0138833
 0.0578373 -0.0313946  0.0138815
 0.0578285 -0.0313893  0.0138798
 0.0578197 -0.0313841   0.013878
 0.057811 -0.031379 0.0138763
 0.0578024 -0.0313739  0.0138746
 0.0577939 -0.0313688  0.0138729
 0.0577854 -0.0313638  0.0138713
  0.057777 -0.0313589  0.0138696
0.0577687 -0.031354  0.013868
 0.0577605 -0.0313491  0.0138664
 0.0577523 -0.0313443  0.0138648
 0.0577442 -0.0313395  0.0138633
 0.0577362 -0.0313347  0.0138617
0.0577283  -0.03133 0.0138602
 0.0577204 -0.0313254  0.0138587
 0.0577126 -0.0313207  0.0138572
 0.0577049 -0.0313162  0.0138557
 0.0576973 -0.0313116  0.0138542
 0.0576897 -0.0313071  0.0138528
 0.0576822 -0.0313027  0.0138514
 0.0576747 -0.0312983    0.01385
 0.0576674 -0.0312939  0.0138486
 0.0576601 -0.0312895  0.0138472
 0.0576528 -0.0312852  0.0138458
0.0576456 -0.031281 0.0138445
 0.0576385 -0.0312768  0.0138431
 0.0576315 -0.0312726  0.0138418
 0.0576245 -0.0312684  0.0138405
 0.0576176 -0.0312643  0.0138392
 0.0576107 -0.0312602  0.0138379
 0.0576039 -0.0312562  0.0138367
 0.0575972 -0.0312522  0.0138354
 0.0575905 -0.0312482  0.0138342
 0.0575839 -0.0312443   0.013833
 0.0575774 -0.0312404  0.0138318
 0.0575709 -0.0312366  0.0138306
 0.0575645 -0.0312327  0.0138294
 0.0575581 -0.0312289  0.0138282
 0.0575518 -0.0312252  0.0138271
 0.0575455 -0.0312215   0.013826
 0.0575393 -0.0312178  0.0138248
 0.0575332 -0.0312141  0.0138237
 0.0575271 -0.0312105  0.0138226
 0.0575211 -0.0312069  0.0138215
 0.0575151 -0.0312033  0.0138204
 0.0575092 -0.0311998  0.0138194
 0.0575033 -0.0311963  0.0138183
 0.0574975 -0.0311928  0.0138173
 0.0574917 -0.0311894  0.0138163
 0.057486 -0.031186 0.0138152
 0.0574804 -0.0311826  0.0138142
 0.0574747 -0.0311793  0.0138132
 0.0574692 -0.0311759  0.0138123
 0.0574637 -0.0311727  0.0138113
 0.0574582 -0.0311694  0.0138103
 0.0574528 -0.0311662  0.0138094
0.0574475 -0.031163 0.0138084
 0.0574422 -0.0311598  0.0138075
 0.0574369 -0.0311566  0.0138066
 0.0574317 -0.0311535  0.0138057
 0.0574265 -0.0311504  0.0138048
 0.0574214 -0.0311474  0.0138039
 0.0574164 -0.0311443   0.013803
 0.0574113 -0.0311413  0.0138022
 0.0574064 -0.0311384  0.0138013
 0.0574014 -0.0311354  0.0138005
 0.0573965 -0.0311325  0.0137996
 0.0573917 -0.0311296  0.0137988
 0.0573869 -0.0311267   0.013798
 0.0573821 -0.0311238  0.0137972
0.0573774 -0.031121 0.0137964
 0.0573728 -0.0311182  0.0137956
 0.0573681 -0.0311154  0.0137948
 0.0573635 -0.0311127   0.013794
 0.057359  -0.03111 0.0137933
 0.0573545 -0.0311073  0.0137925
   0.05735 -0.0311046  0.0137918
 0.0573456 -0.0311019  0.0137911
 0.0573412 -0.0310993  0.0137903
 0.0573369 -0.0310967  0.0137896
 0.0573326 -0.0310941  0.0137889
 0.0573283 -0.0310915  0.0137882
0.0573241 -0.031089 0.0137875
 0.0573199 -0.0310865  0.0137868
0.0573158 -0.031084 0.0137862
 0.0573117 -0.0310815  0.0137855
 0.0573076 -0.0310791  0.0137848
 0.0573036 -0.0310766  0.0137842
 0.0572996 -0.0310742  0.0137836
 0.0572956 -0.0310718  0.0137829
 0.0572917 -0.0310695  0.0137823
 0.0572878 -0.0310671  0.0137817
  0.057284 -0.0310648  0.0137811
 0.0572801 -0.0310625  0.0137805
 0.0572764 -0.0310602  0.0137799
 0.0572726 -0.0310579  0.0137793
 0.0572689 -0.0310557  0.0137787
 0.0572652 -0.0310535  0.0137781
 0.0572616 -0.0310513  0.0137776
  0.057258 -0.0310491   0.013777
 0.0572544 -0.0310469  0.0137764
 0.0572508 -0.0310448  0.0137759
 0.0572473 -0.0310426  0.0137754
 0.0572438 -0.0310405  0.0137748
 0.0572404 -0.0310384  0.0137743
  0.057237 -0.0310364  0.0137738
 0.0572336 -0.0310343  0.0137733
 0.0572302 -0.0310323  0.0137728
 0.0572269 -0.0310303  0.0137723
 0.0572236 -0.0310283  0.0137718
 0.0572203 -0.0310263  0.0137713
 0.0572171 -0.0310243  0.0137708
 0.0572139 -0.0310224  0.0137703
 0.0572107 -0.0310204  0.0137699
 0.0572076 -0.0310185  0.0137694
 0.0572044 -0.0310166  0.0137689
 0.0572013 -0.0310148  0.0137685
 0.0571983 -0.0310129   0.013768
0.0571953 -0.031011 0.0137676
 0.0571922 -0.0310092  0.0137672
 0.0571893 -0.0310074  0.0137667
 0.0571863 -0.0310056  0.0137663
 0.0571834 -0.0310038  0.0137659
0.0571805 -0.031002 0.0137655
 0.0571776 -0.0310003  0.0137651
 0.0571748 -0.0309986  0.0137647
 0.0571719 -0.0309968  0.0137643
 0.0571692 -0.0309951  0.0137639
 0.0571664 -0.0309934  0.0137635
 0.0571636 -0.0309918  0.0137631
 0.0571609 -0.0309901  0.0137628
 0.0571582 -0.0309885  0.0137624
 0.0571556 -0.0309868   0.013762
 0.0571529 -0.0309852  0.0137617
 0.0571503 -0.0309836  0.0137613
0.0571477 -0.030982  0.013761
 0.0571451 -0.0309805  0.0137606
 0.0571426 -0.0309789  0.0137603
 0.0571401 -0.0309773    0.01376
 0.0571376 -0.0309758  0.0137596
 0.0571351 -0.0309743  0.0137593
 0.0571326 -0.0309728   0.013759
 0.0571302 -0.0309713  0.0137587
 0.0571278 -0.0309698  0.0137584
 0.0571254 -0.0309683  0.0137581
  0.057123 -0.0309669  0.0137578
 0.0571207 -0.0309654  0.0137575
0.0571183 -0.030964 0.0137572
  0.057116 -0.0309626  0.0137569
 0.0571138 -0.0309612  0.0137566
 0.0571115 -0.0309598  0.0137563
 0.0571093 -0.0309584   0.013756
  0.057107 -0.0309571  0.0137558
 0.0571048 -0.0309557  0.0137555
 0.0571027 -0.0309544  0.0137552
0.0571005 -0.030953  0.013755
 0.0570984 -0.0309517  0.0137547
 0.0570962 -0.0309504  0.0137545
 0.0570941 -0.0309491  0.0137542
 0.0570921 -0.0309478   0.013754
   0.05709 -0.0309465  0.0137537
  0.057088 -0.0309453  0.0137535
0.0570859 -0.030944 0.0137532
 0.0570839 -0.0309428   0.013753
 0.0570819 -0.0309416  0.0137528
   0.05708 -0.0309403  0.0137526
  0.057078 -0.0309391  0.0137523
 0.0570761 -0.0309379  0.0137521
 0.0570742 -0.0309367  0.0137519
 0.0570723 -0.0309356  0.0137517
 0.0570704 -0.0309344  0.0137515
 0.0570685 -0.0309333  0.0137513
 0.0570667 -0.0309321  0.0137511
0.0570649 -0.030931 0.0137509
 0.0570631 -0.0309298  0.0137507
 0.0570613 -0.0309287  0.0137505
 0.0570595 -0.0309276  0.0137503
 0.0570577 -0.0309265  0.0137502
  0.057056 -0.0309254    0.01375
 0.0570543 -0.0309244  0.0137498
 0.0570525 -0.0309233  0.0137496
 0.0570508 -0.0309222  0.0137495
 0.0570492 -0.0309212  0.0137493
 0.0570475 -0.0309201  0.0137491
 0.0570459 -0.0309191   0.013749
 0.0570442 -0.0309181  0.0137488
 0.0570426 -0.0309171  0.0137486
  0.057041 -0.0309161  0.0137485
 0.0570394 -0.0309151  0.0137483
 0.0570378 -0.0309141  0.0137482
 0.0570363 -0.0309131   0.013748
 0.0570347 -0.0309122  0.0137479
 0.0570332 -0.0309112  0.0137478
 0.0570317 -0.0309102  0.0137476
 0.0570302 -0.0309093  0.0137475
 0.0570287 -0.0309084  0.0137474
 0.0570272 -0.0309074  0.0137472
 0.0570257 -0.0309065  0.0137471
 0.0570243 -0.0309056   0.013747
 0.0570229 -0.0309047  0.0137469
 0.0570214 -0.0309038  0.0137467
   0.05702 -0.0309029  0.0137466
0.0570186 -0.030902 0.0137465
 0.0570173 -0.0309012  0.0137464
 0.0570159 -0.0309003  0.0137463
 0.0570145 -0.0308995  0.0137462
 0.0570132 -0.0308986  0.0137461
 0.0570119 -0.0308978   0.013746
 0.0570105 -0.0308969  0.0137459
 0.0570092 -0.0308961  0.0137458
 0.0570079 -0.0308953  0.0137457
 0.0570067 -0.0308945  0.0137456
 0.0570054 -0.0308937  0.0137455
 0.0570041 -0.0308929  0.0137454
 0.0570029 -0.0308921  0.0137453
 0.0570016 -0.0308913  0.0137452
 0.0570004 -0.0308905  0.0137451
 0.0569992 -0.0308897  0.0137451
 0.056998 -0.030889  0.013745
 0.0569968 -0.0308882  0.0137449
 0.0569956 -0.0308875  0.0137448
 0.0569945 -0.0308867  0.0137447
0.0569933 -0.030886 0.0137447
 0.0569922 -0.0308853  0.0137446
  0.056991 -0.0308845  0.0137445
 0.0569899 -0.0308838  0.0137445
 0.0569888 -0.0308831  0.0137444
 0.0569877 -0.0308824  0.0137443
 0.0569866 -0.0308817  0.0137443
0.0569855 -0.030881 0.0137442
 0.0569844 -0.0308803  0.0137442
 0.0569834 -0.0308796  0.0137441
0.0569823 -0.030879  0.013744
 0.0569813 -0.0308783   0.013744
 0.0569803 -0.0308776  0.0137439
0.0569792 -0.030877 0.0137439
 0.0569782 -0.0308763  0.0137438
 0.0569772 -0.0308757  0.0137438
 0.0569762 -0.0308751  0.0137438
 0.0569752 -0.0308744  0.0137437
 0.0569743 -0.0308738  0.0137437
 0.0569733 -0.0308732  0.0137436
 0.0569723 -0.0308725  0.0137436
 0.0569714 -0.0308719  0.0137436
 0.0569704 -0.0308713  0.0137435
 0.0569695 -0.0308707  0.0137435
 0.0569686 -0.0308701  0.0137435
 0.0569677 -0.0308695  0.0137434
0.0569668 -0.030869 0.0137434
 0.0569659 -0.0308684  0.0137434
  0.056965 -0.0308678  0.0137433
 0.0569641 -0.0308672  0.0137433
 0.0569632 -0.0308667  0.0137433
 0.0569624 -0.0308661  0.0137433
 0.0569615 -0.0308655  0.0137432
0.0569607 -0.030865 0.0137432
 0.0569598 -0.0308645  0.0137432
  0.056959 -0.0308639  0.0137432
 0.0569582 -0.0308634  0.0137432
 0.0569574 -0.0308628  0.0137431
 0.0569566 -0.0308623  0.0137431
 0.0569558 -0.0308618  0.0137431
  0.056955 -0.0308613  0.0137431
 0.0569542 -0.0308608  0.0137431
 0.0569534 -0.0308603  0.0137431
 0.0569526 -0.0308598  0.0137431
 0.0569519 -0.0308593  0.0137431
 0.0569511 -0.0308588  0.0137431
 0.0569504 -0.0308583  0.0137431
 0.0569496 -0.0308578  0.0137431
 0.0569489 -0.0308573   0.013743
 0.0569482 -0.0308568   0.013743
 0.0569475 -0.0308563   0.013743
 0.0569468 -0.0308559   0.013743
  0.056946 -0.0308554   0.013743
0.0569453 -0.030855  0.013743
 0.0569447 -0.0308545   0.013743
 0.056944 -0.030854 0.0137431
 0.0569433 -0.0308536  0.0137431
 0.0569426 -0.0308531  0.0137431
  0.056942 -0.0308527  0.0137431
 0.0569413 -0.0308523  0.0137431
 0.0569406 -0.0308518  0.0137431
   0.05694 -0.0308514  0.0137431
0.0569394 -0.030851 0.0137431
 0.0569387 -0.0308506  0.0137431
 0.0569381 -0.0308501  0.0137431
 0.0569375 -0.0308497  0.0137431
 0.0569368 -0.0308493  0.0137432
 0.0569362 -0.0308489  0.0137432
 0.0569356 -0.0308485  0.0137432
  0.056935 -0.0308481  0.0137432
 0.0569344 -0.0308477  0.0137432
 0.0569339 -0.0308473  0.0137432
 0.0569333 -0.0308469  0.0137433
 0.0569327 -0.0308465  0.0137433
 0.0569321 -0.0308461  0.0137433
 0.0569316 -0.0308458  0.0137433
  0.056931 -0.0308454  0.0137433
0.0569304 -0.030845 0.0137434
 0.0569299 -0.0308447  0.0137434
 0.0569294 -0.0308443  0.0137434
 0.0569288 -0.0308439  0.0137434
 0.0569283 -0.0308436  0.0137434
 0.0569278 -0.0308432  0.0137435
 0.0569272 -0.0308429  0.0137435
 0.0569267 -0.0308425  0.0137435
 0.0569262 -0.0308422  0.0137436
 0.0569257 -0.0308418  0.0137436
 0.0569252 -0.0308415  0.0137436
 0.0569247 -0.0308411  0.0137436
 0.0569242 -0.0308408  0.0137437
 0.0569237 -0.0308405  0.0137437
 0.0569232 -0.0308401  0.0137437
 0.0569228 -0.0308398  0.0137438
 0.0569223 -0.0308395  0.0137438
 0.0569218 -0.0308392  0.0137438
 0.0569213 -0.0308388  0.0137439
 0.0569209 -0.0308385  0.0137439
 0.0569204 -0.0308382  0.0137439
   0.05692 -0.0308379   0.013744
 0.0569195 -0.0308376   0.013744
 0.0569191 -0.0308373   0.013744
0.0569186 -0.030837 0.0137441
 0.0569182 -0.0308367  0.0137441
 0.0569178 -0.0308364  0.0137441
 0.0569174 -0.0308361  0.0137442
 0.0569169 -0.0308358  0.0137442
 0.0569165 -0.0308355  0.0137443
 0.0569161 -0.0308352  0.0137443
0.0569157 -0.030835 0.0137443
 0.0569153 -0.0308347  0.0137444
 0.0569149 -0.0308344  0.0137444
 0.0569145 -0.0308341  0.0137445
 0.0569141 -0.0308338  0.0137445
 0.0569137 -0.0308336  0.0137445
 0.0569133 -0.0308333  0.0137446
 0.056913 -0.030833 0.0137446
 0.0569126 -0.0308328  0.0137447
 0.0569122 -0.0308325  0.0137447
 0.0569118 -0.0308323  0.0137448
0.0569115 -0.030832 0.0137448
 0.0569111 -0.0308317  0.0137449
 0.0569107 -0.0308315  0.0137449
 0.0569104 -0.0308312  0.0137449
  0.05691 -0.030831  0.013745
 0.0569097 -0.0308307   0.013745
 0.0569093 -0.0308305  0.0137451
  0.056909 -0.0308303  0.0137451
0.0569087  -0.03083 0.0137452
 0.0569083 -0.0308298  0.0137452
  0.056908 -0.0308295  0.0137453
 0.0569077 -0.0308293  0.0137453
 0.0569073 -0.0308291  0.0137454
  0.056907 -0.0308289  0.0137454
 0.0569067 -0.0308286  0.0137455
 0.0569064 -0.0308284  0.0137455
 0.0569061 -0.0308282  0.0137456
0.0569058 -0.030828 0.0137456
 0.0569055 -0.0308277  0.0137457
 0.0569052 -0.0308275  0.0137457
 0.0569049 -0.0308273  0.0137458
 0.0569046 -0.0308271  0.0137458
 0.0569043 -0.0308269  0.0137459
  0.056904 -0.0308267  0.0137459
 0.0569037 -0.0308265   0.013746
 0.0569034 -0.0308263   0.013746
 0.0569031 -0.0308261  0.0137461
 0.0569028 -0.0308258  0.0137461
 0.0569026 -0.0308256  0.0137462
 0.0569023 -0.0308255  0.0137462
  0.056902 -0.0308253  0.0137463
 0.0569018 -0.0308251  0.0137463
 0.0569015 -0.0308249  0.0137464
 0.0569012 -0.0308247  0.0137464
  0.056901 -0.0308245  0.0137465
 0.0569007 -0.0308243  0.0137465
 0.0569005 -0.0308241  0.0137466
 0.0569002 -0.0308239  0.0137467
 0.0568999 -0.0308237  0.0137467
 0.0568997 -0.0308236  0.0137468
 0.0568995 -0.0308234  0.0137468
 0.0568992 -0.0308232  0.0137469
 0.056899 -0.030823 0.0137469
 0.0568987 -0.0308228   0.013747
 0.0568985 -0.0308227   0.013747
 0.0568983 -0.0308225  0.0137471
  0.056898 -0.0308223  0.0137471
 0.0568978 -0.0308222  0.0137472
0.0568976 -0.030822 0.0137473
 0.0568974 -0.0308218  0.0137473
 0.0568971 -0.0308217  0.0137474
 0.0568969 -0.0308215  0.0137474
 0.0568967 -0.0308213  0.0137475
 0.0568965 -0.0308212  0.0137475
0.0568963 -0.030821 0.0137476
 0.0568961 -0.0308209  0.0137476
 0.0568959 -0.0308207  0.0137477
 0.0568957 -0.0308205  0.0137478
 0.0568955 -0.0308204  0.0137478
 0.0568953 -0.0308202  0.0137479
 0.0568951 -0.0308201  0.0137479
 0.0568949 -0.0308199   0.013748
 0.0568947 -0.0308198   0.013748
 0.0568945 -0.0308196  0.0137481
 0.0568943 -0.0308195  0.0137482
 0.0568941 -0.0308194  0.0137482
 0.0568939 -0.0308192  0.0137483
 0.0568937 -0.0308191  0.0137483
 0.0568936 -0.0308189  0.0137484
 0.0568934 -0.0308188  0.0137484
 0.0568932 -0.0308187  0.0137485
  0.056893 -0.0308185  0.0137486
 0.0568928 -0.0308184  0.0137486
 0.0568927 -0.0308182  0.0137487
 0.0568925 -0.0308181  0.0137487
0.0568923 -0.030818 0.0137488
 0.0568922 -0.0308178  0.0137489
  0.056892 -0.0308177  0.0137489
 0.0568918 -0.0308176   0.013749
 0.0568917 -0.0308175   0.013749
 0.0568915 -0.0308173  0.0137491
 0.0568913 -0.0308172  0.0137491
 0.0568912 -0.0308171  0.0137492
 0.056891 -0.030817 0.0137493
 0.0568909 -0.0308168  0.0137493
 0.0568907 -0.0308167  0.0137494
 0.0568906 -0.0308166  0.0137494
 0.0568904 -0.0308165  0.0137495
 0.0568903 -0.0308164  0.0137496
 0.0568901 -0.0308162  0.0137496
   0.05689 -0.0308161  0.0137497
0.0568898 -0.030816 0.0137497
 0.0568897 -0.0308159  0.0137498
 0.0568896 -0.0308158  0.0137498
 0.0568894 -0.0308157  0.0137499
 0.0568893 -0.0308156    0.01375
 0.0568892 -0.0308155    0.01375
  0.056889 -0.0308154  0.0137501
 0.0568889 -0.0308152  0.0137501
 0.0568888 -0.0308151  0.0137502
0.0568886 -0.030815 0.0137503
 0.0568885 -0.0308149  0.0137503
 0.0568884 -0.0308148  0.0137504
 0.0568883 -0.0308147  0.0137504
 0.0568881 -0.0308146  0.0137505
  0.056888 -0.0308145  0.0137505
 0.0568879 -0.0308144  0.0137506
 0.0568878 -0.0308143  0.0137507
 0.0568876 -0.0308142  0.0137507
 0.0568875 -0.0308141  0.0137508
0.0568874 -0.030814 0.0137508
 0.0568873 -0.0308139  0.0137509
 0.0568872 -0.0308138  0.0137509
 0.0568871 -0.0308137   0.013751
  0.056887 -0.0308136  0.0137511
 0.0568869 -0.0308136  0.0137511
 0.0568867 -0.0308135  0.0137512
 0.0568866 -0.0308134  0.0137512
 0.0568865 -0.0308133  0.0137513
 0.0568864 -0.0308132  0.0137514
 0.0568863 -0.0308131  0.0137514
0.0568862 -0.030813 0.0137515
 0.0568861 -0.0308129  0.0137515
  0.056886 -0.0308128  0.0137516
 0.0568859 -0.0308128  0.0137516
 0.0568858 -0.0308127  0.0137517
 0.0568857 -0.0308126  0.0137518
 0.0568856 -0.0308125  0.0137518
 0.0568855 -0.0308124  0.0137519
 0.0568854 -0.0308123  0.0137519
 0.0568853 -0.0308123   0.013752
 0.0568853 -0.0308122   0.013752
 0.0568852 -0.0308121  0.0137521
0.0568851 -0.030812 0.0137522
  0.056885 -0.0308119  0.0137522
 0.0568849 -0.0308119  0.0137523
 0.0568848 -0.0308118  0.0137523
 0.0568847 -0.0308117  0.0137524
 0.0568846 -0.0308116  0.0137524
 0.0568846 -0.0308116  0.0137525
 0.0568845 -0.0308115  0.0137525
 0.0568844 -0.0308114  0.0137526
 0.0568843 -0.0308113  0.0137527
 0.0568842 -0.0308113  0.0137527
 0.0568842 -0.0308112  0.0137528
 0.0568841 -0.0308111  0.0137528
  0.056884 -0.0308111  0.0137529
0.0568839 -0.030811 0.0137529
 0.0568839 -0.0308109   0.013753
 0.0568838 -0.0308108   0.013753
 0.0568837 -0.0308108  0.0137531
 0.0568836 -0.0308107  0.0137532
 0.0568836 -0.0308106  0.0137532
 0.0568835 -0.0308106  0.0137533
 0.0568834 -0.0308105  0.0137533
 0.0568834 -0.0308104  0.0137534
 0.0568833 -0.0308104  0.0137534
 0.0568832 -0.0308103  0.0137535
 0.0568831 -0.0308103  0.0137535
 0.0568831 -0.0308102  0.0137536
  0.056883 -0.0308101  0.0137536
  0.056883 -0.0308101  0.0137537
0.0568829  -0.03081 0.0137538
0.0568828  -0.03081 0.0137538
 0.0568828 -0.0308099  0.0137539
 0.0568827 -0.0308098  0.0137539
 0.0568826 -0.0308098   0.013754
 0.0568826 -0.0308097   0.013754
 0.0568825 -0.0308097  0.0137541
 0.0568825 -0.0308096  0.0137541
 0.0568824 -0.0308095  0.0137542
 0.0568824 -0.0308095  0.0137542
 0.0568823 -0.0308094  0.0137543
 0.0568822 -0.0308094  0.0137543
 0.0568822 -0.0308093  0.0137544
 0.0568821 -0.0308093  0.0137545
 0.0568821 -0.0308092  0.0137545
  0.056882 -0.0308092  0.0137546
  0.056882 -0.0308091  0.0137546
 0.0568819 -0.0308091  0.0137547
0.0568819 -0.030809 0.0137547
 0.0568818 -0.0308089  0.0137548
 0.0568818 -0.0308089  0.0137548
 0.0568817 -0.0308088  0.0137549
 0.0568817 -0.0308088  0.0137549
 0.0568816 -0.0308087   0.013755
 0.0568816 -0.0308087   0.013755
 0.0568815 -0.0308086  0.0137551
 0.0568815 -0.0308086  0.0137551
 0.0568814 -0.0308086  0.0137552
 0.0568814 -0.0308085  0.0137552
 0.0568813 -0.0308085  0.0137553
 0.0568813 -0.0308084  0.0137553
 0.0568813 -0.0308084  0.0137554
 0.0568812 -0.0308083  0.0137554
 0.0568812 -0.0308083  0.0137555
 0.0568811 -0.0308082  0.0137555
 0.0568811 -0.0308082  0.0137556
 0.0568811 -0.0308081  0.0137556
  0.056881 -0.0308081  0.0137557
  0.056881 -0.0308081  0.0137557
0.0568809 -0.030808 0.0137558
0.0568809 -0.030808 0.0137558
 0.0568809 -0.0308079  0.0137559
 0.0568808 -0.0308079  0.0137559
 0.0568808 -0.0308078   0.013756
 0.0568807 -0.0308078   0.013756
 0.0568807 -0.0308078  0.0137561
 0.0568807 -0.0308077  0.0137561
 0.0568806 -0.0308077  0.0137562
 0.0568806 -0.0308076  0.0137562
 0.0568806 -0.0308076  0.0137563
 0.0568805 -0.0308076  0.0137563
 0.0568805 -0.0308075  0.0137564
 0.0568805 -0.0308075  0.0137564
 0.0568804 -0.0308074  0.0137565
 0.0568804 -0.0308074  0.0137565
 0.0568804 -0.0308074  0.0137566
 0.0568803 -0.0308073  0.0137566
 0.0568803 -0.0308073  0.0137567
 0.0568803 -0.0308073  0.0137567
 0.0568803 -0.0308072  0.0137568
 0.0568802 -0.0308072  0.0137568
 0.0568802 -0.0308071  0.0137568
 0.0568802 -0.0308071  0.0137569
 0.0568801 -0.0308071  0.0137569
0.0568801 -0.030807  0.013757
0.0568801 -0.030807  0.013757
0.0568801 -0.030807 0.0137571
   0.05688 -0.0308069  0.0137571
   0.05688 -0.0308069  0.0137572
   0.05688 -0.0308069  0.0137572
   0.05688 -0.0308068  0.0137573
 0.0568799 -0.0308068  0.0137573
 0.0568799 -0.0308068  0.0137574
 0.0568799 -0.0308067  0.0137574
 0.0568799 -0.0308067  0.0137574
 0.0568798 -0.0308067  0.0137575
 0.0568798 -0.0308066  0.0137575
 0.0568798 -0.0308066  0.0137576
 0.0568798 -0.0308066  0.0137576
 0.0568797 -0.0308066  0.0137577
 0.0568797 -0.0308065  0.0137577
 0.0568797 -0.0308065  0.0137578
 0.0568797 -0.0308065  0.0137578
 0.0568797 -0.0308064  0.0137579
 0.0568796 -0.0308064  0.0137579
 0.0568796 -0.0308064  0.0137579
 0.0568796 -0.0308064   0.013758
 0.0568796 -0.0308063   0.013758
 0.0568796 -0.0308063  0.0137581
 0.0568795 -0.0308063  0.0137581
 0.0568795 -0.0308062  0.0137582
 0.0568795 -0.0308062  0.0137582
 0.0568795 -0.0308062  0.0137582
 0.0568795 -0.0308062  0.0137583
 0.0568794 -0.0308061  0.0137583
 0.0568794 -0.0308061  0.0137584
 0.0568794 -0.0308061  0.0137584
 0.0568794 -0.0308061  0.0137585
0.0568794 -0.030806 0.0137585
0.0568794 -0.030806 0.0137585
0.0568793 -0.030806 0.0137586
 0.0568793 -0.0308059  0.0137586
 0.0568793 -0.0308059  0.0137587
 0.0568793 -0.0308059  0.0137587
 0.0568793 -0.0308059  0.0137588
 0.0568793 -0.0308059  0.0137588
 0.0568793 -0.0308058  0.0137588
 0.0568792 -0.0308058  0.0137589
 0.0568792 -0.0308058  0.0137589
 0.0568792 -0.0308058   0.013759
 0.0568792 -0.0308057   0.013759
 0.0568792 -0.0308057   0.013759
 0.0568792 -0.0308057  0.0137591
 0.0568792 -0.0308057  0.0137591
 0.0568792 -0.0308056  0.0137592
 0.0568791 -0.0308056  0.0137592
 0.0568791 -0.0308056  0.0137592
 0.0568791 -0.0308056  0.0137593
 0.0568791 -0.0308056  0.0137593
 0.0568791 -0.0308055  0.0137594
 0.0568791 -0.0308055  0.0137594
 0.0568791 -0.0308055  0.0137594
 0.0568791 -0.0308055  0.0137595
  0.056879 -0.0308054  0.0137595
  0.056879 -0.0308054  0.0137596
  0.056879 -0.0308054  0.0137596
  0.056879 -0.0308054  0.0137596
  0.056879 -0.0308054  0.0137597
  0.056879 -0.0308053  0.0137597
  0.056879 -0.0308053  0.0137597
  0.056879 -0.0308053  0.0137598
  0.056879 -0.0308053  0.0137598
  0.056879 -0.0308053  0.0137599
  0.056879 -0.0308052  0.0137599
 0.0568789 -0.0308052  0.0137599
 0.0568789 -0.0308052    0.01376
 0.0568789 -0.0308052    0.01376
 0.0568789 -0.0308052    0.01376
 0.0568789 -0.0308052  0.0137601
 0.0568789 -0.0308051  0.0137601
 0.0568789 -0.0308051  0.0137602
 0.0568789 -0.0308051  0.0137602
 0.0568789 -0.0308051  0.0137602
 0.0568789 -0.0308051  0.0137603
0.0568789 -0.030805 0.0137603
0.0568789 -0.030805 0.0137603
0.0568789 -0.030805 0.0137604
0.0568788 -0.030805 0.0137604
0.0568788 -0.030805 0.0137605
0.0568788 -0.030805 0.0137605
 0.0568788 -0.0308049  0.0137605
 0.0568788 -0.0308049  0.0137606
 0.0568788 -0.0308049  0.0137606
 0.0568788 -0.0308049  0.0137606
 0.0568788 -0.0308049  0.0137607
 0.0568788 -0.0308049  0.0137607
 0.0568788 -0.0308048  0.0137607
 0.0568788 -0.0308048  0.0137608
 0.0568788 -0.0308048  0.0137608
 0.0568788 -0.0308048  0.0137608
 0.0568788 -0.0308048  0.0137609
 0.0568788 -0.0308048  0.0137609
 0.0568788 -0.0308048  0.0137609
 0.0568788 -0.0308047   0.013761
 0.0568788 -0.0308047   0.013761
 0.0568787 -0.0308047   0.013761
 0.0568787 -0.0308047  0.0137611
 0.0568787 -0.0308047  0.0137611
 0.0568787 -0.0308047  0.0137611
 0.0568787 -0.0308047  0.0137612
 0.0568787 -0.0308046  0.0137612
 0.0568787 -0.0308046  0.0137612
 0.0568787 -0.0308046  0.0137613
 0.0568787 -0.0308046  0.0137613
 0.0568787 -0.0308046  0.0137613
 0.0568787 -0.0308046  0.0137614
 0.0568787 -0.0308046  0.0137614
 0.0568787 -0.0308045  0.0137614
 0.0568787 -0.0308045  0.0137615
 0.0568787 -0.0308045  0.0137615
 0.0568787 -0.0308045  0.0137615
 0.0568787 -0.0308045  0.0137616
 0.0568787 -0.0308045  0.0137616
 0.0568787 -0.0308045  0.0137616
 0.0568787 -0.0308044  0.0137617
 0.0568787 -0.0308044  0.0137617
 0.0568787 -0.0308044  0.0137617
 0.0568787 -0.0308044  0.0137618
 0.0568787 -0.0308044  0.0137618
 0.0568787 -0.0308044  0.0137618
 0.0568787 -0.0308044  0.0137619
 0.0568787 -0.0308044  0.0137619
 0.0568787 -0.0308044  0.0137619
 0.0568787 -0.0308043  0.0137619
 0.0568787 -0.0308043   0.013762
 0.0568787 -0.0308043   0.013762
 0.0568787 -0.0308043   0.013762
 0.0568787 -0.0308043  0.0137621
 0.0568787 -0.0308043  0.0137621
 0.0568787 -0.0308043  0.0137621
 0.0568787 -0.0308043  0.0137622
 0.0568787 -0.0308042  0.0137622
 0.0568787 -0.0308042  0.0137622
 0.0568787 -0.0308042  0.0137622
 0.0568787 -0.0308042  0.0137623
 0.0568787 -0.0308042  0.0137623
 0.0568787 -0.0308042  0.0137623
 0.0568787 -0.0308042  0.0137624
 0.0568787 -0.0308042  0.0137624
 0.0568787 -0.0308042  0.0137624
 0.0568787 -0.0308042  0.0137624
 0.0568787 -0.0308041  0.0137625
 0.0568787 -0.0308041  0.0137625
 0.0568787 -0.0308041  0.0137625
 0.0568787 -0.0308041  0.0137626
 0.0568787 -0.0308041  0.0137626
 0.0568787 -0.0308041  0.0137626
 0.0568787 -0.0308041  0.0137626
 0.0568787 -0.0308041  0.0137627
 0.0568787 -0.0308041  0.0137627
 0.0568787 -0.0308041  0.0137627
0.0568787 -0.030804 0.0137628
0.0568787 -0.030804 0.0137628
0.0568787 -0.030804 0.0137628
0.0568787 -0.030804 0.0137628
0.0568787 -0.030804 0.0137629
0.0568787 -0.030804 0.0137629
0.0568787 -0.030804 0.0137629
0.0568787 -0.030804 0.0137629
0.0568787 -0.030804  0.013763
0.0568787 -0.030804  0.013763
0.0568787 -0.030804  0.013763
 0.0568787 -0.0308039  0.0137631
 0.0568787 -0.0308039  0.0137631
 0.0568787 -0.0308039  0.0137631
 0.0568787 -0.0308039  0.0137631
 0.0568787 -0.0308039  0.0137632
 0.0568787 -0.0308039  0.0137632
 0.0568787 -0.0308039  0.0137632
 0.0568787 -0.0308039  0.0137632
 0.0568787 -0.0308039  0.0137633
 0.0568787 -0.0308039  0.0137633
 0.0568787 -0.0308039  0.0137633
 0.0568787 -0.0308038  0.0137633
 0.0568787 -0.0308038  0.0137634
 0.0568787 -0.0308038  0.0137634
 0.0568787 -0.0308038  0.0137634
 0.0568787 -0.0308038  0.0137634
 0.0568787 -0.0308038  0.0137635
 0.0568787 -0.0308038  0.0137635
 0.0568787 -0.0308038  0.0137635
 0.0568787 -0.0308038  0.0137635
 0.0568787 -0.0308038  0.0137636
 0.0568787 -0.0308038  0.0137636
 0.0568787 -0.0308038  0.0137636
 0.0568787 -0.0308038  0.0137636
 0.0568787 -0.0308037  0.0137637
 0.0568787 -0.0308037  0.0137637
 0.0568787 -0.0308037  0.0137637
 0.0568787 -0.0308037  0.0137637
 0.0568787 -0.0308037  0.0137637
 0.0568787 -0.0308037  0.0137638
 0.0568787 -0.0308037  0.0137638
 0.0568787 -0.0308037  0.0137638
 0.0568787 -0.0308037  0.0137638
 0.0568787 -0.0308037  0.0137639
 0.0568787 -0.0308037  0.0137639
 0.0568787 -0.0308037  0.0137639
 0.0568787 -0.0308037  0.0137639
 0.0568787 -0.0308037   0.013764
 0.0568787 -0.0308036   0.013764
 0.0568787 -0.0308036   0.013764
 0.0568787 -0.0308036   0.013764
 0.0568787 -0.0308036   0.013764
 0.0568787 -0.0308036  0.0137641
 0.0568787 -0.0308036  0.0137641
 0.0568787 -0.0308036  0.0137641
 0.0568787 -0.0308036  0.0137641
 0.0568787 -0.0308036  0.0137642
 0.0568787 -0.0308036  0.0137642
 0.0568787 -0.0308036  0.0137642
 0.0568787 -0.0308036  0.0137642
 0.0568787 -0.0308036  0.0137642
 0.0568788 -0.0308036  0.0137643
 0.0568788 -0.0308036  0.0137643
 0.0568788 -0.0308035  0.0137643
 0.0568788 -0.0308035  0.0137643
 0.0568788 -0.0308035  0.0137644
 0.0568788 -0.0308035  0.0137644
 0.0568788 -0.0308035  0.0137644
 0.0568788 -0.0308035  0.0137644
 0.0568788 -0.0308035  0.0137644
 0.0568788 -0.0308035  0.0137645
 0.0568788 -0.0308035  0.0137645
 0.0568788 -0.0308035  0.0137645
 0.0568788 -0.0308035  0.0137645
 0.0568788 -0.0308035  0.0137645
 0.0568788 -0.0308035  0.0137646
 0.0568788 -0.0308035  0.0137646
 0.0568788 -0.0308035  0.0137646
 0.0568788 -0.0308035  0.0137646
 0.0568788 -0.0308035  0.0137646
 0.0568788 -0.0308034  0.0137647
 0.0568788 -0.0308034  0.0137647
 0.0568788 -0.0308034  0.0137647
 0.0568788 -0.0308034  0.0137647
 0.0568788 -0.0308034  0.0137647
 0.0568788 -0.0308034  0.0137648
 0.0568788 -0.0308034  0.0137648
 0.0568788 -0.0308034  0.0137648
 0.0568788 -0.0308034  0.0137648
 0.0568788 -0.0308034  0.0137648
 0.0568788 -0.0308034  0.0137649
 0.0568788 -0.0308034  0.0137649
 0.0568788 -0.0308034  0.0137649
 0.0568788 -0.0308034  0.0137649
 0.0568788 -0.0308034  0.0137649
 0.0568788 -0.0308034  0.0137649
 0.0568788 -0.0308034   0.013765
 0.0568788 -0.0308034   0.013765
 0.0568788 -0.0308033   0.013765
 0.0568788 -0.0308033   0.013765
 0.0568788 -0.0308033   0.013765
 0.0568788 -0.0308033  0.0137651
 0.0568788 -0.0308033  0.0137651
 0.0568788 -0.0308033  0.0137651
 0.0568788 -0.0308033  0.0137651
 0.0568788 -0.0308033  0.0137651
 0.0568788 -0.0308033  0.0137651
 0.0568789 -0.0308033  0.0137652
 0.0568789 -0.0308033  0.0137652
 0.0568789 -0.0308033  0.0137652
 0.0568789 -0.0308033  0.0137652
 0.0568789 -0.0308033  0.0137652
 0.0568789 -0.0308033  0.0137653
 0.0568789 -0.0308033  0.0137653
 0.0568789 -0.0308033  0.0137653
 0.0568789 -0.0308033  0.0137653
 0.0568789 -0.0308033  0.0137653
 0.0568789 -0.0308033  0.0137653
 0.0568789 -0.0308033  0.0137654
 0.0568789 -0.0308032  0.0137654
 0.0568789 -0.0308032  0.0137654
 0.0568789 -0.0308032  0.0137654
 0.0568789 -0.0308032  0.0137654
 0.0568789 -0.0308032  0.0137654
 0.0568789 -0.0308032  0.0137655
 0.0568789 -0.0308032  0.0137655
 0.0568789 -0.0308032  0.0137655
 0.0568789 -0.0308032  0.0137655
 0.0568789 -0.0308032  0.0137655
 0.0568789 -0.0308032  0.0137655
 0.0568789 -0.0308032  0.0137656
 0.0568789 -0.0308032  0.0137656
 0.0568789 -0.0308032  0.0137656
 0.0568789 -0.0308032  0.0137656
 0.0568789 -0.0308032  0.0137656
 0.0568789 -0.0308032  0.0137656
 0.0568789 -0.0308032  0.0137656
 0.0568789 -0.0308032  0.0137657
 0.0568789 -0.0308032  0.0137657
 0.0568789 -0.0308032  0.0137657
 0.0568789 -0.0308032  0.0137657
 0.0568789 -0.0308031  0.0137657
 0.0568789 -0.0308031  0.0137657
 0.0568789 -0.0308031  0.0137658
 0.0568789 -0.0308031  0.0137658
 0.0568789 -0.0308031  0.0137658
 0.0568789 -0.0308031  0.0137658
 0.0568789 -0.0308031  0.0137658
 0.0568789 -0.0308031  0.0137658
 0.0568789 -0.0308031  0.0137658
 0.0568789 -0.0308031  0.0137659
 0.0568789 -0.0308031  0.0137659
 0.0568789 -0.0308031  0.0137659
 0.0568789 -0.0308031  0.0137659
 0.0568789 -0.0308031  0.0137659
 0.0568789 -0.0308031  0.0137659
 0.0568789 -0.0308031  0.0137659
  0.056879 -0.0308031   0.013766
  0.056879 -0.0308031   0.013766
  0.056879 -0.0308031   0.013766
  0.056879 -0.0308031   0.013766
