 0.0873959 -0.0873769    2.04374   0.325308  -0.294647    1.99265   -1.23506
  0.092272 -0.0862543    2.04818   0.330691  -0.288918    2.00462   -1.23184
 0.0943954 -0.0855001     2.0514   0.333578  -0.284873    2.01356   -1.22881
 0.0949188 -0.0850925     2.0538   0.334941  -0.281972    2.02047   -1.22605
0.0945549 -0.084978   2.05565  0.335374 -0.279857   2.02599  -1.22357
 0.0937384 -0.0850948    2.05711   0.335236  -0.278287    2.03051   -1.22136
 0.0927302 -0.0853851     2.0583   0.334748  -0.277101    2.03429    -1.2194
 0.0916829 -0.0857993    2.05928   0.334045  -0.276189    2.03753   -1.21767
 0.0906825 -0.0862976    2.06011   0.333208  -0.275476    2.04033   -1.21614
 0.0897743 -0.0868495    2.06082   0.332288  -0.274909     2.0428   -1.21478
 0.0889789 -0.0874318    2.06143   0.331316  -0.274454    2.04498   -1.21357
0.0883026 -0.088028   2.06196  0.330312 -0.274084   2.04694   -1.2125
 0.0877432 -0.0886259    2.06243   0.329287  -0.273782     2.0487   -1.21156
  0.087294 -0.0892174    2.06285    0.32825  -0.273533     2.0503   -1.21072
0.0869462 -0.089797   2.06322  0.327206 -0.273328   2.05175  -1.20997
   0.08669 -0.0903611    2.06355   0.326158   -0.27316    2.05309   -1.20931
 0.0865158 -0.0909076    2.06384   0.325108  -0.273023    2.05433   -1.20873
 0.0864143 -0.0914355    2.06411   0.324059  -0.272912    2.05547   -1.20822
 0.0863769 -0.0919443    2.06434    0.32301  -0.272824    2.05653   -1.20776
 0.0863958 -0.0924343    2.06455   0.321965  -0.272755    2.05753   -1.20737
 0.0864639 -0.0929057    2.06474   0.320922  -0.272704    2.05847   -1.20702
  0.086575 -0.0933594    2.06491   0.319882  -0.272668    2.05935   -1.20672
 0.0867234 -0.0937961    2.06506   0.318847  -0.272645    2.06019   -1.20646
 0.0869042 -0.0942166     2.0652   0.317816  -0.272634    2.06099   -1.20623
 0.0871132 -0.0946219    2.06532   0.316789  -0.272634    2.06175   -1.20604
 0.0873464 -0.0950128    2.06543   0.315768  -0.272643    2.06249   -1.20588
 0.0876006 -0.0953903    2.06553   0.314751   -0.27266    2.06319   -1.20574
 0.0878728 -0.0957551    2.06561    0.31374  -0.272685    2.06387   -1.20563
 0.0881605 -0.0961082    2.06569   0.312734  -0.272716    2.06453   -1.20555
 0.0884614 -0.0964502    2.06576   0.311734  -0.272754    2.06517   -1.20548
 0.0887736 -0.0967819    2.06583   0.310739  -0.272796    2.06579   -1.20543
0.0890953 -0.097104   2.06588   0.30975 -0.272844    2.0664   -1.2054
 0.0894252 -0.0974171    2.06593   0.308767  -0.272895    2.06699   -1.20538
 0.0897618 -0.0977218    2.06598   0.307789  -0.272951    2.06757   -1.20538
 0.0901041 -0.0980188    2.06602   0.306817  -0.273009    2.06814   -1.20539
  0.090451 -0.0983085    2.06605   0.305851  -0.273071     2.0687   -1.20541
 0.0908018 -0.0985914    2.06608    0.30489  -0.273135    2.06925   -1.20544
0.0911556 -0.098868   2.06611  0.303936 -0.273202   2.06979  -1.20548
 0.0915118 -0.0991386    2.06613   0.302986  -0.273271    2.07032   -1.20552
 0.0918698 -0.0994037    2.06615   0.302043  -0.273341    2.07085   -1.20558
 0.0922291 -0.0996636    2.06617   0.301105  -0.273414    2.07137   -1.20564
 0.0925894 -0.0999187    2.06619   0.300173  -0.273487    2.07188    -1.2057
0.0929501 -0.100169    2.0662  0.299246 -0.273562   2.07239  -1.20578
 0.093311 -0.100415   2.06622  0.298325 -0.273638   2.07289  -1.20585
0.0936718 -0.100658   2.06623   0.29741 -0.273715   2.07339  -1.20593
0.0940323 -0.100896   2.06623    0.2965 -0.273793   2.07388  -1.20602
0.0943922 -0.101131   2.06624  0.295595 -0.273872   2.07437  -1.20611
0.0947513 -0.101363   2.06625  0.294696 -0.273951   2.07485   -1.2062
0.0951095 -0.101591   2.06625  0.293803  -0.27403   2.07533  -1.20629
0.0954667 -0.101817   2.06625  0.292915 -0.274111   2.07581  -1.20639
0.0958226 -0.102039   2.06626  0.292032 -0.274191   2.07628  -1.20649
0.0961773 -0.102259   2.06626  0.291154 -0.274272   2.07675  -1.20659
0.0965306 -0.102476   2.06626  0.290282 -0.274353   2.07722  -1.20669
0.0968825 -0.102691   2.06626  0.289415 -0.274434   2.07768   -1.2068
0.0972328 -0.102904   2.06626  0.288553 -0.274515   2.07814   -1.2069
0.0975816 -0.103114   2.06626  0.287696 -0.274597    2.0786  -1.20701
0.0979287 -0.103323   2.06626  0.286844 -0.274678   2.07905  -1.20711
0.0982741 -0.103529   2.06625  0.285998  -0.27476    2.0795  -1.20722
0.0986179 -0.103733   2.06625  0.285156 -0.274841   2.07994  -1.20733
0.0989599 -0.103936   2.06625  0.284319 -0.274923   2.08039  -1.20744
0.0993002 -0.104136   2.06624  0.283488 -0.275004   2.08083  -1.20755
0.0996387 -0.104335   2.06624  0.282661 -0.275085   2.08127  -1.20766
0.0999754 -0.104532   2.06624   0.28184 -0.275166    2.0817  -1.20777
  0.10031 -0.104728   2.06623  0.281023 -0.275247   2.08213  -1.20788
 0.100643 -0.104922   2.06623  0.280211 -0.275328   2.08256  -1.20799
 0.100975 -0.105114   2.06622  0.279404 -0.275409   2.08299   -1.2081
 0.101304 -0.105305   2.06622  0.278601 -0.275489   2.08341  -1.20821
 0.101632 -0.105495   2.06621  0.277803 -0.275569   2.08384  -1.20832
 0.101958 -0.105683   2.06621   0.27701 -0.275649   2.08426  -1.20843
 0.102282  -0.10587    2.0662  0.276222 -0.275729   2.08467  -1.20854
 0.102604 -0.106055    2.0662  0.275439 -0.275808   2.08509  -1.20865
 0.102924 -0.106239   2.06619  0.274659 -0.275888    2.0855  -1.20876
 0.103243 -0.106422   2.06619  0.273885 -0.275967   2.08591  -1.20887
 0.103559 -0.106604   2.06618  0.273115 -0.276046   2.08631  -1.20898
 0.103874 -0.106784   2.06617   0.27235 -0.276124   2.08672  -1.20909
 0.104187 -0.106963   2.06617  0.271589 -0.276202   2.08712   -1.2092
 0.104499 -0.107141   2.06616  0.270832  -0.27628   2.08752  -1.20931
 0.104808 -0.107318   2.06616   0.27008 -0.276358   2.08791  -1.20942
 0.105116 -0.107494   2.06615  0.269333 -0.276436   2.08831  -1.20952
 0.105422 -0.107668   2.06615   0.26859 -0.276513    2.0887  -1.20963
 0.105726 -0.107841   2.06614  0.267851  -0.27659   2.08909  -1.20974
 0.106029 -0.108014   2.06613  0.267116 -0.276666   2.08948  -1.20984
 0.106329 -0.108185   2.06613  0.266386 -0.276742   2.08986  -1.20995
 0.106628 -0.108355   2.06612   0.26566 -0.276818   2.09025  -1.21006
 0.106926 -0.108524   2.06612  0.264938 -0.276894   2.09063  -1.21016
 0.107221 -0.108692   2.06611  0.264221  -0.27697     2.091  -1.21026
 0.107515 -0.108859    2.0661  0.263508 -0.277045   2.09138  -1.21037
 0.107807 -0.109025    2.0661  0.262798  -0.27712   2.09175  -1.21047
 0.108098  -0.10919   2.06609  0.262093 -0.277194   2.09212  -1.21058
 0.108386 -0.109353   2.06609  0.261392 -0.277269   2.09249  -1.21068
 0.108674 -0.109516   2.06608  0.260695 -0.277343   2.09286  -1.21078
 0.108959 -0.109678   2.06607  0.260003 -0.277416   2.09323  -1.21088
 0.109243 -0.109839   2.06607  0.259314  -0.27749   2.09359  -1.21098
 0.109525 -0.109999   2.06606  0.258629 -0.277563   2.09395  -1.21109
 0.109806 -0.110158   2.06606  0.257948 -0.277636   2.09431  -1.21119
 0.110085 -0.110316   2.06605  0.257271 -0.277708   2.09466  -1.21129
 0.110362 -0.110473   2.06605  0.256598  -0.27778   2.09502  -1.21139
 0.110638 -0.110629   2.06604  0.255929 -0.277852   2.09537  -1.21148
 0.110912 -0.110784   2.06603  0.255264 -0.277924   2.09572  -1.21158
 0.111184 -0.110939   2.06603  0.254603 -0.277995   2.09607  -1.21168
 0.111455 -0.111092   2.06602  0.253945 -0.278067   2.09642  -1.21178
 0.111725 -0.111244   2.06602  0.253292 -0.278137   2.09676  -1.21188
 0.111993 -0.111396   2.06601  0.252642 -0.278208    2.0971  -1.21197
 0.112259 -0.111546   2.06601  0.251996 -0.278278   2.09744  -1.21207
 0.112524 -0.111696     2.066  0.251353 -0.278348   2.09778  -1.21216
 0.112787 -0.111845     2.066  0.250715 -0.278418   2.09811  -1.21226
 0.113049 -0.111993   2.06599   0.25008 -0.278487   2.09845  -1.21235
 0.113309  -0.11214   2.06598  0.249448 -0.278556   2.09878  -1.21245
 0.113568 -0.112286   2.06598  0.248821 -0.278625   2.09911  -1.21254
 0.113825 -0.112432   2.06597  0.248197 -0.278694   2.09944  -1.21263
 0.114081 -0.112576   2.06597  0.247576 -0.278762   2.09977  -1.21273
0.114335 -0.11272  2.06596 0.246959 -0.27883  2.10009 -1.21282
 0.114588 -0.112863   2.06596  0.246346 -0.278898   2.10041  -1.21291
 0.114839 -0.113005   2.06595  0.245736 -0.278965   2.10073    -1.213
 0.115089 -0.113146   2.06595   0.24513 -0.279033   2.10105  -1.21309
 0.115338 -0.113287   2.06594  0.244527   -0.2791   2.10137  -1.21318
 0.115585 -0.113426   2.06594  0.243928 -0.279166   2.10168  -1.21327
  0.11583 -0.113565   2.06594  0.243332 -0.279233     2.102  -1.21336
 0.116075 -0.113703   2.06593  0.242739 -0.279299   2.10231  -1.21345
 0.116318  -0.11384   2.06593   0.24215 -0.279365   2.10262  -1.21354
 0.116559 -0.113976   2.06592  0.241565  -0.27943   2.10293  -1.21363
 0.116799 -0.114112   2.06592  0.240982 -0.279496   2.10323  -1.21371
 0.117038 -0.114246   2.06591  0.240403 -0.279561   2.10354   -1.2138
 0.117275  -0.11438   2.06591  0.239828 -0.279626   2.10384  -1.21389
 0.117511 -0.114514    2.0659  0.239255  -0.27969   2.10414  -1.21397
 0.117746 -0.114646    2.0659  0.238686 -0.279755   2.10444  -1.21406
 0.117979 -0.114778   2.06589  0.238121 -0.279819   2.10473  -1.21415
 0.118211 -0.114908   2.06589  0.237558 -0.279882   2.10503  -1.21423
 0.118442 -0.115039   2.06589  0.236999 -0.279946   2.10532  -1.21432
 0.118671 -0.115168   2.06588  0.236443 -0.280009   2.10562   -1.2144
 0.118899 -0.115296   2.06588   0.23589 -0.280072   2.10591  -1.21448
 0.119126 -0.115424   2.06587   0.23534 -0.280135   2.10619  -1.21457
 0.119351 -0.115551   2.06587  0.234793 -0.280198   2.10648  -1.21465
 0.119576 -0.115678   2.06587   0.23425  -0.28026   2.10677  -1.21473
 0.119798 -0.115803   2.06586  0.233709 -0.280322   2.10705  -1.21481
  0.12002 -0.115928   2.06586  0.233172 -0.280384   2.10733  -1.21489
  0.12024 -0.116052   2.06585  0.232638 -0.280446   2.10761  -1.21497
 0.120459 -0.116176   2.06585  0.232107 -0.280507   2.10789  -1.21506
 0.120677 -0.116299   2.06585  0.231579 -0.280568   2.10817  -1.21514
 0.120894 -0.116421   2.06584  0.231053 -0.280629   2.10844  -1.21522
 0.121109 -0.116542   2.06584  0.230531 -0.280689   2.10872  -1.21529
 0.121323 -0.116663   2.06584  0.230012  -0.28075   2.10899  -1.21537
 0.121536 -0.116783   2.06583  0.229496  -0.28081   2.10926  -1.21545
 0.121748 -0.116902   2.06583  0.228983  -0.28087   2.10953  -1.21553
 0.121958  -0.11702   2.06583  0.228472 -0.280929    2.1098  -1.21561
 0.122168 -0.117138   2.06582  0.227965 -0.280989   2.11006  -1.21568
 0.122376 -0.117255   2.06582  0.227461 -0.281048   2.11033  -1.21576
 0.122583 -0.117372   2.06582  0.226959 -0.281107   2.11059  -1.21584
 0.122789 -0.117488   2.06581   0.22646 -0.281166   2.11085  -1.21591
 0.122993 -0.117603   2.06581  0.225964 -0.281224   2.11111  -1.21599
 0.123197 -0.117717   2.06581  0.225471 -0.281283   2.11137  -1.21606
 0.123399 -0.117831   2.06581  0.224981 -0.281341   2.11163  -1.21614
   0.1236 -0.117944    2.0658  0.224493 -0.281398   2.11188  -1.21621
   0.1238 -0.118057    2.0658  0.224009 -0.281456   2.11214  -1.21629
 0.123999 -0.118169    2.0658  0.223527 -0.281513   2.11239  -1.21636
 0.124197  -0.11828   2.06579  0.223048 -0.281571   2.11264  -1.21644
 0.124393  -0.11839   2.06579  0.222571 -0.281627   2.11289  -1.21651
 0.124589   -0.1185   2.06579  0.222097 -0.281684   2.11314  -1.21658
 0.124783  -0.11861   2.06579  0.221626 -0.281741   2.11339  -1.21665
 0.124976 -0.118718   2.06578  0.221158 -0.281797   2.11363  -1.21672
 0.125169 -0.118826   2.06578  0.220692 -0.281853   2.11388   -1.2168
  0.12536 -0.118934   2.06578  0.220229 -0.281909   2.11412  -1.21687
  0.12555  -0.11904   2.06578  0.219769 -0.281964   2.11436  -1.21694
 0.125739 -0.119147   2.06578  0.219311  -0.28202    2.1146  -1.21701
 0.125927 -0.119252   2.06577  0.218855 -0.282075   2.11484  -1.21708
 0.126113 -0.119357   2.06577  0.218403  -0.28213   2.11508  -1.21715
 0.126299 -0.119461   2.06577  0.217953 -0.282185   2.11531  -1.21722
 0.126484 -0.119565   2.06577  0.217505 -0.282239   2.11555  -1.21729
 0.126667 -0.119668   2.06577   0.21706 -0.282294   2.11578  -1.21735
  0.12685 -0.119771   2.06576  0.216618 -0.282348   2.11601  -1.21742
 0.127032 -0.119873   2.06576  0.216178 -0.282402   2.11624  -1.21749
 0.127212 -0.119974   2.06576   0.21574 -0.282456   2.11647  -1.21756
 0.127392 -0.120075   2.06576  0.215305 -0.282509    2.1167  -1.21762
  0.12757 -0.120175   2.06576  0.214873 -0.282563   2.11692  -1.21769
 0.127748 -0.120275   2.06576  0.214443 -0.282616   2.11715  -1.21776
 0.127924 -0.120374   2.06575  0.214015 -0.282669   2.11737  -1.21782
   0.1281 -0.120472   2.06575   0.21359 -0.282721    2.1176  -1.21789
 0.128275  -0.12057   2.06575  0.213167 -0.282774   2.11782  -1.21795
 0.128448 -0.120667   2.06575  0.212747 -0.282826   2.11804  -1.21802
 0.128621 -0.120764   2.06575  0.212329 -0.282878   2.11826  -1.21808
0.128792 -0.12086  2.06575 0.211913 -0.28293  2.11847 -1.21815
 0.128963 -0.120956   2.06575    0.2115 -0.282982   2.11869  -1.21821
 0.129133 -0.121051   2.06575  0.211089 -0.283034    2.1189  -1.21828
 0.129301 -0.121146   2.06575   0.21068 -0.283085   2.11912  -1.21834
 0.129469  -0.12124   2.06574  0.210274 -0.283136   2.11933   -1.2184
 0.129636 -0.121333   2.06574   0.20987 -0.283187   2.11954  -1.21846
 0.129802 -0.121426   2.06574  0.209468 -0.283238   2.11975  -1.21853
 0.129967 -0.121519   2.06574  0.209069 -0.283288   2.11996  -1.21859
 0.130131  -0.12161   2.06574  0.208671 -0.283339   2.12017  -1.21865
 0.130294 -0.121702   2.06574  0.208276 -0.283389   2.12038  -1.21871
 0.130456 -0.121793   2.06574  0.207884 -0.283439   2.12058  -1.21877
 0.130617 -0.121883   2.06574  0.207493 -0.283489   2.12079  -1.21883
 0.130778 -0.121973   2.06574  0.207105 -0.283539   2.12099  -1.21889
 0.130937 -0.122062   2.06574  0.206719 -0.283588   2.12119  -1.21895
 0.131096 -0.122151   2.06574  0.206335 -0.283637   2.12139  -1.21901
 0.131254 -0.122239   2.06574  0.205953 -0.283686   2.12159  -1.21907
  0.13141 -0.122327   2.06574  0.205573 -0.283735   2.12179  -1.21913
 0.131566 -0.122414   2.06574  0.205196 -0.283784   2.12199  -1.21919
 0.131721   -0.1225   2.06574  0.204821 -0.283833   2.12218  -1.21925
 0.131876 -0.122587   2.06574  0.204448 -0.283881   2.12238  -1.21931
 0.132029 -0.122672   2.06574  0.204076 -0.283929   2.12257  -1.21936
 0.132181 -0.122758   2.06574  0.203707 -0.283977   2.12276  -1.21942
 0.132333 -0.122842   2.06574  0.203341 -0.284025   2.12296  -1.21948
 0.132484 -0.122927   2.06574  0.202976 -0.284073   2.12315  -1.21954
0.132634 -0.12301  2.06574 0.202613 -0.28412  2.12334 -1.21959
 0.132783 -0.123094   2.06574  0.202252 -0.284168   2.12353  -1.21965
 0.132931 -0.123176   2.06574  0.201893 -0.284215   2.12371  -1.21971
 0.133078 -0.123259   2.06574  0.201537 -0.284262    2.1239  -1.21976
 0.133225  -0.12334   2.06574  0.201182 -0.284309   2.12408  -1.21982
 0.133371 -0.123422   2.06574  0.200829 -0.284355   2.12427  -1.21987
 0.133515 -0.123503   2.06574  0.200479 -0.284402   2.12445  -1.21993
  0.13366 -0.123583   2.06574   0.20013 -0.284448   2.12463  -1.21998
 0.133803 -0.123663   2.06574  0.199783 -0.284494   2.12482  -1.22004
 0.133945 -0.123743   2.06574  0.199438  -0.28454     2.125  -1.22009
 0.134087 -0.123822   2.06574  0.199096 -0.284586   2.12517  -1.22014
 0.134228   -0.1239   2.06574  0.198755 -0.284632   2.12535   -1.2202
 0.134368 -0.123978   2.06575  0.198416 -0.284677   2.12553  -1.22025
 0.134507 -0.124056   2.06575  0.198079 -0.284723   2.12571   -1.2203
 0.134646 -0.124133   2.06575  0.197743 -0.284768   2.12588  -1.22035
 0.134784  -0.12421   2.06575   0.19741 -0.284813   2.12606  -1.22041
 0.134921 -0.124286   2.06575  0.197079 -0.284858   2.12623  -1.22046
 0.135057 -0.124362   2.06575  0.196749 -0.284902    2.1264  -1.22051
 0.135193 -0.124438   2.06575  0.196422 -0.284947   2.12657  -1.22056
 0.135327 -0.124513   2.06575  0.196096 -0.284991   2.12674  -1.22061
 0.135461 -0.124587   2.06576  0.195772 -0.285035   2.12691  -1.22066
 0.135594 -0.124662   2.06576  0.195449  -0.28508   2.12708  -1.22072
 0.135727 -0.124735   2.06576  0.195129 -0.285123   2.12725  -1.22077
 0.135859 -0.124809   2.06576  0.194811 -0.285167   2.12741  -1.22082
  0.13599 -0.124881   2.06576  0.194494 -0.285211   2.12758  -1.22087
  0.13612 -0.124954   2.06576  0.194179 -0.285254   2.12774  -1.22092
 0.136249 -0.125026   2.06576  0.193866 -0.285298   2.12791  -1.22096
 0.136378 -0.125098   2.06577  0.193554 -0.285341   2.12807  -1.22101
 0.136506 -0.125169   2.06577  0.193244 -0.285384   2.12823  -1.22106
 0.136634  -0.12524   2.06577  0.192936 -0.285427   2.12839  -1.22111
  0.13676  -0.12531   2.06577   0.19263 -0.285469   2.12855  -1.22116
 0.136886  -0.12538   2.06577  0.192326 -0.285512   2.12871  -1.22121
 0.137012  -0.12545   2.06578  0.192023 -0.285554   2.12887  -1.22126
 0.137136 -0.125519   2.06578  0.191722 -0.285596   2.12903   -1.2213
  0.13726 -0.125588   2.06578  0.191422 -0.285638   2.12918  -1.22135
 0.137383 -0.125656   2.06578  0.191125  -0.28568   2.12934   -1.2214
 0.137506 -0.125724   2.06578  0.190829 -0.285722   2.12949  -1.22144
 0.137628 -0.125792   2.06579  0.190534 -0.285764   2.12965  -1.22149
 0.137749 -0.125859   2.06579  0.190241 -0.285805    2.1298  -1.22154
 0.137869 -0.125926   2.06579   0.18995 -0.285847   2.12995  -1.22158
 0.137989 -0.125992   2.06579  0.189661 -0.285888    2.1301  -1.22163
 0.138108 -0.126058    2.0658  0.189373 -0.285929   2.13025  -1.22167
 0.138226 -0.126124    2.0658  0.189087  -0.28597    2.1304  -1.22172
 0.138344 -0.126189    2.0658  0.188802 -0.286011   2.13055  -1.22176
 0.138461 -0.126254    2.0658  0.188519 -0.286052    2.1307  -1.22181
 0.138578 -0.126319   2.06581  0.188238 -0.286092   2.13084  -1.22185
 0.138694 -0.126383   2.06581  0.187958 -0.286133   2.13099   -1.2219
 0.138809 -0.126447   2.06581   0.18768 -0.286173   2.13113  -1.22194
 0.138923  -0.12651   2.06582  0.187403 -0.286213   2.13128  -1.22199
 0.139037 -0.126573   2.06582  0.187128 -0.286253   2.13142  -1.22203
 0.139151 -0.126636   2.06582  0.186854 -0.286293   2.13156  -1.22207
 0.139263 -0.126698   2.06582  0.186582 -0.286333   2.13171  -1.22212
 0.139375  -0.12676   2.06583  0.186312 -0.286372   2.13185  -1.22216
 0.139487 -0.126822   2.06583  0.186043 -0.286412   2.13199   -1.2222
 0.139597 -0.126883   2.06583  0.185775 -0.286451   2.13213  -1.22225
 0.139708 -0.126944   2.06584  0.185509  -0.28649   2.13227  -1.22229
 0.139817 -0.127004   2.06584  0.185245 -0.286529    2.1324  -1.22233
 0.139926 -0.127065   2.06584  0.184982 -0.286568   2.13254  -1.22237
 0.140034 -0.127124   2.06585   0.18472 -0.286607   2.13268  -1.22241
 0.140142 -0.127184   2.06585   0.18446 -0.286646   2.13281  -1.22245
 0.140249 -0.127243   2.06585  0.184202 -0.286684   2.13295   -1.2225
 0.140356 -0.127302   2.06586  0.183944 -0.286723   2.13308  -1.22254
 0.140462  -0.12736   2.06586  0.183689 -0.286761   2.13322  -1.22258
 0.140567 -0.127418   2.06586  0.183434 -0.286799   2.13335  -1.22262
 0.140672 -0.127476   2.06587  0.183181 -0.286837   2.13348  -1.22266
 0.140776 -0.127534   2.06587   0.18293 -0.286875   2.13361   -1.2227
 0.140879 -0.127591   2.06588   0.18268 -0.286913   2.13374  -1.22274
 0.140982 -0.127648   2.06588  0.182431 -0.286951   2.13387  -1.22278
 0.141085 -0.127704   2.06588  0.182184 -0.286988     2.134  -1.22282
 0.141187  -0.12776   2.06589  0.181938 -0.287026   2.13413  -1.22286
 0.141288 -0.127816   2.06589  0.181694 -0.287063   2.13426   -1.2229
 0.141389 -0.127872    2.0659  0.181451   -0.2871   2.13438  -1.22293
 0.141489 -0.127927    2.0659  0.181209 -0.287137   2.13451  -1.22297
 0.141589 -0.127982    2.0659  0.180969 -0.287174   2.13463  -1.22301
 0.141688 -0.128036   2.06591   0.18073 -0.287211   2.13476  -1.22305
 0.141786  -0.12809   2.06591  0.180492 -0.287248   2.13488  -1.22309
 0.141884 -0.128144   2.06592  0.180256 -0.287284     2.135  -1.22313
 0.141982 -0.128198   2.06592  0.180021 -0.287321   2.13513  -1.22316
 0.142079 -0.128251   2.06593  0.179787 -0.287357   2.13525   -1.2232
 0.142175 -0.128304   2.06593  0.179554 -0.287394   2.13537  -1.22324
 0.142271 -0.128357   2.06593  0.179323  -0.28743   2.13549  -1.22328
 0.142366 -0.128409   2.06594  0.179093 -0.287466   2.13561  -1.22331
 0.142461 -0.128461   2.06594  0.178865 -0.287502   2.13573  -1.22335
 0.142555 -0.128513   2.06595  0.178638 -0.287537   2.13585  -1.22338
 0.142649 -0.128564   2.06595  0.178412 -0.287573   2.13597  -1.22342
 0.142742 -0.128615   2.06596  0.178187 -0.287609   2.13608  -1.22346
 0.142835 -0.128666   2.06596  0.177964 -0.287644    2.1362  -1.22349
 0.142927 -0.128717   2.06597  0.177741  -0.28768   2.13631  -1.22353
 0.143018 -0.128767   2.06597  0.177521 -0.287715   2.13643  -1.22356
 0.143109 -0.128817   2.06598  0.177301  -0.28775   2.13654   -1.2236
   0.1432 -0.128867   2.06598  0.177082 -0.287785   2.13666  -1.22363
  0.14329 -0.128916   2.06599  0.176865  -0.28782   2.13677  -1.22367
  0.14338 -0.128965   2.06599  0.176649 -0.287855   2.13688   -1.2237
 0.143469 -0.129014     2.066  0.176434 -0.287889     2.137  -1.22374
 0.143558 -0.129063     2.066  0.176221 -0.287924   2.13711  -1.22377
 0.143646 -0.129111   2.06601  0.176008 -0.287958   2.13722  -1.22381
 0.143733 -0.129159   2.06601  0.175797 -0.287993   2.13733  -1.22384
 0.143821 -0.129206   2.06602  0.175587 -0.288027   2.13744  -1.22388
 0.143907 -0.129254   2.06602  0.175378 -0.288061   2.13755  -1.22391
 0.143994 -0.129301   2.06603   0.17517 -0.288095   2.13765  -1.22394
 0.144079 -0.129348   2.06603  0.174964 -0.288129   2.13776  -1.22398
 0.144165 -0.129394   2.06604  0.174759 -0.288163   2.13787  -1.22401
 0.144249 -0.129441   2.06604  0.174554 -0.288197   2.13797  -1.22404
 0.144334 -0.129487   2.06605  0.174351 -0.288231   2.13808  -1.22407
 0.144417 -0.129533   2.06605  0.174149 -0.288264   2.13819  -1.22411
 0.144501 -0.129578   2.06606  0.173948 -0.288298   2.13829  -1.22414
 0.144584 -0.129623   2.06607  0.173749 -0.288331   2.13839  -1.22417
 0.144666 -0.129668   2.06607   0.17355 -0.288364    2.1385   -1.2242
 0.144748 -0.129713   2.06608  0.173353 -0.288397    2.1386  -1.22424
  0.14483 -0.129757   2.06608  0.173156  -0.28843    2.1387  -1.22427
 0.144911 -0.129802   2.06609  0.172961 -0.288463    2.1388   -1.2243
 0.144992 -0.129846   2.06609  0.172767 -0.288496    2.1389  -1.22433
 0.145072 -0.129889    2.0661  0.172574 -0.288529   2.13901  -1.22436
 0.145152 -0.129933   2.06611  0.172382 -0.288562   2.13911  -1.22439
 0.145231 -0.129976   2.06611  0.172191 -0.288594    2.1392  -1.22442
  0.14531 -0.130019   2.06612  0.172001 -0.288627    2.1393  -1.22445
 0.145388 -0.130061   2.06612  0.171812 -0.288659    2.1394  -1.22448
 0.145466 -0.130104   2.06613  0.171625 -0.288691    2.1395  -1.22452
 0.145544 -0.130146   2.06614  0.171438 -0.288724    2.1396  -1.22455
 0.145621 -0.130188   2.06614  0.171252 -0.288756   2.13969  -1.22458
 0.145698  -0.13023   2.06615  0.171068 -0.288788   2.13979  -1.22461
 0.145774 -0.130271   2.06615  0.170884  -0.28882   2.13988  -1.22463
  0.14585 -0.130312   2.06616  0.170702 -0.288852   2.13998  -1.22466
 0.145925 -0.130353   2.06617   0.17052 -0.288883   2.14007  -1.22469
    0.146 -0.130394   2.06617   0.17034 -0.288915   2.14017  -1.22472
 0.146075 -0.130434   2.06618   0.17016 -0.288946   2.14026  -1.22475
 0.146149 -0.130475   2.06619  0.169982 -0.288978   2.14035  -1.22478
 0.146223 -0.130515   2.06619  0.169804 -0.289009   2.14045  -1.22481
 0.146296 -0.130554    2.0662  0.169628 -0.289041   2.14054  -1.22484
 0.146369 -0.130594   2.06621  0.169452 -0.289072   2.14063  -1.22487
 0.146442 -0.130633   2.06621  0.169278 -0.289103   2.14072   -1.2249
 0.146514 -0.130672   2.06622  0.169104 -0.289134   2.14081  -1.22492
 0.146586 -0.130711   2.06623  0.168932 -0.289165    2.1409  -1.22495
 0.146657  -0.13075   2.06623   0.16876 -0.289196   2.14099  -1.22498
 0.146728 -0.130788   2.06624  0.168589 -0.289226   2.14108  -1.22501
 0.146799 -0.130826   2.06625   0.16842 -0.289257   2.14117  -1.22504
 0.146869 -0.130864   2.06625  0.168251 -0.289288   2.14125  -1.22506
 0.146939 -0.130902   2.06626  0.168083 -0.289318   2.14134  -1.22509
 0.147008 -0.130939   2.06627  0.167916 -0.289349   2.14143  -1.22512
 0.147078 -0.130977   2.06627   0.16775 -0.289379   2.14152  -1.22514
 0.147146 -0.131014   2.06628  0.167585 -0.289409    2.1416  -1.22517
 0.147215  -0.13105   2.06629  0.167421 -0.289439   2.14169   -1.2252
 0.147282 -0.131087   2.06629  0.167258 -0.289469   2.14177  -1.22522
  0.14735 -0.131123    2.0663  0.167096 -0.289499   2.14186  -1.22525
 0.147417  -0.13116   2.06631  0.166935 -0.289529   2.14194  -1.22528
 0.147484 -0.131196   2.06631  0.166774 -0.289559   2.14202   -1.2253
  0.14755 -0.131231   2.06632  0.166615 -0.289589   2.14211  -1.22533
 0.147617 -0.131267   2.06633  0.166456 -0.289619   2.14219  -1.22536
 0.147682 -0.131302   2.06634  0.166298 -0.289648   2.14227  -1.22538
 0.147748 -0.131337   2.06634  0.166141 -0.289678   2.14235  -1.22541
 0.147813 -0.131372   2.06635  0.165985 -0.289707   2.14243  -1.22543
 0.147877 -0.131407   2.06636   0.16583 -0.289736   2.14251  -1.22546
 0.147941 -0.131441   2.06637  0.165676 -0.289766   2.14259  -1.22548
 0.148005 -0.131476   2.06637  0.165523 -0.289795   2.14267  -1.22551
 0.148069  -0.13151   2.06638   0.16537 -0.289824   2.14275  -1.22553
 0.148132 -0.131544   2.06639  0.165219 -0.289853   2.14283  -1.22556
 0.148195 -0.131577    2.0664  0.165068 -0.289882   2.14291  -1.22558
 0.148258 -0.131611    2.0664  0.164918 -0.289911   2.14299  -1.22561
  0.14832 -0.131644   2.06641  0.164769  -0.28994   2.14307  -1.22563
 0.148382 -0.131677   2.06642   0.16462 -0.289969   2.14314  -1.22566
 0.148443  -0.13171   2.06643  0.164473 -0.289997   2.14322  -1.22568
 0.148504 -0.131743   2.06643  0.164326 -0.290026    2.1433   -1.2257
 0.148565 -0.131775   2.06644   0.16418 -0.290054   2.14337  -1.22573
 0.148626 -0.131808   2.06645  0.164035 -0.290083   2.14345  -1.22575
 0.148686  -0.13184   2.06646  0.163891 -0.290111   2.14352  -1.22577
 0.148745 -0.131872   2.06646  0.163748 -0.290139    2.1436   -1.2258
 0.148805 -0.131903   2.06647  0.163605 -0.290168   2.14367  -1.22582
 0.148864 -0.131935   2.06648  0.163463 -0.290196   2.14374  -1.22584
 0.148923 -0.131966   2.06649  0.163322 -0.290224   2.14382  -1.22587
 0.148981 -0.131998    2.0665  0.163182 -0.290252   2.14389  -1.22589
  0.14904 -0.132029    2.0665  0.163043  -0.29028   2.14396  -1.22591
 0.149098 -0.132059   2.06651  0.162904 -0.290308   2.14403  -1.22594
 0.149155  -0.13209   2.06652  0.162766 -0.290335   2.14411  -1.22596
 0.149212  -0.13212   2.06653  0.162629 -0.290363   2.14418  -1.22598
 0.149269 -0.132151   2.06654  0.162493 -0.290391   2.14425    -1.226
 0.149326 -0.132181   2.06654  0.162357 -0.290418   2.14432  -1.22603
 0.149382 -0.132211   2.06655  0.162222 -0.290446   2.14439  -1.22605
 0.149438  -0.13224   2.06656  0.162088 -0.290473   2.14446  -1.22607
 0.149494  -0.13227   2.06657  0.161955 -0.290501   2.14453  -1.22609
 0.149549 -0.132299   2.06658  0.161822 -0.290528    2.1446  -1.22611
 0.149604 -0.132329   2.06659  0.161691 -0.290555   2.14467  -1.22614
 0.149659 -0.132358   2.06659   0.16156 -0.290583   2.14473  -1.22616
 0.149714 -0.132386    2.0666  0.161429  -0.29061    2.1448  -1.22618
 0.149768 -0.132415   2.06661    0.1613 -0.290637   2.14487   -1.2262
 0.149822 -0.132444   2.06662  0.161171 -0.290664   2.14494  -1.22622
 0.149875 -0.132472   2.06663  0.161043 -0.290691     2.145  -1.22624
 0.149928   -0.1325   2.06664  0.160915 -0.290717   2.14507  -1.22626
 0.149981 -0.132528   2.06664  0.160788 -0.290744   2.14513  -1.22628
 0.150034 -0.132556   2.06665  0.160662 -0.290771    2.1452  -1.22631
 0.150087 -0.132584   2.06666  0.160537 -0.290798   2.14527  -1.22633
 0.150139 -0.132611   2.06667  0.160412 -0.290824   2.14533  -1.22635
  0.15019 -0.132638   2.06668  0.160288 -0.290851   2.14539  -1.22637
 0.150242 -0.132666   2.06669  0.160165 -0.290877   2.14546  -1.22639
 0.150293 -0.132693    2.0667  0.160043 -0.290904   2.14552  -1.22641
 0.150344 -0.132719   2.06671  0.159921  -0.29093   2.14559  -1.22643
 0.150395 -0.132746   2.06671    0.1598 -0.290956   2.14565  -1.22645
 0.150445 -0.132773   2.06672  0.159679 -0.290982   2.14571  -1.22647
 0.150496 -0.132799   2.06673  0.159559 -0.291009   2.14577  -1.22649
 0.150545 -0.132825   2.06674   0.15944 -0.291035   2.14583  -1.22651
 0.150595 -0.132851   2.06675  0.159322 -0.291061    2.1459  -1.22653
 0.150644 -0.132877   2.06676  0.159204 -0.291087   2.14596  -1.22655
 0.150693 -0.132903   2.06677  0.159087 -0.291113   2.14602  -1.22657
 0.150742 -0.132928   2.06678   0.15897 -0.291138   2.14608  -1.22659
 0.150791 -0.132954   2.06679  0.158854 -0.291164   2.14614   -1.2266
 0.150839 -0.132979   2.06679  0.158739  -0.29119    2.1462  -1.22662
 0.150887 -0.133004    2.0668  0.158624 -0.291216   2.14626  -1.22664
 0.150935 -0.133029   2.06681  0.158511 -0.291241   2.14632  -1.22666
 0.150982 -0.133054   2.06682  0.158397 -0.291267   2.14638  -1.22668
 0.151029 -0.133079   2.06683  0.158285 -0.291292   2.14644   -1.2267
 0.151076 -0.133103   2.06684  0.158173 -0.291318   2.14649  -1.22672
 0.151123 -0.133128   2.06685  0.158061 -0.291343   2.14655  -1.22674
 0.151169 -0.133152   2.06686   0.15795 -0.291368   2.14661  -1.22675
 0.151216 -0.133176   2.06687   0.15784 -0.291394   2.14667  -1.22677
 0.151262   -0.1332   2.06688  0.157731 -0.291419   2.14672  -1.22679
 0.151307 -0.133224   2.06689  0.157622 -0.291444   2.14678  -1.22681
 0.151353 -0.133247    2.0669  0.157513 -0.291469   2.14684  -1.22683
 0.151398 -0.133271    2.0669  0.157406 -0.291494   2.14689  -1.22684
 0.151443 -0.133294   2.06691  0.157299 -0.291519   2.14695  -1.22686
 0.151487 -0.133317   2.06692  0.157192 -0.291544     2.147  -1.22688
 0.151532  -0.13334   2.06693  0.157086 -0.291569   2.14706   -1.2269
 0.151576 -0.133363   2.06694  0.156981 -0.291594   2.14711  -1.22691
  0.15162 -0.133386   2.06695  0.156876 -0.291619   2.14717  -1.22693
 0.151664 -0.133409   2.06696  0.156772 -0.291643   2.14722  -1.22695
 0.151707 -0.133431   2.06697  0.156668 -0.291668   2.14727  -1.22697
 0.151751 -0.133454   2.06698  0.156565 -0.291693   2.14733  -1.22698
 0.151794 -0.133476   2.06699  0.156463 -0.291717   2.14738    -1.227
 0.151836 -0.133498     2.067  0.156361 -0.291742   2.14743  -1.22702
 0.151879  -0.13352   2.06701   0.15626 -0.291766   2.14749  -1.22703
 0.151921 -0.133542   2.06702  0.156159  -0.29179   2.14754  -1.22705
 0.151963 -0.133563   2.06703  0.156059 -0.291815   2.14759  -1.22707
 0.152005 -0.133585   2.06704   0.15596 -0.291839   2.14764  -1.22708
 0.152047 -0.133606   2.06705  0.155861 -0.291863   2.14769   -1.2271
 0.152088 -0.133628   2.06706  0.155762 -0.291887   2.14774  -1.22712
 0.152129 -0.133649   2.06707  0.155664 -0.291912    2.1478  -1.22713
  0.15217  -0.13367   2.06708  0.155567 -0.291936   2.14785  -1.22715
 0.152211 -0.133691   2.06709   0.15547  -0.29196    2.1479  -1.22717
 0.152251 -0.133712    2.0671  0.155374 -0.291984   2.14795  -1.22718
 0.152292 -0.133732   2.06711  0.155278 -0.292008     2.148   -1.2272
 0.152332 -0.133753   2.06712  0.155183 -0.292032   2.14805  -1.22721
 0.152371 -0.133773   2.06713  0.155088 -0.292055   2.14809  -1.22723
 0.152411 -0.133794   2.06714  0.154994 -0.292079   2.14814  -1.22725
  0.15245 -0.133814   2.06715    0.1549 -0.292103   2.14819  -1.22726
  0.15249 -0.133834   2.06716  0.154807 -0.292127   2.14824  -1.22728
 0.152529 -0.133854   2.06717  0.154715  -0.29215   2.14829  -1.22729
 0.152567 -0.133873   2.06718  0.154623 -0.292174   2.14834  -1.22731
 0.152606 -0.133893   2.06719  0.154531 -0.292197   2.14838  -1.22732
 0.152644 -0.133913    2.0672   0.15444 -0.292221   2.14843  -1.22734
 0.152682 -0.133932   2.06721   0.15435 -0.292244   2.14848  -1.22735
  0.15272 -0.133951   2.06722   0.15426 -0.292268   2.14852  -1.22737
 0.152758 -0.133971   2.06723   0.15417 -0.292291   2.14857  -1.22738
 0.152796  -0.13399   2.06724  0.154081 -0.292315   2.14862   -1.2274
 0.152833 -0.134009   2.06725  0.153993 -0.292338   2.14866  -1.22741
  0.15287 -0.134027   2.06726  0.153905 -0.292361   2.14871  -1.22743
 0.152907 -0.134046   2.06727  0.153817 -0.292384   2.14875  -1.22744
 0.152944 -0.134065   2.06728   0.15373 -0.292407    2.1488  -1.22746
  0.15298 -0.134083   2.06729  0.153644  -0.29243   2.14884  -1.22747
 0.153016 -0.134102    2.0673  0.153558 -0.292454   2.14889  -1.22749
 0.153052  -0.13412   2.06731  0.153472 -0.292477   2.14893   -1.2275
 0.153088 -0.134138   2.06732  0.153387   -0.2925   2.14898  -1.22752
 0.153124 -0.134156   2.06733  0.153302 -0.292522   2.14902  -1.22753
  0.15316 -0.134174   2.06734  0.153218 -0.292545   2.14907  -1.22754
 0.153195 -0.134192   2.06735  0.153134 -0.292568   2.14911  -1.22756
  0.15323 -0.134209   2.06736  0.153051 -0.292591   2.14915  -1.22757
 0.153265 -0.134227   2.06737  0.152969 -0.292614   2.14919  -1.22759
   0.1533 -0.134244   2.06738  0.152886 -0.292636   2.14924   -1.2276
 0.153334 -0.134262   2.06739  0.152804 -0.292659   2.14928  -1.22761
 0.153369 -0.134279    2.0674  0.152723 -0.292682   2.14932  -1.22763
 0.153403 -0.134296   2.06741  0.152642 -0.292704   2.14936  -1.22764
 0.153437 -0.134313   2.06742  0.152562 -0.292727   2.14941  -1.22765
 0.153471  -0.13433   2.06743  0.152482 -0.292749   2.14945  -1.22767
 0.153504 -0.134347   2.06744  0.152402 -0.292772   2.14949  -1.22768
 0.153538 -0.134364   2.06746  0.152323 -0.292794   2.14953  -1.22769
 0.153571  -0.13438   2.06747  0.152244 -0.292816   2.14957  -1.22771
 0.153604 -0.134397   2.06748  0.152166 -0.292839   2.14961  -1.22772
 0.153637 -0.134413   2.06749  0.152088 -0.292861   2.14965  -1.22773
  0.15367  -0.13443    2.0675  0.152011 -0.292883   2.14969  -1.22775
 0.153702 -0.134446   2.06751  0.151934 -0.292906   2.14973  -1.22776
 0.153735 -0.134462   2.06752  0.151858 -0.292928   2.14977  -1.22777
 0.153767 -0.134478   2.06753  0.151782  -0.29295   2.14981  -1.22779
 0.153799 -0.134494   2.06754  0.151706 -0.292972   2.14985   -1.2278
 0.153831  -0.13451   2.06755  0.151631 -0.292994   2.14989  -1.22781
 0.153862 -0.134525   2.06756  0.151556 -0.293016   2.14993  -1.22782
 0.153894 -0.134541   2.06757  0.151482 -0.293038   2.14997  -1.22784
 0.153925 -0.134556   2.06758  0.151408  -0.29306      2.15  -1.22785
 0.153956 -0.134572   2.06759  0.151334 -0.293082   2.15004  -1.22786
 0.153987 -0.134587   2.06761  0.151261 -0.293104   2.15008  -1.22787
 0.154018 -0.134602   2.06762  0.151188 -0.293125   2.15012  -1.22789
 0.154049 -0.134617   2.06763  0.151116 -0.293147   2.15016   -1.2279
 0.154079 -0.134632   2.06764  0.151044 -0.293169   2.15019  -1.22791
  0.15411 -0.134647   2.06765  0.150973 -0.293191   2.15023  -1.22792
  0.15414 -0.134662   2.06766  0.150902 -0.293212   2.15027  -1.22793
  0.15417 -0.134677   2.06767  0.150831 -0.293234    2.1503  -1.22795
   0.1542 -0.134691   2.06768  0.150761 -0.293256   2.15034  -1.22796
 0.154229 -0.134706   2.06769  0.150691 -0.293277   2.15038  -1.22797
 0.154259  -0.13472    2.0677  0.150621 -0.293299   2.15041  -1.22798
 0.154288 -0.134735   2.06772  0.150552  -0.29332   2.15045  -1.22799
 0.154317 -0.134749   2.06773  0.150483 -0.293342   2.15048  -1.22801
 0.154346 -0.134763   2.06774  0.150415 -0.293363   2.15052  -1.22802
 0.154375 -0.134777   2.06775  0.150347 -0.293384   2.15055  -1.22803
 0.154404 -0.134791   2.06776   0.15028 -0.293406   2.15059  -1.22804
 0.154433 -0.134805   2.06777  0.150212 -0.293427   2.15062  -1.22805
 0.154461 -0.134819   2.06778  0.150146 -0.293448   2.15066  -1.22806
 0.154489 -0.134833   2.06779  0.150079  -0.29347   2.15069  -1.22807
 0.154517 -0.134846    2.0678  0.150013 -0.293491   2.15073  -1.22809
 0.154545  -0.13486   2.06782  0.149947 -0.293512   2.15076   -1.2281
 0.154573 -0.134873   2.06783  0.149882 -0.293533    2.1508  -1.22811
 0.154601 -0.134887   2.06784  0.149817 -0.293554   2.15083  -1.22812
 0.154628   -0.1349   2.06785  0.149752 -0.293575   2.15086  -1.22813
 0.154656 -0.134913   2.06786  0.149688 -0.293596    2.1509  -1.22814
 0.154683 -0.134926   2.06787  0.149624 -0.293617   2.15093  -1.22815
  0.15471 -0.134939   2.06788  0.149561 -0.293638   2.15096  -1.22816
 0.154737 -0.134952    2.0679  0.149497 -0.293659     2.151  -1.22817
 0.154764 -0.134965   2.06791  0.149435  -0.29368   2.15103  -1.22818
  0.15479 -0.134978   2.06792  0.149372 -0.293701   2.15106  -1.22819
 0.154817 -0.134991   2.06793   0.14931 -0.293722   2.15109  -1.22821
 0.154843 -0.135003   2.06794  0.149248 -0.293743   2.15112  -1.22822
 0.154869 -0.135016   2.06795  0.149187 -0.293763   2.15116  -1.22823
 0.154895 -0.135028   2.06796  0.149126 -0.293784   2.15119  -1.22824
 0.154921 -0.135041   2.06798  0.149065 -0.293805   2.15122  -1.22825
 0.154947 -0.135053   2.06799  0.149005 -0.293825   2.15125  -1.22826
 0.154973 -0.135065     2.068  0.148945 -0.293846   2.15128  -1.22827
 0.154998 -0.135077   2.06801  0.148885 -0.293867   2.15131  -1.22828
 0.155023 -0.135089   2.06802  0.148826 -0.293887   2.15134  -1.22829
 0.155049 -0.135101   2.06803  0.148766 -0.293908   2.15137   -1.2283
 0.155074 -0.135113   2.06804  0.148708 -0.293928    2.1514  -1.22831
 0.155099 -0.135125   2.06806  0.148649 -0.293949   2.15144  -1.22832
 0.155124 -0.135137   2.06807  0.148591 -0.293969   2.15147  -1.22833
 0.155148 -0.135148   2.06808  0.148534  -0.29399    2.1515  -1.22834
0.155173 -0.13516  2.06809 0.148476 -0.29401  2.15152 -1.22835
 0.155197 -0.135171    2.0681  0.148419  -0.29403   2.15155  -1.22836
 0.155222 -0.135183   2.06811  0.148362 -0.294051   2.15158  -1.22837
 0.155246 -0.135194   2.06813  0.148306 -0.294071   2.15161  -1.22838
  0.15527 -0.135206   2.06814   0.14825 -0.294091   2.15164  -1.22839
 0.155294 -0.135217   2.06815  0.148194 -0.294112   2.15167   -1.2284
 0.155317 -0.135228   2.06816  0.148138 -0.294132    2.1517  -1.22841
 0.155341 -0.135239   2.06817  0.148083 -0.294152   2.15173  -1.22841
 0.155365  -0.13525   2.06818  0.148028 -0.294172   2.15176  -1.22842
 0.155388 -0.135261    2.0682  0.147974 -0.294192   2.15179  -1.22843
 0.155411 -0.135272   2.06821  0.147919 -0.294212   2.15181  -1.22844
 0.155434 -0.135282   2.06822  0.147865 -0.294233   2.15184  -1.22845
 0.155457 -0.135293   2.06823  0.147812 -0.294253   2.15187  -1.22846
  0.15548 -0.135304   2.06824  0.147758 -0.294273    2.1519  -1.22847
 0.155503 -0.135314   2.06825  0.147705 -0.294293   2.15192  -1.22848
 0.155526 -0.135325   2.06827  0.147653 -0.294313   2.15195  -1.22849
 0.155548 -0.135335   2.06828    0.1476 -0.294333   2.15198   -1.2285
 0.155571 -0.135345   2.06829  0.147548 -0.294352   2.15201  -1.22851
 0.155593 -0.135356    2.0683  0.147496 -0.294372   2.15203  -1.22852
 0.155615 -0.135366   2.06831  0.147445 -0.294392   2.15206  -1.22852
 0.155637 -0.135376   2.06833  0.147393 -0.294412   2.15209  -1.22853
 0.155659 -0.135386   2.06834  0.147342 -0.294432   2.15211  -1.22854
 0.155681 -0.135396   2.06835  0.147291 -0.294452   2.15214  -1.22855
 0.155703 -0.135406   2.06836  0.147241 -0.294471   2.15217  -1.22856
 0.155724 -0.135416   2.06837  0.147191 -0.294491   2.15219  -1.22857
 0.155746 -0.135426   2.06839  0.147141 -0.294511   2.15222  -1.22858
 0.155767 -0.135435    2.0684  0.147091  -0.29453   2.15224  -1.22859
 0.155788 -0.135445   2.06841  0.147042  -0.29455   2.15227  -1.22859
 0.155809 -0.135455   2.06842  0.146993  -0.29457   2.15229   -1.2286
  0.15583 -0.135464   2.06843  0.146944 -0.294589   2.15232  -1.22861
 0.155851 -0.135474   2.06845  0.146896 -0.294609   2.15234  -1.22862
 0.155872 -0.135483   2.06846  0.146848 -0.294628   2.15237  -1.22863
 0.155893 -0.135492   2.06847    0.1468 -0.294648   2.15239  -1.22864
 0.155913 -0.135502   2.06848  0.146752 -0.294667   2.15242  -1.22864
 0.155934 -0.135511   2.06849  0.146705 -0.294687   2.15244  -1.22865
 0.155954  -0.13552   2.06851  0.146657 -0.294706   2.15247  -1.22866
 0.155974 -0.135529   2.06852  0.146611 -0.294726   2.15249  -1.22867
 0.155995 -0.135538   2.06853  0.146564 -0.294745   2.15252  -1.22868
 0.156015 -0.135547   2.06854  0.146518 -0.294765   2.15254  -1.22869
 0.156034 -0.135556   2.06856  0.146471 -0.294784   2.15256  -1.22869
 0.156054 -0.135565   2.06857  0.146426 -0.294803   2.15259   -1.2287
 0.156074 -0.135574   2.06858   0.14638 -0.294823   2.15261  -1.22871
 0.156094 -0.135582   2.06859  0.146335 -0.294842   2.15263  -1.22872
 0.156113 -0.135591    2.0686   0.14629 -0.294861   2.15266  -1.22872
0.156132  -0.1356  2.06862 0.146245 -0.29488  2.15268 -1.22873
 0.156152 -0.135608   2.06863    0.1462 -0.294899    2.1527  -1.22874
 0.156171 -0.135617   2.06864  0.146156 -0.294919   2.15273  -1.22875
  0.15619 -0.135625   2.06865  0.146112 -0.294938   2.15275  -1.22876
 0.156209 -0.135633   2.06867  0.146068 -0.294957   2.15277  -1.22876
 0.156228 -0.135642   2.06868  0.146025 -0.294976    2.1528  -1.22877
 0.156247  -0.13565   2.06869  0.145981 -0.294995   2.15282  -1.22878
 0.156265 -0.135658    2.0687  0.145938 -0.295014   2.15284  -1.22879
 0.156284 -0.135666   2.06871  0.145895 -0.295033   2.15286  -1.22879
 0.156302 -0.135674   2.06873  0.145853 -0.295052   2.15288   -1.2288
 0.156321 -0.135682   2.06874   0.14581 -0.295071   2.15291  -1.22881
0.156339 -0.13569  2.06875 0.145768 -0.29509  2.15293 -1.22882
 0.156357 -0.135698   2.06876  0.145726 -0.295109   2.15295  -1.22882
 0.156375 -0.135706   2.06878  0.145685 -0.295128   2.15297  -1.22883
 0.156393 -0.135714   2.06879  0.145643 -0.295147   2.15299  -1.22884
 0.156411 -0.135721    2.0688  0.145602 -0.295166   2.15301  -1.22884
 0.156429 -0.135729   2.06881  0.145561 -0.295185   2.15304  -1.22885
 0.156447 -0.135737   2.06883  0.145521 -0.295204   2.15306  -1.22886
 0.156464 -0.135744   2.06884   0.14548 -0.295222   2.15308  -1.22887
 0.156482 -0.135752   2.06885   0.14544 -0.295241    2.1531  -1.22887
 0.156499 -0.135759   2.06886    0.1454  -0.29526   2.15312  -1.22888
 0.156517 -0.135767   2.06888   0.14536 -0.295279   2.15314  -1.22889
 0.156534 -0.135774   2.06889   0.14532 -0.295298   2.15316  -1.22889
 0.156551 -0.135781    2.0689  0.145281 -0.295316   2.15318   -1.2289
 0.156568 -0.135788   2.06891  0.145242 -0.295335    2.1532  -1.22891
 0.156585 -0.135796   2.06893  0.145203 -0.295354   2.15322  -1.22891
 0.156602 -0.135803   2.06894  0.145164 -0.295372   2.15324  -1.22892
 0.156619  -0.13581   2.06895  0.145126 -0.295391   2.15326  -1.22893
 0.156636 -0.135817   2.06896  0.145088  -0.29541   2.15328  -1.22893
 0.156652 -0.135824   2.06898  0.145049 -0.295428    2.1533  -1.22894
 0.156669 -0.135831   2.06899  0.145012 -0.295447   2.15332  -1.22895
 0.156685 -0.135838     2.069  0.144974 -0.295465   2.15334  -1.22895
 0.156702 -0.135845   2.06901  0.144937 -0.295484   2.15336  -1.22896
 0.156718 -0.135851   2.06903  0.144899 -0.295502   2.15338  -1.22897
 0.156734 -0.135858   2.06904  0.144862 -0.295521    2.1534  -1.22897
  0.15675 -0.135865   2.06905  0.144826 -0.295539   2.15342  -1.22898
 0.156766 -0.135871   2.06906  0.144789 -0.295558   2.15344  -1.22899
 0.156782 -0.135878   2.06908  0.144753 -0.295576   2.15345  -1.22899
 0.156798 -0.135884   2.06909  0.144717 -0.295595   2.15347    -1.229
 0.156814 -0.135891    2.0691  0.144681 -0.295613   2.15349  -1.22901
 0.156829 -0.135897   2.06911  0.144645 -0.295631   2.15351  -1.22901
 0.156845 -0.135904   2.06913  0.144609  -0.29565   2.15353  -1.22902
 0.156861  -0.13591   2.06914  0.144574 -0.295668   2.15355  -1.22903
 0.156876 -0.135916   2.06915  0.144539 -0.295687   2.15357  -1.22903
 0.156891 -0.135923   2.06917  0.144504 -0.295705   2.15358  -1.22904
 0.156907 -0.135929   2.06918  0.144469 -0.295723    2.1536  -1.22904
 0.156922 -0.135935   2.06919  0.144434 -0.295741   2.15362  -1.22905
 0.156937 -0.135941    2.0692    0.1444  -0.29576   2.15364  -1.22906
 0.156952 -0.135947   2.06922  0.144366 -0.295778   2.15365  -1.22906
 0.156967 -0.135953   2.06923  0.144332 -0.295796   2.15367  -1.22907
 0.156982 -0.135959   2.06924  0.144298 -0.295814   2.15369  -1.22907
 0.156997 -0.135965   2.06925  0.144265 -0.295832   2.15371  -1.22908
 0.157011 -0.135971   2.06927  0.144231 -0.295851   2.15372  -1.22909
 0.157026 -0.135977   2.06928  0.144198 -0.295869   2.15374  -1.22909
 0.157041 -0.135983   2.06929  0.144165 -0.295887   2.15376   -1.2291
 0.157055 -0.135988   2.06931  0.144132 -0.295905   2.15378   -1.2291
 0.157069 -0.135994   2.06932  0.144099 -0.295923   2.15379  -1.22911
 0.157084    -0.136   2.06933  0.144067 -0.295941   2.15381  -1.22912
 0.157098 -0.136005   2.06934  0.144035 -0.295959   2.15383  -1.22912
 0.157112 -0.136011   2.06936  0.144003 -0.295977   2.15384  -1.22913
 0.157126 -0.136016   2.06937  0.143971 -0.295995   2.15386  -1.22913
  0.15714 -0.136022   2.06938  0.143939 -0.296013   2.15388  -1.22914
 0.157154 -0.136027    2.0694  0.143907 -0.296031   2.15389  -1.22914
 0.157168 -0.136033   2.06941  0.143876 -0.296049   2.15391  -1.22915
 0.157182 -0.136038   2.06942  0.143845 -0.296067   2.15392  -1.22915
 0.157196 -0.136043   2.06943  0.143814 -0.296085   2.15394  -1.22916
  0.15721 -0.136049   2.06945  0.143783 -0.296103   2.15396  -1.22917
 0.157223 -0.136054   2.06946  0.143752 -0.296121   2.15397  -1.22917
 0.157237 -0.136059   2.06947  0.143722 -0.296139   2.15399  -1.22918
  0.15725 -0.136064   2.06949  0.143691 -0.296157     2.154  -1.22918
 0.157264 -0.136069    2.0695  0.143661 -0.296175   2.15402  -1.22919
 0.157277 -0.136074   2.06951  0.143631 -0.296193   2.15404  -1.22919
  0.15729 -0.136079   2.06952  0.143601  -0.29621   2.15405   -1.2292
 0.157303 -0.136084   2.06954  0.143572 -0.296228   2.15407   -1.2292
 0.157316 -0.136089   2.06955  0.143542 -0.296246   2.15408  -1.22921
 0.157329 -0.136094   2.06956  0.143513 -0.296264    2.1541  -1.22921
 0.157342 -0.136099   2.06958  0.143484 -0.296282   2.15411  -1.22922
 0.157355 -0.136104   2.06959  0.143455 -0.296299   2.15413  -1.22922
 0.157368 -0.136109    2.0696  0.143426 -0.296317   2.15414  -1.22923
 0.157381 -0.136114   2.06962  0.143397 -0.296335   2.15416  -1.22924
 0.157394 -0.136118   2.06963  0.143369 -0.296353   2.15417  -1.22924
 0.157406 -0.136123   2.06964   0.14334  -0.29637   2.15419  -1.22925
 0.157419 -0.136128   2.06966  0.143312 -0.296388    2.1542  -1.22925
 0.157431 -0.136132   2.06967  0.143284 -0.296406   2.15422  -1.22926
 0.157444 -0.136137   2.06968  0.143256 -0.296423   2.15423  -1.22926
 0.157456 -0.136141   2.06969  0.143228 -0.296441   2.15424  -1.22927
 0.157469 -0.136146   2.06971  0.143201 -0.296458   2.15426  -1.22927
 0.157481  -0.13615   2.06972  0.143173 -0.296476   2.15427  -1.22928
 0.157493 -0.136155   2.06973  0.143146 -0.296494   2.15429  -1.22928
 0.157505 -0.136159   2.06975  0.143119 -0.296511    2.1543  -1.22929
 0.157517 -0.136163   2.06976  0.143092 -0.296529   2.15431  -1.22929
 0.157529 -0.136168   2.06977  0.143065 -0.296546   2.15433  -1.22929
 0.157541 -0.136172   2.06979  0.143039 -0.296564   2.15434   -1.2293
 0.157553 -0.136176    2.0698  0.143012 -0.296581   2.15436   -1.2293
 0.157565  -0.13618   2.06981  0.142986 -0.296599   2.15437  -1.22931
 0.157577 -0.136185   2.06983   0.14296 -0.296616   2.15438  -1.22931
 0.157588 -0.136189   2.06984  0.142934 -0.296634    2.1544  -1.22932
   0.1576 -0.136193   2.06985  0.142908 -0.296651   2.15441  -1.22932
 0.157612 -0.136197   2.06986  0.142882 -0.296669   2.15442  -1.22933
 0.157623 -0.136201   2.06988  0.142857 -0.296686   2.15444  -1.22933
 0.157635 -0.136205   2.06989  0.142831 -0.296704   2.15445  -1.22934
 0.157646 -0.136209    2.0699  0.142806 -0.296721   2.15446  -1.22934
 0.157657 -0.136213   2.06992  0.142781 -0.296738   2.15448  -1.22935
 0.157669 -0.136217   2.06993  0.142756 -0.296756   2.15449  -1.22935
  0.15768  -0.13622   2.06994  0.142731 -0.296773    2.1545  -1.22936
 0.157691 -0.136224   2.06996  0.142706 -0.296791   2.15451  -1.22936
 0.157702 -0.136228   2.06997  0.142681 -0.296808   2.15453  -1.22936
 0.157713 -0.136232   2.06998  0.142657 -0.296825   2.15454  -1.22937
 0.157724 -0.136235      2.07  0.142633 -0.296843   2.15455  -1.22937
 0.157735 -0.136239   2.07001  0.142608  -0.29686   2.15456  -1.22938
 0.157746 -0.136243   2.07002  0.142584 -0.296877   2.15458  -1.22938
 0.157757 -0.136246   2.07004   0.14256 -0.296894   2.15459  -1.22939
 0.157768  -0.13625   2.07005  0.142537 -0.296912    2.1546  -1.22939
 0.157779 -0.136254   2.07006  0.142513 -0.296929   2.15461   -1.2294
 0.157789 -0.136257   2.07008   0.14249 -0.296946   2.15463   -1.2294
   0.1578 -0.136261   2.07009  0.142466 -0.296963   2.15464   -1.2294
  0.15781 -0.136264    2.0701  0.142443 -0.296981   2.15465  -1.22941
 0.157821 -0.136267   2.07012   0.14242 -0.296998   2.15466  -1.22941
 0.157831 -0.136271   2.07013  0.142397 -0.297015   2.15467  -1.22942
 0.157842 -0.136274   2.07014  0.142374 -0.297032   2.15469  -1.22942
 0.157852 -0.136278   2.07016  0.142351 -0.297049    2.1547  -1.22943
 0.157862 -0.136281   2.07017  0.142329 -0.297067   2.15471  -1.22943
 0.157873 -0.136284   2.07018  0.142306 -0.297084   2.15472  -1.22943
 0.157883 -0.136287    2.0702  0.142284 -0.297101   2.15473  -1.22944
 0.157893 -0.136291   2.07021  0.142262 -0.297118   2.15474  -1.22944
 0.157903 -0.136294   2.07022   0.14224 -0.297135   2.15476  -1.22945
 0.157913 -0.136297   2.07024  0.142218 -0.297152   2.15477  -1.22945
 0.157923   -0.1363   2.07025  0.142196 -0.297169   2.15478  -1.22945
 0.157933 -0.136303   2.07026  0.142174 -0.297186   2.15479  -1.22946
 0.157943 -0.136306   2.07028  0.142153 -0.297203    2.1548  -1.22946
 0.157953 -0.136309   2.07029  0.142131 -0.297221   2.15481  -1.22947
 0.157962 -0.136312    2.0703   0.14211 -0.297238   2.15482  -1.22947
 0.157972 -0.136315   2.07032  0.142089 -0.297255   2.15483  -1.22947
 0.157982 -0.136318   2.07033  0.142067 -0.297272   2.15484  -1.22948
 0.157992 -0.136321   2.07034  0.142046 -0.297289   2.15486  -1.22948
 0.158001 -0.136324   2.07036  0.142026 -0.297306   2.15487  -1.22949
 0.158011 -0.136327   2.07037  0.142005 -0.297323   2.15488  -1.22949
 0.15802 -0.13633  2.07038 0.141984 -0.29734  2.15489 -1.22949
  0.15803 -0.136332    2.0704  0.141964 -0.297357    2.1549   -1.2295
 0.158039 -0.136335   2.07041  0.141943 -0.297374   2.15491   -1.2295
 0.158048 -0.136338   2.07042  0.141923  -0.29739   2.15492   -1.2295
 0.158058 -0.136341   2.07044  0.141903 -0.297407   2.15493  -1.22951
 0.158067 -0.136343   2.07045  0.141883 -0.297424   2.15494  -1.22951
 0.158076 -0.136346   2.07046  0.141863 -0.297441   2.15495  -1.22952
 0.158085 -0.136349   2.07048  0.141843 -0.297458   2.15496  -1.22952
 0.158094 -0.136351   2.07049  0.141824 -0.297475   2.15497  -1.22952
 0.158103 -0.136354    2.0705  0.141804 -0.297492   2.15498  -1.22953
 0.158112 -0.136357   2.07052  0.141784 -0.297509   2.15499  -1.22953
 0.158121 -0.136359   2.07053  0.141765 -0.297526     2.155  -1.22953
  0.15813 -0.136362   2.07055  0.141746 -0.297542   2.15501  -1.22954
 0.158139 -0.136364   2.07056  0.141727 -0.297559   2.15502  -1.22954
 0.158148 -0.136366   2.07057  0.141708 -0.297576   2.15503  -1.22954
 0.158157 -0.136369   2.07059  0.141689 -0.297593   2.15504  -1.22955
 0.158166 -0.136371    2.0706   0.14167  -0.29761   2.15505  -1.22955
 0.158174 -0.136374   2.07061  0.141651 -0.297627   2.15506  -1.22956
 0.158183 -0.136376   2.07063  0.141633 -0.297643   2.15507  -1.22956
 0.158192 -0.136378   2.07064  0.141614  -0.29766   2.15508  -1.22956
   0.1582 -0.136381   2.07065  0.141596 -0.297677   2.15509  -1.22957
 0.158209 -0.136383   2.07067  0.141577 -0.297694    2.1551  -1.22957
 0.158217 -0.136385   2.07068  0.141559  -0.29771   2.15511  -1.22957
 0.158226 -0.136387   2.07069  0.141541 -0.297727   2.15512  -1.22958
 0.158234  -0.13639   2.07071  0.141523 -0.297744   2.15513  -1.22958
 0.158242 -0.136392   2.07072  0.141505 -0.297761   2.15514  -1.22958
 0.158251 -0.136394   2.07073  0.141488 -0.297777   2.15514  -1.22959
 0.158259 -0.136396   2.07075   0.14147 -0.297794   2.15515  -1.22959
 0.158267 -0.136398   2.07076  0.141452 -0.297811   2.15516  -1.22959
 0.158275   -0.1364   2.07078  0.141435 -0.297827   2.15517   -1.2296
 0.158284 -0.136402   2.07079  0.141417 -0.297844   2.15518   -1.2296
 0.158292 -0.136404    2.0708    0.1414 -0.297861   2.15519   -1.2296
   0.1583 -0.136406   2.07082  0.141383 -0.297877    2.1552  -1.22961
 0.158308 -0.136408   2.07083  0.141366 -0.297894   2.15521  -1.22961
 0.158316  -0.13641   2.07084  0.141349 -0.297911   2.15522  -1.22961
 0.158324 -0.136412   2.07086  0.141332 -0.297927   2.15523  -1.22962
 0.158332 -0.136414   2.07087  0.141315 -0.297944   2.15523  -1.22962
  0.15834 -0.136416   2.07088  0.141299 -0.297961   2.15524  -1.22962
 0.158347 -0.136418    2.0709  0.141282 -0.297977   2.15525  -1.22963
 0.158355  -0.13642   2.07091  0.141266 -0.297994   2.15526  -1.22963
 0.158363 -0.136422   2.07093  0.141249  -0.29801   2.15527  -1.22963
 0.158371 -0.136424   2.07094  0.141233 -0.298027   2.15528  -1.22963
 0.158378 -0.136425   2.07095  0.141217 -0.298044   2.15528  -1.22964
 0.158386 -0.136427   2.07097  0.141201  -0.29806   2.15529  -1.22964
 0.158394 -0.136429   2.07098  0.141184 -0.298077    2.1553  -1.22964
 0.158401 -0.136431   2.07099  0.141169 -0.298093   2.15531  -1.22965
 0.158409 -0.136432   2.07101  0.141153  -0.29811   2.15532  -1.22965
 0.158416 -0.136434   2.07102  0.141137 -0.298126   2.15533  -1.22965
 0.158424 -0.136436   2.07103  0.141121 -0.298143   2.15533  -1.22966
 0.158431 -0.136437   2.07105  0.141106 -0.298159   2.15534  -1.22966
 0.158439 -0.136439   2.07106   0.14109 -0.298176   2.15535  -1.22966
 0.158446  -0.13644   2.07108  0.141075 -0.298192   2.15536  -1.22966
 0.158453 -0.136442   2.07109   0.14106 -0.298209   2.15537  -1.22967
 0.158461 -0.136443    2.0711  0.141044 -0.298225   2.15537  -1.22967
 0.158468 -0.136445   2.07112  0.141029 -0.298242   2.15538  -1.22967
 0.158475 -0.136447   2.07113  0.141014 -0.298258   2.15539  -1.22968
 0.158482 -0.136448   2.07114  0.140999 -0.298275    2.1554  -1.22968
 0.158489 -0.136449   2.07116  0.140984 -0.298291   2.15541  -1.22968
 0.158496 -0.136451   2.07117  0.140969 -0.298308   2.15541  -1.22969
 0.158504 -0.136452   2.07119  0.140955 -0.298324   2.15542  -1.22969
 0.158511 -0.136454    2.0712   0.14094  -0.29834   2.15543  -1.22969
 0.158518 -0.136455   2.07121  0.140926 -0.298357   2.15544  -1.22969
 0.158525 -0.136456   2.07123  0.140911 -0.298373   2.15544   -1.2297
 0.158531 -0.136458   2.07124  0.140897  -0.29839   2.15545   -1.2297
 0.158538 -0.136459   2.07125  0.140882 -0.298406   2.15546   -1.2297
 0.158545  -0.13646   2.07127  0.140868 -0.298422   2.15547   -1.2297
 0.158552 -0.136462   2.07128  0.140854 -0.298439   2.15547  -1.22971
 0.158559 -0.136463    2.0713   0.14084 -0.298455   2.15548  -1.22971
 0.158566 -0.136464   2.07131  0.140826 -0.298471   2.15549  -1.22971
 0.158572 -0.136465   2.07132  0.140812 -0.298488   2.15549  -1.22972
 0.158579 -0.136467   2.07134  0.140798 -0.298504    2.1555  -1.22972
 0.158586 -0.136468   2.07135  0.140785 -0.298521   2.15551  -1.22972
 0.158592 -0.136469   2.07136  0.140771 -0.298537   2.15552  -1.22972
 0.158599  -0.13647   2.07138  0.140758 -0.298553   2.15552  -1.22973
 0.158606 -0.136471   2.07139  0.140744  -0.29857   2.15553  -1.22973
 0.158612 -0.136472   2.07141  0.140731 -0.298586   2.15554  -1.22973
 0.158619 -0.136474   2.07142  0.140717 -0.298602   2.15554  -1.22973
 0.158625 -0.136475   2.07143  0.140704 -0.298618   2.15555  -1.22974
 0.158632 -0.136476   2.07145  0.140691 -0.298635   2.15556  -1.22974
 0.158638 -0.136477   2.07146  0.140678 -0.298651   2.15556  -1.22974
 0.158644 -0.136478   2.07148  0.140665 -0.298667   2.15557  -1.22974
 0.158651 -0.136479   2.07149  0.140652 -0.298684   2.15558  -1.22975
0.158657 -0.13648   2.0715 0.140639  -0.2987  2.15558 -1.22975
 0.158663 -0.136481   2.07152  0.140626 -0.298716   2.15559  -1.22975
  0.15867 -0.136482   2.07153  0.140613 -0.298732    2.1556  -1.22975
 0.158676 -0.136483   2.07154  0.140601 -0.298749    2.1556  -1.22976
 0.158682 -0.136484   2.07156  0.140588 -0.298765   2.15561  -1.22976
 0.158688 -0.136484   2.07157  0.140576 -0.298781   2.15562  -1.22976
 0.158694 -0.136485   2.07159  0.140563 -0.298797   2.15562  -1.22976
   0.1587 -0.136486    2.0716  0.140551 -0.298813   2.15563  -1.22977
 0.158707 -0.136487   2.07161  0.140539  -0.29883   2.15564  -1.22977
 0.158713 -0.136488   2.07163  0.140526 -0.298846   2.15564  -1.22977
 0.158719 -0.136489   2.07164  0.140514 -0.298862   2.15565  -1.22977
 0.158725 -0.136489   2.07166  0.140502 -0.298878   2.15565  -1.22978
 0.158731  -0.13649   2.07167   0.14049 -0.298894   2.15566  -1.22978
 0.158737 -0.136491   2.07168  0.140478 -0.298911   2.15567  -1.22978
 0.158743 -0.136492    2.0717  0.140466 -0.298927   2.15567  -1.22978
 0.158748 -0.136492   2.07171  0.140454 -0.298943   2.15568  -1.22979
 0.158754 -0.136493   2.07172  0.140443 -0.298959   2.15569  -1.22979
  0.15876 -0.136494   2.07174  0.140431 -0.298975   2.15569  -1.22979
 0.158766 -0.136495   2.07175  0.140419 -0.298991    2.1557  -1.22979
 0.158772 -0.136495   2.07177  0.140408 -0.299008    2.1557   -1.2298
 0.158777 -0.136496   2.07178  0.140396 -0.299024   2.15571   -1.2298
 0.158783 -0.136497   2.07179  0.140385  -0.29904   2.15571   -1.2298
 0.158789 -0.136497   2.07181  0.140374 -0.299056   2.15572   -1.2298
 0.158795 -0.136498   2.07182  0.140362 -0.299072   2.15573  -1.22981
   0.1588 -0.136498   2.07184  0.140351 -0.299088   2.15573  -1.22981
 0.158806 -0.136499   2.07185   0.14034 -0.299104   2.15574  -1.22981
 0.158811 -0.136499   2.07186  0.140329  -0.29912   2.15574  -1.22981
 0.158817   -0.1365   2.07188  0.140318 -0.299136   2.15575  -1.22981
 0.158822 -0.136501   2.07189  0.140307 -0.299153   2.15576  -1.22982
 0.158828 -0.136501   2.07191  0.140296 -0.299169   2.15576  -1.22982
 0.158833 -0.136502   2.07192  0.140285 -0.299185   2.15577  -1.22982
 0.158839 -0.136502   2.07193  0.140274 -0.299201   2.15577  -1.22982
 0.158844 -0.136503   2.07195  0.140264 -0.299217   2.15578  -1.22983
  0.15885 -0.136503   2.07196  0.140253 -0.299233   2.15578  -1.22983
 0.158855 -0.136503   2.07198  0.140243 -0.299249   2.15579  -1.22983
 0.158861 -0.136504   2.07199  0.140232 -0.299265   2.15579  -1.22983
 0.158866 -0.136504     2.072  0.140222 -0.299281    2.1558  -1.22983
 0.158871 -0.136505   2.07202  0.140211 -0.299297    2.1558  -1.22984
 0.158876 -0.136505   2.07203  0.140201 -0.299313   2.15581  -1.22984
 0.158882 -0.136505   2.07205  0.140191 -0.299329   2.15582  -1.22984
 0.158887 -0.136506   2.07206   0.14018 -0.299345   2.15582  -1.22984
 0.158892 -0.136506   2.07207   0.14017 -0.299361   2.15583  -1.22984
 0.158897 -0.136506   2.07209   0.14016 -0.299377   2.15583  -1.22985
 0.158902 -0.136507    2.0721   0.14015 -0.299393   2.15584  -1.22985
 0.158908 -0.136507   2.07212   0.14014 -0.299409   2.15584  -1.22985
 0.158913 -0.136507   2.07213   0.14013 -0.299425   2.15585  -1.22985
 0.158918 -0.136508   2.07214   0.14012 -0.299441   2.15585  -1.22985
 0.158923 -0.136508   2.07216  0.140111 -0.299457   2.15586  -1.22986
 0.158928 -0.136508   2.07217  0.140101 -0.299473   2.15586  -1.22986
 0.158933 -0.136508   2.07219  0.140091 -0.299489   2.15587  -1.22986
 0.158938 -0.136508    2.0722  0.140082 -0.299505   2.15587  -1.22986
 0.158943 -0.136509   2.07221  0.140072 -0.299521   2.15588  -1.22986
 0.158948 -0.136509   2.07223  0.140062 -0.299537   2.15588  -1.22987
 0.158953 -0.136509   2.07224  0.140053 -0.299553   2.15589  -1.22987
 0.158958 -0.136509   2.07226  0.140044 -0.299569   2.15589  -1.22987
 0.158963 -0.136509   2.07227  0.140034 -0.299585    2.1559  -1.22987
 0.158968 -0.136509   2.07228  0.140025 -0.299601    2.1559  -1.22987
 0.158972  -0.13651    2.0723  0.140016 -0.299617   2.15591  -1.22988
 0.158977  -0.13651   2.07231  0.140006 -0.299633   2.15591  -1.22988
 0.158982  -0.13651   2.07233  0.139997 -0.299649   2.15592  -1.22988
 0.158987  -0.13651   2.07234  0.139988 -0.299664   2.15592  -1.22988
0.158991 -0.13651  2.07235 0.139979 -0.29968  2.15592 -1.22988
 0.158996  -0.13651   2.07237   0.13997 -0.299696   2.15593  -1.22989
 0.159001  -0.13651   2.07238  0.139961 -0.299712   2.15593  -1.22989
 0.159006  -0.13651    2.0724  0.139952 -0.299728   2.15594  -1.22989
  0.15901  -0.13651   2.07241  0.139944 -0.299744   2.15594  -1.22989
0.159015 -0.13651  2.07242 0.139935 -0.29976  2.15595 -1.22989
  0.15902  -0.13651   2.07244  0.139926 -0.299776   2.15595   -1.2299
 0.159024  -0.13651   2.07245  0.139917 -0.299792   2.15596   -1.2299
 0.159029  -0.13651   2.07247  0.139909 -0.299808   2.15596   -1.2299
 0.159033  -0.13651   2.07248    0.1399 -0.299823   2.15597   -1.2299
 0.159038  -0.13651   2.07249  0.139892 -0.299839   2.15597   -1.2299
 0.159042  -0.13651   2.07251  0.139883 -0.299855   2.15597   -1.2299
 0.159047  -0.13651   2.07252  0.139875 -0.299871   2.15598  -1.22991
 0.159051  -0.13651   2.07254  0.139867 -0.299887   2.15598  -1.22991
 0.159056  -0.13651   2.07255  0.139858 -0.299903   2.15599  -1.22991
  0.15906 -0.136509   2.07256   0.13985 -0.299919   2.15599  -1.22991
 0.159065 -0.136509   2.07258  0.139842 -0.299934     2.156  -1.22991
 0.159069 -0.136509   2.07259  0.139834  -0.29995     2.156  -1.22992
 0.159074 -0.136509   2.07261  0.139825 -0.299966     2.156  -1.22992
 0.159078 -0.136509   2.07262  0.139817 -0.299982   2.15601  -1.22992
 0.159082 -0.136509   2.07264  0.139809 -0.299998   2.15601  -1.22992
 0.159087 -0.136508   2.07265  0.139801 -0.300013   2.15602  -1.22992
 0.159091 -0.136508   2.07266  0.139793 -0.300029   2.15602  -1.22992
 0.159095 -0.136508   2.07268  0.139786 -0.300045   2.15602  -1.22993
 0.159099 -0.136508   2.07269  0.139778 -0.300061   2.15603  -1.22993
 0.159104 -0.136508   2.07271   0.13977 -0.300077   2.15603  -1.22993
 0.159108 -0.136507   2.07272  0.139762 -0.300093   2.15604  -1.22993
 0.159112 -0.136507   2.07273  0.139754 -0.300108   2.15604  -1.22993
 0.159116 -0.136507   2.07275  0.139747 -0.300124   2.15604  -1.22993
  0.15912 -0.136507   2.07276  0.139739  -0.30014   2.15605  -1.22994
 0.159125 -0.136506   2.07278  0.139732 -0.300156   2.15605  -1.22994
 0.159129 -0.136506   2.07279  0.139724 -0.300171   2.15606  -1.22994
 0.159133 -0.136506    2.0728  0.139717 -0.300187   2.15606  -1.22994
 0.159137 -0.136505   2.07282  0.139709 -0.300203   2.15606  -1.22994
 0.159141 -0.136505   2.07283  0.139702 -0.300219   2.15607  -1.22994
 0.159145 -0.136505   2.07285  0.139694 -0.300235   2.15607  -1.22995
 0.159149 -0.136504   2.07286  0.139687  -0.30025   2.15608  -1.22995
 0.159153 -0.136504   2.07288   0.13968 -0.300266   2.15608  -1.22995
 0.159157 -0.136504   2.07289  0.139673 -0.300282   2.15608  -1.22995
 0.159161 -0.136503    2.0729  0.139665 -0.300298   2.15609  -1.22995
 0.159165 -0.136503   2.07292  0.139658 -0.300313   2.15609  -1.22995
 0.159169 -0.136502   2.07293  0.139651 -0.300329   2.15609  -1.22996
 0.159173 -0.136502   2.07295  0.139644 -0.300345    2.1561  -1.22996
 0.159177 -0.136502   2.07296  0.139637  -0.30036    2.1561  -1.22996
 0.159181 -0.136501   2.07297   0.13963 -0.300376    2.1561  -1.22996
 0.159185 -0.136501   2.07299  0.139623 -0.300392   2.15611  -1.22996
 0.159189   -0.1365     2.073  0.139616 -0.300408   2.15611  -1.22996
 0.159193   -0.1365   2.07302   0.13961 -0.300423   2.15612  -1.22996
 0.159196 -0.136499   2.07303  0.139603 -0.300439   2.15612  -1.22997
   0.1592 -0.136499   2.07305  0.139596 -0.300455   2.15612  -1.22997
 0.159204 -0.136498   2.07306  0.139589  -0.30047   2.15613  -1.22997
 0.159208 -0.136498   2.07307  0.139583 -0.300486   2.15613  -1.22997
 0.159212 -0.136497   2.07309  0.139576 -0.300502   2.15613  -1.22997
 0.159215 -0.136497    2.0731  0.139569 -0.300518   2.15614  -1.22997
 0.159219 -0.136496   2.07312  0.139563 -0.300533   2.15614  -1.22998
 0.159223 -0.136496   2.07313  0.139556 -0.300549   2.15614  -1.22998
 0.159227 -0.136495   2.07314   0.13955 -0.300565   2.15615  -1.22998
  0.15923 -0.136495   2.07316  0.139543  -0.30058   2.15615  -1.22998
 0.159234 -0.136494   2.07317  0.139537 -0.300596   2.15615  -1.22998
 0.159238 -0.136494   2.07319  0.139531 -0.300612   2.15616  -1.22998
 0.159241 -0.136493    2.0732  0.139524 -0.300627   2.15616  -1.22998
 0.159245 -0.136492   2.07322  0.139518 -0.300643   2.15616  -1.22999
 0.159249 -0.136492   2.07323  0.139512 -0.300659   2.15617  -1.22999
 0.159252 -0.136491   2.07324  0.139506 -0.300674   2.15617  -1.22999
 0.159256 -0.136491   2.07326  0.139499  -0.30069   2.15617  -1.22999
 0.159259  -0.13649   2.07327  0.139493 -0.300706   2.15618  -1.22999
 0.159263 -0.136489   2.07329  0.139487 -0.300721   2.15618  -1.22999
 0.159266 -0.136489    2.0733  0.139481 -0.300737   2.15618  -1.22999
  0.15927 -0.136488   2.07331  0.139475 -0.300753   2.15618     -1.23
 0.159274 -0.136487   2.07333  0.139469 -0.300768   2.15619     -1.23
 0.159277 -0.136487   2.07334  0.139463 -0.300784   2.15619     -1.23
 0.159281 -0.136486   2.07336  0.139457   -0.3008   2.15619     -1.23
 0.159284 -0.136485   2.07337  0.139451 -0.300815    2.1562     -1.23
 0.159287 -0.136485   2.07339  0.139445 -0.300831    2.1562     -1.23
 0.159291 -0.136484    2.0734   0.13944 -0.300846    2.1562     -1.23
 0.159294 -0.136483   2.07341  0.139434 -0.300862   2.15621  -1.23001
 0.159298 -0.136483   2.07343  0.139428 -0.300878   2.15621  -1.23001
 0.159301 -0.136482   2.07344  0.139422 -0.300893   2.15621  -1.23001
 0.159305 -0.136481   2.07346  0.139417 -0.300909   2.15622  -1.23001
 0.159308  -0.13648   2.07347  0.139411 -0.300925   2.15622  -1.23001
0.159311 -0.13648  2.07349 0.139405 -0.30094  2.15622 -1.23001
 0.159315 -0.136479    2.0735    0.1394 -0.300956   2.15622  -1.23001
 0.159318 -0.136478   2.07351  0.139394 -0.300971   2.15623  -1.23001
 0.159321 -0.136477   2.07353  0.139389 -0.300987   2.15623  -1.23002
 0.159325 -0.136476   2.07354  0.139383 -0.301003   2.15623  -1.23002
 0.159328 -0.136476   2.07356  0.139378 -0.301018   2.15624  -1.23002
 0.159331 -0.136475   2.07357  0.139372 -0.301034   2.15624  -1.23002
 0.159334 -0.136474   2.07359  0.139367 -0.301049   2.15624  -1.23002
 0.159338 -0.136473    2.0736  0.139362 -0.301065   2.15624  -1.23002
 0.159341 -0.136472   2.07361  0.139356  -0.30108   2.15625  -1.23002
 0.159344 -0.136472   2.07363  0.139351 -0.301096   2.15625  -1.23003
 0.159347 -0.136471   2.07364  0.139346 -0.301112   2.15625  -1.23003
 0.159351  -0.13647   2.07366  0.139341 -0.301127   2.15625  -1.23003
 0.159354 -0.136469   2.07367  0.139335 -0.301143   2.15626  -1.23003
 0.159357 -0.136468   2.07369   0.13933 -0.301158   2.15626  -1.23003
  0.15936 -0.136467    2.0737  0.139325 -0.301174   2.15626  -1.23003
 0.159363 -0.136466   2.07371   0.13932 -0.301189   2.15626  -1.23003
 0.159366 -0.136466   2.07373  0.139315 -0.301205   2.15627  -1.23003
  0.15937 -0.136465   2.07374   0.13931 -0.301221   2.15627  -1.23004
 0.159373 -0.136464   2.07376  0.139305 -0.301236   2.15627  -1.23004
 0.159376 -0.136463   2.07377    0.1393 -0.301252   2.15628  -1.23004
 0.159379 -0.136462   2.07379  0.139295 -0.301267   2.15628  -1.23004
 0.159382 -0.136461    2.0738   0.13929 -0.301283   2.15628  -1.23004
 0.159385  -0.13646   2.07381  0.139285 -0.301298   2.15628  -1.23004
 0.159388 -0.136459   2.07383   0.13928 -0.301314   2.15629  -1.23004
 0.159391 -0.136458   2.07384  0.139276 -0.301329   2.15629  -1.23004
 0.159394 -0.136457   2.07386  0.139271 -0.301345   2.15629  -1.23004
 0.159397 -0.136456   2.07387  0.139266 -0.301361   2.15629  -1.23005
   0.1594 -0.136455   2.07389  0.139261 -0.301376    2.1563  -1.23005
 0.159403 -0.136454    2.0739  0.139257 -0.301392    2.1563  -1.23005
 0.159406 -0.136453   2.07391  0.139252 -0.301407    2.1563  -1.23005
 0.159409 -0.136452   2.07393  0.139247 -0.301423    2.1563  -1.23005
 0.159412 -0.136451   2.07394  0.139243 -0.301438    2.1563  -1.23005
 0.159415  -0.13645   2.07396  0.139238 -0.301454   2.15631  -1.23005
 0.159418 -0.136449   2.07397  0.139233 -0.301469   2.15631  -1.23005
 0.159421 -0.136448   2.07399  0.139229 -0.301485   2.15631  -1.23006
 0.159424 -0.136447     2.074  0.139224   -0.3015   2.15631  -1.23006
 0.159427 -0.136446   2.07401   0.13922 -0.301516   2.15632  -1.23006
 0.159429 -0.136445   2.07403  0.139215 -0.301531   2.15632  -1.23006
 0.159432 -0.136444   2.07404  0.139211 -0.301547   2.15632  -1.23006
 0.159435 -0.136443   2.07406  0.139207 -0.301562   2.15632  -1.23006
 0.159438 -0.136442   2.07407  0.139202 -0.301578   2.15633  -1.23006
 0.159441 -0.136441   2.07409  0.139198 -0.301593   2.15633  -1.23006
 0.159444  -0.13644    2.0741  0.139194 -0.301609   2.15633  -1.23006
 0.159447 -0.136439   2.07411  0.139189 -0.301624   2.15633  -1.23007
 0.159449 -0.136438   2.07413  0.139185  -0.30164   2.15633  -1.23007
 0.159452 -0.136437   2.07414  0.139181 -0.301655   2.15634  -1.23007
 0.159455 -0.136436   2.07416  0.139177 -0.301671   2.15634  -1.23007
 0.159458 -0.136435   2.07417  0.139172 -0.301686   2.15634  -1.23007
 0.159461 -0.136433   2.07419  0.139168 -0.301702   2.15634  -1.23007
 0.159463 -0.136432    2.0742  0.139164 -0.301717   2.15635  -1.23007
 0.159466 -0.136431   2.07421   0.13916 -0.301733   2.15635  -1.23007
 0.159469  -0.13643   2.07423  0.139156 -0.301748   2.15635  -1.23007
 0.159472 -0.136429   2.07424  0.139152 -0.301764   2.15635  -1.23008
 0.159474 -0.136428   2.07426  0.139148 -0.301779   2.15635  -1.23008
 0.159477 -0.136427   2.07427  0.139144 -0.301795   2.15636  -1.23008
  0.15948 -0.136426   2.07429   0.13914  -0.30181   2.15636  -1.23008
 0.159482 -0.136424    2.0743  0.139136 -0.301825   2.15636  -1.23008
 0.159485 -0.136423   2.07431  0.139132 -0.301841   2.15636  -1.23008
 0.159488 -0.136422   2.07433  0.139128 -0.301856   2.15636  -1.23008
  0.15949 -0.136421   2.07434  0.139124 -0.301872   2.15637  -1.23008
 0.159493  -0.13642   2.07436   0.13912 -0.301887   2.15637  -1.23008
 0.159496 -0.136419   2.07437  0.139117 -0.301903   2.15637  -1.23008
 0.159498 -0.136417   2.07439  0.139113 -0.301918   2.15637  -1.23009
