  0.046432 -0.0464851  0.0331979
 0.0532888 -0.0508728  0.0308294
 0.058071 -0.052652 0.0291958
 0.0615028 -0.0529735  0.0279982
 0.0640452 -0.0525079  0.0270661
 0.0659902 -0.0516465  0.0263011
  0.067523 -0.0506158  0.0256463
 0.0687623 -0.0495448  0.0250684
 0.0697854 -0.0485041  0.0245481
 0.0706437 -0.0475301  0.0240736
 0.0713726 -0.0466389  0.0236376
  0.071997 -0.0458352  0.0232354
 0.0725351 -0.0451172  0.0228636
 0.0730007 -0.0444797  0.0225198
0.0734048 -0.043916 0.0222017
 0.0737559 -0.0434188  0.0219077
0.0740612 -0.042981 0.0216361
 0.0743268 -0.0425959  0.0213852
 0.0745576 -0.0422573  0.0211538
 0.0747581 -0.0419595  0.0209403
  0.074932 -0.0416975  0.0207436
 0.0750826 -0.0414669  0.0205624
 0.0752128 -0.0412637  0.0203955
  0.075325 -0.0410846  0.0202419
 0.0754214 -0.0409264  0.0201006
  0.075504 -0.0407866  0.0199706
 0.0755744 -0.0406628   0.019851
 0.075634 -0.040553 0.0197411
 0.0756842 -0.0404554    0.01964
 0.0757262 -0.0403685   0.019547
0.0757608 -0.040291 0.0194615
 0.0757891 -0.0402216   0.019383
 0.0758117 -0.0401594  0.0193107
 0.0758294 -0.0401034  0.0192443
0.0758427 -0.040053 0.0191832
 0.0758522 -0.0400073   0.019127
 0.0758584 -0.0399659  0.0190753
 0.0758616 -0.0399281  0.0190277
 0.0758622 -0.0398936  0.0189838
 0.0758606 -0.0398619  0.0189435
  0.075857 -0.0398328  0.0189063
 0.0758517 -0.0398058   0.018872
 0.0758449 -0.0397808  0.0188403
 0.0758367 -0.0397576  0.0188111
 0.0758275 -0.0397358  0.0187842
 0.0758172 -0.0397154  0.0187593
  0.075806 -0.0396962  0.0187362
0.0757942 -0.039678 0.0187149
 0.0757817 -0.0396608  0.0186951
 0.0757686 -0.0396444  0.0186768
 0.0757551 -0.0396288  0.0186598
 0.0757412 -0.0396138   0.018644
  0.075727 -0.0395994  0.0186293
 0.0757125 -0.0395856  0.0186156
 0.0756978 -0.0395723  0.0186028
 0.0756829 -0.0395594  0.0185909
 0.0756679 -0.0395469  0.0185798
 0.0756528 -0.0395348  0.0185694
0.0756377 -0.039523 0.0185596
 0.0756224 -0.0395115  0.0185504
 0.0756072 -0.0395003  0.0185418
  0.075592 -0.0394894  0.0185337
 0.0755767 -0.0394787  0.0185261
 0.0755616 -0.0394682  0.0185188
0.0755464 -0.039458  0.018512
 0.0755314 -0.0394479  0.0185056
 0.0755164 -0.0394381  0.0184994
 0.0755015 -0.0394284  0.0184936
 0.0754867 -0.0394188  0.0184881
  0.075472 -0.0394094  0.0184828
 0.0754574 -0.0394002  0.0184778
 0.0754429 -0.0393911   0.018473
 0.0754285 -0.0393822  0.0184683
 0.0754143 -0.0393734  0.0184639
 0.0754002 -0.0393647  0.0184597
 0.0753862 -0.0393561  0.0184556
 0.0753723 -0.0393477  0.0184517
 0.0753586 -0.0393393  0.0184479
  0.075345 -0.0393311  0.0184443
0.0753315 -0.039323 0.0184408
0.0753182 -0.039315 0.0184373
  0.075305 -0.0393071   0.018434
 0.0752919 -0.0392993  0.0184309
  0.075279 -0.0392916  0.0184278
0.0752662 -0.039284 0.0184247
 0.0752536 -0.0392765  0.0184218
 0.0752411 -0.0392691   0.018419
 0.0752287 -0.0392617  0.0184162
 0.0752165 -0.0392545  0.0184135
 0.0752044 -0.0392473  0.0184109
 0.0751924 -0.0392403  0.0184083
 0.0751806 -0.0392333  0.0184058
 0.0751689 -0.0392264  0.0184033
 0.0751573 -0.0392196  0.0184009
 0.0751459 -0.0392128  0.0183986
 0.0751346 -0.0392062  0.0183963
 0.0751234 -0.0391996   0.018394
 0.0751123 -0.0391931  0.0183918
 0.0751014 -0.0391867  0.0183897
 0.0750906 -0.0391803  0.0183876
  0.07508 -0.039174 0.0183855
 0.0750694 -0.0391678  0.0183835
  0.075059 -0.0391617  0.0183815
 0.0750487 -0.0391557  0.0183795
 0.0750385 -0.0391497  0.0183776
 0.0750284 -0.0391438  0.0183757
 0.0750185 -0.0391379  0.0183739
 0.0750086 -0.0391321   0.018372
 0.0749989 -0.0391264  0.0183703
 0.0749893 -0.0391208  0.0183685
 0.0749798 -0.0391152  0.0183668
 0.0749704 -0.0391096  0.0183651
 0.0749612 -0.0391042  0.0183634
  0.074952 -0.0390988  0.0183618
 0.0749429 -0.0390935  0.0183602
  0.074934 -0.0390882  0.0183586
0.0749252 -0.039083  0.018357
 0.0749164 -0.0390778  0.0183555
 0.0749078 -0.0390728   0.018354
 0.0748992 -0.0390677  0.0183525
 0.0748908 -0.0390627  0.0183511
 0.0748825 -0.0390578  0.0183496
0.0748742 -0.039053 0.0183482
 0.0748661 -0.0390482  0.0183468
  0.074858 -0.0390434  0.0183455
 0.0748501 -0.0390387  0.0183441
 0.0748422 -0.0390341  0.0183428
 0.0748345 -0.0390295  0.0183415
0.0748268 -0.039025 0.0183403
 0.0748192 -0.0390205   0.018339
0.0748117 -0.039016 0.0183378
 0.0748043 -0.0390117  0.0183366
  0.074797 -0.0390073  0.0183354
 0.0747898 -0.0390031  0.0183342
 0.0747826 -0.0389988   0.018333
 0.0747756 -0.0389946  0.0183319
 0.0747686 -0.0389905  0.0183308
 0.0747617 -0.0389864  0.0183297
 0.0747549 -0.0389824  0.0183286
 0.0747482 -0.0389784  0.0183276
 0.0747415 -0.0389744  0.0183265
  0.074735 -0.0389705  0.0183255
 0.0747285 -0.0389667  0.0183245
  0.074722 -0.0389629  0.0183235
 0.0747157 -0.0389591  0.0183225
 0.0747094 -0.0389554  0.0183216
 0.0747032 -0.0389517  0.0183206
0.0746971 -0.038948 0.0183197
 0.0746911 -0.0389444  0.0183188
 0.0746851 -0.0389409  0.0183179
 0.0746792 -0.0389373   0.018317
 0.0746734 -0.0389339  0.0183162
 0.0746676 -0.0389304  0.0183153
0.0746619 -0.038927 0.0183145
 0.0746563 -0.0389237  0.0183137
 0.0746507 -0.0389203  0.0183129
0.0746452 -0.038917 0.0183121
 0.0746398 -0.0389138  0.0183113
 0.0746344 -0.0389106  0.0183106
 0.0746291 -0.0389074  0.0183098
 0.0746239 -0.0389043  0.0183091
 0.0746187 -0.0389012  0.0183083
 0.0746136 -0.0388981  0.0183076
 0.0746086 -0.0388951  0.0183069
 0.0746036 -0.0388921  0.0183063
 0.0745986 -0.0388891  0.0183056
 0.0745937 -0.0388862  0.0183049
 0.0745889 -0.0388833  0.0183043
 0.0745842 -0.0388804  0.0183037
 0.0745795 -0.0388776   0.018303
 0.0745748 -0.0388748  0.0183024
0.0745702 -0.038872 0.0183018
 0.0745657 -0.0388693  0.0183013
 0.0745612 -0.0388666  0.0183007
 0.0745568 -0.0388639  0.0183001
 0.0745524 -0.0388613  0.0182996
 0.0745481 -0.0388586   0.018299
 0.0745438 -0.0388561  0.0182985
 0.0745396 -0.0388535   0.018298
0.0745354 -0.038851 0.0182975
 0.0745313 -0.0388485   0.018297
0.0745272 -0.038846 0.0182965
 0.0745232 -0.0388436   0.018296
 0.0745192 -0.0388412  0.0182955
 0.0745153 -0.0388388  0.0182951
 0.0745114 -0.0388364  0.0182946
 0.0745076 -0.0388341  0.0182942
 0.0745038 -0.0388318  0.0182937
 0.0745001 -0.0388295  0.0182933
 0.0744964 -0.0388273  0.0182929
 0.0744927 -0.0388251  0.0182925
 0.0744891 -0.0388229  0.0182921
 0.0744855 -0.0388207  0.0182917
  0.074482 -0.0388185  0.0182913
 0.0744785 -0.0388164   0.018291
 0.0744751 -0.0388143  0.0182906
 0.0744717 -0.0388122  0.0182902
 0.0744683 -0.0388102  0.0182899
  0.074465 -0.0388081  0.0182896
 0.0744617 -0.0388061  0.0182892
 0.0744585 -0.0388041  0.0182889
 0.0744553 -0.0388022  0.0182886
 0.0744521 -0.0388002  0.0182883
  0.074449 -0.0387983   0.018288
 0.0744459 -0.0387964  0.0182877
 0.0744429 -0.0387946  0.0182874
 0.0744399 -0.0387927  0.0182871
 0.0744369 -0.0387909  0.0182869
  0.074434 -0.0387891  0.0182866
 0.0744311 -0.0387873  0.0182863
 0.0744282 -0.0387855  0.0182861
 0.0744254 -0.0387838  0.0182858
0.0744226 -0.038782 0.0182856
 0.0744198 -0.0387803  0.0182854
 0.0744171 -0.0387786  0.0182851
0.0744144 -0.038777 0.0182849
 0.0744117 -0.0387753  0.0182847
 0.0744091 -0.0387737  0.0182845
 0.0744065 -0.0387721  0.0182843
 0.0744039 -0.0387705  0.0182841
 0.0744013 -0.0387689  0.0182839
 0.0743988 -0.0387673  0.0182837
 0.0743964 -0.0387658  0.0182836
 0.0743939 -0.0387643  0.0182834
 0.0743915 -0.0387628  0.0182832
 0.0743891 -0.0387613  0.0182831
 0.0743867 -0.0387598  0.0182829
 0.0743844 -0.0387583  0.0182827
 0.0743821 -0.0387569  0.0182826
 0.0743798 -0.0387555  0.0182825
 0.0743776 -0.0387541  0.0182823
 0.0743754 -0.0387527  0.0182822
 0.0743732 -0.0387513  0.0182821
  0.074371 -0.0387499   0.018282
 0.0743689 -0.0387486  0.0182818
 0.0743668 -0.0387473  0.0182817
0.0743647 -0.038746 0.0182816
 0.0743626 -0.0387447  0.0182815
 0.0743606 -0.0387434  0.0182814
 0.0743586 -0.0387421  0.0182813
 0.0743566 -0.0387408  0.0182812
 0.0743546 -0.0387396  0.0182811
 0.0743527 -0.0387384  0.0182811
 0.0743508 -0.0387372   0.018281
0.0743489 -0.038736 0.0182809
  0.074347 -0.0387348  0.0182808
 0.0743452 -0.0387336  0.0182808
 0.0743433 -0.0387325  0.0182807
 0.0743415 -0.0387313  0.0182807
 0.0743398 -0.0387302  0.0182806
  0.074338 -0.0387291  0.0182806
0.0743363 -0.038728 0.0182805
 0.0743346 -0.0387269  0.0182805
 0.0743329 -0.0387258  0.0182804
 0.0743312 -0.0387247  0.0182804
 0.0743295 -0.0387237  0.0182804
 0.0743279 -0.0387226  0.0182803
 0.0743263 -0.0387216  0.0182803
 0.0743247 -0.0387206  0.0182803
 0.0743231 -0.0387196  0.0182803
 0.0743216 -0.0387186  0.0182802
 0.0743201 -0.0387176  0.0182802
 0.0743185 -0.0387166  0.0182802
  0.074317 -0.0387156  0.0182802
 0.0743156 -0.0387147  0.0182802
 0.0743141 -0.0387137  0.0182802
 0.0743127 -0.0387128  0.0182802
 0.0743113 -0.0387119  0.0182802
0.0743099 -0.038711 0.0182802
 0.0743085 -0.0387101  0.0182802
 0.0743071 -0.0387092  0.0182802
 0.0743057 -0.0387083  0.0182803
 0.0743044 -0.0387074  0.0182803
 0.0743031 -0.0387066  0.0182803
 0.0743018 -0.0387057  0.0182803
 0.0743005 -0.0387049  0.0182803
 0.0742992 -0.0387041  0.0182804
  0.074298 -0.0387032  0.0182804
 0.0742967 -0.0387024  0.0182804
 0.0742955 -0.0387016  0.0182805
 0.0742943 -0.0387008  0.0182805
0.0742931   -0.0387 0.0182805
 0.0742919 -0.0386993  0.0182806
 0.0742908 -0.0386985  0.0182806
 0.0742896 -0.0386978  0.0182807
0.0742885 -0.038697 0.0182807
 0.0742874 -0.0386963  0.0182808
 0.0742863 -0.0386955  0.0182808
 0.0742852 -0.0386948  0.0182809
 0.0742841 -0.0386941  0.0182809
  0.074283 -0.0386934   0.018281
  0.074282 -0.0386927   0.018281
 0.074281 -0.038692 0.0182811
 0.0742799 -0.0386913  0.0182811
 0.0742789 -0.0386906  0.0182812
0.0742779  -0.03869 0.0182813
 0.0742769 -0.0386893  0.0182813
  0.074276 -0.0386887  0.0182814
 0.074275 -0.038688 0.0182815
 0.0742741 -0.0386874  0.0182816
 0.0742731 -0.0386868  0.0182816
 0.0742722 -0.0386861  0.0182817
 0.0742713 -0.0386855  0.0182818
 0.0742704 -0.0386849  0.0182819
 0.0742695 -0.0386843  0.0182819
 0.0742686 -0.0386837   0.018282
 0.0742678 -0.0386831  0.0182821
 0.0742669 -0.0386825  0.0182822
0.0742661 -0.038682 0.0182823
 0.0742652 -0.0386814  0.0182823
 0.0742644 -0.0386808  0.0182824
 0.0742636 -0.0386803  0.0182825
 0.0742628 -0.0386797  0.0182826
  0.074262 -0.0386792  0.0182827
 0.0742612 -0.0386787  0.0182828
 0.0742605 -0.0386781  0.0182829
 0.0742597 -0.0386776   0.018283
 0.0742589 -0.0386771  0.0182831
 0.0742582 -0.0386766  0.0182832
 0.0742575 -0.0386761  0.0182833
 0.0742567 -0.0386756  0.0182834
  0.074256 -0.0386751  0.0182835
 0.0742553 -0.0386746  0.0182836
 0.0742546 -0.0386741  0.0182837
 0.0742539 -0.0386736  0.0182838
 0.0742533 -0.0386732  0.0182839
 0.0742526 -0.0386727   0.018284
 0.0742519 -0.0386722  0.0182841
 0.0742513 -0.0386718  0.0182842
 0.0742507 -0.0386713  0.0182843
   0.07425 -0.0386709  0.0182844
 0.0742494 -0.0386704  0.0182845
0.0742488  -0.03867 0.0182846
 0.0742482 -0.0386696  0.0182847
 0.0742476 -0.0386691  0.0182848
  0.074247 -0.0386687  0.0182849
 0.0742464 -0.0386683   0.018285
 0.0742458 -0.0386679  0.0182851
 0.0742452 -0.0386675  0.0182853
 0.0742447 -0.0386671  0.0182854
 0.0742441 -0.0386667  0.0182855
 0.0742436 -0.0386663  0.0182856
  0.074243 -0.0386659  0.0182857
 0.0742425 -0.0386655  0.0182858
  0.074242 -0.0386651  0.0182859
 0.0742415 -0.0386648  0.0182861
  0.074241 -0.0386644  0.0182862
0.0742404 -0.038664 0.0182863
   0.07424 -0.0386637  0.0182864
 0.0742395 -0.0386633  0.0182865
 0.074239 -0.038663 0.0182867
 0.0742385 -0.0386626  0.0182868
  0.074238 -0.0386623  0.0182869
 0.0742376 -0.0386619   0.018287
 0.0742371 -0.0386616  0.0182871
 0.0742366 -0.0386613  0.0182872
 0.0742362 -0.0386609  0.0182874
 0.0742358 -0.0386606  0.0182875
 0.0742353 -0.0386603  0.0182876
0.0742349  -0.03866 0.0182877
 0.0742345 -0.0386596  0.0182879
 0.0742341 -0.0386593   0.018288
0.0742336 -0.038659 0.0182881
 0.0742332 -0.0386587  0.0182882
 0.0742328 -0.0386584  0.0182883
 0.0742324 -0.0386581  0.0182885
 0.0742321 -0.0386578  0.0182886
 0.0742317 -0.0386575  0.0182887
 0.0742313 -0.0386572  0.0182888
0.0742309 -0.038657  0.018289
 0.0742305 -0.0386567  0.0182891
 0.0742302 -0.0386564  0.0182892
 0.0742298 -0.0386561  0.0182893
 0.0742295 -0.0386559  0.0182895
 0.0742291 -0.0386556  0.0182896
 0.0742288 -0.0386553  0.0182897
 0.0742284 -0.0386551  0.0182898
 0.0742281 -0.0386548    0.01829
 0.0742278 -0.0386546  0.0182901
 0.0742275 -0.0386543  0.0182902
0.0742271 -0.038654 0.0182903
 0.0742268 -0.0386538  0.0182905
 0.0742265 -0.0386536  0.0182906
 0.0742262 -0.0386533  0.0182907
 0.0742259 -0.0386531  0.0182908
 0.0742256 -0.0386528   0.018291
 0.0742253 -0.0386526  0.0182911
  0.074225 -0.0386524  0.0182912
 0.0742247 -0.0386522  0.0182914
 0.0742244 -0.0386519  0.0182915
 0.0742242 -0.0386517  0.0182916
 0.0742239 -0.0386515  0.0182917
 0.0742236 -0.0386513  0.0182919
 0.0742234 -0.0386511   0.018292
 0.0742231 -0.0386508  0.0182921
 0.0742228 -0.0386506  0.0182922
 0.0742226 -0.0386504  0.0182924
 0.0742223 -0.0386502  0.0182925
0.0742221  -0.03865 0.0182926
 0.0742218 -0.0386498  0.0182927
 0.0742216 -0.0386496  0.0182929
 0.0742214 -0.0386494   0.018293
 0.0742211 -0.0386492  0.0182931
0.0742209 -0.038649 0.0182932
 0.0742207 -0.0386488  0.0182934
 0.0742205 -0.0386487  0.0182935
 0.0742202 -0.0386485  0.0182936
   0.07422 -0.0386483  0.0182937
 0.0742198 -0.0386481  0.0182939
 0.0742196 -0.0386479   0.018294
 0.0742194 -0.0386478  0.0182941
 0.0742192 -0.0386476  0.0182942
  0.074219 -0.0386474  0.0182944
 0.0742188 -0.0386472  0.0182945
 0.0742186 -0.0386471  0.0182946
 0.0742184 -0.0386469  0.0182947
 0.0742182 -0.0386467  0.0182949
  0.074218 -0.0386466   0.018295
 0.0742178 -0.0386464  0.0182951
 0.0742177 -0.0386463  0.0182952
 0.0742175 -0.0386461  0.0182954
0.0742173 -0.038646 0.0182955
 0.0742171 -0.0386458  0.0182956
  0.074217 -0.0386456  0.0182957
 0.0742168 -0.0386455  0.0182958
 0.0742166 -0.0386453   0.018296
 0.0742165 -0.0386452  0.0182961
 0.0742163 -0.0386451  0.0182962
 0.0742161 -0.0386449  0.0182963
  0.074216 -0.0386448  0.0182964
 0.0742158 -0.0386446  0.0182966
 0.0742157 -0.0386445  0.0182967
 0.0742155 -0.0386444  0.0182968
 0.0742154 -0.0386442  0.0182969
 0.0742153 -0.0386441  0.0182971
0.0742151 -0.038644 0.0182972
  0.074215 -0.0386438  0.0182973
 0.0742148 -0.0386437  0.0182974
 0.0742147 -0.0386436  0.0182975
 0.0742146 -0.0386435  0.0182976
 0.0742144 -0.0386433  0.0182978
 0.0742143 -0.0386432  0.0182979
 0.0742142 -0.0386431   0.018298
0.0742141 -0.038643 0.0182981
 0.0742139 -0.0386428  0.0182982
 0.0742138 -0.0386427  0.0182984
 0.0742137 -0.0386426  0.0182985
 0.0742136 -0.0386425  0.0182986
 0.0742135 -0.0386424  0.0182987
 0.0742134 -0.0386423  0.0182988
 0.0742133 -0.0386422  0.0182989
 0.0742131 -0.0386421   0.018299
  0.074213 -0.0386419  0.0182992
 0.0742129 -0.0386418  0.0182993
 0.0742128 -0.0386417  0.0182994
 0.0742127 -0.0386416  0.0182995
 0.0742126 -0.0386415  0.0182996
 0.0742125 -0.0386414  0.0182997
 0.0742124 -0.0386413  0.0182998
 0.0742123 -0.0386412     0.0183
 0.0742123 -0.0386411  0.0183001
0.0742122 -0.038641 0.0183002
 0.0742121 -0.0386409  0.0183003
  0.074212 -0.0386408  0.0183004
 0.0742119 -0.0386407  0.0183005
 0.0742118 -0.0386407  0.0183006
 0.0742117 -0.0386406  0.0183007
 0.0742116 -0.0386405  0.0183009
 0.0742116 -0.0386404   0.018301
 0.0742115 -0.0386403  0.0183011
 0.0742114 -0.0386402  0.0183012
 0.0742113 -0.0386401  0.0183013
0.0742113  -0.03864 0.0183014
 0.0742112 -0.0386399  0.0183015
 0.0742111 -0.0386399  0.0183016
  0.074211 -0.0386398  0.0183017
  0.074211 -0.0386397  0.0183018
 0.0742109 -0.0386396  0.0183019
 0.0742108 -0.0386395   0.018302
 0.0742108 -0.0386395  0.0183021
 0.0742107 -0.0386394  0.0183023
 0.0742106 -0.0386393  0.0183024
 0.0742106 -0.0386392  0.0183025
 0.0742105 -0.0386392  0.0183026
 0.0742105 -0.0386391  0.0183027
0.0742104 -0.038639 0.0183028
 0.0742103 -0.0386389  0.0183029
 0.0742103 -0.0386389   0.018303
 0.0742102 -0.0386388  0.0183031
 0.0742102 -0.0386387  0.0183032
 0.0742101 -0.0386387  0.0183033
 0.0742101 -0.0386386  0.0183034
   0.07421 -0.0386385  0.0183035
   0.07421 -0.0386385  0.0183036
 0.0742099 -0.0386384  0.0183037
 0.0742099 -0.0386383  0.0183038
 0.0742098 -0.0386383  0.0183039
 0.0742098 -0.0386382   0.018304
 0.0742097 -0.0386381  0.0183041
 0.0742097 -0.0386381  0.0183042
0.0742096 -0.038638 0.0183043
 0.0742096 -0.0386379  0.0183044
 0.0742096 -0.0386379  0.0183045
 0.0742095 -0.0386378  0.0183046
 0.0742095 -0.0386378  0.0183047
 0.0742094 -0.0386377  0.0183048
 0.0742094 -0.0386377  0.0183049
 0.0742094 -0.0386376   0.018305
 0.0742093 -0.0386375  0.0183051
 0.0742093 -0.0386375  0.0183052
 0.0742093 -0.0386374  0.0183053
 0.0742092 -0.0386374  0.0183054
 0.0742092 -0.0386373  0.0183055
 0.0742092 -0.0386373  0.0183056
 0.0742091 -0.0386372  0.0183056
 0.0742091 -0.0386372  0.0183057
 0.0742091 -0.0386371  0.0183058
  0.074209 -0.0386371  0.0183059
 0.074209 -0.038637  0.018306
 0.074209 -0.038637 0.0183061
  0.074209 -0.0386369  0.0183062
 0.0742089 -0.0386369  0.0183063
 0.0742089 -0.0386368  0.0183064
 0.0742089 -0.0386368  0.0183065
 0.0742089 -0.0386367  0.0183066
 0.0742088 -0.0386367  0.0183067
 0.0742088 -0.0386366  0.0183067
 0.0742088 -0.0386366  0.0183068
 0.0742088 -0.0386365  0.0183069
 0.0742087 -0.0386365   0.018307
 0.0742087 -0.0386365  0.0183071
 0.0742087 -0.0386364  0.0183072
 0.0742087 -0.0386364  0.0183073
 0.0742087 -0.0386363  0.0183074
 0.0742086 -0.0386363  0.0183074
 0.0742086 -0.0386362  0.0183075
 0.0742086 -0.0386362  0.0183076
 0.0742086 -0.0386362  0.0183077
 0.0742086 -0.0386361  0.0183078
 0.0742086 -0.0386361  0.0183079
0.0742085 -0.038636  0.018308
0.0742085 -0.038636  0.018308
0.0742085 -0.038636 0.0183081
 0.0742085 -0.0386359  0.0183082
 0.0742085 -0.0386359  0.0183083
 0.0742085 -0.0386359  0.0183084
 0.0742085 -0.0386358  0.0183085
 0.0742084 -0.0386358  0.0183085
 0.0742084 -0.0386358  0.0183086
 0.0742084 -0.0386357  0.0183087
 0.0742084 -0.0386357  0.0183088
 0.0742084 -0.0386357  0.0183089
 0.0742084 -0.0386356   0.018309
 0.0742084 -0.0386356   0.018309
 0.0742084 -0.0386356  0.0183091
 0.0742084 -0.0386355  0.0183092
 0.0742084 -0.0386355  0.0183093
 0.0742084 -0.0386355  0.0183093
 0.0742083 -0.0386354  0.0183094
 0.0742083 -0.0386354  0.0183095
 0.0742083 -0.0386354  0.0183096
 0.0742083 -0.0386353  0.0183097
 0.0742083 -0.0386353  0.0183097
 0.0742083 -0.0386353  0.0183098
 0.0742083 -0.0386352  0.0183099
 0.0742083 -0.0386352    0.01831
 0.0742083 -0.0386352    0.01831
 0.0742083 -0.0386352  0.0183101
 0.0742083 -0.0386351  0.0183102
 0.0742083 -0.0386351  0.0183103
 0.0742083 -0.0386351  0.0183103
0.0742083 -0.038635 0.0183104
0.0742083 -0.038635 0.0183105
0.0742083 -0.038635 0.0183106
0.0742083 -0.038635 0.0183106
 0.0742083 -0.0386349  0.0183107
 0.0742083 -0.0386349  0.0183108
 0.0742083 -0.0386349  0.0183109
 0.0742083 -0.0386349  0.0183109
 0.0742083 -0.0386348   0.018311
 0.0742083 -0.0386348  0.0183111
 0.0742083 -0.0386348  0.0183111
 0.0742083 -0.0386348  0.0183112
 0.0742083 -0.0386347  0.0183113
 0.0742083 -0.0386347  0.0183113
 0.0742083 -0.0386347  0.0183114
 0.0742083 -0.0386347  0.0183115
 0.0742083 -0.0386347  0.0183116
 0.0742083 -0.0386346  0.0183116
 0.0742083 -0.0386346  0.0183117
 0.0742083 -0.0386346  0.0183118
 0.0742083 -0.0386346  0.0183118
 0.0742083 -0.0386345  0.0183119
 0.0742083 -0.0386345   0.018312
 0.0742083 -0.0386345   0.018312
 0.0742083 -0.0386345  0.0183121
 0.0742083 -0.0386345  0.0183122
 0.0742083 -0.0386344  0.0183122
 0.0742083 -0.0386344  0.0183123
 0.0742083 -0.0386344  0.0183124
 0.0742083 -0.0386344  0.0183124
 0.0742083 -0.0386344  0.0183125
 0.0742083 -0.0386343  0.0183125
 0.0742083 -0.0386343  0.0183126
 0.0742083 -0.0386343  0.0183127
 0.0742083 -0.0386343  0.0183127
 0.0742083 -0.0386343  0.0183128
 0.0742083 -0.0386342  0.0183129
 0.0742083 -0.0386342  0.0183129
 0.0742083 -0.0386342   0.018313
 0.0742084 -0.0386342   0.018313
 0.0742084 -0.0386342  0.0183131
 0.0742084 -0.0386342  0.0183132
 0.0742084 -0.0386341  0.0183132
 0.0742084 -0.0386341  0.0183133
 0.0742084 -0.0386341  0.0183134
 0.0742084 -0.0386341  0.0183134
 0.0742084 -0.0386341  0.0183135
 0.0742084 -0.0386341  0.0183135
0.0742084 -0.038634 0.0183136
0.0742084 -0.038634 0.0183136
0.0742084 -0.038634 0.0183137
0.0742084 -0.038634 0.0183138
0.0742084 -0.038634 0.0183138
0.0742084 -0.038634 0.0183139
0.0742084 -0.038634 0.0183139
 0.0742085 -0.0386339   0.018314
 0.0742085 -0.0386339  0.0183141
 0.0742085 -0.0386339  0.0183141
 0.0742085 -0.0386339  0.0183142
 0.0742085 -0.0386339  0.0183142
 0.0742085 -0.0386339  0.0183143
 0.0742085 -0.0386339  0.0183143
 0.0742085 -0.0386338  0.0183144
 0.0742085 -0.0386338  0.0183144
 0.0742085 -0.0386338  0.0183145
 0.0742085 -0.0386338  0.0183146
 0.0742085 -0.0386338  0.0183146
 0.0742085 -0.0386338  0.0183147
 0.0742086 -0.0386338  0.0183147
 0.0742086 -0.0386337  0.0183148
 0.0742086 -0.0386337  0.0183148
 0.0742086 -0.0386337  0.0183149
 0.0742086 -0.0386337  0.0183149
 0.0742086 -0.0386337   0.018315
 0.0742086 -0.0386337   0.018315
 0.0742086 -0.0386337  0.0183151
 0.0742086 -0.0386337  0.0183151
 0.0742086 -0.0386336  0.0183152
 0.0742086 -0.0386336  0.0183152
 0.0742087 -0.0386336  0.0183153
 0.0742087 -0.0386336  0.0183153
 0.0742087 -0.0386336  0.0183154
 0.0742087 -0.0386336  0.0183154
 0.0742087 -0.0386336  0.0183155
 0.0742087 -0.0386336  0.0183155
 0.0742087 -0.0386336  0.0183156
 0.0742087 -0.0386335  0.0183156
 0.0742087 -0.0386335  0.0183157
 0.0742087 -0.0386335  0.0183157
 0.0742087 -0.0386335  0.0183158
 0.0742088 -0.0386335  0.0183158
 0.0742088 -0.0386335  0.0183159
 0.0742088 -0.0386335  0.0183159
 0.0742088 -0.0386335   0.018316
 0.0742088 -0.0386335   0.018316
 0.0742088 -0.0386335  0.0183161
 0.0742088 -0.0386334  0.0183161
 0.0742088 -0.0386334  0.0183162
 0.0742088 -0.0386334  0.0183162
 0.0742088 -0.0386334  0.0183162
 0.0742088 -0.0386334  0.0183163
 0.0742089 -0.0386334  0.0183163
 0.0742089 -0.0386334  0.0183164
 0.0742089 -0.0386334  0.0183164
 0.0742089 -0.0386334  0.0183165
 0.0742089 -0.0386334  0.0183165
 0.0742089 -0.0386334  0.0183166
 0.0742089 -0.0386333  0.0183166
 0.0742089 -0.0386333  0.0183166
 0.0742089 -0.0386333  0.0183167
 0.0742089 -0.0386333  0.0183167
  0.074209 -0.0386333  0.0183168
  0.074209 -0.0386333  0.0183168
  0.074209 -0.0386333  0.0183169
  0.074209 -0.0386333  0.0183169
  0.074209 -0.0386333  0.0183169
  0.074209 -0.0386333   0.018317
  0.074209 -0.0386333   0.018317
  0.074209 -0.0386332  0.0183171
  0.074209 -0.0386332  0.0183171
  0.074209 -0.0386332  0.0183171
  0.074209 -0.0386332  0.0183172
 0.0742091 -0.0386332  0.0183172
 0.0742091 -0.0386332  0.0183173
 0.0742091 -0.0386332  0.0183173
 0.0742091 -0.0386332  0.0183173
 0.0742091 -0.0386332  0.0183174
 0.0742091 -0.0386332  0.0183174
 0.0742091 -0.0386332  0.0183175
 0.0742091 -0.0386332  0.0183175
 0.0742091 -0.0386332  0.0183175
 0.0742091 -0.0386332  0.0183176
 0.0742091 -0.0386331  0.0183176
 0.0742092 -0.0386331  0.0183177
 0.0742092 -0.0386331  0.0183177
 0.0742092 -0.0386331  0.0183177
 0.0742092 -0.0386331  0.0183178
 0.0742092 -0.0386331  0.0183178
 0.0742092 -0.0386331  0.0183178
 0.0742092 -0.0386331  0.0183179
 0.0742092 -0.0386331  0.0183179
 0.0742092 -0.0386331   0.018318
 0.0742092 -0.0386331   0.018318
 0.0742092 -0.0386331   0.018318
 0.0742093 -0.0386331  0.0183181
 0.0742093 -0.0386331  0.0183181
0.0742093 -0.038633 0.0183181
0.0742093 -0.038633 0.0183182
0.0742093 -0.038633 0.0183182
0.0742093 -0.038633 0.0183182
0.0742093 -0.038633 0.0183183
0.0742093 -0.038633 0.0183183
0.0742093 -0.038633 0.0183183
0.0742093 -0.038633 0.0183184
0.0742093 -0.038633 0.0183184
0.0742094 -0.038633 0.0183184
0.0742094 -0.038633 0.0183185
0.0742094 -0.038633 0.0183185
0.0742094 -0.038633 0.0183185
0.0742094 -0.038633 0.0183186
0.0742094 -0.038633 0.0183186
0.0742094 -0.038633 0.0183186
 0.0742094 -0.0386329  0.0183187
 0.0742094 -0.0386329  0.0183187
 0.0742094 -0.0386329  0.0183187
 0.0742094 -0.0386329  0.0183188
 0.0742094 -0.0386329  0.0183188
 0.0742095 -0.0386329  0.0183188
 0.0742095 -0.0386329  0.0183189
 0.0742095 -0.0386329  0.0183189
 0.0742095 -0.0386329  0.0183189
 0.0742095 -0.0386329   0.018319
 0.0742095 -0.0386329   0.018319
 0.0742095 -0.0386329   0.018319
 0.0742095 -0.0386329  0.0183191
 0.0742095 -0.0386329  0.0183191
 0.0742095 -0.0386329  0.0183191
 0.0742095 -0.0386329  0.0183191
 0.0742095 -0.0386329  0.0183192
 0.0742096 -0.0386329  0.0183192
 0.0742096 -0.0386329  0.0183192
 0.0742096 -0.0386328  0.0183193
 0.0742096 -0.0386328  0.0183193
 0.0742096 -0.0386328  0.0183193
 0.0742096 -0.0386328  0.0183193
 0.0742096 -0.0386328  0.0183194
 0.0742096 -0.0386328  0.0183194
 0.0742096 -0.0386328  0.0183194
 0.0742096 -0.0386328  0.0183195
 0.0742096 -0.0386328  0.0183195
 0.0742096 -0.0386328  0.0183195
 0.0742096 -0.0386328  0.0183195
 0.0742096 -0.0386328  0.0183196
 0.0742097 -0.0386328  0.0183196
 0.0742097 -0.0386328  0.0183196
 0.0742097 -0.0386328  0.0183196
 0.0742097 -0.0386328  0.0183197
 0.0742097 -0.0386328  0.0183197
 0.0742097 -0.0386328  0.0183197
 0.0742097 -0.0386328  0.0183198
 0.0742097 -0.0386328  0.0183198
 0.0742097 -0.0386327  0.0183198
 0.0742097 -0.0386327  0.0183198
 0.0742097 -0.0386327  0.0183199
 0.0742097 -0.0386327  0.0183199
 0.0742097 -0.0386327  0.0183199
 0.0742097 -0.0386327  0.0183199
 0.0742097 -0.0386327    0.01832
 0.0742098 -0.0386327    0.01832
 0.0742098 -0.0386327    0.01832
 0.0742098 -0.0386327    0.01832
 0.0742098 -0.0386327  0.0183201
 0.0742098 -0.0386327  0.0183201
 0.0742098 -0.0386327  0.0183201
 0.0742098 -0.0386327  0.0183201
 0.0742098 -0.0386327  0.0183202
 0.0742098 -0.0386327  0.0183202
 0.0742098 -0.0386327  0.0183202
 0.0742098 -0.0386327  0.0183202
 0.0742098 -0.0386327  0.0183203
 0.0742098 -0.0386327  0.0183203
 0.0742098 -0.0386327  0.0183203
 0.0742098 -0.0386327  0.0183203
 0.0742098 -0.0386326  0.0183203
 0.0742099 -0.0386326  0.0183204
 0.0742099 -0.0386326  0.0183204
 0.0742099 -0.0386326  0.0183204
 0.0742099 -0.0386326  0.0183204
 0.0742099 -0.0386326  0.0183205
 0.0742099 -0.0386326  0.0183205
 0.0742099 -0.0386326  0.0183205
 0.0742099 -0.0386326  0.0183205
 0.0742099 -0.0386326  0.0183205
 0.0742099 -0.0386326  0.0183206
 0.0742099 -0.0386326  0.0183206
 0.0742099 -0.0386326  0.0183206
 0.0742099 -0.0386326  0.0183206
 0.0742099 -0.0386326  0.0183206
 0.0742099 -0.0386326  0.0183207
 0.0742099 -0.0386326  0.0183207
 0.0742099 -0.0386326  0.0183207
 0.0742099 -0.0386326  0.0183207
 0.0742099 -0.0386326  0.0183208
   0.07421 -0.0386326  0.0183208
   0.07421 -0.0386326  0.0183208
   0.07421 -0.0386326  0.0183208
   0.07421 -0.0386325  0.0183208
   0.07421 -0.0386325  0.0183209
   0.07421 -0.0386325  0.0183209
   0.07421 -0.0386325  0.0183209
   0.07421 -0.0386325  0.0183209
   0.07421 -0.0386325  0.0183209
   0.07421 -0.0386325  0.0183209
   0.07421 -0.0386325   0.018321
   0.07421 -0.0386325   0.018321
   0.07421 -0.0386325   0.018321
   0.07421 -0.0386325   0.018321
   0.07421 -0.0386325   0.018321
   0.07421 -0.0386325  0.0183211
   0.07421 -0.0386325  0.0183211
   0.07421 -0.0386325  0.0183211
   0.07421 -0.0386325  0.0183211
   0.07421 -0.0386325  0.0183211
   0.07421 -0.0386325  0.0183212
   0.07421 -0.0386325  0.0183212
   0.07421 -0.0386325  0.0183212
   0.07421 -0.0386325  0.0183212
 0.0742101 -0.0386325  0.0183212
 0.0742101 -0.0386325  0.0183212
 0.0742101 -0.0386325  0.0183213
 0.0742101 -0.0386325  0.0183213
 0.0742101 -0.0386325  0.0183213
 0.0742101 -0.0386324  0.0183213
 0.0742101 -0.0386324  0.0183213
 0.0742101 -0.0386324  0.0183213
 0.0742101 -0.0386324  0.0183214
 0.0742101 -0.0386324  0.0183214
 0.0742101 -0.0386324  0.0183214
 0.0742101 -0.0386324  0.0183214
 0.0742101 -0.0386324  0.0183214
 0.0742101 -0.0386324  0.0183214
 0.0742101 -0.0386324  0.0183215
 0.0742101 -0.0386324  0.0183215
 0.0742101 -0.0386324  0.0183215
 0.0742101 -0.0386324  0.0183215
 0.0742101 -0.0386324  0.0183215
 0.0742101 -0.0386324  0.0183215
 0.0742101 -0.0386324  0.0183216
 0.0742101 -0.0386324  0.0183216
 0.0742101 -0.0386324  0.0183216
 0.0742101 -0.0386324  0.0183216
 0.0742101 -0.0386324  0.0183216
 0.0742101 -0.0386324  0.0183216
 0.0742101 -0.0386324  0.0183216
 0.0742101 -0.0386324  0.0183217
 0.0742101 -0.0386324  0.0183217
 0.0742101 -0.0386324  0.0183217
 0.0742101 -0.0386323  0.0183217
 0.0742101 -0.0386323  0.0183217
 0.0742101 -0.0386323  0.0183217
 0.0742101 -0.0386323  0.0183217
 0.0742101 -0.0386323  0.0183218
 0.0742101 -0.0386323  0.0183218
 0.0742102 -0.0386323  0.0183218
 0.0742102 -0.0386323  0.0183218
 0.0742102 -0.0386323  0.0183218
 0.0742102 -0.0386323  0.0183218
 0.0742102 -0.0386323  0.0183218
 0.0742102 -0.0386323  0.0183219
 0.0742102 -0.0386323  0.0183219
 0.0742102 -0.0386323  0.0183219
 0.0742102 -0.0386323  0.0183219
 0.0742102 -0.0386323  0.0183219
 0.0742102 -0.0386323  0.0183219
 0.0742102 -0.0386323  0.0183219
 0.0742102 -0.0386323  0.0183219
 0.0742102 -0.0386323   0.018322
 0.0742102 -0.0386323   0.018322
 0.0742102 -0.0386323   0.018322
 0.0742102 -0.0386323   0.018322
 0.0742102 -0.0386323   0.018322
 0.0742102 -0.0386323   0.018322
 0.0742102 -0.0386323   0.018322
 0.0742102 -0.0386323   0.018322
 0.0742102 -0.0386322  0.0183221
 0.0742102 -0.0386322  0.0183221
 0.0742102 -0.0386322  0.0183221
 0.0742102 -0.0386322  0.0183221
 0.0742102 -0.0386322  0.0183221
 0.0742102 -0.0386322  0.0183221
 0.0742102 -0.0386322  0.0183221
 0.0742102 -0.0386322  0.0183221
 0.0742102 -0.0386322  0.0183222
 0.0742102 -0.0386322  0.0183222
 0.0742102 -0.0386322  0.0183222
 0.0742102 -0.0386322  0.0183222
 0.0742102 -0.0386322  0.0183222
 0.0742102 -0.0386322  0.0183222
 0.0742102 -0.0386322  0.0183222
 0.0742102 -0.0386322  0.0183222
 0.0742102 -0.0386322  0.0183222
 0.0742102 -0.0386322  0.0183223
 0.0742102 -0.0386322  0.0183223
 0.0742102 -0.0386322  0.0183223
 0.0742102 -0.0386322  0.0183223
 0.0742102 -0.0386322  0.0183223
 0.0742102 -0.0386322  0.0183223
 0.0742102 -0.0386322  0.0183223
 0.0742102 -0.0386322  0.0183223
 0.0742102 -0.0386322  0.0183223
 0.0742102 -0.0386321  0.0183223
 0.0742102 -0.0386321  0.0183224
 0.0742102 -0.0386321  0.0183224
 0.0742102 -0.0386321  0.0183224
 0.0742102 -0.0386321  0.0183224
 0.0742102 -0.0386321  0.0183224
 0.0742102 -0.0386321  0.0183224
 0.0742102 -0.0386321  0.0183224
 0.0742102 -0.0386321  0.0183224
 0.0742102 -0.0386321  0.0183224
 0.0742102 -0.0386321  0.0183224
 0.0742102 -0.0386321  0.0183225
 0.0742102 -0.0386321  0.0183225
 0.0742102 -0.0386321  0.0183225
 0.0742102 -0.0386321  0.0183225
 0.0742102 -0.0386321  0.0183225
 0.0742102 -0.0386321  0.0183225
 0.0742102 -0.0386321  0.0183225
 0.0742102 -0.0386321  0.0183225
 0.0742102 -0.0386321  0.0183225
 0.0742102 -0.0386321  0.0183225
 0.0742102 -0.0386321  0.0183225
 0.0742102 -0.0386321  0.0183226
 0.0742102 -0.0386321  0.0183226
 0.0742102 -0.0386321  0.0183226
 0.0742102 -0.0386321  0.0183226
 0.0742102 -0.0386321  0.0183226
0.0742102 -0.038632 0.0183226
0.0742102 -0.038632 0.0183226
0.0742102 -0.038632 0.0183226
0.0742102 -0.038632 0.0183226
0.0742102 -0.038632 0.0183226
0.0742102 -0.038632 0.0183226
0.0742102 -0.038632 0.0183226
0.0742102 -0.038632 0.0183227
0.0742102 -0.038632 0.0183227
0.0742102 -0.038632 0.0183227
0.0742102 -0.038632 0.0183227
0.0742102 -0.038632 0.0183227
0.0742102 -0.038632 0.0183227
0.0742102 -0.038632 0.0183227
0.0742102 -0.038632 0.0183227
0.0742102 -0.038632 0.0183227
0.0742102 -0.038632 0.0183227
0.0742102 -0.038632 0.0183227
0.0742102 -0.038632 0.0183227
0.0742102 -0.038632 0.0183227
0.0742102 -0.038632 0.0183227
0.0742102 -0.038632 0.0183228
0.0742102 -0.038632 0.0183228
0.0742102 -0.038632 0.0183228
0.0742102 -0.038632 0.0183228
0.0742102 -0.038632 0.0183228
 0.0742102 -0.0386319  0.0183228
 0.0742102 -0.0386319  0.0183228
 0.0742101 -0.0386319  0.0183228
 0.0742101 -0.0386319  0.0183228
 0.0742101 -0.0386319  0.0183228
 0.0742101 -0.0386319  0.0183228
 0.0742101 -0.0386319  0.0183228
 0.0742101 -0.0386319  0.0183228
 0.0742101 -0.0386319  0.0183228
 0.0742101 -0.0386319  0.0183228
 0.0742101 -0.0386319  0.0183229
 0.0742101 -0.0386319  0.0183229
 0.0742101 -0.0386319  0.0183229
 0.0742101 -0.0386319  0.0183229
 0.0742101 -0.0386319  0.0183229
 0.0742101 -0.0386319  0.0183229
 0.0742101 -0.0386319  0.0183229
 0.0742101 -0.0386319  0.0183229
 0.0742101 -0.0386319  0.0183229
 0.0742101 -0.0386319  0.0183229
 0.0742101 -0.0386319  0.0183229
 0.0742101 -0.0386319  0.0183229
 0.0742101 -0.0386319  0.0183229
 0.0742101 -0.0386319  0.0183229
 0.0742101 -0.0386319  0.0183229
 0.0742101 -0.0386319  0.0183229
