 0.0742319 -0.0134338  0.0378095
 0.0602886 -0.0089939  0.0316073
  0.0542293 -0.00589358   0.0304857
  0.0519527 -0.00373338   0.0313772
 0.0514414 -0.0022287  0.0329121
  0.0516836 -0.00117963   0.0344865
   0.0521776 -0.000446732    0.0358564
   0.052687 6.69425e-05    0.036948
  0.0531122 0.000428619   0.0377658
   0.053423 0.000684845   0.0383456
  0.0536218 0.000867814   0.0387323
   0.053725 0.000999775   0.0389697
0.0537526 0.0010961 0.0390954
 0.0537237 0.00116742  0.0391402
  0.053655 0.00122108  0.0391284
 0.0535596 0.00126217  0.0390781
 0.0534478 0.00129422   0.039003
 0.0533272 0.00131971  0.0389129
 0.0532031 0.00134034  0.0388149
 0.0530794 0.00135734  0.0387137
 0.0529585 0.00137155  0.0386127
0.0528421 0.0013836 0.0385141
 0.0527311 0.00139392  0.0384192
  0.052626 0.00140286  0.0383287
 0.0525269 0.00141063  0.0382431
 0.0524337 0.00141744  0.0381625
 0.0523462 0.00142342  0.0380867
 0.0522642 0.00142869  0.0380157
 0.0521873 0.00143333  0.0379492
 0.0521151 0.00143743  0.0378869
 0.0520473 0.00144103  0.0378285
0.0519835 0.0014442 0.0377737
 0.0519234 0.00144697  0.0377223
0.0518667 0.0014494  0.037674
0.0518131 0.0014515 0.0376285
 0.0517623 0.00145332  0.0375855
 0.0517141 0.00145488  0.0375449
 0.0516682 0.00145621  0.0375065
 0.0516245 0.00145732    0.03747
 0.0515827 0.00145824  0.0374353
 0.0515427 0.00145898  0.0374022
 0.0515043 0.00145956  0.0373707
0.0514673   0.00146 0.0373405
 0.0514317 0.00146031  0.0373115
0.0513974 0.0014605 0.0372837
 0.0513642 0.00146058  0.0372569
  0.051332 0.00146057  0.0372311
 0.0513007 0.00146046  0.0372061
 0.0512703 0.00146028  0.0371819
 0.0512407 0.00146002  0.0371585
0.0512119 0.0014597 0.0371357
 0.0511837 0.00145931  0.0371136
 0.0511561 0.00145888   0.037092
 0.0511291 0.00145839   0.037071
 0.0511027 0.00145786  0.0370504
 0.0510767 0.00145729  0.0370303
 0.0510512 0.00145669  0.0370106
 0.0510261 0.00145605  0.0369913
 0.0510014 0.00145539  0.0369723
0.0509771 0.0014547 0.0369537
 0.0509531 0.00145398  0.0369353
 0.0509294 0.00145325  0.0369173
  0.050906 0.00145249  0.0368995
 0.0508829 0.00145172  0.0368819
 0.0508601 0.00145094  0.0368646
 0.0508376 0.00145014  0.0368476
 0.0508152 0.00144933  0.0368307
 0.0507931 0.00144851   0.036814
 0.0507712 0.00144769  0.0367975
 0.0507495 0.00144685  0.0367811
  0.050728 0.00144601   0.036765
 0.0507067 0.00144516  0.0367489
 0.0506855 0.00144431  0.0367331
 0.0506646 0.00144345  0.0367173
 0.0506438 0.00144259  0.0367017
 0.0506231 0.00144173  0.0366863
 0.0506026 0.00144087  0.0366709
0.0505822   0.00144 0.0366557
  0.050562 0.00143913  0.0366406
  0.050542 0.00143826  0.0366256
 0.050522 0.0014374 0.0366107
 0.0505022 0.00143653  0.0365959
 0.0504825 0.00143566  0.0365812
 0.0504629 0.00143479  0.0365666
 0.0504435 0.00143393  0.0365521
 0.0504242 0.00143306  0.0365377
0.0504049 0.0014322 0.0365234
 0.0503858 0.00143134  0.0365091
 0.0503668 0.00143048   0.036495
  0.050348 0.00142962  0.0364809
 0.0503292 0.00142877  0.0364669
 0.0503105 0.00142791   0.036453
 0.0502919 0.00142706  0.0364392
 0.0502735 0.00142621  0.0364254
 0.0502551 0.00142537  0.0364117
 0.0502368 0.00142452  0.0363981
 0.0502187 0.00142368  0.0363846
 0.0502006 0.00142284  0.0363711
 0.0501826 0.00142201  0.0363577
 0.0501647 0.00142118  0.0363444
 0.0501469 0.00142035  0.0363312
 0.0501292 0.00141952   0.036318
0.0501116 0.0014187 0.0363049
 0.0500941 0.00141788  0.0362919
 0.0500767 0.00141706  0.0362789
 0.0500594 0.00141624   0.036266
 0.0500421 0.00141543  0.0362531
 0.0500249 0.00141462  0.0362404
 0.0500079 0.00141382  0.0362276
 0.0499909 0.00141302   0.036215
  0.049974 0.00141222  0.0362024
 0.0499572 0.00141142  0.0361899
 0.0499404 0.00141063  0.0361774
 0.0499238 0.00140984   0.036165
 0.0499072 0.00140905  0.0361527
 0.0498907 0.00140827  0.0361404
 0.0498743 0.00140749  0.0361282
  0.049858 0.00140671   0.036116
 0.0498417 0.00140594  0.0361039
 0.0498256 0.00140517  0.0360919
0.0498095 0.0014044 0.0360799
 0.0497935 0.00140364  0.0360679
 0.0497776 0.00140288  0.0360561
 0.0497617 0.00140212  0.0360443
 0.0497459 0.00140136  0.0360325
 0.0497303 0.00140061  0.0360208
 0.0497146 0.00139986  0.0360092
 0.0496991 0.00139911  0.0359976
 0.0496836 0.00139837  0.0359861
 0.0496682 0.00139763  0.0359746
 0.0496529 0.00139689  0.0359632
 0.0496377 0.00139616  0.0359518
 0.0496225 0.00139543  0.0359405
0.0496074 0.0013947 0.0359292
 0.0495924 0.00139397   0.035918
 0.0495774 0.00139325  0.0359069
 0.0495626 0.00139253  0.0358958
 0.0495478 0.00139182  0.0358847
 0.049533 0.0013911 0.0358737
 0.0495184 0.00139039  0.0358628
 0.0495038 0.00138968  0.0358519
 0.0494893 0.00138898  0.0358411
 0.0494748 0.00138828  0.0358303
 0.0494604 0.00138758  0.0358195
 0.0494461 0.00138688  0.0358088
 0.0494319 0.00138619  0.0357982
0.0494177 0.0013855 0.0357876
 0.0494036 0.00138481  0.0357771
 0.0493895 0.00138412  0.0357666
 0.0493755 0.00138344  0.0357562
 0.0493616 0.00138276  0.0357458
 0.0493478 0.00138208  0.0357354
  0.049334 0.00138141  0.0357251
 0.0493203 0.00138074  0.0357149
 0.0493067 0.00138007  0.0357047
0.0492931 0.0013794 0.0356946
 0.0492796 0.00137874  0.0356845
 0.0492661 0.00137807  0.0356744
 0.0492527 0.00137742  0.0356644
 0.0492394 0.00137676  0.0356544
 0.0492261 0.00137611  0.0356445
 0.0492129 0.00137546  0.0356346
 0.0491998 0.00137481  0.0356248
 0.0491867 0.00137416   0.035615
 0.0491737 0.00137352  0.0356053
 0.0491607 0.00137288  0.0355956
 0.0491478 0.00137224   0.035586
 0.049135 0.0013716 0.0355764
 0.0491222 0.00137097  0.0355668
 0.0491095 0.00137034  0.0355573
 0.0490969 0.00136971  0.0355479
 0.0490843 0.00136909  0.0355384
 0.0490717 0.00136846  0.0355291
 0.0490592 0.00136784  0.0355197
 0.0490468 0.00136722  0.0355104
 0.0490345 0.00136661  0.0355012
 0.0490222 0.00136599   0.035492
 0.0490099 0.00136538  0.0354828
 0.0489977 0.00136477  0.0354737
 0.0489856 0.00136417  0.0354646
 0.0489735 0.00136356  0.0354556
 0.0489615 0.00136296  0.0354466
 0.0489495 0.00136236  0.0354376
 0.0489376 0.00136177  0.0354287
 0.0489258 0.00136117  0.0354198
  0.048914 0.00136058   0.035411
 0.0489022 0.00135999  0.0354022
0.0488906 0.0013594 0.0353934
 0.0488789 0.00135881  0.0353847
 0.0488673 0.00135823   0.035376
 0.0488558 0.00135765  0.0353674
 0.0488443 0.00135707  0.0353588
 0.0488329 0.00135649  0.0353502
 0.0488216 0.00135592  0.0353417
 0.0488102 0.00135535  0.0353332
  0.048799 0.00135478  0.0353248
 0.0487878 0.00135421  0.0353164
 0.0487766 0.00135364   0.035308
 0.0487655 0.00135308  0.0352997
 0.0487544 0.00135252  0.0352914
 0.0487434 0.00135196  0.0352831
0.0487325 0.0013514 0.0352749
 0.0487216 0.00135085  0.0352667
 0.0487107 0.00135029  0.0352586
 0.0486999 0.00134974  0.0352505
 0.0486891 0.00134919  0.0352424
 0.0486784 0.00134865  0.0352343
0.0486678 0.0013481 0.0352263
 0.0486572 0.00134756  0.0352184
 0.0486466 0.00134702  0.0352104
 0.0486361 0.00134648  0.0352026
 0.0486256 0.00134594  0.0351947
 0.0486152 0.00134541  0.0351869
 0.0486048 0.00134488  0.0351791
 0.0485945 0.00134435  0.0351713
 0.0485842 0.00134382  0.0351636
  0.048574 0.00134329  0.0351559
 0.0485638 0.00134277  0.0351483
 0.0485537 0.00134224  0.0351407
 0.0485436 0.00134172  0.0351331
0.0485335 0.0013412 0.0351255
 0.0485235 0.00134069   0.035118
 0.0485136 0.00134017  0.0351105
 0.0485037 0.00133966  0.0351031
 0.0484938 0.00133915  0.0350957
  0.048484 0.00133864  0.0350883
 0.0484742 0.00133813  0.0350809
 0.0484645 0.00133763  0.0350736
 0.0484548 0.00133712  0.0350663
 0.0484451 0.00133662  0.0350591
 0.0484355 0.00133612  0.0350518
  0.048426 0.00133562  0.0350447
 0.0484164 0.00133513  0.0350375
  0.048407 0.00133463  0.0350304
 0.0483975 0.00133414  0.0350233
 0.0483881 0.00133365  0.0350162
 0.0483788 0.00133316  0.0350092
 0.0483695 0.00133267  0.0350022
 0.0483602 0.00133219  0.0349952
 0.048351 0.0013317 0.0349883
 0.0483418 0.00133122  0.0349813
 0.0483327 0.00133074  0.0349745
 0.0483236 0.00133026  0.0349676
 0.0483145 0.00132979  0.0349608
 0.0483055 0.00132931   0.034954
 0.0482965 0.00132884  0.0349472
 0.0482876 0.00132837  0.0349405
0.0482787 0.0013279 0.0349338
 0.0482698 0.00132743  0.0349271
  0.048261 0.00132697  0.0349205
0.0482522 0.0013265 0.0349139
 0.0482435 0.00132604  0.0349073
 0.0482348 0.00132558  0.0349007
 0.0482261 0.00132512  0.0348942
 0.0482175 0.00132466  0.0348877
0.0482089 0.0013242 0.0348812
 0.0482003 0.00132375  0.0348748
0.0481918 0.0013233 0.0348683
 0.0481833 0.00132284   0.034862
0.0481749 0.0013224 0.0348556
 0.0481665 0.00132195  0.0348493
0.0481581 0.0013215 0.0348429
 0.0481498 0.00132106  0.0348367
 0.0481415 0.00132061  0.0348304
 0.0481333 0.00132017  0.0348242
  0.048125 0.00131973   0.034818
 0.0481169 0.00131929  0.0348118
 0.0481087 0.00131886  0.0348057
 0.0481006 0.00131842  0.0347995
 0.0480925 0.00131799  0.0347934
 0.0480845 0.00131755  0.0347874
 0.0480765 0.00131712  0.0347813
 0.0480685 0.00131669  0.0347753
 0.0480606 0.00131627  0.0347693
 0.0480527 0.00131584  0.0347634
 0.0480448 0.00131542  0.0347574
  0.048037 0.00131499  0.0347515
 0.0480292 0.00131457  0.0347456
 0.0480214 0.00131415  0.0347397
 0.0480137 0.00131373  0.0347339
  0.048006 0.00131332  0.0347281
0.0479983 0.0013129 0.0347223
 0.0479907 0.00131249  0.0347165
 0.0479831 0.00131207  0.0347108
 0.0479756 0.00131166  0.0347051
  0.047968 0.00131125  0.0346994
 0.0479605 0.00131084  0.0346937
 0.0479531 0.00131044  0.0346881
 0.0479456 0.00131003  0.0346825
 0.0479382 0.00130963  0.0346769
 0.0479309 0.00130922  0.0346713
 0.0479235 0.00130882  0.0346657
 0.0479162 0.00130842  0.0346602
 0.0479089 0.00130802  0.0346547
 0.0479017 0.00130763  0.0346492
 0.0478945 0.00130723  0.0346438
 0.0478873 0.00130684  0.0346383
 0.0478802 0.00130644  0.0346329
  0.047873 0.00130605  0.0346275
  0.047866 0.00130566  0.0346222
 0.0478589 0.00130527  0.0346168
 0.0478519 0.00130489  0.0346115
0.0478449 0.0013045 0.0346062
 0.0478379 0.00130412  0.0346009
  0.047831 0.00130373  0.0345957
 0.0478241 0.00130335  0.0345905
 0.0478172 0.00130297  0.0345852
 0.0478103 0.00130259  0.0345801
 0.0478035 0.00130221  0.0345749
 0.0477967 0.00130183  0.0345698
   0.04779 0.00130146  0.0345646
 0.0477832 0.00130109  0.0345595
 0.0477765 0.00130071  0.0345544
 0.0477699 0.00130034  0.0345494
 0.0477632 0.00129997  0.0345443
0.0477566 0.0012996 0.0345393
   0.04775 0.00129923  0.0345343
 0.0477434 0.00129887  0.0345294
0.0477369 0.0012985 0.0345244
 0.0477304 0.00129814  0.0345195
 0.0477239 0.00129777  0.0345146
 0.0477175 0.00129741  0.0345097
  0.047711 0.00129705  0.0345048
 0.0477046 0.00129669  0.0344999
 0.0476983 0.00129633  0.0344951
 0.0476919 0.00129598  0.0344903
 0.0476856 0.00129562  0.0344855
 0.0476793 0.00129527  0.0344807
 0.0476731 0.00129492   0.034476
 0.0476668 0.00129456  0.0344712
 0.0476606 0.00129421  0.0344665
 0.0476544 0.00129386  0.0344618
 0.0476483 0.00129352  0.0344572
 0.0476421 0.00129317  0.0344525
  0.047636 0.00129282  0.0344479
   0.04763 0.00129248  0.0344432
 0.0476239 0.00129213  0.0344386
 0.0476179 0.00129179  0.0344341
 0.0476119 0.00129145  0.0344295
 0.0476059 0.00129111   0.034425
 0.0475999 0.00129077  0.0344204
  0.047594 0.00129043  0.0344159
0.0475881 0.0012901 0.0344114
 0.0475822 0.00128976   0.034407
 0.0475764 0.00128943  0.0344025
 0.0475705 0.00128909  0.0343981
 0.0475647 0.00128876  0.0343937
  0.047559 0.00128843  0.0343893
0.0475532 0.0012881 0.0343849
 0.0475475 0.00128777  0.0343805
 0.0475418 0.00128744  0.0343762
 0.0475361 0.00128712  0.0343719
 0.0475304 0.00128679  0.0343676
 0.0475248 0.00128647  0.0343633
 0.0475191 0.00128614   0.034359
 0.0475136 0.00128582  0.0343547
 0.047508 0.0012855 0.0343505
 0.0475024 0.00128518  0.0343463
 0.0474969 0.00128486  0.0343421
 0.0474914 0.00128454  0.0343379
 0.0474859 0.00128423  0.0343337
 0.0474805 0.00128391  0.0343296
 0.0474751 0.00128359  0.0343254
 0.0474696 0.00128328  0.0343213
 0.0474643 0.00128297  0.0343172
 0.0474589 0.00128266  0.0343131
 0.0474536 0.00128235   0.034309
 0.0474482 0.00128204   0.034305
 0.0474429 0.00128173   0.034301
 0.0474377 0.00128142  0.0342969
 0.0474324 0.00128111  0.0342929
 0.0474272 0.00128081  0.0342889
 0.047422 0.0012805  0.034285
0.0474168 0.0012802  0.034281
0.0474116 0.0012799 0.0342771
0.0474065 0.0012796 0.0342731
 0.0474013 0.00127929  0.0342692
0.0473962  0.001279 0.0342653
0.0473911 0.0012787 0.0342615
0.0473861 0.0012784 0.0342576
 0.047381 0.0012781 0.0342538
  0.047376 0.00127781  0.0342499
  0.047371 0.00127751  0.0342461
  0.047366 0.00127722  0.0342423
 0.0473611 0.00127693  0.0342385
 0.0473561 0.00127663  0.0342347
 0.0473512 0.00127634   0.034231
 0.0473463 0.00127605  0.0342272
 0.0473414 0.00127576  0.0342235
 0.0473366 0.00127548  0.0342198
 0.0473317 0.00127519  0.0342161
0.0473269 0.0012749 0.0342124
 0.0473221 0.00127462  0.0342088
 0.0473173 0.00127433  0.0342051
 0.0473126 0.00127405  0.0342015
 0.0473078 0.00127377  0.0341978
 0.0473031 0.00127349  0.0341942
 0.0472984 0.00127321  0.0341906
 0.0472937 0.00127293  0.0341871
  0.047289 0.00127265  0.0341835
 0.0472844 0.00127237  0.0341799
 0.0472798 0.00127209  0.0341764
 0.0472751 0.00127182  0.0341729
 0.0472706 0.00127154  0.0341694
  0.047266 0.00127127  0.0341659
 0.0472614 0.00127099  0.0341624
 0.0472569 0.00127072  0.0341589
 0.0472524 0.00127045  0.0341555
 0.0472479 0.00127018   0.034152
 0.0472434 0.00126991  0.0341486
 0.0472389 0.00126964  0.0341452
 0.0472345 0.00126937  0.0341418
0.0472301 0.0012691 0.0341384
 0.0472256 0.00126884   0.034135
 0.0472213 0.00126857  0.0341316
 0.0472169 0.00126831  0.0341283
 0.0472125 0.00126804   0.034125
 0.0472082 0.00126778  0.0341216
 0.0472039 0.00126752  0.0341183
 0.0471996 0.00126726   0.034115
0.0471953  0.001267 0.0341117
  0.047191 0.00126674  0.0341085
 0.0471867 0.00126648  0.0341052
 0.0471825 0.00126622   0.034102
 0.0471783 0.00126596  0.0340987
 0.0471741 0.00126571  0.0340955
 0.0471699 0.00126545  0.0340923
0.0471657 0.0012652 0.0340891
 0.0471616 0.00126494  0.0340859
 0.0471574 0.00126469  0.0340828
 0.0471533 0.00126444  0.0340796
 0.0471492 0.00126418  0.0340764
 0.0471451 0.00126393  0.0340733
 0.0471411 0.00126368  0.0340702
  0.047137 0.00126344  0.0340671
  0.047133 0.00126319   0.034064
 0.0471289 0.00126294  0.0340609
 0.0471249 0.00126269  0.0340578
 0.0471209 0.00126245  0.0340548
 0.047117 0.0012622 0.0340517
  0.047113 0.00126196  0.0340487
 0.0471091 0.00126171  0.0340456
 0.0471051 0.00126147  0.0340426
 0.0471012 0.00126123  0.0340396
 0.0470973 0.00126099  0.0340366
 0.0470935 0.00126075  0.0340337
 0.0470896 0.00126051  0.0340307
 0.0470857 0.00126027  0.0340277
 0.0470819 0.00126003  0.0340248
 0.0470781 0.00125979  0.0340218
 0.0470743 0.00125955  0.0340189
 0.0470705 0.00125932   0.034016
 0.0470667 0.00125908  0.0340131
 0.0470629 0.00125885  0.0340102
 0.0470592 0.00125862  0.0340073
 0.0470555 0.00125838  0.0340045
 0.0470518 0.00125815  0.0340016
 0.0470481 0.00125792  0.0339988
 0.0470444 0.00125769  0.0339959
 0.0470407 0.00125746  0.0339931
  0.047037 0.00125723  0.0339903
0.0470334  0.001257 0.0339875
 0.0470298 0.00125677  0.0339847
 0.0470261 0.00125654  0.0339819
 0.0470225 0.00125632  0.0339791
  0.047019 0.00125609  0.0339764
 0.0470154 0.00125587  0.0339736
 0.0470118 0.00125564  0.0339709
 0.0470083 0.00125542  0.0339682
 0.0470047 0.00125519  0.0339654
 0.0470012 0.00125497  0.0339627
 0.0469977 0.00125475    0.03396
 0.0469942 0.00125453  0.0339574
 0.0469907 0.00125431  0.0339547
 0.0469873 0.00125409   0.033952
 0.0469838 0.00125387  0.0339493
 0.0469804 0.00125365  0.0339467
  0.046977 0.00125343  0.0339441
 0.0469736 0.00125322  0.0339414
0.0469702  0.001253 0.0339388
 0.0469668 0.00125279  0.0339362
 0.0469634 0.00125257  0.0339336
 0.0469601 0.00125236   0.033931
 0.0469567 0.00125214  0.0339284
 0.0469534 0.00125193  0.0339259
 0.0469501 0.00125172  0.0339233
 0.0469468 0.00125151  0.0339208
0.0469435 0.0012513 0.0339182
 0.0469402 0.00125108  0.0339157
 0.0469369 0.00125088  0.0339132
 0.0469337 0.00125067  0.0339107
 0.0469304 0.00125046  0.0339082
 0.0469272 0.00125025  0.0339057
  0.046924 0.00125004  0.0339032
 0.0469208 0.00124984  0.0339007
 0.0469176 0.00124963  0.0338982
 0.0469144 0.00124943  0.0338958
 0.0469112 0.00124922  0.0338933
 0.0469081 0.00124902  0.0338909
 0.0469049 0.00124881  0.0338885
 0.0469018 0.00124861  0.0338861
 0.0468987 0.00124841  0.0338837
 0.0468955 0.00124821  0.0338813
 0.0468925 0.00124801  0.0338789
 0.0468894 0.00124781  0.0338765
 0.0468863 0.00124761  0.0338741
 0.0468832 0.00124741  0.0338717
 0.0468802 0.00124721  0.0338694
 0.0468771 0.00124701   0.033867
 0.0468741 0.00124681  0.0338647
 0.0468711 0.00124662  0.0338624
 0.0468681 0.00124642    0.03386
 0.0468651 0.00124623  0.0338577
 0.0468621 0.00124603  0.0338554
 0.0468592 0.00124584  0.0338531
 0.0468562 0.00124564  0.0338508
 0.0468532 0.00124545  0.0338486
 0.0468503 0.00124526  0.0338463
 0.0468474 0.00124507   0.033844
 0.0468445 0.00124488  0.0338418
 0.0468416 0.00124469  0.0338395
0.0468387 0.0012445 0.0338373
 0.0468358 0.00124431  0.0338351
 0.0468329 0.00124412  0.0338328
 0.0468301 0.00124393  0.0338306
 0.0468272 0.00124374  0.0338284
 0.0468244 0.00124355  0.0338262
 0.0468216 0.00124337   0.033824
 0.0468187 0.00124318  0.0338219
0.0468159  0.001243 0.0338197
 0.0468131 0.00124281  0.0338175
 0.0468104 0.00124263  0.0338154
 0.0468076 0.00124244  0.0338132
 0.0468048 0.00124226  0.0338111
 0.0468021 0.00124208  0.0338089
 0.0467993 0.00124189  0.0338068
 0.0467966 0.00124171  0.0338047
 0.0467939 0.00124153  0.0338026
 0.0467912 0.00124135  0.0338005
 0.0467885 0.00124117  0.0337984
 0.0467858 0.00124099  0.0337963
 0.0467831 0.00124081  0.0337942
 0.0467804 0.00124063  0.0337922
 0.0467778 0.00124046  0.0337901
 0.0467751 0.00124028   0.033788
0.0467725 0.0012401  0.033786
 0.0467698 0.00123993  0.0337839
 0.0467672 0.00123975  0.0337819
 0.0467646 0.00123958  0.0337799
 0.046762 0.0012394 0.0337779
 0.0467594 0.00123923  0.0337759
 0.0467568 0.00123905  0.0337738
 0.0467543 0.00123888  0.0337719
 0.0467517 0.00123871  0.0337699
 0.0467491 0.00123853  0.0337679
 0.0467466 0.00123836  0.0337659
 0.0467441 0.00123819  0.0337639
 0.0467415 0.00123802   0.033762
  0.046739 0.00123785    0.03376
 0.0467365 0.00123768  0.0337581
  0.046734 0.00123751  0.0337561
 0.0467315 0.00123735  0.0337542
  0.046729 0.00123718  0.0337523
 0.0467266 0.00123701  0.0337504
 0.0467241 0.00123684  0.0337484
 0.0467217 0.00123668  0.0337465
 0.0467192 0.00123651  0.0337446
 0.0467168 0.00123634  0.0337427
 0.0467144 0.00123618  0.0337409
 0.0467119 0.00123602   0.033739
 0.0467095 0.00123585  0.0337371
 0.0467071 0.00123569  0.0337352
 0.0467047 0.00123552  0.0337334
 0.0467024 0.00123536  0.0337315
   0.0467 0.0012352 0.0337297
 0.0466976 0.00123504  0.0337279
 0.0466953 0.00123488   0.033726
 0.0466929 0.00123472  0.0337242
 0.0466906 0.00123456  0.0337224
0.0466883 0.0012344 0.0337206
  0.046686 0.00123424  0.0337188
 0.0466836 0.00123408   0.033717
 0.0466813 0.00123392  0.0337152
  0.046679 0.00123376  0.0337134
 0.0466768 0.00123361  0.0337116
 0.0466745 0.00123345  0.0337098
 0.0466722 0.00123329  0.0337081
   0.04667 0.00123314  0.0337063
 0.0466677 0.00123298  0.0337046
 0.0466655 0.00123283  0.0337028
 0.0466632 0.00123267  0.0337011
  0.046661 0.00123252  0.0336993
 0.0466588 0.00123236  0.0336976
 0.0466566 0.00123221  0.0336959
 0.0466544 0.00123206  0.0336942
 0.0466522 0.00123191  0.0336924
   0.04665 0.00123175  0.0336907
0.0466478 0.0012316  0.033689
 0.0466456 0.00123145  0.0336873
0.0466435 0.0012313 0.0336857
 0.0466413 0.00123115   0.033684
0.0466392  0.001231 0.0336823
  0.046637 0.00123085  0.0336806
0.0466349 0.0012307  0.033679
 0.0466328 0.00123055  0.0336773
 0.0466306 0.00123041  0.0336757
 0.0466285 0.00123026   0.033674
 0.0466264 0.00123011  0.0336724
 0.0466243 0.00122997  0.0336707
 0.0466223 0.00122982  0.0336691
 0.0466202 0.00122967  0.0336675
 0.0466181 0.00122953  0.0336659
  0.046616 0.00122938  0.0336643
  0.046614 0.00122924  0.0336627
 0.0466119 0.00122909  0.0336611
 0.0466099 0.00122895  0.0336595
 0.0466079 0.00122881  0.0336579
 0.0466058 0.00122867  0.0336563
 0.0466038 0.00122852  0.0336547
 0.0466018 0.00122838  0.0336531
 0.0465998 0.00122824  0.0336516
0.0465978 0.0012281   0.03365
 0.0465958 0.00122796  0.0336485
 0.0465938 0.00122782  0.0336469
 0.0465918 0.00122768  0.0336454
 0.0465899 0.00122754  0.0336438
0.0465879 0.0012274 0.0336423
  0.046586 0.00122726  0.0336408
  0.046584 0.00122712  0.0336392
 0.0465821 0.00122698  0.0336377
 0.0465801 0.00122685  0.0336362
 0.0465782 0.00122671  0.0336347
 0.0465763 0.00122657  0.0336332
 0.0465744 0.00122644  0.0336317
0.0465725 0.0012263 0.0336302
 0.0465706 0.00122616  0.0336287
 0.0465687 0.00122603  0.0336272
0.0465668 0.0012259 0.0336258
 0.0465649 0.00122576  0.0336243
  0.046563 0.00122563  0.0336228
 0.0465612 0.00122549  0.0336214
 0.0465593 0.00122536  0.0336199
 0.0465575 0.00122523  0.0336185
0.0465556 0.0012251  0.033617
 0.0465538 0.00122496  0.0336156
 0.0465519 0.00122483  0.0336141
0.0465501 0.0012247 0.0336127
 0.0465483 0.00122457  0.0336113
 0.0465465 0.00122444  0.0336099
 0.0465447 0.00122431  0.0336084
 0.0465429 0.00122418   0.033607
 0.0465411 0.00122405  0.0336056
 0.0465393 0.00122392  0.0336042
 0.0465375 0.00122379  0.0336028
 0.0465357 0.00122366  0.0336014
  0.046534 0.00122354     0.0336
 0.0465322 0.00122341  0.0335987
 0.0465304 0.00122328  0.0335973
 0.0465287 0.00122315  0.0335959
 0.0465269 0.00122303  0.0335945
0.0465252 0.0012229 0.0335932
 0.0465235 0.00122278  0.0335918
 0.0465217 0.00122265  0.0335905
   0.04652 0.00122253  0.0335891
0.0465183 0.0012224 0.0335878
 0.0465166 0.00122228  0.0335864
 0.0465149 0.00122215  0.0335851
 0.0465132 0.00122203  0.0335838
 0.0465115 0.00122191  0.0335824
 0.0465098 0.00122178  0.0335811
 0.0465082 0.00122166  0.0335798
 0.0465065 0.00122154  0.0335785
 0.0465048 0.00122142  0.0335772
0.0465032 0.0012213 0.0335759
 0.0465015 0.00122118  0.0335746
 0.0464999 0.00122105  0.0335733
 0.0464982 0.00122093   0.033572
 0.0464966 0.00122081  0.0335707
 0.0464949 0.00122069  0.0335694
 0.0464933 0.00122058  0.0335681
 0.0464917 0.00122046  0.0335669
 0.0464901 0.00122034  0.0335656
 0.0464885 0.00122022  0.0335643
0.0464869 0.0012201 0.0335631
 0.0464853 0.00121998  0.0335618
 0.0464837 0.00121987  0.0335606
 0.0464821 0.00121975  0.0335593
 0.0464805 0.00121963  0.0335581
 0.0464789 0.00121952  0.0335568
0.0464774 0.0012194 0.0335556
 0.0464758 0.00121928  0.0335544
 0.0464742 0.00121917  0.0335531
 0.0464727 0.00121905  0.0335519
 0.0464711 0.00121894  0.0335507
 0.0464696 0.00121883  0.0335495
 0.0464681 0.00121871  0.0335483
0.0464665 0.0012186 0.0335471
  0.046465 0.00121848  0.0335459
 0.0464635 0.00121837  0.0335447
  0.046462 0.00121826  0.0335435
 0.0464604 0.00121815  0.0335423
 0.0464589 0.00121803  0.0335411
 0.0464574 0.00121792  0.0335399
 0.0464559 0.00121781  0.0335387
0.0464545 0.0012177 0.0335376
  0.046453 0.00121759  0.0335364
 0.0464515 0.00121748  0.0335352
   0.04645 0.00121737  0.0335341
 0.0464485 0.00121726  0.0335329
 0.0464471 0.00121715  0.0335318
 0.0464456 0.00121704  0.0335306
 0.0464442 0.00121693  0.0335295
 0.0464427 0.00121682  0.0335283
 0.0464413 0.00121671  0.0335272
 0.0464398 0.00121661  0.0335261
0.0464384 0.0012165 0.0335249
  0.046437 0.00121639  0.0335238
 0.0464355 0.00121628  0.0335227
 0.0464341 0.00121618  0.0335215
 0.0464327 0.00121607  0.0335204
 0.0464313 0.00121596  0.0335193
 0.0464299 0.00121586  0.0335182
 0.0464285 0.00121575  0.0335171
 0.0464271 0.00121565   0.033516
 0.0464257 0.00121554  0.0335149
 0.0464243 0.00121544  0.0335138
 0.0464229 0.00121533  0.0335127
 0.0464215 0.00121523  0.0335116
 0.0464202 0.00121512  0.0335106
 0.0464188 0.00121502  0.0335095
 0.0464174 0.00121492  0.0335084
 0.0464161 0.00121482  0.0335073
 0.0464147 0.00121471  0.0335063
 0.0464134 0.00121461  0.0335052
  0.046412 0.00121451  0.0335041
 0.0464107 0.00121441  0.0335031
0.0464094 0.0012143  0.033502
 0.046408 0.0012142  0.033501
0.0464067 0.0012141 0.0334999
0.0464054  0.001214 0.0334989
0.0464041 0.0012139 0.0334978
0.0464028 0.0012138 0.0334968
0.0464014 0.0012137 0.0334958
0.0464001 0.0012136 0.0334947
0.0463988 0.0012135 0.0334937
0.0463975 0.0012134 0.0334927
0.0463963 0.0012133 0.0334917
  0.046395 0.00121321  0.0334906
 0.0463937 0.00121311  0.0334896
 0.0463924 0.00121301  0.0334886
 0.0463911 0.00121291  0.0334876
 0.0463899 0.00121282  0.0334866
 0.0463886 0.00121272  0.0334856
 0.0463873 0.00121262  0.0334846
 0.0463861 0.00121253  0.0334836
 0.0463848 0.00121243  0.0334826
 0.0463836 0.00121233  0.0334816
 0.0463823 0.00121224  0.0334807
 0.0463811 0.00121214  0.0334797
 0.0463799 0.00121205  0.0334787
 0.0463786 0.00121195  0.0334777
 0.0463774 0.00121186  0.0334768
 0.0463762 0.00121176  0.0334758
  0.046375 0.00121167  0.0334748
 0.0463737 0.00121157  0.0334739
 0.0463725 0.00121148  0.0334729
 0.0463713 0.00121139  0.0334719
 0.0463701 0.00121129   0.033471
0.0463689 0.0012112   0.03347
 0.0463677 0.00121111  0.0334691
 0.0463665 0.00121102  0.0334682
 0.0463654 0.00121093  0.0334672
 0.0463642 0.00121083  0.0334663
  0.046363 0.00121074  0.0334653
 0.0463618 0.00121065  0.0334644
 0.0463607 0.00121056  0.0334635
 0.0463595 0.00121047  0.0334626
 0.0463583 0.00121038  0.0334616
 0.0463572 0.00121029  0.0334607
 0.046356 0.0012102 0.0334598
 0.0463549 0.00121011  0.0334589
 0.0463537 0.00121002   0.033458
 0.0463526 0.00120993  0.0334571
 0.0463514 0.00120984  0.0334562
 0.0463503 0.00120975  0.0334553
 0.0463492 0.00120966  0.0334544
  0.046348 0.00120957  0.0334535
 0.0463469 0.00120949  0.0334526
0.0463458 0.0012094 0.0334517
 0.0463447 0.00120931  0.0334508
 0.0463435 0.00120922  0.0334499
 0.0463424 0.00120914   0.033449
 0.0463413 0.00120905  0.0334482
 0.0463402 0.00120896  0.0334473
 0.0463391 0.00120888  0.0334464
  0.046338 0.00120879  0.0334455
 0.0463369 0.00120871  0.0334447
 0.0463359 0.00120862  0.0334438
 0.0463348 0.00120853   0.033443
 0.0463337 0.00120845  0.0334421
 0.0463326 0.00120836  0.0334412
 0.0463315 0.00120828  0.0334404
0.0463305 0.0012082 0.0334395
 0.0463294 0.00120811  0.0334387
 0.0463283 0.00120803  0.0334378
 0.0463273 0.00120794   0.033437
 0.0463262 0.00120786  0.0334362
 0.0463252 0.00120778  0.0334353
 0.0463241 0.00120769  0.0334345
 0.0463231 0.00120761  0.0334337
  0.046322 0.00120753  0.0334328
  0.046321 0.00120745   0.033432
   0.04632 0.00120736  0.0334312
 0.0463189 0.00120728  0.0334304
0.0463179 0.0012072 0.0334295
 0.0463169 0.00120712  0.0334287
 0.0463158 0.00120704  0.0334279
 0.0463148 0.00120696  0.0334271
 0.0463138 0.00120688  0.0334263
 0.0463128 0.00120679  0.0334255
 0.0463118 0.00120671  0.0334247
 0.0463108 0.00120663  0.0334239
 0.0463098 0.00120655  0.0334231
 0.0463088 0.00120647  0.0334223
0.0463078 0.0012064 0.0334215
 0.0463068 0.00120632  0.0334207
 0.0463058 0.00120624  0.0334199
 0.0463048 0.00120616  0.0334192
 0.0463038 0.00120608  0.0334184
0.0463029  0.001206 0.0334176
 0.0463019 0.00120592  0.0334168
 0.0463009 0.00120585   0.033416
 0.0462999 0.00120577  0.0334153
  0.046299 0.00120569  0.0334145
  0.046298 0.00120561  0.0334137
  0.046297 0.00120554   0.033413
 0.0462961 0.00120546  0.0334122
 0.0462951 0.00120538  0.0334114
 0.0462942 0.00120531  0.0334107
 0.0462932 0.00120523  0.0334099
 0.0462923 0.00120515  0.0334092
 0.0462914 0.00120508  0.0334084
0.0462904  0.001205 0.0334077
 0.0462895 0.00120493  0.0334069
 0.0462885 0.00120485  0.0334062
 0.0462876 0.00120478  0.0334054
0.0462867 0.0012047 0.0334047
 0.0462858 0.00120463   0.033404
 0.0462848 0.00120455  0.0334032
 0.0462839 0.00120448  0.0334025
 0.046283 0.0012044 0.0334018
 0.0462821 0.00120433  0.0334011
 0.0462812 0.00120426  0.0334003
 0.0462803 0.00120418  0.0333996
 0.0462794 0.00120411  0.0333989
 0.0462785 0.00120404  0.0333982
 0.0462776 0.00120396  0.0333974
 0.0462767 0.00120389  0.0333967
 0.0462758 0.00120382   0.033396
 0.0462749 0.00120375  0.0333953
  0.046274 0.00120368  0.0333946
0.0462731 0.0012036 0.0333939
 0.0462723 0.00120353  0.0333932
 0.0462714 0.00120346  0.0333925
 0.0462705 0.00120339  0.0333918
 0.0462696 0.00120332  0.0333911
 0.0462688 0.00120325  0.0333904
 0.0462679 0.00120318  0.0333897
  0.046267 0.00120311   0.033389
 0.0462662 0.00120304  0.0333883
 0.0462653 0.00120297  0.0333877
0.0462645 0.0012029  0.033387
 0.0462636 0.00120283  0.0333863
 0.0462628 0.00120276  0.0333856
 0.0462619 0.00120269  0.0333849
 0.0462611 0.00120262  0.0333843
 0.0462602 0.00120255  0.0333836
 0.0462594 0.00120248  0.0333829
 0.0462586 0.00120241  0.0333823
 0.0462577 0.00120234  0.0333816
 0.0462569 0.00120228  0.0333809
 0.0462561 0.00120221  0.0333803
 0.0462552 0.00120214  0.0333796
 0.0462544 0.00120207   0.033379
 0.0462536 0.00120201  0.0333783
 0.0462528 0.00120194  0.0333776
  0.046252 0.00120187   0.033377
0.0462511 0.0012018 0.0333763
 0.0462503 0.00120174  0.0333757
 0.0462495 0.00120167   0.033375
0.0462487 0.0012016 0.0333744
 0.0462479 0.00120154  0.0333738
 0.0462471 0.00120147  0.0333731
 0.0462463 0.00120141  0.0333725
 0.0462455 0.00120134  0.0333719
 0.0462447 0.00120128  0.0333712
 0.0462439 0.00120121  0.0333706
 0.0462432 0.00120115    0.03337
 0.0462424 0.00120108  0.0333693
 0.0462416 0.00120102  0.0333687
 0.0462408 0.00120095  0.0333681
   0.04624 0.00120089  0.0333675
 0.0462393 0.00120082  0.0333668
 0.0462385 0.00120076  0.0333662
 0.0462377 0.00120069  0.0333656
  0.046237 0.00120063   0.033365
 0.0462362 0.00120057  0.0333644
0.0462354 0.0012005 0.0333638
 0.0462347 0.00120044  0.0333632
 0.0462339 0.00120038  0.0333626
 0.0462332 0.00120031  0.0333619
 0.0462324 0.00120025  0.0333613
 0.0462316 0.00120019  0.0333607
 0.0462309 0.00120013  0.0333601
 0.0462302 0.00120007  0.0333595
0.0462294    0.0012  0.033359
 0.0462287 0.00119994  0.0333584
 0.0462279 0.00119988  0.0333578
 0.0462272 0.00119982  0.0333572
 0.0462265 0.00119976  0.0333566
0.0462257 0.0011997  0.033356
  0.046225 0.00119963  0.0333554
 0.0462243 0.00119957  0.0333548
 0.0462235 0.00119951  0.0333543
 0.0462228 0.00119945  0.0333537
 0.0462221 0.00119939  0.0333531
 0.0462214 0.00119933  0.0333525
 0.0462207 0.00119927  0.0333519
   0.04622 0.00119921  0.0333514
 0.0462192 0.00119915  0.0333508
 0.0462185 0.00119909  0.0333502
 0.0462178 0.00119903  0.0333497
 0.0462171 0.00119897  0.0333491
 0.0462164 0.00119892  0.0333485
 0.0462157 0.00119886   0.033348
 0.046215 0.0011988 0.0333474
 0.0462143 0.00119874  0.0333469
 0.0462136 0.00119868  0.0333463
 0.0462129 0.00119862  0.0333457
 0.0462122 0.00119856  0.0333452
 0.0462116 0.00119851  0.0333446
 0.0462109 0.00119845  0.0333441
 0.0462102 0.00119839  0.0333435
 0.0462095 0.00119833   0.033343
 0.0462088 0.00119828  0.0333425
 0.0462082 0.00119822  0.0333419
 0.0462075 0.00119816  0.0333414
 0.0462068 0.00119811  0.0333408
 0.0462061 0.00119805  0.0333403
 0.0462055 0.00119799  0.0333398
 0.0462048 0.00119794  0.0333392
 0.0462041 0.00119788  0.0333387
 0.0462035 0.00119782  0.0333382
 0.0462028 0.00119777  0.0333376
 0.0462022 0.00119771  0.0333371
 0.0462015 0.00119766  0.0333366
0.0462008 0.0011976  0.033336
 0.0462002 0.00119755  0.0333355
 0.0461995 0.00119749   0.033335
 0.0461989 0.00119744  0.0333345
 0.0461982 0.00119738   0.033334
 0.0461976 0.00119733  0.0333334
  0.046197 0.00119727  0.0333329
 0.0461963 0.00119722  0.0333324
 0.0461957 0.00119716  0.0333319
  0.046195 0.00119711  0.0333314
 0.0461944 0.00119705  0.0333309
0.0461938  0.001197 0.0333304
 0.0461932 0.00119695  0.0333299
 0.0461925 0.00119689  0.0333294
 0.0461919 0.00119684  0.0333288
 0.0461913 0.00119679  0.0333283
 0.0461906 0.00119673  0.0333278
   0.04619 0.00119668  0.0333273
 0.0461894 0.00119663  0.0333268
 0.0461888 0.00119657  0.0333264
 0.0461882 0.00119652  0.0333259
 0.0461876 0.00119647  0.0333254
  0.046187 0.00119642  0.0333249
 0.0461863 0.00119636  0.0333244
 0.0461857 0.00119631  0.0333239
 0.0461851 0.00119626  0.0333234
 0.0461845 0.00119621  0.0333229
 0.0461839 0.00119616  0.0333224
 0.0461833 0.00119611   0.033322
 0.0461827 0.00119605  0.0333215
0.0461821  0.001196  0.033321
 0.0461815 0.00119595  0.0333205
0.0461809 0.0011959   0.03332
 0.0461804 0.00119585  0.0333196
0.0461798 0.0011958 0.0333191
 0.0461792 0.00119575  0.0333186
0.0461786 0.0011957 0.0333181
  0.046178 0.00119565  0.0333177
0.0461774 0.0011956 0.0333172
 0.0461768 0.00119555  0.0333167
0.0461763 0.0011955 0.0333163
 0.0461757 0.00119545  0.0333158
0.0461751 0.0011954 0.0333153
 0.0461745 0.00119535  0.0333149
