  0.031896   -0.01435 0.00481686
 0.0333737 -0.0165836 0.00633614
 0.0343578 -0.0178422 0.00729333
 0.0350288  -0.018512 0.00788644
 0.0354994 -0.0188292 0.00824435
 0.0358399 -0.0189385 0.00845093
 0.0360942 -0.0189284 0.00856071
 0.0362897 -0.0188527 0.00860912
  0.036444 -0.0187441 0.00861916
 0.0365685 -0.0186218  0.0086057
 0.0366706 -0.0184972 0.00857835
 0.0367553 -0.0183767 0.00854328
 0.0368262 -0.0182634 0.00850442
 0.0368858  -0.018159 0.00846427
 0.0369359 -0.0180639 0.00842435
  0.036978 -0.0179779 0.00838558
 0.0370133 -0.0179005 0.00834851
 0.0370426 -0.0178311 0.00831341
 0.0370668 -0.0177688  0.0082804
 0.0370866 -0.0177131 0.00824949
 0.0371024 -0.0176632 0.00822065
 0.0371148 -0.0176184 0.00819378
 0.0371241 -0.0175783 0.00816879
 0.0371309 -0.0175422 0.00814556
 0.0371352 -0.0175096 0.00812398
 0.0371376 -0.0174803 0.00810394
 0.0371381 -0.0174537 0.00808532
 0.0371371 -0.0174295 0.00806802
 0.0371347 -0.0174075 0.00805193
  0.037131 -0.0173874 0.00803696
 0.0371263  -0.017369 0.00802304
 0.0371207  -0.017352 0.00801006
 0.0371142 -0.0173363 0.00799796
  0.037107 -0.0173218 0.00798667
 0.0370992 -0.0173083 0.00797612
 0.0370909 -0.0172956 0.00796625
  0.037082 -0.0172838 0.00795701
 0.0370728 -0.0172726 0.00794834
 0.0370632 -0.0172621 0.00794021
 0.0370533 -0.0172521 0.00793256
 0.0370431 -0.0172426 0.00792535
 0.0370327 -0.0172334 0.00791856
  0.037022 -0.0172247 0.00791214
 0.0370113 -0.0172163 0.00790607
 0.0370003 -0.0172082 0.00790031
 0.0369893 -0.0172004 0.00789485
 0.0369782 -0.0171928 0.00788966
  0.036967 -0.0171855 0.00788471
 0.0369557 -0.0171783 0.00787999
 0.0369444 -0.0171713 0.00787547
  0.036933 -0.0171644 0.00787115
 0.0369217 -0.0171577 0.00786701
 0.0369103 -0.0171511 0.00786302
 0.0368989 -0.0171446 0.00785919
 0.0368875 -0.0171383 0.00785549
 0.0368761  -0.017132 0.00785192
 0.0368647 -0.0171258 0.00784847
 0.0368534 -0.0171197 0.00784512
 0.0368421 -0.0171137 0.00784188
 0.0368308 -0.0171077 0.00783873
 0.0368195 -0.0171019 0.00783566
 0.0368083  -0.017096 0.00783267
 0.0367971 -0.0170903 0.00782975
  0.036786 -0.0170845 0.00782691
 0.0367749 -0.0170789 0.00782412
 0.0367638 -0.0170733  0.0078214
 0.0367528 -0.0170677 0.00781872
 0.0367419 -0.0170622  0.0078161
 0.0367309 -0.0170567 0.00781353
 0.0367201 -0.0170513   0.007811
 0.0367093 -0.0170459 0.00780852
 0.0366985 -0.0170405 0.00780607
 0.0366878 -0.0170352 0.00780366
 0.0366772 -0.0170299 0.00780128
 0.0366666 -0.0170246 0.00779894
  0.036656 -0.0170194 0.00779663
 0.0366456 -0.0170142 0.00779434
 0.0366351 -0.0170091 0.00779209
 0.0366248 -0.0170039 0.00778986
 0.0366144 -0.0169989 0.00778765
 0.0366042 -0.0169938 0.00778547
  0.036594 -0.0169888 0.00778331
 0.0365838 -0.0169838 0.00778118
 0.0365737 -0.0169788 0.00777906
 0.0365637 -0.0169739 0.00777696
 0.0365537  -0.016969 0.00777489
 0.0365437 -0.0169641 0.00777283
 0.0365339 -0.0169592 0.00777079
  0.036524 -0.0169544 0.00776876
 0.0365143 -0.0169496 0.00776676
 0.0365045 -0.0169449 0.00776477
 0.0364949 -0.0169401 0.00776279
 0.0364853 -0.0169354 0.00776083
 0.0364757 -0.0169307 0.00775889
 0.0364662 -0.0169261 0.00775695
 0.0364568 -0.0169214 0.00775504
 0.0364474 -0.0169168 0.00775313
  0.036438 -0.0169122 0.00775125
 0.0364287 -0.0169077 0.00774937
 0.0364195 -0.0169032 0.00774751
 0.0364103 -0.0168987 0.00774566
 0.0364012 -0.0168942 0.00774382
 0.0363921 -0.0168897 0.00774199
  0.036383 -0.0168853 0.00774018
 0.0363741 -0.0168809 0.00773838
 0.0363651 -0.0168765 0.00773659
 0.0363562 -0.0168722 0.00773481
 0.0363474 -0.0168678 0.00773304
 0.0363386 -0.0168635 0.00773128
 0.0363299 -0.0168593 0.00772954
 0.0363212  -0.016855 0.00772781
 0.0363126 -0.0168508 0.00772608
  0.036304 -0.0168466 0.00772437
 0.0362954 -0.0168424 0.00772267
 0.0362869 -0.0168382 0.00772098
 0.0362785 -0.0168341  0.0077193
 0.0362701   -0.01683 0.00771763
 0.0362617 -0.0168259 0.00771597
 0.0362534 -0.0168218 0.00771432
 0.0362452 -0.0168178 0.00771268
  0.036237 -0.0168137 0.00771105
 0.0362288 -0.0168097 0.00770943
 0.0362207 -0.0168058 0.00770782
 0.0362126 -0.0168018 0.00770622
 0.0362046 -0.0167979 0.00770463
 0.0361966 -0.0167939 0.00770305
 0.0361887   -0.01679 0.00770148
 0.0361808 -0.0167862 0.00769992
 0.0361729 -0.0167823 0.00769836
 0.0361651 -0.0167785 0.00769682
 0.0361573 -0.0167747 0.00769529
 0.0361496 -0.0167709 0.00769376
 0.0361419 -0.0167671 0.00769224
 0.0361343 -0.0167634 0.00769074
 0.0361267 -0.0167597 0.00768924
 0.0361192  -0.016756 0.00768775
 0.0361116 -0.0167523 0.00768627
 0.0361042 -0.0167486  0.0076848
 0.0360968  -0.016745 0.00768334
 0.0360894 -0.0167414 0.00768188
  0.036082 -0.0167378 0.00768044
 0.0360747 -0.0167342   0.007679
 0.0360675 -0.0167306 0.00767757
 0.0360602 -0.0167271 0.00767615
 0.0360531 -0.0167235 0.00767474
 0.0360459   -0.01672 0.00767334
 0.0360388 -0.0167166 0.00767195
 0.0360318 -0.0167131 0.00767056
 0.0360247 -0.0167096 0.00766918
 0.0360177 -0.0167062 0.00766781
 0.0360108 -0.0167028 0.00766645
 0.0360039 -0.0166994 0.00766509
  0.035997  -0.016696 0.00766375
 0.0359902 -0.0166927 0.00766241
 0.0359834 -0.0166894 0.00766108
 0.0359766  -0.016686 0.00765976
 0.0359699 -0.0166827 0.00765844
 0.0359632 -0.0166795 0.00765714
 0.0359566 -0.0166762 0.00765584
   0.03595 -0.0166729 0.00765455
 0.0359434 -0.0166697 0.00765326
 0.0359369 -0.0166665 0.00765199
 0.0359304 -0.0166633 0.00765072
 0.0359239 -0.0166601 0.00764946
 0.0359175  -0.016657 0.00764821
 0.0359111 -0.0166538 0.00764696
 0.0359048 -0.0166507 0.00764572
 0.0358984 -0.0166476 0.00764449
 0.0358922 -0.0166445 0.00764327
 0.0358859 -0.0166415 0.00764205
 0.0358797 -0.0166384 0.00764084
 0.0358735 -0.0166354 0.00763964
 0.0358674 -0.0166323 0.00763844
 0.0358612 -0.0166293 0.00763725
 0.0358552 -0.0166263 0.00763607
 0.0358491 -0.0166234  0.0076349
 0.0358431 -0.0166204 0.00763373
 0.0358371 -0.0166175 0.00763257
 0.0358312 -0.0166145 0.00763141
 0.0358253 -0.0166116 0.00763027
 0.0358194 -0.0166087 0.00762913
 0.0358135 -0.0166059 0.00762799
 0.0358077  -0.016603 0.00762687
 0.0358019 -0.0166002 0.00762575
 0.0357962 -0.0165973 0.00762463
 0.0357904 -0.0165945 0.00762353
 0.0357847 -0.0165917 0.00762242
 0.0357791 -0.0165889 0.00762133
 0.0357735 -0.0165861 0.00762024
 0.0357679 -0.0165834 0.00761916
 0.0357623 -0.0165806 0.00761809
 0.0357567 -0.0165779 0.00761702
 0.0357512 -0.0165752 0.00761596
 0.0357458 -0.0165725  0.0076149
 0.0357403 -0.0165698 0.00761385
 0.0357349 -0.0165672 0.00761281
 0.0357295 -0.0165645 0.00761177
 0.0357242 -0.0165619 0.00761074
 0.0357188 -0.0165592 0.00760971
 0.0357135 -0.0165566 0.00760869
 0.0357083  -0.016554 0.00760768
  0.035703 -0.0165515 0.00760667
 0.0356978 -0.0165489 0.00760567
 0.0356926 -0.0165463 0.00760468
 0.0356875 -0.0165438 0.00760369
 0.0356823 -0.0165413  0.0076027
 0.0356772 -0.0165388 0.00760173
 0.0356722 -0.0165363 0.00760076
 0.0356671 -0.0165338 0.00759979
 0.0356621 -0.0165313 0.00759883
 0.0356571 -0.0165288 0.00759787
 0.0356522 -0.0165264 0.00759692
 0.0356472  -0.016524 0.00759598
 0.0356423 -0.0165215 0.00759504
 0.0356374 -0.0165191 0.00759411
 0.0356326 -0.0165167 0.00759318
 0.0356277 -0.0165144 0.00759226
 0.0356229  -0.016512 0.00759135
 0.0356182 -0.0165096 0.00759043
 0.0356134 -0.0165073 0.00758953
 0.0356087  -0.016505 0.00758863
  0.035604 -0.0165026 0.00758773
 0.0355993 -0.0165003 0.00758684
 0.0355947  -0.016498 0.00758596
 0.0355901 -0.0164958 0.00758508
 0.0355855 -0.0164935 0.00758421
 0.0355809 -0.0164912 0.00758334
 0.0355763  -0.016489 0.00758248
 0.0355718 -0.0164868 0.00758162
 0.0355673 -0.0164845 0.00758076
 0.0355628 -0.0164823 0.00757992
 0.0355584 -0.0164801 0.00757907
  0.035554 -0.0164779 0.00757823
 0.0355496 -0.0164758  0.0075774
 0.0355452 -0.0164736 0.00757657
 0.0355408 -0.0164715 0.00757575
 0.0355365 -0.0164693 0.00757493
 0.0355322 -0.0164672 0.00757412
 0.0355279 -0.0164651 0.00757331
0.0355237 -0.016463 0.0075725
 0.0355194 -0.0164609 0.00757171
 0.0355152 -0.0164588 0.00757091
  0.035511 -0.0164567 0.00757012
 0.0355069 -0.0164547 0.00756934
 0.0355027 -0.0164526 0.00756855
 0.0354986 -0.0164506 0.00756778
 0.0354945 -0.0164485 0.00756701
 0.0354904 -0.0164465 0.00756624
 0.0354864 -0.0164445 0.00756548
 0.0354823 -0.0164425 0.00756472
 0.0354783 -0.0164405 0.00756397
 0.0354743 -0.0164386 0.00756322
 0.0354704 -0.0164366 0.00756247
 0.0354664 -0.0164346 0.00756173
 0.0354625 -0.0164327   0.007561
 0.0354586 -0.0164308 0.00756027
 0.0354547 -0.0164288 0.00755954
 0.0354508 -0.0164269 0.00755882
 0.035447 -0.016425 0.0075581
 0.0354432 -0.0164231 0.00755739
 0.0354394 -0.0164213 0.00755668
 0.0354356 -0.0164194 0.00755597
 0.0354318 -0.0164175 0.00755527
 0.0354281 -0.0164157 0.00755457
 0.0354244 -0.0164138 0.00755388
 0.0354207  -0.016412 0.00755319
  0.035417 -0.0164102 0.00755251
 0.0354134 -0.0164084 0.00755183
 0.0354097 -0.0164066 0.00755115
 0.0354061 -0.0164048 0.00755048
 0.0354025  -0.016403 0.00754981
 0.0353989 -0.0164012 0.00754914
 0.0353954 -0.0163994 0.00754848
 0.0353918 -0.0163977 0.00754783
 0.0353883 -0.0163959 0.00754717
 0.0353848 -0.0163942 0.00754652
 0.0353813 -0.0163925 0.00754588
 0.0353778 -0.0163908 0.00754524
0.0353744 -0.016389 0.0075446
  0.035371 -0.0163873 0.00754397
 0.0353676 -0.0163857 0.00754334
 0.0353642  -0.016384 0.00754271
 0.0353608 -0.0163823 0.00754209
 0.0353574 -0.0163806 0.00754147
 0.0353541  -0.016379 0.00754085
 0.0353508 -0.0163773 0.00754024
 0.0353475 -0.0163757 0.00753963
 0.0353442 -0.0163741 0.00753903
 0.0353409 -0.0163724 0.00753843
 0.0353377 -0.0163708 0.00753783
 0.0353345 -0.0163692 0.00753724
 0.0353313 -0.0163676 0.00753665
 0.0353281  -0.016366 0.00753606
 0.0353249 -0.0163645 0.00753548
 0.0353217 -0.0163629  0.0075349
 0.0353186 -0.0163613 0.00753433
 0.0353155 -0.0163598 0.00753375
 0.0353123 -0.0163582 0.00753319
 0.0353092 -0.0163567 0.00753262
 0.0353062 -0.0163552 0.00753206
 0.0353031 -0.0163536  0.0075315
 0.0353001 -0.0163521 0.00753094
  0.035297 -0.0163506 0.00753039
  0.035294 -0.0163491 0.00752984
  0.035291 -0.0163476  0.0075293
 0.0352881 -0.0163461 0.00752876
 0.0352851 -0.0163447 0.00752822
 0.0352822 -0.0163432 0.00752768
 0.0352792 -0.0163417 0.00752715
 0.0352763 -0.0163403 0.00752662
 0.0352734 -0.0163389 0.00752609
 0.0352705 -0.0163374 0.00752557
 0.0352677  -0.016336 0.00752505
 0.0352648 -0.0163346 0.00752453
  0.035262 -0.0163332 0.00752402
 0.0352591 -0.0163317 0.00752351
 0.0352563 -0.0163303   0.007523
0.0352535 -0.016329 0.0075225
 0.0352508 -0.0163276   0.007522
  0.035248 -0.0163262  0.0075215
 0.0352453 -0.0163248   0.007521
 0.0352425 -0.0163235 0.00752051
 0.0352398 -0.0163221 0.00752002
 0.0352371 -0.0163208 0.00751954
 0.0352344 -0.0163194 0.00751905
 0.0352317 -0.0163181 0.00751857
 0.0352291 -0.0163168  0.0075181
 0.0352264 -0.0163154 0.00751762
 0.0352238 -0.0163141 0.00751715
 0.0352212 -0.0163128 0.00751668
 0.0352186 -0.0163115 0.00751621
  0.035216 -0.0163102 0.00751575
 0.0352134 -0.0163089 0.00751529
 0.0352109 -0.0163077 0.00751483
 0.0352083 -0.0163064 0.00751438
 0.0352058 -0.0163051 0.00751393
 0.0352033 -0.0163039 0.00751348
 0.0352008 -0.0163026 0.00751303
 0.0351983 -0.0163014 0.00751259
 0.0351958 -0.0163001 0.00751214
 0.0351933 -0.0162989 0.00751171
 0.0351909 -0.0162977 0.00751127
 0.0351884 -0.0162965 0.00751084
  0.035186 -0.0162952 0.00751041
 0.0351836  -0.016294 0.00750998
 0.0351812 -0.0162928 0.00750955
 0.0351788 -0.0162916 0.00750913
 0.0351764 -0.0162905 0.00750871
 0.0351741 -0.0162893 0.00750829
 0.0351717 -0.0162881 0.00750788
 0.0351694 -0.0162869 0.00750746
 0.0351671 -0.0162858 0.00750705
 0.0351647 -0.0162846 0.00750665
 0.0351624 -0.0162835 0.00750624
 0.0351602 -0.0162823 0.00750584
 0.0351579 -0.0162812 0.00750544
 0.0351556   -0.01628 0.00750504
 0.0351534 -0.0162789 0.00750465
 0.0351511 -0.0162778 0.00750425
 0.0351489 -0.0162767 0.00750386
 0.0351467 -0.0162756 0.00750347
 0.0351445 -0.0162745 0.00750309
 0.0351423 -0.0162734  0.0075027
 0.0351401 -0.0162723 0.00750232
 0.0351379 -0.0162712 0.00750194
 0.0351358 -0.0162701 0.00750157
 0.0351336  -0.016269 0.00750119
 0.0351315  -0.016268 0.00750082
 0.0351294 -0.0162669 0.00750045
 0.0351273 -0.0162658 0.00750009
 0.0351252 -0.0162648 0.00749972
 0.0351231 -0.0162637 0.00749936
  0.035121 -0.0162627   0.007499
  0.035119 -0.0162617 0.00749864
 0.0351169 -0.0162606 0.00749828
 0.0351149 -0.0162596 0.00749793
 0.0351128 -0.0162586 0.00749758
 0.0351108 -0.0162576 0.00749723
 0.0351088 -0.0162565 0.00749688
 0.0351068 -0.0162555 0.00749654
 0.0351048 -0.0162545 0.00749619
 0.0351028 -0.0162535 0.00749585
 0.0351009 -0.0162526 0.00749551
 0.0350989 -0.0162516 0.00749518
  0.035097 -0.0162506 0.00749484
  0.035095 -0.0162496 0.00749451
 0.0350931 -0.0162487 0.00749418
 0.0350912 -0.0162477 0.00749385
 0.0350893 -0.0162467 0.00749352
 0.0350874 -0.0162458  0.0074932
 0.0350855 -0.0162448 0.00749288
 0.0350836 -0.0162439 0.00749256
 0.0350818 -0.0162429 0.00749224
 0.0350799  -0.016242 0.00749192
 0.0350781 -0.0162411 0.00749161
 0.0350762 -0.0162402  0.0074913
 0.0350744 -0.0162392 0.00749099
 0.0350726 -0.0162383 0.00749068
 0.0350708 -0.0162374 0.00749037
  0.035069 -0.0162365 0.00749007
 0.0350672 -0.0162356 0.00748976
 0.0350654 -0.0162347 0.00748946
 0.0350636 -0.0162338 0.00748916
 0.0350619 -0.0162329 0.00748886
 0.0350601 -0.0162321 0.00748857
 0.0350584 -0.0162312 0.00748828
 0.0350567 -0.0162303 0.00748798
  0.035055 -0.0162294 0.00748769
 0.0350532 -0.0162286 0.00748741
 0.0350515 -0.0162277 0.00748712
 0.0350498 -0.0162269 0.00748684
 0.0350482  -0.016226 0.00748655
 0.0350465 -0.0162252 0.00748627
 0.0350448 -0.0162243 0.00748599
 0.0350432 -0.0162235 0.00748572
 0.0350415 -0.0162227 0.00748544
 0.0350399 -0.0162218 0.00748517
 0.0350382  -0.016221 0.00748489
 0.0350366 -0.0162202 0.00748462
  0.035035 -0.0162194 0.00748436
 0.0350334 -0.0162186 0.00748409
 0.0350318 -0.0162177 0.00748382
 0.0350302 -0.0162169 0.00748356
 0.0350286 -0.0162161  0.0074833
 0.0350271 -0.0162154 0.00748304
 0.0350255 -0.0162146 0.00748278
  0.035024 -0.0162138 0.00748252
 0.0350224  -0.016213 0.00748227
 0.0350209 -0.0162122 0.00748201
 0.0350193 -0.0162114 0.00748176
 0.0350178 -0.0162107 0.00748151
 0.0350163 -0.0162099 0.00748126
 0.0350148 -0.0162091 0.00748101
 0.0350133 -0.0162084 0.00748077
 0.0350118 -0.0162076 0.00748052
 0.0350103 -0.0162069 0.00748028
 0.0350089 -0.0162061 0.00748004
 0.0350074 -0.0162054  0.0074798
  0.035006 -0.0162047 0.00747956
 0.0350045 -0.0162039 0.00747933
 0.0350031 -0.0162032 0.00747909
 0.0350016 -0.0162025 0.00747886
 0.0350002 -0.0162017 0.00747862
 0.0349988  -0.016201 0.00747839
 0.0349974 -0.0162003 0.00747816
  0.034996 -0.0161996 0.00747794
 0.0349946 -0.0161989 0.00747771
 0.0349932 -0.0161982 0.00747749
 0.0349918 -0.0161975 0.00747726
 0.0349904 -0.0161968 0.00747704
 0.0349891 -0.0161961 0.00747682
 0.0349877 -0.0161954  0.0074766
 0.0349864 -0.0161947 0.00747638
  0.034985  -0.016194 0.00747617
 0.0349837 -0.0161933 0.00747595
 0.0349824 -0.0161927 0.00747574
  0.034981  -0.016192 0.00747553
 0.0349797 -0.0161913 0.00747532
 0.0349784 -0.0161907 0.00747511
0.0349771  -0.01619 0.0074749
 0.0349758 -0.0161893 0.00747469
 0.0349745 -0.0161887 0.00747449
 0.0349732  -0.016188 0.00747429
  0.034972 -0.0161874 0.00747408
 0.0349707 -0.0161867 0.00747388
 0.0349694 -0.0161861 0.00747368
 0.0349682 -0.0161855 0.00747348
 0.0349669 -0.0161848 0.00747329
 0.0349657 -0.0161842 0.00747309
 0.0349645 -0.0161836 0.00747289
 0.0349632 -0.0161829  0.0074727
  0.034962 -0.0161823 0.00747251
 0.0349608 -0.0161817 0.00747232
 0.0349596 -0.0161811 0.00747213
 0.0349584 -0.0161805 0.00747194
 0.0349572 -0.0161798 0.00747175
  0.034956 -0.0161792 0.00747157
 0.0349548 -0.0161786 0.00747138
0.0349537 -0.016178 0.0074712
 0.0349525 -0.0161774 0.00747102
 0.0349513 -0.0161768 0.00747084
 0.0349502 -0.0161763 0.00747066
  0.034949 -0.0161757 0.00747048
 0.0349479 -0.0161751  0.0074703
 0.0349468 -0.0161745 0.00747012
 0.0349456 -0.0161739 0.00746995
 0.0349445 -0.0161733 0.00746977
 0.0349434 -0.0161728  0.0074696
 0.0349423 -0.0161722 0.00746943
 0.0349412 -0.0161716 0.00746926
 0.0349401 -0.0161711 0.00746909
  0.034939 -0.0161705 0.00746892
 0.0349379   -0.01617 0.00746875
 0.0349368 -0.0161694 0.00746859
 0.0349357 -0.0161688 0.00746842
 0.0349346 -0.0161683 0.00746826
 0.0349336 -0.0161677 0.00746809
 0.0349325 -0.0161672 0.00746793
 0.0349315 -0.0161667 0.00746777
 0.0349304 -0.0161661 0.00746761
 0.0349294 -0.0161656 0.00746745
 0.0349283 -0.0161651  0.0074673
 0.0349273 -0.0161645 0.00746714
 0.0349263  -0.016164 0.00746699
 0.0349252 -0.0161635 0.00746683
 0.0349242  -0.016163 0.00746668
 0.0349232 -0.0161624 0.00746653
 0.0349222 -0.0161619 0.00746637
 0.0349212 -0.0161614 0.00746622
 0.0349202 -0.0161609 0.00746607
 0.0349192 -0.0161604 0.00746593
 0.0349182 -0.0161599 0.00746578
 0.0349173 -0.0161594 0.00746563
 0.0349163 -0.0161589 0.00746549
 0.0349153 -0.0161584 0.00746534
 0.0349144 -0.0161579  0.0074652
 0.0349134 -0.0161574 0.00746506
 0.0349125 -0.0161569 0.00746492
 0.0349115 -0.0161564 0.00746478
 0.0349106 -0.0161559 0.00746464
 0.0349096 -0.0161554  0.0074645
 0.0349087  -0.016155 0.00746436
 0.0349078 -0.0161545 0.00746423
 0.0349068  -0.016154 0.00746409
 0.0349059 -0.0161535 0.00746396
  0.034905 -0.0161531 0.00746382
 0.0349041 -0.0161526 0.00746369
 0.0349032 -0.0161521 0.00746356
 0.0349023 -0.0161517 0.00746343
 0.0349014 -0.0161512  0.0074633
 0.0349005 -0.0161507 0.00746317
 0.0348996 -0.0161503 0.00746304
 0.0348988 -0.0161498 0.00746291
 0.0348979 -0.0161494 0.00746279
  0.034897 -0.0161489 0.00746266
 0.0348962 -0.0161485 0.00746253
 0.0348953  -0.016148 0.00746241
 0.0348944 -0.0161476 0.00746229
 0.0348936 -0.0161472 0.00746217
 0.0348928 -0.0161467 0.00746204
 0.0348919 -0.0161463 0.00746192
 0.0348911 -0.0161459  0.0074618
 0.0348902 -0.0161454 0.00746169
 0.0348894  -0.016145 0.00746157
 0.0348886 -0.0161446 0.00746145
 0.0348878 -0.0161441 0.00746133
  0.034887 -0.0161437 0.00746122
 0.0348861 -0.0161433  0.0074611
 0.0348853 -0.0161429 0.00746099
 0.0348845 -0.0161425 0.00746088
 0.0348837  -0.016142 0.00746077
 0.0348829 -0.0161416 0.00746065
 0.0348822 -0.0161412 0.00746054
 0.0348814 -0.0161408 0.00746043
 0.0348806 -0.0161404 0.00746032
 0.0348798   -0.01614 0.00746022
  0.034879 -0.0161396 0.00746011
 0.0348783 -0.0161392    0.00746
 0.0348775 -0.0161388  0.0074599
 0.0348768 -0.0161384 0.00745979
  0.034876  -0.016138 0.00745969
 0.0348753 -0.0161376 0.00745958
 0.0348745 -0.0161372 0.00745948
 0.0348738 -0.0161369 0.00745938
  0.034873 -0.0161365 0.00745928
 0.0348723 -0.0161361 0.00745917
 0.0348716 -0.0161357 0.00745907
 0.0348708 -0.0161353 0.00745898
 0.0348701  -0.016135 0.00745888
 0.0348694 -0.0161346 0.00745878
 0.0348687 -0.0161342 0.00745868
  0.034868 -0.0161338 0.00745858
 0.0348673 -0.0161335 0.00745849
 0.0348665 -0.0161331 0.00745839
 0.0348658 -0.0161327  0.0074583
 0.0348652 -0.0161324 0.00745821
 0.0348645  -0.016132 0.00745811
 0.0348638 -0.0161316 0.00745802
 0.0348631 -0.0161313 0.00745793
 0.0348624 -0.0161309 0.00745784
 0.0348617 -0.0161306 0.00745775
 0.0348611 -0.0161302 0.00745766
 0.0348604 -0.0161299 0.00745757
 0.0348597 -0.0161295 0.00745748
 0.0348591 -0.0161292 0.00745739
 0.0348584 -0.0161288 0.00745731
 0.0348577 -0.0161285 0.00745722
 0.0348571 -0.0161281 0.00745713
 0.0348564 -0.0161278 0.00745705
 0.0348558 -0.0161275 0.00745696
 0.0348551 -0.0161271 0.00745688
 0.0348545 -0.0161268  0.0074568
 0.0348539 -0.0161265 0.00745671
 0.0348532 -0.0161261 0.00745663
 0.0348526 -0.0161258 0.00745655
  0.034852 -0.0161255 0.00745647
 0.0348514 -0.0161251 0.00745639
 0.0348508 -0.0161248 0.00745631
 0.0348501 -0.0161245 0.00745623
 0.0348495 -0.0161242 0.00745615
 0.0348489 -0.0161239 0.00745608
 0.0348483 -0.0161235   0.007456
 0.0348477 -0.0161232 0.00745592
 0.0348471 -0.0161229 0.00745585
 0.0348465 -0.0161226 0.00745577
 0.0348459 -0.0161223  0.0074557
 0.0348453  -0.016122 0.00745562
 0.0348447 -0.0161217 0.00745555
 0.0348442 -0.0161214 0.00745547
 0.0348436 -0.0161211  0.0074554
  0.034843 -0.0161207 0.00745533
 0.0348424 -0.0161204 0.00745526
 0.0348419 -0.0161201 0.00745519
 0.0348413 -0.0161198 0.00745512
 0.0348407 -0.0161195 0.00745505
 0.0348402 -0.0161193 0.00745498
 0.0348396  -0.016119 0.00745491
 0.0348391 -0.0161187 0.00745484
 0.0348385 -0.0161184 0.00745477
  0.034838 -0.0161181 0.00745471
 0.0348374 -0.0161178 0.00745464
 0.0348369 -0.0161175 0.00745457
 0.0348363 -0.0161172 0.00745451
 0.0348358 -0.0161169 0.00745444
 0.0348353 -0.0161167 0.00745438
 0.0348347 -0.0161164 0.00745431
 0.0348342 -0.0161161 0.00745425
 0.0348337 -0.0161158 0.00745419
 0.0348332 -0.0161155 0.00745413
 0.0348326 -0.0161153 0.00745406
0.0348321 -0.016115  0.007454
 0.0348316 -0.0161147 0.00745394
 0.0348311 -0.0161144 0.00745388
 0.0348306 -0.0161142 0.00745382
 0.0348301 -0.0161139 0.00745376
 0.0348296 -0.0161136  0.0074537
 0.0348291 -0.0161134 0.00745364
 0.0348286 -0.0161131 0.00745359
 0.0348281 -0.0161128 0.00745353
 0.0348276 -0.0161126 0.00745347
 0.0348271 -0.0161123 0.00745341
 0.0348266 -0.0161121 0.00745336
 0.0348261 -0.0161118  0.0074533
 0.0348257 -0.0161116 0.00745325
 0.0348252 -0.0161113 0.00745319
 0.0348247  -0.016111 0.00745314
 0.0348242 -0.0161108 0.00745308
 0.0348238 -0.0161105 0.00745303
 0.0348233 -0.0161103 0.00745298
 0.0348228   -0.01611 0.00745292
 0.0348224 -0.0161098 0.00745287
 0.0348219 -0.0161095 0.00745282
 0.0348214 -0.0161093 0.00745277
  0.034821 -0.0161091 0.00745272
 0.0348205 -0.0161088 0.00745267
 0.0348201 -0.0161086 0.00745262
 0.0348196 -0.0161083 0.00745257
 0.0348192 -0.0161081 0.00745252
 0.0348187 -0.0161079 0.00745247
 0.0348183 -0.0161076 0.00745242
 0.0348179 -0.0161074 0.00745237
 0.0348174 -0.0161072 0.00745233
  0.034817 -0.0161069 0.00745228
 0.0348166 -0.0161067 0.00745223
 0.0348161 -0.0161065 0.00745219
 0.0348157 -0.0161062 0.00745214
 0.0348153  -0.016106 0.00745209
 0.0348149 -0.0161058 0.00745205
 0.0348144 -0.0161056   0.007452
  0.034814 -0.0161053 0.00745196
 0.0348136 -0.0161051 0.00745192
 0.0348132 -0.0161049 0.00745187
 0.0348128 -0.0161047 0.00745183
 0.0348124 -0.0161044 0.00745179
  0.034812 -0.0161042 0.00745174
0.0348116 -0.016104 0.0074517
 0.0348112 -0.0161038 0.00745166
 0.0348108 -0.0161036 0.00745162
 0.0348104 -0.0161034 0.00745158
   0.03481 -0.0161031 0.00745154
 0.0348096 -0.0161029  0.0074515
 0.0348092 -0.0161027 0.00745146
 0.0348088 -0.0161025 0.00745142
 0.0348084 -0.0161023 0.00745138
  0.034808 -0.0161021 0.00745134
 0.0348076 -0.0161019  0.0074513
 0.0348073 -0.0161017 0.00745126
 0.0348069 -0.0161015 0.00745122
 0.0348065 -0.0161013 0.00745119
 0.0348061 -0.0161011 0.00745115
 0.0348058 -0.0161009 0.00745111
 0.0348054 -0.0161007 0.00745108
  0.034805 -0.0161005 0.00745104
 0.0348047 -0.0161003 0.00745101
 0.0348043 -0.0161001 0.00745097
 0.0348039 -0.0160999 0.00745093
 0.0348036 -0.0160997  0.0074509
 0.0348032 -0.0160995 0.00745087
 0.0348029 -0.0160993 0.00745083
 0.0348025 -0.0160991  0.0074508
 0.0348021 -0.0160989 0.00745076
 0.0348018 -0.0160987 0.00745073
 0.0348014 -0.0160985  0.0074507
 0.0348011 -0.0160983 0.00745067
 0.0348008 -0.0160982 0.00745063
0.0348004 -0.016098 0.0074506
 0.0348001 -0.0160978 0.00745057
 0.0347997 -0.0160976 0.00745054
 0.0347994 -0.0160974 0.00745051
 0.0347991 -0.0160972 0.00745048
 0.0347987 -0.0160971 0.00745045
 0.0347984 -0.0160969 0.00745042
 0.0347981 -0.0160967 0.00745039
 0.0347977 -0.0160965 0.00745036
 0.0347974 -0.0160963 0.00745033
 0.0347971 -0.0160962  0.0074503
 0.0347968  -0.016096 0.00745027
 0.0347964 -0.0160958 0.00745024
 0.0347961 -0.0160956 0.00745022
 0.0347958 -0.0160955 0.00745019
 0.0347955 -0.0160953 0.00745016
 0.0347952 -0.0160951 0.00745013
 0.0347949 -0.0160949 0.00745011
 0.0347946 -0.0160948 0.00745008
 0.0347942 -0.0160946 0.00745005
 0.0347939 -0.0160944 0.00745003
 0.0347936 -0.0160943    0.00745
 0.0347933 -0.0160941 0.00744998
  0.034793 -0.0160939 0.00744995
 0.0347927 -0.0160938 0.00744993
 0.0347924 -0.0160936  0.0074499
 0.0347921 -0.0160934 0.00744988
 0.0347918 -0.0160933 0.00744985
 0.0347915 -0.0160931 0.00744983
0.0347913 -0.016093 0.0074498
  0.034791 -0.0160928 0.00744978
 0.0347907 -0.0160926 0.00744976
 0.0347904 -0.0160925 0.00744974
 0.0347901 -0.0160923 0.00744971
 0.0347898 -0.0160922 0.00744969
 0.0347895  -0.016092 0.00744967
 0.0347893 -0.0160919 0.00744965
  0.034789 -0.0160917 0.00744962
 0.0347887 -0.0160915  0.0074496
 0.0347884 -0.0160914 0.00744958
 0.0347881 -0.0160912 0.00744956
 0.0347879 -0.0160911 0.00744954
 0.0347876 -0.0160909 0.00744952
 0.0347873 -0.0160908  0.0074495
 0.0347871 -0.0160906 0.00744948
 0.0347868 -0.0160905 0.00744946
 0.0347865 -0.0160903 0.00744944
 0.0347863 -0.0160902 0.00744942
 0.034786  -0.01609 0.0074494
 0.0347857 -0.0160899 0.00744938
 0.0347855 -0.0160898 0.00744936
 0.0347852 -0.0160896 0.00744935
  0.034785 -0.0160895 0.00744933
 0.0347847 -0.0160893 0.00744931
 0.0347844 -0.0160892 0.00744929
 0.0347842  -0.016089 0.00744927
 0.0347839 -0.0160889 0.00744926
 0.0347837 -0.0160888 0.00744924
 0.0347834 -0.0160886 0.00744922
 0.0347832 -0.0160885 0.00744921
  0.034783 -0.0160884 0.00744919
 0.0347827 -0.0160882 0.00744917
 0.0347825 -0.0160881 0.00744916
 0.0347822 -0.0160879 0.00744914
  0.034782 -0.0160878 0.00744913
 0.0347817 -0.0160877 0.00744911
 0.0347815 -0.0160875  0.0074491
 0.0347813 -0.0160874 0.00744908
  0.034781 -0.0160873 0.00744907
 0.0347808 -0.0160871 0.00744905
 0.0347806  -0.016087 0.00744904
 0.0347803 -0.0160869 0.00744902
 0.0347801 -0.0160868 0.00744901
 0.0347799 -0.0160866   0.007449
 0.0347796 -0.0160865 0.00744898
 0.0347794 -0.0160864 0.00744897
 0.0347792 -0.0160863 0.00744895
  0.034779 -0.0160861 0.00744894
 0.0347787  -0.016086 0.00744893
 0.0347785 -0.0160859 0.00744892
 0.0347783 -0.0160858  0.0074489
 0.0347781 -0.0160856 0.00744889
 0.0347779 -0.0160855 0.00744888
 0.0347777 -0.0160854 0.00744887
 0.0347774 -0.0160853 0.00744886
 0.0347772 -0.0160851 0.00744884
  0.034777  -0.016085 0.00744883
 0.0347768 -0.0160849 0.00744882
 0.0347766 -0.0160848 0.00744881
 0.0347764 -0.0160847  0.0074488
 0.0347762 -0.0160845 0.00744879
  0.034776 -0.0160844 0.00744878
 0.0347758 -0.0160843 0.00744877
 0.0347756 -0.0160842 0.00744876
 0.0347754 -0.0160841 0.00744875
 0.0347751  -0.016084 0.00744874
 0.0347749 -0.0160839 0.00744873
 0.0347747 -0.0160837 0.00744872
 0.0347745 -0.0160836 0.00744871
 0.0347744 -0.0160835  0.0074487
 0.0347742 -0.0160834 0.00744869
  0.034774 -0.0160833 0.00744868
 0.0347738 -0.0160832 0.00744867
 0.0347736 -0.0160831 0.00744866
 0.0347734  -0.016083 0.00744865
 0.0347732 -0.0160828 0.00744865
  0.034773 -0.0160827 0.00744864
 0.0347728 -0.0160826 0.00744863
 0.0347726 -0.0160825 0.00744862
 0.0347724 -0.0160824 0.00744861
 0.0347722 -0.0160823 0.00744861
 0.0347721 -0.0160822  0.0074486
 0.0347719 -0.0160821 0.00744859
 0.0347717  -0.016082 0.00744859
 0.0347715 -0.0160819 0.00744858
 0.0347713 -0.0160818 0.00744857
 0.0347712 -0.0160817 0.00744856
  0.034771 -0.0160816 0.00744856
 0.0347708 -0.0160815 0.00744855
 0.0347706 -0.0160814 0.00744855
 0.0347704 -0.0160813 0.00744854
 0.0347703 -0.0160812 0.00744853
 0.0347701 -0.0160811 0.00744853
 0.0347699  -0.016081 0.00744852
 0.0347697 -0.0160809 0.00744852
 0.0347696 -0.0160808 0.00744851
 0.0347694 -0.0160807 0.00744851
 0.0347692 -0.0160806  0.0074485
 0.0347691 -0.0160805  0.0074485
 0.0347689 -0.0160804 0.00744849
 0.0347687 -0.0160803 0.00744849
 0.0347686 -0.0160802 0.00744848
 0.0347684 -0.0160801 0.00744848
 0.0347682   -0.01608 0.00744847
 0.0347681 -0.0160799 0.00744847
 0.0347679 -0.0160798 0.00744846
 0.0347678 -0.0160797 0.00744846
 0.0347676 -0.0160796 0.00744846
 0.0347674 -0.0160795 0.00744845
 0.0347673 -0.0160794 0.00744845
 0.0347671 -0.0160794 0.00744844
  0.034767 -0.0160793 0.00744844
 0.0347668 -0.0160792 0.00744844
 0.0347667 -0.0160791 0.00744843
 0.0347665  -0.016079 0.00744843
 0.0347664 -0.0160789 0.00744843
 0.0347662 -0.0160788 0.00744843
  0.034766 -0.0160787 0.00744842
 0.0347659 -0.0160786 0.00744842
 0.0347657 -0.0160786 0.00744842
 0.0347656 -0.0160785 0.00744842
 0.0347655 -0.0160784 0.00744841
 0.0347653 -0.0160783 0.00744841
 0.0347652 -0.0160782 0.00744841
  0.034765 -0.0160781 0.00744841
0.0347649 -0.016078 0.0074484
0.0347647 -0.016078 0.0074484
 0.0347646 -0.0160779  0.0074484
 0.0347644 -0.0160778  0.0074484
 0.0347643 -0.0160777  0.0074484
 0.0347642 -0.0160776  0.0074484
  0.034764 -0.0160775  0.0074484
 0.0347639 -0.0160775 0.00744839
 0.0347637 -0.0160774 0.00744839
 0.0347636 -0.0160773 0.00744839
 0.0347635 -0.0160772 0.00744839
 0.0347633 -0.0160771 0.00744839
 0.0347632 -0.0160771 0.00744839
 0.0347631  -0.016077 0.00744839
 0.0347629 -0.0160769 0.00744839
 0.0347628 -0.0160768 0.00744839
 0.0347627 -0.0160767 0.00744839
 0.0347625 -0.0160767 0.00744839
 0.0347624 -0.0160766 0.00744839
 0.0347623 -0.0160765 0.00744839
 0.0347621 -0.0160764 0.00744839
  0.034762 -0.0160764 0.00744839
 0.0347619 -0.0160763 0.00744839
 0.0347618 -0.0160762 0.00744839
 0.0347616 -0.0160761 0.00744839
 0.0347615 -0.0160761 0.00744839
 0.0347614  -0.016076 0.00744839
 0.0347613 -0.0160759 0.00744839
 0.0347611 -0.0160758 0.00744839
  0.034761 -0.0160758 0.00744839
 0.0347609 -0.0160757 0.00744839
 0.0347608 -0.0160756  0.0074484
 0.0347607 -0.0160755  0.0074484
 0.0347605 -0.0160755  0.0074484
 0.0347604 -0.0160754  0.0074484
 0.0347603 -0.0160753  0.0074484
 0.0347602 -0.0160753  0.0074484
 0.0347601 -0.0160752  0.0074484
   0.03476 -0.0160751 0.00744841
 0.0347598 -0.0160751 0.00744841
 0.0347597  -0.016075 0.00744841
 0.0347596 -0.0160749 0.00744841
 0.0347595 -0.0160748 0.00744841
 0.0347594 -0.0160748 0.00744842
 0.0347593 -0.0160747 0.00744842
 0.0347592 -0.0160746 0.00744842
  0.034759 -0.0160746 0.00744842
 0.0347589 -0.0160745 0.00744842
 0.0347588 -0.0160744 0.00744843
 0.0347587 -0.0160744 0.00744843
 0.0347586 -0.0160743 0.00744843
 0.0347585 -0.0160742 0.00744843
 0.0347584 -0.0160742 0.00744844
 0.0347583 -0.0160741 0.00744844
 0.0347582 -0.0160741 0.00744844
 0.0347581  -0.016074 0.00744845
  0.034758 -0.0160739 0.00744845
 0.0347579 -0.0160739 0.00744845
 0.0347578 -0.0160738 0.00744846
 0.0347577 -0.0160737 0.00744846
 0.0347576 -0.0160737 0.00744846
 0.0347575 -0.0160736 0.00744846
 0.0347574 -0.0160735 0.00744847
 0.0347573 -0.0160735 0.00744847
 0.0347572 -0.0160734 0.00744848
 0.0347571 -0.0160734 0.00744848
  0.034757 -0.0160733 0.00744848
 0.0347569 -0.0160732 0.00744849
 0.0347568 -0.0160732 0.00744849
 0.0347567 -0.0160731 0.00744849
 0.0347566 -0.0160731  0.0074485
0.0347565 -0.016073 0.0074485
 0.0347564 -0.0160729 0.00744851
 0.0347563 -0.0160729 0.00744851
 0.0347562 -0.0160728 0.00744851
 0.0347561 -0.0160728 0.00744852
  0.034756 -0.0160727 0.00744852
 0.0347559 -0.0160727 0.00744853
 0.0347558 -0.0160726 0.00744853
 0.0347557 -0.0160725 0.00744854
 0.0347556 -0.0160725 0.00744854
 0.0347555 -0.0160724 0.00744854
 0.0347554 -0.0160724 0.00744855
 0.0347554 -0.0160723 0.00744855
 0.0347553 -0.0160723 0.00744856
 0.0347552 -0.0160722 0.00744856
 0.0347551 -0.0160722 0.00744857
  0.034755 -0.0160721 0.00744857
 0.0347549  -0.016072 0.00744858
 0.0347548  -0.016072 0.00744858
 0.0347547 -0.0160719 0.00744859
 0.0347547 -0.0160719 0.00744859
 0.0347546 -0.0160718  0.0074486
 0.0347545 -0.0160718  0.0074486
 0.0347544 -0.0160717 0.00744861
 0.0347543 -0.0160717 0.00744861
 0.0347542 -0.0160716 0.00744862
 0.0347542 -0.0160716 0.00744862
 0.0347541 -0.0160715 0.00744863
  0.034754 -0.0160715 0.00744864
 0.0347539 -0.0160714 0.00744864
 0.0347538 -0.0160714 0.00744865
 0.0347537 -0.0160713 0.00744865
 0.0347537 -0.0160713 0.00744866
 0.0347536 -0.0160712 0.00744866
 0.0347535 -0.0160712 0.00744867
 0.0347534 -0.0160711 0.00744867
 0.0347534 -0.0160711 0.00744868
 0.0347533  -0.016071 0.00744869
 0.0347532  -0.016071 0.00744869
 0.0347531 -0.0160709  0.0074487
  0.034753 -0.0160709  0.0074487
  0.034753 -0.0160708 0.00744871
 0.0347529 -0.0160708 0.00744872
 0.0347528 -0.0160707 0.00744872
 0.0347527 -0.0160707 0.00744873
 0.0347527 -0.0160706 0.00744873
 0.0347526 -0.0160706 0.00744874
 0.0347525 -0.0160705 0.00744875
 0.0347525 -0.0160705 0.00744875
 0.0347524 -0.0160704 0.00744876
 0.0347523 -0.0160704 0.00744877
 0.0347522 -0.0160704 0.00744877
 0.0347522 -0.0160703 0.00744878
 0.0347521 -0.0160703 0.00744879
  0.034752 -0.0160702 0.00744879
  0.034752 -0.0160702  0.0074488
 0.0347519 -0.0160701 0.00744881
 0.0347518 -0.0160701 0.00744881
 0.0347517   -0.01607 0.00744882
 0.0347517   -0.01607 0.00744883
 0.0347516 -0.0160699 0.00744883
 0.0347515 -0.0160699 0.00744884
 0.0347515 -0.0160699 0.00744885
 0.0347514 -0.0160698 0.00744885
 0.0347513 -0.0160698 0.00744886
 0.0347513 -0.0160697 0.00744887
 0.0347512 -0.0160697 0.00744887
 0.0347512 -0.0160696 0.00744888
 0.0347511 -0.0160696 0.00744889
