 0.00776862 -0.00894395  -0.0191123
 0.00934313 -0.00576268  -0.0123813
  0.0118706 -0.00356091 -0.00661628
  0.0145263 -0.00204257 -0.00192102
   0.0169538 -0.000999458   0.00179625
   0.0190269 -0.000285788   0.00468832
  0.0207297 0.000200179  0.00691376
  0.0220956 0.000529218  0.00861509
  0.0231755 0.000750421  0.00991184
  0.0240227 0.000897749   0.0109003
  0.0246852 0.000994637   0.0116559
 0.0252039 0.00105722  0.0122366
 0.0256117 0.00109658  0.0126865
 0.0259346 0.00112031  0.0130386
 0.0261927 0.00113361  0.0133173
 0.0264013 0.00114002   0.013541
 0.0265718 0.00114194  0.0137228
  0.026713 0.00114099  0.0138728
 0.0268312 0.00113829  0.0139982
 0.0269313 0.00113455  0.0141042
 0.0270169 0.00113027   0.014195
 0.0270909 0.00112577  0.0142735
 0.0271552 0.00112125  0.0143419
 0.0272114 0.00111683   0.014402
 0.0272609 0.00111259   0.014455
 0.0273045 0.00110859  0.0145019
 0.0273431 0.00110482  0.0145437
 0.0273772 0.00110131  0.0145809
 0.0274075 0.00109805  0.0146142
 0.0274344 0.00109502  0.0146439
 0.0274582 0.00109221  0.0146705
 0.0274793 0.00108962  0.0146943
 0.0274979 0.00108722  0.0147156
 0.0275144 0.00108499  0.0147347
 0.0275288 0.00108294  0.0147517
 0.0275414 0.00108103  0.0147668
 0.0275525 0.00107927  0.0147803
  0.027562 0.00107763  0.0147923
0.0275702 0.0010761 0.0148029
 0.0275772 0.00107468  0.0148123
 0.0275832 0.00107336  0.0148206
 0.0275881 0.00107212  0.0148279
 0.0275922 0.00107097  0.0148343
 0.0275954 0.00106988  0.0148398
 0.0275979 0.00106886  0.0148446
0.0275998 0.0010679 0.0148487
 0.027601  0.001067 0.0148522
 0.0276017 0.00106614  0.0148551
 0.0276019 0.00106533  0.0148575
 0.0276017 0.00106456  0.0148594
 0.0276011 0.00106383   0.014861
 0.0276001 0.00106313  0.0148621
 0.0275987 0.00106247  0.0148629
 0.0275971 0.00106183  0.0148634
 0.0275952 0.00106122  0.0148637
 0.0275931 0.00106063  0.0148636
 0.0275907 0.00106006  0.0148634
 0.0275882 0.00105951  0.0148629
 0.0275855 0.00105898  0.0148622
 0.0275826 0.00105847  0.0148614
 0.0275795 0.00105797  0.0148605
 0.0275764 0.00105748  0.0148593
 0.0275731 0.00105701  0.0148581
 0.0275698 0.00105655  0.0148568
0.0275663 0.0010561 0.0148553
 0.0275628 0.00105566  0.0148538
 0.0275592 0.00105523  0.0148522
0.0275555 0.0010548 0.0148505
 0.0275517 0.00105439  0.0148487
  0.027548 0.00105398  0.0148469
 0.0275441 0.00105358   0.014845
 0.0275403 0.00105318  0.0148431
 0.0275364 0.00105279  0.0148412
0.0275325 0.0010524 0.0148392
 0.0275285 0.00105202  0.0148371
 0.0275246 0.00105164  0.0148351
 0.0275206 0.00105127   0.014833
0.0275166 0.0010509 0.0148309
 0.0275126 0.00105053  0.0148288
 0.0275086 0.00105017  0.0148267
 0.0275045 0.00104981  0.0148245
 0.0275005 0.00104946  0.0148224
0.0274965 0.0010491 0.0148202
 0.0274925 0.00104875   0.014818
0.0274884 0.0010484 0.0148158
 0.0274844 0.00104806  0.0148136
 0.0274804 0.00104771  0.0148114
 0.0274764 0.00104737  0.0148092
 0.0274724 0.00104703   0.014807
 0.0274684 0.00104669  0.0148048
 0.0274644 0.00104636  0.0148026
 0.0274604 0.00104602  0.0148004
 0.0274564 0.00104569  0.0147982
 0.0274525 0.00104536   0.014796
 0.0274485 0.00104503  0.0147938
0.0274446 0.0010447 0.0147917
 0.0274406 0.00104437  0.0147895
 0.0274367 0.00104405  0.0147873
 0.0274328 0.00104372  0.0147851
0.0274289 0.0010434 0.0147829
  0.027425 0.00104308  0.0147808
 0.0274211 0.00104276  0.0147786
 0.0274173 0.00104244  0.0147765
 0.0274134 0.00104212  0.0147743
0.0274096 0.0010418 0.0147722
 0.0274058 0.00104149    0.01477
  0.027402 0.00104118  0.0147679
 0.0273982 0.00104086  0.0147658
 0.0273944 0.00104055  0.0147637
 0.0273906 0.00104024  0.0147616
 0.0273869 0.00103993  0.0147594
 0.0273831 0.00103962  0.0147574
 0.0273794 0.00103931  0.0147553
 0.0273757 0.00103901  0.0147532
 0.027372 0.0010387 0.0147511
0.0273683 0.0010384  0.014749
 0.0273647 0.00103809   0.014747
  0.027361 0.00103779  0.0147449
 0.0273574 0.00103749  0.0147429
 0.0273538 0.00103719  0.0147409
 0.0273501 0.00103689  0.0147388
 0.0273465 0.00103659  0.0147368
 0.027343 0.0010363 0.0147348
0.0273394  0.001036 0.0147328
0.0273358 0.0010357 0.0147308
 0.0273323 0.00103541  0.0147288
 0.0273288 0.00103512  0.0147268
 0.0273253 0.00103482  0.0147248
 0.0273218 0.00103453  0.0147229
 0.0273183 0.00103424  0.0147209
 0.0273148 0.00103395  0.0147189
 0.0273113 0.00103366   0.014717
 0.0273079 0.00103337   0.014715
 0.0273045 0.00103309  0.0147131
0.0273011 0.0010328 0.0147112
 0.0272976 0.00103252  0.0147093
 0.0272943 0.00103223  0.0147074
 0.0272909 0.00103195  0.0147055
 0.0272875 0.00103167  0.0147036
 0.0272842 0.00103138  0.0147017
0.0272808 0.0010311 0.0146998
 0.0272775 0.00103082  0.0146979
 0.0272742 0.00103054   0.014696
 0.0272709 0.00103027  0.0146942
 0.0272676 0.00102999  0.0146923
 0.0272643 0.00102971  0.0146905
 0.0272611 0.00102944  0.0146886
 0.0272578 0.00102916  0.0146868
 0.0272546 0.00102889   0.014685
 0.0272514 0.00102862  0.0146832
 0.0272482 0.00102834  0.0146814
  0.027245 0.00102807  0.0146796
0.0272418 0.0010278 0.0146778
 0.0272386 0.00102753   0.014676
 0.0272355 0.00102726  0.0146742
 0.0272323 0.00102699  0.0146724
 0.0272292 0.00102673  0.0146706
 0.0272261 0.00102646  0.0146689
0.0272229 0.0010262 0.0146671
 0.0272199 0.00102593  0.0146654
 0.0272168 0.00102567  0.0146636
0.0272137 0.0010254 0.0146619
 0.0272106 0.00102514  0.0146601
 0.0272076 0.00102488  0.0146584
 0.0272045 0.00102462  0.0146567
 0.0272015 0.00102436   0.014655
0.0271985 0.0010241 0.0146533
 0.0271955 0.00102384  0.0146516
 0.0271925 0.00102358  0.0146499
 0.0271895 0.00102333  0.0146482
 0.0271866 0.00102307  0.0146465
 0.0271836 0.00102282  0.0146449
 0.0271807 0.00102256  0.0146432
 0.0271777 0.00102231  0.0146415
 0.0271748 0.00102206  0.0146399
0.0271719 0.0010218 0.0146382
  0.027169 0.00102155  0.0146366
0.0271661 0.0010213  0.014635
 0.0271633 0.00102105  0.0146333
0.0271604 0.0010208 0.0146317
 0.0271575 0.00102055  0.0146301
 0.0271547 0.00102031  0.0146285
 0.0271519 0.00102006  0.0146269
 0.0271491 0.00101981  0.0146253
 0.0271462 0.00101957  0.0146237
 0.0271434 0.00101932  0.0146221
 0.0271407 0.00101908  0.0146205
 0.0271379 0.00101884  0.0146189
 0.0271351 0.00101859  0.0146174
 0.0271324 0.00101835  0.0146158
 0.0271296 0.00101811  0.0146143
 0.0271269 0.00101787  0.0146127
 0.0271242 0.00101763  0.0146112
 0.0271215 0.00101739  0.0146096
 0.0271187 0.00101716  0.0146081
 0.0271161 0.00101692  0.0146066
 0.0271134 0.00101668   0.014605
 0.0271107 0.00101645  0.0146035
  0.027108 0.00101621   0.014602
 0.0271054 0.00101598  0.0146005
 0.0271028 0.00101574   0.014599
 0.0271001 0.00101551  0.0145975
 0.0270975 0.00101528   0.014596
 0.0270949 0.00101505  0.0145945
 0.0270923 0.00101481  0.0145931
 0.0270897 0.00101458  0.0145916
 0.0270871 0.00101435  0.0145901
 0.0270846 0.00101413  0.0145887
 0.027082 0.0010139 0.0145872
 0.0270794 0.00101367  0.0145858
 0.0270769 0.00101344  0.0145843
 0.0270744 0.00101322  0.0145829
 0.0270719 0.00101299  0.0145814
 0.0270693 0.00101277    0.01458
 0.0270668 0.00101254  0.0145786
 0.0270643 0.00101232  0.0145772
0.0270619 0.0010121 0.0145757
 0.0270594 0.00101187  0.0145743
 0.0270569 0.00101165  0.0145729
 0.0270545 0.00101143  0.0145715
  0.027052 0.00101121  0.0145701
 0.0270496 0.00101099  0.0145688
 0.0270472 0.00101077  0.0145674
 0.0270448 0.00101055   0.014566
 0.0270423 0.00101034  0.0145646
 0.0270399 0.00101012  0.0145633
0.0270376 0.0010099 0.0145619
 0.0270352 0.00100969  0.0145605
 0.0270328 0.00100947  0.0145592
 0.0270304 0.00100926  0.0145578
 0.0270281 0.00100904  0.0145565
 0.0270257 0.00100883  0.0145552
 0.0270234 0.00100862  0.0145538
0.0270211 0.0010084 0.0145525
 0.0270188 0.00100819  0.0145512
 0.0270165 0.00100798  0.0145499
 0.0270141 0.00100777  0.0145486
 0.0270119 0.00100756  0.0145472
 0.0270096 0.00100735  0.0145459
 0.0270073 0.00100715  0.0145446
  0.027005 0.00100694  0.0145433
 0.0270028 0.00100673  0.0145421
 0.0270005 0.00100652  0.0145408
 0.0269983 0.00100632  0.0145395
 0.0269961 0.00100611  0.0145382
 0.0269938 0.00100591  0.0145369
0.0269916 0.0010057 0.0145357
0.0269894 0.0010055 0.0145344
0.0269872 0.0010053 0.0145332
  0.026985 0.00100509  0.0145319
 0.0269828 0.00100489  0.0145307
 0.0269807 0.00100469  0.0145294
 0.0269785 0.00100449  0.0145282
 0.0269763 0.00100429  0.0145269
 0.0269742 0.00100409  0.0145257
  0.026972 0.00100389  0.0145245
 0.0269699 0.00100369  0.0145233
0.0269678 0.0010035 0.0145221
0.0269657 0.0010033 0.0145208
0.0269636 0.0010031 0.0145196
 0.0269615 0.00100291  0.0145184
 0.0269594 0.00100271  0.0145172
 0.0269573 0.00100252   0.014516
 0.0269552 0.00100232  0.0145149
 0.0269531 0.00100213  0.0145137
 0.0269511 0.00100194  0.0145125
  0.026949 0.00100174  0.0145113
  0.026947 0.00100155  0.0145101
 0.0269449 0.00100136   0.014509
 0.0269429 0.00100117  0.0145078
 0.0269409 0.00100098  0.0145066
 0.0269389 0.00100079  0.0145055
0.0269368 0.0010006 0.0145043
 0.0269348 0.00100041  0.0145032
 0.0269328 0.00100022   0.014502
 0.0269309 0.00100003  0.0145009
  0.0269289 0.000999847   0.0144998
 0.0269269 0.00099966  0.0144986
  0.0269249 0.000999474   0.0144975
   0.026923 0.000999289   0.0144964
   0.026921 0.000999104   0.0144953
  0.0269191 0.000998919   0.0144942
  0.0269172 0.000998735    0.014493
  0.0269152 0.000998552   0.0144919
  0.0269133 0.000998369   0.0144908
  0.0269114 0.000998186   0.0144897
  0.0269095 0.000998004   0.0144886
  0.0269076 0.000997823   0.0144875
  0.0269057 0.000997642   0.0144865
  0.0269038 0.000997462   0.0144854
  0.0269019 0.000997282   0.0144843
  0.0269001 0.000997102   0.0144832
  0.0268982 0.000996924   0.0144821
  0.0268963 0.000996745   0.0144811
  0.0268945 0.000996567     0.01448
 0.0268926 0.00099639  0.0144789
  0.0268908 0.000996213   0.0144779
   0.026889 0.000996037   0.0144768
  0.0268871 0.000995861   0.0144758
  0.0268853 0.000995686   0.0144747
  0.0268835 0.000995511   0.0144737
  0.0268817 0.000995337   0.0144727
  0.0268799 0.000995163   0.0144716
  0.0268781 0.000994989   0.0144706
  0.0268763 0.000994817   0.0144696
  0.0268745 0.000994644   0.0144685
  0.0268728 0.000994472   0.0144675
   0.026871 0.000994301   0.0144665
 0.0268692 0.00099413  0.0144655
 0.0268675 0.00099396  0.0144645
 0.0268658 0.00099379  0.0144635
  0.026864 0.00099362  0.0144625
  0.0268623 0.000993451   0.0144615
  0.0268605 0.000993283   0.0144605
  0.0268588 0.000993114   0.0144595
  0.0268571 0.000992947   0.0144585
 0.0268554 0.00099278  0.0144575
  0.0268537 0.000992613   0.0144565
   0.026852 0.000992447   0.0144556
  0.0268503 0.000992281   0.0144546
  0.0268486 0.000992116   0.0144536
   0.026847 0.000991951   0.0144526
  0.0268453 0.000991787   0.0144517
  0.0268436 0.000991623   0.0144507
  0.026842 0.00099146  0.0144498
  0.0268403 0.000991297   0.0144488
  0.0268387 0.000991134   0.0144479
   0.026837 0.000990972   0.0144469
 0.0268354 0.00099081   0.014446
  0.0268338 0.000990649    0.014445
  0.0268321 0.000990489   0.0144441
  0.0268305 0.000990328   0.0144432
  0.0268289 0.000990168   0.0144422
  0.0268273 0.000990009   0.0144413
 0.0268257 0.00098985  0.0144404
  0.0268241 0.000989692   0.0144394
  0.0268225 0.000989534   0.0144385
  0.0268209 0.000989376   0.0144376
  0.0268194 0.000989219   0.0144367
  0.0268178 0.000989062   0.0144358
  0.0268162 0.000988906   0.0144349
 0.0268147 0.00098875   0.014434
  0.0268131 0.000988595   0.0144331
 0.0268116 0.00098844  0.0144322
    0.02681 0.000988285   0.0144313
  0.0268085 0.000988131   0.0144304
  0.0268069 0.000987977   0.0144295
  0.0268054 0.000987824   0.0144286
  0.0268039 0.000987671   0.0144278
  0.0268024 0.000987518   0.0144269
  0.0268009 0.000987366    0.014426
  0.0267994 0.000987215   0.0144251
  0.0267979 0.000987064   0.0144243
  0.0267964 0.000986913   0.0144234
  0.0267949 0.000986762   0.0144225
  0.0267934 0.000986613   0.0144217
  0.0267919 0.000986463   0.0144208
  0.0267904 0.000986314     0.01442
   0.026789 0.000986165   0.0144191
  0.0267875 0.000986017   0.0144183
  0.0267861 0.000985869   0.0144174
  0.0267846 0.000985721   0.0144166
  0.0267832 0.000985574   0.0144157
  0.0267817 0.000985428   0.0144149
  0.0267803 0.000985281   0.0144141
  0.0267789 0.000985136   0.0144132
 0.0267774 0.00098499  0.0144124
   0.026776 0.000984845   0.0144116
0.0267746 0.0009847 0.0144108
  0.0267732 0.000984556     0.01441
  0.0267718 0.000984412   0.0144091
  0.0267704 0.000984269   0.0144083
   0.026769 0.000984125   0.0144075
  0.0267676 0.000983983   0.0144067
 0.0267662 0.00098384  0.0144059
  0.0267648 0.000983699   0.0144051
  0.0267634 0.000983557   0.0144043
  0.0267621 0.000983416   0.0144035
  0.0267607 0.000983275   0.0144027
  0.0267593 0.000983135   0.0144019
   0.026758 0.000982995   0.0144011
  0.0267566 0.000982855   0.0144003
  0.0267553 0.000982716   0.0143996
  0.0267539 0.000982577   0.0143988
  0.0267526 0.000982438    0.014398
0.0267513 0.0009823 0.0143972
  0.0267499 0.000982162   0.0143965
  0.0267486 0.000982025   0.0143957
  0.0267473 0.000981888   0.0143949
   0.026746 0.000981751   0.0143941
  0.0267447 0.000981615   0.0143934
  0.0267434 0.000981479   0.0143926
  0.0267421 0.000981344   0.0143919
  0.0267408 0.000981209   0.0143911
  0.0267395 0.000981074   0.0143904
  0.0267382 0.000980939   0.0143896
  0.0267369 0.000980805   0.0143889
  0.0267356 0.000980672   0.0143881
  0.0267344 0.000980538   0.0143874
  0.0267331 0.000980405   0.0143866
  0.0267318 0.000980273   0.0143859
 0.0267306 0.00098014  0.0143852
  0.0267293 0.000980009   0.0143844
  0.0267281 0.000979877   0.0143837
  0.0267268 0.000979746    0.014383
  0.0267256 0.000979615   0.0143823
  0.0267243 0.000979484   0.0143815
  0.0267231 0.000979354   0.0143808
  0.0267219 0.000979225   0.0143801
  0.0267207 0.000979095   0.0143794
  0.0267194 0.000978966   0.0143787
  0.0267182 0.000978837    0.014378
   0.026717 0.000978709   0.0143773
  0.0267158 0.000978581   0.0143766
  0.0267146 0.000978453   0.0143758
  0.0267134 0.000978326   0.0143751
  0.0267122 0.000978199   0.0143745
   0.026711 0.000978072   0.0143738
  0.0267098 0.000977946   0.0143731
 0.0267086 0.00097782  0.0143724
  0.0267075 0.000977694   0.0143717
  0.0267063 0.000977569    0.014371
  0.0267051 0.000977444   0.0143703
   0.026704 0.000977319   0.0143696
  0.0267028 0.000977195    0.014369
  0.0267016 0.000977071   0.0143683
  0.0267005 0.000976947   0.0143676
  0.0266993 0.000976824   0.0143669
  0.0266982 0.000976701   0.0143663
   0.026697 0.000976578   0.0143656
  0.0266959 0.000976456   0.0143649
  0.0266948 0.000976334   0.0143643
  0.0266936 0.000976212   0.0143636
  0.0266925 0.000976091   0.0143629
 0.0266914 0.00097597  0.0143623
  0.0266903 0.000975849   0.0143616
  0.0266892 0.000975728    0.014361
   0.026688 0.000975608   0.0143603
  0.0266869 0.000975489   0.0143597
  0.0266858 0.000975369    0.014359
 0.0266847 0.00097525  0.0143584
  0.0266836 0.000975131   0.0143577
  0.0266826 0.000975013   0.0143571
  0.0266815 0.000974895   0.0143565
  0.0266804 0.000974777   0.0143558
  0.0266793 0.000974659   0.0143552
  0.0266782 0.000974542   0.0143546
  0.0266771 0.000974425   0.0143539
  0.0266761 0.000974308   0.0143533
   0.026675 0.000974192   0.0143527
  0.0266739 0.000974076   0.0143521
 0.0266729 0.00097396  0.0143514
  0.0266718 0.000973845   0.0143508
 0.0266708 0.00097373  0.0143502
  0.0266697 0.000973615   0.0143496
  0.0266687 0.000973501    0.014349
  0.0266677 0.000973386   0.0143484
  0.0266666 0.000973273   0.0143478
  0.0266656 0.000973159   0.0143471
  0.0266646 0.000973046   0.0143465
  0.0266635 0.000972933   0.0143459
 0.0266625 0.00097282  0.0143453
  0.0266615 0.000972708   0.0143447
  0.0266605 0.000972596   0.0143441
  0.0266595 0.000972484   0.0143435
  0.0266584 0.000972372    0.014343
  0.0266574 0.000972261   0.0143424
 0.0266564 0.00097215  0.0143418
 0.0266554 0.00097204  0.0143412
  0.0266544 0.000971929   0.0143406
  0.0266535 0.000971819     0.01434
  0.0266525 0.000971709   0.0143394
0.0266515 0.0009716 0.0143389
  0.0266505 0.000971491   0.0143383
  0.0266495 0.000971382   0.0143377
  0.0266485 0.000971273   0.0143371
  0.0266476 0.000971165   0.0143366
  0.0266466 0.000971057    0.014336
  0.0266456 0.000970949   0.0143354
  0.0266447 0.000970842   0.0143349
  0.0266437 0.000970735   0.0143343
  0.0266428 0.000970628   0.0143337
  0.0266418 0.000970521   0.0143332
  0.0266409 0.000970415   0.0143326
  0.0266399 0.000970309    0.014332
   0.026639 0.000970203   0.0143315
   0.026638 0.000970097   0.0143309
  0.0266371 0.000969992   0.0143304
  0.0266362 0.000969887   0.0143298
  0.0266352 0.000969783   0.0143293
  0.0266343 0.000969678   0.0143287
  0.0266334 0.000969574   0.0143282
 0.0266325 0.00096947  0.0143277
  0.0266315 0.000969367   0.0143271
  0.0266306 0.000969263   0.0143266
 0.0266297 0.00096916   0.014326
  0.0266288 0.000969057   0.0143255
  0.0266279 0.000968955    0.014325
   0.026627 0.000968853   0.0143244
  0.0266261 0.000968751   0.0143239
  0.0266252 0.000968649   0.0143234
  0.0266243 0.000968547   0.0143228
  0.0266234 0.000968446   0.0143223
  0.0266225 0.000968345   0.0143218
  0.0266217 0.000968245   0.0143213
  0.0266208 0.000968144   0.0143208
  0.0266199 0.000968044   0.0143202
   0.026619 0.000967944   0.0143197
  0.0266182 0.000967845   0.0143192
  0.0266173 0.000967745   0.0143187
  0.0266164 0.000967646   0.0143182
  0.0266156 0.000967547   0.0143177
  0.0266147 0.000967449   0.0143172
 0.0266138 0.00096735  0.0143166
   0.026613 0.000967252   0.0143161
  0.0266121 0.000967155   0.0143156
  0.0266113 0.000967057   0.0143151
 0.0266104 0.00096696  0.0143146
  0.0266096 0.000966863   0.0143141
  0.0266087 0.000966766   0.0143136
  0.0266079 0.000966669   0.0143131
  0.0266071 0.000966573   0.0143126
  0.0266062 0.000966477   0.0143122
  0.0266054 0.000966381   0.0143117
  0.0266046 0.000966285   0.0143112
 0.0266038 0.00096619  0.0143107
  0.0266029 0.000966095   0.0143102
0.0266021  0.000966 0.0143097
  0.0266013 0.000965906   0.0143092
  0.0266005 0.000965811   0.0143087
  0.0265997 0.000965717   0.0143083
  0.0265989 0.000965623   0.0143078
 0.0265981 0.00096553  0.0143073
  0.0265973 0.000965436   0.0143068
  0.0265965 0.000965343   0.0143064
 0.0265957 0.00096525  0.0143059
  0.0265949 0.000965158   0.0143054
  0.0265941 0.000965065   0.0143049
  0.0265933 0.000964973   0.0143045
  0.0265925 0.000964881    0.014304
  0.0265917 0.000964789   0.0143035
  0.0265909 0.000964698   0.0143031
  0.0265902 0.000964607   0.0143026
  0.0265894 0.000964516   0.0143022
  0.0265886 0.000964425   0.0143017
  0.0265878 0.000964334   0.0143012
  0.0265871 0.000964244   0.0143008
  0.0265863 0.000964154   0.0143003
  0.0265855 0.000964064   0.0142999
  0.0265848 0.000963974   0.0142994
   0.026584 0.000963885    0.014299
  0.0265833 0.000963796   0.0142985
  0.0265825 0.000963707   0.0142981
  0.0265818 0.000963618   0.0142976
  0.026581 0.00096353  0.0142972
  0.0265803 0.000963442   0.0142967
  0.0265795 0.000963354   0.0142963
  0.0265788 0.000963266   0.0142959
   0.026578 0.000963178   0.0142954
  0.0265773 0.000963091    0.014295
  0.0265766 0.000963004   0.0142945
  0.0265758 0.000962917   0.0142941
 0.0265751 0.00096283  0.0142937
  0.0265744 0.000962744   0.0142932
  0.0265737 0.000962658   0.0142928
  0.0265729 0.000962571   0.0142924
  0.0265722 0.000962486    0.014292
0.0265715 0.0009624 0.0142915
  0.0265708 0.000962315   0.0142911
 0.0265701 0.00096223  0.0142907
  0.0265694 0.000962145   0.0142903
 0.0265687 0.00096206  0.0142898
   0.026568 0.000961976   0.0142894
  0.0265673 0.000961891    0.014289
  0.0265665 0.000961807   0.0142886
  0.0265659 0.000961723   0.0142882
 0.0265652 0.00096164  0.0142877
  0.0265645 0.000961556   0.0142873
  0.0265638 0.000961473   0.0142869
 0.0265631 0.00096139  0.0142865
  0.0265624 0.000961307   0.0142861
  0.0265617 0.000961225   0.0142857
   0.026561 0.000961142   0.0142853
 0.0265603 0.00096106  0.0142849
  0.0265597 0.000960978   0.0142845
   0.026559 0.000960897   0.0142841
  0.0265583 0.000960815   0.0142837
  0.0265576 0.000960734   0.0142833
   0.026557 0.000960653   0.0142829
  0.0265563 0.000960572   0.0142825
  0.0265556 0.000960491   0.0142821
  0.026555 0.00096041  0.0142817
 0.0265543 0.00096033  0.0142813
 0.0265537 0.00096025  0.0142809
  0.026553 0.00096017  0.0142805
 0.0265523 0.00096009  0.0142801
  0.0265517 0.000960011   0.0142797
   0.026551 0.000959932   0.0142793
  0.0265504 0.000959853   0.0142789
  0.0265497 0.000959774   0.0142785
  0.0265491 0.000959695   0.0142782
  0.0265485 0.000959616   0.0142778
  0.0265478 0.000959538   0.0142774
 0.0265472 0.00095946   0.014277
  0.0265465 0.000959382   0.0142766
  0.0265459 0.000959305   0.0142762
  0.0265453 0.000959227   0.0142759
 0.0265446 0.00095915  0.0142755
   0.026544 0.000959073   0.0142751
  0.0265434 0.000958996   0.0142747
  0.0265428 0.000958919   0.0142744
  0.0265421 0.000958842    0.014274
  0.0265415 0.000958766   0.0142736
 0.0265409 0.00095869  0.0142733
  0.0265403 0.000958614   0.0142729
  0.0265397 0.000958538   0.0142725
  0.0265391 0.000958463   0.0142721
  0.0265385 0.000958387   0.0142718
  0.0265378 0.000958312   0.0142714
  0.0265372 0.000958237   0.0142711
  0.0265366 0.000958162   0.0142707
   0.026536 0.000958088   0.0142703
  0.0265354 0.000958013     0.01427
  0.0265348 0.000957939   0.0142696
  0.0265342 0.000957865   0.0142693
  0.0265336 0.000957791   0.0142689
   0.026533 0.000957717   0.0142685
  0.0265325 0.000957644   0.0142682
 0.0265319 0.00095757  0.0142678
  0.0265313 0.000957497   0.0142675
  0.0265307 0.000957424   0.0142671
  0.0265301 0.000957352   0.0142668
  0.0265295 0.000957279   0.0142664
  0.0265289 0.000957207   0.0142661
  0.0265284 0.000957134   0.0142657
  0.0265278 0.000957062   0.0142654
 0.0265272 0.00095699   0.014265
  0.0265266 0.000956919   0.0142647
  0.0265261 0.000956847   0.0142644
  0.0265255 0.000956776    0.014264
  0.0265249 0.000956705   0.0142637
  0.0265244 0.000956634   0.0142633
  0.0265238 0.000956563    0.014263
  0.0265233 0.000956492   0.0142627
  0.0265227 0.000956422   0.0142623
  0.0265221 0.000956352    0.014262
  0.0265216 0.000956282   0.0142617
   0.026521 0.000956212   0.0142613
  0.0265205 0.000956142    0.014261
  0.0265199 0.000956072   0.0142607
  0.0265194 0.000956003   0.0142603
  0.0265188 0.000955934     0.01426
  0.0265183 0.000955865   0.0142597
  0.0265177 0.000955796   0.0142593
  0.0265172 0.000955727    0.014259
  0.0265166 0.000955659   0.0142587
 0.0265161 0.00095559  0.0142584
  0.0265156 0.000955522    0.014258
   0.026515 0.000955454   0.0142577
  0.0265145 0.000955386   0.0142574
   0.026514 0.000955319   0.0142571
  0.0265134 0.000955251   0.0142568
  0.0265129 0.000955184   0.0142564
  0.0265124 0.000955117   0.0142561
 0.0265119 0.00095505  0.0142558
  0.0265113 0.000954983   0.0142555
  0.0265108 0.000954916   0.0142552
  0.0265103 0.000954849   0.0142549
  0.0265098 0.000954783   0.0142545
  0.0265093 0.000954717   0.0142542
  0.0265087 0.000954651   0.0142539
  0.0265082 0.000954585   0.0142536
  0.0265077 0.000954519   0.0142533
  0.0265072 0.000954454    0.014253
  0.0265067 0.000954389   0.0142527
  0.0265062 0.000954323   0.0142524
  0.0265057 0.000954258   0.0142521
  0.0265052 0.000954193   0.0142518
  0.0265047 0.000954129   0.0142515
  0.0265042 0.000954064   0.0142512
0.0265037  0.000954 0.0142509
  0.0265032 0.000953936   0.0142506
  0.0265027 0.000953871   0.0142503
  0.0265022 0.000953808     0.01425
  0.0265017 0.000953744   0.0142497
 0.0265012 0.00095368  0.0142494
  0.0265007 0.000953617   0.0142491
  0.0265002 0.000953553   0.0142488
 0.0264997 0.00095349  0.0142485
  0.0264992 0.000953427   0.0142482
  0.0264987 0.000953365   0.0142479
  0.0264983 0.000953302   0.0142476
  0.0264978 0.000953239   0.0142473
  0.0264973 0.000953177    0.014247
  0.0264968 0.000953115   0.0142467
  0.0264963 0.000953053   0.0142464
  0.0264959 0.000952991   0.0142461
  0.0264954 0.000952929   0.0142459
  0.0264949 0.000952868   0.0142456
  0.0264944 0.000952806   0.0142453
   0.026494 0.000952745    0.014245
  0.0264935 0.000952684   0.0142447
   0.026493 0.000952623   0.0142444
  0.0264926 0.000952562   0.0142442
  0.0264921 0.000952501   0.0142439
  0.0264917 0.000952441   0.0142436
 0.0264912 0.00095238  0.0142433
 0.0264907 0.00095232   0.014243
 0.0264903 0.00095226  0.0142428
0.0264898 0.0009522 0.0142425
 0.0264894 0.00095214  0.0142422
  0.0264889 0.000952081   0.0142419
  0.0264885 0.000952021   0.0142417
   0.026488 0.000951962   0.0142414
  0.0264876 0.000951903   0.0142411
  0.0264871 0.000951844   0.0142408
  0.0264867 0.000951785   0.0142406
  0.0264862 0.000951726   0.0142403
  0.0264858 0.000951667     0.01424
  0.0264853 0.000951609   0.0142398
 0.0264849 0.00095155  0.0142395
  0.0264844 0.000951492   0.0142392
   0.026484 0.000951434    0.014239
  0.0264836 0.000951376   0.0142387
  0.0264831 0.000951319   0.0142384
  0.0264827 0.000951261   0.0142382
  0.0264823 0.000951203   0.0142379
  0.0264818 0.000951146   0.0142376
  0.0264814 0.000951089   0.0142374
   0.026481 0.000951032   0.0142371
  0.0264805 0.000950975   0.0142369
  0.0264801 0.000950918   0.0142366
  0.0264797 0.000950861   0.0142363
  0.0264793 0.000950805   0.0142361
  0.0264788 0.000950749   0.0142358
  0.0264784 0.000950692   0.0142356
   0.026478 0.000950636   0.0142353
 0.0264776 0.00095058  0.0142351
  0.0264772 0.000950525   0.0142348
  0.0264767 0.000950469   0.0142345
  0.0264763 0.000950413   0.0142343
  0.0264759 0.000950358    0.014234
  0.0264755 0.000950303   0.0142338
  0.0264751 0.000950248   0.0142335
  0.0264747 0.000950193   0.0142333
  0.0264743 0.000950138    0.014233
  0.0264738 0.000950083   0.0142328
  0.0264734 0.000950028   0.0142325
   0.026473 0.000949974   0.0142323
 0.0264726 0.00094992  0.0142321
  0.0264722 0.000949865   0.0142318
  0.0264718 0.000949811   0.0142316
  0.0264714 0.000949757   0.0142313
   0.026471 0.000949704   0.0142311
 0.0264706 0.00094965  0.0142308
  0.0264702 0.000949596   0.0142306
  0.0264698 0.000949543   0.0142304
 0.0264694 0.00094949  0.0142301
   0.026469 0.000949437   0.0142299
  0.0264687 0.000949384   0.0142296
  0.0264683 0.000949331   0.0142294
  0.0264679 0.000949278   0.0142292
  0.0264675 0.000949225   0.0142289
  0.0264671 0.000949173   0.0142287
  0.0264667 0.000949121   0.0142284
  0.0264663 0.000949068   0.0142282
  0.0264659 0.000949016    0.014228
  0.0264656 0.000948964   0.0142277
  0.0264652 0.000948912   0.0142275
  0.0264648 0.000948861   0.0142273
  0.0264644 0.000948809    0.014227
   0.026464 0.000948757   0.0142268
  0.0264637 0.000948706   0.0142266
  0.0264633 0.000948655   0.0142264
  0.0264629 0.000948604   0.0142261
  0.0264625 0.000948553   0.0142259
  0.0264622 0.000948502   0.0142257
  0.0264618 0.000948451   0.0142254
  0.0264614 0.000948401   0.0142252
  0.026461 0.00094835   0.014225
0.0264607 0.0009483 0.0142248
  0.0264603 0.000948249   0.0142245
  0.0264599 0.000948199   0.0142243
  0.0264596 0.000948149   0.0142241
  0.0264592 0.000948099   0.0142239
 0.0264589 0.00094805  0.0142237
0.0264585  0.000948 0.0142234
  0.0264581 0.000947951   0.0142232
  0.0264578 0.000947901    0.014223
  0.0264574 0.000947852   0.0142228
  0.0264571 0.000947803   0.0142226
  0.0264567 0.000947754   0.0142223
  0.0264563 0.000947705   0.0142221
   0.026456 0.000947656   0.0142219
  0.0264556 0.000947607   0.0142217
  0.0264553 0.000947559   0.0142215
 0.0264549 0.00094751  0.0142213
  0.0264546 0.000947462    0.014221
  0.0264542 0.000947414   0.0142208
  0.0264539 0.000947366   0.0142206
  0.0264535 0.000947318   0.0142204
 0.0264532 0.00094727  0.0142202
  0.0264528 0.000947222     0.01422
  0.0264525 0.000947174   0.0142198
  0.0264522 0.000947127   0.0142196
 0.0264518 0.00094708  0.0142193
  0.0264515 0.000947032   0.0142191
  0.0264511 0.000946985   0.0142189
  0.0264508 0.000946938   0.0142187
  0.0264505 0.000946891   0.0142185
  0.0264501 0.000946844   0.0142183
  0.0264498 0.000946798   0.0142181
  0.0264494 0.000946751   0.0142179
  0.0264491 0.000946704   0.0142177
  0.0264488 0.000946658   0.0142175
  0.0264484 0.000946612   0.0142173
  0.0264481 0.000946566   0.0142171
 0.0264478 0.00094652  0.0142169
  0.0264475 0.000946474   0.0142167
  0.0264471 0.000946428   0.0142165
  0.0264468 0.000946382   0.0142163
  0.0264465 0.000946337   0.0142161
  0.0264462 0.000946291   0.0142159
  0.0264458 0.000946246   0.0142157
0.0264455 0.0009462 0.0142155
  0.0264452 0.000946155   0.0142153
 0.0264449 0.00094611  0.0142151
  0.0264445 0.000946065   0.0142149
 0.0264442 0.00094602  0.0142147
  0.0264439 0.000945976   0.0142145
  0.0264436 0.000945931   0.0142143
  0.0264433 0.000945887   0.0142141
   0.026443 0.000945842   0.0142139
  0.0264426 0.000945798   0.0142137
  0.0264423 0.000945754   0.0142135
  0.026442 0.00094571  0.0142133
  0.0264417 0.000945666   0.0142131
  0.0264414 0.000945622    0.014213
  0.0264411 0.000945578   0.0142128
  0.0264408 0.000945534   0.0142126
  0.0264405 0.000945491   0.0142124
  0.0264401 0.000945447   0.0142122
  0.0264398 0.000945404    0.014212
  0.0264395 0.000945361   0.0142118
  0.0264392 0.000945318   0.0142116
  0.0264389 0.000945275   0.0142114
  0.0264386 0.000945232   0.0142113
  0.0264383 0.000945189   0.0142111
   0.026438 0.000945146   0.0142109
  0.0264377 0.000945104   0.0142107
  0.0264374 0.000945061   0.0142105
  0.0264371 0.000945019   0.0142103
  0.0264368 0.000944976   0.0142102
  0.0264365 0.000944934     0.01421
  0.0264362 0.000944892   0.0142098
 0.0264359 0.00094485  0.0142096
  0.0264356 0.000944808   0.0142094
  0.0264353 0.000944766   0.0142092
  0.0264351 0.000944724   0.0142091
  0.0264348 0.000944683   0.0142089
  0.0264345 0.000944641   0.0142087
0.0264342 0.0009446 0.0142085
  0.0264339 0.000944559   0.0142083
  0.0264336 0.000944517   0.0142082
  0.0264333 0.000944476    0.014208
   0.026433 0.000944435   0.0142078
  0.0264327 0.000944394   0.0142076
  0.0264325 0.000944354   0.0142075
  0.0264322 0.000944313   0.0142073
  0.0264319 0.000944272   0.0142071
  0.0264316 0.000944232   0.0142069
  0.0264313 0.000944191   0.0142068
   0.026431 0.000944151   0.0142066
  0.0264308 0.000944111   0.0142064
  0.0264305 0.000944071   0.0142062
  0.0264302 0.000944031   0.0142061
  0.0264299 0.000943991   0.0142059
  0.0264296 0.000943951   0.0142057
  0.0264294 0.000943911   0.0142056
  0.0264291 0.000943871   0.0142054
  0.0264288 0.000943832   0.0142052
  0.0264285 0.000943792   0.0142051
  0.0264283 0.000943753   0.0142049
   0.026428 0.000943714   0.0142047
  0.0264277 0.000943674   0.0142046
  0.0264275 0.000943635   0.0142044
  0.0264272 0.000943596   0.0142042
  0.0264269 0.000943557   0.0142041
  0.0264267 0.000943519   0.0142039
 0.0264264 0.00094348  0.0142037
  0.0264261 0.000943441   0.0142036
  0.0264258 0.000943403   0.0142034
  0.0264256 0.000943364   0.0142032
  0.0264253 0.000943326   0.0142031
  0.0264251 0.000943288   0.0142029
 0.0264248 0.00094325  0.0142027
  0.0264245 0.000943211   0.0142026
  0.0264243 0.000943173   0.0142024
   0.026424 0.000943136   0.0142023
  0.0264237 0.000943098   0.0142021
 0.0264235 0.00094306  0.0142019
  0.0264232 0.000943022   0.0142018
   0.026423 0.000942985   0.0142016
  0.0264227 0.000942947   0.0142015
 0.0264225 0.00094291  0.0142013
  0.0264222 0.000942873   0.0142011
  0.0264219 0.000942836    0.014201
  0.0264217 0.000942799   0.0142008
  0.0264214 0.000942762   0.0142007
  0.0264212 0.000942725   0.0142005
  0.0264209 0.000942688   0.0142004
  0.0264207 0.000942651   0.0142002
  0.0264204 0.000942614      0.0142
  0.0264202 0.000942578   0.0141999
  0.0264199 0.000942541   0.0141997
  0.0264197 0.000942505   0.0141996
  0.0264194 0.000942469   0.0141994
  0.0264192 0.000942432   0.0141993
  0.0264189 0.000942396   0.0141991
 0.0264187 0.00094236   0.014199
  0.0264185 0.000942324   0.0141988
  0.0264182 0.000942288   0.0141987
   0.026418 0.000942253   0.0141985
  0.0264177 0.000942217   0.0141984
  0.0264175 0.000942181   0.0141982
  0.0264172 0.000942146   0.0141981
  0.026417 0.00094211  0.0141979
  0.0264168 0.000942075   0.0141978
 0.0264165 0.00094204  0.0141976
  0.0264163 0.000942005   0.0141975
   0.026416 0.000941969   0.0141973
  0.0264158 0.000941934   0.0141972
  0.0264156 0.000941899    0.014197
  0.0264153 0.000941865   0.0141969
 0.0264151 0.00094183  0.0141967
  0.0264149 0.000941795   0.0141966
  0.0264146 0.000941761   0.0141964
  0.0264144 0.000941726   0.0141963
  0.0264142 0.000941692   0.0141962
  0.0264139 0.000941657    0.014196
  0.0264137 0.000941623   0.0141959
  0.0264135 0.000941589   0.0141957
  0.0264132 0.000941555   0.0141956
  0.026413 0.00094152  0.0141954
  0.0264128 0.000941487   0.0141953
  0.0264125 0.000941453   0.0141952
  0.0264123 0.000941419    0.014195
  0.0264121 0.000941385   0.0141949
  0.0264119 0.000941351   0.0141947
  0.0264116 0.000941318   0.0141946
  0.0264114 0.000941284   0.0141945
  0.0264112 0.000941251   0.0141943
   0.026411 0.000941218   0.0141942
  0.0264107 0.000941184    0.014194
  0.0264105 0.000941151   0.0141939
  0.0264103 0.000941118   0.0141938
  0.0264101 0.000941085   0.0141936
  0.0264099 0.000941052   0.0141935
  0.0264096 0.000941019   0.0141934
  0.0264094 0.000940987   0.0141932
  0.0264092 0.000940954   0.0141931
   0.026409 0.000940921   0.0141929
  0.0264088 0.000940889   0.0141928
  0.0264085 0.000940856   0.0141927
  0.0264083 0.000940824   0.0141925
  0.0264081 0.000940792   0.0141924
  0.0264079 0.000940759   0.0141923
  0.0264077 0.000940727   0.0141921
  0.0264075 0.000940695    0.014192
  0.0264072 0.000940663   0.0141919
   0.026407 0.000940631   0.0141917
  0.0264068 0.000940599   0.0141916
  0.0264066 0.000940568   0.0141915
  0.0264064 0.000940536   0.0141913
  0.0264062 0.000940504   0.0141912
   0.026406 0.000940473   0.0141911
  0.0264058 0.000940441    0.014191
 0.0264056 0.00094041  0.0141908
  0.0264054 0.000940378   0.0141907
  0.0264051 0.000940347   0.0141906
  0.0264049 0.000940316   0.0141904
  0.0264047 0.000940285   0.0141903
  0.0264045 0.000940254   0.0141902
  0.0264043 0.000940223   0.0141901
  0.0264041 0.000940192   0.0141899
  0.0264039 0.000940161   0.0141898
 0.0264037 0.00094013  0.0141897
0.0264035 0.0009401 0.0141895
  0.0264033 0.000940069   0.0141894
  0.0264031 0.000940039   0.0141893
  0.0264029 0.000940008   0.0141892
  0.0264027 0.000939978    0.014189
  0.0264025 0.000939947   0.0141889
  0.0264023 0.000939917   0.0141888
  0.0264021 0.000939887   0.0141887
  0.0264019 0.000939857   0.0141885
  0.0264017 0.000939827   0.0141884
  0.0264015 0.000939797   0.0141883
  0.0264013 0.000939767   0.0141882
  0.0264011 0.000939737   0.0141881
