 -0.00773475 -0.000111027   -0.0187916
  0.145611 0.00179284    0.11404
  0.130743 0.00084872     0.1119
  0.177774 0.00329937   0.160946
  0.126676 0.00305623   0.115371
 2.57714 0.454857  1.92581
 2.44956 0.268521  2.11331
 2.32315 0.105403  2.13819
  2.06109 0.0181047   1.95708
   1.39855 -0.0188109    1.33947
 0.635699 -0.019938  0.601817
 0.319236 -0.012303  0.299004
   0.316089 -0.00420804    0.298148
   0.185226 -0.00161662    0.175364
  0.344383 0.00151108   0.330349
    0.246766 -0.000199745     0.237309
   0.233636 0.000365937    0.224626
  0.221425 0.00141553   0.213125
   0.212738 0.000990448    0.204821
  0.288648 0.00238685   0.277754
   0.218953 0.000620419    0.211004
  0.353608 0.00666246   0.338241
   0.19464 0.00388401   0.186493
  0.131787 0.00276454   0.126303
 0.897725 0.0168642  0.856563
  0.650395 0.00340428   0.625746
   0.418014 -0.00120732    0.402715
   0.274147 -0.00168795    0.263787
   0.33408 0.00320626   0.319607
  0.189594 0.00211512   0.181647
  0.161116 0.00208872    0.15445
  0.298331 0.00582247   0.285213
  0.169494 0.00359487   0.162187
  0.135172 0.00275882   0.129306
 0.325765 0.0456866  0.286749
0.0999904 0.0280411 0.0825026
0.0274372 0.0171626 0.0190526
  0.013304  0.0102967 0.00842332
 0.0232033 0.00623175  0.0194116
 0.0956143 0.00430826  0.0890819
  0.157382 0.00309885   0.149491
  0.168053 0.00299798   0.159656
  0.193427 0.00251372   0.184539
  0.183449 0.00269636   0.174779
  0.207181 0.00257047   0.197812
  0.172016 0.00253974   0.164006
   0.2662 0.0053339  0.253384
  0.156968 0.00348612   0.149369
 0.165243 0.0031756  0.157049
  0.195666 0.00271849   0.186713
  0.173618 0.00269535    0.16542
  0.231131 0.00365551   0.220418
  0.151533 0.00274761   0.144391
  1.18986 0.0354396   1.11606
   0.92054 0.00968819   0.878115
    0.599582 -0.000783753     0.574433
   0.364836 -0.00275403    0.349307
    0.25187 -0.00178154    0.240665
 2.12118 0.283502   1.8284
 2.02825 0.151115  1.87161
  1.83332 0.0527276   1.74376
   1.42334 0.00336577    1.37097
  0.842659 -0.0113966   0.811692
  0.444173 -0.0100565   0.425406
   0.281917 -0.00596713    0.268961
  1.62175 0.0922528    1.5218
  1.42682 0.0362342   1.36932
   1.05731 0.00493314    1.02294
  0.648636 -0.0048971   0.627663
   0.377807 -0.00518444    0.364454
  0.274729 -0.0028926   0.264081
  0.379119 0.00114167   0.365747
    0.262567 -0.000497711     0.253425
   0.253931 0.000484297     0.24454
  0.194932 0.00113711   0.187911
  0.324768 0.00532117    0.31147
  0.182636 0.00321473   0.175414
   0.13927 0.00247027   0.133773
-0.0966673   0.161392  -0.174237
  2.82009 -0.239323   2.78419
  2.82019 -0.186913   2.80891
  2.88147 -0.154218   2.87768
-0.175146 0.0222145 -0.177573
-0.0958452  0.0122249 -0.0984431
