 0.00262752 -0.00988167  -0.0407543
  0.0123272 -0.00645104  -0.0228665
  0.0203166 -0.00396362 -0.00984107
  0.0266877 -0.00217398 -0.00038165
   0.0316542 -0.000894432   0.00646893
   0.035461 1.58224e-05   0.0114151
  0.0383409 0.000660828   0.0149743
  0.040497 0.00111653  0.0175264
 0.0420977 0.00143782  0.0193493
 0.0432778 0.00166407   0.020646
0.0441428 0.0018233 0.0215642
 0.0447737 0.00193542  0.0222111
 0.0452318 0.00201443  0.0226641
 0.0455629 0.00207022  0.0229789
 0.0458009 0.00210971  0.0231956
 0.0459711 0.00213775  0.0233427
 0.0460917 0.00215774  0.0234408
 0.0461761 0.00217204  0.0235043
  0.046234 0.00218231  0.0235436
 0.0462727 0.00218971  0.0235659
 0.0462972 0.00219505  0.0235765
 0.0463113 0.00219891  0.0235789
 0.0463176 0.00220168  0.0235758
 0.0463183 0.00220364  0.0235689
0.0463147  0.002205 0.0235595
0.0463079 0.0022059 0.0235486
 0.0462987 0.00220644  0.0235366
0.0462878 0.0022067  0.023524
 0.0462755 0.00220674  0.0235112
 0.0462622 0.00220659  0.0234984
 0.0462482 0.00220628  0.0234856
 0.0462336 0.00220585   0.023473
 0.0462187 0.00220531  0.0234605
 0.0462034 0.00220468  0.0234484
  0.046188 0.00220396  0.0234365
 0.0461725 0.00220318  0.0234249
 0.0461569 0.00220233  0.0234136
 0.0461413 0.00220143  0.0234026
 0.0461257 0.00220048  0.0233918
 0.0461102 0.00219949  0.0233813
 0.0460948 0.00219846  0.0233711
0.0460795 0.0021974 0.0233611
 0.0460642 0.00219631  0.0233513
0.0460491 0.0021952 0.0233418
 0.0460341 0.00219406  0.0233325
 0.0460193 0.00219291  0.0233233
 0.0460045 0.00219174  0.0233144
 0.0459899 0.00219055  0.0233056
 0.0459755 0.00218935   0.023297
 0.0459612 0.00218815  0.0232885
  0.045947 0.00218693  0.0232802
 0.045933 0.0021857 0.0232721
  0.045919 0.00218447   0.023264
 0.0459053 0.00218324  0.0232561
0.0458916  0.002182 0.0232483
 0.0458781 0.00218076  0.0232407
 0.0458647 0.00217952  0.0232331
 0.0458514 0.00217828  0.0232256
 0.0458383 0.00217703  0.0232183
 0.0458252 0.00217579   0.023211
 0.0458123 0.00217455  0.0232038
 0.0457995 0.00217331  0.0231967
 0.0457868 0.00217207  0.0231897
 0.0457743 0.00217083  0.0231827
0.0457618 0.0021696 0.0231758
 0.0457494 0.00216837   0.023169
 0.0457372 0.00216715  0.0231623
  0.045725 0.00216592  0.0231556
 0.0457129 0.00216471   0.023149
 0.0457009 0.00216349  0.0231425
 0.0456891 0.00216228   0.023136
 0.0456773 0.00216108  0.0231295
 0.0456656 0.00215988  0.0231232
  0.045654 0.00215868  0.0231169
 0.0456425 0.00215749  0.0231106
 0.0456311 0.00215631  0.0231044
 0.0456197 0.00215513  0.0230982
 0.0456085 0.00215395  0.0230921
 0.0455973 0.00215279   0.023086
 0.0455862 0.00215162    0.02308
 0.0455752 0.00215046   0.023074
 0.0455643 0.00214931  0.0230681
 0.0455535 0.00214816  0.0230622
 0.0455427 0.00214702  0.0230564
  0.045532 0.00214589  0.0230506
 0.0455214 0.00214476  0.0230448
 0.0455108 0.00214363  0.0230391
 0.0455004 0.00214251  0.0230334
  0.04549 0.0021414 0.0230278
 0.0454797 0.00214029  0.0230222
 0.0454694 0.00213919  0.0230166
0.0454593 0.0021381 0.0230111
0.0454492  0.002137 0.0230056
 0.0454391 0.00213592  0.0230002
 0.0454292 0.00213484  0.0229948
 0.0454193 0.00213377  0.0229894
0.0454095 0.0021327  0.022984
 0.0453997 0.00213163  0.0229787
   0.04539 0.00213058  0.0229735
 0.0453804 0.00212952  0.0229682
 0.0453708 0.00212848   0.022963
 0.0453613 0.00212744  0.0229579
0.0453519 0.0021264 0.0229528
 0.0453425 0.00212537  0.0229477
 0.0453332 0.00212435  0.0229426
  0.045324 0.00212333  0.0229376
 0.0453148 0.00212231  0.0229326
0.0453057 0.0021213 0.0229276
0.0452966 0.0021203 0.0229227
0.0452877 0.0021193 0.0229178
 0.0452787 0.00211831  0.0229129
 0.0452698 0.00211732  0.0229081
  0.045261 0.00211633  0.0229033
 0.0452523 0.00211536  0.0228985
 0.0452436 0.00211438  0.0228937
 0.0452349 0.00211341   0.022889
 0.0452264 0.00211245  0.0228843
 0.0452178 0.00211149  0.0228797
 0.0452094 0.00211054   0.022875
 0.0452009 0.00210959  0.0228704
 0.0451926 0.00210865  0.0228659
 0.0451843 0.00210771  0.0228613
  0.045176 0.00210678  0.0228568
 0.0451679 0.00210585  0.0228523
 0.0451597 0.00210492  0.0228479
0.0451516  0.002104 0.0228435
 0.0451436 0.00210309  0.0228391
 0.0451356 0.00210218  0.0228347
 0.0451277 0.00210127  0.0228303
 0.0451198 0.00210037   0.022826
  0.045112 0.00209948  0.0228217
 0.0451042 0.00209858  0.0228175
0.0450965 0.0020977 0.0228132
 0.0450888 0.00209682   0.022809
 0.0450812 0.00209594  0.0228048
 0.0450736 0.00209506  0.0228007
 0.0450661 0.00209419  0.0227965
 0.0450586 0.00209333  0.0227924
 0.0450512 0.00209247  0.0227884
 0.0450438 0.00209161  0.0227843
 0.0450365 0.00209076  0.0227803
 0.0450292 0.00208992  0.0227763
  0.045022 0.00208907  0.0227723
 0.0450148 0.00208823  0.0227683
0.0450077 0.0020874 0.0227644
 0.0450006 0.00208657  0.0227605
 0.0449935 0.00208574  0.0227566
 0.0449865 0.00208492  0.0227527
0.0449795 0.0020841 0.0227489
 0.0449726 0.00208329  0.0227451
 0.0449658 0.00208248  0.0227413
 0.0449589 0.00208167  0.0227375
 0.0449522 0.00208087  0.0227338
 0.0449454 0.00208008    0.02273
 0.0449387 0.00207928  0.0227263
 0.0449321 0.00207849  0.0227227
 0.0449255 0.00207771   0.022719
 0.0449189 0.00207693  0.0227154
 0.0449124 0.00207615  0.0227118
 0.0449059 0.00207537  0.0227082
0.0448994 0.0020746 0.0227046
  0.044893 0.00207384  0.0227011
 0.0448867 0.00207308  0.0226975
 0.0448803 0.00207232   0.022694
 0.0448741 0.00207156  0.0226905
 0.0448678 0.00207081  0.0226871
 0.0448616 0.00207006  0.0226836
 0.0448554 0.00206932  0.0226802
 0.0448493 0.00206858  0.0226768
 0.0448432 0.00206784  0.0226734
 0.0448372 0.00206711  0.0226701
 0.0448312 0.00206638  0.0226667
 0.0448252 0.00206566  0.0226634
 0.0448193 0.00206493  0.0226601
 0.0448134 0.00206422  0.0226568
0.0448075 0.0020635 0.0226536
 0.0448017 0.00206279  0.0226503
 0.0447959 0.00206208  0.0226471
 0.0447901 0.00206138  0.0226439
 0.0447844 0.00206068  0.0226407
 0.0447787 0.00205998  0.0226376
 0.0447731 0.00205929  0.0226344
 0.0447675 0.00205859  0.0226313
 0.0447619 0.00205791  0.0226282
 0.0447564 0.00205722  0.0226251
 0.0447509 0.00205654   0.022622
 0.0447454 0.00205587   0.022619
   0.04474 0.00205519  0.0226159
 0.0447346 0.00205452  0.0226129
 0.0447292 0.00205385  0.0226099
 0.0447239 0.00205319  0.0226069
 0.0447185 0.00205253   0.022604
 0.0447133 0.00205187   0.022601
  0.044708 0.00205122  0.0225981
 0.0447028 0.00205057  0.0225952
 0.0446977 0.00204992  0.0225923
 0.0446925 0.00204927  0.0225894
 0.0446874 0.00204863  0.0225865
 0.0446823 0.00204799  0.0225837
 0.0446773 0.00204736  0.0225809
 0.0446723 0.00204672  0.0225781
 0.0446673 0.00204609  0.0225753
 0.0446623 0.00204547  0.0225725
 0.0446574 0.00204484  0.0225697
 0.0446525 0.00204422   0.022567
0.0446476 0.0020436 0.0225642
 0.0446428 0.00204299  0.0225615
  0.044638 0.00204238  0.0225588
 0.0446332 0.00204177  0.0225561
 0.0446285 0.00204116  0.0225535
 0.0446237 0.00204056  0.0225508
 0.0446191 0.00203996  0.0225482
 0.0446144 0.00203936  0.0225456
 0.0446098 0.00203877  0.0225429
 0.0446052 0.00203818  0.0225403
 0.0446006 0.00203759  0.0225378
 0.044596  0.002037 0.0225352
 0.0445915 0.00203642  0.0225327
  0.044587 0.00203584  0.0225301
 0.0445825 0.00203526  0.0225276
 0.0445781 0.00203469  0.0225251
 0.0445737 0.00203412  0.0225226
 0.0445693 0.00203355  0.0225201
 0.0445649 0.00203298  0.0225177
 0.0445606 0.00203242  0.0225152
 0.0445563 0.00203185  0.0225128
 0.044552 0.0020313 0.0225104
 0.0445477 0.00203074   0.022508
 0.0445435 0.00203019  0.0225056
 0.0445393 0.00202964  0.0225032
 0.0445351 0.00202909  0.0225008
  0.044531 0.00202854  0.0224985
0.0445268  0.002028 0.0224961
 0.0445227 0.00202746  0.0224938
 0.0445186 0.00202692  0.0224915
 0.0445146 0.00202639  0.0224892
 0.0445105 0.00202585  0.0224869
 0.0445065 0.00202532  0.0224846
0.0445026 0.0020248 0.0224824
 0.0444986 0.00202427  0.0224801
 0.0444946 0.00202375  0.0224779
 0.0444907 0.00202323  0.0224757
 0.0444868 0.00202271  0.0224734
  0.044483 0.00202219  0.0224712
 0.0444791 0.00202168  0.0224691
 0.0444753 0.00202117  0.0224669
 0.0444715 0.00202066  0.0224647
 0.0444677 0.00202016  0.0224626
  0.044464 0.00201965  0.0224604
 0.0444602 0.00201915  0.0224583
 0.0444565 0.00201865  0.0224562
 0.0444528 0.00201816  0.0224541
 0.0444491 0.00201766   0.022452
 0.0444455 0.00201717  0.0224499
 0.0444419 0.00201668  0.0224479
 0.0444383 0.00201619  0.0224458
 0.0444347 0.00201571  0.0224438
 0.0444311 0.00201523  0.0224417
 0.0444276 0.00201474  0.0224397
  0.044424 0.00201427  0.0224377
 0.0444205 0.00201379  0.0224357
 0.0444171 0.00201332  0.0224337
 0.0444136 0.00201284  0.0224317
 0.0444102 0.00201238  0.0224298
 0.0444067 0.00201191  0.0224278
 0.0444033 0.00201144  0.0224259
    0.0444 0.00201098  0.0224239
 0.0443966 0.00201052   0.022422
 0.0443933 0.00201006  0.0224201
0.0443899 0.0020096 0.0224182
 0.0443866 0.00200915  0.0224163
0.0443833 0.0020087 0.0224144
 0.0443801 0.00200825  0.0224126
0.0443768 0.0020078 0.0224107
 0.0443736 0.00200735  0.0224088
 0.0443704 0.00200691   0.022407
 0.0443672 0.00200647  0.0224052
  0.044364 0.00200603  0.0224034
 0.0443609 0.00200559  0.0224015
 0.0443577 0.00200515  0.0223997
 0.0443546 0.00200472   0.022398
 0.0443515 0.00200429  0.0223962
 0.0443484 0.00200386  0.0223944
 0.0443454 0.00200343  0.0223926
0.0443423  0.002003 0.0223909
 0.0443393 0.00200258  0.0223891
 0.0443363 0.00200216  0.0223874
 0.0443333 0.00200174  0.0223857
 0.0443303 0.00200132   0.022384
0.0443273 0.0020009 0.0223823
 0.0443244 0.00200049  0.0223806
 0.0443215 0.00200008  0.0223789
 0.0443186 0.00199966  0.0223772
 0.0443157 0.00199926  0.0223755
 0.0443128 0.00199885  0.0223739
 0.0443099 0.00199844  0.0223722
 0.0443071 0.00199804  0.0223706
 0.0443042 0.00199764   0.022369
 0.0443014 0.00199724  0.0223673
 0.0442986 0.00199684  0.0223657
 0.0442959 0.00199645  0.0223641
 0.0442931 0.00199605  0.0223625
 0.0442903 0.00199566  0.0223609
 0.0442876 0.00199527  0.0223593
 0.0442849 0.00199488  0.0223578
 0.0442822 0.00199449  0.0223562
 0.0442795 0.00199411  0.0223546
 0.0442768 0.00199373  0.0223531
 0.0442742 0.00199334  0.0223516
 0.0442715 0.00199296    0.02235
 0.0442689 0.00199259  0.0223485
 0.0442663 0.00199221   0.022347
 0.0442637 0.00199183  0.0223455
 0.0442611 0.00199146   0.022344
 0.0442585 0.00199109  0.0223425
 0.0442559 0.00199072   0.022341
 0.0442534 0.00199035  0.0223395
 0.0442509 0.00198998  0.0223381
 0.0442484 0.00198962  0.0223366
 0.0442459 0.00198926  0.0223352
0.0442434 0.0019889 0.0223337
 0.0442409 0.00198854  0.0223323
 0.0442384 0.00198818  0.0223309
  0.044236 0.00198782  0.0223294
 0.0442336 0.00198747   0.022328
 0.0442311 0.00198711  0.0223266
 0.0442287 0.00198676  0.0223252
 0.0442263 0.00198641  0.0223238
  0.044224 0.00198606  0.0223224
 0.0442216 0.00198571  0.0223211
 0.0442192 0.00198537  0.0223197
 0.0442169 0.00198503  0.0223183
 0.0442146 0.00198468   0.022317
 0.0442123 0.00198434  0.0223156
  0.04421  0.001984 0.0223143
 0.0442077 0.00198367  0.0223129
 0.0442054 0.00198333  0.0223116
 0.0442031 0.00198299  0.0223103
 0.0442009 0.00198266   0.022309
 0.0441987 0.00198233  0.0223077
0.0441964  0.001982 0.0223064
 0.0441942 0.00198167  0.0223051
  0.044192 0.00198134  0.0223038
 0.0441898 0.00198102  0.0223025
 0.0441876 0.00198069  0.0223013
 0.0441855 0.00198037     0.0223
 0.0441833 0.00198005  0.0222987
 0.0441812 0.00197973  0.0222975
  0.044179 0.00197941  0.0222962
 0.0441769 0.00197909   0.022295
 0.0441748 0.00197878  0.0222938
 0.0441727 0.00197846  0.0222925
 0.0441706 0.00197815  0.0222913
 0.0441686 0.00197784  0.0222901
 0.0441665 0.00197753  0.0222889
 0.0441644 0.00197722  0.0222877
 0.0441624 0.00197691  0.0222865
0.0441604 0.0019766 0.0222853
0.0441584 0.0019763 0.0222841
0.0441564  0.001976 0.0222829
 0.0441544 0.00197569  0.0222818
 0.0441524 0.00197539  0.0222806
 0.0441504 0.00197509  0.0222794
0.0441484 0.0019748 0.0222783
0.0441465 0.0019745 0.0222771
0.0441445 0.0019742  0.022276
 0.0441426 0.00197391  0.0222749
 0.0441407 0.00197362  0.0222737
 0.0441388 0.00197333  0.0222726
 0.0441369 0.00197304  0.0222715
  0.044135 0.00197275  0.0222704
 0.0441331 0.00197246  0.0222693
 0.0441312 0.00197217  0.0222682
 0.0441294 0.00197189  0.0222671
0.0441275 0.0019716  0.022266
 0.0441257 0.00197132  0.0222649
 0.0441238 0.00197104  0.0222638
  0.044122 0.00197076  0.0222627
 0.0441202 0.00197048  0.0222617
0.0441184 0.0019702 0.0222606
 0.0441166 0.00196993  0.0222596
 0.0441148 0.00196965  0.0222585
  0.044113 0.00196938  0.0222575
 0.0441113 0.00196911  0.0222564
 0.0441095 0.00196883  0.0222554
 0.0441078 0.00196856  0.0222544
 0.044106 0.0019683 0.0222533
 0.0441043 0.00196803  0.0222523
 0.0441026 0.00196776  0.0222513
0.0441009 0.0019675 0.0222503
 0.0440992 0.00196723  0.0222493
 0.0440975 0.00196697  0.0222483
 0.0440958 0.00196671  0.0222473
 0.0440941 0.00196644  0.0222463
 0.0440925 0.00196619  0.0222453
 0.0440908 0.00196593  0.0222443
 0.0440892 0.00196567  0.0222434
 0.0440875 0.00196541  0.0222424
 0.0440859 0.00196516  0.0222414
0.0440843 0.0019649 0.0222405
 0.0440827 0.00196465  0.0222395
0.0440811 0.0019644 0.0222386
 0.0440795 0.00196415  0.0222376
0.0440779 0.0019639 0.0222367
 0.0440763 0.00196365  0.0222357
0.0440747 0.0019634 0.0222348
 0.0440732 0.00196316  0.0222339
 0.0440716 0.00196291  0.0222329
 0.0440701 0.00196267   0.022232
 0.0440685 0.00196242  0.0222311
  0.044067 0.00196218  0.0222302
 0.0440655 0.00196194  0.0222293
 0.044064 0.0019617 0.0222284
 0.0440624 0.00196146  0.0222275
 0.0440609 0.00196122  0.0222266
 0.0440595 0.00196099  0.0222257
  0.044058 0.00196075  0.0222248
 0.0440565 0.00196052   0.022224
  0.044055 0.00196028  0.0222231
 0.0440536 0.00196005  0.0222222
 0.0440521 0.00195982  0.0222214
 0.0440507 0.00195959  0.0222205
 0.0440492 0.00195936  0.0222196
 0.0440478 0.00195913  0.0222188
0.0440464 0.0019589 0.0222179
  0.044045 0.00195868  0.0222171
 0.0440436 0.00195845  0.0222163
 0.0440422 0.00195823  0.0222154
0.0440408  0.001958 0.0222146
 0.0440394 0.00195778  0.0222138
  0.044038 0.00195756   0.022213
 0.0440366 0.00195734  0.0222121
 0.0440353 0.00195712  0.0222113
0.0440339 0.0019569 0.0222105
 0.0440325 0.00195668  0.0222097
 0.0440312 0.00195646  0.0222089
 0.0440299 0.00195625  0.0222081
 0.0440285 0.00195603  0.0222073
 0.0440272 0.00195582  0.0222065
0.0440259 0.0019556 0.0222057
 0.0440246 0.00195539  0.0222049
 0.0440233 0.00195518  0.0222042
  0.044022 0.00195497  0.0222034
 0.0440207 0.00195476  0.0222026
 0.0440194 0.00195455  0.0222019
 0.0440181 0.00195434  0.0222011
 0.0440169 0.00195414  0.0222003
 0.0440156 0.00195393  0.0221996
 0.0440143 0.00195373  0.0221988
 0.0440131 0.00195352  0.0221981
 0.0440118 0.00195332  0.0221973
 0.0440106 0.00195312  0.0221966
 0.0440094 0.00195292  0.0221958
 0.0440081 0.00195272  0.0221951
 0.0440069 0.00195252  0.0221944
 0.0440057 0.00195232  0.0221936
 0.0440045 0.00195212  0.0221929
 0.0440033 0.00195192  0.0221922
 0.0440021 0.00195173  0.0221915
 0.0440009 0.00195153  0.0221908
 0.0439997 0.00195134  0.0221901
 0.0439985 0.00195114  0.0221894
 0.0439974 0.00195095  0.0221887
 0.0439962 0.00195076   0.022188
  0.043995 0.00195057  0.0221873
 0.0439939 0.00195038  0.0221866
 0.0439927 0.00195019  0.0221859
0.0439916   0.00195 0.0221852
 0.0439905 0.00194981  0.0221845
 0.0439893 0.00194962  0.0221838
 0.0439882 0.00194944  0.0221831
 0.0439871 0.00194925  0.0221825
  0.043986 0.00194907  0.0221818
 0.0439849 0.00194888  0.0221811
0.0439838 0.0019487 0.0221805
 0.0439827 0.00194852  0.0221798
 0.0439816 0.00194833  0.0221792
 0.0439805 0.00194815  0.0221785
 0.0439794 0.00194797  0.0221779
 0.0439783 0.00194779  0.0221772
 0.0439773 0.00194762  0.0221766
 0.0439762 0.00194744  0.0221759
 0.0439751 0.00194726  0.0221753
 0.0439741 0.00194709  0.0221746
  0.043973 0.00194691   0.022174
  0.043972 0.00194674  0.0221734
 0.0439709 0.00194656  0.0221728
 0.0439699 0.00194639  0.0221721
 0.0439689 0.00194622  0.0221715
 0.0439679 0.00194604  0.0221709
 0.0439668 0.00194587  0.0221703
0.0439658 0.0019457 0.0221697
 0.0439648 0.00194553  0.0221691
 0.0439638 0.00194537  0.0221685
0.0439628 0.0019452 0.0221679
 0.0439618 0.00194503  0.0221673
 0.0439608 0.00194486  0.0221667
0.0439599 0.0019447 0.0221661
 0.0439589 0.00194453  0.0221655
 0.0439579 0.00194437  0.0221649
 0.0439569 0.00194421  0.0221643
  0.043956 0.00194404  0.0221637
  0.043955 0.00194388  0.0221631
 0.0439541 0.00194372  0.0221626
 0.0439531 0.00194356   0.022162
0.0439522 0.0019434 0.0221614
 0.0439512 0.00194324  0.0221608
 0.0439503 0.00194308  0.0221603
 0.0439494 0.00194292  0.0221597
 0.0439484 0.00194276  0.0221592
 0.0439475 0.00194261  0.0221586
 0.0439466 0.00194245   0.022158
0.0439457 0.0019423 0.0221575
 0.0439448 0.00194214  0.0221569
 0.0439439 0.00194199  0.0221564
  0.043943 0.00194183  0.0221558
 0.0439421 0.00194168  0.0221553
 0.0439412 0.00194153  0.0221548
 0.0439403 0.00194138  0.0221542
 0.0439394 0.00194123  0.0221537
 0.0439385 0.00194108  0.0221532
 0.0439376 0.00194093  0.0221526
 0.0439368 0.00194078  0.0221521
 0.0439359 0.00194063  0.0221516
 0.0439351 0.00194048  0.0221511
 0.0439342 0.00194033  0.0221505
 0.0439333 0.00194019    0.02215
 0.0439325 0.00194004  0.0221495
0.0439316 0.0019399  0.022149
 0.0439308 0.00193975  0.0221485
   0.04393 0.00193961   0.022148
 0.0439291 0.00193947  0.0221475
 0.0439283 0.00193932   0.022147
 0.0439275 0.00193918  0.0221465
 0.0439267 0.00193904   0.022146
0.0439258 0.0019389 0.0221455
  0.043925 0.00193876   0.022145
 0.0439242 0.00193862  0.0221445
 0.0439234 0.00193848   0.022144
 0.0439226 0.00193834  0.0221435
0.0439218 0.0019382  0.022143
  0.043921 0.00193807  0.0221425
 0.0439202 0.00193793  0.0221421
 0.0439195 0.00193779  0.0221416
 0.0439187 0.00193766  0.0221411
 0.0439179 0.00193752  0.0221406
 0.0439171 0.00193739  0.0221402
 0.0439164 0.00193726  0.0221397
 0.0439156 0.00193712  0.0221392
 0.0439148 0.00193699  0.0221388
 0.0439141 0.00193686  0.0221383
 0.0439133 0.00193673  0.0221378
0.0439126 0.0019366 0.0221374
 0.0439118 0.00193647  0.0221369
 0.0439111 0.00193634  0.0221365
 0.0439103 0.00193621   0.022136
 0.0439096 0.00193608  0.0221356
 0.0439089 0.00193595  0.0221351
 0.0439081 0.00193582  0.0221347
 0.0439074 0.00193569  0.0221342
 0.0439067 0.00193557  0.0221338
  0.043906 0.00193544  0.0221333
 0.0439052 0.00193532  0.0221329
 0.0439045 0.00193519  0.0221325
 0.0439038 0.00193507   0.022132
 0.0439031 0.00193494  0.0221316
 0.0439024 0.00193482  0.0221312
0.0439017 0.0019347 0.0221308
  0.043901 0.00193458  0.0221303
 0.0439003 0.00193445  0.0221299
 0.0438996 0.00193433  0.0221295
 0.0438989 0.00193421  0.0221291
 0.0438983 0.00193409  0.0221286
 0.0438976 0.00193397  0.0221282
 0.0438969 0.00193385  0.0221278
 0.0438962 0.00193373  0.0221274
 0.0438956 0.00193362   0.022127
0.0438949 0.0019335 0.0221266
 0.0438942 0.00193338  0.0221262
 0.0438936 0.00193326  0.0221258
 0.0438929 0.00193315  0.0221254
 0.0438922 0.00193303   0.022125
 0.0438916 0.00193292  0.0221246
0.0438909 0.0019328 0.0221242
 0.0438903 0.00193269  0.0221238
 0.0438897 0.00193257  0.0221234
  0.043889 0.00193246   0.022123
 0.0438884 0.00193235  0.0221226
 0.0438878 0.00193224  0.0221222
 0.0438871 0.00193212  0.0221218
 0.0438865 0.00193201  0.0221215
0.0438859 0.0019319 0.0221211
 0.0438852 0.00193179  0.0221207
 0.0438846 0.00193168  0.0221203
  0.043884 0.00193157  0.0221199
 0.0438834 0.00193146  0.0221196
 0.0438828 0.00193135  0.0221192
 0.0438822 0.00193125  0.0221188
 0.0438816 0.00193114  0.0221184
  0.043881 0.00193103  0.0221181
 0.0438804 0.00193093  0.0221177
 0.0438798 0.00193082  0.0221173
 0.0438792 0.00193071   0.022117
 0.0438786 0.00193061  0.0221166
 0.043878 0.0019305 0.0221163
0.0438774 0.0019304 0.0221159
 0.0438769 0.00193029  0.0221155
 0.0438763 0.00193019  0.0221152
 0.0438757 0.00193009  0.0221148
 0.0438751 0.00192999  0.0221145
 0.0438746 0.00192988  0.0221141
  0.043874 0.00192978  0.0221138
 0.0438734 0.00192968  0.0221134
 0.0438729 0.00192958  0.0221131
 0.0438723 0.00192948  0.0221127
 0.0438717 0.00192938  0.0221124
 0.0438712 0.00192928  0.0221121
 0.0438706 0.00192918  0.0221117
 0.0438701 0.00192908  0.0221114
 0.0438695 0.00192898   0.022111
  0.043869 0.00192888  0.0221107
 0.0438684 0.00192879  0.0221104
 0.0438679 0.00192869    0.02211
 0.0438674 0.00192859  0.0221097
0.0438668 0.0019285 0.0221094
0.0438663 0.0019284 0.0221091
0.0438658 0.0019283 0.0221087
 0.0438652 0.00192821  0.0221084
 0.0438647 0.00192811  0.0221081
 0.0438642 0.00192802  0.0221078
 0.0438637 0.00192793  0.0221074
 0.0438632 0.00192783  0.0221071
 0.0438626 0.00192774  0.0221068
 0.0438621 0.00192765  0.0221065
 0.0438616 0.00192755  0.0221062
 0.0438611 0.00192746  0.0221059
 0.0438606 0.00192737  0.0221056
 0.0438601 0.00192728  0.0221052
 0.0438596 0.00192719  0.0221049
0.0438591 0.0019271 0.0221046
 0.0438586 0.00192701  0.0221043
 0.0438581 0.00192692   0.022104
 0.0438576 0.00192683  0.0221037
 0.0438571 0.00192674  0.0221034
 0.0438566 0.00192665  0.0221031
 0.0438562 0.00192656  0.0221028
 0.0438557 0.00192648  0.0221025
 0.0438552 0.00192639  0.0221022
0.0438547 0.0019263 0.0221019
 0.0438542 0.00192621  0.0221016
 0.0438538 0.00192613  0.0221013
 0.0438533 0.00192604  0.0221011
 0.0438528 0.00192596  0.0221008
 0.0438524 0.00192587  0.0221005
 0.0438519 0.00192579  0.0221002
0.0438514 0.0019257 0.0220999
  0.043851 0.00192562  0.0220996
 0.0438505 0.00192553  0.0220993
 0.0438501 0.00192545  0.0220991
 0.0438496 0.00192537  0.0220988
 0.0438491 0.00192528  0.0220985
0.0438487 0.0019252 0.0220982
 0.0438482 0.00192512  0.0220979
 0.0438478 0.00192504  0.0220977
 0.0438474 0.00192496  0.0220974
 0.0438469 0.00192488  0.0220971
0.0438465 0.0019248 0.0220968
  0.043846 0.00192472  0.0220966
 0.0438456 0.00192464  0.0220963
 0.0438452 0.00192456   0.022096
 0.0438447 0.00192448  0.0220958
0.0438443 0.0019244 0.0220955
 0.0438439 0.00192432  0.0220952
 0.0438434 0.00192424   0.022095
  0.043843 0.00192416  0.0220947
 0.0438426 0.00192408  0.0220945
 0.0438422 0.00192401  0.0220942
 0.0438418 0.00192393  0.0220939
 0.0438413 0.00192385  0.0220937
 0.0438409 0.00192378  0.0220934
0.0438405 0.0019237 0.0220932
 0.0438401 0.00192363  0.0220929
 0.0438397 0.00192355  0.0220927
 0.0438393 0.00192347  0.0220924
0.0438389 0.0019234 0.0220922
 0.0438385 0.00192333  0.0220919
 0.0438381 0.00192325  0.0220917
 0.0438377 0.00192318  0.0220914
0.0438373 0.0019231 0.0220912
 0.0438369 0.00192303  0.0220909
 0.0438365 0.00192296  0.0220907
 0.0438361 0.00192289  0.0220904
 0.0438357 0.00192281  0.0220902
 0.0438353 0.00192274    0.02209
 0.0438349 0.00192267  0.0220897
0.0438345 0.0019226 0.0220895
 0.0438342 0.00192253  0.0220892
 0.0438338 0.00192246   0.022089
 0.0438334 0.00192239  0.0220888
  0.043833 0.00192232  0.0220885
 0.0438326 0.00192225  0.0220883
 0.0438323 0.00192218  0.0220881
 0.0438319 0.00192211  0.0220878
 0.0438315 0.00192204  0.0220876
 0.0438311 0.00192197  0.0220874
0.0438308 0.0019219 0.0220871
 0.0438304 0.00192183  0.0220869
   0.04383 0.00192176  0.0220867
0.0438297 0.0019217 0.0220865
 0.0438293 0.00192163  0.0220862
  0.043829 0.00192156   0.022086
0.0438286 0.0019215 0.0220858
 0.0438282 0.00192143  0.0220856
 0.0438279 0.00192136  0.0220854
0.0438275 0.0019213 0.0220851
 0.0438272 0.00192123  0.0220849
 0.0438268 0.00192117  0.0220847
0.0438265 0.0019211 0.0220845
 0.0438261 0.00192104  0.0220843
 0.0438258 0.00192097  0.0220841
 0.0438254 0.00192091  0.0220838
 0.0438251 0.00192084  0.0220836
 0.0438248 0.00192078  0.0220834
 0.0438244 0.00192072  0.0220832
 0.0438241 0.00192065   0.022083
 0.0438237 0.00192059  0.0220828
 0.0438234 0.00192053  0.0220826
 0.0438231 0.00192047  0.0220824
0.0438227 0.0019204 0.0220822
 0.0438224 0.00192034   0.022082
 0.0438221 0.00192028  0.0220818
 0.0438218 0.00192022  0.0220816
 0.0438214 0.00192016  0.0220813
0.0438211 0.0019201 0.0220811
 0.0438208 0.00192004  0.0220809
 0.0438205 0.00191998  0.0220807
 0.0438201 0.00191992  0.0220805
 0.0438198 0.00191986  0.0220804
0.0438195 0.0019198 0.0220802
 0.0438192 0.00191974    0.02208
 0.0438189 0.00191968  0.0220798
 0.0438186 0.00191962  0.0220796
 0.0438182 0.00191956  0.0220794
0.0438179 0.0019195 0.0220792
 0.0438176 0.00191944   0.022079
 0.0438173 0.00191939  0.0220788
  0.043817 0.00191933  0.0220786
 0.0438167 0.00191927  0.0220784
 0.0438164 0.00191921  0.0220782
 0.0438161 0.00191916   0.022078
0.0438158 0.0019191 0.0220779
 0.0438155 0.00191904  0.0220777
 0.0438152 0.00191899  0.0220775
 0.0438149 0.00191893  0.0220773
 0.0438146 0.00191888  0.0220771
 0.0438143 0.00191882  0.0220769
  0.043814 0.00191877  0.0220768
 0.0438137 0.00191871  0.0220766
 0.0438134 0.00191866  0.0220764
0.0438131 0.0019186 0.0220762
 0.0438129 0.00191855   0.022076
 0.0438126 0.00191849  0.0220759
 0.0438123 0.00191844  0.0220757
  0.043812 0.00191839  0.0220755
 0.0438117 0.00191833  0.0220753
 0.0438114 0.00191828  0.0220751
 0.0438112 0.00191823   0.022075
 0.0438109 0.00191817  0.0220748
 0.0438106 0.00191812  0.0220746
 0.0438103 0.00191807  0.0220745
 0.0438101 0.00191802  0.0220743
 0.0438098 0.00191796  0.0220741
 0.0438095 0.00191791  0.0220739
 0.0438092 0.00191786  0.0220738
  0.043809 0.00191781  0.0220736
 0.0438087 0.00191776  0.0220734
 0.0438084 0.00191771  0.0220733
 0.0438082 0.00191766  0.0220731
 0.0438079 0.00191761  0.0220729
 0.0438076 0.00191756  0.0220728
 0.0438074 0.00191751  0.0220726
 0.0438071 0.00191746  0.0220725
 0.0438068 0.00191741  0.0220723
 0.0438066 0.00191736  0.0220721
 0.0438063 0.00191731   0.022072
 0.0438061 0.00191726  0.0220718
 0.0438058 0.00191721  0.0220716
 0.0438056 0.00191716  0.0220715
 0.0438053 0.00191711  0.0220713
  0.043805 0.00191707  0.0220712
 0.0438048 0.00191702   0.022071
 0.0438045 0.00191697  0.0220709
 0.0438043 0.00191692  0.0220707
  0.043804 0.00191688  0.0220706
 0.0438038 0.00191683  0.0220704
 0.0438035 0.00191678  0.0220702
 0.0438033 0.00191674  0.0220701
 0.0438031 0.00191669  0.0220699
 0.0438028 0.00191664  0.0220698
0.0438026 0.0019166 0.0220696
 0.0438023 0.00191655  0.0220695
0.0438021 0.0019165 0.0220693
 0.0438019 0.00191646  0.0220692
 0.0438016 0.00191641   0.022069
 0.0438014 0.00191637  0.0220689
 0.0438011 0.00191632  0.0220687
 0.0438009 0.00191628  0.0220686
 0.0438007 0.00191623  0.0220685
 0.0438004 0.00191619  0.0220683
 0.0438002 0.00191615  0.0220682
   0.0438 0.0019161  0.022068
 0.0437998 0.00191606  0.0220679
 0.0437995 0.00191601  0.0220677
 0.0437993 0.00191597  0.0220676
 0.0437991 0.00191593  0.0220675
 0.0437988 0.00191588  0.0220673
 0.0437986 0.00191584  0.0220672
0.0437984 0.0019158  0.022067
 0.0437982 0.00191576  0.0220669
 0.0437979 0.00191571  0.0220668
 0.0437977 0.00191567  0.0220666
 0.0437975 0.00191563  0.0220665
 0.0437973 0.00191559  0.0220664
 0.0437971 0.00191555  0.0220662
0.0437969 0.0019155 0.0220661
 0.0437966 0.00191546  0.0220659
 0.0437964 0.00191542  0.0220658
 0.0437962 0.00191538  0.0220657
  0.043796 0.00191534  0.0220655
0.0437958 0.0019153 0.0220654
 0.0437956 0.00191526  0.0220653
 0.0437954 0.00191522  0.0220652
 0.0437952 0.00191518   0.022065
 0.0437949 0.00191514  0.0220649
0.0437947 0.0019151 0.0220648
 0.0437945 0.00191506  0.0220646
 0.0437943 0.00191502  0.0220645
 0.0437941 0.00191498  0.0220644
 0.0437939 0.00191494  0.0220643
0.0437937 0.0019149 0.0220641
 0.0437935 0.00191486   0.022064
 0.0437933 0.00191482  0.0220639
 0.0437931 0.00191478  0.0220637
 0.0437929 0.00191475  0.0220636
 0.0437927 0.00191471  0.0220635
 0.0437925 0.00191467  0.0220634
 0.0437923 0.00191463  0.0220633
 0.0437921 0.00191459  0.0220631
 0.0437919 0.00191456   0.022063
 0.0437917 0.00191452  0.0220629
 0.0437915 0.00191448  0.0220628
 0.0437913 0.00191445  0.0220626
 0.0437911 0.00191441  0.0220625
  0.043791 0.00191437  0.0220624
 0.0437908 0.00191433  0.0220623
0.0437906 0.0019143 0.0220622
 0.0437904 0.00191426  0.0220621
 0.0437902 0.00191423  0.0220619
   0.04379 0.00191419  0.0220618
 0.0437898 0.00191415  0.0220617
 0.0437896 0.00191412  0.0220616
 0.0437895 0.00191408  0.0220615
 0.0437893 0.00191405  0.0220614
 0.0437891 0.00191401  0.0220612
 0.0437889 0.00191398  0.0220611
 0.0437887 0.00191394   0.022061
 0.0437885 0.00191391  0.0220609
 0.0437884 0.00191387  0.0220608
 0.0437882 0.00191384  0.0220607
 0.043788 0.0019138 0.0220606
 0.0437878 0.00191377  0.0220605
 0.0437877 0.00191373  0.0220604
0.0437875 0.0019137 0.0220602
 0.0437873 0.00191367  0.0220601
 0.0437871 0.00191363    0.02206
 0.043787 0.0019136 0.0220599
 0.0437868 0.00191357  0.0220598
 0.0437866 0.00191353  0.0220597
0.0437864 0.0019135 0.0220596
 0.0437863 0.00191347  0.0220595
 0.0437861 0.00191343  0.0220594
0.0437859 0.0019134 0.0220593
 0.0437858 0.00191337  0.0220592
 0.0437856 0.00191334  0.0220591
0.0437854 0.0019133  0.022059
 0.0437853 0.00191327  0.0220589
 0.0437851 0.00191324  0.0220588
 0.0437849 0.00191321  0.0220587
 0.0437848 0.00191318  0.0220586
 0.0437846 0.00191314  0.0220585
 0.0437844 0.00191311  0.0220584
 0.0437843 0.00191308  0.0220583
 0.0437841 0.00191305  0.0220582
  0.043784 0.00191302  0.0220581
 0.0437838 0.00191299   0.022058
 0.0437836 0.00191296  0.0220579
 0.0437835 0.00191293  0.0220578
0.0437833 0.0019129 0.0220577
 0.0437832 0.00191286  0.0220576
  0.043783 0.00191283  0.0220575
0.0437829 0.0019128 0.0220574
 0.0437827 0.00191277  0.0220573
 0.0437825 0.00191274  0.0220572
 0.0437824 0.00191271  0.0220571
 0.0437822 0.00191268   0.022057
 0.0437821 0.00191265  0.0220569
 0.0437819 0.00191263  0.0220568
0.0437818 0.0019126 0.0220567
 0.0437816 0.00191257  0.0220566
 0.0437815 0.00191254  0.0220565
 0.0437813 0.00191251  0.0220564
 0.0437812 0.00191248  0.0220563
  0.043781 0.00191245  0.0220562
 0.0437809 0.00191242  0.0220561
 0.0437807 0.00191239  0.0220561
 0.0437806 0.00191237   0.022056
 0.0437805 0.00191234  0.0220559
 0.0437803 0.00191231  0.0220558
 0.0437802 0.00191228  0.0220557
   0.04378 0.00191225  0.0220556
 0.0437799 0.00191222  0.0220555
0.0437797 0.0019122 0.0220554
 0.0437796 0.00191217  0.0220553
 0.0437794 0.00191214  0.0220552
 0.0437793 0.00191211  0.0220552
 0.0437792 0.00191209  0.0220551
  0.043779 0.00191206   0.022055
 0.0437789 0.00191203  0.0220549
 0.0437788 0.00191201  0.0220548
 0.0437786 0.00191198  0.0220547
 0.0437785 0.00191195  0.0220546
 0.0437783 0.00191193  0.0220546
0.0437782 0.0019119 0.0220545
 0.0437781 0.00191187  0.0220544
 0.0437779 0.00191185  0.0220543
 0.0437778 0.00191182  0.0220542
0.0437777 0.0019118 0.0220541
 0.0437775 0.00191177  0.0220541
 0.0437774 0.00191174   0.022054
 0.0437773 0.00191172  0.0220539
 0.0437771 0.00191169  0.0220538
  0.043777 0.00191167  0.0220537
 0.0437769 0.00191164  0.0220537
 0.0437768 0.00191162  0.0220536
 0.0437766 0.00191159  0.0220535
 0.0437765 0.00191157  0.0220534
 0.0437764 0.00191154  0.0220533
 0.0437762 0.00191152  0.0220533
 0.0437761 0.00191149  0.0220532
  0.043776 0.00191147  0.0220531
 0.0437759 0.00191144   0.022053
 0.0437757 0.00191142  0.0220529
 0.0437756 0.00191139  0.0220529
 0.0437755 0.00191137  0.0220528
 0.0437754 0.00191134  0.0220527
 0.0437752 0.00191132  0.0220526
0.0437751 0.0019113 0.0220526
  0.043775 0.00191127  0.0220525
 0.0437749 0.00191125  0.0220524
 0.0437748 0.00191123  0.0220523
0.0437746 0.0019112 0.0220523
 0.0437745 0.00191118  0.0220522
 0.0437744 0.00191115  0.0220521
 0.0437743 0.00191113   0.022052
 0.0437742 0.00191111   0.022052
  0.043774 0.00191109  0.0220519
 0.0437739 0.00191106  0.0220518
 0.0437738 0.00191104  0.0220517
 0.0437737 0.00191102  0.0220517
 0.0437736 0.00191099  0.0220516
 0.0437735 0.00191097  0.0220515
 0.0437733 0.00191095  0.0220515
 0.0437732 0.00191093  0.0220514
0.0437731 0.0019109 0.0220513
  0.043773 0.00191088  0.0220512
 0.0437729 0.00191086  0.0220512
 0.0437728 0.00191084  0.0220511
 0.0437727 0.00191082   0.022051
 0.0437726 0.00191079   0.022051
 0.0437724 0.00191077  0.0220509
 0.0437723 0.00191075  0.0220508
 0.0437722 0.00191073  0.0220508
 0.0437721 0.00191071  0.0220507
  0.043772 0.00191069  0.0220506
 0.0437719 0.00191066  0.0220506
 0.0437718 0.00191064  0.0220505
 0.0437717 0.00191062  0.0220504
0.0437716 0.0019106 0.0220504
 0.0437715 0.00191058  0.0220503
 0.0437714 0.00191056  0.0220502
 0.0437713 0.00191054  0.0220502
 0.0437711 0.00191052  0.0220501
 0.043771 0.0019105   0.02205
 0.0437709 0.00191048    0.02205
 0.0437708 0.00191046  0.0220499
 0.0437707 0.00191044  0.0220498
 0.0437706 0.00191042  0.0220498
0.0437705 0.0019104 0.0220497
 0.0437704 0.00191038  0.0220496
 0.0437703 0.00191036  0.0220496
