 0.0873959 -0.0873769    2.04374   0.325308  -0.294647    1.99265   -1.23506
 0.0856963 -0.0883076    2.04735   0.327822   -0.29111    2.00187   -1.23323
 0.0833334 -0.0890249    2.05004    0.32914  -0.288557    2.00932   -1.23125
 0.0807329 -0.0896451    2.05209   0.329715  -0.286671    2.01547   -1.22927
 0.0781391 -0.0902262    2.05372   0.329827  -0.285244    2.02065   -1.22737
 0.0756855 -0.0907949    2.05503   0.329647  -0.284139    2.02507    -1.2256
 0.0734383 -0.0913608    2.05611   0.329279  -0.283265    2.02889   -1.22396
  0.071424 -0.0919253    2.05703   0.328791  -0.282559    2.03222   -1.22246
 0.0696463 -0.0924865    2.05782   0.328223  -0.281979    2.03515    -1.2211
  0.068096 -0.0930411     2.0585   0.327601  -0.281496    2.03774   -1.21987
 0.0667573 -0.0935858     2.0591   0.326941   -0.28109    2.04004   -1.21876
 0.0656117 -0.0941179    2.05963   0.326255  -0.280745    2.04209   -1.21776
   0.06464 -0.0946354     2.0601    0.32555  -0.280451    2.04393   -1.21686
 0.0638236 -0.0951368    2.06051   0.324831    -0.2802    2.04558   -1.21605
 0.0631448 -0.0956211    2.06089   0.324102  -0.279985    2.04707   -1.21533
 0.0625876 -0.0960881    2.06122   0.323365  -0.279802    2.04843   -1.21468
 0.0621374 -0.0965377    2.06152   0.322622  -0.279645    2.04966    -1.2141
0.0617811  -0.09697   2.06179  0.321875 -0.279513   2.05079  -1.21358
 0.0615073 -0.0973856    2.06202   0.321126  -0.279401    2.05183   -1.21312
 0.0613056 -0.0977848    2.06224   0.320374  -0.279309    2.05278    -1.2127
  0.061167 -0.0981684    2.06243   0.319621  -0.279233    2.05366   -1.21234
0.0610836 -0.098537   2.06261  0.318868 -0.279171   2.05449  -1.21202
 0.0610483 -0.0988915    2.06276   0.318115  -0.279123    2.05525   -1.21174
  0.061055 -0.0992325     2.0629   0.317363  -0.279087    2.05597   -1.21149
 0.0610983 -0.0995607    2.06303   0.316612  -0.279061    2.05665   -1.21127
 0.0611736 -0.0998769    2.06314   0.315863  -0.279045    2.05729   -1.21108
0.0612766 -0.100182   2.06324  0.315115 -0.279037    2.0579  -1.21092
0.0614039 -0.100476   2.06334   0.31437 -0.279037   2.05848  -1.21078
0.0615521 -0.100761   2.06342  0.313626 -0.279043   2.05904  -1.21066
0.0617186 -0.101036   2.06349  0.312885 -0.279056   2.05957  -1.21057
0.0619009 -0.101302   2.06356  0.312147 -0.279074   2.06009  -1.21049
0.0620969  -0.10156   2.06362  0.311411 -0.279098   2.06058  -1.21042
0.0623048 -0.101811   2.06367  0.310678 -0.279125   2.06107  -1.21038
0.0625228 -0.102054   2.06371  0.309948 -0.279157   2.06153  -1.21034
0.0627497 -0.102291   2.06376  0.309221 -0.279192   2.06199  -1.21032
0.0629841 -0.102522   2.06379  0.308497  -0.27923   2.06243  -1.21031
 0.063225 -0.102747   2.06383  0.307776 -0.279271   2.06287   -1.2103
0.0634714 -0.102966   2.06386  0.307058 -0.279315    2.0633  -1.21031
0.0637225 -0.103181   2.06388  0.306343 -0.279361   2.06371  -1.21033
0.0639775  -0.10339   2.06391  0.305631 -0.279409   2.06413  -1.21035
0.0642358 -0.103596   2.06393  0.304923 -0.279459   2.06453  -1.21038
0.0644969 -0.103797   2.06394  0.304217 -0.279511   2.06493  -1.21042
0.0647602 -0.103994   2.06396  0.303515 -0.279564   2.06533  -1.21046
0.0650254 -0.104188   2.06397  0.302816 -0.279618   2.06572   -1.2105
 0.065292 -0.104378   2.06399   0.30212 -0.279673    2.0661  -1.21055
0.0655598 -0.104566     2.064  0.301427  -0.27973   2.06648  -1.21061
0.0658284  -0.10475     2.064  0.300737 -0.279787   2.06686  -1.21067
0.0660976 -0.104932   2.06401   0.30005 -0.279845   2.06723  -1.21073
0.0663671 -0.105111   2.06402  0.299367 -0.279904   2.06761  -1.21079
0.0666369 -0.105287   2.06402  0.298686 -0.279963   2.06797  -1.21086
0.0669067 -0.105462   2.06403  0.298009 -0.280023   2.06834  -1.21093
0.0671763 -0.105634   2.06403  0.297334 -0.280083    2.0687    -1.211
0.0674457 -0.105804   2.06403  0.296663 -0.280144   2.06906  -1.21108
0.0677147 -0.105972   2.06403  0.295995 -0.280205   2.06942  -1.21115
0.0679832 -0.106139   2.06403   0.29533 -0.280267   2.06977  -1.21123
0.0682512 -0.106303   2.06403  0.294667 -0.280328   2.07013  -1.21131
0.0685185 -0.106466   2.06403  0.294008  -0.28039   2.07048  -1.21139
0.0687852 -0.106628   2.06403  0.293352 -0.280452   2.07083  -1.21147
0.0690511 -0.106788   2.06403  0.292699 -0.280515   2.07117  -1.21155
0.0693163 -0.106947   2.06403  0.292048 -0.280577   2.07152  -1.21164
0.0695805 -0.107104   2.06402  0.291401 -0.280639   2.07186  -1.21172
 0.069844  -0.10726   2.06402  0.290756 -0.280702    2.0722   -1.2118
0.0701065 -0.107415   2.06402  0.290115 -0.280764   2.07254  -1.21189
0.0703681 -0.107569   2.06401  0.289476 -0.280826   2.07288  -1.21197
0.0706287 -0.107721   2.06401   0.28884 -0.280889   2.07322  -1.21206
0.0708884 -0.107873   2.06401  0.288207 -0.280951   2.07355  -1.21214
0.0711471 -0.108023     2.064  0.287577 -0.281014   2.07388  -1.21223
0.0714048 -0.108173     2.064  0.286949 -0.281076   2.07421  -1.21232
0.0716614 -0.108321   2.06399  0.286325 -0.281138   2.07454   -1.2124
0.0719171 -0.108469   2.06399  0.285703   -0.2812   2.07487  -1.21249
0.0721717 -0.108615   2.06399  0.285084 -0.281262    2.0752  -1.21258
0.0724253 -0.108761   2.06398  0.284467 -0.281324   2.07552  -1.21266
0.0726778 -0.108906   2.06398  0.283854 -0.281386   2.07585  -1.21275
0.0729293  -0.10905   2.06397  0.283243 -0.281448   2.07617  -1.21284
0.0731797 -0.109193   2.06397  0.282635 -0.281509   2.07649  -1.21292
0.0734291 -0.109336   2.06396  0.282029 -0.281571   2.07681  -1.21301
0.0736775 -0.109477   2.06396  0.281427 -0.281632   2.07712   -1.2131
0.0739248 -0.109618   2.06395  0.280827 -0.281693   2.07744  -1.21318
 0.074171 -0.109758   2.06395  0.280229 -0.281754   2.07775  -1.21327
0.0744162 -0.109898   2.06394  0.279634 -0.281815   2.07807  -1.21336
0.0746604 -0.110036   2.06393  0.279042 -0.281876   2.07838  -1.21344
0.0749035 -0.110174   2.06393  0.278453 -0.281936   2.07869  -1.21353
0.0751456 -0.110312   2.06392  0.277866 -0.281997     2.079  -1.21361
0.0753866 -0.110448   2.06392  0.277281 -0.282057    2.0793   -1.2137
0.0756266 -0.110584   2.06391  0.276699 -0.282117   2.07961  -1.21378
0.0758655 -0.110719   2.06391   0.27612 -0.282177   2.07991  -1.21387
0.0761034 -0.110854    2.0639  0.275543 -0.282237   2.08022  -1.21395
0.0763403 -0.110988    2.0639  0.274969 -0.282296   2.08052  -1.21404
0.0765762 -0.111121   2.06389  0.274397 -0.282356   2.08082  -1.21412
 0.076811 -0.111254   2.06388  0.273828 -0.282415   2.08112  -1.21421
0.0770449 -0.111386   2.06388  0.273262 -0.282474   2.08142  -1.21429
0.0772777 -0.111517   2.06387  0.272697 -0.282533   2.08171  -1.21437
0.0775095 -0.111648   2.06387  0.272136 -0.282592   2.08201  -1.21446
0.0777403 -0.111778   2.06386  0.271576  -0.28265    2.0823  -1.21454
0.0779701 -0.111908   2.06386   0.27102 -0.282709   2.08259  -1.21462
0.0781989 -0.112037   2.06385  0.270465 -0.282767   2.08289  -1.21471
0.0784268 -0.112165   2.06385  0.269913 -0.282825   2.08318  -1.21479
0.0786536 -0.112293   2.06384  0.269364 -0.282883   2.08346  -1.21487
0.0788795 -0.112421   2.06384  0.268816 -0.282941   2.08375  -1.21495
0.0791043 -0.112547   2.06383  0.268272 -0.282998   2.08404  -1.21503
0.0793282 -0.112673   2.06382  0.267729 -0.283055   2.08432  -1.21511
0.0795512 -0.112799   2.06382  0.267189 -0.283113   2.08461  -1.21519
0.0797731 -0.112924   2.06381  0.266652  -0.28317   2.08489  -1.21527
0.0799941 -0.113048   2.06381  0.266116 -0.283227   2.08517  -1.21535
0.0802142 -0.113172    2.0638  0.265583 -0.283283   2.08545  -1.21543
0.0804333 -0.113296    2.0638  0.265052  -0.28334   2.08573  -1.21551
0.0806514 -0.113418   2.06379  0.264524 -0.283396     2.086  -1.21559
0.0808686 -0.113541   2.06379  0.263998 -0.283452   2.08628  -1.21567
0.0810849 -0.113662   2.06378  0.263474 -0.283508   2.08656  -1.21575
0.0813003 -0.113783   2.06378  0.262952 -0.283564   2.08683  -1.21583
0.0815147 -0.113904   2.06377  0.262433  -0.28362    2.0871  -1.21591
0.0817281 -0.114024   2.06377  0.261916 -0.283675   2.08737  -1.21598
0.0819407 -0.114144   2.06376  0.261401  -0.28373   2.08764  -1.21606
0.0821524 -0.114263   2.06375  0.260888 -0.283786   2.08791  -1.21614
0.0823631 -0.114381   2.06375  0.260378 -0.283841   2.08818  -1.21621
0.0825729 -0.114499   2.06374   0.25987 -0.283895   2.08845  -1.21629
0.0827818 -0.114617   2.06374  0.259364  -0.28395   2.08871  -1.21637
0.0829899 -0.114733   2.06373   0.25886 -0.284004   2.08898  -1.21644
 0.083197  -0.11485   2.06373  0.258358 -0.284059   2.08924  -1.21652
0.0834032 -0.114966   2.06372  0.257859 -0.284113    2.0895  -1.21659
0.0836086 -0.115081   2.06372  0.257362 -0.284167   2.08976  -1.21667
 0.083813 -0.115196   2.06371  0.256866 -0.284221   2.09002  -1.21674
0.0840166 -0.115311   2.06371  0.256373 -0.284274   2.09028  -1.21682
0.0842194 -0.115424    2.0637  0.255882 -0.284328   2.09054  -1.21689
0.0844212 -0.115538    2.0637  0.255394 -0.284381   2.09079  -1.21697
0.0846222 -0.115651   2.06369  0.254907 -0.284434   2.09105  -1.21704
0.0848223 -0.115763   2.06369  0.254422 -0.284487    2.0913  -1.21711
0.0850216 -0.115875   2.06368   0.25394  -0.28454   2.09156  -1.21719
  0.08522 -0.115987   2.06368  0.253459 -0.284593   2.09181  -1.21726
0.0854175 -0.116098   2.06368  0.252981 -0.284645   2.09206  -1.21733
0.0856142 -0.116208   2.06367  0.252504 -0.284698   2.09231   -1.2174
0.0858101 -0.116318   2.06367   0.25203  -0.28475   2.09256  -1.21748
0.0860051 -0.116428   2.06366  0.251558 -0.284802    2.0928  -1.21755
0.0861993 -0.116537   2.06366  0.251088 -0.284854   2.09305  -1.21762
0.0863927 -0.116645   2.06365  0.250619 -0.284905   2.09329  -1.21769
0.0865853 -0.116753   2.06365  0.250153 -0.284957   2.09354  -1.21776
 0.086777 -0.116861   2.06364  0.249689 -0.285008   2.09378  -1.21783
0.0869679 -0.116968   2.06364  0.249227  -0.28506   2.09402   -1.2179
 0.087158 -0.117075   2.06363  0.248766 -0.285111   2.09427  -1.21797
0.0873472 -0.117181   2.06363  0.248308 -0.285162   2.09451  -1.21804
0.0875357 -0.117287   2.06362  0.247852 -0.285212   2.09474  -1.21811
0.0877234 -0.117392   2.06362  0.247397 -0.285263   2.09498  -1.21818
0.0879103 -0.117497   2.06362  0.246945 -0.285313   2.09522  -1.21825
0.0880963 -0.117602   2.06361  0.246494 -0.285364   2.09546  -1.21832
0.0882816 -0.117706   2.06361  0.246046 -0.285414   2.09569  -1.21839
0.0884661 -0.117809    2.0636  0.245599 -0.285464   2.09592  -1.21845
0.0886498 -0.117912    2.0636  0.245154 -0.285514   2.09616  -1.21852
0.0888327 -0.118015   2.06359  0.244711 -0.285564   2.09639  -1.21859
0.0890149 -0.118117   2.06359   0.24427 -0.285613   2.09662  -1.21866
0.0891963 -0.118219   2.06359  0.243831 -0.285663   2.09685  -1.21872
0.0893769  -0.11832   2.06358  0.243394 -0.285712   2.09708  -1.21879
0.0895567 -0.118421   2.06358  0.242958 -0.285761   2.09731  -1.21886
0.0897358 -0.118521   2.06357  0.242525  -0.28581   2.09753  -1.21892
0.0899141 -0.118621   2.06357  0.242093 -0.285859   2.09776  -1.21899
0.0900917 -0.118721   2.06357  0.241663 -0.285907   2.09798  -1.21906
0.0902685  -0.11882   2.06356  0.241235 -0.285956   2.09821  -1.21912
0.0904445 -0.118919   2.06356  0.240809 -0.286004   2.09843  -1.21919
0.0906198 -0.119017   2.06355  0.240385 -0.286053   2.09865  -1.21925
0.0907944 -0.119115   2.06355  0.239962 -0.286101   2.09887  -1.21932
0.0909682 -0.119213   2.06355  0.239541 -0.286149   2.09909  -1.21938
0.0911413  -0.11931   2.06354  0.239122 -0.286196   2.09931  -1.21944
0.0913137 -0.119406   2.06354  0.238705 -0.286244   2.09953  -1.21951
0.0914853 -0.119503   2.06353   0.23829 -0.286292   2.09975  -1.21957
0.0916562 -0.119598   2.06353  0.237876 -0.286339   2.09996  -1.21964
0.0918264 -0.119694   2.06353  0.237464 -0.286386   2.10018   -1.2197
0.0919959 -0.119789   2.06352  0.237054 -0.286433   2.10039  -1.21976
0.0921646 -0.119883   2.06352  0.236645  -0.28648   2.10061  -1.21983
0.0923327 -0.119977   2.06352  0.236238 -0.286527   2.10082  -1.21989
   0.0925 -0.120071   2.06351  0.235833 -0.286574   2.10103  -1.21995
0.0926666 -0.120165   2.06351   0.23543 -0.286621   2.10124  -1.22001
0.0928326 -0.120258   2.06351  0.235028 -0.286667   2.10145  -1.22007
0.0929978  -0.12035    2.0635  0.234629 -0.286713   2.10166  -1.22014
0.0931623 -0.120442    2.0635   0.23423 -0.286759   2.10187   -1.2202
0.0933261 -0.120534    2.0635  0.233834 -0.286805   2.10208  -1.22026
0.0934893 -0.120625   2.06349  0.233439 -0.286851   2.10228  -1.22032
0.0936517 -0.120716   2.06349  0.233046 -0.286897   2.10249  -1.22038
0.0938135 -0.120807   2.06349  0.232654 -0.286943   2.10269  -1.22044
0.0939746 -0.120897   2.06348  0.232264 -0.286988    2.1029   -1.2205
 0.094135 -0.120987   2.06348  0.231876 -0.287033    2.1031  -1.22056
0.0942948 -0.121076   2.06348   0.23149 -0.287079    2.1033  -1.22062
0.0944538 -0.121166   2.06347  0.231105 -0.287124    2.1035  -1.22068
0.0946122 -0.121254   2.06347  0.230721 -0.287169    2.1037  -1.22074
  0.09477 -0.121342   2.06347  0.230339 -0.287213    2.1039   -1.2208
 0.094927  -0.12143   2.06346  0.229959 -0.287258    2.1041  -1.22086
0.0950834 -0.121518   2.06346  0.229581 -0.287303    2.1043  -1.22091
0.0952392 -0.121605   2.06346  0.229204 -0.287347    2.1045  -1.22097
0.0953943 -0.121692   2.06345  0.228829 -0.287391   2.10469  -1.22103
0.0955487 -0.121778   2.06345  0.228455 -0.287435   2.10489  -1.22109
0.0957025 -0.121864   2.06345  0.228083 -0.287479   2.10508  -1.22115
0.0958557  -0.12195   2.06345  0.227712 -0.287523   2.10528   -1.2212
0.0960082 -0.122035   2.06344  0.227343 -0.287567   2.10547  -1.22126
0.0961601  -0.12212   2.06344  0.226976 -0.287611   2.10566  -1.22132
0.0963113 -0.122205   2.06344   0.22661 -0.287654   2.10585  -1.22138
0.0964619 -0.122289   2.06343  0.226245 -0.287698   2.10604  -1.22143
0.0966119 -0.122373   2.06343  0.225882 -0.287741   2.10623  -1.22149
0.0967613 -0.122457   2.06343  0.225521 -0.287784   2.10642  -1.22154
  0.09691  -0.12254   2.06343  0.225161 -0.287827   2.10661   -1.2216
0.0970581 -0.122623   2.06342  0.224803  -0.28787   2.10679  -1.22166
0.0972056 -0.122705   2.06342  0.224446 -0.287913   2.10698  -1.22171
0.0973524 -0.122787   2.06342  0.224091 -0.287955   2.10717  -1.22177
0.0974987 -0.122869   2.06342  0.223737 -0.287998   2.10735  -1.22182
0.0976443  -0.12295   2.06341  0.223384  -0.28804   2.10754  -1.22188
0.0977894 -0.123031   2.06341  0.223034 -0.288082   2.10772  -1.22193
0.0979338 -0.123112   2.06341  0.222684 -0.288125    2.1079  -1.22199
0.0980776 -0.123192   2.06341  0.222336 -0.288167   2.10808  -1.22204
0.0982208 -0.123273    2.0634   0.22199 -0.288209   2.10826  -1.22209
0.0983634 -0.123352    2.0634  0.221645  -0.28825   2.10844  -1.22215
0.0985055 -0.123432    2.0634  0.221301 -0.288292   2.10862   -1.2222
0.0986469 -0.123511    2.0634  0.220959 -0.288334    2.1088  -1.22225
0.0987877 -0.123589   2.06339  0.220618 -0.288375   2.10898  -1.22231
 0.098928 -0.123668   2.06339  0.220279 -0.288416   2.10916  -1.22236
0.0990677 -0.123746   2.06339  0.219941 -0.288457   2.10933  -1.22241
0.0992068 -0.123823   2.06339  0.219605 -0.288499   2.10951  -1.22247
0.0993453 -0.123901   2.06339   0.21927  -0.28854   2.10968  -1.22252
0.0994832 -0.123978   2.06338  0.218936  -0.28858   2.10986  -1.22257
0.0996206 -0.124054   2.06338  0.218604 -0.288621   2.11003  -1.22262
0.0997574 -0.124131   2.06338  0.218273 -0.288662    2.1102  -1.22267
0.0998936 -0.124207   2.06338  0.217943 -0.288702   2.11037  -1.22273
 0.100029 -0.124282   2.06338  0.217615 -0.288743   2.11054  -1.22278
 0.100164 -0.124358   2.06337  0.217289 -0.288783   2.11072  -1.22283
 0.100299 -0.124433   2.06337  0.216963 -0.288823   2.11088  -1.22288
 0.100433 -0.124508   2.06337  0.216639 -0.288863   2.11105  -1.22293
 0.100566 -0.124582   2.06337  0.216317 -0.288903   2.11122  -1.22298
 0.100699 -0.124656   2.06337  0.215995 -0.288943   2.11139  -1.22303
 0.100831  -0.12473   2.06337  0.215675 -0.288982   2.11156  -1.22308
 0.100963 -0.124804   2.06336  0.215357 -0.289022   2.11172  -1.22313
 0.101094 -0.124877   2.06336  0.215039 -0.289061   2.11189  -1.22318
 0.101225  -0.12495   2.06336  0.214724 -0.289101   2.11205  -1.22323
 0.101355 -0.125022   2.06336  0.214409  -0.28914   2.11222  -1.22328
 0.101485 -0.125094   2.06336  0.214096 -0.289179   2.11238  -1.22333
 0.101614 -0.125166   2.06336  0.213784 -0.289218   2.11254  -1.22338
 0.101742 -0.125238   2.06335  0.213473 -0.289257    2.1127  -1.22343
  0.10187 -0.125309   2.06335  0.213163 -0.289296   2.11287  -1.22347
 0.101998  -0.12538   2.06335  0.212855 -0.289335   2.11303  -1.22352
 0.102125 -0.125451   2.06335  0.212548 -0.289373   2.11319  -1.22357
 0.102251 -0.125522   2.06335  0.212243 -0.289412   2.11335  -1.22362
 0.102377 -0.125592   2.06335  0.211939  -0.28945    2.1135  -1.22367
 0.102502 -0.125661   2.06335  0.211635 -0.289488   2.11366  -1.22371
 0.102627 -0.125731   2.06335  0.211334 -0.289527   2.11382  -1.22376
 0.102751   -0.1258   2.06334  0.211033 -0.289565   2.11398  -1.22381
 0.102875 -0.125869   2.06334  0.210734 -0.289603   2.11413  -1.22386
 0.102998 -0.125938   2.06334  0.210436  -0.28964   2.11429   -1.2239
 0.103121 -0.126006   2.06334  0.210139 -0.289678   2.11444  -1.22395
 0.103243 -0.126074   2.06334  0.209844 -0.289716    2.1146    -1.224
 0.103365 -0.126142   2.06334  0.209549 -0.289753   2.11475  -1.22404
 0.103486  -0.12621   2.06334  0.209256 -0.289791    2.1149  -1.22409
 0.103607 -0.126277   2.06334  0.208964 -0.289828   2.11505  -1.22414
 0.103727 -0.126344   2.06334  0.208674 -0.289865   2.11521  -1.22418
 0.103847  -0.12641   2.06334  0.208384 -0.289902   2.11536  -1.22423
 0.103966 -0.126477   2.06333  0.208096 -0.289939   2.11551  -1.22427
 0.104085 -0.126543   2.06333  0.207809 -0.289976   2.11566  -1.22432
 0.104203 -0.126609   2.06333  0.207523 -0.290013    2.1158  -1.22436
 0.104321 -0.126674   2.06333  0.207238  -0.29005   2.11595  -1.22441
 0.104438 -0.126739   2.06333  0.206955 -0.290086    2.1161  -1.22445
 0.104555 -0.126804   2.06333  0.206673 -0.290123   2.11625   -1.2245
 0.104671 -0.126869   2.06333  0.206392 -0.290159   2.11639  -1.22454
 0.104787 -0.126934   2.06333  0.206112 -0.290196   2.11654  -1.22459
 0.104903 -0.126998   2.06333  0.205833 -0.290232   2.11668  -1.22463
 0.105018 -0.127062   2.06333  0.205555 -0.290268   2.11683  -1.22467
 0.105132 -0.127125   2.06333  0.205279 -0.290304   2.11697  -1.22472
 0.105246 -0.127188   2.06333  0.205003  -0.29034   2.11712  -1.22476
 0.105359 -0.127252   2.06333  0.204729 -0.290376   2.11726  -1.22481
 0.105472 -0.127314   2.06333  0.204456 -0.290411    2.1174  -1.22485
 0.105585 -0.127377   2.06333  0.204184 -0.290447   2.11754  -1.22489
 0.105697 -0.127439   2.06333  0.203913 -0.290483   2.11768  -1.22493
 0.105809 -0.127501   2.06333  0.203644 -0.290518   2.11782  -1.22498
  0.10592 -0.127563   2.06332  0.203375 -0.290553   2.11796  -1.22502
  0.10603 -0.127624   2.06332  0.203108 -0.290589    2.1181  -1.22506
 0.106141 -0.127686   2.06332  0.202841 -0.290624   2.11824   -1.2251
  0.10625 -0.127747   2.06332  0.202576 -0.290659   2.11838  -1.22515
  0.10636 -0.127807   2.06332  0.202312 -0.290694   2.11852  -1.22519
 0.106469 -0.127868   2.06332  0.202049 -0.290729   2.11865  -1.22523
 0.106577 -0.127928   2.06332  0.201787 -0.290763   2.11879  -1.22527
 0.106685 -0.127988   2.06332  0.201526 -0.290798   2.11893  -1.22531
 0.106793 -0.128047   2.06332  0.201266 -0.290833   2.11906  -1.22535
   0.1069 -0.128107   2.06332  0.201008 -0.290867    2.1192   -1.2254
 0.107006 -0.128166   2.06332   0.20075 -0.290901   2.11933  -1.22544
 0.107113 -0.128225   2.06332  0.200493 -0.290936   2.11946  -1.22548
 0.107218 -0.128284   2.06332  0.200238  -0.29097    2.1196  -1.22552
 0.107324 -0.128342   2.06332  0.199983 -0.291004   2.11973  -1.22556
 0.107429   -0.1284   2.06332   0.19973 -0.291038   2.11986   -1.2256
 0.107533 -0.128458   2.06332  0.199478 -0.291072   2.11999  -1.22564
 0.107637 -0.128516   2.06332  0.199226 -0.291106   2.12012  -1.22568
 0.107741 -0.128573   2.06332  0.198976  -0.29114   2.12025  -1.22572
 0.107844 -0.128631   2.06332  0.198727 -0.291173   2.12038  -1.22576
 0.107947 -0.128688   2.06333  0.198479 -0.291207   2.12051   -1.2258
 0.108049 -0.128744   2.06333  0.198231  -0.29124   2.12064  -1.22584
 0.108151 -0.128801   2.06333  0.197985 -0.291274   2.12077  -1.22588
 0.108252 -0.128857   2.06333   0.19774 -0.291307    2.1209  -1.22592
 0.108353 -0.128913   2.06333  0.197496  -0.29134   2.12102  -1.22596
 0.108454 -0.128969   2.06333  0.197253 -0.291373   2.12115  -1.22599
 0.108554 -0.129024   2.06333  0.197011 -0.291407   2.12128  -1.22603
 0.108654  -0.12908   2.06333   0.19677 -0.291439    2.1214  -1.22607
 0.108754 -0.129135   2.06333   0.19653 -0.291472   2.12153  -1.22611
 0.108853 -0.129189   2.06333  0.196291 -0.291505   2.12165  -1.22615
 0.108951 -0.129244   2.06333  0.196052 -0.291538   2.12177  -1.22619
  0.10905 -0.129298   2.06333  0.195815  -0.29157    2.1219  -1.22622
 0.109147 -0.129353   2.06333  0.195579 -0.291603   2.12202  -1.22626
 0.109245 -0.129406   2.06333  0.195344 -0.291635   2.12214   -1.2263
 0.109342  -0.12946   2.06333   0.19511 -0.291668   2.12226  -1.22634
 0.109438 -0.129514   2.06333  0.194877   -0.2917   2.12239  -1.22637
 0.109535 -0.129567   2.06333  0.194644 -0.291732   2.12251  -1.22641
  0.10963  -0.12962   2.06334  0.194413 -0.291764   2.12263  -1.22645
 0.109726 -0.129673   2.06334  0.194183 -0.291796   2.12275  -1.22648
 0.109821 -0.129725   2.06334  0.193953 -0.291828   2.12287  -1.22652
 0.109916 -0.129777   2.06334  0.193725  -0.29186   2.12298  -1.22656
  0.11001 -0.129829   2.06334  0.193497 -0.291892    2.1231  -1.22659
 0.110104 -0.129881   2.06334  0.193271 -0.291924   2.12322  -1.22663
 0.110197 -0.129933   2.06334  0.193045 -0.291955   2.12334  -1.22667
  0.11029 -0.129984   2.06334   0.19282 -0.291987   2.12345   -1.2267
 0.110383 -0.130036   2.06334  0.192596 -0.292018   2.12357  -1.22674
 0.110475 -0.130087   2.06334  0.192374  -0.29205   2.12369  -1.22677
 0.110567 -0.130137   2.06335  0.192152 -0.292081    2.1238  -1.22681
 0.110659 -0.130188   2.06335  0.191931 -0.292112   2.12392  -1.22685
  0.11075 -0.130238   2.06335   0.19171 -0.292143   2.12403  -1.22688
 0.110841 -0.130289   2.06335  0.191491 -0.292174   2.12415  -1.22692
 0.110931 -0.130339   2.06335  0.191273 -0.292205   2.12426  -1.22695
 0.111022 -0.130388   2.06335  0.191056 -0.292236   2.12437  -1.22699
 0.111111 -0.130438   2.06335  0.190839 -0.292267   2.12448  -1.22702
 0.111201 -0.130487   2.06335  0.190623 -0.292298    2.1246  -1.22706
  0.11129 -0.130536   2.06336  0.190409 -0.292328   2.12471  -1.22709
 0.111378 -0.130585   2.06336  0.190195 -0.292359   2.12482  -1.22712
 0.111467 -0.130634   2.06336  0.189982 -0.292389   2.12493  -1.22716
 0.111554 -0.130682   2.06336   0.18977  -0.29242   2.12504  -1.22719
0.111642 -0.13073  2.06336 0.189559 -0.29245  2.12515 -1.22723
 0.111729 -0.130779   2.06336  0.189348 -0.292481   2.12526  -1.22726
 0.111816 -0.130826   2.06336  0.189139 -0.292511   2.12537  -1.22729
 0.111903 -0.130874   2.06337   0.18893 -0.292541   2.12548  -1.22733
 0.111989 -0.130922   2.06337  0.188722 -0.292571   2.12558  -1.22736
 0.112074 -0.130969   2.06337  0.188516 -0.292601   2.12569  -1.22739
  0.11216 -0.131016   2.06337   0.18831 -0.292631    2.1258  -1.22743
 0.112245 -0.131063   2.06337  0.188104 -0.292661    2.1259  -1.22746
  0.11233 -0.131109   2.06337    0.1879  -0.29269   2.12601  -1.22749
 0.112414 -0.131156   2.06338  0.187696  -0.29272   2.12612  -1.22753
 0.112498 -0.131202   2.06338  0.187494  -0.29275   2.12622  -1.22756
 0.112582 -0.131248   2.06338  0.187292 -0.292779   2.12633  -1.22759
 0.112665 -0.131294   2.06338  0.187091 -0.292809   2.12643  -1.22762
 0.112748  -0.13134   2.06338  0.186891 -0.292838   2.12654  -1.22766
 0.112831 -0.131385   2.06339  0.186691 -0.292867   2.12664  -1.22769
 0.112913  -0.13143   2.06339  0.186493 -0.292896   2.12674  -1.22772
 0.112995 -0.131476   2.06339  0.186295 -0.292926   2.12684  -1.22775
 0.113077  -0.13152   2.06339  0.186098 -0.292955   2.12695  -1.22778
 0.113158 -0.131565   2.06339  0.185902 -0.292984   2.12705  -1.22782
 0.113239  -0.13161    2.0634  0.185707 -0.293013   2.12715  -1.22785
  0.11332 -0.131654    2.0634  0.185512 -0.293042   2.12725  -1.22788
   0.1134 -0.131698    2.0634  0.185319  -0.29307   2.12735  -1.22791
  0.11348 -0.131742    2.0634  0.185126 -0.293099   2.12745  -1.22794
  0.11356 -0.131786    2.0634  0.184934 -0.293128   2.12755  -1.22797
 0.113639 -0.131829   2.06341  0.184742 -0.293156   2.12765    -1.228
 0.113718 -0.131873   2.06341  0.184552 -0.293185   2.12775  -1.22803
 0.113797 -0.131916   2.06341  0.184362 -0.293213   2.12785  -1.22807
 0.113875 -0.131959   2.06341  0.184173 -0.293242   2.12795   -1.2281
 0.113953 -0.132002   2.06341  0.183985  -0.29327   2.12804  -1.22813
 0.114031 -0.132045   2.06342  0.183798 -0.293298   2.12814  -1.22816
 0.114109 -0.132087   2.06342  0.183611 -0.293326   2.12824  -1.22819
 0.114186 -0.132129   2.06342  0.183425 -0.293354   2.12833  -1.22822
 0.114262 -0.132172   2.06342   0.18324 -0.293382   2.12843  -1.22825
 0.114339 -0.132214   2.06343  0.183056  -0.29341   2.12853  -1.22828
 0.114415 -0.132255   2.06343  0.182872 -0.293438   2.12862  -1.22831
 0.114491 -0.132297   2.06343  0.182689 -0.293466   2.12872  -1.22834
 0.114567 -0.132338   2.06343  0.182507 -0.293494   2.12881  -1.22837
 0.114642  -0.13238   2.06344  0.182326 -0.293522   2.12891   -1.2284
 0.114717 -0.132421   2.06344  0.182146 -0.293549     2.129  -1.22842
 0.114791 -0.132462   2.06344  0.181966 -0.293577   2.12909  -1.22845
 0.114866 -0.132502   2.06344  0.181787 -0.293604   2.12919  -1.22848
  0.11494 -0.132543   2.06345  0.181608 -0.293632   2.12928  -1.22851
 0.115014 -0.132583   2.06345  0.181431 -0.293659   2.12937  -1.22854
 0.115087 -0.132623   2.06345  0.181254 -0.293686   2.12946  -1.22857
  0.11516 -0.132663   2.06346  0.181078 -0.293714   2.12955   -1.2286
 0.115233 -0.132703   2.06346  0.180902 -0.293741   2.12964  -1.22863
 0.115305 -0.132743   2.06346  0.180727 -0.293768   2.12973  -1.22865
 0.115378 -0.132783   2.06346  0.180553 -0.293795   2.12983  -1.22868
  0.11545 -0.132822   2.06347   0.18038 -0.293822   2.12992  -1.22871
 0.115521 -0.132861   2.06347  0.180208 -0.293849      2.13  -1.22874
 0.115593   -0.1329   2.06347  0.180036 -0.293876   2.13009  -1.22877
 0.115664 -0.132939   2.06347  0.179864 -0.293903   2.13018   -1.2288
 0.115735 -0.132978   2.06348  0.179694 -0.293929   2.13027  -1.22882
 0.115805 -0.133016   2.06348  0.179524 -0.293956   2.13036  -1.22885
 0.115875 -0.133055   2.06348  0.179355 -0.293983   2.13045  -1.22888
 0.115945 -0.133093   2.06349  0.179187 -0.294009   2.13053  -1.22891
 0.116015 -0.133131   2.06349  0.179019 -0.294036   2.13062  -1.22893
 0.116084 -0.133169   2.06349  0.178852 -0.294062   2.13071  -1.22896
 0.116153 -0.133206    2.0635  0.178686 -0.294088   2.13079  -1.22899
 0.116222 -0.133244    2.0635   0.17852 -0.294115   2.13088  -1.22901
 0.116291 -0.133281    2.0635  0.178355 -0.294141   2.13097  -1.22904
 0.116359 -0.133319   2.06351  0.178191 -0.294167   2.13105  -1.22907
 0.116427 -0.133356   2.06351  0.178027 -0.294193   2.13114  -1.22909
 0.116494 -0.133393   2.06351  0.177865 -0.294219   2.13122  -1.22912
 0.116562 -0.133429   2.06351  0.177702 -0.294245    2.1313  -1.22915
 0.116629 -0.133466   2.06352  0.177541 -0.294271   2.13139  -1.22917
 0.116696 -0.133502   2.06352   0.17738 -0.294297   2.13147   -1.2292
 0.116762 -0.133539   2.06352   0.17722 -0.294323   2.13155  -1.22923
 0.116829 -0.133575   2.06353   0.17706 -0.294349   2.13164  -1.22925
 0.116895 -0.133611   2.06353  0.176901 -0.294374   2.13172  -1.22928
 0.116961 -0.133647   2.06353  0.176743   -0.2944    2.1318   -1.2293
 0.117026 -0.133682   2.06354  0.176585 -0.294425   2.13188  -1.22933
 0.117091 -0.133718   2.06354  0.176428 -0.294451   2.13197  -1.22936
 0.117156 -0.133753   2.06355  0.176272 -0.294476   2.13205  -1.22938
 0.117221 -0.133788   2.06355  0.176116 -0.294502   2.13213  -1.22941
 0.117286 -0.133823   2.06355  0.175961 -0.294527   2.13221  -1.22943
  0.11735 -0.133858   2.06356  0.175807 -0.294553   2.13229  -1.22946
 0.117414 -0.133893   2.06356  0.175653 -0.294578   2.13237  -1.22948
 0.117477 -0.133928   2.06356    0.1755 -0.294603   2.13245  -1.22951
 0.117541 -0.133962   2.06357  0.175347 -0.294628   2.13253  -1.22953
 0.117604 -0.133997   2.06357  0.175195 -0.294653    2.1326  -1.22956
 0.117667 -0.134031   2.06357  0.175044 -0.294678   2.13268  -1.22958
 0.117729 -0.134065   2.06358  0.174893 -0.294703   2.13276  -1.22961
 0.117792 -0.134099   2.06358  0.174743 -0.294728   2.13284  -1.22963
 0.117854 -0.134132   2.06358  0.174594 -0.294753   2.13292  -1.22966
 0.117916 -0.134166   2.06359  0.174445 -0.294778   2.13299  -1.22968
 0.117978 -0.134199   2.06359  0.174297 -0.294802   2.13307   -1.2297
 0.118039 -0.134233    2.0636  0.174149 -0.294827   2.13315  -1.22973
   0.1181 -0.134266    2.0636  0.174002 -0.294852   2.13322  -1.22975
 0.118161 -0.134299    2.0636  0.173856 -0.294876    2.1333  -1.22978
 0.118222 -0.134332   2.06361   0.17371 -0.294901   2.13337   -1.2298
 0.118282 -0.134365   2.06361  0.173565 -0.294925   2.13345  -1.22982
 0.118342 -0.134397   2.06362   0.17342 -0.294949   2.13352  -1.22985
 0.118402  -0.13443   2.06362  0.173276 -0.294974    2.1336  -1.22987
 0.118462 -0.134462   2.06362  0.173133 -0.294998   2.13367   -1.2299
 0.118521 -0.134494   2.06363   0.17299 -0.295022   2.13375  -1.22992
  0.11858 -0.134526   2.06363  0.172848 -0.295047   2.13382  -1.22994
 0.118639 -0.134558   2.06364  0.172706 -0.295071   2.13389  -1.22997
 0.118698  -0.13459   2.06364  0.172565 -0.295095   2.13397  -1.22999
 0.118756 -0.134622   2.06364  0.172424 -0.295119   2.13404  -1.23001
 0.118815 -0.134653   2.06365  0.172284 -0.295143   2.13411  -1.23003
 0.118873 -0.134685   2.06365  0.172145 -0.295167   2.13419  -1.23006
  0.11893 -0.134716   2.06366  0.172006 -0.295191   2.13426  -1.23008
 0.118988 -0.134747   2.06366  0.171868 -0.295214   2.13433   -1.2301
 0.119045 -0.134778   2.06366   0.17173 -0.295238    2.1344  -1.23013
 0.119102 -0.134809   2.06367  0.171593 -0.295262   2.13447  -1.23015
 0.119159 -0.134839   2.06367  0.171457 -0.295286   2.13454  -1.23017
 0.119216  -0.13487   2.06368  0.171321 -0.295309   2.13461  -1.23019
 0.119272   -0.1349   2.06368  0.171185 -0.295333   2.13468  -1.23022
 0.119328 -0.134931   2.06369  0.171051 -0.295356   2.13475  -1.23024
 0.119384 -0.134961   2.06369  0.170916  -0.29538   2.13482  -1.23026
  0.11944 -0.134991   2.06369  0.170783 -0.295403   2.13489  -1.23028
 0.119495 -0.135021    2.0637  0.170649 -0.295426   2.13496   -1.2303
 0.119551 -0.135051    2.0637  0.170517  -0.29545   2.13503  -1.23033
 0.119606  -0.13508   2.06371  0.170385 -0.295473    2.1351  -1.23035
  0.11966  -0.13511   2.06371  0.170253 -0.295496   2.13517  -1.23037
 0.119715 -0.135139   2.06372  0.170122 -0.295519   2.13523  -1.23039
 0.119769 -0.135169   2.06372  0.169991 -0.295543    2.1353  -1.23041
 0.119823 -0.135198   2.06373  0.169862 -0.295566   2.13537  -1.23043
 0.119877 -0.135227   2.06373  0.169732 -0.295589   2.13544  -1.23045
 0.119931 -0.135256   2.06373  0.169603 -0.295612    2.1355  -1.23048
 0.119984 -0.135285   2.06374  0.169475 -0.295635   2.13557   -1.2305
 0.120038 -0.135313   2.06374  0.169347 -0.295657   2.13564  -1.23052
 0.120091 -0.135342   2.06375   0.16922  -0.29568    2.1357  -1.23054
 0.120144  -0.13537   2.06375  0.169093 -0.295703   2.13577  -1.23056
 0.120196 -0.135398   2.06376  0.168967 -0.295726   2.13583  -1.23058
 0.120249 -0.135427   2.06376  0.168841 -0.295748    2.1359   -1.2306
 0.120301 -0.135455   2.06377  0.168716 -0.295771   2.13596  -1.23062
 0.120353 -0.135483   2.06377  0.168591 -0.295794   2.13603  -1.23064
 0.120405  -0.13551   2.06378  0.168467 -0.295816   2.13609  -1.23066
 0.120456 -0.135538   2.06378  0.168343 -0.295839   2.13616  -1.23068
 0.120507 -0.135566   2.06379   0.16822 -0.295861   2.13622   -1.2307
 0.120559 -0.135593   2.06379  0.168097 -0.295884   2.13628  -1.23072
  0.12061 -0.135621    2.0638  0.167975 -0.295906   2.13635  -1.23074
  0.12066 -0.135648    2.0638  0.167853 -0.295928   2.13641  -1.23076
 0.120711 -0.135675    2.0638  0.167732 -0.295951   2.13647  -1.23078
 0.120761 -0.135702   2.06381  0.167611 -0.295973   2.13653   -1.2308
 0.120811 -0.135729   2.06381  0.167491 -0.295995    2.1366  -1.23082
 0.120861 -0.135755   2.06382  0.167371 -0.296017   2.13666  -1.23084
 0.120911 -0.135782   2.06382  0.167252 -0.296039   2.13672  -1.23086
  0.12096 -0.135809   2.06383  0.167133 -0.296061   2.13678  -1.23088
  0.12101 -0.135835   2.06383  0.167015 -0.296083   2.13684   -1.2309
 0.121059 -0.135861   2.06384  0.166897 -0.296105    2.1369  -1.23092
 0.121108 -0.135887   2.06384   0.16678 -0.296127   2.13697  -1.23094
 0.121157 -0.135914   2.06385  0.166663 -0.296149   2.13703  -1.23096
 0.121205  -0.13594   2.06385  0.166547 -0.296171   2.13709  -1.23098
 0.121253 -0.135965   2.06386  0.166431 -0.296193   2.13715    -1.231
 0.121302 -0.135991   2.06386  0.166316 -0.296214   2.13721  -1.23102
 0.121349 -0.136017   2.06387  0.166201 -0.296236   2.13727  -1.23104
 0.121397 -0.136042   2.06387  0.166086 -0.296258   2.13732  -1.23106
 0.121445 -0.136068   2.06388  0.165972 -0.296279   2.13738  -1.23108
 0.121492 -0.136093   2.06389  0.165859 -0.296301   2.13744  -1.23109
 0.121539 -0.136118   2.06389  0.165746 -0.296322    2.1375  -1.23111
 0.121586 -0.136143    2.0639  0.165633 -0.296344   2.13756  -1.23113
 0.121633 -0.136168    2.0639  0.165521 -0.296365   2.13762  -1.23115
  0.12168 -0.136193   2.06391   0.16541 -0.296387   2.13767  -1.23117
 0.121726 -0.136218   2.06391  0.165298 -0.296408   2.13773  -1.23119
 0.121772 -0.136242   2.06392  0.165188 -0.296429   2.13779  -1.23121
 0.121818 -0.136267   2.06392  0.165077 -0.296451   2.13785  -1.23122
 0.121864 -0.136291   2.06393  0.164968 -0.296472    2.1379  -1.23124
  0.12191 -0.136316   2.06393  0.164858 -0.296493   2.13796  -1.23126
 0.121955  -0.13634   2.06394  0.164749 -0.296514   2.13802  -1.23128
 0.122001 -0.136364   2.06394  0.164641 -0.296535   2.13807   -1.2313
 0.122046 -0.136388   2.06395  0.164533 -0.296556   2.13813  -1.23132
 0.122091 -0.136412   2.06395  0.164425 -0.296577   2.13818  -1.23133
 0.122135 -0.136436   2.06396  0.164318 -0.296598   2.13824  -1.23135
  0.12218 -0.136459   2.06396  0.164211 -0.296619    2.1383  -1.23137
 0.122224 -0.136483   2.06397  0.164105  -0.29664   2.13835  -1.23139
 0.122269 -0.136506   2.06398  0.163999 -0.296661    2.1384   -1.2314
 0.122313  -0.13653   2.06398  0.163894 -0.296682   2.13846  -1.23142
 0.122357 -0.136553   2.06399  0.163789 -0.296703   2.13851  -1.23144
   0.1224 -0.136576   2.06399  0.163684 -0.296723   2.13857  -1.23146
 0.122444 -0.136599     2.064   0.16358 -0.296744   2.13862  -1.23147
 0.122487 -0.136622     2.064  0.163476 -0.296765   2.13868  -1.23149
  0.12253 -0.136645   2.06401  0.163373 -0.296785   2.13873  -1.23151
 0.122573 -0.136668   2.06401   0.16327 -0.296806   2.13878  -1.23153
 0.122616 -0.136691   2.06402  0.163168 -0.296826   2.13884  -1.23154
 0.122659 -0.136713   2.06403  0.163066 -0.296847   2.13889  -1.23156
 0.122701 -0.136736   2.06403  0.162964 -0.296867   2.13894  -1.23158
 0.122743 -0.136758   2.06404  0.162863 -0.296888   2.13899  -1.23159
 0.122786 -0.136781   2.06404  0.162762 -0.296908   2.13905  -1.23161
 0.122828 -0.136803   2.06405  0.162662 -0.296929    2.1391  -1.23163
 0.122869 -0.136825   2.06405  0.162562 -0.296949   2.13915  -1.23164
 0.122911 -0.136847   2.06406  0.162462 -0.296969    2.1392  -1.23166
 0.122952 -0.136869   2.06407  0.162363 -0.296989   2.13925  -1.23168
 0.122994 -0.136891   2.06407  0.162265  -0.29701    2.1393  -1.23169
 0.123035 -0.136912   2.06408  0.162166  -0.29703   2.13935  -1.23171
 0.123076 -0.136934   2.06408  0.162068  -0.29705    2.1394  -1.23173
 0.123117 -0.136955   2.06409  0.161971  -0.29707   2.13945  -1.23174
 0.123157 -0.136977    2.0641  0.161874  -0.29709    2.1395  -1.23176
 0.123198 -0.136998    2.0641  0.161777  -0.29711   2.13955  -1.23177
 0.123238 -0.137019   2.06411  0.161681  -0.29713    2.1396  -1.23179
 0.123278 -0.137041   2.06411  0.161585  -0.29715   2.13965  -1.23181
 0.123318 -0.137062   2.06412  0.161489  -0.29717    2.1397  -1.23182
 0.123358 -0.137083   2.06412  0.161394  -0.29719   2.13975  -1.23184
 0.123398 -0.137103   2.06413  0.161299  -0.29721    2.1398  -1.23185
 0.123437 -0.137124   2.06414  0.161205 -0.297229   2.13985  -1.23187
 0.123476 -0.137145   2.06414  0.161111 -0.297249    2.1399  -1.23189
 0.123516 -0.137166   2.06415  0.161017 -0.297269   2.13995   -1.2319
 0.123555 -0.137186   2.06415  0.160924 -0.297289      2.14  -1.23192
 0.123593 -0.137206   2.06416  0.160831 -0.297308   2.14004  -1.23193
 0.123632 -0.137227   2.06417  0.160739 -0.297328   2.14009  -1.23195
 0.123671 -0.137247   2.06417  0.160647 -0.297348   2.14014  -1.23196
 0.123709 -0.137267   2.06418  0.160555 -0.297367   2.14019  -1.23198
 0.123747 -0.137287   2.06419  0.160464 -0.297387   2.14023  -1.23199
 0.123785 -0.137307   2.06419  0.160373 -0.297406   2.14028  -1.23201
 0.123823 -0.137327    2.0642  0.160282 -0.297426   2.14033  -1.23202
 0.123861 -0.137347    2.0642  0.160192 -0.297445   2.14037  -1.23204
 0.123899 -0.137367   2.06421  0.160102 -0.297464   2.14042  -1.23205
 0.123936 -0.137386   2.06422  0.160013 -0.297484   2.14047  -1.23207
 0.123974 -0.137406   2.06422  0.159924 -0.297503   2.14051  -1.23208
 0.124011 -0.137425   2.06423  0.159835 -0.297522   2.14056   -1.2321
 0.124048 -0.137445   2.06423  0.159747 -0.297542   2.14061  -1.23211
 0.124085 -0.137464   2.06424  0.159659 -0.297561   2.14065  -1.23213
 0.124122 -0.137483   2.06425  0.159571  -0.29758    2.1407  -1.23214
 0.124158 -0.137502   2.06425  0.159484 -0.297599   2.14074  -1.23216
 0.124195 -0.137521   2.06426  0.159397 -0.297618   2.14079  -1.23217
 0.124231  -0.13754   2.06427   0.15931 -0.297637   2.14083  -1.23219
 0.124267 -0.137559   2.06427  0.159224 -0.297656   2.14088   -1.2322
 0.124303 -0.137578   2.06428  0.159138 -0.297675   2.14092  -1.23222
 0.124339 -0.137597   2.06429  0.159053 -0.297694   2.14096  -1.23223
 0.124375 -0.137615   2.06429  0.158967 -0.297713   2.14101  -1.23224
  0.12441 -0.137634    2.0643  0.158883 -0.297732   2.14105  -1.23226
 0.124446 -0.137652    2.0643  0.158798 -0.297751    2.1411  -1.23227
 0.124481 -0.137671   2.06431  0.158714  -0.29777   2.14114  -1.23229
 0.124516 -0.137689   2.06432   0.15863 -0.297789   2.14118   -1.2323
 0.124551 -0.137707   2.06432  0.158547 -0.297808   2.14123  -1.23232
 0.124586 -0.137725   2.06433  0.158464 -0.297826   2.14127  -1.23233
 0.124621 -0.137743   2.06434  0.158381 -0.297845   2.14131  -1.23234
 0.124655 -0.137761   2.06434  0.158299 -0.297864   2.14135  -1.23236
  0.12469 -0.137779   2.06435  0.158216 -0.297882    2.1414  -1.23237
 0.124724 -0.137797   2.06436  0.158135 -0.297901   2.14144  -1.23238
 0.124758 -0.137815   2.06436  0.158053  -0.29792   2.14148   -1.2324
 0.124792 -0.137832   2.06437  0.157972 -0.297938   2.14152  -1.23241
 0.124826  -0.13785   2.06438  0.157891 -0.297957   2.14156  -1.23243
  0.12486 -0.137867   2.06438  0.157811 -0.297975   2.14161  -1.23244
 0.124893 -0.137885   2.06439  0.157731 -0.297994   2.14165  -1.23245
 0.124927 -0.137902    2.0644  0.157651 -0.298012   2.14169  -1.23247
  0.12496  -0.13792    2.0644  0.157572 -0.298031   2.14173  -1.23248
 0.124994 -0.137937   2.06441  0.157493 -0.298049   2.14177  -1.23249
 0.125027 -0.137954   2.06442  0.157414 -0.298067   2.14181  -1.23251
  0.12506 -0.137971   2.06442  0.157335 -0.298086   2.14185  -1.23252
 0.125092 -0.137988   2.06443  0.157257 -0.298104   2.14189  -1.23253
 0.125125 -0.138005   2.06444   0.15718 -0.298122   2.14193  -1.23255
 0.125158 -0.138022   2.06444  0.157102  -0.29814   2.14197  -1.23256
  0.12519 -0.138038   2.06445  0.157025 -0.298159   2.14201  -1.23257
 0.125222 -0.138055   2.06446  0.156948 -0.298177   2.14205  -1.23258
 0.125255 -0.138072   2.06446  0.156871 -0.298195   2.14209   -1.2326
 0.125287 -0.138088   2.06447  0.156795 -0.298213   2.14213  -1.23261
 0.125319 -0.138104   2.06448  0.156719 -0.298231   2.14217  -1.23262
  0.12535 -0.138121   2.06448  0.156644 -0.298249   2.14221  -1.23264
 0.125382 -0.138137   2.06449  0.156568 -0.298267   2.14225  -1.23265
 0.125414 -0.138153    2.0645  0.156493 -0.298285   2.14229  -1.23266
 0.125445  -0.13817    2.0645  0.156419 -0.298303   2.14233  -1.23267
 0.125476 -0.138186   2.06451  0.156344 -0.298321   2.14237  -1.23269
 0.125507 -0.138202   2.06452   0.15627 -0.298339    2.1424   -1.2327
 0.125539 -0.138218   2.06452  0.156196 -0.298357   2.14244  -1.23271
 0.125569 -0.138233   2.06453  0.156123 -0.298375   2.14248  -1.23272
   0.1256 -0.138249   2.06454   0.15605 -0.298393   2.14252  -1.23274
 0.125631 -0.138265   2.06455  0.155977 -0.298411   2.14255  -1.23275
 0.125661 -0.138281   2.06455  0.155904 -0.298428   2.14259  -1.23276
 0.125692 -0.138296   2.06456  0.155832 -0.298446   2.14263  -1.23277
 0.125722 -0.138312   2.06457   0.15576 -0.298464   2.14267  -1.23279
 0.125752 -0.138327   2.06457  0.155688 -0.298481    2.1427   -1.2328
 0.125782 -0.138342   2.06458  0.155617 -0.298499   2.14274  -1.23281
 0.125812 -0.138358   2.06459  0.155546 -0.298517   2.14278  -1.23282
 0.125842 -0.138373   2.06459  0.155475 -0.298534   2.14281  -1.23283
 0.125872 -0.138388    2.0646  0.155404 -0.298552   2.14285  -1.23285
 0.125901 -0.138403   2.06461  0.155334  -0.29857   2.14289  -1.23286
 0.125931 -0.138418   2.06462  0.155264 -0.298587   2.14292  -1.23287
  0.12596 -0.138433   2.06462  0.155195 -0.298605   2.14296  -1.23288
  0.12599 -0.138448   2.06463  0.155125 -0.298622     2.143  -1.23289
 0.126019 -0.138463   2.06464  0.155056  -0.29864   2.14303   -1.2329
 0.126048 -0.138478   2.06464  0.154987 -0.298657   2.14307  -1.23292
 0.126077 -0.138492   2.06465  0.154919 -0.298674    2.1431  -1.23293
 0.126105 -0.138507   2.06466  0.154851 -0.298692   2.14314  -1.23294
 0.126134 -0.138522   2.06467  0.154783 -0.298709   2.14317  -1.23295
 0.126162 -0.138536   2.06467  0.154715 -0.298726   2.14321  -1.23296
 0.126191 -0.138551   2.06468  0.154648 -0.298744   2.14324  -1.23297
 0.126219 -0.138565   2.06469   0.15458 -0.298761   2.14328  -1.23299
 0.126247 -0.138579   2.06469  0.154514 -0.298778   2.14331    -1.233
 0.126275 -0.138594    2.0647  0.154447 -0.298795   2.14335  -1.23301
 0.126303 -0.138608   2.06471  0.154381 -0.298813   2.14338  -1.23302
 0.126331 -0.138622   2.06472  0.154315  -0.29883   2.14341  -1.23303
 0.126359 -0.138636   2.06472  0.154249 -0.298847   2.14345  -1.23304
 0.126387  -0.13865   2.06473  0.154183 -0.298864   2.14348  -1.23305
 0.126414 -0.138664   2.06474  0.154118 -0.298881   2.14352  -1.23306
 0.126442 -0.138678   2.06474  0.154053 -0.298898   2.14355  -1.23308
 0.126469 -0.138691   2.06475  0.153988 -0.298915   2.14358  -1.23309
 0.126496 -0.138705   2.06476  0.153924 -0.298932   2.14362   -1.2331
 0.126523 -0.138719   2.06477   0.15386 -0.298949   2.14365  -1.23311
  0.12655 -0.138732   2.06477  0.153796 -0.298966   2.14368  -1.23312
 0.126577 -0.138746   2.06478  0.153732 -0.298983   2.14372  -1.23313
 0.126604 -0.138759   2.06479  0.153669    -0.299   2.14375  -1.23314
 0.126631 -0.138773    2.0648  0.153606 -0.299017   2.14378  -1.23315
 0.126657 -0.138786    2.0648  0.153543 -0.299034   2.14381  -1.23316
 0.126684   -0.1388   2.06481   0.15348 -0.299051   2.14385  -1.23317
  0.12671 -0.138813   2.06482  0.153418 -0.299068   2.14388  -1.23318
 0.126736 -0.138826   2.06483  0.153356 -0.299084   2.14391  -1.23319
 0.126762 -0.138839   2.06483  0.153294 -0.299101   2.14394   -1.2332
 0.126788 -0.138852   2.06484  0.153232 -0.299118   2.14397  -1.23321
 0.126814 -0.138865   2.06485  0.153171 -0.299135   2.14401  -1.23323
  0.12684 -0.138878   2.06486   0.15311 -0.299151   2.14404  -1.23324
 0.126866 -0.138891   2.06486  0.153049 -0.299168   2.14407  -1.23325
 0.126891 -0.138904   2.06487  0.152988 -0.299185    2.1441  -1.23326
 0.126917 -0.138917   2.06488  0.152928 -0.299201   2.14413  -1.23327
 0.126942 -0.138929   2.06489  0.152868 -0.299218   2.14416  -1.23328
 0.126968 -0.138942   2.06489  0.152808 -0.299234   2.14419  -1.23329
 0.126993 -0.138955    2.0649  0.152749 -0.299251   2.14422   -1.2333
 0.127018 -0.138967   2.06491  0.152689 -0.299268   2.14425  -1.23331
 0.127043  -0.13898   2.06492   0.15263 -0.299284   2.14428  -1.23332
 0.127068 -0.138992   2.06492  0.152571 -0.299301   2.14432  -1.23333
 0.127093 -0.139004   2.06493  0.152513 -0.299317   2.14435  -1.23334
 0.127117 -0.139017   2.06494  0.152454 -0.299334   2.14438  -1.23335
 0.127142 -0.139029   2.06495  0.152396  -0.29935   2.14441  -1.23336
 0.127167 -0.139041   2.06495  0.152338 -0.299366   2.14444  -1.23337
 0.127191 -0.139053   2.06496   0.15228 -0.299383   2.14447  -1.23338
 0.127215 -0.139065   2.06497  0.152223 -0.299399   2.14449  -1.23339
  0.12724 -0.139077   2.06498  0.152166 -0.299415   2.14452   -1.2334
 0.127264 -0.139089   2.06498  0.152109 -0.299432   2.14455  -1.23341
 0.127288 -0.139101   2.06499  0.152052 -0.299448   2.14458  -1.23342
 0.127312 -0.139113     2.065  0.151996 -0.299464   2.14461  -1.23343
 0.127336 -0.139125   2.06501  0.151939 -0.299481   2.14464  -1.23344
 0.127359 -0.139137   2.06502  0.151883 -0.299497   2.14467  -1.23345
 0.127383 -0.139148   2.06502  0.151827 -0.299513    2.1447  -1.23345
 0.127407  -0.13916   2.06503  0.151772 -0.299529   2.14473  -1.23346
  0.12743 -0.139172   2.06504  0.151716 -0.299545   2.14476  -1.23347
 0.127453 -0.139183   2.06505  0.151661 -0.299562   2.14479  -1.23348
 0.127477 -0.139195   2.06505  0.151606 -0.299578   2.14481  -1.23349
   0.1275 -0.139206   2.06506  0.151552 -0.299594   2.14484   -1.2335
 0.127523 -0.139217   2.06507  0.151497  -0.29961   2.14487  -1.23351
 0.127546 -0.139229   2.06508  0.151443 -0.299626    2.1449  -1.23352
 0.127569  -0.13924   2.06509  0.151389 -0.299642   2.14493  -1.23353
 0.127592 -0.139251   2.06509  0.151335 -0.299658   2.14495  -1.23354
 0.127614 -0.139262    2.0651  0.151282 -0.299674   2.14498  -1.23355
 0.127637 -0.139274   2.06511  0.151228  -0.29969   2.14501  -1.23356
  0.12766 -0.139285   2.06512  0.151175 -0.299706   2.14504  -1.23357
 0.127682 -0.139296   2.06512  0.151122 -0.299722   2.14506  -1.23358
 0.127705 -0.139307   2.06513   0.15107 -0.299738   2.14509  -1.23358
 0.127727 -0.139318   2.06514  0.151017 -0.299754   2.14512  -1.23359
 0.127749 -0.139328   2.06515  0.150965  -0.29977   2.14514   -1.2336
 0.127771 -0.139339   2.06516  0.150913 -0.299785   2.14517  -1.23361
 0.127793  -0.13935   2.06516  0.150861 -0.299801    2.1452  -1.23362
 0.127815 -0.139361   2.06517  0.150809 -0.299817   2.14523  -1.23363
 0.127837 -0.139371   2.06518  0.150758 -0.299833   2.14525  -1.23364
 0.127859 -0.139382   2.06519  0.150707 -0.299849   2.14528  -1.23365
  0.12788 -0.139392    2.0652  0.150656 -0.299864    2.1453  -1.23366
 0.127902 -0.139403    2.0652  0.150605  -0.29988   2.14533  -1.23366
 0.127923 -0.139413   2.06521  0.150554 -0.299896   2.14536  -1.23367
 0.127945 -0.139424   2.06522  0.150504 -0.299912   2.14538  -1.23368
 0.127966 -0.139434   2.06523  0.150454 -0.299927   2.14541  -1.23369
 0.127988 -0.139445   2.06524  0.150404 -0.299943   2.14543   -1.2337
 0.128009 -0.139455   2.06524  0.150354 -0.299959   2.14546  -1.23371
  0.12803 -0.139465   2.06525  0.150305 -0.299974   2.14549  -1.23372
 0.128051 -0.139475   2.06526  0.150255  -0.29999   2.14551  -1.23372
 0.128072 -0.139485   2.06527  0.150206 -0.300005   2.14554  -1.23373
 0.128093 -0.139495   2.06528  0.150157 -0.300021   2.14556  -1.23374
 0.128113 -0.139505   2.06528  0.150108 -0.300037   2.14559  -1.23375
 0.128134 -0.139515   2.06529   0.15006 -0.300052   2.14561  -1.23376
 0.128155 -0.139525    2.0653  0.150011 -0.300068   2.14564  -1.23377
 0.128175 -0.139535   2.06531  0.149963 -0.300083   2.14566  -1.23378
 0.128195 -0.139545   2.06532  0.149915 -0.300099   2.14569  -1.23378
 0.128216 -0.139555   2.06532  0.149868 -0.300114   2.14571  -1.23379
 0.128236 -0.139565   2.06533   0.14982 -0.300129   2.14574   -1.2338
 0.128256 -0.139574   2.06534  0.149773 -0.300145   2.14576  -1.23381
 0.128276 -0.139584   2.06535  0.149726  -0.30016   2.14578  -1.23382
 0.128296 -0.139594   2.06536  0.149679 -0.300176   2.14581  -1.23382
 0.128316 -0.139603   2.06537  0.149632 -0.300191   2.14583  -1.23383
 0.128336 -0.139613   2.06537  0.149585 -0.300206   2.14586  -1.23384
 0.128356 -0.139622   2.06538  0.149539 -0.300222   2.14588  -1.23385
 0.128376 -0.139632   2.06539  0.149493 -0.300237   2.14591  -1.23386
 0.128395 -0.139641    2.0654  0.149447 -0.300252   2.14593  -1.23386
 0.128415  -0.13965   2.06541  0.149401 -0.300268   2.14595  -1.23387
 0.128434  -0.13966   2.06541  0.149355 -0.300283   2.14598  -1.23388
 0.128454 -0.139669   2.06542   0.14931 -0.300298     2.146  -1.23389
 0.128473 -0.139678   2.06543  0.149264 -0.300313   2.14602   -1.2339
 0.128492 -0.139687   2.06544  0.149219 -0.300328   2.14605   -1.2339
 0.128512 -0.139696   2.06545  0.149174 -0.300344   2.14607  -1.23391
 0.128531 -0.139705   2.06546   0.14913 -0.300359   2.14609  -1.23392
  0.12855 -0.139715   2.06546  0.149085 -0.300374   2.14612  -1.23393
 0.128569 -0.139724   2.06547  0.149041 -0.300389   2.14614  -1.23393
 0.128588 -0.139732   2.06548  0.148997 -0.300404   2.14616  -1.23394
 0.128606 -0.139741   2.06549  0.148953 -0.300419   2.14618  -1.23395
 0.128625  -0.13975    2.0655  0.148909 -0.300434   2.14621  -1.23396
 0.128644 -0.139759   2.06551  0.148865 -0.300449   2.14623  -1.23396
 0.128662 -0.139768   2.06551  0.148822 -0.300464   2.14625  -1.23397
 0.128681 -0.139777   2.06552  0.148779  -0.30048   2.14627  -1.23398
 0.128699 -0.139785   2.06553  0.148735 -0.300495    2.1463  -1.23399
 0.128718 -0.139794   2.06554  0.148693  -0.30051   2.14632  -1.23399
 0.128736 -0.139803   2.06555   0.14865 -0.300525   2.14634    -1.234
 0.128754 -0.139811   2.06556  0.148607 -0.300539   2.14636  -1.23401
 0.128772  -0.13982   2.06556  0.148565 -0.300554   2.14638  -1.23402
  0.12879 -0.139828   2.06557  0.148523 -0.300569   2.14641  -1.23402
 0.128808 -0.139837   2.06558  0.148481 -0.300584   2.14643  -1.23403
 0.128826 -0.139845   2.06559  0.148439 -0.300599   2.14645  -1.23404
 0.128844 -0.139853    2.0656  0.148397 -0.300614   2.14647  -1.23405
 0.128862 -0.139862   2.06561  0.148356 -0.300629   2.14649  -1.23405
  0.12888  -0.13987   2.06561  0.148314 -0.300644   2.14651  -1.23406
 0.128897 -0.139878   2.06562  0.148273 -0.300659   2.14653  -1.23407
 0.128915 -0.139886   2.06563  0.148232 -0.300673   2.14656  -1.23407
 0.128932 -0.139895   2.06564  0.148191 -0.300688   2.14658  -1.23408
  0.12895 -0.139903   2.06565   0.14815 -0.300703    2.1466  -1.23409
 0.128967 -0.139911   2.06566   0.14811 -0.300718   2.14662   -1.2341
 0.128985 -0.139919   2.06566   0.14807 -0.300733   2.14664   -1.2341
 0.129002 -0.139927   2.06567  0.148029 -0.300747   2.14666  -1.23411
 0.129019 -0.139935   2.06568  0.147989 -0.300762   2.14668  -1.23412
 0.129036 -0.139943   2.06569   0.14795 -0.300777    2.1467  -1.23412
 0.129053 -0.139951    2.0657   0.14791 -0.300791   2.14672  -1.23413
  0.12907 -0.139958   2.06571   0.14787 -0.300806   2.14674  -1.23414
 0.129087 -0.139966   2.06572  0.147831 -0.300821   2.14676  -1.23414
 0.129104 -0.139974   2.06572  0.147792 -0.300835   2.14678  -1.23415
 0.129121 -0.139982   2.06573  0.147753  -0.30085    2.1468  -1.23416
 0.129137  -0.13999   2.06574  0.147714 -0.300865   2.14682  -1.23417
 0.129154 -0.139997   2.06575  0.147675 -0.300879   2.14684  -1.23417
  0.12917 -0.140005   2.06576  0.147637 -0.300894   2.14686  -1.23418
 0.129187 -0.140012   2.06577  0.147598 -0.300908   2.14688  -1.23419
 0.129203  -0.14002   2.06578   0.14756 -0.300923    2.1469  -1.23419
  0.12922 -0.140027   2.06578  0.147522 -0.300938   2.14692   -1.2342
 0.129236 -0.140035   2.06579  0.147484 -0.300952   2.14694  -1.23421
 0.129252 -0.140042    2.0658  0.147446 -0.300967   2.14696  -1.23421
 0.129269  -0.14005   2.06581  0.147408 -0.300981   2.14698  -1.23422
 0.129285 -0.140057   2.06582  0.147371 -0.300996     2.147  -1.23423
 0.129301 -0.140064   2.06583  0.147334  -0.30101   2.14702  -1.23423
 0.129317 -0.140072   2.06584  0.147297 -0.301025   2.14704  -1.23424
 0.129333 -0.140079   2.06584   0.14726 -0.301039   2.14706  -1.23424
 0.129349 -0.140086   2.06585  0.147223 -0.301053   2.14708  -1.23425
 0.129364 -0.140093   2.06586  0.147186 -0.301068    2.1471  -1.23426
  0.12938 -0.140101   2.06587  0.147149 -0.301082   2.14711  -1.23426
 0.129396 -0.140108   2.06588  0.147113 -0.301097   2.14713  -1.23427
 0.129411 -0.140115   2.06589  0.147077 -0.301111   2.14715  -1.23428
 0.129427 -0.140122    2.0659  0.147041 -0.301125   2.14717  -1.23428
 0.129443 -0.140129   2.06591  0.147005  -0.30114   2.14719  -1.23429
 0.129458 -0.140136   2.06591  0.146969 -0.301154   2.14721   -1.2343
 0.129473 -0.140143   2.06592  0.146933 -0.301168   2.14723   -1.2343
 0.129489  -0.14015   2.06593  0.146898 -0.301183   2.14724  -1.23431
 0.129504 -0.140157   2.06594  0.146862 -0.301197   2.14726  -1.23431
 0.129519 -0.140163   2.06595  0.146827 -0.301211   2.14728  -1.23432
 0.129534  -0.14017   2.06596  0.146792 -0.301225    2.1473  -1.23433
 0.129549 -0.140177   2.06597  0.146757  -0.30124   2.14732  -1.23433
 0.129564 -0.140184   2.06597  0.146722 -0.301254   2.14734  -1.23434
 0.129579  -0.14019   2.06598  0.146688 -0.301268   2.14735  -1.23434
 0.129594 -0.140197   2.06599  0.146653 -0.301282   2.14737  -1.23435
 0.129609 -0.140204     2.066  0.146619 -0.301297   2.14739  -1.23436
 0.129624  -0.14021   2.06601  0.146585 -0.301311   2.14741  -1.23436
 0.129639 -0.140217   2.06602   0.14655 -0.301325   2.14742  -1.23437
 0.129653 -0.140223   2.06603  0.146517 -0.301339   2.14744  -1.23437
 0.129668  -0.14023   2.06604  0.146483 -0.301353   2.14746  -1.23438
 0.129683 -0.140236   2.06605  0.146449 -0.301367   2.14748  -1.23439
 0.129697 -0.140243   2.06605  0.146416 -0.301381   2.14749  -1.23439
 0.129712 -0.140249   2.06606  0.146382 -0.301396   2.14751   -1.2344
 0.129726 -0.140256   2.06607  0.146349  -0.30141   2.14753   -1.2344
  0.12974 -0.140262   2.06608  0.146316 -0.301424   2.14754  -1.23441
 0.129755 -0.140268   2.06609  0.146283 -0.301438   2.14756  -1.23442
 0.129769 -0.140274    2.0661   0.14625 -0.301452   2.14758  -1.23442
 0.129783 -0.140281   2.06611  0.146217 -0.301466    2.1476  -1.23443
 0.129797 -0.140287   2.06612  0.146185  -0.30148   2.14761  -1.23443
 0.129811 -0.140293   2.06612  0.146152 -0.301494   2.14763  -1.23444
 0.129825 -0.140299   2.06613   0.14612 -0.301508   2.14765  -1.23444
 0.129839 -0.140305   2.06614  0.146088 -0.301522   2.14766  -1.23445
 0.129853 -0.140311   2.06615  0.146056 -0.301536   2.14768  -1.23446
 0.129867 -0.140317   2.06616  0.146024  -0.30155    2.1477  -1.23446
 0.129881 -0.140324   2.06617  0.145992 -0.301564   2.14771  -1.23447
 0.129894  -0.14033   2.06618   0.14596 -0.301578   2.14773  -1.23447
 0.129908 -0.140335   2.06619  0.145929 -0.301592   2.14774  -1.23448
 0.129922 -0.140341    2.0662  0.145897 -0.301605   2.14776  -1.23448
 0.129935 -0.140347    2.0662  0.145866 -0.301619   2.14778  -1.23449
 0.129949 -0.140353   2.06621  0.145835 -0.301633   2.14779   -1.2345
 0.129962 -0.140359   2.06622  0.145804 -0.301647   2.14781   -1.2345
 0.129976 -0.140365   2.06623  0.145773 -0.301661   2.14782  -1.23451
 0.129989 -0.140371   2.06624  0.145742 -0.301675   2.14784  -1.23451
 0.130002 -0.140376   2.06625  0.145712 -0.301689   2.14786  -1.23452
 0.130016 -0.140382   2.06626  0.145681 -0.301703   2.14787  -1.23452
 0.130029 -0.140388   2.06627  0.145651 -0.301716   2.14789  -1.23453
 0.130042 -0.140393   2.06628  0.145621  -0.30173    2.1479  -1.23453
 0.130055 -0.140399   2.06629  0.145591 -0.301744   2.14792  -1.23454
 0.130068 -0.140405   2.06629  0.145561 -0.301758   2.14793  -1.23454
 0.130081  -0.14041    2.0663  0.145531 -0.301771   2.14795  -1.23455
 0.130094 -0.140416   2.06631  0.145501 -0.301785   2.14797  -1.23455
 0.130107 -0.140421   2.06632  0.145471 -0.301799   2.14798  -1.23456
  0.13012 -0.140427   2.06633  0.145442 -0.301813     2.148  -1.23456
 0.130133 -0.140432   2.06634  0.145413 -0.301826   2.14801  -1.23457
 0.130145 -0.140438   2.06635  0.145383  -0.30184   2.14803  -1.23458
 0.130158 -0.140443   2.06636  0.145354 -0.301854   2.14804  -1.23458
 0.130171 -0.140448   2.06637  0.145325 -0.301868   2.14806  -1.23459
 0.130183 -0.140454   2.06638  0.145296 -0.301881   2.14807  -1.23459
 0.130196 -0.140459   2.06638  0.145267 -0.301895   2.14809   -1.2346
 0.130209 -0.140464   2.06639  0.145239 -0.301909    2.1481   -1.2346
 0.130221  -0.14047    2.0664   0.14521 -0.301922   2.14812  -1.23461
 0.130233 -0.140475   2.06641  0.145182 -0.301936   2.14813  -1.23461
 0.130246  -0.14048   2.06642  0.145153 -0.301949   2.14814  -1.23462
 0.130258 -0.140485   2.06643  0.145125 -0.301963   2.14816  -1.23462
  0.13027  -0.14049   2.06644  0.145097 -0.301977   2.14817  -1.23463
 0.130283 -0.140495   2.06645  0.145069  -0.30199   2.14819  -1.23463
 0.130295 -0.140501   2.06646  0.145041 -0.302004    2.1482  -1.23464
 0.130307 -0.140506   2.06647  0.145014 -0.302017   2.14822  -1.23464
 0.130319 -0.140511   2.06647  0.144986 -0.302031   2.14823  -1.23465
 0.130331 -0.140516   2.06648  0.144958 -0.302045   2.14824  -1.23465
 0.130343 -0.140521   2.06649  0.144931 -0.302058   2.14826  -1.23466
 0.130355 -0.140526    2.0665  0.144904 -0.302072   2.14827  -1.23466
 0.130367 -0.140531   2.06651  0.144877 -0.302085   2.14829  -1.23467
 0.130379 -0.140535   2.06652   0.14485 -0.302099    2.1483  -1.23467
 0.130391  -0.14054   2.06653  0.144823 -0.302112   2.14832  -1.23467
 0.130402 -0.140545   2.06654  0.144796 -0.302126   2.14833  -1.23468
 0.130414  -0.14055   2.06655  0.144769 -0.302139   2.14834  -1.23468
 0.130426 -0.140555   2.06656  0.144742 -0.302152   2.14836  -1.23469
 0.130437  -0.14056   2.06657  0.144716 -0.302166   2.14837  -1.23469
 0.130449 -0.140564   2.06658   0.14469 -0.302179   2.14838   -1.2347
  0.13046 -0.140569   2.06658  0.144663 -0.302193    2.1484   -1.2347
 0.130472 -0.140574   2.06659  0.144637 -0.302206   2.14841  -1.23471
 0.130483 -0.140578    2.0666  0.144611  -0.30222   2.14842  -1.23471
 0.130495 -0.140583   2.06661  0.144585 -0.302233   2.14844  -1.23472
 0.130506 -0.140588   2.06662  0.144559 -0.302246   2.14845  -1.23472
 0.130517 -0.140592   2.06663  0.144533  -0.30226   2.14846  -1.23473
 0.130529 -0.140597   2.06664  0.144508 -0.302273   2.14848  -1.23473
  0.13054 -0.140601   2.06665  0.144482 -0.302287   2.14849  -1.23474
 0.130551 -0.140606   2.06666  0.144457   -0.3023    2.1485  -1.23474
 0.130562  -0.14061   2.06667  0.144432 -0.302313   2.14852  -1.23474
 0.130573 -0.140615   2.06668  0.144406 -0.302327   2.14853  -1.23475
 0.130584 -0.140619   2.06669  0.144381  -0.30234   2.14854  -1.23475
 0.130595 -0.140624    2.0667  0.144356 -0.302353   2.14856  -1.23476
 0.130606 -0.140628    2.0667  0.144331 -0.302366   2.14857  -1.23476
 0.130617 -0.140632   2.06671  0.144306  -0.30238   2.14858  -1.23477
 0.130628 -0.140637   2.06672  0.144282 -0.302393   2.14859  -1.23477
 0.130639 -0.140641   2.06673  0.144257 -0.302406   2.14861  -1.23478
  0.13065 -0.140645   2.06674  0.144233  -0.30242   2.14862  -1.23478
 0.130661  -0.14065   2.06675  0.144208 -0.302433   2.14863  -1.23479
 0.130671 -0.140654   2.06676  0.144184 -0.302446   2.14864  -1.23479
 0.130682 -0.140658   2.06677   0.14416 -0.302459   2.14866  -1.23479
 0.130693 -0.140662   2.06678  0.144136 -0.302473   2.14867   -1.2348
 0.130703 -0.140667   2.06679  0.144112 -0.302486   2.14868   -1.2348
 0.130714 -0.140671    2.0668  0.144088 -0.302499   2.14869  -1.23481
 0.130724 -0.140675   2.06681  0.144064 -0.302512   2.14871  -1.23481
 0.130735 -0.140679   2.06682   0.14404 -0.302525   2.14872  -1.23482
 0.130745 -0.140683   2.06682  0.144017 -0.302539   2.14873  -1.23482
 0.130756 -0.140687   2.06683  0.143993 -0.302552   2.14874  -1.23482
 0.130766 -0.140691   2.06684   0.14397 -0.302565   2.14875  -1.23483
 0.130776 -0.140695   2.06685  0.143946 -0.302578   2.14877  -1.23483
 0.130787 -0.140699   2.06686  0.143923 -0.302591   2.14878  -1.23484
 0.130797 -0.140703   2.06687    0.1439 -0.302604   2.14879  -1.23484
 0.130807 -0.140707   2.06688  0.143877 -0.302617    2.1488  -1.23484
 0.130817 -0.140711   2.06689  0.143854 -0.302631   2.14881  -1.23485
 0.130827 -0.140715    2.0669  0.143831 -0.302644   2.14883  -1.23485
 0.130837 -0.140719   2.06691  0.143808 -0.302657   2.14884  -1.23486
 0.130848 -0.140723   2.06692  0.143786  -0.30267   2.14885  -1.23486
 0.130858 -0.140727   2.06693  0.143763 -0.302683   2.14886  -1.23487
 0.130868  -0.14073   2.06694  0.143741 -0.302696   2.14887  -1.23487
 0.130877 -0.140734   2.06695  0.143718 -0.302709   2.14888  -1.23487
 0.130887 -0.140738   2.06696  0.143696 -0.302722    2.1489  -1.23488
 0.130897 -0.140742   2.06696  0.143674 -0.302735   2.14891  -1.23488
 0.130907 -0.140745   2.06697  0.143652 -0.302748   2.14892  -1.23489
 0.130917 -0.140749   2.06698   0.14363 -0.302761   2.14893  -1.23489
 0.130927 -0.140753   2.06699  0.143608 -0.302774   2.14894  -1.23489
 0.130936 -0.140756     2.067  0.143586 -0.302787   2.14895   -1.2349
0.130946 -0.14076  2.06701 0.143564  -0.3028  2.14896  -1.2349
 0.130956 -0.140764   2.06702  0.143543 -0.302813   2.14897  -1.23491
 0.130965 -0.140767   2.06703  0.143521 -0.302826   2.14899  -1.23491
 0.130975 -0.140771   2.06704    0.1435 -0.302839     2.149  -1.23491
 0.130984 -0.140775   2.06705  0.143478 -0.302852   2.14901  -1.23492
 0.130994 -0.140778   2.06706  0.143457 -0.302865   2.14902  -1.23492
 0.131003 -0.140782   2.06707  0.143436 -0.302878   2.14903  -1.23492
 0.131013 -0.140785   2.06708  0.143415 -0.302891   2.14904  -1.23493
 0.131022 -0.140789   2.06709  0.143394 -0.302904   2.14905  -1.23493
 0.131031 -0.140792    2.0671  0.143373 -0.302917   2.14906  -1.23494
 0.131041 -0.140795   2.06711  0.143352  -0.30293   2.14907  -1.23494
  0.13105 -0.140799   2.06712  0.143331 -0.302943   2.14908  -1.23494
 0.131059 -0.140802   2.06712   0.14331 -0.302956   2.14909  -1.23495
 0.131068 -0.140806   2.06713   0.14329 -0.302968   2.14911  -1.23495
 0.131078 -0.140809   2.06714  0.143269 -0.302981   2.14912  -1.23496
 0.131087 -0.140812   2.06715  0.143249 -0.302994   2.14913  -1.23496
 0.131096 -0.140816   2.06716  0.143229 -0.303007   2.14914  -1.23496
 0.131105 -0.140819   2.06717  0.143208  -0.30302   2.14915  -1.23497
 0.131114 -0.140822   2.06718  0.143188 -0.303033   2.14916  -1.23497
 0.131123 -0.140825   2.06719  0.143168 -0.303046   2.14917  -1.23497
 0.131132 -0.140829    2.0672  0.143148 -0.303058   2.14918  -1.23498
 0.131141 -0.140832   2.06721  0.143128 -0.303071   2.14919  -1.23498
  0.13115 -0.140835   2.06722  0.143108 -0.303084    2.1492  -1.23498
 0.131158 -0.140838   2.06723  0.143089 -0.303097   2.14921  -1.23499
 0.131167 -0.140841   2.06724  0.143069  -0.30311   2.14922  -1.23499
 0.131176 -0.140845   2.06725  0.143049 -0.303123   2.14923    -1.235
 0.131185 -0.140848   2.06726   0.14303 -0.303135   2.14924    -1.235
 0.131194 -0.140851   2.06727   0.14301 -0.303148   2.14925    -1.235
 0.131202 -0.140854   2.06728  0.142991 -0.303161   2.14926  -1.23501
 0.131211 -0.140857   2.06729  0.142972 -0.303174   2.14927  -1.23501
  0.13122  -0.14086    2.0673  0.142953 -0.303186   2.14928  -1.23501
 0.131228 -0.140863   2.06731  0.142933 -0.303199   2.14929  -1.23502
 0.131237 -0.140866   2.06731  0.142914 -0.303212    2.1493  -1.23502
 0.131245 -0.140869   2.06732  0.142895 -0.303225   2.14931  -1.23502
 0.131254 -0.140872   2.06733  0.142877 -0.303237   2.14932  -1.23503
 0.131262 -0.140875   2.06734  0.142858  -0.30325   2.14933  -1.23503
 0.131271 -0.140878   2.06735  0.142839 -0.303263   2.14934  -1.23503
 0.131279 -0.140881   2.06736   0.14282 -0.303276   2.14935  -1.23504
 0.131287 -0.140884   2.06737  0.142802 -0.303288   2.14936  -1.23504
 0.131296 -0.140886   2.06738  0.142783 -0.303301   2.14937  -1.23504
 0.131304 -0.140889   2.06739  0.142765 -0.303314   2.14938  -1.23505
 0.131312 -0.140892    2.0674  0.142747 -0.303326   2.14939  -1.23505
 0.131321 -0.140895   2.06741  0.142728 -0.303339   2.14939  -1.23505
 0.131329 -0.140898   2.06742   0.14271 -0.303352    2.1494  -1.23506
 0.131337 -0.140901   2.06743  0.142692 -0.303364   2.14941  -1.23506
 0.131345 -0.140903   2.06744  0.142674 -0.303377   2.14942  -1.23506
 0.131353 -0.140906   2.06745  0.142656  -0.30339   2.14943  -1.23507
 0.131361 -0.140909   2.06746  0.142638 -0.303402   2.14944  -1.23507
 0.131369 -0.140912   2.06747   0.14262 -0.303415   2.14945  -1.23507
 0.131378 -0.140914   2.06748  0.142603 -0.303428   2.14946  -1.23508
 0.131386 -0.140917   2.06749  0.142585  -0.30344   2.14947  -1.23508
 0.131393  -0.14092    2.0675  0.142567 -0.303453   2.14948  -1.23508
 0.131401 -0.140922   2.06751   0.14255 -0.303465   2.14949  -1.23509
 0.131409 -0.140925   2.06752  0.142532 -0.303478    2.1495  -1.23509
 0.131417 -0.140927   2.06753  0.142515 -0.303491    2.1495  -1.23509
 0.131425  -0.14093   2.06754  0.142498 -0.303503   2.14951   -1.2351
 0.131433 -0.140933   2.06755   0.14248 -0.303516   2.14952   -1.2351
 0.131441 -0.140935   2.06755  0.142463 -0.303528   2.14953   -1.2351
 0.131448 -0.140938   2.06756  0.142446 -0.303541   2.14954  -1.23511
 0.131456  -0.14094   2.06757  0.142429 -0.303553   2.14955  -1.23511
 0.131464 -0.140943   2.06758  0.142412 -0.303566   2.14956  -1.23511
 0.131472 -0.140945   2.06759  0.142395 -0.303578   2.14957  -1.23512
 0.131479 -0.140948    2.0676  0.142379 -0.303591   2.14957  -1.23512
 0.131487  -0.14095   2.06761  0.142362 -0.303604   2.14958  -1.23512
 0.131494 -0.140953   2.06762  0.142345 -0.303616   2.14959  -1.23513
 0.131502 -0.140955   2.06763  0.142329 -0.303629    2.1496  -1.23513
  0.13151 -0.140957   2.06764  0.142312 -0.303641   2.14961  -1.23513
 0.131517  -0.14096   2.06765  0.142296 -0.303654   2.14962  -1.23513
 0.131525 -0.140962   2.06766  0.142279 -0.303666   2.14963  -1.23514
 0.131532 -0.140965   2.06767  0.142263 -0.303679   2.14963  -1.23514
 0.131539 -0.140967   2.06768  0.142247 -0.303691   2.14964  -1.23514
 0.131547 -0.140969   2.06769   0.14223 -0.303704   2.14965  -1.23515
 0.131554 -0.140972    2.0677  0.142214 -0.303716   2.14966  -1.23515
 0.131562 -0.140974   2.06771  0.142198 -0.303728   2.14967  -1.23515
 0.131569 -0.140976   2.06772  0.142182 -0.303741   2.14968  -1.23516
 0.131576 -0.140978   2.06773  0.142166 -0.303753   2.14968  -1.23516
 0.131583 -0.140981   2.06774   0.14215 -0.303766   2.14969  -1.23516
 0.131591 -0.140983   2.06775  0.142135 -0.303778    2.1497  -1.23516
 0.131598 -0.140985   2.06776  0.142119 -0.303791   2.14971  -1.23517
 0.131605 -0.140987   2.06777  0.142103 -0.303803   2.14972  -1.23517
 0.131612  -0.14099   2.06778  0.142088 -0.303816   2.14972  -1.23517
 0.131619 -0.140992   2.06779  0.142072 -0.303828   2.14973  -1.23518
 0.131626 -0.140994    2.0678  0.142057  -0.30384   2.14974  -1.23518
 0.131633 -0.140996   2.06781  0.142041 -0.303853   2.14975  -1.23518
 0.131641 -0.140998   2.06782  0.142026 -0.303865   2.14976  -1.23518
 0.131648    -0.141   2.06783  0.142011 -0.303878   2.14976  -1.23519
 0.131655 -0.141002   2.06784  0.141996  -0.30389   2.14977  -1.23519
 0.131662 -0.141004   2.06785   0.14198 -0.303902   2.14978  -1.23519
 0.131668 -0.141006   2.06786  0.141965 -0.303915   2.14979   -1.2352
 0.131675 -0.141009   2.06786   0.14195 -0.303927    2.1498   -1.2352
 0.131682 -0.141011   2.06787  0.141935 -0.303939    2.1498   -1.2352
 0.131689 -0.141013   2.06788   0.14192 -0.303952   2.14981   -1.2352
 0.131696 -0.141015   2.06789  0.141906 -0.303964   2.14982  -1.23521
 0.131703 -0.141017    2.0679  0.141891 -0.303977   2.14983  -1.23521
  0.13171 -0.141019   2.06791  0.141876 -0.303989   2.14983  -1.23521
 0.131716 -0.141021   2.06792  0.141861 -0.304001   2.14984  -1.23522
 0.131723 -0.141022   2.06793  0.141847 -0.304014   2.14985  -1.23522
  0.13173 -0.141024   2.06794  0.141832 -0.304026   2.14986  -1.23522
 0.131737 -0.141026   2.06795  0.141818 -0.304038   2.14986  -1.23522
 0.131743 -0.141028   2.06796  0.141803  -0.30405   2.14987  -1.23523
  0.13175  -0.14103   2.06797  0.141789 -0.304063   2.14988  -1.23523
 0.131756 -0.141032   2.06798  0.141775 -0.304075   2.14989  -1.23523
 0.131763 -0.141034   2.06799  0.141761 -0.304087   2.14989  -1.23523
  0.13177 -0.141036     2.068  0.141746   -0.3041    2.1499  -1.23524
 0.131776 -0.141038   2.06801  0.141732 -0.304112   2.14991  -1.23524
 0.131783 -0.141039   2.06802  0.141718 -0.304124   2.14992  -1.23524
 0.131789 -0.141041   2.06803  0.141704 -0.304136   2.14992  -1.23525
 0.131796 -0.141043   2.06804   0.14169 -0.304149   2.14993  -1.23525
 0.131802 -0.141045   2.06805  0.141676 -0.304161   2.14994  -1.23525
 0.131809 -0.141046   2.06806  0.141663 -0.304173   2.14994  -1.23525
 0.131815 -0.141048   2.06807  0.141649 -0.304186   2.14995  -1.23526
 0.131821  -0.14105   2.06808  0.141635 -0.304198   2.14996  -1.23526
 0.131828 -0.141052   2.06809  0.141622  -0.30421   2.14996  -1.23526
 0.131834 -0.141053    2.0681  0.141608 -0.304222   2.14997  -1.23526
  0.13184 -0.141055   2.06811  0.141594 -0.304234   2.14998  -1.23527
 0.131847 -0.141057   2.06812  0.141581 -0.304247   2.14999  -1.23527
 0.131853 -0.141058   2.06813  0.141568 -0.304259   2.14999  -1.23527
 0.131859  -0.14106   2.06814  0.141554 -0.304271      2.15  -1.23527
 0.131865 -0.141062   2.06815  0.141541 -0.304283   2.15001  -1.23528
 0.131871 -0.141063   2.06816  0.141528 -0.304296   2.15001  -1.23528
 0.131878 -0.141065   2.06817  0.141514 -0.304308   2.15002  -1.23528
 0.131884 -0.141067   2.06818  0.141501  -0.30432   2.15003  -1.23528
  0.13189 -0.141068   2.06819  0.141488 -0.304332   2.15003  -1.23529
