 0.0873959 -0.0873769    2.04374   0.325308  -0.294647    1.99265   -1.23506
 0.0874343 -0.0925385    2.04999    0.33041   -0.28951    2.00354    -1.2366
 0.0861015 -0.0960358    2.05434   0.333206  -0.286001      2.012   -1.23672
 0.0841218 -0.0984957    2.05744   0.334588  -0.283545    2.01879   -1.23605
0.0819157 -0.100307   2.05972  0.335099 -0.281781   2.02439  -1.23497
0.0797189  -0.10171   2.06146   0.33507 -0.280477   2.02909  -1.23369
0.0776567 -0.102853   2.06281  0.334704 -0.279485   2.03312  -1.23236
0.0757889 -0.103824   2.06391  0.334126  -0.27871   2.03661  -1.23105
0.0741374  -0.10468   2.06482  0.333413  -0.27809   2.03966  -1.22979
0.0727029 -0.105456   2.06558  0.332614 -0.277585   2.04237  -1.22862
 0.071475 -0.106172   2.06624  0.331759 -0.277167   2.04477  -1.22754
0.0704377 -0.106841   2.06681  0.330866 -0.276817   2.04692  -1.22656
0.0695727 -0.107474   2.06731  0.329949 -0.276523   2.04886  -1.22566
0.0688618 -0.108074   2.06775  0.329015 -0.276274    2.0506  -1.22485
0.0682874 -0.108645   2.06814  0.328069 -0.276064   2.05219  -1.22413
0.0678334 -0.109191   2.06849  0.327117 -0.275887   2.05364  -1.22348
0.0674851 -0.109714    2.0688   0.32616 -0.275739   2.05497   -1.2229
0.0672293 -0.110215   2.06908  0.325201 -0.275616   2.05619  -1.22238
0.0670543 -0.110696   2.06933   0.32424 -0.275515   2.05732  -1.22193
0.0669498 -0.111158   2.06955   0.32328 -0.275434   2.05837  -1.22152
0.0669068 -0.111601   2.06975   0.32232 -0.275371   2.05935  -1.22117
0.0669172 -0.112028   2.06993  0.321363 -0.275323   2.06027  -1.22085
0.0669741 -0.112439   2.07009  0.320407  -0.27529   2.06113  -1.22058
0.0670714 -0.112835   2.07023  0.319455 -0.275268   2.06194  -1.22035
0.0672038 -0.113217   2.07036  0.318506 -0.275258   2.06272  -1.22014
0.0673665 -0.113586   2.07047   0.31756 -0.275258   2.06345  -1.21997
0.0675556 -0.113942   2.07057  0.316618 -0.275267   2.06416  -1.21982
0.0677673 -0.114287   2.07066   0.31568 -0.275284   2.06483   -1.2197
0.0679988 -0.114621   2.07074  0.314747 -0.275308   2.06548   -1.2196
0.0682471 -0.114945   2.07082  0.313818 -0.275339   2.06611  -1.21952
  0.06851 -0.115259   2.07088  0.312893 -0.275375   2.06671  -1.21946
0.0687854 -0.115564   2.07094  0.311973 -0.275416    2.0673  -1.21942
0.0690714 -0.115861   2.07099  0.311058 -0.275462   2.06788  -1.21939
0.0693666  -0.11615   2.07103  0.310147 -0.275512   2.06844  -1.21938
0.0696694 -0.116432   2.07107  0.309241 -0.275566   2.06898  -1.21938
0.0699788 -0.116707   2.07111  0.308341 -0.275623   2.06952  -1.21939
0.0702936 -0.116976   2.07114  0.307444 -0.275683   2.07005   -1.2194
 0.070613 -0.117238   2.07117  0.306553 -0.275745   2.07056  -1.21943
0.0709361 -0.117496   2.07119  0.305667  -0.27581   2.07107  -1.21947
0.0712623 -0.117747   2.07121  0.304785 -0.275877   2.07157  -1.21951
0.0715909 -0.117994   2.07123  0.303908 -0.275945   2.07206  -1.21956
0.0719213 -0.118237   2.07124  0.303037 -0.276015   2.07255  -1.21962
0.0722533 -0.118475   2.07125   0.30217 -0.276087   2.07303  -1.21968
0.0725862 -0.118709   2.07126  0.301307  -0.27616   2.07351  -1.21975
0.0729198 -0.118939   2.07127   0.30045 -0.276234   2.07398  -1.21982
0.0732538 -0.119166   2.07128  0.299597 -0.276308   2.07444   -1.2199
0.0735879 -0.119389   2.07128  0.298749 -0.276384    2.0749  -1.21998
0.0739218 -0.119609   2.07129  0.297906  -0.27646   2.07536  -1.22006
0.0742554 -0.119826   2.07129  0.297067 -0.276537   2.07581  -1.22015
0.0745884 -0.120041   2.07129  0.296234 -0.276615   2.07626  -1.22024
0.0749208 -0.120252   2.07129  0.295404 -0.276693   2.07671  -1.22033
0.0752524 -0.120461   2.07129   0.29458 -0.276771   2.07715  -1.22042
 0.075583 -0.120668   2.07129   0.29376  -0.27685   2.07759  -1.22052
0.0759126 -0.120872   2.07129  0.292944 -0.276929   2.07802  -1.22061
0.0762412 -0.121075   2.07128  0.292133 -0.277008   2.07846  -1.22071
0.0765685 -0.121275   2.07128  0.291327 -0.277087   2.07889  -1.22081
0.0768945 -0.121473   2.07128  0.290525 -0.277167   2.07931  -1.22091
0.0772193 -0.121669   2.07127  0.289727 -0.277246   2.07974  -1.22101
0.0775427 -0.121864   2.07127  0.288934 -0.277325   2.08016  -1.22111
0.0778647 -0.122056   2.07126  0.288145 -0.277405   2.08058  -1.22121
0.0781852 -0.122247   2.07125   0.28736 -0.277484   2.08099  -1.22132
0.0785043 -0.122437   2.07125   0.28658 -0.277564    2.0814  -1.22142
0.0788219 -0.122625   2.07124  0.285804 -0.277643   2.08182  -1.22152
 0.079138 -0.122811   2.07123  0.285033 -0.277722   2.08222  -1.22163
0.0794526 -0.122996   2.07123  0.284265 -0.277801   2.08263  -1.22173
0.0797656  -0.12318   2.07122  0.283502  -0.27788   2.08303  -1.22184
0.0800771 -0.123362   2.07121  0.282743 -0.277959   2.08343  -1.22194
0.0803871 -0.123543   2.07121  0.281988 -0.278037   2.08383  -1.22205
0.0806955 -0.123722    2.0712  0.281237 -0.278116   2.08423  -1.22215
0.0810023   -0.1239   2.07119  0.280491 -0.278194   2.08462  -1.22225
0.0813075 -0.124078   2.07118  0.279748 -0.278272   2.08502  -1.22236
0.0816112 -0.124253   2.07117   0.27901  -0.27835   2.08541  -1.22246
0.0819133 -0.124428   2.07117  0.278275 -0.278427   2.08579  -1.22257
0.0822138 -0.124602   2.07116  0.277545 -0.278505   2.08618  -1.22267
0.0825128 -0.124774   2.07115  0.276818 -0.278582   2.08656  -1.22278
0.0828102 -0.124946   2.07114  0.276096 -0.278659   2.08694  -1.22288
 0.083106 -0.125116   2.07113  0.275377 -0.278735   2.08732  -1.22298
0.0834003 -0.125285   2.07112  0.274662 -0.278812    2.0877  -1.22309
 0.083693 -0.125453   2.07112  0.273951 -0.278888   2.08807  -1.22319
0.0839842  -0.12562   2.07111  0.273244 -0.278964   2.08845  -1.22329
0.0842739 -0.125787    2.0711  0.272541 -0.279039   2.08882  -1.22339
 0.084562 -0.125952   2.07109  0.271842 -0.279115   2.08918  -1.22349
0.0848486 -0.126116   2.07108  0.271146  -0.27919   2.08955   -1.2236
0.0851336 -0.126279   2.07107  0.270454 -0.279265   2.08991   -1.2237
0.0854172 -0.126441   2.07106  0.269766 -0.279339   2.09028   -1.2238
0.0856992 -0.126603   2.07106  0.269081 -0.279414   2.09064   -1.2239
0.0859798 -0.126763   2.07105  0.268401 -0.279488     2.091    -1.224
0.0862588 -0.126923   2.07104  0.267724 -0.279562   2.09135   -1.2241
0.0865364 -0.127081   2.07103   0.26705 -0.279635   2.09171   -1.2242
0.0868124 -0.127239   2.07102   0.26638 -0.279708   2.09206  -1.22429
0.0870871 -0.127396   2.07101  0.265714 -0.279781   2.09241  -1.22439
0.0873602 -0.127551   2.07101  0.265052 -0.279854   2.09276  -1.22449
0.0876319 -0.127706     2.071  0.264392 -0.279927   2.09311  -1.22459
0.0879021  -0.12786   2.07099  0.263737 -0.279999   2.09345  -1.22469
0.0881709 -0.128014   2.07098  0.263085 -0.280071   2.09379  -1.22478
0.0884383 -0.128166   2.07097  0.262436 -0.280142   2.09413  -1.22488
0.0887043 -0.128318   2.07096  0.261791 -0.280214   2.09447  -1.22497
0.0889688 -0.128468   2.07096   0.26115 -0.280285   2.09481  -1.22507
0.0892319 -0.128618   2.07095  0.260512 -0.280356   2.09515  -1.22516
0.0894937 -0.128767   2.07094  0.259877 -0.280427   2.09548  -1.22526
 0.089754 -0.128916   2.07093  0.259246 -0.280497   2.09581  -1.22535
0.0900129 -0.129063   2.07092  0.258618 -0.280567   2.09614  -1.22545
0.0902705  -0.12921   2.07092  0.257993 -0.280637   2.09647  -1.22554
0.0905267 -0.129356   2.07091  0.257372 -0.280706    2.0968  -1.22563
0.0907815 -0.129501    2.0709  0.256754 -0.280776   2.09712  -1.22572
 0.091035 -0.129645   2.07089  0.256139 -0.280845   2.09745  -1.22582
0.0912872 -0.129788   2.07088  0.255528 -0.280914   2.09777  -1.22591
 0.091538 -0.129931   2.07088   0.25492 -0.280982   2.09809    -1.226
0.0917874 -0.130073   2.07087  0.254315  -0.28105    2.0984  -1.22609
0.0920356 -0.130214   2.07086  0.253713 -0.281118   2.09872  -1.22618
0.0922824 -0.130354   2.07085  0.253115 -0.281186   2.09903  -1.22627
0.0925279 -0.130494   2.07085  0.252519 -0.281254   2.09935  -1.22636
0.0927721 -0.130633   2.07084  0.251927 -0.281321   2.09966  -1.22645
0.0930151 -0.130771   2.07083  0.251338 -0.281388   2.09997  -1.22654
0.0932567 -0.130908   2.07082  0.250753 -0.281455   2.10027  -1.22663
 0.093497 -0.131045   2.07082   0.25017 -0.281521   2.10058  -1.22671
0.0937361 -0.131181   2.07081   0.24959 -0.281587   2.10088   -1.2268
0.0939739 -0.131316    2.0708  0.249014 -0.281653   2.10119  -1.22689
0.0942105  -0.13145    2.0708   0.24844 -0.281719   2.10149  -1.22697
0.0944458 -0.131584   2.07079   0.24787 -0.281785   2.10179  -1.22706
0.0946799 -0.131717   2.07078  0.247302  -0.28185   2.10209  -1.22715
0.0949127 -0.131849   2.07077  0.246738 -0.281915   2.10238  -1.22723
0.0951443 -0.131981   2.07077  0.246177  -0.28198   2.10268  -1.22732
0.0953747 -0.132111   2.07076  0.245618 -0.282044   2.10297   -1.2274
0.0956039 -0.132242   2.07075  0.245063 -0.282108   2.10326  -1.22748
0.0958318 -0.132371   2.07075   0.24451 -0.282172   2.10355  -1.22757
0.0960586   -0.1325   2.07074  0.243961 -0.282236   2.10384  -1.22765
0.0962841 -0.132628   2.07073  0.243414   -0.2823   2.10413  -1.22773
0.0965085 -0.132755   2.07073   0.24287 -0.282363   2.10441  -1.22782
0.0967317 -0.132882   2.07072  0.242329 -0.282426    2.1047   -1.2279
0.0969537 -0.133008   2.07071  0.241791 -0.282489   2.10498  -1.22798
0.0971745 -0.133133   2.07071  0.241256 -0.282552   2.10526  -1.22806
0.0973942 -0.133258    2.0707  0.240724 -0.282614   2.10554  -1.22814
0.0976127 -0.133382    2.0707  0.240194 -0.282676   2.10582  -1.22822
0.0978301 -0.133505   2.07069  0.239667 -0.282738   2.10609   -1.2283
0.0980463 -0.133628   2.07068  0.239143   -0.2828   2.10637  -1.22838
0.0982614  -0.13375   2.07068  0.238622 -0.282861   2.10664  -1.22846
0.0984754 -0.133871   2.07067  0.238103 -0.282923   2.10691  -1.22854
0.0986882 -0.133992   2.07066  0.237588 -0.282984   2.10718  -1.22862
0.0988999 -0.134112   2.07066  0.237075 -0.283044   2.10745   -1.2287
0.0991106 -0.134231   2.07065  0.236564 -0.283105   2.10772  -1.22878
0.0993201  -0.13435   2.07065  0.236057 -0.283165   2.10798  -1.22885
0.0995285 -0.134468   2.07064  0.235552 -0.283225   2.10825  -1.22893
0.0997358 -0.134586   2.07064  0.235049 -0.283285   2.10851  -1.22901
 0.099942 -0.134703   2.07063   0.23455 -0.283345   2.10877  -1.22908
 0.100147 -0.134819   2.07062  0.234053 -0.283404   2.10903  -1.22916
 0.100351 -0.134935   2.07062  0.233558 -0.283464   2.10929  -1.22924
 0.100554  -0.13505   2.07061  0.233066 -0.283523   2.10955  -1.22931
 0.100756 -0.135164   2.07061  0.232577 -0.283581   2.10981  -1.22939
 0.100957 -0.135278    2.0706   0.23209  -0.28364   2.11006  -1.22946
 0.101157 -0.135391    2.0706  0.231606 -0.283698   2.11032  -1.22953
 0.101356 -0.135504   2.07059  0.231125 -0.283756   2.11057  -1.22961
 0.101553 -0.135616   2.07059  0.230645 -0.283814   2.11082  -1.22968
  0.10175 -0.135727   2.07058  0.230169 -0.283872   2.11107  -1.22975
 0.101946 -0.135838   2.07058  0.229695  -0.28393   2.11132  -1.22983
 0.102141 -0.135948   2.07057  0.229223 -0.283987   2.11156   -1.2299
 0.102334 -0.136058   2.07057  0.228754 -0.284044   2.11181  -1.22997
 0.102527 -0.136167   2.07056  0.228288 -0.284101   2.11205  -1.23004
 0.102718 -0.136275   2.07056  0.227823 -0.284158    2.1123  -1.23012
 0.102909 -0.136383   2.07055  0.227362 -0.284214   2.11254  -1.23019
 0.103099 -0.136491   2.07055  0.226902  -0.28427   2.11278  -1.23026
 0.103287 -0.136597   2.07054  0.226445 -0.284326   2.11302  -1.23033
 0.103475 -0.136704   2.07054  0.225991 -0.284382   2.11326   -1.2304
 0.103662 -0.136809   2.07053  0.225539 -0.284438   2.11349  -1.23047
 0.103847 -0.136914   2.07053  0.225089 -0.284493   2.11373  -1.23054
 0.104032 -0.137019   2.07052  0.224641 -0.284549   2.11396  -1.23061
 0.104216 -0.137123   2.07052  0.224196 -0.284604   2.11419  -1.23067
 0.104399 -0.137226   2.07052  0.223754 -0.284658   2.11443  -1.23074
 0.104581 -0.137329   2.07051  0.223313 -0.284713   2.11466  -1.23081
 0.104762 -0.137431   2.07051  0.222875 -0.284768   2.11489  -1.23088
 0.104942 -0.137533    2.0705  0.222439 -0.284822   2.11511  -1.23095
 0.105121 -0.137634    2.0705  0.222006 -0.284876   2.11534  -1.23101
 0.105299 -0.137735    2.0705  0.221574  -0.28493   2.11557  -1.23108
 0.105476 -0.137835   2.07049  0.221145 -0.284983   2.11579  -1.23115
 0.105652 -0.137935   2.07049  0.220718 -0.285037   2.11601  -1.23121
 0.105828 -0.138034   2.07048  0.220294  -0.28509   2.11624  -1.23128
 0.106002 -0.138132   2.07048  0.219871 -0.285143   2.11646  -1.23134
 0.106176  -0.13823   2.07048  0.219451 -0.285196   2.11668  -1.23141
 0.106348 -0.138328   2.07047  0.219033 -0.285249    2.1169  -1.23147
  0.10652 -0.138425   2.07047  0.218617 -0.285302   2.11711  -1.23154
 0.106691 -0.138521   2.07047  0.218204 -0.285354   2.11733   -1.2316
 0.106861 -0.138617   2.07046  0.217792 -0.285406   2.11754  -1.23167
  0.10703 -0.138713   2.07046  0.217383 -0.285458   2.11776  -1.23173
 0.107198 -0.138808   2.07046  0.216976  -0.28551   2.11797  -1.23179
 0.107365 -0.138902   2.07045  0.216571 -0.285561   2.11818  -1.23186
 0.107532 -0.138996   2.07045  0.216168 -0.285613   2.11839  -1.23192
 0.107697  -0.13909   2.07045  0.215767 -0.285664    2.1186  -1.23198
 0.107862 -0.139183   2.07044  0.215368 -0.285715   2.11881  -1.23204
 0.108026 -0.139275   2.07044  0.214971 -0.285766   2.11902  -1.23211
 0.108189 -0.139367   2.07044  0.214577 -0.285817   2.11922  -1.23217
 0.108351 -0.139459   2.07043  0.214184 -0.285867   2.11943  -1.23223
 0.108513  -0.13955   2.07043  0.213794 -0.285918   2.11963  -1.23229
 0.108673  -0.13964   2.07043  0.213405 -0.285968   2.11984  -1.23235
 0.108833  -0.13973   2.07042  0.213019 -0.286018   2.12004  -1.23241
 0.108992  -0.13982   2.07042  0.212634 -0.286068   2.12024  -1.23247
  0.10915 -0.139909   2.07042  0.212252 -0.286117   2.12044  -1.23253
 0.109307 -0.139997   2.07042  0.211871 -0.286167   2.12064  -1.23259
 0.109464 -0.140086   2.07041  0.211493 -0.286216   2.12084  -1.23265
 0.109619 -0.140173   2.07041  0.211116 -0.286265   2.12103  -1.23271
 0.109774  -0.14026   2.07041  0.210741 -0.286314   2.12123  -1.23277
 0.109928 -0.140347   2.07041  0.210369 -0.286363   2.12142  -1.23283
 0.110081 -0.140433    2.0704  0.209998 -0.286411   2.12162  -1.23288
 0.110234 -0.140519    2.0704  0.209629  -0.28646   2.12181  -1.23294
 0.110385 -0.140605    2.0704  0.209262 -0.286508     2.122    -1.233
 0.110536  -0.14069    2.0704  0.208898 -0.286556   2.12219  -1.23306
 0.110686 -0.140774    2.0704  0.208534 -0.286604   2.12238  -1.23311
 0.110835 -0.140858   2.07039  0.208173 -0.286652   2.12257  -1.23317
 0.110984 -0.140942   2.07039  0.207814   -0.2867   2.12276  -1.23323
 0.111132 -0.141025   2.07039  0.207457 -0.286747   2.12294  -1.23328
 0.111279 -0.141108   2.07039  0.207101 -0.286794   2.12313  -1.23334
 0.111425  -0.14119   2.07039  0.206747 -0.286841   2.12331  -1.23339
  0.11157 -0.141272   2.07038  0.206395 -0.286888    2.1235  -1.23345
 0.111715 -0.141353   2.07038  0.206045 -0.286935   2.12368   -1.2335
 0.111859 -0.141434   2.07038  0.205697 -0.286982   2.12386  -1.23356
 0.112002 -0.141515   2.07038   0.20535 -0.287028   2.12404  -1.23361
 0.112145 -0.141595   2.07038  0.205006 -0.287075   2.12422  -1.23367
 0.112287 -0.141674   2.07038  0.204663 -0.287121    2.1244  -1.23372
 0.112428 -0.141754   2.07038  0.204322 -0.287167   2.12458  -1.23378
 0.112568 -0.141833   2.07037  0.203983 -0.287213   2.12476  -1.23383
 0.112708 -0.141911   2.07037  0.203645 -0.287258   2.12493  -1.23388
 0.112846 -0.141989   2.07037  0.203309 -0.287304   2.12511  -1.23393
 0.112985 -0.142067   2.07037  0.202975 -0.287349   2.12528  -1.23399
 0.113122 -0.142144   2.07037  0.202643 -0.287394   2.12546  -1.23404
 0.113259 -0.142221   2.07037  0.202312 -0.287439   2.12563  -1.23409
 0.113395 -0.142297   2.07037  0.201983 -0.287484    2.1258  -1.23414
  0.11353 -0.142373   2.07037  0.201656 -0.287529   2.12597   -1.2342
 0.113665 -0.142449   2.07037   0.20133 -0.287574   2.12614  -1.23425
 0.113799 -0.142524   2.07036  0.201007 -0.287618   2.12631   -1.2343
 0.113932 -0.142598   2.07036  0.200684 -0.287662   2.12648  -1.23435
 0.114065 -0.142673   2.07036  0.200364 -0.287707   2.12664   -1.2344
 0.114196 -0.142747   2.07036  0.200045 -0.287751   2.12681  -1.23445
 0.114328  -0.14282   2.07036  0.199728 -0.287794   2.12698   -1.2345
 0.114458 -0.142894   2.07036  0.199412 -0.287838   2.12714  -1.23455
 0.114588 -0.142966   2.07036  0.199098 -0.287882    2.1273   -1.2346
 0.114717 -0.143039   2.07036  0.198786 -0.287925   2.12747  -1.23465
 0.114846 -0.143111   2.07036  0.198475 -0.287968   2.12763   -1.2347
 0.114974 -0.143183   2.07036  0.198166 -0.288012   2.12779  -1.23475
 0.115101 -0.143254   2.07036  0.197859 -0.288055   2.12795   -1.2348
 0.115227 -0.143325   2.07036  0.197553 -0.288097   2.12811  -1.23485
 0.115353 -0.143395   2.07036  0.197249  -0.28814   2.12827  -1.23489
 0.115479 -0.143465   2.07036  0.196946 -0.288183   2.12843  -1.23494
 0.115603 -0.143535   2.07036  0.196645 -0.288225   2.12858  -1.23499
 0.115727 -0.143605   2.07036  0.196345 -0.288267   2.12874  -1.23504
 0.115851 -0.143674   2.07036  0.196047  -0.28831    2.1289  -1.23508
 0.115973 -0.143742   2.07036  0.195751 -0.288352   2.12905  -1.23513
 0.116095 -0.143811   2.07036  0.195456 -0.288393    2.1292  -1.23518
 0.116217 -0.143879   2.07036  0.195162 -0.288435   2.12936  -1.23523
 0.116338 -0.143946   2.07036   0.19487 -0.288477   2.12951  -1.23527
 0.116458 -0.144014   2.07036   0.19458 -0.288518   2.12966  -1.23532
0.116578 -0.14408  2.07036 0.194291 -0.28856  2.12981 -1.23536
 0.116697 -0.144147   2.07036  0.194003 -0.288601   2.12996  -1.23541
 0.116815 -0.144213   2.07036  0.193717 -0.288642   2.13011  -1.23546
 0.116933 -0.144279   2.07036  0.193433 -0.288683   2.13026   -1.2355
  0.11705 -0.144344   2.07036   0.19315 -0.288724   2.13041  -1.23555
 0.117166  -0.14441   2.07036  0.192868 -0.288764   2.13055  -1.23559
 0.117282 -0.144474   2.07036  0.192588 -0.288805    2.1307  -1.23564
 0.117398 -0.144539   2.07036  0.192309 -0.288845   2.13084  -1.23568
 0.117513 -0.144603   2.07036  0.192032 -0.288885   2.13099  -1.23572
 0.117627 -0.144667   2.07037  0.191756 -0.288926   2.13113  -1.23577
  0.11774  -0.14473   2.07037  0.191482 -0.288966   2.13127  -1.23581
 0.117853 -0.144793   2.07037  0.191209 -0.289005   2.13142  -1.23586
 0.117966 -0.144856   2.07037  0.190938 -0.289045   2.13156   -1.2359
 0.118078 -0.144918   2.07037  0.190667 -0.289085    2.1317  -1.23594
 0.118189  -0.14498   2.07037  0.190399 -0.289124   2.13184  -1.23599
   0.1183 -0.145042   2.07037  0.190131 -0.289164   2.13198  -1.23603
  0.11841 -0.145104   2.07037  0.189865 -0.289203   2.13212  -1.23607
  0.11852 -0.145165   2.07037  0.189601 -0.289242   2.13225  -1.23611
 0.118629 -0.145226   2.07038  0.189337 -0.289281   2.13239  -1.23616
 0.118737 -0.145286   2.07038  0.189076  -0.28932   2.13253   -1.2362
 0.118845 -0.145346   2.07038  0.188815 -0.289359   2.13266  -1.23624
 0.118953 -0.145406   2.07038  0.188556 -0.289397    2.1328  -1.23628
 0.119059 -0.145466   2.07038  0.188298 -0.289436   2.13293  -1.23632
 0.119166 -0.145525   2.07038  0.188041 -0.289474   2.13307  -1.23636
 0.119271 -0.145584   2.07038  0.187786 -0.289512    2.1332   -1.2364
 0.119377 -0.145642   2.07039  0.187532 -0.289551   2.13333  -1.23644
 0.119481   -0.1457   2.07039   0.18728 -0.289589   2.13346  -1.23649
 0.119585 -0.145758   2.07039  0.187028 -0.289627   2.13359  -1.23653
 0.119689 -0.145816   2.07039  0.186778 -0.289664   2.13372  -1.23657
 0.119792 -0.145873   2.07039   0.18653 -0.289702   2.13385  -1.23661
0.119895 -0.14593  2.07039 0.186282 -0.28974  2.13398 -1.23665
 0.119997 -0.145987    2.0704  0.186036 -0.289777   2.13411  -1.23669
 0.120098 -0.146043    2.0704  0.185791 -0.289814   2.13424  -1.23672
 0.120199   -0.1461    2.0704  0.185548 -0.289851   2.13436  -1.23676
   0.1203 -0.146155    2.0704  0.185305 -0.289889   2.13449   -1.2368
   0.1204 -0.146211    2.0704  0.185064 -0.289926   2.13462  -1.23684
 0.120499 -0.146266   2.07041  0.184824 -0.289962   2.13474  -1.23688
 0.120598 -0.146321   2.07041  0.184586 -0.289999   2.13487  -1.23692
 0.120696 -0.146376   2.07041  0.184348 -0.290036   2.13499  -1.23696
 0.120794  -0.14643   2.07041  0.184112 -0.290072   2.13511    -1.237
 0.120892 -0.146484   2.07042  0.183877 -0.290109   2.13523  -1.23703
 0.120989 -0.146538   2.07042  0.183643 -0.290145   2.13536  -1.23707
 0.121085 -0.146591   2.07042  0.183411 -0.290181   2.13548  -1.23711
 0.121181 -0.146645   2.07042  0.183179 -0.290217    2.1356  -1.23715
 0.121277 -0.146698   2.07043  0.182949 -0.290253   2.13572  -1.23718
 0.121372  -0.14675   2.07043   0.18272 -0.290289   2.13584  -1.23722
 0.121466 -0.146803   2.07043  0.182492 -0.290325   2.13595  -1.23726
  0.12156 -0.146855   2.07043  0.182266  -0.29036   2.13607  -1.23729
 0.121654 -0.146907   2.07044   0.18204 -0.290396   2.13619  -1.23733
 0.121747 -0.146958   2.07044  0.181816 -0.290431   2.13631  -1.23737
 0.121839 -0.147009   2.07044  0.181593 -0.290467   2.13642   -1.2374
 0.121931  -0.14706   2.07044  0.181371 -0.290502   2.13654  -1.23744
 0.122023 -0.147111   2.07045   0.18115 -0.290537   2.13665  -1.23747
 0.122114 -0.147161   2.07045   0.18093 -0.290572   2.13677  -1.23751
 0.122205 -0.147212   2.07045  0.180711 -0.290607   2.13688  -1.23754
 0.122295 -0.147262   2.07046  0.180494 -0.290642   2.13699  -1.23758
 0.122385 -0.147311   2.07046  0.180277 -0.290676   2.13711  -1.23761
 0.122474 -0.147361   2.07046  0.180062 -0.290711   2.13722  -1.23765
 0.122563  -0.14741   2.07047  0.179848 -0.290745   2.13733  -1.23768
 0.122652 -0.147459   2.07047  0.179635  -0.29078   2.13744  -1.23772
 0.122739 -0.147507   2.07047  0.179423 -0.290814   2.13755  -1.23775
 0.122827 -0.147555   2.07048  0.179212 -0.290848   2.13766  -1.23779
 0.122914 -0.147604   2.07048  0.179002 -0.290882   2.13777  -1.23782
 0.123001 -0.147651   2.07048  0.178794 -0.290916   2.13788  -1.23785
 0.123087 -0.147699   2.07049  0.178586  -0.29095   2.13799  -1.23789
 0.123173 -0.147746   2.07049   0.17838 -0.290984   2.13809  -1.23792
 0.123258 -0.147793   2.07049  0.178174 -0.291018    2.1382  -1.23796
 0.123343  -0.14784    2.0705   0.17797 -0.291051   2.13831  -1.23799
 0.123427 -0.147887    2.0705  0.177766 -0.291085   2.13841  -1.23802
 0.123511 -0.147933    2.0705  0.177564 -0.291118   2.13852  -1.23805
 0.123595 -0.147979   2.07051  0.177363 -0.291151   2.13862  -1.23809
 0.123678 -0.148025   2.07051  0.177162 -0.291185   2.13873  -1.23812
 0.123761  -0.14807   2.07051  0.176963 -0.291218   2.13883  -1.23815
 0.123843 -0.148116   2.07052  0.176765 -0.291251   2.13893  -1.23818
 0.123925 -0.148161   2.07052  0.176568 -0.291284   2.13904  -1.23822
 0.124007 -0.148206   2.07053  0.176371 -0.291316   2.13914  -1.23825
 0.124088  -0.14825   2.07053  0.176176 -0.291349   2.13924  -1.23828
 0.124168 -0.148295   2.07053  0.175982 -0.291382   2.13934  -1.23831
 0.124249 -0.148339   2.07054  0.175789 -0.291414   2.13944  -1.23834
 0.124328 -0.148383   2.07054  0.175597 -0.291447   2.13954  -1.23837
 0.124408 -0.148426   2.07055  0.175406 -0.291479   2.13964  -1.23841
 0.124487  -0.14847   2.07055  0.175215 -0.291511   2.13974  -1.23844
 0.124566 -0.148513   2.07055  0.175026 -0.291543   2.13984  -1.23847
 0.124644 -0.148556   2.07056  0.174838 -0.291575   2.13993   -1.2385
 0.124722 -0.148599   2.07056   0.17465 -0.291607   2.14003  -1.23853
 0.124799 -0.148641   2.07057  0.174464 -0.291639   2.14013  -1.23856
 0.124876 -0.148684   2.07057  0.174279 -0.291671   2.14023  -1.23859
 0.124953 -0.148726   2.07058  0.174094 -0.291703   2.14032  -1.23862
 0.125029 -0.148767   2.07058  0.173911 -0.291734   2.14042  -1.23865
 0.125105 -0.148809   2.07058  0.173728 -0.291766   2.14051  -1.23868
 0.125181  -0.14885   2.07059  0.173547 -0.291797   2.14061  -1.23871
 0.125256 -0.148892   2.07059  0.173366 -0.291829    2.1407  -1.23874
  0.12533 -0.148933    2.0706  0.173186  -0.29186   2.14079  -1.23877
 0.125405 -0.148973    2.0706  0.173007 -0.291891   2.14089   -1.2388
 0.125479 -0.149014   2.07061   0.17283 -0.291922   2.14098  -1.23883
 0.125552 -0.149054   2.07061  0.172653 -0.291953   2.14107  -1.23886
 0.125626 -0.149094   2.07062  0.172477 -0.291984   2.14116  -1.23888
 0.125698 -0.149134   2.07062  0.172301 -0.292015   2.14125  -1.23891
 0.125771 -0.149174   2.07063  0.172127 -0.292046   2.14134  -1.23894
 0.125843 -0.149213   2.07063  0.171954 -0.292077   2.14143  -1.23897
 0.125915 -0.149252   2.07064  0.171781 -0.292107   2.14152    -1.239
 0.125986 -0.149291   2.07064   0.17161 -0.292138   2.14161  -1.23903
 0.126057  -0.14933   2.07065  0.171439 -0.292168    2.1417  -1.23905
 0.126128 -0.149369   2.07065  0.171269 -0.292198   2.14179  -1.23908
 0.126198 -0.149407   2.07066    0.1711 -0.292229   2.14188  -1.23911
 0.126268 -0.149445   2.07066  0.170932 -0.292259   2.14196  -1.23914
 0.126338 -0.149483   2.07067  0.170765 -0.292289   2.14205  -1.23916
 0.126407 -0.149521   2.07067  0.170598 -0.292319   2.14214  -1.23919
 0.126476 -0.149558   2.07068  0.170433 -0.292349   2.14222  -1.23922
 0.126544 -0.149596   2.07068  0.170268 -0.292379   2.14231  -1.23925
 0.126613 -0.149633   2.07069  0.170104 -0.292409   2.14239  -1.23927
 0.126681  -0.14967   2.07069  0.169941 -0.292438   2.14248   -1.2393
 0.126748 -0.149707    2.0707  0.169779 -0.292468   2.14256  -1.23933
 0.126815 -0.149743    2.0707  0.169618 -0.292497   2.14265  -1.23935
 0.126882  -0.14978   2.07071  0.169457 -0.292527   2.14273  -1.23938
 0.126949 -0.149816   2.07071  0.169298 -0.292556   2.14281  -1.23941
 0.127015 -0.149852   2.07072  0.169139 -0.292586    2.1429  -1.23943
 0.127081 -0.149888   2.07073  0.168981 -0.292615   2.14298  -1.23946
 0.127146 -0.149923   2.07073  0.168824 -0.292644   2.14306  -1.23948
 0.127211 -0.149959   2.07074  0.168667 -0.292673   2.14314  -1.23951
 0.127276 -0.149994   2.07074  0.168511 -0.292702   2.14322  -1.23953
 0.127341 -0.150029   2.07075  0.168357 -0.292731    2.1433  -1.23956
 0.127405 -0.150064   2.07075  0.168203  -0.29276   2.14338  -1.23959
 0.127469 -0.150098   2.07076  0.168049 -0.292789   2.14346  -1.23961
 0.127532 -0.150133   2.07076  0.167897 -0.292817   2.14354  -1.23964
 0.127595 -0.150167   2.07077  0.167745 -0.292846   2.14362  -1.23966
 0.127658 -0.150201   2.07078  0.167594 -0.292874    2.1437  -1.23969
 0.127721 -0.150235   2.07078  0.167444 -0.292903   2.14378  -1.23971
 0.127783 -0.150269   2.07079  0.167295 -0.292931   2.14385  -1.23974
 0.127845 -0.150302   2.07079  0.167146  -0.29296   2.14393  -1.23976
 0.127907 -0.150335    2.0708  0.166999 -0.292988   2.14401  -1.23978
 0.127968 -0.150369   2.07081  0.166851 -0.293016   2.14408  -1.23981
 0.128029 -0.150402   2.07081  0.166705 -0.293044   2.14416  -1.23983
  0.12809 -0.150434   2.07082   0.16656 -0.293072   2.14423  -1.23986
  0.12815 -0.150467   2.07082  0.166415   -0.2931   2.14431  -1.23988
  0.12821   -0.1505   2.07083  0.166271 -0.293128   2.14438   -1.2399
  0.12827 -0.150532   2.07084  0.166127 -0.293156   2.14446  -1.23993
 0.128329 -0.150564   2.07084  0.165985 -0.293184   2.14453  -1.23995
 0.128389 -0.150596   2.07085  0.165843 -0.293211   2.14461  -1.23998
 0.128447 -0.150628   2.07086  0.165702 -0.293239   2.14468     -1.24
 0.128506 -0.150659   2.07086  0.165561 -0.293267   2.14475  -1.24002
 0.128564 -0.150691   2.07087  0.165422 -0.293294   2.14482  -1.24004
 0.128622 -0.150722   2.07087  0.165283 -0.293322    2.1449  -1.24007
  0.12868 -0.150753   2.07088  0.165145 -0.293349   2.14497  -1.24009
 0.128737 -0.150784   2.07089  0.165007 -0.293376   2.14504  -1.24011
 0.128795 -0.150815   2.07089   0.16487 -0.293403   2.14511  -1.24014
 0.128851 -0.150845    2.0709  0.164734 -0.293431   2.14518  -1.24016
 0.128908 -0.150876   2.07091  0.164599 -0.293458   2.14525  -1.24018
 0.128964 -0.150906   2.07091  0.164464 -0.293485   2.14532   -1.2402
  0.12902 -0.150936   2.07092   0.16433 -0.293512   2.14539  -1.24023
 0.129076 -0.150966   2.07093  0.164196 -0.293538   2.14546  -1.24025
 0.129131 -0.150996   2.07093  0.164064 -0.293565   2.14553  -1.24027
 0.129186 -0.151025   2.07094  0.163932 -0.293592    2.1456  -1.24029
 0.129241 -0.151055   2.07095    0.1638 -0.293619   2.14567  -1.24031
 0.129296 -0.151084   2.07095   0.16367 -0.293645   2.14573  -1.24034
  0.12935 -0.151113   2.07096   0.16354 -0.293672    2.1458  -1.24036
 0.129404 -0.151142   2.07097   0.16341 -0.293698   2.14587  -1.24038
 0.129458 -0.151171   2.07097  0.163282 -0.293725   2.14594   -1.2404
 0.129511 -0.151199   2.07098  0.163154 -0.293751     2.146  -1.24042
 0.129565 -0.151228   2.07099  0.163026 -0.293778   2.14607  -1.24044
 0.129618 -0.151256   2.07099    0.1629 -0.293804   2.14613  -1.24046
  0.12967 -0.151284     2.071  0.162774  -0.29383    2.1462  -1.24048
 0.129723 -0.151312   2.07101  0.162648 -0.293856   2.14626   -1.2405
 0.129775  -0.15134   2.07102  0.162524 -0.293882   2.14633  -1.24053
 0.129827 -0.151368   2.07102    0.1624 -0.293908   2.14639  -1.24055
 0.129878 -0.151395   2.07103  0.162276 -0.293934   2.14646  -1.24057
  0.12993 -0.151423   2.07104  0.162153  -0.29396   2.14652  -1.24059
 0.129981  -0.15145   2.07104  0.162031 -0.293986   2.14658  -1.24061
 0.130032 -0.151477   2.07105  0.161909 -0.294012   2.14665  -1.24063
 0.130082 -0.151504   2.07106  0.161789 -0.294037   2.14671  -1.24065
 0.130133 -0.151531   2.07106  0.161668 -0.294063   2.14677  -1.24067
 0.130183 -0.151558   2.07107  0.161548 -0.294089   2.14683  -1.24069
 0.130232 -0.151584   2.07108  0.161429 -0.294114    2.1469  -1.24071
0.130282 -0.15161  2.07109 0.161311 -0.29414  2.14696 -1.24073
 0.130331 -0.151637   2.07109  0.161193 -0.294165   2.14702  -1.24075
  0.13038 -0.151663    2.0711  0.161076  -0.29419   2.14708  -1.24077
 0.130429 -0.151689   2.07111  0.160959 -0.294216   2.14714  -1.24079
 0.130478 -0.151714   2.07112  0.160843 -0.294241    2.1472  -1.24081
 0.130526  -0.15174   2.07112  0.160728 -0.294266   2.14726  -1.24082
 0.130574 -0.151766   2.07113  0.160613 -0.294291   2.14732  -1.24084
 0.130622 -0.151791   2.07114  0.160498 -0.294316   2.14738  -1.24086
  0.13067 -0.151816   2.07115  0.160385 -0.294341   2.14744  -1.24088
 0.130717 -0.151841   2.07115  0.160271 -0.294366    2.1475   -1.2409
 0.130764 -0.151866   2.07116  0.160159 -0.294391   2.14755  -1.24092
 0.130811 -0.151891   2.07117  0.160047 -0.294416   2.14761  -1.24094
 0.130858 -0.151916   2.07118  0.159936 -0.294441   2.14767  -1.24096
 0.130904  -0.15194   2.07118  0.159825 -0.294465   2.14773  -1.24098
 0.130951 -0.151965   2.07119  0.159714  -0.29449   2.14779  -1.24099
 0.130997 -0.151989    2.0712  0.159605 -0.294515   2.14784  -1.24101
 0.131042 -0.152013   2.07121  0.159496 -0.294539    2.1479  -1.24103
 0.131088 -0.152037   2.07122  0.159387 -0.294564   2.14796  -1.24105
 0.131133 -0.152061   2.07122  0.159279 -0.294588   2.14801  -1.24107
 0.131178 -0.152085   2.07123  0.159172 -0.294613   2.14807  -1.24108
 0.131223 -0.152108   2.07124  0.159065 -0.294637   2.14812   -1.2411
 0.131268 -0.152132   2.07125  0.158958 -0.294661   2.14818  -1.24112
 0.131312 -0.152155   2.07125  0.158853 -0.294686   2.14823  -1.24114
 0.131356 -0.152178   2.07126  0.158747  -0.29471   2.14829  -1.24116
   0.1314 -0.152202   2.07127  0.158643 -0.294734   2.14834  -1.24117
 0.131444 -0.152225   2.07128  0.158538 -0.294758    2.1484  -1.24119
 0.131487 -0.152247   2.07129  0.158435 -0.294782   2.14845  -1.24121
  0.13153  -0.15227   2.07129  0.158332 -0.294806    2.1485  -1.24123
 0.131574 -0.152293    2.0713  0.158229  -0.29483   2.14856  -1.24124
 0.131616 -0.152315   2.07131  0.158127 -0.294854   2.14861  -1.24126
 0.131659 -0.152337   2.07132  0.158025 -0.294878   2.14866  -1.24128
 0.131701  -0.15236   2.07133  0.157924 -0.294902   2.14871  -1.24129
 0.131744 -0.152382   2.07133  0.157824 -0.294925   2.14877  -1.24131
 0.131786 -0.152404   2.07134  0.157724 -0.294949   2.14882  -1.24133
 0.131827 -0.152426   2.07135  0.157624 -0.294973   2.14887  -1.24134
 0.131869 -0.152447   2.07136  0.157525 -0.294996   2.14892  -1.24136
  0.13191 -0.152469   2.07137  0.157427  -0.29502   2.14897  -1.24138
 0.131951  -0.15249   2.07138  0.157329 -0.295043   2.14902  -1.24139
 0.131992 -0.152512   2.07138  0.157231 -0.295067   2.14907  -1.24141
 0.132033 -0.152533   2.07139  0.157134  -0.29509   2.14912  -1.24143
 0.132074 -0.152554    2.0714  0.157038 -0.295113   2.14917  -1.24144
 0.132114 -0.152575   2.07141  0.156942 -0.295137   2.14922  -1.24146
 0.132154 -0.152596   2.07142  0.156847  -0.29516   2.14927  -1.24148
 0.132194 -0.152617   2.07143  0.156752 -0.295183   2.14932  -1.24149
 0.132234 -0.152637   2.07143  0.156657 -0.295206   2.14937  -1.24151
 0.132273 -0.152658   2.07144  0.156563  -0.29523   2.14942  -1.24152
 0.132313 -0.152678   2.07145   0.15647 -0.295253   2.14947  -1.24154
 0.132352 -0.152699   2.07146  0.156377 -0.295276   2.14952  -1.24155
 0.132391 -0.152719   2.07147  0.156284 -0.295299   2.14956  -1.24157
  0.13243 -0.152739   2.07148  0.156192 -0.295322   2.14961  -1.24159
 0.132468 -0.152759   2.07149    0.1561 -0.295344   2.14966   -1.2416
 0.132506 -0.152779   2.07149  0.156009 -0.295367   2.14971  -1.24162
 0.132545 -0.152799    2.0715  0.155918  -0.29539   2.14975  -1.24163
 0.132583 -0.152818   2.07151  0.155828 -0.295413    2.1498  -1.24165
  0.13262 -0.152838   2.07152  0.155738 -0.295435   2.14985  -1.24166
 0.132658 -0.152857   2.07153  0.155649 -0.295458   2.14989  -1.24168
 0.132695 -0.152877   2.07154   0.15556 -0.295481   2.14994  -1.24169
 0.132733 -0.152896   2.07155  0.155472 -0.295503   2.14998  -1.24171
  0.13277 -0.152915   2.07156  0.155384 -0.295526   2.15003  -1.24172
 0.132807 -0.152934   2.07156  0.155297 -0.295548   2.15008  -1.24174
 0.132843 -0.152953   2.07157  0.155209 -0.295571   2.15012  -1.24175
  0.13288 -0.152971   2.07158  0.155123 -0.295593   2.15017  -1.24177
 0.132916  -0.15299   2.07159  0.155037 -0.295616   2.15021  -1.24178
 0.132952 -0.153009    2.0716  0.154951 -0.295638   2.15025   -1.2418
 0.132988 -0.153027   2.07161  0.154866  -0.29566    2.1503  -1.24181
 0.133024 -0.153045   2.07162  0.154781 -0.295682   2.15034  -1.24182
 0.133059 -0.153064   2.07163  0.154697 -0.295705   2.15039  -1.24184
 0.133095 -0.153082   2.07163  0.154613 -0.295727   2.15043  -1.24185
  0.13313   -0.1531   2.07164  0.154529 -0.295749   2.15047  -1.24187
 0.133165 -0.153118   2.07165  0.154446 -0.295771   2.15052  -1.24188
   0.1332 -0.153136   2.07166  0.154363 -0.295793   2.15056  -1.24189
 0.133235 -0.153153   2.07167  0.154281 -0.295815    2.1506  -1.24191
 0.133269 -0.153171   2.07168  0.154199 -0.295837   2.15064  -1.24192
 0.133304 -0.153189   2.07169  0.154118 -0.295859   2.15069  -1.24194
 0.133338 -0.153206    2.0717  0.154037 -0.295881   2.15073  -1.24195
 0.133372 -0.153223   2.07171  0.153956 -0.295902   2.15077  -1.24196
 0.133406 -0.153241   2.07172  0.153876 -0.295924   2.15081  -1.24198
 0.133439 -0.153258   2.07173  0.153796 -0.295946   2.15085  -1.24199
 0.133473 -0.153275   2.07173  0.153717 -0.295968   2.15089    -1.242
 0.133506 -0.153292   2.07174  0.153638 -0.295989   2.15093  -1.24202
 0.133539 -0.153309   2.07175   0.15356 -0.296011   2.15098  -1.24203
 0.133572 -0.153325   2.07176  0.153482 -0.296032   2.15102  -1.24204
 0.133605 -0.153342   2.07177  0.153404 -0.296054   2.15106  -1.24206
 0.133638 -0.153359   2.07178  0.153327 -0.296075    2.1511  -1.24207
  0.13367 -0.153375   2.07179   0.15325 -0.296097   2.15114  -1.24208
 0.133703 -0.153391    2.0718  0.153173 -0.296118   2.15118   -1.2421
 0.133735 -0.153408   2.07181  0.153097  -0.29614   2.15121  -1.24211
 0.133767 -0.153424   2.07182  0.153021 -0.296161   2.15125  -1.24212
 0.133799  -0.15344   2.07183  0.152946 -0.296182   2.15129  -1.24214
  0.13383 -0.153456   2.07184  0.152871 -0.296204   2.15133  -1.24215
 0.133862 -0.153472   2.07185  0.152796 -0.296225   2.15137  -1.24216
 0.133893 -0.153488   2.07186  0.152722 -0.296246   2.15141  -1.24217
 0.133925 -0.153503   2.07187  0.152648 -0.296267   2.15145  -1.24219
 0.133956 -0.153519   2.07188  0.152575 -0.296288   2.15149   -1.2422
 0.133987 -0.153535   2.07188  0.152502 -0.296309   2.15152  -1.24221
 0.134017  -0.15355   2.07189  0.152429 -0.296331   2.15156  -1.24222
 0.134048 -0.153566    2.0719  0.152357 -0.296352    2.1516  -1.24224
 0.134079 -0.153581   2.07191  0.152285 -0.296373   2.15164  -1.24225
 0.134109 -0.153596   2.07192  0.152213 -0.296393   2.15167  -1.24226
 0.134139 -0.153611   2.07193  0.152142 -0.296414   2.15171  -1.24227
 0.134169 -0.153626   2.07194  0.152071 -0.296435   2.15175  -1.24228
 0.134199 -0.153641   2.07195  0.152001 -0.296456   2.15178   -1.2423
 0.134229 -0.153656   2.07196  0.151931 -0.296477   2.15182  -1.24231
 0.134258 -0.153671   2.07197  0.151861 -0.296498   2.15185  -1.24232
 0.134288 -0.153685   2.07198  0.151792 -0.296518   2.15189  -1.24233
 0.134317   -0.1537   2.07199  0.151722 -0.296539   2.15193  -1.24234
 0.134346 -0.153714     2.072  0.151654  -0.29656   2.15196  -1.24236
 0.134375 -0.153729   2.07201  0.151585  -0.29658     2.152  -1.24237
 0.134404 -0.153743   2.07202  0.151517 -0.296601   2.15203  -1.24238
 0.134433 -0.153757   2.07203   0.15145 -0.296622   2.15207  -1.24239
 0.134461 -0.153772   2.07204  0.151383 -0.296642    2.1521   -1.2424
  0.13449 -0.153786   2.07205  0.151316 -0.296663   2.15214  -1.24241
 0.134518   -0.1538   2.07206  0.151249 -0.296683   2.15217  -1.24243
 0.134546 -0.153814   2.07207  0.151183 -0.296703   2.15221  -1.24244
 0.134574 -0.153827   2.07208  0.151117 -0.296724   2.15224  -1.24245
 0.134602 -0.153841   2.07209  0.151051 -0.296744   2.15227  -1.24246
  0.13463 -0.153855    2.0721  0.150986 -0.296765   2.15231  -1.24247
 0.134657 -0.153869   2.07211  0.150921 -0.296785   2.15234  -1.24248
 0.134685 -0.153882   2.07212  0.150857 -0.296805   2.15237  -1.24249
 0.134712 -0.153896   2.07213  0.150792 -0.296825   2.15241   -1.2425
 0.134739 -0.153909   2.07214  0.150728 -0.296846   2.15244  -1.24251
 0.134766 -0.153922   2.07215  0.150665 -0.296866   2.15247  -1.24253
 0.134793 -0.153935   2.07216  0.150602 -0.296886   2.15251  -1.24254
  0.13482 -0.153949   2.07217  0.150539 -0.296906   2.15254  -1.24255
 0.134847 -0.153962   2.07218  0.150476 -0.296926   2.15257  -1.24256
 0.134873 -0.153975   2.07219  0.150414 -0.296946    2.1526  -1.24257
 0.134899 -0.153987    2.0722  0.150352 -0.296966   2.15264  -1.24258
 0.134926    -0.154   2.07221   0.15029 -0.296986   2.15267  -1.24259
 0.134952 -0.154013   2.07222  0.150229 -0.297006    2.1527   -1.2426
 0.134978 -0.154026   2.07223  0.150168 -0.297026   2.15273  -1.24261
 0.135004 -0.154038   2.07224  0.150107 -0.297046   2.15276  -1.24262
 0.135029 -0.154051   2.07225  0.150047 -0.297066   2.15279  -1.24263
 0.135055 -0.154063   2.07226  0.149987 -0.297086   2.15283  -1.24264
 0.135081 -0.154076   2.07227  0.149927 -0.297105   2.15286  -1.24265
 0.135106 -0.154088   2.07228  0.149867 -0.297125   2.15289  -1.24266
 0.135131   -0.1541   2.07229  0.149808 -0.297145   2.15292  -1.24267
 0.135156 -0.154112    2.0723  0.149749 -0.297165   2.15295  -1.24268
 0.135181 -0.154124   2.07231  0.149691 -0.297184   2.15298  -1.24269
 0.135206 -0.154136   2.07232  0.149633 -0.297204   2.15301   -1.2427
 0.135231 -0.154148   2.07233  0.149575 -0.297223   2.15304  -1.24271
 0.135255  -0.15416   2.07234  0.149517 -0.297243   2.15307  -1.24272
  0.13528 -0.154172   2.07235   0.14946 -0.297263    2.1531  -1.24273
 0.135304 -0.154184   2.07236  0.149403 -0.297282   2.15313  -1.24274
 0.135328 -0.154196   2.07237  0.149346 -0.297302   2.15316  -1.24275
 0.135353 -0.154207   2.07238  0.149289 -0.297321   2.15319  -1.24276
 0.135377 -0.154219   2.07239  0.149233 -0.297341   2.15322  -1.24277
0.135401 -0.15423   2.0724 0.149177 -0.29736  2.15324 -1.24278
 0.135424 -0.154241   2.07241  0.149122 -0.297379   2.15327  -1.24279
 0.135448 -0.154253   2.07242  0.149066 -0.297399    2.1533   -1.2428
 0.135471 -0.154264   2.07243  0.149011 -0.297418   2.15333  -1.24281
 0.135495 -0.154275   2.07244  0.148957 -0.297437   2.15336  -1.24282
 0.135518 -0.154286   2.07245  0.148902 -0.297457   2.15339  -1.24283
 0.135541 -0.154297   2.07247  0.148848 -0.297476   2.15341  -1.24284
 0.135564 -0.154308   2.07248  0.148794 -0.297495   2.15344  -1.24285
 0.135587 -0.154319   2.07249   0.14874 -0.297514   2.15347  -1.24286
  0.13561  -0.15433    2.0725  0.148687 -0.297534    2.1535  -1.24287
 0.135633 -0.154341   2.07251  0.148634 -0.297553   2.15353  -1.24288
 0.135656 -0.154352   2.07252  0.148581 -0.297572   2.15355  -1.24288
 0.135678 -0.154362   2.07253  0.148529 -0.297591   2.15358  -1.24289
 0.135701 -0.154373   2.07254  0.148476  -0.29761   2.15361   -1.2429
 0.135723 -0.154383   2.07255  0.148424 -0.297629   2.15363  -1.24291
 0.135745 -0.154394   2.07256  0.148373 -0.297648   2.15366  -1.24292
 0.135767 -0.154404   2.07257  0.148321 -0.297667   2.15369  -1.24293
 0.135789 -0.154415   2.07258   0.14827 -0.297686   2.15371  -1.24294
 0.135811 -0.154425   2.07259  0.148219 -0.297705   2.15374  -1.24295
 0.135833 -0.154435    2.0726  0.148168 -0.297724   2.15377  -1.24296
 0.135854 -0.154445   2.07261  0.148118 -0.297743   2.15379  -1.24297
 0.135876 -0.154455   2.07262  0.148068 -0.297762   2.15382  -1.24297
 0.135897 -0.154465   2.07263  0.148018  -0.29778   2.15384  -1.24298
 0.135919 -0.154475   2.07265  0.147968 -0.297799   2.15387  -1.24299
  0.13594 -0.154485   2.07266  0.147919 -0.297818    2.1539    -1.243
 0.135961 -0.154495   2.07267   0.14787 -0.297837   2.15392  -1.24301
 0.135982 -0.154505   2.07268  0.147821 -0.297856   2.15395  -1.24302
 0.136003 -0.154515   2.07269  0.147772 -0.297874   2.15397  -1.24303
 0.136024 -0.154524    2.0727  0.147724 -0.297893     2.154  -1.24303
 0.136044 -0.154534   2.07271  0.147676 -0.297912   2.15402  -1.24304
 0.136065 -0.154543   2.07272  0.147628  -0.29793   2.15405  -1.24305
 0.136086 -0.154553   2.07273   0.14758 -0.297949   2.15407  -1.24306
 0.136106 -0.154562   2.07274  0.147533 -0.297967   2.15409  -1.24307
 0.136126 -0.154572   2.07275  0.147486 -0.297986   2.15412  -1.24308
 0.136146 -0.154581   2.07276  0.147439 -0.298005   2.15414  -1.24308
 0.136167  -0.15459   2.07277  0.147392 -0.298023   2.15417  -1.24309
 0.136187 -0.154599   2.07279  0.147346 -0.298042   2.15419   -1.2431
 0.136206 -0.154609    2.0728  0.147299  -0.29806   2.15422  -1.24311
 0.136226 -0.154618   2.07281  0.147253 -0.298078   2.15424  -1.24312
 0.136246 -0.154627   2.07282  0.147208 -0.298097   2.15426  -1.24312
 0.136266 -0.154636   2.07283  0.147162 -0.298115   2.15429  -1.24313
 0.136285 -0.154645   2.07284  0.147117 -0.298134   2.15431  -1.24314
 0.136305 -0.154653   2.07285  0.147072 -0.298152   2.15433  -1.24315
 0.136324 -0.154662   2.07286  0.147027  -0.29817   2.15436  -1.24316
 0.136343 -0.154671   2.07287  0.146983 -0.298189   2.15438  -1.24316
 0.136362  -0.15468   2.07288  0.146938 -0.298207    2.1544  -1.24317
 0.136381 -0.154688   2.07289  0.146894 -0.298225   2.15443  -1.24318
   0.1364 -0.154697   2.07291   0.14685 -0.298244   2.15445  -1.24319
 0.136419 -0.154705   2.07292  0.146807 -0.298262   2.15447  -1.24319
 0.136438 -0.154714   2.07293  0.146763  -0.29828   2.15449   -1.2432
 0.136457 -0.154722   2.07294   0.14672 -0.298298   2.15452  -1.24321
 0.136475 -0.154731   2.07295  0.146677 -0.298316   2.15454  -1.24322
 0.136494 -0.154739   2.07296  0.146635 -0.298334   2.15456  -1.24322
 0.136512 -0.154747   2.07297  0.146592 -0.298353   2.15458  -1.24323
  0.13653 -0.154755   2.07298   0.14655 -0.298371    2.1546  -1.24324
 0.136549 -0.154764   2.07299  0.146508 -0.298389   2.15463  -1.24325
 0.136567 -0.154772   2.07301  0.146466 -0.298407   2.15465  -1.24325
 0.136585  -0.15478   2.07302  0.146424 -0.298425   2.15467  -1.24326
 0.136603 -0.154788   2.07303  0.146383 -0.298443   2.15469  -1.24327
 0.136621 -0.154796   2.07304  0.146341 -0.298461   2.15471  -1.24328
 0.136638 -0.154804   2.07305    0.1463 -0.298479   2.15473  -1.24328
 0.136656 -0.154811   2.07306   0.14626 -0.298497   2.15475  -1.24329
 0.136674 -0.154819   2.07307  0.146219 -0.298515   2.15477   -1.2433
 0.136691 -0.154827   2.07308  0.146179 -0.298533    2.1548   -1.2433
 0.136709 -0.154835   2.07309  0.146138  -0.29855   2.15482  -1.24331
 0.136726 -0.154842   2.07311  0.146099 -0.298568   2.15484  -1.24332
 0.136743  -0.15485   2.07312  0.146059 -0.298586   2.15486  -1.24333
 0.136761 -0.154858   2.07313  0.146019 -0.298604   2.15488  -1.24333
 0.136778 -0.154865   2.07314   0.14598 -0.298622    2.1549  -1.24334
 0.136795 -0.154873   2.07315  0.145941  -0.29864   2.15492  -1.24335
 0.136812  -0.15488   2.07316  0.145902 -0.298657   2.15494  -1.24335
 0.136828 -0.154887   2.07317  0.145863 -0.298675   2.15496  -1.24336
 0.136845 -0.154895   2.07318  0.145824 -0.298693   2.15498  -1.24337
 0.136862 -0.154902    2.0732  0.145786  -0.29871     2.155  -1.24337
 0.136879 -0.154909   2.07321  0.145748 -0.298728   2.15502  -1.24338
 0.136895 -0.154916   2.07322   0.14571 -0.298746   2.15504  -1.24339
 0.136912 -0.154923   2.07323  0.145672 -0.298763   2.15506  -1.24339
 0.136928  -0.15493   2.07324  0.145635 -0.298781   2.15508   -1.2434
 0.136944 -0.154937   2.07325  0.145597 -0.298799    2.1551  -1.24341
  0.13696 -0.154944   2.07326   0.14556 -0.298816   2.15512  -1.24341
 0.136977 -0.154951   2.07328  0.145523 -0.298834   2.15513  -1.24342
 0.136993 -0.154958   2.07329  0.145486 -0.298851   2.15515  -1.24343
 0.137009 -0.154965    2.0733   0.14545 -0.298869   2.15517  -1.24343
 0.137024 -0.154972   2.07331  0.145413 -0.298887   2.15519  -1.24344
  0.13704 -0.154979   2.07332  0.145377 -0.298904   2.15521  -1.24345
 0.137056 -0.154985   2.07333  0.145341 -0.298922   2.15523  -1.24345
 0.137072 -0.154992   2.07334  0.145305 -0.298939   2.15525  -1.24346
 0.137087 -0.154999   2.07336   0.14527 -0.298956   2.15527  -1.24347
 0.137103 -0.155005   2.07337  0.145234 -0.298974   2.15528  -1.24347
 0.137118 -0.155012   2.07338  0.145199 -0.298991    2.1553  -1.24348
 0.137134 -0.155018   2.07339  0.145164 -0.299009   2.15532  -1.24348
 0.137149 -0.155025    2.0734  0.145129 -0.299026   2.15534  -1.24349
 0.137164 -0.155031   2.07341  0.145094 -0.299043   2.15536   -1.2435
 0.137179 -0.155038   2.07342  0.145059 -0.299061   2.15537   -1.2435
 0.137194 -0.155044   2.07344  0.145025 -0.299078   2.15539  -1.24351
 0.137209  -0.15505   2.07345  0.144991 -0.299095   2.15541  -1.24351
 0.137224 -0.155056   2.07346  0.144957 -0.299113   2.15543  -1.24352
 0.137239 -0.155063   2.07347  0.144923  -0.29913   2.15544  -1.24353
 0.137254 -0.155069   2.07348  0.144889 -0.299147   2.15546  -1.24353
 0.137269 -0.155075   2.07349  0.144856 -0.299164   2.15548  -1.24354
 0.137283 -0.155081    2.0735  0.144822 -0.299182    2.1555  -1.24354
 0.137298 -0.155087   2.07352  0.144789 -0.299199   2.15551  -1.24355
 0.137312 -0.155093   2.07353  0.144756 -0.299216   2.15553  -1.24356
 0.137327 -0.155099   2.07354  0.144723 -0.299233   2.15555  -1.24356
 0.137341 -0.155105   2.07355  0.144691  -0.29925   2.15556  -1.24357
 0.137355 -0.155111   2.07356  0.144658 -0.299267   2.15558  -1.24357
  0.13737 -0.155116   2.07357  0.144626 -0.299285    2.1556  -1.24358
 0.137384 -0.155122   2.07359  0.144594 -0.299302   2.15561  -1.24359
 0.137398 -0.155128    2.0736  0.144562 -0.299319   2.15563  -1.24359
 0.137412 -0.155134   2.07361   0.14453 -0.299336   2.15565   -1.2436
 0.137426 -0.155139   2.07362  0.144498 -0.299353   2.15566   -1.2436
  0.13744 -0.155145   2.07363  0.144467  -0.29937   2.15568  -1.24361
 0.137454 -0.155151   2.07364  0.144435 -0.299387    2.1557  -1.24361
 0.137467 -0.155156   2.07366  0.144404 -0.299404   2.15571  -1.24362
 0.137481 -0.155162   2.07367  0.144373 -0.299421   2.15573  -1.24363
 0.137495 -0.155167   2.07368  0.144342 -0.299438   2.15574  -1.24363
 0.137508 -0.155173   2.07369  0.144312 -0.299455   2.15576  -1.24364
 0.137522 -0.155178    2.0737  0.144281 -0.299472   2.15578  -1.24364
 0.137535 -0.155183   2.07371  0.144251 -0.299489   2.15579  -1.24365
 0.137549 -0.155189   2.07373  0.144221 -0.299506   2.15581  -1.24365
 0.137562 -0.155194   2.07374   0.14419 -0.299523   2.15582  -1.24366
 0.137575 -0.155199   2.07375  0.144161 -0.299539   2.15584  -1.24366
 0.137588 -0.155204   2.07376  0.144131 -0.299556   2.15585  -1.24367
 0.137601  -0.15521   2.07377  0.144101 -0.299573   2.15587  -1.24367
 0.137614 -0.155215   2.07379  0.144072  -0.29959   2.15588  -1.24368
 0.137627  -0.15522    2.0738  0.144042 -0.299607    2.1559  -1.24368
  0.13764 -0.155225   2.07381  0.144013 -0.299624   2.15591  -1.24369
0.137653 -0.15523  2.07382 0.143984 -0.29964  2.15593  -1.2437
 0.137666 -0.155235   2.07383  0.143955 -0.299657   2.15594   -1.2437
 0.137679  -0.15524   2.07384  0.143927 -0.299674   2.15596  -1.24371
 0.137691 -0.155245   2.07386  0.143898 -0.299691   2.15597  -1.24371
 0.137704  -0.15525   2.07387   0.14387 -0.299707   2.15599  -1.24372
 0.137717 -0.155254   2.07388  0.143842 -0.299724     2.156  -1.24372
 0.137729 -0.155259   2.07389  0.143814 -0.299741   2.15602  -1.24373
 0.137742 -0.155264    2.0739  0.143786 -0.299758   2.15603  -1.24373
 0.137754 -0.155269   2.07392  0.143758 -0.299774   2.15605  -1.24374
 0.137766 -0.155274   2.07393   0.14373 -0.299791   2.15606  -1.24374
 0.137778 -0.155278   2.07394  0.143703 -0.299808   2.15608  -1.24375
 0.137791 -0.155283   2.07395  0.143675 -0.299824   2.15609  -1.24375
 0.137803 -0.155287   2.07396  0.143648 -0.299841    2.1561  -1.24376
 0.137815 -0.155292   2.07397  0.143621 -0.299857   2.15612  -1.24376
 0.137827 -0.155297   2.07399  0.143594 -0.299874   2.15613  -1.24377
 0.137839 -0.155301     2.074  0.143567 -0.299891   2.15615  -1.24377
 0.137851 -0.155306   2.07401   0.14354 -0.299907   2.15616  -1.24378
 0.137863  -0.15531   2.07402  0.143514 -0.299924   2.15617  -1.24378
 0.137874 -0.155314   2.07403  0.143487  -0.29994   2.15619  -1.24379
 0.137886 -0.155319   2.07405  0.143461 -0.299957    2.1562  -1.24379
 0.137898 -0.155323   2.07406  0.143435 -0.299973   2.15621  -1.24379
  0.13791 -0.155327   2.07407  0.143409  -0.29999   2.15623   -1.2438
 0.137921 -0.155332   2.07408  0.143383 -0.300006   2.15624   -1.2438
 0.137933 -0.155336   2.07409  0.143357 -0.300023   2.15625  -1.24381
 0.137944  -0.15534   2.07411  0.143332 -0.300039   2.15627  -1.24381
 0.137955 -0.155344   2.07412  0.143306 -0.300056   2.15628  -1.24382
 0.137967 -0.155349   2.07413  0.143281 -0.300072   2.15629  -1.24382
 0.137978 -0.155353   2.07414  0.143256 -0.300089   2.15631  -1.24383
 0.137989 -0.155357   2.07415  0.143231 -0.300105   2.15632  -1.24383
 0.138001 -0.155361   2.07417  0.143206 -0.300121   2.15633  -1.24384
 0.138012 -0.155365   2.07418  0.143181 -0.300138   2.15634  -1.24384
 0.138023 -0.155369   2.07419  0.143156 -0.300154   2.15636  -1.24385
 0.138034 -0.155373    2.0742  0.143132  -0.30017   2.15637  -1.24385
 0.138045 -0.155377   2.07421  0.143107 -0.300187   2.15638  -1.24385
 0.138056 -0.155381   2.07423  0.143083 -0.300203    2.1564  -1.24386
 0.138067 -0.155384   2.07424  0.143059 -0.300219   2.15641  -1.24386
 0.138078 -0.155388   2.07425  0.143035 -0.300236   2.15642  -1.24387
 0.138088 -0.155392   2.07426  0.143011 -0.300252   2.15643  -1.24387
 0.138099 -0.155396   2.07427  0.142987 -0.300268   2.15644  -1.24388
  0.13811   -0.1554   2.07429  0.142964 -0.300285   2.15646  -1.24388
  0.13812 -0.155403    2.0743   0.14294 -0.300301   2.15647  -1.24389
 0.138131 -0.155407   2.07431  0.142917 -0.300317   2.15648  -1.24389
 0.138141 -0.155411   2.07432  0.142893 -0.300333   2.15649  -1.24389
 0.138152 -0.155414   2.07434   0.14287  -0.30035   2.15651   -1.2439
 0.138162 -0.155418   2.07435  0.142847 -0.300366   2.15652   -1.2439
 0.138173 -0.155422   2.07436  0.142824 -0.300382   2.15653  -1.24391
 0.138183 -0.155425   2.07437  0.142801 -0.300398   2.15654  -1.24391
 0.138193 -0.155429   2.07438  0.142779 -0.300414   2.15655  -1.24392
 0.138204 -0.155432    2.0744  0.142756 -0.300431   2.15656  -1.24392
 0.138214 -0.155436   2.07441  0.142733 -0.300447   2.15658  -1.24392
 0.138224 -0.155439   2.07442  0.142711 -0.300463   2.15659  -1.24393
 0.138234 -0.155442   2.07443  0.142689 -0.300479    2.1566  -1.24393
 0.138244 -0.155446   2.07444  0.142667 -0.300495   2.15661  -1.24394
 0.138254 -0.155449   2.07446  0.142645 -0.300511   2.15662  -1.24394
 0.138264 -0.155453   2.07447  0.142623 -0.300527   2.15663  -1.24394
 0.138274 -0.155456   2.07448  0.142601 -0.300543   2.15664  -1.24395
 0.138284 -0.155459   2.07449  0.142579  -0.30056   2.15666  -1.24395
 0.138294 -0.155462   2.07451  0.142558 -0.300576   2.15667  -1.24396
 0.138303 -0.155466   2.07452  0.142536 -0.300592   2.15668  -1.24396
 0.138313 -0.155469   2.07453  0.142515 -0.300608   2.15669  -1.24396
 0.138323 -0.155472   2.07454  0.142494 -0.300624    2.1567  -1.24397
 0.138332 -0.155475   2.07455  0.142473  -0.30064   2.15671  -1.24397
 0.138342 -0.155478   2.07457  0.142452 -0.300656   2.15672  -1.24398
 0.138352 -0.155481   2.07458  0.142431 -0.300672   2.15673  -1.24398
 0.138361 -0.155484   2.07459   0.14241 -0.300688   2.15674  -1.24398
 0.138371 -0.155487    2.0746  0.142389 -0.300704   2.15675  -1.24399
 0.13838 -0.15549  2.07462 0.142369 -0.30072  2.15676 -1.24399
 0.138389 -0.155493   2.07463  0.142348 -0.300736   2.15677  -1.24399
 0.138399 -0.155496   2.07464  0.142328 -0.300752   2.15679    -1.244
 0.138408 -0.155499   2.07465  0.142308 -0.300768    2.1568    -1.244
 0.138417 -0.155502   2.07466  0.142288 -0.300783   2.15681  -1.24401
 0.138426 -0.155505   2.07468  0.142268 -0.300799   2.15682  -1.24401
 0.138435 -0.155508   2.07469  0.142248 -0.300815   2.15683  -1.24401
 0.138445 -0.155511    2.0747  0.142228 -0.300831   2.15684  -1.24402
 0.138454 -0.155514   2.07471  0.142208 -0.300847   2.15685  -1.24402
 0.138463 -0.155516   2.07473  0.142189 -0.300863   2.15686  -1.24402
 0.138472 -0.155519   2.07474  0.142169 -0.300879   2.15687  -1.24403
 0.138481 -0.155522   2.07475   0.14215 -0.300895   2.15688  -1.24403
 0.138489 -0.155524   2.07476   0.14213 -0.300911   2.15689  -1.24404
 0.138498 -0.155527   2.07478  0.142111 -0.300926    2.1569  -1.24404
 0.138507  -0.15553   2.07479  0.142092 -0.300942   2.15691  -1.24404
 0.138516 -0.155532    2.0748  0.142073 -0.300958   2.15692  -1.24405
 0.138525 -0.155535   2.07481  0.142054 -0.300974   2.15693  -1.24405
 0.138533 -0.155538   2.07482  0.142035  -0.30099   2.15694  -1.24405
 0.138542  -0.15554   2.07484  0.142016 -0.301005   2.15695  -1.24406
 0.138551 -0.155543   2.07485  0.141998 -0.301021   2.15696  -1.24406
 0.138559 -0.155545   2.07486  0.141979 -0.301037   2.15697  -1.24406
 0.138568 -0.155548   2.07487  0.141961 -0.301053   2.15698  -1.24407
 0.138576  -0.15555   2.07489  0.141943 -0.301069   2.15698  -1.24407
 0.138585 -0.155553    2.0749  0.141924 -0.301084   2.15699  -1.24407
 0.138593 -0.155555   2.07491  0.141906   -0.3011     2.157  -1.24408
 0.138601 -0.155558   2.07492  0.141888 -0.301116   2.15701  -1.24408
  0.13861  -0.15556   2.07494   0.14187 -0.301131   2.15702  -1.24408
 0.138618 -0.155562   2.07495  0.141852 -0.301147   2.15703  -1.24409
 0.138626 -0.155565   2.07496  0.141835 -0.301163   2.15704  -1.24409
 0.138635 -0.155567   2.07497  0.141817 -0.301179   2.15705  -1.24409
 0.138643 -0.155569   2.07499  0.141799 -0.301194   2.15706   -1.2441
 0.138651 -0.155572     2.075  0.141782  -0.30121   2.15707   -1.2441
 0.138659 -0.155574   2.07501  0.141764 -0.301226   2.15708   -1.2441
 0.138667 -0.155576   2.07502  0.141747 -0.301241   2.15709  -1.24411
 0.138675 -0.155578   2.07504   0.14173 -0.301257   2.15709  -1.24411
 0.138683  -0.15558   2.07505  0.141713 -0.301272    2.1571  -1.24411
 0.138691 -0.155583   2.07506  0.141696 -0.301288   2.15711  -1.24412
 0.138699 -0.155585   2.07507  0.141679 -0.301304   2.15712  -1.24412
 0.138707 -0.155587   2.07509  0.141662 -0.301319   2.15713  -1.24412
 0.138715 -0.155589    2.0751  0.141645 -0.301335   2.15714  -1.24413
 0.138723 -0.155591   2.07511  0.141628 -0.301351   2.15715  -1.24413
  0.13873 -0.155593   2.07512  0.141612 -0.301366   2.15716  -1.24413
 0.138738 -0.155595   2.07514  0.141595 -0.301382   2.15716  -1.24414
 0.138746 -0.155597   2.07515  0.141579 -0.301397   2.15717  -1.24414
 0.138754 -0.155599   2.07516  0.141563 -0.301413   2.15718  -1.24414
 0.138761 -0.155601   2.07517  0.141546 -0.301428   2.15719  -1.24415
 0.138769 -0.155603   2.07519   0.14153 -0.301444    2.1572  -1.24415
 0.138776 -0.155605    2.0752  0.141514 -0.301459   2.15721  -1.24415
 0.138784 -0.155607   2.07521  0.141498 -0.301475   2.15721  -1.24416
 0.138791 -0.155609   2.07522  0.141482  -0.30149   2.15722  -1.24416
 0.138799 -0.155611   2.07524  0.141466 -0.301506   2.15723  -1.24416
 0.138806 -0.155612   2.07525  0.141451 -0.301521   2.15724  -1.24416
 0.138814 -0.155614   2.07526  0.141435 -0.301537   2.15725  -1.24417
 0.138821 -0.155616   2.07527  0.141419 -0.301552   2.15725  -1.24417
 0.138828 -0.155618   2.07529  0.141404 -0.301568   2.15726  -1.24417
 0.138836  -0.15562    2.0753  0.141388 -0.301583   2.15727  -1.24418
 0.138843 -0.155621   2.07531  0.141373 -0.301599   2.15728  -1.24418
  0.13885 -0.155623   2.07532  0.141358 -0.301614   2.15729  -1.24418
 0.138857 -0.155625   2.07534  0.141343  -0.30163   2.15729  -1.24419
 0.138865 -0.155627   2.07535  0.141328 -0.301645    2.1573  -1.24419
 0.138872 -0.155628   2.07536  0.141313 -0.301661   2.15731  -1.24419
 0.138879  -0.15563   2.07537  0.141298 -0.301676   2.15732  -1.24419
 0.138886 -0.155632   2.07539  0.141283 -0.301692   2.15733   -1.2442
 0.138893 -0.155633    2.0754  0.141268 -0.301707   2.15733   -1.2442
   0.1389 -0.155635   2.07541  0.141253 -0.301722   2.15734   -1.2442
 0.138907 -0.155636   2.07542  0.141239 -0.301738   2.15735  -1.24421
 0.138914 -0.155638   2.07544  0.141224 -0.301753   2.15736  -1.24421
 0.138921 -0.155639   2.07545   0.14121 -0.301768   2.15736  -1.24421
 0.138928 -0.155641   2.07546  0.141195 -0.301784   2.15737  -1.24421
 0.138935 -0.155643   2.07547  0.141181 -0.301799   2.15738  -1.24422
 0.138941 -0.155644   2.07549  0.141167 -0.301815   2.15739  -1.24422
 0.138948 -0.155646    2.0755  0.141152  -0.30183   2.15739  -1.24422
 0.138955 -0.155647   2.07551  0.141138 -0.301845    2.1574  -1.24423
 0.138962 -0.155648   2.07553  0.141124 -0.301861   2.15741  -1.24423
 0.138968  -0.15565   2.07554   0.14111 -0.301876   2.15741  -1.24423
 0.138975 -0.155651   2.07555  0.141097 -0.301891   2.15742  -1.24423
 0.138982 -0.155653   2.07556  0.141083 -0.301907   2.15743  -1.24424
 0.138988 -0.155654   2.07558  0.141069 -0.301922   2.15744  -1.24424
 0.138995 -0.155655   2.07559  0.141055 -0.301937   2.15744  -1.24424
 0.139001 -0.155657    2.0756  0.141042 -0.301952   2.15745  -1.24424
 0.139008 -0.155658   2.07561  0.141028 -0.301968   2.15746  -1.24425
 0.139014 -0.155659   2.07563  0.141015 -0.301983   2.15746  -1.24425
 0.139021 -0.155661   2.07564  0.141001 -0.301998   2.15747  -1.24425
 0.139027 -0.155662   2.07565  0.140988 -0.302014   2.15748  -1.24425
 0.139034 -0.155663   2.07566  0.140975 -0.302029   2.15748  -1.24426
  0.13904 -0.155664   2.07568  0.140962 -0.302044   2.15749  -1.24426
 0.139046 -0.155666   2.07569  0.140949 -0.302059    2.1575  -1.24426
 0.139053 -0.155667    2.0757  0.140936 -0.302075    2.1575  -1.24426
 0.139059 -0.155668   2.07572  0.140923  -0.30209   2.15751  -1.24427
 0.139065 -0.155669   2.07573   0.14091 -0.302105   2.15752  -1.24427
0.139072 -0.15567  2.07574 0.140897 -0.30212  2.15752 -1.24427
 0.139078 -0.155671   2.07575  0.140884 -0.302135   2.15753  -1.24428
 0.139084 -0.155672   2.07577  0.140871 -0.302151   2.15754  -1.24428
  0.13909 -0.155674   2.07578  0.140859 -0.302166   2.15754  -1.24428
 0.139096 -0.155675   2.07579  0.140846 -0.302181   2.15755  -1.24428
 0.139102 -0.155676    2.0758  0.140834 -0.302196   2.15756  -1.24429
 0.139108 -0.155677   2.07582  0.140821 -0.302211   2.15756  -1.24429
 0.139115 -0.155678   2.07583  0.140809 -0.302227   2.15757  -1.24429
 0.139121 -0.155679   2.07584  0.140797 -0.302242   2.15758  -1.24429
 0.139127  -0.15568   2.07586  0.140784 -0.302257   2.15758  -1.24429
 0.139133 -0.155681   2.07587  0.140772 -0.302272   2.15759   -1.2443
 0.139138 -0.155682   2.07588   0.14076 -0.302287   2.15759   -1.2443
 0.139144 -0.155683   2.07589  0.140748 -0.302302    2.1576   -1.2443
  0.13915 -0.155684   2.07591  0.140736 -0.302318   2.15761   -1.2443
 0.139156 -0.155685   2.07592  0.140724 -0.302333   2.15761  -1.24431
 0.139162 -0.155686   2.07593  0.140712 -0.302348   2.15762  -1.24431
 0.139168 -0.155686   2.07594  0.140701 -0.302363   2.15763  -1.24431
 0.139174 -0.155687   2.07596  0.140689 -0.302378   2.15763  -1.24431
 0.139179 -0.155688   2.07597  0.140677 -0.302393   2.15764  -1.24432
 0.139185 -0.155689   2.07598  0.140666 -0.302408   2.15764  -1.24432
 0.139191  -0.15569     2.076  0.140654 -0.302423   2.15765  -1.24432
 0.139196 -0.155691   2.07601  0.140643 -0.302438   2.15766  -1.24432
 0.139202 -0.155692   2.07602  0.140631 -0.302453   2.15766  -1.24433
 0.139208 -0.155692   2.07603   0.14062 -0.302469   2.15767  -1.24433
 0.139213 -0.155693   2.07605  0.140609 -0.302484   2.15767  -1.24433
 0.139219 -0.155694   2.07606  0.140597 -0.302499   2.15768  -1.24433
 0.139225 -0.155695   2.07607  0.140586 -0.302514   2.15768  -1.24433
  0.13923 -0.155695   2.07608  0.140575 -0.302529   2.15769  -1.24434
 0.139236 -0.155696    2.0761  0.140564 -0.302544    2.1577  -1.24434
 0.139241 -0.155697   2.07611  0.140553 -0.302559    2.1577  -1.24434
 0.139247 -0.155698   2.07612  0.140542 -0.302574   2.15771  -1.24434
 0.139252 -0.155698   2.07614  0.140531 -0.302589   2.15771  -1.24435
 0.139257 -0.155699   2.07615   0.14052 -0.302604   2.15772  -1.24435
 0.139263   -0.1557   2.07616   0.14051 -0.302619   2.15772  -1.24435
 0.139268   -0.1557   2.07617  0.140499 -0.302634   2.15773  -1.24435
 0.139274 -0.155701   2.07619  0.140488 -0.302649   2.15774  -1.24435
 0.139279 -0.155701    2.0762  0.140478 -0.302664   2.15774  -1.24436
 0.139284 -0.155702   2.07621  0.140467 -0.302679   2.15775  -1.24436
  0.13929 -0.155703   2.07623  0.140457 -0.302694   2.15775  -1.24436
 0.139295 -0.155703   2.07624  0.140446 -0.302709   2.15776  -1.24436
   0.1393 -0.155704   2.07625  0.140436 -0.302724   2.15776  -1.24437
 0.139305 -0.155704   2.07626  0.140426 -0.302739   2.15777  -1.24437
  0.13931 -0.155705   2.07628  0.140415 -0.302754   2.15777  -1.24437
 0.139316 -0.155705   2.07629  0.140405 -0.302769   2.15778  -1.24437
 0.139321 -0.155706    2.0763  0.140395 -0.302784   2.15778  -1.24437
 0.139326 -0.155706   2.07632  0.140385 -0.302799   2.15779  -1.24438
 0.139331 -0.155707   2.07633  0.140375 -0.302814   2.15779  -1.24438
 0.139336 -0.155707   2.07634  0.140365 -0.302829    2.1578  -1.24438
 0.139341 -0.155708   2.07635  0.140355 -0.302844    2.1578  -1.24438
 0.139346 -0.155708   2.07637  0.140345 -0.302859   2.15781  -1.24438
 0.139351 -0.155709   2.07638  0.140335 -0.302874   2.15781  -1.24439
 0.139356 -0.155709   2.07639  0.140325 -0.302889   2.15782  -1.24439
 0.139361 -0.155709   2.07641  0.140316 -0.302903   2.15782  -1.24439
 0.139366  -0.15571   2.07642  0.140306 -0.302918   2.15783  -1.24439
 0.139371  -0.15571   2.07643  0.140296 -0.302933   2.15783  -1.24439
 0.139376 -0.155711   2.07644  0.140287 -0.302948   2.15784   -1.2444
 0.139381 -0.155711   2.07646  0.140277 -0.302963   2.15784   -1.2444
 0.139386 -0.155711   2.07647  0.140268 -0.302978   2.15785   -1.2444
 0.139391 -0.155712   2.07648  0.140258 -0.302993   2.15785   -1.2444
 0.139395 -0.155712    2.0765  0.140249 -0.303008   2.15786   -1.2444
   0.1394 -0.155712   2.07651   0.14024 -0.303023   2.15786  -1.24441
 0.139405 -0.155713   2.07652   0.14023 -0.303038   2.15787  -1.24441
  0.13941 -0.155713   2.07654  0.140221 -0.303052   2.15787  -1.24441
 0.139415 -0.155713   2.07655  0.140212 -0.303067   2.15788  -1.24441
 0.139419 -0.155713   2.07656  0.140203 -0.303082   2.15788  -1.24441
 0.139424 -0.155714   2.07657  0.140194 -0.303097   2.15789  -1.24442
 0.139429 -0.155714   2.07659  0.140185 -0.303112   2.15789  -1.24442
 0.139433 -0.155714    2.0766  0.140176 -0.303127    2.1579  -1.24442
 0.139438 -0.155714   2.07661  0.140167 -0.303142    2.1579  -1.24442
 0.139443 -0.155714   2.07663  0.140158 -0.303156   2.15791  -1.24442
 0.139447 -0.155715   2.07664  0.140149 -0.303171   2.15791  -1.24442
 0.139452 -0.155715   2.07665   0.14014 -0.303186   2.15791  -1.24443
 0.139456 -0.155715   2.07666  0.140132 -0.303201   2.15792  -1.24443
 0.139461 -0.155715   2.07668  0.140123 -0.303216   2.15792  -1.24443
 0.139465 -0.155715   2.07669  0.140114 -0.303231   2.15793  -1.24443
  0.13947 -0.155715    2.0767  0.140106 -0.303245   2.15793  -1.24443
 0.139474 -0.155716   2.07672  0.140097  -0.30326   2.15794  -1.24444
 0.139479 -0.155716   2.07673  0.140089 -0.303275   2.15794  -1.24444
 0.139483 -0.155716   2.07674   0.14008  -0.30329   2.15795  -1.24444
 0.139488 -0.155716   2.07675  0.140072 -0.303305   2.15795  -1.24444
 0.139492 -0.155716   2.07677  0.140063 -0.303319   2.15795  -1.24444
 0.139497 -0.155716   2.07678  0.140055 -0.303334   2.15796  -1.24444
 0.139501 -0.155716   2.07679  0.140047 -0.303349   2.15796  -1.24445
 0.139505 -0.155716   2.07681  0.140039 -0.303364   2.15797  -1.24445
  0.13951 -0.155716   2.07682   0.14003 -0.303378   2.15797  -1.24445
 0.139514 -0.155716   2.07683  0.140022 -0.303393   2.15798  -1.24445
 0.139518 -0.155716   2.07685  0.140014 -0.303408   2.15798  -1.24445
 0.139523 -0.155716   2.07686  0.140006 -0.303423   2.15798  -1.24446
 0.139527 -0.155716   2.07687  0.139998 -0.303438   2.15799  -1.24446
 0.139531 -0.155716   2.07688   0.13999 -0.303452   2.15799  -1.24446
 0.139535 -0.155716    2.0769  0.139982 -0.303467     2.158  -1.24446
  0.13954 -0.155716   2.07691  0.139974 -0.303482     2.158  -1.24446
 0.139544 -0.155716   2.07692  0.139966 -0.303497     2.158  -1.24446
 0.139548 -0.155716   2.07694  0.139959 -0.303511   2.15801  -1.24447
 0.139552 -0.155716   2.07695  0.139951 -0.303526   2.15801  -1.24447
 0.139556 -0.155716   2.07696  0.139943 -0.303541   2.15802  -1.24447
 0.139561 -0.155716   2.07698  0.139935 -0.303555   2.15802  -1.24447
 0.139565 -0.155716   2.07699  0.139928  -0.30357   2.15802  -1.24447
 0.139569 -0.155716     2.077   0.13992 -0.303585   2.15803  -1.24447
 0.139573 -0.155715   2.07701  0.139913   -0.3036   2.15803  -1.24448
 0.139577 -0.155715   2.07703  0.139905 -0.303614   2.15804  -1.24448
 0.139581 -0.155715   2.07704  0.139898 -0.303629   2.15804  -1.24448
 0.139585 -0.155715   2.07705   0.13989 -0.303644   2.15804  -1.24448
 0.139589 -0.155715   2.07707  0.139883 -0.303658   2.15805  -1.24448
 0.139593 -0.155715   2.07708  0.139875 -0.303673   2.15805  -1.24448
 0.139597 -0.155715   2.07709  0.139868 -0.303688   2.15805  -1.24449
 0.139601 -0.155714   2.07711  0.139861 -0.303703   2.15806  -1.24449
 0.139605 -0.155714   2.07712  0.139854 -0.303717   2.15806  -1.24449
 0.139609 -0.155714   2.07713  0.139846 -0.303732   2.15807  -1.24449
 0.139613 -0.155714   2.07714  0.139839 -0.303747   2.15807  -1.24449
 0.139617 -0.155714   2.07716  0.139832 -0.303761   2.15807  -1.24449
 0.139621 -0.155713   2.07717  0.139825 -0.303776   2.15808  -1.24449
 0.139625 -0.155713   2.07718  0.139818 -0.303791   2.15808   -1.2445
 0.139628 -0.155713    2.0772  0.139811 -0.303805   2.15808   -1.2445
 0.139632 -0.155713   2.07721  0.139804  -0.30382   2.15809   -1.2445
 0.139636 -0.155712   2.07722  0.139797 -0.303835   2.15809   -1.2445
  0.13964 -0.155712   2.07724   0.13979 -0.303849   2.15809   -1.2445
 0.139644 -0.155712   2.07725  0.139783 -0.303864    2.1581   -1.2445
 0.139648 -0.155711   2.07726  0.139776 -0.303879    2.1581  -1.24451
 0.139651 -0.155711   2.07728   0.13977 -0.303893   2.15811  -1.24451
 0.139655 -0.155711   2.07729  0.139763 -0.303908   2.15811  -1.24451
 0.139659  -0.15571    2.0773  0.139756 -0.303922   2.15811  -1.24451
 0.139663  -0.15571   2.07731   0.13975 -0.303937   2.15812  -1.24451
 0.139666  -0.15571   2.07733  0.139743 -0.303952   2.15812  -1.24451
  0.13967 -0.155709   2.07734  0.139736 -0.303966   2.15812  -1.24451
 0.139674 -0.155709   2.07735   0.13973 -0.303981   2.15813  -1.24452
 0.139677 -0.155709   2.07737  0.139723 -0.303996   2.15813  -1.24452
 0.139681 -0.155708   2.07738  0.139717  -0.30401   2.15813  -1.24452
 0.139685 -0.155708   2.07739   0.13971 -0.304025   2.15814  -1.24452
 0.139688 -0.155708   2.07741  0.139704 -0.304039   2.15814  -1.24452
 0.139692 -0.155707   2.07742  0.139697 -0.304054   2.15814  -1.24452
 0.139695 -0.155707   2.07743  0.139691 -0.304069   2.15815  -1.24452
 0.139699 -0.155706   2.07745  0.139685 -0.304083   2.15815  -1.24453
 0.139703 -0.155706   2.07746  0.139678 -0.304098   2.15815  -1.24453
 0.139706 -0.155706   2.07747  0.139672 -0.304112   2.15816  -1.24453
  0.13971 -0.155705   2.07748  0.139666 -0.304127   2.15816  -1.24453
 0.139713 -0.155705    2.0775   0.13966 -0.304142   2.15816  -1.24453
 0.139717 -0.155704   2.07751  0.139654 -0.304156   2.15817  -1.24453
  0.13972 -0.155704   2.07752  0.139648 -0.304171   2.15817  -1.24453
 0.139724 -0.155703   2.07754  0.139641 -0.304185   2.15817  -1.24454
 0.139727 -0.155703   2.07755  0.139635   -0.3042   2.15817  -1.24454
 0.139731 -0.155702   2.07756  0.139629 -0.304214   2.15818  -1.24454
 0.139734 -0.155702   2.07758  0.139623 -0.304229   2.15818  -1.24454
 0.139738 -0.155701   2.07759  0.139618 -0.304244   2.15818  -1.24454
 0.139741 -0.155701    2.0776  0.139612 -0.304258   2.15819  -1.24454
 0.139744   -0.1557   2.07762  0.139606 -0.304273   2.15819  -1.24454
 0.139748   -0.1557   2.07763    0.1396 -0.304287   2.15819  -1.24455
 0.139751 -0.155699   2.07764  0.139594 -0.304302    2.1582  -1.24455
 0.139754 -0.155699   2.07766  0.139588 -0.304316    2.1582  -1.24455
