  0.367254 -0.0205072    1.98092   0.251575  -0.322461    1.90883   -1.36042
 0.373309 -0.016205   1.98054  0.253864 -0.321373   1.91177  -1.35802
 0.377376 -0.013175   1.98034  0.255067 -0.320577   1.91345  -1.35656
  0.380168 -0.0110372    1.98022   0.255624  -0.320007    1.91436   -1.35571
  0.382138 -0.0095238    1.98016   0.255799  -0.319608    1.91483   -1.35527
   0.383569 -0.00844713     1.98011    0.255751   -0.319336     1.91504    -1.35509
  0.384644 -0.0076765    1.98007   0.255572  -0.319156    1.91512   -1.35507
   0.385479 -0.00712099     1.98003    0.255318   -0.319043     1.91512    -1.35516
   0.386149 -0.00671744     1.97999    0.255022   -0.318977     1.91509    -1.35531
   0.386703 -0.00642195     1.97996    0.254703   -0.318945     1.91505     -1.3555
   0.387174 -0.00620402     1.97992    0.254373   -0.318936     1.91501     -1.3557
   0.387582 -0.00604236     1.97988    0.254036   -0.318943     1.91499    -1.35591
   0.387944 -0.00592211     1.97984    0.253698    -0.31896     1.91498    -1.35612
    0.38827 -0.00583279     1.97981     0.25336   -0.318984     1.91499    -1.35633
   0.388567 -0.00576701     1.97978    0.253024   -0.319013     1.91501    -1.35652
    0.38884 -0.00571949     1.97975    0.252689   -0.319044     1.91505    -1.35671
   0.389094 -0.00568642     1.97972    0.252356   -0.319076     1.91511    -1.35688
 0.389331 -0.005665   1.97969  0.252026 -0.319109   1.91517  -1.35705
   0.389555 -0.00565319     1.97967    0.251697   -0.319143     1.91525    -1.35721
  0.389767 -0.0056494    1.97965    0.25137  -0.319175    1.91534   -1.35736
   0.389969 -0.00565245     1.97963    0.251045   -0.319208     1.91544    -1.35749
   0.390162 -0.00566138     1.97962    0.250721   -0.319239     1.91554    -1.35763
   0.390348 -0.00567544      1.9796      0.2504    -0.31927     1.91565    -1.35775
   0.390526 -0.00569399     1.97959    0.250079     -0.3193     1.91577    -1.35787
   0.390699 -0.00571653     1.97958     0.24976    -0.31933      1.9159    -1.35798
   0.390867 -0.00574262     1.97957    0.249443   -0.319359     1.91602    -1.35808
    0.39103 -0.00577186     1.97956    0.249126   -0.319387     1.91616    -1.35818
   0.391189 -0.00580394     1.97956    0.248811   -0.319415     1.91629    -1.35828
   0.391344 -0.00583857     1.97955    0.248497   -0.319442     1.91643    -1.35837
   0.391496 -0.00587548     1.97955    0.248184   -0.319468     1.91657    -1.35846
   0.391646 -0.00591444     1.97954    0.247873   -0.319494     1.91671    -1.35854
   0.391793 -0.00595525     1.97954    0.247562    -0.31952     1.91686    -1.35862
   0.391937 -0.00599773     1.97954    0.247252   -0.319545       1.917     -1.3587
   0.39208 -0.0060417    1.97954   0.246944   -0.31957    1.91715   -1.35877
    0.39222 -0.00608702     1.97954    0.246636   -0.319595      1.9173    -1.35885
    0.39236 -0.00613353     1.97954     0.24633   -0.319619     1.91745    -1.35892
   0.392497 -0.00618113     1.97954    0.246024   -0.319643      1.9176    -1.35898
  0.392633 -0.0062297    1.97954   0.245719  -0.319667    1.91775   -1.35905
   0.392768 -0.00627913     1.97954    0.245416    -0.31969      1.9179    -1.35911
   0.392902 -0.00632933     1.97954    0.245113   -0.319713     1.91805    -1.35918
   0.393035 -0.00638022     1.97954    0.244811   -0.319737     1.91821    -1.35924
   0.393167 -0.00643171     1.97955     0.24451   -0.319759     1.91836     -1.3593
   0.393298 -0.00648374     1.97955     0.24421   -0.319782     1.91851    -1.35936
   0.393428 -0.00653625     1.97955    0.243911   -0.319805     1.91866    -1.35941
   0.393557 -0.00658916     1.97955    0.243613   -0.319827     1.91881    -1.35947
   0.393686 -0.00664245     1.97956    0.243315   -0.319849     1.91897    -1.35953
   0.393814 -0.00669604     1.97956    0.243019   -0.319872     1.91912    -1.35958
   0.393942 -0.00674991     1.97956    0.242723   -0.319894     1.91927    -1.35964
   0.394068 -0.00680401     1.97957    0.242429   -0.319916     1.91942    -1.35969
   0.394195 -0.00685831     1.97957    0.242135   -0.319937     1.91957    -1.35974
    0.39432 -0.00691276     1.97958    0.241842   -0.319959     1.91972     -1.3598
   0.394445 -0.00696735     1.97958     0.24155   -0.319981     1.91987    -1.35985
    0.39457 -0.00702205     1.97958    0.241258   -0.320002     1.92002     -1.3599
   0.394694 -0.00707682     1.97959    0.240968   -0.320024     1.92017    -1.35995
   0.394818 -0.00713166     1.97959    0.240678   -0.320045     1.92032       -1.36
   0.394941 -0.00718653      1.9796    0.240389   -0.320067     1.92047    -1.36005
   0.395064 -0.00724143      1.9796    0.240101   -0.320088     1.92062     -1.3601
   0.395187 -0.00729633     1.97961    0.239814   -0.320109     1.92077    -1.36015
   0.395309 -0.00735122     1.97961    0.239528    -0.32013     1.92092     -1.3602
    0.39543 -0.00740608     1.97961    0.239242   -0.320151     1.92107    -1.36024
   0.395551 -0.00746091     1.97962    0.238958   -0.320173     1.92121    -1.36029
   0.395672 -0.00751569     1.97962    0.238674   -0.320193     1.92136    -1.36034
   0.395793 -0.00757041     1.97963    0.238391   -0.320214     1.92151    -1.36039
   0.395913 -0.00762506     1.97963    0.238109   -0.320235     1.92165    -1.36044
   0.396032 -0.00767964     1.97964    0.237827   -0.320256      1.9218    -1.36048
   0.396152 -0.00773414     1.97964    0.237547   -0.320277     1.92195    -1.36053
   0.396271 -0.00778855     1.97965    0.237267   -0.320298     1.92209    -1.36058
   0.396389 -0.00784286     1.97965    0.236988   -0.320318     1.92224    -1.36062
   0.396507 -0.00789707     1.97966     0.23671   -0.320339     1.92238    -1.36067
   0.396625 -0.00795117     1.97966    0.236433   -0.320359     1.92252    -1.36071
   0.396743 -0.00800517     1.97967    0.236156    -0.32038     1.92267    -1.36076
    0.39686 -0.00805905     1.97967     0.23588     -0.3204     1.92281     -1.3608
   0.396977 -0.00811281     1.97968    0.235606   -0.320421     1.92295    -1.36085
   0.397093 -0.00816645     1.97968    0.235331   -0.320441      1.9231     -1.3609
   0.397209 -0.00821997     1.97969    0.235058   -0.320462     1.92324    -1.36094
   0.397325 -0.00827336     1.97969    0.234785   -0.320482     1.92338    -1.36099
   0.397441 -0.00832662      1.9797    0.234514   -0.320502     1.92352    -1.36103
   0.397556 -0.00837976      1.9797    0.234243   -0.320523     1.92366    -1.36107
    0.39767 -0.00843276      1.9797    0.233972   -0.320543      1.9238    -1.36112
   0.397785 -0.00848562     1.97971    0.233703   -0.320563     1.92394    -1.36116
   0.397899 -0.00853835     1.97971    0.233434   -0.320583     1.92408    -1.36121
   0.398013 -0.00859095     1.97972    0.233166   -0.320603     1.92422    -1.36125
  0.398126 -0.0086434    1.97972   0.232899  -0.320623    1.92436   -1.36129
   0.398239 -0.00869572     1.97973    0.232633   -0.320643      1.9245    -1.36134
  0.398352 -0.0087479    1.97973   0.232367  -0.320663    1.92463   -1.36138
   0.398465 -0.00879994     1.97974    0.232102   -0.320683     1.92477    -1.36143
   0.398577 -0.00885183     1.97974    0.231838   -0.320703     1.92491    -1.36147
   0.398688 -0.00890359     1.97975    0.231575   -0.320723     1.92505    -1.36151
    0.3988 -0.0089552    1.97975   0.231312  -0.320743    1.92518   -1.36155
   0.398911 -0.00900668     1.97976     0.23105   -0.320763     1.92532     -1.3616
   0.399022 -0.00905801     1.97976    0.230789   -0.320782     1.92545    -1.36164
  0.399133 -0.0091092    1.97977   0.230529  -0.320802    1.92559   -1.36168
   0.399243 -0.00916024     1.97977    0.230269   -0.320822     1.92572    -1.36172
   0.399353 -0.00921115     1.97978     0.23001   -0.320841     1.92586    -1.36177
   0.399462 -0.00926191     1.97978    0.229752   -0.320861     1.92599    -1.36181
   0.399571 -0.00931253     1.97979    0.229495   -0.320881     1.92612    -1.36185
  0.39968 -0.009363   1.97979  0.229238   -0.3209   1.92626  -1.36189
   0.399789 -0.00941334      1.9798    0.228982    -0.32092     1.92639    -1.36194
   0.399897 -0.00946353      1.9798    0.228727   -0.320939     1.92652    -1.36198
   0.400005 -0.00951358      1.9798    0.228473   -0.320959     1.92666    -1.36202
   0.400113 -0.00956348     1.97981    0.228219   -0.320978     1.92679    -1.36206
   0.400221 -0.00961325     1.97981    0.227966   -0.320997     1.92692     -1.3621
   0.400328 -0.00966287     1.97982    0.227714   -0.321017     1.92705    -1.36214
   0.400435 -0.00971236     1.97982    0.227462   -0.321036     1.92718    -1.36218
  0.400541 -0.0097617    1.97983   0.227211  -0.321055    1.92731   -1.36223
  0.400647 -0.0098109    1.97983   0.226961  -0.321075    1.92744   -1.36227
   0.400753 -0.00985996     1.97984    0.226712   -0.321094     1.92757    -1.36231
   0.400859 -0.00990888     1.97984    0.226463   -0.321113      1.9277    -1.36235
   0.400964 -0.00995766     1.97985    0.226215   -0.321132     1.92783    -1.36239
  0.401069 -0.0100063    1.97985   0.225968  -0.321151    1.92795   -1.36243
  0.401174 -0.0100548    1.97986   0.225721   -0.32117    1.92808   -1.36247
  0.401278 -0.0101032    1.97986   0.225475  -0.321189    1.92821   -1.36251
  0.401382 -0.0101514    1.97987    0.22523  -0.321208    1.92834   -1.36255
  0.401486 -0.0101995    1.97987   0.224986  -0.321227    1.92846   -1.36259
  0.401589 -0.0102474    1.97988   0.224742  -0.321246    1.92859   -1.36263
  0.401693 -0.0102952    1.97988   0.224499  -0.321265    1.92872   -1.36267
  0.401796 -0.0103429    1.97988   0.224256  -0.321284    1.92884   -1.36271
  0.401898 -0.0103905    1.97989   0.224015  -0.321303    1.92897   -1.36275
  0.402001 -0.0104379    1.97989   0.223774  -0.321322    1.92909   -1.36279
  0.402103 -0.0104851     1.9799   0.223533  -0.321341    1.92922   -1.36283
  0.402204 -0.0105323     1.9799   0.223294  -0.321359    1.92934   -1.36287
  0.402306 -0.0105793    1.97991   0.223055  -0.321378    1.92946   -1.36291
  0.402407 -0.0106261    1.97991   0.222816  -0.321397    1.92959   -1.36294
  0.402508 -0.0106728    1.97992   0.222579  -0.321415    1.92971   -1.36298
  0.402608 -0.0107194    1.97992   0.222342  -0.321434    1.92983   -1.36302
  0.402709 -0.0107659    1.97993   0.222106  -0.321453    1.92996   -1.36306
  0.402809 -0.0108122    1.97993    0.22187  -0.321471    1.93008    -1.3631
  0.402908 -0.0108584    1.97994   0.221635   -0.32149     1.9302   -1.36314
  0.403008 -0.0109045    1.97994   0.221401  -0.321508    1.93032   -1.36318
  0.403107 -0.0109504    1.97994   0.221167  -0.321527    1.93044   -1.36322
  0.403206 -0.0109962    1.97995   0.220934  -0.321545    1.93056   -1.36325
  0.403305 -0.0110419    1.97995   0.220702  -0.321563    1.93068   -1.36329
  0.403403 -0.0110874    1.97996    0.22047  -0.321582     1.9308   -1.36333
  0.403501 -0.0111328    1.97996   0.220239    -0.3216    1.93092   -1.36337
  0.403599 -0.0111781    1.97997   0.220009  -0.321618    1.93104   -1.36341
  0.403696 -0.0112232    1.97997   0.219779  -0.321637    1.93116   -1.36344
  0.403794 -0.0112682    1.97998    0.21955  -0.321655    1.93128   -1.36348
  0.403891 -0.0113131    1.97998   0.219322  -0.321673     1.9314   -1.36352
  0.403987 -0.0113579    1.97999   0.219094  -0.321691    1.93152   -1.36356
  0.404084 -0.0114025    1.97999   0.218867  -0.321709    1.93163   -1.36359
  0.40418 -0.011447   1.97999  0.218641 -0.321728   1.93175  -1.36363
  0.404276 -0.0114914       1.98   0.218415  -0.321746    1.93187   -1.36367
  0.404371 -0.0115356       1.98    0.21819  -0.321764    1.93199    -1.3637
  0.404467 -0.0115797    1.98001   0.217965  -0.321782     1.9321   -1.36374
  0.404562 -0.0116237    1.98001   0.217742    -0.3218    1.93222   -1.36378
  0.404656 -0.0116676    1.98002   0.217518  -0.321818    1.93233   -1.36381
  0.404751 -0.0117113    1.98002   0.217296  -0.321836    1.93245   -1.36385
  0.404845 -0.0117549    1.98003   0.217074  -0.321854    1.93256   -1.36389
  0.404939 -0.0117984    1.98003   0.216852  -0.321871    1.93268   -1.36392
  0.405033 -0.0118418    1.98004   0.216632  -0.321889    1.93279   -1.36396
 0.405126 -0.011885   1.98004  0.216412 -0.321907   1.93291    -1.364
   0.40522 -0.0119282    1.98004   0.216192  -0.321925    1.93302   -1.36403
  0.405312 -0.0119712    1.98005   0.215973  -0.321943    1.93313   -1.36407
 0.405405 -0.012014   1.98005  0.215755  -0.32196   1.93325   -1.3641
  0.405498 -0.0120568    1.98006   0.215537  -0.321978    1.93336   -1.36414
   0.40559 -0.0120994    1.98006    0.21532  -0.321996    1.93347   -1.36418
  0.405682 -0.0121419    1.98007   0.215104  -0.322013    1.93358   -1.36421
  0.405773 -0.0121843    1.98007   0.214888  -0.322031     1.9337   -1.36425
  0.405865 -0.0122266    1.98008   0.214673  -0.322049    1.93381   -1.36428
  0.405956 -0.0122687    1.98008   0.214458  -0.322066    1.93392   -1.36432
  0.406047 -0.0123107    1.98009   0.214244  -0.322084    1.93403   -1.36435
  0.406137 -0.0123526    1.98009   0.214031  -0.322101    1.93414   -1.36439
  0.406227 -0.0123944    1.98009   0.213818  -0.322119    1.93425   -1.36442
  0.406318 -0.0124361     1.9801   0.213606  -0.322136    1.93436   -1.36446
  0.406407 -0.0124776     1.9801   0.213394  -0.322153    1.93447   -1.36449
 0.406497 -0.012519   1.98011  0.213183 -0.322171   1.93458  -1.36453
  0.406586 -0.0125603    1.98011   0.212973  -0.322188    1.93469   -1.36456
  0.406675 -0.0126015    1.98012   0.212763  -0.322205     1.9348    -1.3646
  0.406764 -0.0126426    1.98012   0.212554  -0.322223     1.9349   -1.36463
  0.406853 -0.0126835    1.98013   0.212345   -0.32224    1.93501   -1.36467
  0.406941 -0.0127244    1.98013   0.212137  -0.322257    1.93512    -1.3647
  0.407029 -0.0127651    1.98013    0.21193  -0.322274    1.93523   -1.36473
  0.407117 -0.0128057    1.98014   0.211723  -0.322291    1.93533   -1.36477
  0.407205 -0.0128462    1.98014   0.211517  -0.322309    1.93544    -1.3648
  0.407292 -0.0128866    1.98015   0.211311  -0.322326    1.93555   -1.36484
  0.407379 -0.0129268    1.98015   0.211106  -0.322343    1.93565   -1.36487
  0.407466 -0.0129669    1.98016   0.210901   -0.32236    1.93576    -1.3649
 0.407553 -0.013007   1.98016  0.210697 -0.322377   1.93586  -1.36494
  0.407639 -0.0130469    1.98017   0.210494  -0.322394    1.93597   -1.36497
  0.407725 -0.0130867    1.98017   0.210291  -0.322411    1.93607     -1.365
  0.407811 -0.0131264    1.98017   0.210089  -0.322428    1.93618   -1.36504
  0.407897 -0.0131659    1.98018   0.209887  -0.322445    1.93628   -1.36507
  0.407982 -0.0132054    1.98018   0.209686  -0.322462    1.93639    -1.3651
  0.408067 -0.0132447    1.98019   0.209486  -0.322478    1.93649   -1.36514
 0.408152 -0.013284   1.98019  0.209286 -0.322495    1.9366  -1.36517
  0.408237 -0.0133231     1.9802   0.209086  -0.322512     1.9367    -1.3652
  0.408321 -0.0133621     1.9802   0.208887  -0.322529     1.9368   -1.36524
 0.408406 -0.013401   1.98021  0.208689 -0.322546    1.9369  -1.36527
   0.40849 -0.0134398    1.98021   0.208491  -0.322562    1.93701    -1.3653
  0.408573 -0.0134785    1.98022   0.208294  -0.322579    1.93711   -1.36533
 0.408657 -0.013517   1.98022  0.208097 -0.322596   1.93721  -1.36537
   0.40874 -0.0135555    1.98022   0.207901  -0.322612    1.93731    -1.3654
  0.408823 -0.0135939    1.98023   0.207706  -0.322629    1.93741   -1.36543
  0.408906 -0.0136321    1.98023   0.207511  -0.322646    1.93751   -1.36546
  0.408989 -0.0136702    1.98024   0.207316  -0.322662    1.93761   -1.36549
  0.409071 -0.0137082    1.98024   0.207122  -0.322679    1.93771   -1.36553
  0.409153 -0.0137462    1.98025   0.206929  -0.322695    1.93781   -1.36556
 0.409235 -0.013784   1.98025  0.206736 -0.322712   1.93791  -1.36559
  0.409317 -0.0138217    1.98026   0.206544  -0.322728    1.93801   -1.36562
  0.409398 -0.0138592    1.98026   0.206352  -0.322744    1.93811   -1.36565
  0.409479 -0.0138967    1.98026   0.206161  -0.322761    1.93821   -1.36569
   0.40956 -0.0139341    1.98027    0.20597  -0.322777    1.93831   -1.36572
  0.409641 -0.0139714    1.98027    0.20578  -0.322794    1.93841   -1.36575
  0.409721 -0.0140085    1.98028   0.205591   -0.32281    1.93851   -1.36578
  0.409802 -0.0140456    1.98028   0.205401  -0.322826     1.9386   -1.36581
  0.409882 -0.0140825    1.98029   0.205213  -0.322842     1.9387   -1.36584
  0.409962 -0.0141194    1.98029   0.205025  -0.322859     1.9388   -1.36587
  0.410041 -0.0141561    1.98029   0.204837  -0.322875     1.9389    -1.3659
  0.410121 -0.0141928     1.9803    0.20465  -0.322891    1.93899   -1.36594
    0.4102 -0.0142293     1.9803   0.204464  -0.322907    1.93909   -1.36597
  0.410279 -0.0142657    1.98031   0.204278  -0.322923    1.93919     -1.366
  0.410358 -0.0143021    1.98031   0.204093  -0.322939    1.93928   -1.36603
  0.410436 -0.0143383    1.98032   0.203908  -0.322956    1.93938   -1.36606
  0.410514 -0.0143744    1.98032   0.203723  -0.322972    1.93947   -1.36609
  0.410593 -0.0144104    1.98033   0.203539  -0.322988    1.93957   -1.36612
   0.41067 -0.0144463    1.98033   0.203356  -0.323004    1.93966   -1.36615
  0.410748 -0.0144821    1.98033   0.203173   -0.32302    1.93976   -1.36618
  0.410826 -0.0145179    1.98034   0.202991  -0.323036    1.93985   -1.36621
  0.410903 -0.0145535    1.98034   0.202809  -0.323051    1.93994   -1.36624
  0.41098 -0.014589   1.98035  0.202628 -0.323067   1.94004  -1.36627
  0.411057 -0.0146244    1.98035   0.202447  -0.323083    1.94013    -1.3663
  0.411133 -0.0146597    1.98036   0.202267  -0.323099    1.94022   -1.36633
  0.411209 -0.0146949    1.98036   0.202087  -0.323115    1.94032   -1.36636
 0.411286  -0.01473   1.98037  0.201908 -0.323131   1.94041  -1.36639
 0.411362 -0.014765   1.98037  0.201729 -0.323147    1.9405  -1.36642
  0.411437 -0.0147999    1.98037   0.201551  -0.323162    1.94059   -1.36645
  0.411513 -0.0148347    1.98038   0.201373  -0.323178    1.94069   -1.36648
  0.411588 -0.0148694    1.98038   0.201195  -0.323194    1.94078   -1.36651
 0.411663 -0.014904   1.98039  0.201019 -0.323209   1.94087  -1.36654
  0.411738 -0.0149385    1.98039   0.200842  -0.323225    1.94096   -1.36657
  0.411813 -0.0149729     1.9804   0.200667  -0.323241    1.94105    -1.3666
  0.411887 -0.0150073     1.9804   0.200491  -0.323256    1.94114   -1.36662
  0.411962 -0.0150415    1.98041   0.200316  -0.323272    1.94123   -1.36665
  0.412036 -0.0150756    1.98041   0.200142  -0.323287    1.94132   -1.36668
  0.412109 -0.0151096    1.98041   0.199968  -0.323303    1.94141   -1.36671
  0.412183 -0.0151435    1.98042   0.199795  -0.323318     1.9415   -1.36674
  0.412257 -0.0151774    1.98042   0.199622  -0.323334    1.94159   -1.36677
   0.41233 -0.0152111    1.98043   0.199449  -0.323349    1.94168    -1.3668
  0.412403 -0.0152447    1.98043   0.199277  -0.323365    1.94177   -1.36683
  0.412476 -0.0152783    1.98044   0.199106   -0.32338    1.94186   -1.36685
  0.412548 -0.0153117    1.98044   0.198935  -0.323395    1.94195   -1.36688
  0.412621 -0.0153451    1.98045   0.198765  -0.323411    1.94203   -1.36691
  0.412693 -0.0153783    1.98045   0.198595  -0.323426    1.94212   -1.36694
  0.412765 -0.0154115    1.98045   0.198425  -0.323441    1.94221   -1.36697
  0.412837 -0.0154446    1.98046   0.198256  -0.323457     1.9423     -1.367
  0.412908 -0.0154775    1.98046   0.198087  -0.323472    1.94238   -1.36702
   0.41298 -0.0155104    1.98047   0.197919  -0.323487    1.94247   -1.36705
  0.413051 -0.0155432    1.98047   0.197751  -0.323502    1.94256   -1.36708
  0.413122 -0.0155759    1.98048   0.197584  -0.323518    1.94264   -1.36711
  0.413193 -0.0156085    1.98048   0.197417  -0.323533    1.94273   -1.36713
 0.413264 -0.015641   1.98048  0.197251 -0.323548   1.94282  -1.36716
  0.413334 -0.0156734    1.98049   0.197085  -0.323563     1.9429   -1.36719
  0.413404 -0.0157058    1.98049    0.19692  -0.323578    1.94299   -1.36722
 0.413474 -0.015738    1.9805  0.196755 -0.323593   1.94307  -1.36724
  0.413544 -0.0157701     1.9805   0.196591  -0.323608    1.94316   -1.36727
  0.413614 -0.0158022    1.98051   0.196427  -0.323623    1.94324    -1.3673
  0.413683 -0.0158341    1.98051   0.196263  -0.323638    1.94333   -1.36733
 0.413753 -0.015866   1.98052    0.1961 -0.323653   1.94341  -1.36735
  0.413822 -0.0158978    1.98052   0.195937  -0.323668    1.94349   -1.36738
  0.413891 -0.0159295    1.98052   0.195775  -0.323683    1.94358   -1.36741
  0.413959 -0.0159611    1.98053   0.195614  -0.323698    1.94366   -1.36743
  0.414028 -0.0159926    1.98053   0.195452  -0.323713    1.94375   -1.36746
 0.414096 -0.016024   1.98054  0.195291 -0.323728   1.94383  -1.36749
  0.414164 -0.0160553    1.98054   0.195131  -0.323743    1.94391   -1.36751
  0.414232 -0.0160866    1.98055   0.194971  -0.323757    1.94399   -1.36754
    0.4143 -0.0161177    1.98055   0.194812  -0.323772    1.94408   -1.36757
  0.414368 -0.0161488    1.98056   0.194653  -0.323787    1.94416   -1.36759
  0.414435 -0.0161798    1.98056   0.194494  -0.323802    1.94424   -1.36762
  0.414502 -0.0162106    1.98056   0.194336  -0.323816    1.94432   -1.36765
  0.414569 -0.0162414    1.98057   0.194178  -0.323831     1.9444   -1.36767
  0.414636 -0.0162722    1.98057   0.194021  -0.323846    1.94448    -1.3677
  0.414703 -0.0163028    1.98058   0.193864  -0.323861    1.94457   -1.36773
  0.414769 -0.0163333    1.98058   0.193708  -0.323875    1.94465   -1.36775
  0.414836 -0.0163638    1.98059   0.193552   -0.32389    1.94473   -1.36778
  0.414902 -0.0163941    1.98059   0.193396  -0.323904    1.94481    -1.3678
  0.414968 -0.0164244     1.9806   0.193241  -0.323919    1.94489   -1.36783
  0.415033 -0.0164546     1.9806   0.193086  -0.323933    1.94497   -1.36785
  0.415099 -0.0164847     1.9806   0.192932  -0.323948    1.94505   -1.36788
  0.415164 -0.0165147    1.98061   0.192778  -0.323962    1.94513   -1.36791
  0.415229 -0.0165447    1.98061   0.192625  -0.323977     1.9452   -1.36793
  0.415294 -0.0165745    1.98062   0.192472  -0.323991    1.94528   -1.36796
  0.415359 -0.0166043    1.98062   0.192319  -0.324006    1.94536   -1.36798
 0.415424 -0.016634   1.98063  0.192167  -0.32402   1.94544  -1.36801
  0.415488 -0.0166636    1.98063   0.192015  -0.324035    1.94552   -1.36803
  0.415553 -0.0166931    1.98063   0.191864  -0.324049     1.9456   -1.36806
  0.415617 -0.0167225    1.98064   0.191713  -0.324063    1.94568   -1.36808
  0.415681 -0.0167518    1.98064   0.191563  -0.324078    1.94575   -1.36811
  0.415744 -0.0167811    1.98065   0.191413  -0.324092    1.94583   -1.36813
  0.415808 -0.0168103    1.98065   0.191263  -0.324106    1.94591   -1.36816
  0.415871 -0.0168394    1.98066   0.191114  -0.324121    1.94598   -1.36818
  0.415935 -0.0168684    1.98066   0.190965  -0.324135    1.94606   -1.36821
  0.415998 -0.0168973    1.98067   0.190817  -0.324149    1.94614   -1.36823
  0.416061 -0.0169262    1.98067   0.190669  -0.324163    1.94621   -1.36826
 0.416123 -0.016955   1.98067  0.190521 -0.324177   1.94629  -1.36828
  0.416186 -0.0169836    1.98068   0.190374  -0.324191    1.94637   -1.36831
  0.416248 -0.0170122    1.98068   0.190227  -0.324206    1.94644   -1.36833
   0.41631 -0.0170408    1.98069   0.190081   -0.32422    1.94652   -1.36836
  0.416372 -0.0170692    1.98069   0.189935  -0.324234    1.94659   -1.36838
  0.416434 -0.0170976     1.9807    0.18979  -0.324248    1.94667    -1.3684
  0.416496 -0.0171259     1.9807   0.189644  -0.324262    1.94674   -1.36843
  0.416557 -0.0171541    1.98071     0.1895  -0.324276    1.94682   -1.36845
  0.416619 -0.0171822    1.98071   0.189355   -0.32429    1.94689   -1.36848
   0.41668 -0.0172102    1.98071   0.189212  -0.324304    1.94697    -1.3685
  0.416741 -0.0172382    1.98072   0.189068  -0.324318    1.94704   -1.36852
  0.416802 -0.0172661    1.98072   0.188925  -0.324332    1.94711   -1.36855
  0.416862 -0.0172939    1.98073   0.188782  -0.324346    1.94719   -1.36857
  0.416923 -0.0173216    1.98073    0.18864   -0.32436    1.94726    -1.3686
  0.416983 -0.0173492    1.98074   0.188498  -0.324374    1.94733   -1.36862
  0.417043 -0.0173768    1.98074   0.188356  -0.324387    1.94741   -1.36864
  0.417103 -0.0174043    1.98075   0.188215  -0.324401    1.94748   -1.36867
  0.417163 -0.0174317    1.98075   0.188074  -0.324415    1.94755   -1.36869
 0.417223 -0.017459   1.98075  0.187934 -0.324429   1.94763  -1.36871
  0.417282 -0.0174863    1.98076   0.187794  -0.324443     1.9477   -1.36874
  0.417342 -0.0175135    1.98076   0.187654  -0.324456    1.94777   -1.36876
  0.417401 -0.0175406    1.98077   0.187515   -0.32447    1.94784   -1.36878
   0.41746 -0.0175676    1.98077   0.187376  -0.324484    1.94791   -1.36881
  0.417519 -0.0175945    1.98078   0.187238  -0.324498    1.94798   -1.36883
  0.417578 -0.0176214    1.98078     0.1871  -0.324511    1.94806   -1.36885
  0.417636 -0.0176482    1.98079   0.186962  -0.324525    1.94813   -1.36888
  0.417694 -0.0176749    1.98079   0.186825  -0.324539     1.9482    -1.3689
  0.417753 -0.0177016    1.98079   0.186688  -0.324552    1.94827   -1.36892
  0.417811 -0.0177281     1.9808   0.186551  -0.324566    1.94834   -1.36894
  0.417869 -0.0177546     1.9808   0.186415  -0.324579    1.94841   -1.36897
 0.417926 -0.017781   1.98081   0.18628 -0.324593   1.94848  -1.36899
  0.417984 -0.0178074    1.98081   0.186144  -0.324606    1.94855   -1.36901
  0.418041 -0.0178337    1.98082   0.186009   -0.32462    1.94862   -1.36904
  0.418099 -0.0178598    1.98082   0.185874  -0.324633    1.94869   -1.36906
 0.418156 -0.017886   1.98083   0.18574 -0.324647   1.94876  -1.36908
 0.418213 -0.017912   1.98083  0.185606  -0.32466   1.94883   -1.3691
 0.418269 -0.017938   1.98084  0.185473 -0.324674   1.94889  -1.36913
  0.418326 -0.0179639    1.98084   0.185339  -0.324687    1.94896   -1.36915
  0.418382 -0.0179897    1.98084   0.185207  -0.324701    1.94903   -1.36917
  0.418439 -0.0180154    1.98085   0.185074  -0.324714     1.9491   -1.36919
  0.418495 -0.0180411    1.98085   0.184942  -0.324727    1.94917   -1.36921
  0.418551 -0.0180667    1.98086    0.18481  -0.324741    1.94924   -1.36924
  0.418607 -0.0180923    1.98086   0.184679  -0.324754     1.9493   -1.36926
  0.418663 -0.0181177    1.98087   0.184548  -0.324767    1.94937   -1.36928
  0.418718 -0.0181431    1.98087   0.184417  -0.324781    1.94944    -1.3693
  0.418773 -0.0181684    1.98088   0.184287  -0.324794    1.94951   -1.36932
  0.418829 -0.0181937    1.98088   0.184157  -0.324807    1.94957   -1.36935
  0.418884 -0.0182188    1.98088   0.184028   -0.32482    1.94964   -1.36937
  0.418939 -0.0182439    1.98089   0.183898  -0.324834    1.94971   -1.36939
  0.418994 -0.0182689    1.98089    0.18377  -0.324847    1.94977   -1.36941
  0.419048 -0.0182939     1.9809   0.183641   -0.32486    1.94984   -1.36943
  0.419103 -0.0183188     1.9809   0.183513  -0.324873     1.9499   -1.36945
  0.419157 -0.0183436    1.98091   0.183385  -0.324886    1.94997   -1.36947
  0.419211 -0.0183683    1.98091   0.183258  -0.324899    1.95004    -1.3695
 0.419265 -0.018393   1.98092  0.183131 -0.324913    1.9501  -1.36952
  0.419319 -0.0184176    1.98092   0.183004  -0.324926    1.95017   -1.36954
  0.419373 -0.0184422    1.98092   0.182878  -0.324939    1.95023   -1.36956
  0.419426 -0.0184666    1.98093   0.182752  -0.324952     1.9503   -1.36958
  0.41948 -0.018491   1.98093  0.182626 -0.324965   1.95036   -1.3696
  0.419533 -0.0185153    1.98094   0.182501  -0.324978    1.95043   -1.36962
  0.419586 -0.0185396    1.98094   0.182376  -0.324991    1.95049   -1.36964
  0.419639 -0.0185638    1.98095   0.182251  -0.325004    1.95056   -1.36966
  0.419692 -0.0185879    1.98095   0.182127  -0.325017    1.95062   -1.36969
  0.419745 -0.0186119    1.98096   0.182003   -0.32503    1.95068   -1.36971
  0.419797 -0.0186359    1.98096   0.181879  -0.325043    1.95075   -1.36973
   0.41985 -0.0186598    1.98097   0.181756  -0.325055    1.95081   -1.36975
  0.419902 -0.0186837    1.98097   0.181633  -0.325068    1.95087   -1.36977
  0.419954 -0.0187075    1.98097    0.18151  -0.325081    1.95094   -1.36979
  0.420006 -0.0187312    1.98098   0.181388  -0.325094      1.951   -1.36981
  0.420058 -0.0187548    1.98098   0.181266  -0.325107    1.95106   -1.36983
   0.42011 -0.0187784    1.98099   0.181145   -0.32512    1.95113   -1.36985
  0.420161 -0.0188019    1.98099   0.181023  -0.325132    1.95119   -1.36987
  0.420213 -0.0188253      1.981   0.180902  -0.325145    1.95125   -1.36989
  0.420264 -0.0188487      1.981   0.180782  -0.325158    1.95131   -1.36991
 0.420315 -0.018872   1.98101  0.180662 -0.325171   1.95137  -1.36993
  0.420366 -0.0188953    1.98101   0.180542  -0.325183    1.95144   -1.36995
  0.420417 -0.0189184    1.98101   0.180422  -0.325196     1.9515   -1.36997
  0.420468 -0.0189416    1.98102   0.180303  -0.325209    1.95156   -1.36999
  0.420519 -0.0189646    1.98102   0.180184  -0.325221    1.95162   -1.37001
  0.420569 -0.0189876    1.98103   0.180065  -0.325234    1.95168   -1.37003
  0.420619 -0.0190105    1.98103   0.179947  -0.325247    1.95174   -1.37005
   0.42067 -0.0190333    1.98104   0.179829  -0.325259     1.9518   -1.37007
   0.42072 -0.0190561    1.98104   0.179711  -0.325272    1.95186   -1.37009
  0.420769 -0.0190788    1.98105   0.179594  -0.325285    1.95192   -1.37011
  0.420819 -0.0191015    1.98105   0.179477  -0.325297    1.95198   -1.37013
  0.420869 -0.0191241    1.98106   0.179361   -0.32531    1.95204   -1.37015
  0.420918 -0.0191466    1.98106   0.179244  -0.325322     1.9521   -1.37017
  0.420968 -0.0191691    1.98106   0.179128  -0.325335    1.95216   -1.37019
  0.421017 -0.0191915    1.98107   0.179012  -0.325347    1.95222   -1.37021
  0.421066 -0.0192138    1.98107   0.178897   -0.32536    1.95228   -1.37023
  0.421115 -0.0192361    1.98108   0.178782  -0.325372    1.95234   -1.37025
  0.421164 -0.0192583    1.98108   0.178667  -0.325385     1.9524   -1.37027
  0.421212 -0.0192804    1.98109   0.178553  -0.325397    1.95246   -1.37029
  0.421261 -0.0193025    1.98109   0.178439  -0.325409    1.95252    -1.3703
  0.421309 -0.0193245     1.9811   0.178325  -0.325422    1.95258   -1.37032
  0.421358 -0.0193465     1.9811   0.178212  -0.325434    1.95264   -1.37034
  0.421406 -0.0193684    1.98111   0.178098  -0.325446    1.95269   -1.37036
  0.421454 -0.0193902    1.98111   0.177985  -0.325459    1.95275   -1.37038
 0.421502 -0.019412   1.98111  0.177873 -0.325471   1.95281   -1.3704
   0.42155 -0.0194337    1.98112   0.177761  -0.325483    1.95287   -1.37042
  0.421597 -0.0194553    1.98112   0.177649  -0.325496    1.95293   -1.37044
  0.421645 -0.0194769    1.98113   0.177537  -0.325508    1.95298   -1.37046
  0.421692 -0.0194984    1.98113   0.177426   -0.32552    1.95304   -1.37048
  0.421739 -0.0195199    1.98114   0.177315  -0.325533     1.9531   -1.37049
  0.421786 -0.0195413    1.98114   0.177204  -0.325545    1.95316   -1.37051
  0.421833 -0.0195626    1.98115   0.177094  -0.325557    1.95321   -1.37053
   0.42188 -0.0195839    1.98115   0.176984  -0.325569    1.95327   -1.37055
  0.421927 -0.0196051    1.98116   0.176874  -0.325581    1.95333   -1.37057
  0.421974 -0.0196263    1.98116   0.176764  -0.325594    1.95338   -1.37059
   0.42202 -0.0196474    1.98117   0.176655  -0.325606    1.95344   -1.37061
  0.422066 -0.0196684    1.98117   0.176546  -0.325618    1.95349   -1.37062
  0.422113 -0.0196894    1.98117   0.176438   -0.32563    1.95355   -1.37064
  0.422159 -0.0197103    1.98118   0.176329  -0.325642    1.95361   -1.37066
  0.422205 -0.0197311    1.98118   0.176221  -0.325654    1.95366   -1.37068
   0.42225 -0.0197519    1.98119   0.176114  -0.325666    1.95372    -1.3707
  0.422296 -0.0197727    1.98119   0.176006  -0.325678    1.95377   -1.37071
  0.422342 -0.0197933     1.9812   0.175899   -0.32569    1.95383   -1.37073
 0.422387 -0.019814    1.9812  0.175792 -0.325702   1.95388  -1.37075
  0.422433 -0.0198345    1.98121   0.175686  -0.325714    1.95394   -1.37077
 0.422478 -0.019855   1.98121   0.17558 -0.325726   1.95399  -1.37079
  0.422523 -0.0198755    1.98122   0.175474  -0.325738    1.95405    -1.3708
  0.422568 -0.0198959    1.98122   0.175368   -0.32575     1.9541   -1.37082
  0.422613 -0.0199162    1.98122   0.175263  -0.325762    1.95415   -1.37084
  0.422657 -0.0199365    1.98123   0.175158  -0.325774    1.95421   -1.37086
  0.422702 -0.0199567    1.98123   0.175053  -0.325786    1.95426   -1.37087
  0.422746 -0.0199768    1.98124   0.174948  -0.325798    1.95432   -1.37089
  0.422791 -0.0199969    1.98124   0.174844   -0.32581    1.95437   -1.37091
 0.422835 -0.020017   1.98125   0.17474 -0.325821   1.95442  -1.37093
  0.422879 -0.0200369    1.98125   0.174637  -0.325833    1.95448   -1.37095
  0.422923 -0.0200569    1.98126   0.174533  -0.325845    1.95453   -1.37096
  0.422967 -0.0200767    1.98126    0.17443  -0.325857    1.95458   -1.37098
  0.423011 -0.0200965    1.98127   0.174328  -0.325869    1.95464     -1.371
  0.423054 -0.0201163    1.98127   0.174225  -0.325881    1.95469   -1.37101
 0.423098 -0.020136   1.98128  0.174123 -0.325892   1.95474  -1.37103
  0.423141 -0.0201556    1.98128   0.174021  -0.325904    1.95479   -1.37105
  0.423185 -0.0201752    1.98128   0.173919  -0.325916    1.95485   -1.37107
  0.423228 -0.0201947    1.98129   0.173818  -0.325928     1.9549   -1.37108
  0.423271 -0.0202142    1.98129   0.173717  -0.325939    1.95495    -1.3711
  0.423314 -0.0202336     1.9813   0.173616  -0.325951      1.955   -1.37112
 0.423357 -0.020253    1.9813  0.173515 -0.325963   1.95505  -1.37113
  0.423399 -0.0202723    1.98131   0.173415  -0.325974    1.95511   -1.37115
  0.423442 -0.0202916    1.98131   0.173315  -0.325986    1.95516   -1.37117
  0.423484 -0.0203108    1.98132   0.173216  -0.325998    1.95521   -1.37118
  0.423527 -0.0203299    1.98132   0.173116  -0.326009    1.95526    -1.3712
 0.423569 -0.020349   1.98133  0.173017 -0.326021   1.95531  -1.37122
 0.423611 -0.020368   1.98133  0.172918 -0.326032   1.95536  -1.37124
 0.423653 -0.020387   1.98134  0.172819 -0.326044   1.95541  -1.37125
  0.423695 -0.0204059    1.98134   0.172721  -0.326055    1.95546   -1.37127
  0.423737 -0.0204248    1.98135   0.172623  -0.326067    1.95551   -1.37128
  0.423778 -0.0204436    1.98135   0.172525  -0.326079    1.95556    -1.3713
   0.42382 -0.0204624    1.98135   0.172428   -0.32609    1.95561   -1.37132
  0.423861 -0.0204811    1.98136    0.17233  -0.326102    1.95566   -1.37133
  0.423903 -0.0204997    1.98136   0.172233  -0.326113    1.95571   -1.37135
  0.423944 -0.0205183    1.98137   0.172137  -0.326125    1.95576   -1.37137
  0.423985 -0.0205369    1.98137    0.17204  -0.326136    1.95581   -1.37138
  0.424026 -0.0205554    1.98138   0.171944  -0.326147    1.95586    -1.3714
  0.424067 -0.0205738    1.98138   0.171848  -0.326159    1.95591   -1.37142
  0.424107 -0.0205922    1.98139   0.171752   -0.32617    1.95596   -1.37143
  0.424148 -0.0206106    1.98139   0.171657  -0.326182    1.95601   -1.37145
  0.424189 -0.0206288     1.9814   0.171562  -0.326193    1.95606   -1.37146
  0.424229 -0.0206471     1.9814   0.171467  -0.326204    1.95611   -1.37148
  0.424269 -0.0206653    1.98141   0.171372  -0.326216    1.95616    -1.3715
   0.42431 -0.0206834    1.98141   0.171278  -0.326227    1.95621   -1.37151
   0.42435 -0.0207015    1.98142   0.171184  -0.326238    1.95625   -1.37153
   0.42439 -0.0207195    1.98142    0.17109   -0.32625     1.9563   -1.37154
   0.42443 -0.0207375    1.98142   0.170996  -0.326261    1.95635   -1.37156
  0.424469 -0.0207554    1.98143   0.170903  -0.326272     1.9564   -1.37158
  0.424509 -0.0207733    1.98143    0.17081  -0.326284    1.95645   -1.37159
  0.424549 -0.0207911    1.98144   0.170717  -0.326295    1.95649   -1.37161
  0.424588 -0.0208088    1.98144   0.170624  -0.326306    1.95654   -1.37162
  0.424627 -0.0208266    1.98145   0.170532  -0.326317    1.95659   -1.37164
  0.424667 -0.0208442    1.98145    0.17044  -0.326328    1.95664   -1.37165
  0.424706 -0.0208618    1.98146   0.170348   -0.32634    1.95668   -1.37167
  0.424745 -0.0208794    1.98146   0.170257  -0.326351    1.95673   -1.37168
  0.424784 -0.0208969    1.98147   0.170165  -0.326362    1.95678    -1.3717
  0.424822 -0.0209144    1.98147   0.170074  -0.326373    1.95683   -1.37172
  0.424861 -0.0209318    1.98148   0.169984  -0.326384    1.95687   -1.37173
    0.4249 -0.0209492    1.98148   0.169893  -0.326395    1.95692   -1.37175
  0.424938 -0.0209665    1.98149   0.169803  -0.326407    1.95696   -1.37176
  0.424977 -0.0209837    1.98149   0.169713  -0.326418    1.95701   -1.37178
 0.425015 -0.021001    1.9815  0.169623 -0.326429   1.95706  -1.37179
  0.425053 -0.0210181     1.9815   0.169533   -0.32644     1.9571   -1.37181
  0.425091 -0.0210353     1.9815   0.169444  -0.326451    1.95715   -1.37182
  0.425129 -0.0210523    1.98151   0.169355  -0.326462     1.9572   -1.37184
  0.425167 -0.0210693    1.98151   0.169266  -0.326473    1.95724   -1.37185
  0.425205 -0.0210863    1.98152   0.169177  -0.326484    1.95729   -1.37187
  0.425242 -0.0211032    1.98152   0.169089  -0.326495    1.95733   -1.37188
   0.42528 -0.0211201    1.98153   0.169001  -0.326506    1.95738    -1.3719
  0.425317 -0.0211369    1.98153   0.168913  -0.326517    1.95742   -1.37191
  0.425355 -0.0211537    1.98154   0.168825  -0.326528    1.95747   -1.37193
  0.425392 -0.0211704    1.98154   0.168738  -0.326539    1.95751   -1.37194
  0.425429 -0.0211871    1.98155   0.168651   -0.32655    1.95756   -1.37196
  0.425466 -0.0212037    1.98155   0.168564  -0.326561     1.9576   -1.37197
  0.425503 -0.0212203    1.98156   0.168477  -0.326572    1.95765   -1.37199
   0.42554 -0.0212369    1.98156   0.168391  -0.326583    1.95769     -1.372
  0.425577 -0.0212534    1.98157   0.168305  -0.326594    1.95774   -1.37202
  0.425613 -0.0212698    1.98157   0.168219  -0.326604    1.95778   -1.37203
   0.42565 -0.0212862    1.98158   0.168133  -0.326615    1.95782   -1.37204
  0.425686 -0.0213025    1.98158   0.168048  -0.326626    1.95787   -1.37206
  0.425723 -0.0213188    1.98158   0.167962  -0.326637    1.95791   -1.37207
  0.425759 -0.0213351    1.98159   0.167877  -0.326648    1.95796   -1.37209
  0.425795 -0.0213513    1.98159   0.167792  -0.326659      1.958    -1.3721
  0.425831 -0.0213675     1.9816   0.167708  -0.326669    1.95804   -1.37212
  0.425867 -0.0213836     1.9816   0.167624   -0.32668    1.95809   -1.37213
  0.425903 -0.0213997    1.98161    0.16754  -0.326691    1.95813   -1.37215
  0.425939 -0.0214157    1.98161   0.167456  -0.326702    1.95817   -1.37216
  0.425974 -0.0214317    1.98162   0.167372  -0.326713    1.95822   -1.37217
   0.42601 -0.0214476    1.98162   0.167289  -0.326723    1.95826   -1.37219
  0.426045 -0.0214635    1.98163   0.167205  -0.326734     1.9583    -1.3722
  0.426081 -0.0214793    1.98163   0.167123  -0.326745    1.95834   -1.37222
  0.426116 -0.0214951    1.98164    0.16704  -0.326755    1.95839   -1.37223
  0.426151 -0.0215108    1.98164   0.166957  -0.326766    1.95843   -1.37224
  0.426186 -0.0215265    1.98165   0.166875  -0.326777    1.95847   -1.37226
  0.426221 -0.0215422    1.98165   0.166793  -0.326787    1.95851   -1.37227
  0.426256 -0.0215578    1.98166   0.166711  -0.326798    1.95855   -1.37229
  0.426291 -0.0215734    1.98166    0.16663  -0.326809     1.9586    -1.3723
  0.426326 -0.0215889    1.98167   0.166548  -0.326819    1.95864   -1.37231
   0.42636 -0.0216044    1.98167   0.166467   -0.32683    1.95868   -1.37233
  0.426395 -0.0216198    1.98168   0.166386  -0.326841    1.95872   -1.37234
  0.426429 -0.0216352    1.98168   0.166305  -0.326851    1.95876   -1.37235
  0.426463 -0.0216505    1.98168   0.166225  -0.326862     1.9588   -1.37237
  0.426498 -0.0216658    1.98169   0.166145  -0.326872    1.95885   -1.37238
  0.426532 -0.0216811    1.98169   0.166065  -0.326883    1.95889    -1.3724
  0.426566 -0.0216963     1.9817   0.165985  -0.326893    1.95893   -1.37241
    0.4266 -0.0217115     1.9817   0.165905  -0.326904    1.95897   -1.37242
  0.426634 -0.0217266    1.98171   0.165826  -0.326914    1.95901   -1.37244
  0.426667 -0.0217417    1.98171   0.165747  -0.326925    1.95905   -1.37245
  0.426701 -0.0217567    1.98172   0.165668  -0.326935    1.95909   -1.37246
  0.426735 -0.0217717    1.98172   0.165589  -0.326946    1.95913   -1.37248
  0.426768 -0.0217867    1.98173   0.165511  -0.326956    1.95917   -1.37249
  0.426802 -0.0218016    1.98173   0.165432  -0.326967    1.95921    -1.3725
  0.426835 -0.0218164    1.98174   0.165354  -0.326977    1.95925   -1.37252
  0.426868 -0.0218313    1.98174   0.165276  -0.326988    1.95929   -1.37253
 0.426901 -0.021846   1.98175  0.165199 -0.326998   1.95933  -1.37254
  0.426934 -0.0218608    1.98175   0.165121  -0.327008    1.95937   -1.37256
  0.426967 -0.0218755    1.98176   0.165044  -0.327019    1.95941   -1.37257
     0.427 -0.0218901    1.98176   0.164967  -0.327029    1.95945   -1.37258
  0.427033 -0.0219047    1.98177    0.16489   -0.32704    1.95949    -1.3726
  0.427066 -0.0219193    1.98177   0.164814   -0.32705    1.95953   -1.37261
  0.427098 -0.0219338    1.98178   0.164737   -0.32706    1.95957   -1.37262
  0.427131 -0.0219483    1.98178   0.164661  -0.327071    1.95961   -1.37263
  0.427163 -0.0219627    1.98179   0.164585  -0.327081    1.95965   -1.37265
  0.427195 -0.0219771    1.98179   0.164509  -0.327091    1.95969   -1.37266
  0.427228 -0.0219915     1.9818   0.164434  -0.327102    1.95973   -1.37267
   0.42726 -0.0220058     1.9818   0.164358  -0.327112    1.95976   -1.37269
  0.427292 -0.0220201    1.98181   0.164283  -0.327122     1.9598    -1.3727
  0.427324 -0.0220343    1.98181   0.164208  -0.327132    1.95984   -1.37271
  0.427356 -0.0220485    1.98181   0.164134  -0.327143    1.95988   -1.37272
  0.427388 -0.0220626    1.98182   0.164059  -0.327153    1.95992   -1.37274
  0.427419 -0.0220768    1.98182   0.163985  -0.327163    1.95996   -1.37275
  0.427451 -0.0220908    1.98183   0.163911  -0.327173    1.95999   -1.37276
  0.427482 -0.0221049    1.98183   0.163837  -0.327184    1.96003   -1.37277
  0.427514 -0.0221188    1.98184   0.163763  -0.327194    1.96007   -1.37279
  0.427545 -0.0221328    1.98184   0.163689  -0.327204    1.96011    -1.3728
  0.427577 -0.0221467    1.98185   0.163616  -0.327214    1.96015   -1.37281
  0.427608 -0.0221606    1.98185   0.163543  -0.327224    1.96018   -1.37282
  0.427639 -0.0221744    1.98186    0.16347  -0.327235    1.96022   -1.37284
   0.42767 -0.0221882    1.98186   0.163397  -0.327245    1.96026   -1.37285
  0.427701 -0.0222019    1.98187   0.163325  -0.327255     1.9603   -1.37286
  0.427732 -0.0222156    1.98187   0.163253  -0.327265    1.96033   -1.37287
  0.427763 -0.0222293    1.98188   0.163181  -0.327275    1.96037   -1.37289
  0.427793 -0.0222429    1.98188   0.163109  -0.327285    1.96041    -1.3729
  0.427824 -0.0222565    1.98189   0.163037  -0.327295    1.96044   -1.37291
  0.427854 -0.0222701    1.98189   0.162965  -0.327305    1.96048   -1.37292
  0.427885 -0.0222836     1.9819   0.162894  -0.327315    1.96052   -1.37293
 0.427915 -0.022297    1.9819  0.162823 -0.327325   1.96055  -1.37295
  0.427946 -0.0223105    1.98191   0.162752  -0.327335    1.96059   -1.37296
  0.427976 -0.0223239    1.98191   0.162681  -0.327346    1.96063   -1.37297
  0.428006 -0.0223372    1.98192   0.162611  -0.327356    1.96066   -1.37298
  0.428036 -0.0223505    1.98192    0.16254  -0.327366     1.9607     -1.373
  0.428066 -0.0223638    1.98193    0.16247  -0.327376    1.96073   -1.37301
 0.428096 -0.022377   1.98193    0.1624 -0.327386   1.96077  -1.37302
  0.428126 -0.0223902    1.98194    0.16233  -0.327396    1.96081   -1.37303
  0.428155 -0.0224034    1.98194   0.162261  -0.327405    1.96084   -1.37304
  0.428185 -0.0224165    1.98195   0.162191  -0.327415    1.96088   -1.37305
  0.428215 -0.0224296    1.98195   0.162122  -0.327425    1.96091   -1.37307
  0.428244 -0.0224426    1.98196   0.162053  -0.327435    1.96095   -1.37308
  0.428273 -0.0224556    1.98196   0.161984  -0.327445    1.96098   -1.37309
  0.428303 -0.0224686    1.98197   0.161916  -0.327455    1.96102    -1.3731
  0.428332 -0.0224815    1.98197   0.161847  -0.327465    1.96105   -1.37311
  0.428361 -0.0224944    1.98198   0.161779  -0.327475    1.96109   -1.37313
   0.42839 -0.0225073    1.98198   0.161711  -0.327485    1.96112   -1.37314
  0.428419 -0.0225201    1.98199   0.161643  -0.327495    1.96116   -1.37315
  0.428448 -0.0225329    1.98199   0.161575  -0.327505    1.96119   -1.37316
  0.428477 -0.0225456      1.982   0.161508  -0.327514    1.96123   -1.37317
  0.428506 -0.0225584      1.982   0.161441  -0.327524    1.96126   -1.37318
 0.428534 -0.022571   1.98201  0.161373 -0.327534    1.9613  -1.37319
  0.428563 -0.0225837    1.98201   0.161306  -0.327544    1.96133   -1.37321
  0.428592 -0.0225963    1.98201    0.16124  -0.327554    1.96137   -1.37322
   0.42862 -0.0226088    1.98202   0.161173  -0.327564     1.9614   -1.37323
  0.428648 -0.0226213    1.98202   0.161107  -0.327573    1.96144   -1.37324
  0.428677 -0.0226338    1.98203    0.16104  -0.327583    1.96147   -1.37325
  0.428705 -0.0226463    1.98203   0.160974  -0.327593     1.9615   -1.37326
  0.428733 -0.0226587    1.98204   0.160908  -0.327603    1.96154   -1.37327
  0.428761 -0.0226711    1.98204   0.160843  -0.327612    1.96157   -1.37328
  0.428789 -0.0226834    1.98205   0.160777  -0.327622     1.9616    -1.3733
  0.428817 -0.0226957    1.98205   0.160712  -0.327632    1.96164   -1.37331
 0.428845 -0.022708   1.98206  0.160647 -0.327642   1.96167  -1.37332
  0.428873 -0.0227202    1.98206   0.160582  -0.327651     1.9617   -1.37333
    0.4289 -0.0227324    1.98207   0.160517  -0.327661    1.96174   -1.37334
  0.428928 -0.0227446    1.98207   0.160452  -0.327671    1.96177   -1.37335
  0.428956 -0.0227567    1.98208   0.160388   -0.32768     1.9618   -1.37336
  0.428983 -0.0227688    1.98208   0.160324   -0.32769    1.96184   -1.37337
  0.429011 -0.0227809    1.98209    0.16026    -0.3277    1.96187   -1.37338
  0.429038 -0.0227929    1.98209   0.160196  -0.327709     1.9619    -1.3734
  0.429065 -0.0228049     1.9821   0.160132  -0.327719    1.96194   -1.37341
  0.429092 -0.0228168     1.9821   0.160068  -0.327729    1.96197   -1.37342
  0.429119 -0.0228287    1.98211   0.160005  -0.327738      1.962   -1.37343
  0.429146 -0.0228406    1.98211   0.159942  -0.327748    1.96203   -1.37344
  0.429173 -0.0228525    1.98212   0.159879  -0.327758    1.96207   -1.37345
    0.4292 -0.0228643    1.98212   0.159816  -0.327767     1.9621   -1.37346
  0.429227 -0.0228761    1.98213   0.159753  -0.327777    1.96213   -1.37347
  0.429254 -0.0228878    1.98213   0.159691  -0.327786    1.96216   -1.37348
   0.42928 -0.0228995    1.98214   0.159628  -0.327796    1.96219   -1.37349
  0.429307 -0.0229112    1.98214   0.159566  -0.327805    1.96223    -1.3735
  0.429334 -0.0229228    1.98215   0.159504  -0.327815    1.96226   -1.37351
   0.42936 -0.0229344    1.98215   0.159442  -0.327825    1.96229   -1.37352
 0.429386 -0.022946   1.98216   0.15938 -0.327834   1.96232  -1.37353
  0.429413 -0.0229575    1.98216   0.159319  -0.327844    1.96235   -1.37355
 0.429439 -0.022969   1.98217  0.159258 -0.327853   1.96238  -1.37356
  0.429465 -0.0229805    1.98217   0.159196  -0.327863    1.96242   -1.37357
 0.429491 -0.022992   1.98218  0.159135 -0.327872   1.96245  -1.37358
  0.429517 -0.0230034    1.98218   0.159075  -0.327882    1.96248   -1.37359
  0.429543 -0.0230147    1.98219   0.159014  -0.327891    1.96251    -1.3736
  0.429569 -0.0230261    1.98219   0.158953    -0.3279    1.96254   -1.37361
  0.429595 -0.0230374     1.9822   0.158893   -0.32791    1.96257   -1.37362
  0.429621 -0.0230486     1.9822   0.158833  -0.327919     1.9626   -1.37363
  0.429646 -0.0230599    1.98221   0.158773  -0.327929    1.96263   -1.37364
  0.429672 -0.0230711    1.98221   0.158713  -0.327938    1.96266   -1.37365
  0.429697 -0.0230823    1.98222   0.158653  -0.327948     1.9627   -1.37366
  0.429723 -0.0230934    1.98222   0.158594  -0.327957    1.96273   -1.37367
  0.429748 -0.0231045    1.98223   0.158535  -0.327966    1.96276   -1.37368
  0.429774 -0.0231156    1.98223   0.158475  -0.327976    1.96279   -1.37369
  0.429799 -0.0231266    1.98224   0.158416  -0.327985    1.96282    -1.3737
  0.429824 -0.0231376    1.98224   0.158357  -0.327995    1.96285   -1.37371
  0.429849 -0.0231486    1.98225   0.158299  -0.328004    1.96288   -1.37372
  0.429874 -0.0231595    1.98225    0.15824  -0.328013    1.96291   -1.37373
  0.429899 -0.0231705    1.98226   0.158182  -0.328023    1.96294   -1.37374
  0.429924 -0.0231813    1.98226   0.158124  -0.328032    1.96297   -1.37375
  0.429949 -0.0231922    1.98227   0.158065  -0.328041      1.963   -1.37376
 0.429974 -0.023203   1.98227  0.158008 -0.328051   1.96303  -1.37377
  0.429999 -0.0232138    1.98228    0.15795   -0.32806    1.96306   -1.37378
  0.430023 -0.0232245    1.98228   0.157892  -0.328069    1.96309   -1.37379
  0.430048 -0.0232353    1.98229   0.157835  -0.328078    1.96312    -1.3738
  0.430072 -0.0232459    1.98229   0.157778  -0.328088    1.96314   -1.37381
  0.430097 -0.0232566     1.9823    0.15772  -0.328097    1.96317   -1.37382
  0.430121 -0.0232672     1.9823   0.157663  -0.328106     1.9632   -1.37383
  0.430146 -0.0232778    1.98231   0.157607  -0.328116    1.96323   -1.37384
   0.43017 -0.0232884    1.98231    0.15755  -0.328125    1.96326   -1.37385
  0.430194 -0.0232989    1.98232   0.157493  -0.328134    1.96329   -1.37386
  0.430218 -0.0233094    1.98232   0.157437  -0.328143    1.96332   -1.37387
  0.430242 -0.0233199    1.98233   0.157381  -0.328152    1.96335   -1.37388
  0.430266 -0.0233303    1.98233   0.157325  -0.328162    1.96338   -1.37389
   0.43029 -0.0233407    1.98234   0.157269  -0.328171    1.96341    -1.3739
  0.430314 -0.0233511    1.98234   0.157213   -0.32818    1.96343   -1.37391
  0.430338 -0.0233615    1.98235   0.157158  -0.328189    1.96346   -1.37392
  0.430361 -0.0233718    1.98235   0.157102  -0.328198    1.96349   -1.37393
  0.430385 -0.0233821    1.98236   0.157047  -0.328208    1.96352   -1.37393
  0.430409 -0.0233923    1.98236   0.156992  -0.328217    1.96355   -1.37394
  0.430432 -0.0234026    1.98237   0.156937  -0.328226    1.96358   -1.37395
  0.430456 -0.0234128    1.98237   0.156882  -0.328235     1.9636   -1.37396
  0.430479 -0.0234229    1.98238   0.156827  -0.328244    1.96363   -1.37397
  0.430503 -0.0234331    1.98238   0.156773  -0.328253    1.96366   -1.37398
  0.430526 -0.0234432    1.98239   0.156719  -0.328262    1.96369   -1.37399
  0.430549 -0.0234532    1.98239   0.156664  -0.328272    1.96372     -1.374
  0.430572 -0.0234633     1.9824    0.15661  -0.328281    1.96374   -1.37401
  0.430595 -0.0234733     1.9824   0.156556   -0.32829    1.96377   -1.37402
  0.430618 -0.0234833    1.98241   0.156503  -0.328299     1.9638   -1.37403
  0.430641 -0.0234932    1.98241   0.156449  -0.328308    1.96383   -1.37404
  0.430664 -0.0235032    1.98242   0.156395  -0.328317    1.96385   -1.37405
  0.430687 -0.0235131    1.98242   0.156342  -0.328326    1.96388   -1.37406
   0.43071 -0.0235229    1.98243   0.156289  -0.328335    1.96391   -1.37407
  0.430733 -0.0235328    1.98243   0.156236  -0.328344    1.96394   -1.37407
  0.430755 -0.0235426    1.98244   0.156183  -0.328353    1.96396   -1.37408
  0.430778 -0.0235524    1.98244    0.15613  -0.328362    1.96399   -1.37409
  0.430801 -0.0235621    1.98245   0.156078  -0.328371    1.96402    -1.3741
  0.430823 -0.0235718    1.98245   0.156025   -0.32838    1.96404   -1.37411
  0.430845 -0.0235815    1.98246   0.155973  -0.328389    1.96407   -1.37412
  0.430868 -0.0235912    1.98246   0.155921  -0.328398     1.9641   -1.37413
   0.43089 -0.0236008    1.98247   0.155869  -0.328407    1.96412   -1.37414
  0.430912 -0.0236104    1.98247   0.155817  -0.328416    1.96415   -1.37415
 0.430935  -0.02362   1.98248  0.155765 -0.328425   1.96418  -1.37416
  0.430957 -0.0236296    1.98248   0.155713  -0.328434     1.9642   -1.37416
  0.430979 -0.0236391    1.98249   0.155662  -0.328443    1.96423   -1.37417
  0.431001 -0.0236486    1.98249    0.15561  -0.328452    1.96426   -1.37418
  0.431023 -0.0236581     1.9825   0.155559  -0.328461    1.96428   -1.37419
  0.431045 -0.0236675     1.9825   0.155508   -0.32847    1.96431    -1.3742
  0.431066 -0.0236769    1.98251   0.155457  -0.328479    1.96434   -1.37421
  0.431088 -0.0236863    1.98252   0.155407  -0.328488    1.96436   -1.37422
   0.43111 -0.0236956    1.98252   0.155356  -0.328497    1.96439   -1.37423
 0.431132 -0.023705   1.98253  0.155305 -0.328505   1.96441  -1.37423
  0.431153 -0.0237143    1.98253   0.155255  -0.328514    1.96444   -1.37424
  0.431175 -0.0237235    1.98254   0.155205  -0.328523    1.96447   -1.37425
  0.431196 -0.0237328    1.98254   0.155155  -0.328532    1.96449   -1.37426
 0.431218 -0.023742   1.98255  0.155105 -0.328541   1.96452  -1.37427
  0.431239 -0.0237512    1.98255   0.155055   -0.32855    1.96454   -1.37428
   0.43126 -0.0237603    1.98256   0.155005  -0.328559    1.96457   -1.37429
  0.431282 -0.0237695    1.98256   0.154956  -0.328567    1.96459   -1.37429
  0.431303 -0.0237786    1.98257   0.154906  -0.328576    1.96462    -1.3743
  0.431324 -0.0237877    1.98257   0.154857  -0.328585    1.96464   -1.37431
  0.431345 -0.0237967    1.98258   0.154808  -0.328594    1.96467   -1.37432
  0.431366 -0.0238057    1.98258   0.154759  -0.328603    1.96469   -1.37433
  0.431387 -0.0238147    1.98259    0.15471  -0.328612    1.96472   -1.37434
  0.431408 -0.0238237    1.98259   0.154661   -0.32862    1.96474   -1.37435
  0.431429 -0.0238327     1.9826   0.154613  -0.328629    1.96477   -1.37435
  0.431449 -0.0238416     1.9826   0.154564  -0.328638    1.96479   -1.37436
   0.43147 -0.0238505    1.98261   0.154516  -0.328647    1.96482   -1.37437
  0.431491 -0.0238593    1.98261   0.154468  -0.328655    1.96484   -1.37438
  0.431512 -0.0238682    1.98262    0.15442  -0.328664    1.96487   -1.37439
 0.431532 -0.023877   1.98262  0.154372 -0.328673   1.96489   -1.3744
  0.431553 -0.0238858    1.98263   0.154324  -0.328682    1.96492    -1.3744
  0.431573 -0.0238945    1.98263   0.154276   -0.32869    1.96494   -1.37441
  0.431593 -0.0239033    1.98264   0.154229  -0.328699    1.96497   -1.37442
 0.431614 -0.023912   1.98264  0.154181 -0.328708   1.96499  -1.37443
  0.431634 -0.0239206    1.98265   0.154134  -0.328717    1.96501   -1.37444
  0.431654 -0.0239293    1.98265   0.154087  -0.328725    1.96504   -1.37444
  0.431675 -0.0239379    1.98266    0.15404  -0.328734    1.96506   -1.37445
  0.431695 -0.0239465    1.98266   0.153993  -0.328743    1.96509   -1.37446
  0.431715 -0.0239551    1.98267   0.153946  -0.328751    1.96511   -1.37447
  0.431735 -0.0239637    1.98267     0.1539   -0.32876    1.96513   -1.37448
  0.431755 -0.0239722    1.98268   0.153853  -0.328769    1.96516   -1.37448
  0.431775 -0.0239807    1.98268   0.153807  -0.328777    1.96518   -1.37449
  0.431795 -0.0239892    1.98269    0.15376  -0.328786    1.96521    -1.3745
  0.431814 -0.0239976    1.98269   0.153714  -0.328795    1.96523   -1.37451
 0.431834 -0.024006    1.9827  0.153668 -0.328803   1.96525  -1.37452
  0.431854 -0.0240144     1.9827   0.153622  -0.328812    1.96528   -1.37452
  0.431873 -0.0240228    1.98271   0.153577  -0.328821     1.9653   -1.37453
  0.431893 -0.0240311    1.98271   0.153531  -0.328829    1.96532   -1.37454
  0.431913 -0.0240395    1.98272   0.153486  -0.328838    1.96535   -1.37455
  0.431932 -0.0240478    1.98273    0.15344  -0.328846    1.96537   -1.37456
 0.431952 -0.024056   1.98273  0.153395 -0.328855   1.96539  -1.37456
  0.431971 -0.0240643    1.98274    0.15335  -0.328864    1.96542   -1.37457
   0.43199 -0.0240725    1.98274   0.153305  -0.328872    1.96544   -1.37458
   0.43201 -0.0240807    1.98275    0.15326  -0.328881    1.96546   -1.37459
  0.432029 -0.0240889    1.98275   0.153215  -0.328889    1.96549   -1.37459
 0.432048 -0.024097   1.98276  0.153171 -0.328898   1.96551   -1.3746
  0.432067 -0.0241052    1.98276   0.153126  -0.328906    1.96553   -1.37461
  0.432086 -0.0241133    1.98277   0.153082  -0.328915    1.96555   -1.37462
  0.432105 -0.0241213    1.98277   0.153037  -0.328924    1.96558   -1.37463
  0.432124 -0.0241294    1.98278   0.152993  -0.328932     1.9656   -1.37463
  0.432143 -0.0241374    1.98278   0.152949  -0.328941    1.96562   -1.37464
  0.432162 -0.0241454    1.98279   0.152905  -0.328949    1.96564   -1.37465
  0.432181 -0.0241534    1.98279   0.152861  -0.328958    1.96567   -1.37466
    0.4322 -0.0241613     1.9828   0.152818  -0.328966    1.96569   -1.37466
  0.432218 -0.0241693     1.9828   0.152774  -0.328975    1.96571   -1.37467
  0.432237 -0.0241772    1.98281   0.152731  -0.328983    1.96573   -1.37468
  0.432256 -0.0241851    1.98281   0.152688  -0.328992    1.96576   -1.37469
  0.432274 -0.0241929    1.98282   0.152644     -0.329    1.96578   -1.37469
  0.432293 -0.0242008    1.98282   0.152601  -0.329009     1.9658    -1.3747
  0.432311 -0.0242086    1.98283   0.152558  -0.329017    1.96582   -1.37471
   0.43233 -0.0242164    1.98283   0.152515  -0.329026    1.96584   -1.37472
  0.432348 -0.0242241    1.98284   0.152473  -0.329034    1.96587   -1.37472
  0.432366 -0.0242319    1.98284    0.15243  -0.329042    1.96589   -1.37473
  0.432385 -0.0242396    1.98285   0.152388  -0.329051    1.96591   -1.37474
  0.432403 -0.0242473    1.98285   0.152345  -0.329059    1.96593   -1.37475
  0.432421 -0.0242549    1.98286   0.152303  -0.329068    1.96595   -1.37475
  0.432439 -0.0242626    1.98286   0.152261  -0.329076    1.96598   -1.37476
  0.432457 -0.0242702    1.98287   0.152219  -0.329085      1.966   -1.37477
  0.432475 -0.0242778    1.98288   0.152177  -0.329093    1.96602   -1.37477
  0.432493 -0.0242854    1.98288   0.152135  -0.329101    1.96604   -1.37478
  0.432511 -0.0242929    1.98289   0.152093   -0.32911    1.96606   -1.37479
  0.432529 -0.0243005    1.98289   0.152052  -0.329118    1.96608    -1.3748
 0.432547 -0.024308    1.9829   0.15201 -0.329127    1.9661   -1.3748
  0.432565 -0.0243155     1.9829   0.151969  -0.329135    1.96613   -1.37481
  0.432582 -0.0243229    1.98291   0.151928  -0.329143    1.96615   -1.37482
    0.4326 -0.0243304    1.98291   0.151887  -0.329152    1.96617   -1.37482
  0.432618 -0.0243378    1.98292   0.151846   -0.32916    1.96619   -1.37483
  0.432635 -0.0243452    1.98292   0.151805  -0.329168    1.96621   -1.37484
  0.432653 -0.0243526    1.98293   0.151764  -0.329177    1.96623   -1.37485
   0.43267 -0.0243599    1.98293   0.151723  -0.329185    1.96625   -1.37485
  0.432688 -0.0243672    1.98294   0.151683  -0.329193    1.96627   -1.37486
  0.432705 -0.0243745    1.98294   0.151642  -0.329202    1.96629   -1.37487
  0.432723 -0.0243818    1.98295   0.151602   -0.32921    1.96631   -1.37487
   0.43274 -0.0243891    1.98295   0.151562  -0.329218    1.96633   -1.37488
  0.432757 -0.0243963    1.98296   0.151522  -0.329227    1.96635   -1.37489
  0.432774 -0.0244035    1.98296   0.151482  -0.329235    1.96638   -1.37489
  0.432791 -0.0244107    1.98297   0.151442  -0.329243     1.9664    -1.3749
  0.432809 -0.0244179    1.98297   0.151402  -0.329251    1.96642   -1.37491
  0.432826 -0.0244251    1.98298   0.151362   -0.32926    1.96644   -1.37492
  0.432843 -0.0244322    1.98298   0.151323  -0.329268    1.96646   -1.37492
   0.43286 -0.0244393    1.98299   0.151283  -0.329276    1.96648   -1.37493
  0.432877 -0.0244464      1.983   0.151244  -0.329285     1.9665   -1.37494
  0.432894 -0.0244534      1.983   0.151205  -0.329293    1.96652   -1.37494
   0.43291 -0.0244605    1.98301   0.151166  -0.329301    1.96654   -1.37495
  0.432927 -0.0244675    1.98301   0.151127  -0.329309    1.96656   -1.37496
  0.432944 -0.0244745    1.98302   0.151088  -0.329318    1.96658   -1.37496
  0.432961 -0.0244815    1.98302   0.151049  -0.329326     1.9666   -1.37497
  0.432977 -0.0244884    1.98303    0.15101  -0.329334    1.96662   -1.37498
  0.432994 -0.0244954    1.98303   0.150972  -0.329342    1.96664   -1.37498
  0.433011 -0.0245023    1.98304   0.150933   -0.32935    1.96666   -1.37499
  0.433027 -0.0245092    1.98304   0.150895  -0.329359    1.96668     -1.375
 0.433044 -0.024516   1.98305  0.150856 -0.329367    1.9667    -1.375
   0.43306 -0.0245229    1.98305   0.150818  -0.329375    1.96672   -1.37501
  0.433077 -0.0245297    1.98306    0.15078  -0.329383    1.96673   -1.37502
  0.433093 -0.0245365    1.98306   0.150742  -0.329391    1.96675   -1.37502
  0.433109 -0.0245433    1.98307   0.150704    -0.3294    1.96677   -1.37503
  0.433126 -0.0245501    1.98307   0.150667  -0.329408    1.96679   -1.37504
  0.433142 -0.0245568    1.98308   0.150629  -0.329416    1.96681   -1.37504
  0.433158 -0.0245636    1.98308   0.150591  -0.329424    1.96683   -1.37505
  0.433174 -0.0245703    1.98309   0.150554  -0.329432    1.96685   -1.37506
   0.43319 -0.0245769    1.98309   0.150517   -0.32944    1.96687   -1.37506
  0.433206 -0.0245836     1.9831   0.150479  -0.329449    1.96689   -1.37507
  0.433222 -0.0245902    1.98311   0.150442  -0.329457    1.96691   -1.37508
  0.433238 -0.0245969    1.98311   0.150405  -0.329465    1.96693   -1.37508
  0.433254 -0.0246035    1.98312   0.150368  -0.329473    1.96695   -1.37509
   0.43327 -0.0246101    1.98312   0.150331  -0.329481    1.96696   -1.37509
  0.433286 -0.0246166    1.98313   0.150295  -0.329489    1.96698    -1.3751
  0.433302 -0.0246232    1.98313   0.150258  -0.329497      1.967   -1.37511
  0.433317 -0.0246297    1.98314   0.150221  -0.329505    1.96702   -1.37511
  0.433333 -0.0246362    1.98314   0.150185  -0.329513    1.96704   -1.37512
  0.433349 -0.0246427    1.98315   0.150149  -0.329522    1.96706   -1.37513
  0.433365 -0.0246491    1.98315   0.150112   -0.32953    1.96708   -1.37513
   0.43338 -0.0246556    1.98316   0.150076  -0.329538     1.9671   -1.37514
 0.433396 -0.024662   1.98316   0.15004 -0.329546   1.96711  -1.37515
  0.433411 -0.0246684    1.98317   0.150004  -0.329554    1.96713   -1.37515
  0.433427 -0.0246748    1.98317   0.149968  -0.329562    1.96715   -1.37516
  0.433442 -0.0246811    1.98318   0.149933   -0.32957    1.96717   -1.37516
  0.433457 -0.0246875    1.98318   0.149897  -0.329578    1.96719   -1.37517
  0.433473 -0.0246938    1.98319   0.149861  -0.329586    1.96721   -1.37518
  0.433488 -0.0247001    1.98319   0.149826  -0.329594    1.96722   -1.37518
  0.433503 -0.0247064     1.9832   0.149791  -0.329602    1.96724   -1.37519
  0.433519 -0.0247126    1.98321   0.149755   -0.32961    1.96726    -1.3752
  0.433534 -0.0247189    1.98321    0.14972  -0.329618    1.96728    -1.3752
  0.433549 -0.0247251    1.98322   0.149685  -0.329626     1.9673   -1.37521
  0.433564 -0.0247313    1.98322    0.14965  -0.329634    1.96731   -1.37521
  0.433579 -0.0247375    1.98323   0.149615  -0.329642    1.96733   -1.37522
  0.433594 -0.0247436    1.98323    0.14958   -0.32965    1.96735   -1.37523
  0.433609 -0.0247498    1.98324   0.149546  -0.329658    1.96737   -1.37523
  0.433624 -0.0247559    1.98324   0.149511  -0.329666    1.96739   -1.37524
 0.433639 -0.024762   1.98325  0.149477 -0.329674    1.9674  -1.37524
  0.433654 -0.0247681    1.98325   0.149442  -0.329682    1.96742   -1.37525
  0.433669 -0.0247742    1.98326   0.149408   -0.32969    1.96744   -1.37526
  0.433683 -0.0247802    1.98326   0.149374  -0.329698    1.96746   -1.37526
  0.433698 -0.0247863    1.98327    0.14934  -0.329706    1.96747   -1.37527
  0.433713 -0.0247923    1.98327   0.149306  -0.329714    1.96749   -1.37527
  0.433727 -0.0247983    1.98328   0.149272  -0.329722    1.96751   -1.37528
  0.433742 -0.0248043    1.98328   0.149238   -0.32973    1.96753   -1.37529
  0.433757 -0.0248102    1.98329   0.149204  -0.329738    1.96754   -1.37529
  0.433771 -0.0248162     1.9833    0.14917  -0.329746    1.96756    -1.3753
  0.433786 -0.0248221     1.9833   0.149137  -0.329754    1.96758    -1.3753
   0.4338 -0.024828   1.98331  0.149103 -0.329762   1.96759  -1.37531
  0.433815 -0.0248339    1.98331    0.14907   -0.32977    1.96761   -1.37531
  0.433829 -0.0248397    1.98332   0.149037  -0.329777    1.96763   -1.37532
  0.433843 -0.0248456    1.98332   0.149003  -0.329785    1.96765   -1.37533
  0.433858 -0.0248514    1.98333    0.14897  -0.329793    1.96766   -1.37533
  0.433872 -0.0248572    1.98333   0.148937  -0.329801    1.96768   -1.37534
 0.433886 -0.024863   1.98334  0.148904 -0.329809    1.9677  -1.37534
    0.4339 -0.0248688    1.98334   0.148872  -0.329817    1.96771   -1.37535
  0.433915 -0.0248745    1.98335   0.148839  -0.329825    1.96773   -1.37535
  0.433929 -0.0248803    1.98335   0.148806  -0.329833    1.96775   -1.37536
 0.433943 -0.024886   1.98336  0.148774 -0.329841   1.96776  -1.37537
  0.433957 -0.0248917    1.98336   0.148741  -0.329848    1.96778   -1.37537
  0.433971 -0.0248974    1.98337   0.148709  -0.329856     1.9678   -1.37538
  0.433985 -0.0249031    1.98338   0.148676  -0.329864    1.96781   -1.37538
  0.433999 -0.0249087    1.98338   0.148644  -0.329872    1.96783   -1.37539
  0.434013 -0.0249143    1.98339   0.148612   -0.32988    1.96785   -1.37539
  0.434026 -0.0249199    1.98339    0.14858  -0.329888    1.96786    -1.3754
   0.43404 -0.0249255     1.9834   0.148548  -0.329895    1.96788   -1.37541
  0.434054 -0.0249311     1.9834   0.148516  -0.329903     1.9679   -1.37541
  0.434068 -0.0249367    1.98341   0.148484  -0.329911    1.96791   -1.37542
  0.434082 -0.0249422    1.98341   0.148453  -0.329919    1.96793   -1.37542
  0.434095 -0.0249477    1.98342   0.148421  -0.329927    1.96794   -1.37543
  0.434109 -0.0249533    1.98342    0.14839  -0.329935    1.96796   -1.37543
  0.434122 -0.0249587    1.98343   0.148358  -0.329942    1.96798   -1.37544
  0.434136 -0.0249642    1.98343   0.148327   -0.32995    1.96799   -1.37544
   0.43415 -0.0249697    1.98344   0.148296  -0.329958    1.96801   -1.37545
  0.434163 -0.0249751    1.98344   0.148264  -0.329966    1.96802   -1.37546
  0.434176 -0.0249805    1.98345   0.148233  -0.329974    1.96804   -1.37546
   0.43419 -0.0249859    1.98346   0.148202  -0.329981    1.96806   -1.37547
  0.434203 -0.0249913    1.98346   0.148171  -0.329989    1.96807   -1.37547
  0.434217 -0.0249967    1.98347   0.148141  -0.329997    1.96809   -1.37548
  0.43423 -0.025002   1.98347   0.14811 -0.330005    1.9681  -1.37548
  0.434243 -0.0250074    1.98348   0.148079  -0.330012    1.96812   -1.37549
  0.434256 -0.0250127    1.98348   0.148049   -0.33002    1.96813   -1.37549
  0.43427 -0.025018   1.98349  0.148018 -0.330028   1.96815   -1.3755
  0.434283 -0.0250233    1.98349   0.147988  -0.330036    1.96817    -1.3755
  0.434296 -0.0250286     1.9835   0.147957  -0.330043    1.96818   -1.37551
  0.434309 -0.0250338     1.9835   0.147927  -0.330051     1.9682   -1.37551
 0.434322 -0.025039   1.98351  0.147897 -0.330059   1.96821  -1.37552
  0.434335 -0.0250443    1.98351   0.147867  -0.330067    1.96823   -1.37552
  0.434348 -0.0250495    1.98352   0.147837  -0.330074    1.96824   -1.37553
  0.434361 -0.0250546    1.98352   0.147807  -0.330082    1.96826   -1.37554
  0.434374 -0.0250598    1.98353   0.147777   -0.33009    1.96827   -1.37554
 0.434387 -0.025065   1.98354  0.147747 -0.330098   1.96829  -1.37555
    0.4344 -0.0250701    1.98354   0.147718  -0.330105     1.9683   -1.37555
  0.434413 -0.0250752    1.98355   0.147688  -0.330113    1.96832   -1.37556
  0.434425 -0.0250803    1.98355   0.147659  -0.330121    1.96833   -1.37556
  0.434438 -0.0250854    1.98356   0.147629  -0.330128    1.96835   -1.37557
  0.434451 -0.0250905    1.98356     0.1476  -0.330136    1.96836   -1.37557
  0.434464 -0.0250955    1.98357   0.147571  -0.330144    1.96838   -1.37558
  0.434476 -0.0251006    1.98357   0.147541  -0.330151    1.96839   -1.37558
  0.434489 -0.0251056    1.98358   0.147512  -0.330159    1.96841   -1.37559
  0.434501 -0.0251106    1.98358   0.147483  -0.330167    1.96842   -1.37559
  0.434514 -0.0251156    1.98359   0.147454  -0.330174    1.96844    -1.3756
  0.434527 -0.0251206    1.98359   0.147426  -0.330182    1.96845    -1.3756
  0.434539 -0.0251255     1.9836   0.147397   -0.33019    1.96847   -1.37561
  0.434551 -0.0251305    1.98361   0.147368  -0.330197    1.96848   -1.37561
  0.434564 -0.0251354    1.98361   0.147339  -0.330205     1.9685   -1.37562
  0.434576 -0.0251403    1.98362   0.147311  -0.330213    1.96851   -1.37562
  0.434589 -0.0251452    1.98362   0.147282   -0.33022    1.96853   -1.37563
  0.434601 -0.0251501    1.98363   0.147254  -0.330228    1.96854   -1.37563
  0.434613 -0.0251549    1.98363   0.147226  -0.330235    1.96856   -1.37564
  0.434626 -0.0251598    1.98364   0.147197  -0.330243    1.96857   -1.37564
  0.434638 -0.0251646    1.98364   0.147169  -0.330251    1.96859   -1.37565
   0.43465 -0.0251694    1.98365   0.147141  -0.330258     1.9686   -1.37565
  0.434662 -0.0251742    1.98365   0.147113  -0.330266    1.96861   -1.37566
 0.434674 -0.025179   1.98366  0.147085 -0.330274   1.96863  -1.37566
  0.434686 -0.0251838    1.98366   0.147057  -0.330281    1.96864   -1.37567
  0.434698 -0.0251886    1.98367    0.14703  -0.330289    1.96866   -1.37567
   0.43471 -0.0251933    1.98368   0.147002  -0.330296    1.96867   -1.37568
 0.434722 -0.025198   1.98368  0.146974 -0.330304   1.96868  -1.37568
  0.434734 -0.0252027    1.98369   0.146947  -0.330312     1.9687   -1.37569
  0.434746 -0.0252074    1.98369   0.146919  -0.330319    1.96871   -1.37569
  0.434758 -0.0252121     1.9837   0.146892  -0.330327    1.96873    -1.3757
   0.43477 -0.0252168     1.9837   0.146865  -0.330334    1.96874    -1.3757
  0.434782 -0.0252214    1.98371   0.146837  -0.330342    1.96876   -1.37571
 0.434794 -0.025226   1.98371   0.14681 -0.330349   1.96877  -1.37571
  0.434806 -0.0252307    1.98372   0.146783  -0.330357    1.96878   -1.37572
  0.434817 -0.0252353    1.98372   0.146756  -0.330364     1.9688   -1.37572
  0.434829 -0.0252398    1.98373   0.146729  -0.330372    1.96881   -1.37572
  0.434841 -0.0252444    1.98373   0.146702   -0.33038    1.96882   -1.37573
 0.434852 -0.025249   1.98374  0.146675 -0.330387   1.96884  -1.37573
  0.434864 -0.0252535    1.98375   0.146649  -0.330395    1.96885   -1.37574
  0.434875 -0.0252581    1.98375   0.146622  -0.330402    1.96887   -1.37574
  0.434887 -0.0252626    1.98376   0.146595   -0.33041    1.96888   -1.37575
  0.434899 -0.0252671    1.98376   0.146569  -0.330417    1.96889   -1.37575
   0.43491 -0.0252716    1.98377   0.146542  -0.330425    1.96891   -1.37576
 0.434922 -0.025276   1.98377  0.146516 -0.330432   1.96892  -1.37576
  0.434933 -0.0252805    1.98378    0.14649   -0.33044    1.96893   -1.37577
  0.434944 -0.0252849    1.98378   0.146464  -0.330447    1.96895   -1.37577
  0.434956 -0.0252893    1.98379   0.146437  -0.330455    1.96896   -1.37578
  0.434967 -0.0252938    1.98379   0.146411  -0.330462    1.96897   -1.37578
  0.434978 -0.0252982     1.9838   0.146385   -0.33047    1.96899   -1.37579
   0.43499 -0.0253025     1.9838   0.146359  -0.330477      1.969   -1.37579
  0.435001 -0.0253069    1.98381   0.146334  -0.330485    1.96901   -1.37579
  0.435012 -0.0253113    1.98382   0.146308  -0.330492    1.96903    -1.3758
  0.435023 -0.0253156    1.98382   0.146282    -0.3305    1.96904    -1.3758
  0.435035 -0.0253199    1.98383   0.146256  -0.330507    1.96905   -1.37581
  0.435046 -0.0253242    1.98383   0.146231  -0.330515    1.96907   -1.37581
  0.435057 -0.0253285    1.98384   0.146205  -0.330522    1.96908   -1.37582
  0.435068 -0.0253328    1.98384    0.14618   -0.33053    1.96909   -1.37582
  0.435079 -0.0253371    1.98385   0.146154  -0.330537     1.9691   -1.37583
   0.43509 -0.0253413    1.98385   0.146129  -0.330544    1.96912   -1.37583
  0.435101 -0.0253456    1.98386   0.146104  -0.330552    1.96913   -1.37583
  0.435112 -0.0253498    1.98386   0.146079  -0.330559    1.96914   -1.37584
 0.435123 -0.025354   1.98387  0.146054 -0.330567   1.96916  -1.37584
  0.435134 -0.0253582    1.98388   0.146029  -0.330574    1.96917   -1.37585
  0.435145 -0.0253624    1.98388   0.146004  -0.330582    1.96918   -1.37585
  0.435155 -0.0253666    1.98389   0.145979  -0.330589    1.96919   -1.37586
  0.435166 -0.0253707    1.98389   0.145954  -0.330597    1.96921   -1.37586
  0.435177 -0.0253749     1.9839   0.145929  -0.330604    1.96922   -1.37587
 0.435188 -0.025379    1.9839  0.145905 -0.330611   1.96923  -1.37587
  0.435199 -0.0253831    1.98391    0.14588  -0.330619    1.96925   -1.37587
  0.435209 -0.0253872    1.98391   0.145855  -0.330626    1.96926   -1.37588
   0.43522 -0.0253913    1.98392   0.145831  -0.330634    1.96927   -1.37588
  0.435231 -0.0253954    1.98392   0.145807  -0.330641    1.96928   -1.37589
  0.435241 -0.0253995    1.98393   0.145782  -0.330648     1.9693   -1.37589
  0.435252 -0.0254035    1.98393   0.145758  -0.330656    1.96931    -1.3759
  0.435262 -0.0254076    1.98394   0.145734  -0.330663    1.96932    -1.3759
  0.435273 -0.0254116    1.98395    0.14571  -0.330671    1.96933    -1.3759
  0.435283 -0.0254156    1.98395   0.145685  -0.330678    1.96934   -1.37591
  0.435294 -0.0254196    1.98396   0.145661  -0.330685    1.96936   -1.37591
  0.435304 -0.0254236    1.98396   0.145637  -0.330693    1.96937   -1.37592
  0.435315 -0.0254275    1.98397   0.145614    -0.3307    1.96938   -1.37592
  0.435325 -0.0254315    1.98397    0.14559  -0.330707    1.96939   -1.37593
  0.435335 -0.0254354    1.98398   0.145566  -0.330715    1.96941   -1.37593
  0.435346 -0.0254394    1.98398   0.145542  -0.330722    1.96942   -1.37593
  0.435356 -0.0254433    1.98399   0.145519   -0.33073    1.96943   -1.37594
  0.435366 -0.0254472    1.98399   0.145495  -0.330737    1.96944   -1.37594
  0.435377 -0.0254511      1.984   0.145472  -0.330744    1.96945   -1.37595
 0.435387 -0.025455   1.98401  0.145448 -0.330752   1.96947  -1.37595
  0.435397 -0.0254588    1.98401   0.145425  -0.330759    1.96948   -1.37595
  0.435407 -0.0254627    1.98402   0.145402  -0.330766    1.96949   -1.37596
  0.435417 -0.0254665    1.98402   0.145378  -0.330774     1.9695   -1.37596
  0.435427 -0.0254703    1.98403   0.145355  -0.330781    1.96951   -1.37597
  0.435438 -0.0254742    1.98403   0.145332  -0.330788    1.96953   -1.37597
 0.435448 -0.025478   1.98404  0.145309 -0.330796   1.96954  -1.37598
  0.435458 -0.0254817    1.98404   0.145286  -0.330803    1.96955   -1.37598
  0.435468 -0.0254855    1.98405   0.145263   -0.33081    1.96956   -1.37598
  0.435478 -0.0254893    1.98405    0.14524  -0.330818    1.96957   -1.37599
 0.435488 -0.025493   1.98406  0.145217 -0.330825   1.96958  -1.37599
  0.435498 -0.0254968    1.98407   0.145195  -0.330832     1.9696     -1.376
  0.435507 -0.0255005    1.98407   0.145172  -0.330839    1.96961     -1.376
  0.435517 -0.0255042    1.98408   0.145149  -0.330847    1.96962     -1.376
  0.435527 -0.0255079    1.98408   0.145127  -0.330854    1.96963   -1.37601
  0.435537 -0.0255116    1.98409   0.145104  -0.330861    1.96964   -1.37601
  0.435547 -0.0255153    1.98409   0.145082  -0.330869    1.96965   -1.37602
  0.435557 -0.0255189     1.9841    0.14506  -0.330876    1.96967   -1.37602
  0.435566 -0.0255226     1.9841   0.145037  -0.330883    1.96968   -1.37602
  0.435576 -0.0255262    1.98411   0.145015   -0.33089    1.96969   -1.37603
  0.435586 -0.0255298    1.98411   0.144993  -0.330898     1.9697   -1.37603
  0.435595 -0.0255335    1.98412   0.144971  -0.330905    1.96971   -1.37604
  0.435605 -0.0255371    1.98413   0.144949  -0.330912    1.96972   -1.37604
  0.435615 -0.0255406    1.98413   0.144927   -0.33092    1.96973   -1.37604
  0.435624 -0.0255442    1.98414   0.144905  -0.330927    1.96974   -1.37605
  0.435634 -0.0255478    1.98414   0.144883  -0.330934    1.96976   -1.37605
  0.435643 -0.0255513    1.98415   0.144861  -0.330941    1.96977   -1.37605
  0.435653 -0.0255549    1.98415   0.144839  -0.330949    1.96978   -1.37606
  0.435662 -0.0255584    1.98416   0.144818  -0.330956    1.96979   -1.37606
  0.435672 -0.0255619    1.98416   0.144796  -0.330963     1.9698   -1.37607
  0.435681 -0.0255654    1.98417   0.144774   -0.33097    1.96981   -1.37607
  0.435691 -0.0255689    1.98418   0.144753  -0.330978    1.96982   -1.37607
    0.4357 -0.0255724    1.98418   0.144731  -0.330985    1.96983   -1.37608
   0.43571 -0.0255759    1.98419    0.14471  -0.330992    1.96984   -1.37608
  0.435719 -0.0255793    1.98419   0.144689  -0.330999    1.96986   -1.37609
  0.435728 -0.0255828     1.9842   0.144667  -0.331006    1.96987   -1.37609
  0.435737 -0.0255862     1.9842   0.144646  -0.331014    1.96988   -1.37609
