 0.0596113 -0.0059462 -0.0309996
  0.0524487 -0.00543509  -0.0110919
  0.0547031 -0.00428622     0.00798
  0.0605406 -0.00299168   0.0242726
  0.0671305 -0.00178116   0.0373583
   0.0732407 -0.000744369    0.0474951
 0.0784316 0.00010016  0.0551702
  0.0826334 0.000766831    0.060892
 0.0859333 0.00128253  0.0651094
0.0884721 0.0016763 0.0681897
0.0903961 0.0019747 0.0704217
 0.0918374 0.00220003  0.0720269
0.0929065 0.0023702 0.0731722
 0.0936927 0.00249909   0.073982
 0.0942657 0.00259727  0.0745484
 0.0946792 0.00267265  0.0749387
0.0949739 0.0027311 0.0752021
 0.0951803 0.00277693  0.0753745
 0.0953214 0.00281331  0.0754816
  0.095414 0.00284254  0.0755422
 0.0954707 0.00286633  0.0755697
 0.0955008 0.00288592  0.0755738
 0.0955111 0.00290221  0.0755614
 0.0955066 0.00291589  0.0755375
 0.0954911 0.00292746  0.0755057
 0.0954675 0.00293731  0.0754684
 0.0954378 0.00294573  0.0754276
 0.0954035 0.00295295  0.0753845
 0.0953658 0.00295914  0.0753401
 0.0953257 0.00296444   0.075295
 0.0952838 0.00296899  0.0752497
 0.0952406 0.00297286  0.0752044
 0.0951965 0.00297615  0.0751596
 0.0951519 0.00297891  0.0751152
  0.095107 0.00298121  0.0750715
0.0950619 0.0029831 0.0750284
 0.0950169 0.00298461   0.074986
0.0949719 0.0029858 0.0749444
 0.0949273 0.00298669  0.0749035
 0.0948829 0.00298732  0.0748633
0.0948388 0.0029877 0.0748239
 0.0947951 0.00298788  0.0747852
 0.0947519 0.00298785  0.0747472
  0.094709 0.00298766  0.0747098
 0.0946666 0.00298731  0.0746731
 0.0946247 0.00298681   0.074637
0.0945832 0.0029862 0.0746015
 0.0945421 0.00298546  0.0745666
 0.0945015 0.00298463  0.0745322
0.0944614 0.0029837 0.0744983
0.0944217 0.0029827  0.074465
 0.0943824 0.00298162  0.0744321
 0.0943435 0.00298047  0.0743997
 0.0943051 0.00297927  0.0743678
 0.0942671 0.00297801  0.0743362
 0.0942295 0.00297671  0.0743051
 0.0941922 0.00297536  0.0742743
 0.0941554 0.00297398  0.0742439
 0.0941189 0.00297257  0.0742139
 0.0940828 0.00297112  0.0741843
  0.094047 0.00296966  0.0741549
 0.0940116 0.00296817  0.0741259
 0.0939765 0.00296666  0.0740972
 0.0939417 0.00296514  0.0740688
0.0939073 0.0029636 0.0740407
 0.0938732 0.00296205  0.0740128
 0.0938393 0.00296049  0.0739852
 0.0938058 0.00295892  0.0739579
 0.0937725 0.00295735  0.0739308
 0.0937396 0.00295577   0.073904
 0.0937069 0.00295419  0.0738774
0.0936745 0.0029526 0.0738511
 0.0936423 0.00295102   0.073825
 0.0936104 0.00294943  0.0737991
 0.0935788 0.00294784  0.0737734
 0.0935474 0.00294626  0.0737479
 0.0935163 0.00294467  0.0737226
 0.0934854 0.00294309  0.0736976
 0.0934548 0.00294151  0.0736727
 0.0934243 0.00293994   0.073648
 0.0933941 0.00293837  0.0736235
0.0933642 0.0029368 0.0735992
 0.0933344 0.00293524  0.0735751
 0.0933049 0.00293368  0.0735512
 0.0932756 0.00293213  0.0735274
 0.0932465 0.00293058  0.0735039
 0.0932177 0.00292905  0.0734805
  0.093189 0.00292751  0.0734572
 0.0931605 0.00292599  0.0734341
 0.0931323 0.00292446  0.0734112
 0.0931042 0.00292295  0.0733885
 0.0930764 0.00292144  0.0733659
 0.0930487 0.00291994  0.0733435
 0.0930212 0.00291845  0.0733212
  0.092994 0.00291697  0.0732991
 0.0929669 0.00291549  0.0732771
   0.09294 0.00291402  0.0732553
 0.0929133 0.00291255  0.0732337
0.0928867 0.0029111 0.0732121
 0.0928604 0.00290965  0.0731908
0.0928342 0.0029082 0.0731696
 0.0928083 0.00290677  0.0731485
 0.0927825 0.00290534  0.0731275
 0.0927568 0.00290392  0.0731068
 0.0927314 0.00290251  0.0730861
 0.0927061 0.00290111  0.0730656
  0.092681 0.00289971  0.0730452
  0.092656 0.00289832   0.073025
 0.0926313 0.00289693  0.0730048
 0.0926067 0.00289556  0.0729849
 0.0925822 0.00289419   0.072965
 0.0925579 0.00289283  0.0729453
 0.0925338 0.00289148  0.0729257
 0.0925099 0.00289013  0.0729063
 0.0924861 0.00288879  0.0728869
 0.0924624 0.00288746  0.0728677
  0.092439 0.00288614  0.0728487
 0.0924156 0.00288482  0.0728297
 0.0923925 0.00288351  0.0728109
 0.0923695 0.00288221  0.0727922
 0.0923466 0.00288091  0.0727736
 0.0923239 0.00287962  0.0727551
 0.0923013 0.00287834  0.0727368
 0.0922789 0.00287706  0.0727186
 0.0922566 0.00287579  0.0727005
 0.0922345 0.00287453  0.0726825
 0.0922125 0.00287328  0.0726646
 0.0921907 0.00287203  0.0726468
  0.092169 0.00287079  0.0726292
 0.0921475 0.00286956  0.0726117
  0.092126 0.00286833  0.0725942
 0.0921048 0.00286711  0.0725769
 0.0920837 0.00286589  0.0725597
 0.0920627 0.00286468  0.0725426
 0.0920418 0.00286348  0.0725257
 0.0920211 0.00286229  0.0725088
0.0920005 0.0028611  0.072492
   0.09198 0.00285992  0.0724754
 0.0919597 0.00285874  0.0724588
 0.0919395 0.00285757  0.0724424
 0.0919195 0.00285641   0.072426
 0.0918995 0.00285525  0.0724098
0.0918797 0.0028541 0.0723937
 0.0918601 0.00285296  0.0723776
 0.0918405 0.00285182  0.0723617
 0.0918211 0.00285068  0.0723459
 0.0918018 0.00284956  0.0723301
 0.0917826 0.00284844  0.0723145
 0.0917636 0.00284732  0.0722989
 0.0917446 0.00284621  0.0722835
 0.0917258 0.00284511  0.0722682
 0.0917071 0.00284401  0.0722529
 0.0916886 0.00284292  0.0722378
 0.0916701 0.00284184  0.0722227
 0.0916518 0.00284076  0.0722077
 0.0916336 0.00283968  0.0721929
 0.0916155 0.00283862  0.0721781
 0.0915975 0.00283755  0.0721634
0.0915796 0.0028365 0.0721488
 0.0915618 0.00283544  0.0721343
0.0915442 0.0028344 0.0721199
 0.0915266 0.00283336  0.0721056
 0.0915092 0.00283232  0.0720913
 0.0914919 0.00283129  0.0720772
 0.0914747 0.00283027  0.0720631
 0.0914576 0.00282925  0.0720492
 0.0914406 0.00282824  0.0720353
 0.0914237 0.00282723  0.0720215
 0.0914069 0.00282623  0.0720078
 0.0913903 0.00282523  0.0719941
 0.0913737 0.00282423  0.0719806
 0.0913572 0.00282325  0.0719671
 0.0913409 0.00282227  0.0719537
 0.0913246 0.00282129  0.0719404
 0.0913084 0.00282032  0.0719272
 0.0912924 0.00281935  0.0719141
 0.0912764 0.00281839   0.071901
 0.0912605 0.00281743   0.071888
 0.0912448 0.00281648  0.0718751
 0.0912291 0.00281553  0.0718623
 0.0912136 0.00281459  0.0718496
 0.0911981 0.00281365  0.0718369
 0.0911827 0.00281272  0.0718243
 0.0911674 0.00281179  0.0718118
 0.0911522 0.00281086  0.0717994
 0.0911371 0.00280995   0.071787
 0.0911221 0.00280903  0.0717747
 0.0911072 0.00280812  0.0717625
 0.0910924 0.00280722  0.0717504
 0.0910777 0.00280632  0.0717383
 0.0910631 0.00280542  0.0717263
 0.0910485 0.00280453  0.0717144
 0.0910341 0.00280365  0.0717025
 0.0910197 0.00280276  0.0716907
 0.0910054 0.00280189   0.071679
 0.0909912 0.00280101  0.0716674
 0.0909771 0.00280015  0.0716558
 0.0909631 0.00279928  0.0716443
 0.0909492 0.00279842  0.0716329
 0.0909353 0.00279757  0.0716215
 0.0909216 0.00279672  0.0716102
 0.0909079 0.00279587   0.071599
 0.0908943 0.00279503  0.0715879
 0.0908808 0.00279419  0.0715768
 0.0908673 0.00279335  0.0715657
  0.090854 0.00279252  0.0715548
0.0908407 0.0027917 0.0715439
 0.0908275 0.00279088   0.071533
 0.0908144 0.00279006  0.0715223
 0.0908014 0.00278925  0.0715116
 0.0907884 0.00278844  0.0715009
 0.0907755 0.00278763  0.0714903
 0.0907628 0.00278683  0.0714798
   0.09075 0.00278603  0.0714694
 0.0907374 0.00278524   0.071459
 0.0907248 0.00278445  0.0714486
 0.0907123 0.00278366  0.0714384
 0.0906999 0.00278288  0.0714282
 0.0906876 0.00278211   0.071418
 0.0906753 0.00278133  0.0714079
 0.0906631 0.00278056  0.0713979
 0.090651 0.0027798 0.0713879
 0.0906389 0.00277903   0.071378
 0.0906269 0.00277828  0.0713681
  0.090615 0.00277752  0.0713583
 0.0906032 0.00277677  0.0713486
 0.0905914 0.00277602  0.0713389
 0.0905797 0.00277528  0.0713293
 0.0905681 0.00277454  0.0713197
0.0905565 0.0027738 0.0713102
  0.090545 0.00277307  0.0713007
 0.0905336 0.00277234  0.0712913
 0.0905223 0.00277161   0.071282
  0.090511 0.00277089  0.0712727
 0.0904998 0.00277017  0.0712634
 0.0904886 0.00276946  0.0712542
 0.0904775 0.00276875  0.0712451
 0.0904665 0.00276804   0.071236
 0.0904555 0.00276734  0.0712269
 0.0904446 0.00276663   0.071218
 0.0904338 0.00276594   0.071209
  0.090423 0.00276524  0.0712002
 0.0904123 0.00276455  0.0711913
 0.0904017 0.00276386  0.0711825
 0.0903911 0.00276318  0.0711738
0.0903806 0.0027625 0.0711651
 0.0903701 0.00276182  0.0711565
 0.0903597 0.00276115  0.0711479
 0.0903494 0.00276048  0.0711394
 0.0903391 0.00275981  0.0711309
 0.0903289 0.00275914  0.0711225
 0.0903187 0.00275848  0.0711141
 0.0903086 0.00275782  0.0711058
 0.0902986 0.00275717  0.0710975
 0.0902886 0.00275652  0.0710892
 0.0902787 0.00275587   0.071081
 0.0902688 0.00275522  0.0710729
  0.090259 0.00275458  0.0710648
 0.0902493 0.00275394  0.0710567
 0.0902396 0.00275331  0.0710487
 0.0902299 0.00275267  0.0710407
 0.0902204 0.00275204  0.0710328
 0.0902108 0.00275141   0.071025
 0.0902014 0.00275079  0.0710171
 0.0901919 0.00275017  0.0710093
 0.0901826 0.00274955  0.0710016
 0.0901733 0.00274894  0.0709939
  0.090164 0.00274832  0.0709862
 0.0901548 0.00274771  0.0709786
 0.0901456 0.00274711   0.070971
0.0901365 0.0027465 0.0709635
0.0901275 0.0027459  0.070956
 0.0901185 0.00274531  0.0709486
 0.0901095 0.00274471  0.0709412
 0.0901007 0.00274412  0.0709338
 0.0900918 0.00274353  0.0709265
  0.090083 0.00274294  0.0709192
 0.0900743 0.00274236   0.070912
 0.0900656 0.00274178  0.0709048
0.0900569 0.0027412 0.0708976
 0.0900483 0.00274062  0.0708905
 0.0900398 0.00274005  0.0708834
 0.0900313 0.00273948  0.0708764
 0.0900228 0.00273891  0.0708694
 0.0900144 0.00273835  0.0708624
 0.0900061 0.00273779  0.0708555
 0.0899978 0.00273723  0.0708486
 0.0899895 0.00273667  0.0708417
 0.0899813 0.00273612  0.0708349
 0.0899731 0.00273557  0.0708281
  0.089965 0.00273502  0.0708214
 0.0899569 0.00273447  0.0708147
 0.0899489 0.00273393  0.0708081
 0.0899409 0.00273339  0.0708014
  0.089933 0.00273285  0.0707948
 0.0899251 0.00273231  0.0707883
 0.0899172 0.00273178  0.0707818
 0.0899094 0.00273125  0.0707753
 0.0899016 0.00273072  0.0707688
 0.0898939 0.00273019  0.0707624
 0.0898862 0.00272967  0.0707561
 0.0898786 0.00272915  0.0707497
  0.089871 0.00272863  0.0707434
 0.0898635 0.00272811  0.0707371
 0.089856 0.0027276 0.0707309
 0.0898485 0.00272708  0.0707247
 0.0898411 0.00272658  0.0707185
 0.0898337 0.00272607  0.0707124
 0.0898263 0.00272556  0.0707063
  0.089819 0.00272506  0.0707002
 0.0898118 0.00272456  0.0706942
 0.0898045 0.00272406  0.0706882
 0.0897974 0.00272357  0.0706822
 0.0897902 0.00272308  0.0706763
 0.0897831 0.00272259  0.0706704
 0.089776 0.0027221 0.0706645
  0.089769 0.00272161  0.0706586
  0.089762 0.00272113  0.0706528
 0.0897551 0.00272065   0.070647
 0.0897482 0.00272017  0.0706413
 0.0897413 0.00271969  0.0706356
 0.0897345 0.00271921  0.0706299
 0.0897277 0.00271874  0.0706242
 0.0897209 0.00271827  0.0706186
0.0897142 0.0027178  0.070613
 0.0897075 0.00271734  0.0706074
 0.0897008 0.00271687  0.0706019
 0.0896942 0.00271641  0.0705964
 0.0896876 0.00271595  0.0705909
 0.0896811 0.00271549  0.0705855
 0.0896746 0.00271504    0.07058
 0.0896681 0.00271458  0.0705747
 0.0896617 0.00271413  0.0705693
 0.0896553 0.00271368   0.070564
 0.0896489 0.00271323  0.0705586
 0.0896426 0.00271279  0.0705534
 0.0896363 0.00271235  0.0705481
  0.08963 0.0027119 0.0705429
 0.0896238 0.00271146  0.0705377
 0.0896176 0.00271103  0.0705325
 0.0896114 0.00271059  0.0705274
 0.0896053 0.00271016  0.0705223
 0.0895992 0.00270973  0.0705172
0.0895932 0.0027093 0.0705122
 0.0895871 0.00270887  0.0705071
 0.0895811 0.00270845  0.0705021
 0.0895752 0.00270802  0.0704971
0.0895692 0.0027076 0.0704922
 0.0895633 0.00270718  0.0704873
 0.0895575 0.00270676  0.0704824
 0.0895516 0.00270635  0.0704775
 0.0895458 0.00270593  0.0704726
   0.08954 0.00270552  0.0704678
 0.0895343 0.00270511   0.070463
0.0895286 0.0027047 0.0704582
0.0895229 0.0027043 0.0704535
 0.0895172 0.00270389  0.0704488
 0.0895116 0.00270349  0.0704441
  0.089506 0.00270309  0.0704394
 0.0895004 0.00270269  0.0704348
 0.0894949 0.00270229  0.0704301
0.0894894 0.0027019 0.0704255
0.0894839 0.0027015  0.070421
 0.0894785 0.00270111  0.0704164
 0.0894731 0.00270072  0.0704119
 0.0894677 0.00270033  0.0704074
 0.0894623 0.00269994  0.0704029
  0.089457 0.00269956  0.0703984
 0.0894517 0.00269918   0.070394
 0.0894464 0.00269879  0.0703896
 0.0894412 0.00269841  0.0703852
 0.0894359 0.00269804  0.0703808
 0.0894307 0.00269766  0.0703765
 0.0894256 0.00269728  0.0703722
 0.0894204 0.00269691  0.0703679
 0.0894153 0.00269654  0.0703636
 0.0894102 0.00269617  0.0703593
0.0894052 0.0026958 0.0703551
 0.0894002 0.00269544  0.0703509
 0.0893952 0.00269507  0.0703467
 0.0893902 0.00269471  0.0703425
 0.0893852 0.00269435  0.0703384
 0.0893803 0.00269399  0.0703342
 0.0893754 0.00269363  0.0703301
 0.0893705 0.00269327  0.0703261
 0.0893657 0.00269292   0.070322
 0.0893608 0.00269256   0.070318
  0.089356 0.00269221  0.0703139
 0.0893513 0.00269186  0.0703099
 0.0893465 0.00269151   0.070306
 0.0893418 0.00269116   0.070302
 0.0893371 0.00269082  0.0702981
 0.0893324 0.00269047  0.0702941
 0.0893278 0.00269013  0.0702902
 0.0893231 0.00268979  0.0702864
 0.0893185 0.00268945  0.0702825
  0.089314 0.00268911  0.0702787
 0.0893094 0.00268878  0.0702748
 0.0893049 0.00268844   0.070271
 0.0893004 0.00268811  0.0702672
 0.0892959 0.00268778  0.0702635
 0.0892914 0.00268745  0.0702597
  0.089287 0.00268712   0.070256
 0.0892826 0.00268679  0.0702523
 0.0892782 0.00268646  0.0702486
 0.0892738 0.00268614   0.070245
 0.0892695 0.00268581  0.0702413
 0.0892651 0.00268549  0.0702377
 0.0892608 0.00268517  0.0702341
 0.0892565 0.00268485  0.0702305
 0.0892523 0.00268453  0.0702269
  0.089248 0.00268422  0.0702233
0.0892438 0.0026839 0.0702198
 0.0892396 0.00268359  0.0702163
 0.0892355 0.00268328  0.0702128
 0.0892313 0.00268297  0.0702093
 0.0892272 0.00268266  0.0702058
 0.0892231 0.00268235  0.0702024
  0.089219 0.00268204  0.0701989
 0.0892149 0.00268174  0.0701955
 0.0892109 0.00268143  0.0701921
 0.0892068 0.00268113  0.0701887
 0.0892028 0.00268083  0.0701853
 0.0891989 0.00268053   0.070182
 0.0891949 0.00268023  0.0701787
 0.0891909 0.00267993  0.0701753
  0.089187 0.00267964   0.070172
 0.0891831 0.00267934  0.0701688
 0.0891792 0.00267905  0.0701655
 0.0891754 0.00267876  0.0701622
 0.0891715 0.00267847   0.070159
 0.0891677 0.00267818  0.0701558
 0.0891639 0.00267789  0.0701526
0.0891601 0.0026776 0.0701494
 0.0891563 0.00267732  0.0701462
 0.0891526 0.00267703  0.0701431
 0.0891488 0.00267675  0.0701399
 0.0891451 0.00267647  0.0701368
 0.0891414 0.00267619  0.0701337
 0.0891378 0.00267591  0.0701306
 0.0891341 0.00267563  0.0701275
 0.0891305 0.00267535  0.0701245
 0.0891269 0.00267507  0.0701214
0.0891233 0.0026748 0.0701184
 0.0891197 0.00267453  0.0701154
 0.0891161 0.00267425  0.0701124
 0.0891126 0.00267398  0.0701094
  0.089109 0.00267371  0.0701064
 0.0891055 0.00267344  0.0701034
  0.089102 0.00267318  0.0701005
 0.0890985 0.00267291  0.0700976
 0.0890951 0.00267264  0.0700946
 0.0890916 0.00267238  0.0700917
 0.0890882 0.00267212  0.0700889
 0.0890848 0.00267186   0.070086
 0.0890814 0.00267159  0.0700831
  0.089078 0.00267133  0.0700803
 0.0890747 0.00267108  0.0700774
 0.0890713 0.00267082  0.0700746
  0.089068 0.00267056  0.0700718
 0.0890647 0.00267031   0.070069
 0.0890614 0.00267005  0.0700663
0.0890582 0.0026698 0.0700635
 0.0890549 0.00266955  0.0700607
0.0890516 0.0026693  0.070058
 0.0890484 0.00266905  0.0700553
0.0890452 0.0026688 0.0700526
  0.089042 0.00266855  0.0700499
 0.0890388 0.00266831  0.0700472
 0.0890357 0.00266806  0.0700445
 0.0890325 0.00266782  0.0700419
 0.0890294 0.00266757  0.0700392
 0.0890263 0.00266733  0.0700366
 0.0890232 0.00266709   0.070034
 0.0890201 0.00266685  0.0700314
  0.089017 0.00266661  0.0700288
  0.089014 0.00266637  0.0700262
 0.0890109 0.00266614  0.0700236
0.0890079 0.0026659 0.0700211
 0.0890049 0.00266566  0.0700185
 0.0890019 0.00266543   0.070016
0.0889989 0.0026652 0.0700135
 0.0889959 0.00266497   0.070011
  0.088993 0.00266474  0.0700085
 0.0889901 0.00266451   0.070006
 0.0889871 0.00266428  0.0700035
 0.0889842 0.00266405  0.0700011
 0.0889813 0.00266382  0.0699986
0.0889784 0.0026636 0.0699962
 0.0889756 0.00266337  0.0699938
 0.0889727 0.00266315  0.0699914
 0.0889699 0.00266292   0.069989
0.0889671 0.0026627 0.0699866
 0.0889643 0.00266248  0.0699842
 0.0889615 0.00266226  0.0699818
 0.0889587 0.00266204  0.0699795
 0.0889559 0.00266182  0.0699771
0.0889531 0.0026616 0.0699748
 0.0889504 0.00266139  0.0699725
 0.0889477 0.00266117  0.0699702
  0.088945 0.00266096  0.0699679
 0.0889422 0.00266074  0.0699656
 0.0889396 0.00266053  0.0699633
 0.0889369 0.00266032   0.069961
 0.0889342 0.00266011  0.0699588
0.0889316 0.0026599 0.0699565
 0.0889289 0.00265969  0.0699543
 0.0889263 0.00265948  0.0699521
 0.0889237 0.00265927  0.0699499
 0.0889211 0.00265907  0.0699477
 0.0889185 0.00265886  0.0699455
 0.0889159 0.00265866  0.0699433
 0.0889134 0.00265845  0.0699411
 0.0889108 0.00265825  0.0699389
 0.0889083 0.00265805  0.0699368
 0.0889057 0.00265785  0.0699347
 0.0889032 0.00265765  0.0699325
 0.0889007 0.00265745  0.0699304
 0.0888982 0.00265725  0.0699283
 0.0888957 0.00265705  0.0699262
 0.0888933 0.00265685  0.0699241
 0.0888908 0.00265666   0.069922
 0.0888884 0.00265646    0.06992
  0.088886 0.00265627  0.0699179
 0.0888835 0.00265607  0.0699158
 0.0888811 0.00265588  0.0699138
 0.0888787 0.00265569  0.0699118
0.0888763 0.0026555 0.0699097
  0.088874 0.00265531  0.0699077
 0.0888716 0.00265512  0.0699057
 0.0888693 0.00265493  0.0699037
 0.0888669 0.00265474  0.0699017
 0.0888646 0.00265455  0.0698998
 0.0888623 0.00265437  0.0698978
   0.08886 0.00265418  0.0698958
0.0888577  0.002654 0.0698939
 0.0888554 0.00265381   0.069892
 0.0888531 0.00265363    0.06989
 0.0888508 0.00265345  0.0698881
 0.0888486 0.00265327  0.0698862
 0.0888463 0.00265309  0.0698843
 0.0888441 0.00265291  0.0698824
 0.0888419 0.00265273  0.0698805
 0.0888397 0.00265255  0.0698786
 0.0888375 0.00265237  0.0698768
 0.0888353 0.00265219  0.0698749
 0.0888331 0.00265202  0.0698731
 0.0888309 0.00265184  0.0698712
 0.0888288 0.00265167  0.0698694
 0.0888266 0.00265149  0.0698676
 0.0888245 0.00265132  0.0698658
 0.0888224 0.00265115  0.0698639
 0.0888202 0.00265097  0.0698621
0.0888181 0.0026508 0.0698604
  0.088816 0.00265063  0.0698586
  0.088814 0.00265046  0.0698568
 0.0888119 0.00265029   0.069855
 0.0888098 0.00265012  0.0698533
 0.0888077 0.00264996  0.0698515
 0.0888057 0.00264979  0.0698498
 0.0888037 0.00264962  0.0698481
 0.0888016 0.00264946  0.0698463
 0.0887996 0.00264929  0.0698446
 0.0887976 0.00264913  0.0698429
 0.0887956 0.00264897  0.0698412
0.0887936 0.0026488 0.0698395
 0.0887916 0.00264864  0.0698378
 0.0887896 0.00264848  0.0698361
 0.0887877 0.00264832  0.0698345
 0.0887857 0.00264816  0.0698328
0.0887838  0.002648 0.0698312
 0.0887818 0.00264784  0.0698295
 0.0887799 0.00264768  0.0698279
  0.088778 0.00264753  0.0698262
 0.0887761 0.00264737  0.0698246
 0.0887742 0.00264721   0.069823
 0.0887723 0.00264706  0.0698214
0.0887704 0.0026469 0.0698198
 0.0887685 0.00264675  0.0698182
0.0887667 0.0026466 0.0698166
 0.0887648 0.00264644   0.069815
 0.0887629 0.00264629  0.0698134
 0.0887611 0.00264614  0.0698119
 0.0887593 0.00264599  0.0698103
 0.0887574 0.00264584  0.0698088
 0.0887556 0.00264569  0.0698072
 0.0887538 0.00264554  0.0698057
  0.088752 0.00264539  0.0698041
 0.0887502 0.00264525  0.0698026
0.0887485 0.0026451 0.0698011
 0.0887467 0.00264495  0.0697996
 0.0887449 0.00264481  0.0697981
 0.0887432 0.00264466  0.0697966
 0.0887414 0.00264452  0.0697951
 0.0887397 0.00264437  0.0697936
 0.0887379 0.00264423  0.0697922
 0.0887362 0.00264409  0.0697907
 0.0887345 0.00264394  0.0697892
0.0887328 0.0026438 0.0697878
 0.0887311 0.00264366  0.0697863
 0.0887294 0.00264352  0.0697849
 0.0887277 0.00264338  0.0697834
  0.088726 0.00264324   0.069782
0.0887244 0.0026431 0.0697806
 0.0887227 0.00264297  0.0697792
  0.088721 0.00264283  0.0697778
 0.0887194 0.00264269  0.0697764
 0.0887178 0.00264256   0.069775
 0.0887161 0.00264242  0.0697736
 0.0887145 0.00264228  0.0697722
 0.0887129 0.00264215  0.0697708
 0.0887113 0.00264202  0.0697694
 0.0887097 0.00264188  0.0697681
 0.0887081 0.00264175  0.0697667
 0.0887065 0.00264162  0.0697654
 0.0887049 0.00264148   0.069764
 0.0887033 0.00264135  0.0697627
 0.0887018 0.00264122  0.0697613
 0.0887002 0.00264109    0.06976
 0.0886986 0.00264096  0.0697587
 0.0886971 0.00264083  0.0697574
 0.0886956 0.00264071   0.069756
  0.088694 0.00264058  0.0697547
 0.0886925 0.00264045  0.0697534
  0.088691 0.00264032  0.0697521
0.0886895 0.0026402 0.0697509
  0.088688 0.00264007  0.0697496
 0.0886865 0.00263995  0.0697483
  0.088685 0.00263982   0.069747
0.0886835 0.0026397 0.0697458
  0.088682 0.00263957  0.0697445
 0.0886806 0.00263945  0.0697433
 0.0886791 0.00263933   0.069742
0.0886776 0.0026392 0.0697408
 0.0886762 0.00263908  0.0697395
 0.0886748 0.00263896  0.0697383
 0.0886733 0.00263884  0.0697371
 0.0886719 0.00263872  0.0697358
0.0886705 0.0026386 0.0697346
  0.088669 0.00263848  0.0697334
 0.0886676 0.00263836  0.0697322
 0.0886662 0.00263824   0.069731
 0.0886648 0.00263813  0.0697298
 0.0886634 0.00263801  0.0697286
 0.0886621 0.00263789  0.0697275
 0.0886607 0.00263778  0.0697263
 0.0886593 0.00263766  0.0697251
 0.0886579 0.00263754  0.0697239
 0.0886566 0.00263743  0.0697228
 0.0886552 0.00263732  0.0697216
0.0886539 0.0026372 0.0697205
 0.0886525 0.00263709  0.0697193
 0.0886512 0.00263698  0.0697182
 0.0886499 0.00263686   0.069717
 0.0886485 0.00263675  0.0697159
 0.0886472 0.00263664  0.0697148
 0.0886459 0.00263653  0.0697137
 0.0886446 0.00263642  0.0697126
 0.0886433 0.00263631  0.0697114
 0.088642 0.0026362 0.0697103
 0.0886407 0.00263609  0.0697092
 0.0886394 0.00263598  0.0697081
 0.0886382 0.00263587   0.069707
 0.0886369 0.00263576   0.069706
 0.0886356 0.00263566  0.0697049
 0.0886344 0.00263555  0.0697038
 0.0886331 0.00263544  0.0697027
 0.0886318 0.00263534  0.0697017
 0.0886306 0.00263523  0.0697006
 0.0886294 0.00263513  0.0696995
 0.0886281 0.00263502  0.0696985
 0.0886269 0.00263492  0.0696974
 0.0886257 0.00263481  0.0696964
 0.0886245 0.00263471  0.0696954
 0.0886233 0.00263461  0.0696943
0.0886221 0.0026345 0.0696933
0.0886209 0.0026344 0.0696923
0.0886197 0.0026343 0.0696912
0.0886185 0.0026342 0.0696902
0.0886173 0.0026341 0.0696892
0.0886161  0.002634 0.0696882
0.0886149 0.0026339 0.0696872
0.0886138 0.0026338 0.0696862
0.0886126 0.0026337 0.0696852
0.0886114 0.0026336 0.0696842
0.0886103 0.0026335 0.0696832
0.0886091 0.0026334 0.0696822
 0.088608 0.0026333 0.0696813
 0.0886069 0.00263321  0.0696803
 0.0886057 0.00263311  0.0696793
 0.0886046 0.00263301  0.0696784
 0.0886035 0.00263292  0.0696774
 0.0886024 0.00263282  0.0696764
 0.0886012 0.00263273  0.0696755
 0.0886001 0.00263263  0.0696745
  0.088599 0.00263254  0.0696736
 0.0885979 0.00263244  0.0696727
 0.0885968 0.00263235  0.0696717
 0.0885958 0.00263226  0.0696708
 0.0885947 0.00263216  0.0696699
 0.0885936 0.00263207  0.0696689
 0.0885925 0.00263198   0.069668
 0.0885915 0.00263189  0.0696671
 0.0885904 0.00263179  0.0696662
0.0885893 0.0026317 0.0696653
 0.0885883 0.00263161  0.0696644
 0.0885872 0.00263152  0.0696635
 0.0885862 0.00263143  0.0696626
 0.0885851 0.00263134  0.0696617
 0.0885841 0.00263125  0.0696608
 0.0885831 0.00263116  0.0696599
  0.088582 0.00263108  0.0696591
  0.088581 0.00263099  0.0696582
  0.08858 0.0026309 0.0696573
  0.088579 0.00263081  0.0696564
  0.088578 0.00263073  0.0696556
  0.088577 0.00263064  0.0696547
  0.088576 0.00263055  0.0696539
  0.088575 0.00263047   0.069653
  0.088574 0.00263038  0.0696522
 0.088573 0.0026303 0.0696513
  0.088572 0.00263021  0.0696505
  0.088571 0.00263013  0.0696496
 0.0885701 0.00263004  0.0696488
 0.0885691 0.00262996   0.069648
 0.0885681 0.00262988  0.0696471
 0.0885672 0.00262979  0.0696463
 0.0885662 0.00262971  0.0696455
 0.0885652 0.00262963  0.0696447
 0.0885643 0.00262955  0.0696439
 0.0885633 0.00262946   0.069643
 0.0885624 0.00262938  0.0696422
0.0885615 0.0026293 0.0696414
 0.0885605 0.00262922  0.0696406
 0.0885596 0.00262914  0.0696398
 0.0885587 0.00262906  0.0696391
 0.0885578 0.00262898  0.0696383
0.0885568 0.0026289 0.0696375
 0.0885559 0.00262882  0.0696367
  0.088555 0.00262874  0.0696359
 0.0885541 0.00262866  0.0696351
 0.0885532 0.00262859  0.0696344
 0.0885523 0.00262851  0.0696336
 0.0885514 0.00262843  0.0696328
 0.0885505 0.00262835  0.0696321
 0.0885497 0.00262828  0.0696313
0.0885488 0.0026282 0.0696306
 0.0885479 0.00262812  0.0696298
  0.088547 0.00262805  0.0696291
 0.0885461 0.00262797  0.0696283
0.0885453 0.0026279 0.0696276
 0.0885444 0.00262782  0.0696268
 0.0885436 0.00262775  0.0696261
 0.0885427 0.00262767  0.0696254
0.0885419 0.0026276 0.0696246
  0.088541 0.00262752  0.0696239
 0.0885402 0.00262745  0.0696232
 0.0885393 0.00262738  0.0696225
0.0885385 0.0026273 0.0696217
 0.0885377 0.00262723   0.069621
 0.0885368 0.00262716  0.0696203
  0.088536 0.00262709  0.0696196
 0.0885352 0.00262702  0.0696189
 0.0885344 0.00262694  0.0696182
 0.0885335 0.00262687  0.0696175
0.0885327 0.0026268 0.0696168
 0.0885319 0.00262673  0.0696161
 0.0885311 0.00262666  0.0696154
 0.0885303 0.00262659  0.0696147
 0.0885295 0.00262652   0.069614
 0.0885287 0.00262645  0.0696134
 0.0885279 0.00262638  0.0696127
 0.0885271 0.00262632   0.069612
 0.0885264 0.00262625  0.0696113
 0.0885256 0.00262618  0.0696107
 0.0885248 0.00262611    0.06961
  0.088524 0.00262604  0.0696093
 0.0885233 0.00262598  0.0696087
 0.0885225 0.00262591   0.069608
 0.0885217 0.00262584  0.0696074
  0.088521 0.00262577  0.0696067
 0.0885202 0.00262571  0.0696061
 0.0885194 0.00262564  0.0696054
 0.0885187 0.00262558  0.0696048
 0.0885179 0.00262551  0.0696041
 0.0885172 0.00262545  0.0696035
 0.0885165 0.00262538  0.0696029
 0.0885157 0.00262532  0.0696022
  0.088515 0.00262525  0.0696016
 0.0885143 0.00262519   0.069601
 0.0885135 0.00262512  0.0696003
 0.0885128 0.00262506  0.0695997
0.0885121  0.002625 0.0695991
 0.0885114 0.00262493  0.0695985
 0.0885106 0.00262487  0.0695979
 0.0885099 0.00262481  0.0695972
 0.0885092 0.00262475  0.0695966
 0.0885085 0.00262468   0.069596
 0.0885078 0.00262462  0.0695954
 0.0885071 0.00262456  0.0695948
0.0885064 0.0026245 0.0695942
 0.0885057 0.00262444  0.0695936
  0.088505 0.00262438   0.069593
 0.0885043 0.00262432  0.0695924
 0.0885036 0.00262426  0.0695919
 0.088503 0.0026242 0.0695913
 0.0885023 0.00262414  0.0695907
 0.0885016 0.00262408  0.0695901
 0.0885009 0.00262402  0.0695895
 0.0885003 0.00262396  0.0695889
0.0884996 0.0026239 0.0695884
 0.0884989 0.00262384  0.0695878
 0.0884983 0.00262378  0.0695872
 0.0884976 0.00262372  0.0695867
 0.0884969 0.00262366  0.0695861
 0.0884963 0.00262361  0.0695855
 0.0884956 0.00262355   0.069585
  0.088495 0.00262349  0.0695844
 0.0884943 0.00262344  0.0695839
 0.0884937 0.00262338  0.0695833
  0.088493 0.00262332  0.0695828
 0.0884924 0.00262327  0.0695822
 0.0884918 0.00262321  0.0695817
 0.0884911 0.00262315  0.0695811
0.0884905 0.0026231 0.0695806
 0.0884899 0.00262304    0.06958
 0.0884893 0.00262299  0.0695795
 0.0884886 0.00262293   0.069579
  0.088488 0.00262288  0.0695784
 0.0884874 0.00262282  0.0695779
 0.0884868 0.00262277  0.0695774
 0.0884862 0.00262272  0.0695768
 0.0884856 0.00262266  0.0695763
  0.088485 0.00262261  0.0695758
 0.0884844 0.00262255  0.0695753
0.0884837 0.0026225 0.0695748
 0.0884832 0.00262245  0.0695743
0.0884826 0.0026224 0.0695737
  0.088482 0.00262234  0.0695732
 0.0884814 0.00262229  0.0695727
 0.0884808 0.00262224  0.0695722
 0.0884802 0.00262219  0.0695717
 0.0884796 0.00262213  0.0695712
  0.088479 0.00262208  0.0695707
 0.0884784 0.00262203  0.0695702
 0.0884779 0.00262198  0.0695697
 0.0884773 0.00262193  0.0695692
 0.0884767 0.00262188  0.0695687
 0.0884762 0.00262183  0.0695682
 0.0884756 0.00262178  0.0695678
  0.088475 0.00262173  0.0695673
 0.0884745 0.00262168  0.0695668
 0.0884739 0.00262163  0.0695663
 0.0884733 0.00262158  0.0695658
 0.0884728 0.00262153  0.0695654
 0.0884722 0.00262148  0.0695649
 0.0884717 0.00262143  0.0695644
 0.0884711 0.00262138  0.0695639
 0.0884706 0.00262134  0.0695635
   0.08847 0.00262129   0.069563
 0.0884695 0.00262124  0.0695625
  0.088469 0.00262119  0.0695621
 0.0884684 0.00262114  0.0695616
0.0884679 0.0026211 0.0695611
 0.0884674 0.00262105  0.0695607
0.0884668  0.002621 0.0695602
 0.0884663 0.00262095  0.0695598
 0.0884658 0.00262091  0.0695593
 0.0884653 0.00262086  0.0695589
 0.0884647 0.00262082  0.0695584
 0.0884642 0.00262077   0.069558
 0.0884637 0.00262072  0.0695575
 0.0884632 0.00262068  0.0695571
 0.0884627 0.00262063  0.0695567
 0.0884622 0.00262059  0.0695562
 0.0884617 0.00262054  0.0695558
0.0884611 0.0026205 0.0695553
 0.0884606 0.00262045  0.0695549
 0.0884601 0.00262041  0.0695545
 0.0884596 0.00262036  0.0695541
 0.0884591 0.00262032  0.0695536
 0.0884586 0.00262027  0.0695532
 0.0884582 0.00262023  0.0695528
 0.0884577 0.00262019  0.0695524
 0.0884572 0.00262014  0.0695519
0.0884567 0.0026201 0.0695515
 0.0884562 0.00262006  0.0695511
 0.0884557 0.00262001  0.0695507
 0.0884552 0.00261997  0.0695503
 0.0884548 0.00261993  0.0695499
 0.0884543 0.00261988  0.0695494
 0.0884538 0.00261984   0.069549
0.0884533 0.0026198 0.0695486
 0.0884529 0.00261976  0.0695482
 0.0884524 0.00261972  0.0695478
 0.0884519 0.00261967  0.0695474
 0.0884515 0.00261963   0.069547
  0.088451 0.00261959  0.0695466
 0.0884505 0.00261955  0.0695462
 0.0884501 0.00261951  0.0695458
 0.0884496 0.00261947  0.0695454
 0.0884492 0.00261943   0.069545
 0.0884487 0.00261939  0.0695447
 0.0884482 0.00261935  0.0695443
 0.0884478 0.00261931  0.0695439
 0.0884473 0.00261927  0.0695435
 0.0884469 0.00261923  0.0695431
 0.0884465 0.00261919  0.0695427
  0.088446 0.00261915  0.0695423
 0.0884456 0.00261911   0.069542
 0.0884451 0.00261907  0.0695416
 0.0884447 0.00261903  0.0695412
 0.0884443 0.00261899  0.0695408
 0.0884438 0.00261895  0.0695405
 0.0884434 0.00261891  0.0695401
  0.088443 0.00261888  0.0695397
 0.0884425 0.00261884  0.0695394
0.0884421 0.0026188  0.069539
 0.0884417 0.00261876  0.0695386
 0.0884413 0.00261872  0.0695383
 0.0884408 0.00261869  0.0695379
 0.0884404 0.00261865  0.0695375
   0.08844 0.00261861  0.0695372
 0.0884396 0.00261857  0.0695368
 0.0884392 0.00261854  0.0695365
0.0884388 0.0026185 0.0695361
 0.0884383 0.00261846  0.0695358
 0.0884379 0.00261843  0.0695354
 0.0884375 0.00261839  0.0695351
 0.0884371 0.00261835  0.0695347
 0.0884367 0.00261832  0.0695344
 0.0884363 0.00261828   0.069534
 0.0884359 0.00261824  0.0695337
 0.0884355 0.00261821  0.0695333
 0.0884351 0.00261817   0.069533
 0.0884347 0.00261814  0.0695326
0.0884343 0.0026181 0.0695323
 0.0884339 0.00261807   0.069532
 0.0884335 0.00261803  0.0695316
0.0884332  0.002618 0.0695313
 0.0884328 0.00261796   0.069531
 0.0884324 0.00261793  0.0695306
  0.088432 0.00261789  0.0695303
 0.0884316 0.00261786    0.06953
 0.0884312 0.00261783  0.0695296
 0.0884309 0.00261779  0.0695293
 0.0884305 0.00261776   0.069529
 0.0884301 0.00261772  0.0695287
 0.0884297 0.00261769  0.0695283
 0.0884293 0.00261766   0.069528
  0.088429 0.00261762  0.0695277
 0.0884286 0.00261759  0.0695274
 0.0884282 0.00261756  0.0695271
 0.0884279 0.00261752  0.0695267
 0.0884275 0.00261749  0.0695264
 0.0884271 0.00261746  0.0695261
 0.0884268 0.00261743  0.0695258
 0.0884264 0.00261739  0.0695255
 0.0884261 0.00261736  0.0695252
 0.0884257 0.00261733  0.0695249
0.0884253 0.0026173 0.0695246
  0.088425 0.00261726  0.0695243
 0.0884246 0.00261723   0.069524
0.0884243 0.0026172 0.0695237
 0.0884239 0.00261717  0.0695233
 0.0884236 0.00261714   0.069523
 0.0884232 0.00261711  0.0695227
 0.0884229 0.00261708  0.0695225
 0.0884225 0.00261704  0.0695222
 0.0884222 0.00261701  0.0695219
 0.0884218 0.00261698  0.0695216
 0.0884215 0.00261695  0.0695213
 0.0884212 0.00261692   0.069521
 0.0884208 0.00261689  0.0695207
 0.0884205 0.00261686  0.0695204
 0.0884202 0.00261683  0.0695201
0.0884198 0.0026168 0.0695198
 0.0884195 0.00261677  0.0695195
 0.0884192 0.00261674  0.0695192
 0.0884188 0.00261671   0.069519
 0.0884185 0.00261668  0.0695187
 0.0884182 0.00261665  0.0695184
 0.0884178 0.00261662  0.0695181
 0.0884175 0.00261659  0.0695178
 0.0884172 0.00261656  0.0695176
 0.0884169 0.00261654  0.0695173
 0.0884165 0.00261651   0.069517
 0.0884162 0.00261648  0.0695167
 0.0884159 0.00261645  0.0695165
 0.0884156 0.00261642  0.0695162
 0.0884153 0.00261639  0.0695159
  0.088415 0.00261636  0.0695156
 0.0884146 0.00261634  0.0695154
 0.0884143 0.00261631  0.0695151
  0.088414 0.00261628  0.0695148
 0.0884137 0.00261625  0.0695146
 0.0884134 0.00261622  0.0695143
0.0884131 0.0026162  0.069514
 0.0884128 0.00261617  0.0695138
 0.0884125 0.00261614  0.0695135
