  0.0785801 -0.00421816  -0.0504662
 0.0609224 -0.0044263 -0.0282075
  0.0602273 -0.00341985 -0.00424906
  0.0666528 -0.00201582   0.0174091
   0.0752323 -0.000610901    0.0353878
  0.0837133 0.000623876   0.0496474
   0.09121 0.00163516  0.0606725
 0.0974818 0.00242684  0.0690737
  0.102571 0.00302699  0.0754239
  0.106629 0.00347065  0.0802046
  0.109832 0.00379169  0.0837997
  0.112348 0.00401934  0.0865062
  0.114322 0.00417738  0.0885496
  0.115871 0.00428438  0.0900993
  0.117093 0.00435448  0.0912816
  0.118059 0.00439825  0.0921898
  0.118829 0.00442344  0.0928931
 0.119446 0.0044357 0.0934422
  0.119943 0.00443907  0.0938746
  0.120346 0.00443645   0.094218
 0.120674 0.0044299 0.0944928
  0.120942 0.00442085  0.0947141
  0.121162 0.00441029  0.0948933
  0.121343 0.00439894  0.0950388
  0.121491 0.00438724  0.0951572
  0.121612 0.00437552  0.0952534
   0.12171 0.00436398  0.0953311
  0.121789 0.00435277  0.0953935
  0.121851 0.00434194  0.0954429
  0.121899 0.00433155  0.0954813
  0.121936 0.00432161  0.0955102
  0.121961 0.00431214  0.0955308
  0.121978 0.00430311  0.0955444
  0.121986 0.00429451  0.0955518
  0.121988 0.00428632  0.0955538
  0.121983 0.00427853  0.0955511
 0.121974 0.0042711 0.0955442
  0.121959 0.00426402  0.0955336
  0.121941 0.00425726  0.0955199
 0.121919 0.0042508 0.0955033
  0.121894 0.00424462  0.0954843
 0.121866 0.0042387 0.0954631
  0.121836 0.00423302  0.0954399
  0.121803 0.00422756  0.0954151
  0.121769 0.00422232  0.0953889
  0.121734 0.00421726  0.0953613
  0.121697 0.00421239  0.0953326
  0.121659 0.00420768   0.095303
   0.12162 0.00420313  0.0952726
   0.12158 0.00419872  0.0952414
   0.12154 0.00419444  0.0952096
  0.121498 0.00419028  0.0951773
  0.121457 0.00418624  0.0951446
  0.121415 0.00418231  0.0951115
  0.121373 0.00417848  0.0950781
   0.12133 0.00417474  0.0950445
  0.121287 0.00417109  0.0950107
  0.121245 0.00416751  0.0949768
  0.121202 0.00416402  0.0949428
  0.121159 0.00416059  0.0949087
  0.121116 0.00415723  0.0948746
  0.121073 0.00415393  0.0948406
  0.12103 0.0041507 0.0948065
  0.120988 0.00414751  0.0947726
  0.120945 0.00414438  0.0947387
 0.120903 0.0041413 0.0947049
  0.120861 0.00413826  0.0946712
  0.120819 0.00413527  0.0946377
  0.120777 0.00413232  0.0946043
  0.120736 0.00412941  0.0945711
  0.120695 0.00412654   0.094538
 0.120653 0.0041237 0.0945052
 0.120613 0.0041209 0.0944725
  0.120572 0.00411813  0.0944399
  0.120532 0.00411539  0.0944076
  0.120492 0.00411268  0.0943755
 0.120452   0.00411 0.0943436
  0.120413 0.00410735  0.0943119
  0.120374 0.00410472  0.0942804
  0.120335 0.00410212  0.0942492
  0.120296 0.00409955  0.0942181
 0.120258  0.004097 0.0941873
   0.12022 0.00409447  0.0941567
  0.120182 0.00409197  0.0941263
  0.120145 0.00408949  0.0940961
  0.120108 0.00408703  0.0940662
  0.120071 0.00408459  0.0940365
  0.120034 0.00408217   0.094007
  0.119998 0.00407977  0.0939777
  0.119962 0.00407739  0.0939486
  0.119926 0.00407504  0.0939198
 0.119891 0.0040727 0.0938912
  0.119855 0.00407037  0.0938628
  0.119821 0.00406807  0.0938347
  0.119786 0.00406578  0.0938067
  0.119752 0.00406351   0.093779
  0.119718 0.00406126  0.0937514
  0.119684 0.00405903  0.0937241
   0.11965 0.00405681  0.0936971
  0.119617 0.00405461  0.0936702
  0.119584 0.00405242  0.0936435
  0.119551 0.00405025  0.0936171
 0.119519 0.0040481 0.0935908
  0.119487 0.00404596  0.0935648
  0.119455 0.00404384  0.0935389
  0.119423 0.00404173  0.0935133
  0.119392 0.00403964  0.0934879
  0.119361 0.00403756  0.0934626
   0.11933 0.00403549  0.0934376
  0.119299 0.00403345  0.0934127
  0.119269 0.00403141  0.0933881
  0.119239 0.00402939  0.0933637
  0.119209 0.00402738  0.0933394
  0.119179 0.00402539  0.0933153
  0.119149 0.00402341  0.0932915
   0.11912 0.00402144  0.0932678
  0.119091 0.00401949  0.0932443
  0.119063 0.00401755  0.0932209
  0.119034 0.00401562  0.0931978
  0.119006 0.00401371  0.0931748
  0.118978 0.00401181  0.0931521
   0.11895 0.00400992  0.0931295
  0.118922 0.00400805   0.093107
  0.118895 0.00400619  0.0930848
  0.118868 0.00400434  0.0930627
 0.118841 0.0040025 0.0930408
  0.118814 0.00400067  0.0930191
  0.118787 0.00399886  0.0929975
  0.118761 0.00399706  0.0929761
  0.118735 0.00399527  0.0929549
  0.118709 0.00399349  0.0929338
  0.118683 0.00399173  0.0929129
  0.118658 0.00398997  0.0928922
  0.118633 0.00398823  0.0928716
 0.118607 0.0039865 0.0928511
  0.118583 0.00398478  0.0928309
  0.118558 0.00398307  0.0928108
  0.118533 0.00398137  0.0927908
  0.118509 0.00397969   0.092771
  0.118485 0.00397801  0.0927513
  0.118461 0.00397635  0.0927318
 0.118437 0.0039747 0.0927125
  0.118414 0.00397305  0.0926933
   0.11839 0.00397142  0.0926742
 0.118367 0.0039698 0.0926553
  0.118344 0.00396819  0.0926365
  0.118321 0.00396659  0.0926179
 0.118299  0.003965 0.0925994
  0.118276 0.00396342  0.0925811
  0.118254 0.00396185  0.0925629
  0.118232 0.00396029  0.0925448
   0.11821 0.00395874  0.0925269
 0.118188 0.0039572 0.0925091
  0.118166 0.00395567  0.0924914
  0.118145 0.00395415  0.0924739
  0.118123 0.00395264  0.0924565
  0.118102 0.00395114  0.0924392
  0.118081 0.00394965   0.092422
   0.11806 0.00394817   0.092405
   0.11804 0.00394669  0.0923881
  0.118019 0.00394523  0.0923714
  0.117999 0.00394378  0.0923548
  0.117979 0.00394233  0.0923382
 0.117959 0.0039409 0.0923219
  0.117939 0.00393947  0.0923056
  0.117919 0.00393805  0.0922894
  0.117899 0.00393665  0.0922734
   0.11788 0.00393525  0.0922575
  0.117861 0.00393386  0.0922417
  0.117842 0.00393247  0.0922261
 0.117823 0.0039311 0.0922105
  0.117804 0.00392974  0.0921951
  0.117785 0.00392838  0.0921797
  0.117766 0.00392703  0.0921645
 0.117748 0.0039257 0.0921494
   0.11773 0.00392437  0.0921344
  0.117711 0.00392304  0.0921195
  0.117693 0.00392173  0.0921048
  0.117676 0.00392042  0.0920901
  0.117658 0.00391913  0.0920756
   0.11764 0.00391784  0.0920611
  0.117623 0.00391656  0.0920468
  0.117605 0.00391528  0.0920325
  0.117588 0.00391402  0.0920184
  0.117571 0.00391276  0.0920044
  0.117554 0.00391151  0.0919904
  0.117537 0.00391027  0.0919766
   0.11752 0.00390903  0.0919629
  0.117504 0.00390781  0.0919492
  0.117487 0.00390659  0.0919357
  0.117471 0.00390538  0.0919223
  0.117455 0.00390417  0.0919089
  0.117439 0.00390298  0.0918957
  0.117423 0.00390179  0.0918825
 0.117407 0.0039006 0.0918695
  0.117391 0.00389943  0.0918565
  0.117375 0.00389826  0.0918437
  0.11736 0.0038971 0.0918309
  0.117344 0.00389595  0.0918182
 0.117329 0.0038948 0.0918056
  0.117314 0.00389366  0.0917931
  0.117299 0.00389253  0.0917807
  0.117284 0.00389141  0.0917684
  0.117269 0.00389029  0.0917561
  0.117254 0.00388918   0.091744
   0.11724 0.00388807  0.0917319
  0.117225 0.00388697    0.09172
  0.117211 0.00388588  0.0917081
 0.117196 0.0038848 0.0916963
  0.117182 0.00388372  0.0916845
  0.117168 0.00388265  0.0916729
  0.117154 0.00388158  0.0916613
   0.11714 0.00388052  0.0916499
  0.117126 0.00387947  0.0916385
  0.117112 0.00387843  0.0916271
  0.117099 0.00387739  0.0916159
  0.117085 0.00387635  0.0916047
  0.117072 0.00387533  0.0915937
  0.117058 0.00387431  0.0915827
  0.117045 0.00387329  0.0915717
  0.117032 0.00387228  0.0915609
  0.117019 0.00387128  0.0915501
  0.117006 0.00387028  0.0915394
  0.116993 0.00386929  0.0915288
   0.11698 0.00386831  0.0915183
  0.116968 0.00386733  0.0915078
  0.116955 0.00386636  0.0914974
  0.116942 0.00386539  0.0914871
   0.11693 0.00386443  0.0914768
  0.116918 0.00386347  0.0914666
  0.116906 0.00386252  0.0914565
  0.116893 0.00386158  0.0914464
  0.116881 0.00386064  0.0914365
  0.116869 0.00385971  0.0914266
  0.116857 0.00385878  0.0914167
  0.116846 0.00385786   0.091407
  0.116834 0.00385695  0.0913972
  0.116822 0.00385604  0.0913876
  0.116811 0.00385513   0.091378
  0.116799 0.00385423  0.0913685
  0.116788 0.00385334  0.0913591
  0.116776 0.00385245  0.0913497
  0.116765 0.00385156  0.0913404
  0.116754 0.00385068  0.0913312
  0.116743 0.00384981   0.091322
  0.116732 0.00384894  0.0913128
  0.116721 0.00384808  0.0913038
   0.11671 0.00384722  0.0912948
  0.116699 0.00384637  0.0912859
  0.116689 0.00384552   0.091277
  0.116678 0.00384468  0.0912682
  0.116667 0.00384384  0.0912594
  0.116657 0.00384301  0.0912507
  0.116646 0.00384218  0.0912421
  0.116636 0.00384136  0.0912335
  0.116626 0.00384054   0.091225
  0.116616 0.00383973  0.0912165
  0.116605 0.00383892  0.0912081
  0.116595 0.00383811  0.0911998
  0.116585 0.00383731  0.0911915
  0.116575 0.00383652  0.0911832
  0.116566 0.00383573   0.091175
  0.116556 0.00383495  0.0911669
  0.116546 0.00383416  0.0911588
  0.116536 0.00383339  0.0911508
  0.116527 0.00383262  0.0911429
  0.116517 0.00383185  0.0911349
  0.116508 0.00383109  0.0911271
  0.116498 0.00383033  0.0911193
  0.116489 0.00382958  0.0911115
   0.11648 0.00382883  0.0911038
  0.116471 0.00382808  0.0910962
  0.116461 0.00382734  0.0910886
  0.116452 0.00382661   0.091081
  0.116443 0.00382587  0.0910735
  0.116434 0.00382515  0.0910661
  0.116425 0.00382442  0.0910587
 0.116417 0.0038237 0.0910513
  0.116408 0.00382299   0.091044
  0.116399 0.00382228  0.0910368
   0.11639 0.00382157  0.0910296
  0.116382 0.00382087  0.0910224
  0.116373 0.00382017  0.0910153
  0.116365 0.00381948  0.0910082
  0.116356 0.00381879  0.0910012
 0.116348 0.0038181 0.0909942
   0.11634 0.00381742  0.0909873
  0.116331 0.00381674  0.0909804
  0.116323 0.00381607  0.0909736
  0.116315 0.00381539  0.0909668
  0.116307 0.00381473  0.0909601
  0.116299 0.00381406  0.0909534
  0.116291 0.00381341  0.0909467
  0.116283 0.00381275  0.0909401
 0.116275 0.0038121 0.0909335
  0.116267 0.00381145   0.090927
   0.11626 0.00381081  0.0909205
  0.116252 0.00381017  0.0909141
  0.116244 0.00380953  0.0909077
 0.116236 0.0038089 0.0909013
  0.116229 0.00380827   0.090895
  0.116221 0.00380764  0.0908887
  0.116214 0.00380702  0.0908825
 0.116206 0.0038064 0.0908763
  0.116199 0.00380579  0.0908701
  0.116192 0.00380518   0.090864
  0.116184 0.00380457  0.0908579
  0.116177 0.00380396  0.0908519
   0.11617 0.00380336  0.0908459
  0.116163 0.00380277  0.0908399
  0.116156 0.00380217   0.090834
  0.116149 0.00380158  0.0908281
  0.116142 0.00380099  0.0908223
  0.116135 0.00380041  0.0908165
  0.116128 0.00379983  0.0908107
  0.116121 0.00379925   0.090805
  0.116114 0.00379868  0.0907993
  0.116107 0.00379811  0.0907936
  0.116101 0.00379754   0.090788
  0.116094 0.00379698  0.0907824
  0.116087 0.00379641  0.0907769
  0.116081 0.00379586  0.0907714
 0.116074 0.0037953 0.0907659
  0.116068 0.00379475  0.0907604
 0.116061 0.0037942  0.090755
  0.116055 0.00379366  0.0907496
  0.116048 0.00379312  0.0907443
  0.116042 0.00379258   0.090739
  0.116036 0.00379204  0.0907337
   0.11603 0.00379151  0.0907285
  0.116023 0.00379098  0.0907233
  0.116017 0.00379045  0.0907181
  0.116011 0.00378993   0.090713
  0.116005 0.00378941  0.0907078
  0.115999 0.00378889  0.0907028
  0.115993 0.00378837  0.0906977
  0.115987 0.00378786  0.0906927
  0.115981 0.00378735  0.0906877
  0.115975 0.00378685  0.0906828
  0.115969 0.00378634  0.0906779
  0.115963 0.00378584   0.090673
  0.115957 0.00378534  0.0906681
  0.115952 0.00378485  0.0906633
  0.115946 0.00378436  0.0906585
   0.11594 0.00378387  0.0906537
  0.115935 0.00378338   0.090649
 0.115929 0.0037829 0.0906443
  0.115923 0.00378242  0.0906396
  0.115918 0.00378194   0.090635
  0.115912 0.00378146  0.0906303
  0.115907 0.00378099  0.0906258
  0.115901 0.00378052  0.0906212
  0.115896 0.00378005  0.0906167
  0.115891 0.00377959  0.0906122
  0.115885 0.00377912  0.0906077
   0.11588 0.00377866  0.0906032
  0.115875 0.00377821  0.0905988
   0.11587 0.00377775  0.0905944
 0.115864 0.0037773 0.0905901
  0.115859 0.00377685  0.0905857
 0.115854 0.0037764 0.0905814
  0.115849 0.00377596  0.0905771
  0.115844 0.00377552  0.0905729
  0.115839 0.00377508  0.0905686
  0.115834 0.00377464  0.0905644
  0.115829 0.00377421  0.0905603
  0.115824 0.00377377  0.0905561
  0.115819 0.00377334   0.090552
  0.115814 0.00377292  0.0905479
  0.115809 0.00377249  0.0905438
  0.115804 0.00377207  0.0905398
    0.1158 0.00377165  0.0905357
  0.115795 0.00377123  0.0905317
   0.11579 0.00377082  0.0905278
 0.115785 0.0037704 0.0905238
  0.115781 0.00376999  0.0905199
  0.115776 0.00376958   0.090516
  0.115772 0.00376918  0.0905121
  0.115767 0.00376877  0.0905082
  0.115762 0.00376837  0.0905044
  0.115758 0.00376797  0.0905006
  0.115753 0.00376757  0.0904968
  0.115749 0.00376718  0.0904931
  0.115744 0.00376679  0.0904893
  0.11574 0.0037664 0.0904856
  0.115736 0.00376601  0.0904819
  0.115731 0.00376562  0.0904782
  0.115727 0.00376524  0.0904746
  0.115723 0.00376485   0.090471
  0.115718 0.00376447  0.0904674
 0.115714 0.0037641 0.0904638
   0.11571 0.00376372  0.0904602
  0.115706 0.00376335  0.0904567
  0.115702 0.00376298  0.0904532
  0.115697 0.00376261  0.0904497
  0.115693 0.00376224  0.0904462
  0.115689 0.00376187  0.0904427
  0.115685 0.00376151  0.0904393
  0.115681 0.00376115  0.0904359
  0.115677 0.00376079  0.0904325
  0.115673 0.00376043  0.0904291
  0.115669 0.00376008  0.0904258
  0.115665 0.00375972  0.0904225
  0.115661 0.00375937  0.0904191
  0.115657 0.00375902  0.0904159
  0.115653 0.00375868  0.0904126
   0.11565 0.00375833  0.0904093
  0.115646 0.00375799  0.0904061
  0.115642 0.00375765  0.0904029
  0.115638 0.00375731  0.0903997
  0.115634 0.00375697  0.0903965
  0.115631 0.00375663  0.0903934
 0.115627 0.0037563 0.0903903
  0.115623 0.00375597  0.0903871
   0.11562 0.00375564   0.090384
  0.115616 0.00375531   0.090381
  0.115612 0.00375498  0.0903779
  0.115609 0.00375465  0.0903749
  0.115605 0.00375433  0.0903718
  0.115601 0.00375401  0.0903688
  0.115598 0.00375369  0.0903659
  0.115594 0.00375337  0.0903629
  0.115591 0.00375306  0.0903599
  0.115587 0.00375274   0.090357
  0.115584 0.00375243  0.0903541
  0.115581 0.00375212  0.0903512
  0.115577 0.00375181  0.0903483
 0.115574 0.0037515 0.0903454
  0.11557 0.0037512 0.0903426
  0.115567 0.00375089  0.0903398
  0.115564 0.00375059   0.090337
   0.11556 0.00375029  0.0903342
  0.115557 0.00374999  0.0903314
  0.115554 0.00374969  0.0903286
 0.115551 0.0037494 0.0903259
 0.115547 0.0037491 0.0903231
  0.115544 0.00374881  0.0903204
  0.115541 0.00374852  0.0903177
  0.115538 0.00374823  0.0903151
  0.115535 0.00374794  0.0903124
  0.115532 0.00374766  0.0903097
  0.115528 0.00374737  0.0903071
  0.115525 0.00374709  0.0903045
  0.115522 0.00374681  0.0903019
  0.115519 0.00374653  0.0902993
  0.115516 0.00374625  0.0902967
  0.115513 0.00374597  0.0902942
  0.11551 0.0037457 0.0902916
  0.115507 0.00374542  0.0902891
  0.115504 0.00374515  0.0902866
  0.115501 0.00374488  0.0902841
  0.115498 0.00374461  0.0902816
  0.115495 0.00374434  0.0902791
  0.115492 0.00374407  0.0902767
   0.11549 0.00374381  0.0902743
  0.115487 0.00374355  0.0902718
  0.115484 0.00374328  0.0902694
  0.115481 0.00374302   0.090267
  0.115478 0.00374276  0.0902646
  0.115475 0.00374251  0.0902623
  0.115473 0.00374225  0.0902599
  0.11547  0.003742 0.0902576
  0.115467 0.00374174  0.0902553
  0.115464 0.00374149  0.0902529
  0.115462 0.00374124  0.0902506
  0.115459 0.00374099  0.0902484
  0.115456 0.00374074  0.0902461
 0.115454 0.0037405 0.0902438
  0.115451 0.00374025  0.0902416
  0.115448 0.00374001  0.0902394
  0.115446 0.00373976  0.0902371
  0.115443 0.00373952  0.0902349
   0.11544 0.00373928  0.0902327
  0.115438 0.00373904  0.0902306
  0.115435 0.00373881  0.0902284
  0.115433 0.00373857  0.0902262
   0.11543 0.00373834  0.0902241
 0.115428 0.0037381  0.090222
  0.115425 0.00373787  0.0902198
  0.115423 0.00373764  0.0902177
   0.11542 0.00373741  0.0902156
  0.115418 0.00373718  0.0902136
  0.115415 0.00373695  0.0902115
  0.115413 0.00373673  0.0902094
 0.115411 0.0037365 0.0902074
  0.115408 0.00373628  0.0902054
  0.115406 0.00373606  0.0902033
  0.115403 0.00373584  0.0902013
  0.115401 0.00373562  0.0901993
 0.115399 0.0037354 0.0901973
  0.115396 0.00373518  0.0901954
  0.115394 0.00373496  0.0901934
  0.115392 0.00373475  0.0901915
  0.115389 0.00373454  0.0901895
  0.115387 0.00373432  0.0901876
  0.115385 0.00373411  0.0901857
 0.115383 0.0037339 0.0901838
   0.11538 0.00373369  0.0901819
  0.115378 0.00373348    0.09018
  0.115376 0.00373328  0.0901781
  0.115374 0.00373307  0.0901762
  0.115372 0.00373287  0.0901744
  0.115369 0.00373266  0.0901726
  0.115367 0.00373246  0.0901707
  0.115365 0.00373226  0.0901689
  0.115363 0.00373206  0.0901671
  0.115361 0.00373186  0.0901653
  0.115359 0.00373166  0.0901635
  0.115357 0.00373146  0.0901617
  0.115355 0.00373127    0.09016
  0.115353 0.00373107  0.0901582
   0.11535 0.00373088  0.0901564
  0.115348 0.00373069  0.0901547
  0.115346 0.00373049   0.090153
 0.115344 0.0037303 0.0901513
  0.115342 0.00373011  0.0901496
   0.11534 0.00372993  0.0901479
  0.115338 0.00372974  0.0901462
  0.115336 0.00372955  0.0901445
  0.115334 0.00372937  0.0901428
  0.115332 0.00372918  0.0901412
 0.115331  0.003729 0.0901395
  0.115329 0.00372882  0.0901379
  0.115327 0.00372863  0.0901362
  0.115325 0.00372845  0.0901346
  0.115323 0.00372827   0.090133
  0.115321 0.00372809  0.0901314
  0.115319 0.00372792  0.0901298
  0.115317 0.00372774  0.0901282
  0.115315 0.00372756  0.0901266
  0.115314 0.00372739  0.0901251
  0.115312 0.00372722  0.0901235
   0.11531 0.00372704   0.090122
  0.115308 0.00372687  0.0901204
 0.115306 0.0037267 0.0901189
  0.115304 0.00372653  0.0901174
  0.115303 0.00372636  0.0901158
  0.115301 0.00372619  0.0901143
  0.115299 0.00372603  0.0901128
  0.115297 0.00372586  0.0901114
  0.115296 0.00372569  0.0901099
  0.115294 0.00372553  0.0901084
  0.115292 0.00372536  0.0901069
  0.11529 0.0037252 0.0901055
  0.115289 0.00372504   0.090104
  0.115287 0.00372488  0.0901026
  0.115285 0.00372472  0.0901012
  0.115284 0.00372456  0.0900997
 0.115282 0.0037244 0.0900983
   0.11528 0.00372424  0.0900969
  0.115279 0.00372409  0.0900955
  0.115277 0.00372393  0.0900941
  0.115276 0.00372378  0.0900927
  0.115274 0.00372362  0.0900914
  0.115272 0.00372347    0.09009
  0.115271 0.00372332  0.0900886
  0.115269 0.00372316  0.0900873
  0.115268 0.00372301   0.090086
  0.115266 0.00372286  0.0900846
  0.115264 0.00372271  0.0900833
  0.115263 0.00372256   0.090082
  0.115261 0.00372242  0.0900807
   0.11526 0.00372227  0.0900793
  0.115258 0.00372212   0.090078
  0.115257 0.00372198  0.0900768
  0.115255 0.00372183  0.0900755
  0.115254 0.00372169  0.0900742
  0.115252 0.00372155  0.0900729
  0.115251 0.00372141  0.0900717
  0.115249 0.00372126  0.0900704
  0.115248 0.00372112  0.0900692
  0.115246 0.00372098  0.0900679
  0.115245 0.00372084  0.0900667
  0.115243 0.00372071  0.0900655
  0.115242 0.00372057  0.0900642
  0.115241 0.00372043   0.090063
  0.115239 0.00372029  0.0900618
  0.115238 0.00372016  0.0900606
  0.115236 0.00372002  0.0900594
  0.115235 0.00371989  0.0900582
  0.115234 0.00371976   0.090057
  0.115232 0.00371962  0.0900559
  0.115231 0.00371949  0.0900547
  0.115229 0.00371936  0.0900535
  0.115228 0.00371923  0.0900524
 0.115227 0.0037191 0.0900512
  0.115225 0.00371897  0.0900501
  0.115224 0.00371884   0.090049
  0.115223 0.00371872  0.0900478
  0.115221 0.00371859  0.0900467
   0.11522 0.00371846  0.0900456
  0.115219 0.00371834  0.0900445
  0.115217 0.00371821  0.0900434
  0.115216 0.00371809  0.0900423
  0.115215 0.00371797  0.0900412
  0.115214 0.00371784  0.0900401
  0.115212 0.00371772   0.090039
 0.115211 0.0037176  0.090038
   0.11521 0.00371748  0.0900369
  0.115209 0.00371736  0.0900358
  0.115207 0.00371724  0.0900348
  0.115206 0.00371712  0.0900337
 0.115205  0.003717 0.0900327
  0.115204 0.00371688  0.0900317
  0.115203 0.00371677  0.0900306
  0.115201 0.00371665  0.0900296
    0.1152 0.00371653  0.0900286
  0.115199 0.00371642  0.0900276
 0.115198 0.0037163 0.0900266
  0.115197 0.00371619  0.0900256
  0.115195 0.00371608  0.0900246
  0.115194 0.00371596  0.0900236
  0.115193 0.00371585  0.0900226
  0.115192 0.00371574  0.0900216
  0.115191 0.00371563  0.0900206
   0.11519 0.00371552  0.0900197
  0.115188 0.00371541  0.0900187
 0.115187 0.0037153 0.0900177
  0.115186 0.00371519  0.0900168
  0.115185 0.00371508  0.0900158
  0.115184 0.00371498  0.0900149
  0.115183 0.00371487  0.0900139
  0.115182 0.00371476   0.090013
  0.115181 0.00371466  0.0900121
   0.11518 0.00371455  0.0900112
  0.115179 0.00371445  0.0900102
  0.115178 0.00371434  0.0900093
  0.115176 0.00371424  0.0900084
  0.115175 0.00371414  0.0900075
  0.115174 0.00371404  0.0900066
  0.115173 0.00371393  0.0900057
  0.115172 0.00371383  0.0900048
  0.115171 0.00371373   0.090004
   0.11517 0.00371363  0.0900031
  0.115169 0.00371353  0.0900022
  0.115168 0.00371343  0.0900013
  0.115167 0.00371333  0.0900005
  0.115166 0.00371324  0.0899996
  0.115165 0.00371314  0.0899988
  0.115164 0.00371304  0.0899979
  0.115163 0.00371295  0.0899971
  0.115162 0.00371285  0.0899962
  0.115161 0.00371275  0.0899954
   0.11516 0.00371266  0.0899946
  0.115159 0.00371257  0.0899938
  0.115158 0.00371247  0.0899929
  0.115157 0.00371238  0.0899921
  0.115156 0.00371229  0.0899913
  0.115155 0.00371219  0.0899905
 0.115154 0.0037121 0.0899897
  0.115154 0.00371201  0.0899889
  0.115153 0.00371192  0.0899881
  0.115152 0.00371183  0.0899873
  0.115151 0.00371174  0.0899865
   0.11515 0.00371165  0.0899857
  0.115149 0.00371156   0.089985
  0.115148 0.00371147  0.0899842
  0.115147 0.00371138  0.0899834
 0.115146 0.0037113 0.0899827
  0.115145 0.00371121  0.0899819
  0.115144 0.00371112  0.0899811
  0.115144 0.00371104  0.0899804
  0.115143 0.00371095  0.0899796
  0.115142 0.00371087  0.0899789
  0.115141 0.00371078  0.0899782
  0.11514 0.0037107 0.0899774
  0.115139 0.00371061  0.0899767
  0.115138 0.00371053   0.089976
  0.115138 0.00371045  0.0899752
  0.115137 0.00371036  0.0899745
  0.115136 0.00371028  0.0899738
 0.115135 0.0037102 0.0899731
  0.115134 0.00371012  0.0899724
  0.115133 0.00371004  0.0899717
  0.115133 0.00370996   0.089971
  0.115132 0.00370988  0.0899703
 0.115131 0.0037098 0.0899696
   0.11513 0.00370972  0.0899689
  0.115129 0.00370964  0.0899682
  0.115129 0.00370956  0.0899676
  0.115128 0.00370949  0.0899669
  0.115127 0.00370941  0.0899662
  0.115126 0.00370933  0.0899655
  0.115125 0.00370925  0.0899649
  0.115125 0.00370918  0.0899642
 0.115124 0.0037091 0.0899635
  0.115123 0.00370903  0.0899629
  0.115122 0.00370895  0.0899622
  0.115122 0.00370888  0.0899616
 0.115121 0.0037088 0.0899609
   0.11512 0.00370873  0.0899603
  0.115119 0.00370866  0.0899597
  0.115119 0.00370858   0.089959
  0.115118 0.00370851  0.0899584
  0.115117 0.00370844  0.0899578
  0.115116 0.00370837  0.0899572
 0.115116 0.0037083 0.0899565
  0.115115 0.00370822  0.0899559
  0.115114 0.00370815  0.0899553
  0.115113 0.00370808  0.0899547
  0.115113 0.00370801  0.0899541
  0.115112 0.00370794  0.0899535
  0.115111 0.00370788  0.0899529
  0.115111 0.00370781  0.0899523
   0.11511 0.00370774  0.0899517
  0.115109 0.00370767  0.0899511
 0.115109 0.0037076 0.0899505
  0.115108 0.00370754  0.0899499
  0.115107 0.00370747  0.0899494
 0.115107 0.0037074 0.0899488
  0.115106 0.00370734  0.0899482
  0.115105 0.00370727  0.0899476
 0.115104 0.0037072 0.0899471
  0.115104 0.00370714  0.0899465
  0.115103 0.00370707  0.0899459
  0.115103 0.00370701  0.0899454
  0.115102 0.00370695  0.0899448
  0.115101 0.00370688  0.0899443
  0.115101 0.00370682  0.0899437
    0.1151 0.00370676  0.0899432
  0.115099 0.00370669  0.0899426
  0.115099 0.00370663  0.0899421
  0.115098 0.00370657  0.0899416
  0.115097 0.00370651   0.089941
  0.115097 0.00370644  0.0899405
  0.115096 0.00370638    0.08994
  0.115096 0.00370632  0.0899394
  0.115095 0.00370626  0.0899389
 0.115094 0.0037062 0.0899384
  0.115094 0.00370614  0.0899379
  0.115093 0.00370608  0.0899374
  0.115093 0.00370602  0.0899368
  0.115092 0.00370596  0.0899363
  0.115091 0.00370591  0.0899358
  0.115091 0.00370585  0.0899353
   0.11509 0.00370579  0.0899348
   0.11509 0.00370573  0.0899343
  0.115089 0.00370567  0.0899338
  0.115088 0.00370562  0.0899333
  0.115088 0.00370556  0.0899328
 0.115087 0.0037055 0.0899324
  0.115087 0.00370545  0.0899319
  0.115086 0.00370539  0.0899314
  0.115086 0.00370534  0.0899309
  0.115085 0.00370528  0.0899304
  0.115084 0.00370523    0.08993
  0.115084 0.00370517  0.0899295
  0.115083 0.00370512   0.089929
  0.115083 0.00370506  0.0899286
  0.115082 0.00370501  0.0899281
  0.115082 0.00370496  0.0899276
 0.115081 0.0037049 0.0899272
  0.115081 0.00370485  0.0899267
  0.11508 0.0037048 0.0899263
   0.11508 0.00370475  0.0899258
  0.115079 0.00370469  0.0899254
  0.115079 0.00370464  0.0899249
  0.115078 0.00370459  0.0899245
  0.115077 0.00370454   0.089924
  0.115077 0.00370449  0.0899236
  0.115076 0.00370444  0.0899231
  0.115076 0.00370439  0.0899227
  0.115075 0.00370434  0.0899223
  0.115075 0.00370429  0.0899218
  0.115074 0.00370424  0.0899214
  0.115074 0.00370419   0.089921
  0.115073 0.00370414  0.0899206
  0.115073 0.00370409  0.0899201
  0.115072 0.00370404  0.0899197
  0.115072 0.00370399  0.0899193
  0.115071 0.00370395  0.0899189
 0.115071 0.0037039 0.0899185
  0.115071 0.00370385  0.0899181
  0.11507 0.0037038 0.0899177
   0.11507 0.00370376  0.0899173
  0.115069 0.00370371  0.0899169
  0.115069 0.00370366  0.0899165
  0.115068 0.00370362  0.0899161
  0.115068 0.00370357  0.0899157
  0.115067 0.00370352  0.0899153
  0.115067 0.00370348  0.0899149
  0.115066 0.00370343  0.0899145
  0.115066 0.00370339  0.0899141
  0.115065 0.00370334  0.0899137
 0.115065 0.0037033 0.0899133
  0.115064 0.00370325  0.0899129
  0.115064 0.00370321  0.0899126
  0.115064 0.00370317  0.0899122
  0.115063 0.00370312  0.0899118
  0.115063 0.00370308  0.0899114
  0.115062 0.00370304  0.0899111
  0.115062 0.00370299  0.0899107
  0.115061 0.00370295  0.0899103
  0.115061 0.00370291    0.08991
  0.115061 0.00370286  0.0899096
   0.11506 0.00370282  0.0899092
   0.11506 0.00370278  0.0899089
  0.115059 0.00370274  0.0899085
 0.115059 0.0037027 0.0899082
  0.115058 0.00370266  0.0899078
  0.115058 0.00370262  0.0899074
  0.115058 0.00370258  0.0899071
  0.115057 0.00370253  0.0899067
  0.115057 0.00370249  0.0899064
  0.115056 0.00370245  0.0899061
  0.115056 0.00370241  0.0899057
  0.115056 0.00370237  0.0899054
  0.115055 0.00370233   0.089905
 0.115055 0.0037023 0.0899047
  0.115054 0.00370226  0.0899044
  0.115054 0.00370222   0.089904
  0.115054 0.00370218  0.0899037
  0.115053 0.00370214  0.0899034
 0.115053 0.0037021  0.089903
  0.115052 0.00370206  0.0899027
  0.115052 0.00370203  0.0899024
  0.115052 0.00370199  0.0899021
  0.115051 0.00370195  0.0899017
  0.115051 0.00370191  0.0899014
  0.115051 0.00370188  0.0899011
   0.11505 0.00370184  0.0899008
  0.11505 0.0037018 0.0899005
  0.115049 0.00370177  0.0899002
  0.115049 0.00370173  0.0898998
  0.115049 0.00370169  0.0898995
  0.115048 0.00370166  0.0898992
  0.115048 0.00370162  0.0898989
  0.115048 0.00370159  0.0898986
  0.115047 0.00370155  0.0898983
  0.115047 0.00370152   0.089898
  0.115047 0.00370148  0.0898977
  0.115046 0.00370145  0.0898974
  0.115046 0.00370141  0.0898971
  0.115046 0.00370138  0.0898968
  0.115045 0.00370134  0.0898965
  0.115045 0.00370131  0.0898962
  0.115045 0.00370128  0.0898959
  0.115044 0.00370124  0.0898956
  0.115044 0.00370121  0.0898954
  0.115044 0.00370118  0.0898951
  0.115043 0.00370114  0.0898948
  0.115043 0.00370111  0.0898945
  0.115043 0.00370108  0.0898942
  0.115042 0.00370104  0.0898939
  0.115042 0.00370101  0.0898937
  0.115042 0.00370098  0.0898934
  0.115041 0.00370095  0.0898931
  0.115041 0.00370092  0.0898928
  0.115041 0.00370088  0.0898926
   0.11504 0.00370085  0.0898923
   0.11504 0.00370082   0.089892
   0.11504 0.00370079  0.0898918
  0.115039 0.00370076  0.0898915
  0.115039 0.00370073  0.0898912
 0.115039 0.0037007  0.089891
  0.115038 0.00370067  0.0898907
  0.115038 0.00370064  0.0898904
  0.115038 0.00370061  0.0898902
  0.115037 0.00370058  0.0898899
  0.115037 0.00370055  0.0898897
  0.115037 0.00370052  0.0898894
  0.115037 0.00370049  0.0898891
  0.115036 0.00370046  0.0898889
  0.115036 0.00370043  0.0898886
 0.115036 0.0037004 0.0898884
  0.115035 0.00370037  0.0898881
  0.115035 0.00370034  0.0898879
  0.115035 0.00370031  0.0898876
  0.115035 0.00370028  0.0898874
  0.115034 0.00370025  0.0898872
  0.115034 0.00370023  0.0898869
 0.115034 0.0037002 0.0898867
  0.115033 0.00370017  0.0898864
  0.115033 0.00370014  0.0898862
  0.115033 0.00370011   0.089886
  0.115033 0.00370009  0.0898857
  0.115032 0.00370006  0.0898855
  0.115032 0.00370003  0.0898853
  0.115032 0.00370001   0.089885
  0.115031 0.00369998  0.0898848
  0.115031 0.00369995  0.0898846
  0.115031 0.00369993  0.0898843
 0.115031 0.0036999 0.0898841
   0.11503 0.00369987  0.0898839
   0.11503 0.00369985  0.0898837
   0.11503 0.00369982  0.0898834
   0.11503 0.00369979  0.0898832
  0.115029 0.00369977   0.089883
  0.115029 0.00369974  0.0898828
  0.115029 0.00369972  0.0898825
  0.115029 0.00369969  0.0898823
  0.115028 0.00369967  0.0898821
  0.115028 0.00369964  0.0898819
  0.115028 0.00369962  0.0898817
  0.115028 0.00369959  0.0898815
  0.115027 0.00369957  0.0898813
  0.115027 0.00369954   0.089881
  0.115027 0.00369952  0.0898808
  0.115027 0.00369949  0.0898806
  0.115026 0.00369947  0.0898804
  0.115026 0.00369944  0.0898802
  0.115026 0.00369942    0.08988
 0.115026 0.0036994 0.0898798
  0.115025 0.00369937  0.0898796
  0.115025 0.00369935  0.0898794
  0.115025 0.00369933  0.0898792
 0.115025 0.0036993  0.089879
  0.115024 0.00369928  0.0898788
  0.115024 0.00369926  0.0898786
  0.115024 0.00369923  0.0898784
  0.115024 0.00369921  0.0898782
  0.115023 0.00369919   0.089878
  0.115023 0.00369916  0.0898778
  0.115023 0.00369914  0.0898776
  0.115023 0.00369912  0.0898774
 0.115023 0.0036991 0.0898772
  0.115022 0.00369908   0.089877
  0.115022 0.00369905  0.0898768
  0.115022 0.00369903  0.0898767
  0.115022 0.00369901  0.0898765
  0.115021 0.00369899  0.0898763
  0.115021 0.00369897  0.0898761
  0.115021 0.00369894  0.0898759
  0.115021 0.00369892  0.0898757
 0.115021 0.0036989 0.0898756
   0.11502 0.00369888  0.0898754
   0.11502 0.00369886  0.0898752
   0.11502 0.00369884   0.089875
   0.11502 0.00369882  0.0898748
  0.11502 0.0036988 0.0898747
  0.115019 0.00369878  0.0898745
  0.115019 0.00369876  0.0898743
  0.115019 0.00369874  0.0898741
  0.115019 0.00369872   0.089874
 0.115019 0.0036987 0.0898738
  0.115018 0.00369868  0.0898736
  0.115018 0.00369866  0.0898734
  0.115018 0.00369864  0.0898733
  0.115018 0.00369862  0.0898731
 0.115017 0.0036986 0.0898729
  0.115017 0.00369858  0.0898728
  0.115017 0.00369856  0.0898726
  0.115017 0.00369854  0.0898724
  0.115017 0.00369852  0.0898723
 0.115017 0.0036985 0.0898721
  0.115016 0.00369848  0.0898719
  0.115016 0.00369846  0.0898718
  0.115016 0.00369844  0.0898716
  0.115016 0.00369842  0.0898714
  0.115016 0.00369841  0.0898713
  0.115015 0.00369839  0.0898711
  0.115015 0.00369837   0.089871
  0.115015 0.00369835  0.0898708
  0.115015 0.00369833  0.0898707
  0.115015 0.00369831  0.0898705
 0.115014 0.0036983 0.0898703
  0.115014 0.00369828  0.0898702
  0.115014 0.00369826    0.08987
  0.115014 0.00369824  0.0898699
  0.115014 0.00369822  0.0898697
  0.115014 0.00369821  0.0898696
  0.115013 0.00369819  0.0898694
  0.115013 0.00369817  0.0898693
  0.115013 0.00369815  0.0898691
  0.115013 0.00369814   0.089869
  0.115013 0.00369812  0.0898688
 0.115013 0.0036981 0.0898687
  0.115012 0.00369809  0.0898685
  0.115012 0.00369807  0.0898684
  0.115012 0.00369805  0.0898683
  0.115012 0.00369804  0.0898681
  0.115012 0.00369802   0.089868
 0.115011  0.003698 0.0898678
  0.115011 0.00369799  0.0898677
  0.115011 0.00369797  0.0898675
  0.115011 0.00369795  0.0898674
  0.115011 0.00369794  0.0898673
  0.115011 0.00369792  0.0898671
   0.11501 0.00369791   0.089867
   0.11501 0.00369789  0.0898669
   0.11501 0.00369787  0.0898667
   0.11501 0.00369786  0.0898666
   0.11501 0.00369784  0.0898664
   0.11501 0.00369783  0.0898663
   0.11501 0.00369781  0.0898662
 0.115009 0.0036978  0.089866
  0.115009 0.00369778  0.0898659
  0.115009 0.00369776  0.0898658
  0.115009 0.00369775  0.0898657
  0.115009 0.00369773  0.0898655
  0.115009 0.00369772  0.0898654
 0.115008 0.0036977 0.0898653
  0.115008 0.00369769  0.0898651
  0.115008 0.00369767   0.089865
  0.115008 0.00369766  0.0898649
  0.115008 0.00369765  0.0898648
  0.115008 0.00369763  0.0898646
  0.115008 0.00369762  0.0898645
 0.115007 0.0036976 0.0898644
  0.115007 0.00369759  0.0898643
