   0.290098 -0.00668686     1.97147    0.289022   -0.299932     1.96844     -1.3475
  0.293705 -0.0038975    1.97184   0.289692   -0.29858    1.97024   -1.34644
     0.2962 -0.00194043     1.97211    0.289803   -0.297654      1.9714    -1.34582
     0.29798 -0.000572744      1.97229     0.289583     -0.29703      1.97216      -1.3455
   0.299293 0.000378213     1.97241     0.28917   -0.296616     1.97269    -1.34538
  0.300299 0.00103459    1.97249   0.288645   -0.29635    1.97308   -1.34539
  0.301101 0.00148255    1.97253   0.288057  -0.296186     1.9734   -1.34548
  0.301765 0.00178273    1.97255   0.287434  -0.296093    1.97367   -1.34563
 0.302333 0.0019778   1.97256  0.286792 -0.296049   1.97393   -1.3458
 0.302834 0.0020977   1.97255  0.286141 -0.296039   1.97418    -1.346
  0.303286 0.00216352    1.97254   0.285488  -0.296051    1.97443    -1.3462
  0.303703 0.00219009    1.97253   0.284835  -0.296079    1.97468    -1.3464
  0.304093 0.00218789    1.97251   0.284183  -0.296116    1.97493    -1.3466
  0.304461 0.00216434    1.97249   0.283534   -0.29616     1.9752    -1.3468
  0.304813 0.00212473    1.97248   0.282889  -0.296208    1.97547   -1.34699
  0.305152 0.00207285    1.97246   0.282247  -0.296258    1.97574   -1.34717
  0.305479 0.00201143    1.97245   0.281608   -0.29631    1.97603   -1.34735
  0.305797 0.00194249    1.97243   0.280973  -0.296362    1.97631   -1.34752
 0.306107 0.0018675   1.97242  0.280341 -0.296413    1.9766  -1.34768
  0.306409 0.00178758    1.97241   0.279712  -0.296465     1.9769   -1.34784
  0.306706 0.00170358     1.9724   0.279087  -0.296516    1.97719   -1.34799
  0.306997 0.00161617     1.9724   0.278465  -0.296566    1.97749   -1.34814
  0.307284 0.00152587    1.97239   0.277846  -0.296616    1.97779   -1.34828
 0.307566 0.0014331   1.97239   0.27723 -0.296665   1.97809  -1.34842
  0.307845 0.00133822    1.97238   0.276616  -0.296713     1.9784   -1.34855
   0.30812 0.00124152    1.97238   0.276006  -0.296761     1.9787   -1.34868
  0.308392 0.00114324    1.97238   0.275399  -0.296808    1.97901    -1.3488
  0.30866 0.0010436   1.97238  0.274795 -0.296854   1.97931  -1.34892
   0.308927 0.000942788     1.97238    0.274193     -0.2969     1.97962    -1.34904
    0.30919 0.000840969     1.97238    0.273594   -0.296945     1.97992    -1.34916
   0.309452 0.000738286     1.97238    0.272999    -0.29699     1.98023    -1.34927
   0.309711 0.000634869     1.97238    0.272405   -0.297035     1.98053    -1.34938
   0.309968 0.000530834     1.97238    0.271815   -0.297078     1.98084    -1.34949
   0.310224 0.000426284     1.97238    0.271227   -0.297122     1.98114     -1.3496
   0.310477 0.000321312     1.97239    0.270642   -0.297165     1.98144     -1.3497
   0.310729 0.000216004     1.97239     0.27006   -0.297208     1.98175     -1.3498
    0.31098 0.000110434     1.97239     0.26948    -0.29725     1.98205    -1.34991
  0.311228 4.6729e-06     1.9724   0.268903  -0.297292    1.98235   -1.35001
    0.311475 -0.000101219       1.9724     0.268328    -0.297334      1.98265      -1.3501
    0.311721 -0.000207184      1.97241     0.267757    -0.297376      1.98295      -1.3502
    0.311966 -0.000313173      1.97241     0.267187    -0.297417      1.98324      -1.3503
    0.312209 -0.000419138      1.97242     0.266621    -0.297458      1.98354     -1.35039
     0.31245 -0.000525039      1.97242     0.266056    -0.297499      1.98383     -1.35049
    0.312691 -0.000630838      1.97243     0.265495     -0.29754      1.98413     -1.35058
     0.31293 -0.000736501      1.97243     0.264936     -0.29758      1.98442     -1.35067
    0.313168 -0.000841997      1.97244     0.264379    -0.297621      1.98471     -1.35076
  0.313404 -0.0009473    1.97244   0.263825  -0.297661      1.985   -1.35085
    0.31364 -0.00105238     1.97245    0.263274     -0.2977     1.98529    -1.35094
   0.313874 -0.00115722     1.97245    0.262724    -0.29774     1.98558    -1.35103
  0.314108 -0.0012618    1.97246   0.262178   -0.29778    1.98587   -1.35112
   0.31434 -0.0013661    1.97246   0.261634  -0.297819    1.98615   -1.35121
   0.314571 -0.00147011     1.97247    0.261092   -0.297858     1.98644    -1.35129
  0.314801 -0.0015738    1.97248   0.260553  -0.297897    1.98672   -1.35138
    0.31503 -0.00167717     1.97248    0.260016   -0.297936       1.987    -1.35147
  0.315257 -0.0017802    1.97249   0.259481  -0.297975    1.98728   -1.35155
   0.315484 -0.00188289     1.97249    0.258949   -0.298014     1.98756    -1.35164
    0.31571 -0.00198522      1.9725     0.25842   -0.298052     1.98784    -1.35172
   0.315934 -0.00208719     1.97251    0.257892    -0.29809     1.98811     -1.3518
   0.316158 -0.00218879     1.97251    0.257367   -0.298129     1.98839    -1.35189
   0.316381 -0.00229001     1.97252    0.256845   -0.298167     1.98866    -1.35197
   0.316602 -0.00239085     1.97252    0.256324   -0.298205     1.98894    -1.35205
  0.316823 -0.0024913    1.97253   0.255806  -0.298242    1.98921   -1.35213
   0.317042 -0.00259136     1.97254    0.255291    -0.29828     1.98948    -1.35221
   0.317261 -0.00269102     1.97254    0.254777   -0.298318     1.98975     -1.3523
   0.317478 -0.00279029     1.97255    0.254266   -0.298355     1.99002    -1.35238
   0.317695 -0.00288915     1.97255    0.253758   -0.298392     1.99028    -1.35246
    0.31791 -0.00298761     1.97256    0.253251    -0.29843     1.99055    -1.35254
   0.318125 -0.00308567     1.97257    0.252747   -0.298467     1.99081    -1.35261
   0.318339 -0.00318332     1.97257    0.252245   -0.298504     1.99108    -1.35269
   0.318551 -0.00328056     1.97258    0.251745   -0.298541     1.99134    -1.35277
   0.318763 -0.00337739     1.97258    0.251247   -0.298577      1.9916    -1.35285
   0.318974 -0.00347381     1.97259    0.250752   -0.298614     1.99186    -1.35293
   0.319184 -0.00356983     1.97259    0.250259   -0.298651     1.99212      -1.353
   0.319393 -0.00366543      1.9726    0.249768   -0.298687     1.99238    -1.35308
   0.319601 -0.00376062     1.97261    0.249279   -0.298723     1.99263    -1.35316
  0.319808 -0.0038554    1.97261   0.248793   -0.29876    1.99289   -1.35323
   0.320014 -0.00394978     1.97262    0.248308   -0.298796     1.99314    -1.35331
   0.320219 -0.00404374     1.97262    0.247826   -0.298832     1.99339    -1.35339
  0.320424 -0.0041373    1.97263   0.247346  -0.298868    1.99365   -1.35346
   0.320627 -0.00423045     1.97264    0.246868   -0.298903      1.9939    -1.35354
   0.320829 -0.00432319     1.97264    0.246392   -0.298939     1.99415    -1.35361
   0.321031 -0.00441553     1.97265    0.245918   -0.298975     1.99439    -1.35369
   0.321232 -0.00450746     1.97265    0.245447    -0.29901     1.99464    -1.35376
   0.321432 -0.00459899     1.97266    0.244977   -0.299046     1.99489    -1.35383
    0.32163 -0.00469012     1.97267     0.24451   -0.299081     1.99513    -1.35391
   0.321828 -0.00478084     1.97267    0.244044   -0.299116     1.99538    -1.35398
   0.322026 -0.00487117     1.97268    0.243581   -0.299151     1.99562    -1.35405
   0.322222 -0.00496109     1.97268    0.243119   -0.299186     1.99586    -1.35413
   0.322417 -0.00505063     1.97269     0.24266   -0.299221      1.9961     -1.3542
   0.322612 -0.00513976     1.97269    0.242203   -0.299256     1.99634    -1.35427
  0.322806 -0.0052285     1.9727   0.241748   -0.29929    1.99658   -1.35434
   0.322998 -0.00531685     1.97271    0.241294   -0.299325     1.99682    -1.35441
    0.32319 -0.00540481     1.97271    0.240843   -0.299359     1.99705    -1.35448
   0.323382 -0.00549238     1.97272    0.240394   -0.299394     1.99729    -1.35455
   0.323572 -0.00557956     1.97272    0.239947   -0.299428     1.99752    -1.35462
   0.323761 -0.00566635     1.97273    0.239501   -0.299462     1.99776    -1.35469
    0.32395 -0.00575276     1.97273    0.239058   -0.299496     1.99799    -1.35476
   0.324138 -0.00583878     1.97274    0.238617    -0.29953     1.99822    -1.35483
   0.324325 -0.00592443     1.97274    0.238177   -0.299564     1.99845     -1.3549
   0.324511 -0.00600969     1.97275     0.23774   -0.299598     1.99868    -1.35497
   0.324696 -0.00609458     1.97276    0.237304   -0.299632     1.99891    -1.35504
   0.324881 -0.00617909     1.97276    0.236871   -0.299666     1.99914    -1.35511
   0.325064 -0.00626322     1.97277    0.236439   -0.299699     1.99936    -1.35518
   0.325247 -0.00634698     1.97277    0.236009   -0.299732     1.99959    -1.35524
   0.325429 -0.00643037     1.97278    0.235581   -0.299766     1.99981    -1.35531
   0.325611 -0.00651339     1.97278    0.235155   -0.299799     2.00003    -1.35538
   0.325791 -0.00659604     1.97279    0.234731   -0.299832     2.00026    -1.35544
   0.325971 -0.00667832     1.97279    0.234309   -0.299865     2.00048    -1.35551
    0.32615 -0.00676024      1.9728    0.233888   -0.299898      2.0007    -1.35558
   0.326328 -0.00684179     1.97281     0.23347   -0.299931     2.00092    -1.35564
   0.326505 -0.00692298     1.97281    0.233053   -0.299964     2.00113    -1.35571
   0.326682 -0.00700381     1.97282    0.232638   -0.299997     2.00135    -1.35577
   0.326857 -0.00708429     1.97282    0.232225   -0.300029     2.00157    -1.35584
  0.327032 -0.0071644    1.97283   0.231814  -0.300062    2.00178    -1.3559
   0.327207 -0.00724416     1.97283    0.231404   -0.300094       2.002    -1.35597
    0.32738 -0.00732357     1.97284    0.230997   -0.300126     2.00221    -1.35603
   0.327553 -0.00740262     1.97284    0.230591   -0.300159     2.00242     -1.3561
   0.327725 -0.00748133     1.97285    0.230187   -0.300191     2.00263    -1.35616
   0.327896 -0.00755968     1.97286    0.229784   -0.300223     2.00284    -1.35622
   0.328066 -0.00763769     1.97286    0.229384   -0.300255     2.00305    -1.35629
   0.328236 -0.00771535     1.97287    0.228985   -0.300287     2.00326    -1.35635
   0.328405 -0.00779266     1.97287    0.228588   -0.300319     2.00347    -1.35641
   0.328573 -0.00786964     1.97288    0.228192    -0.30035     2.00368    -1.35648
   0.328741 -0.00794627     1.97288    0.227799   -0.300382     2.00388    -1.35654
   0.328907 -0.00802256     1.97289    0.227407   -0.300413     2.00409     -1.3566
   0.329073 -0.00809852     1.97289    0.227017   -0.300445     2.00429    -1.35666
   0.329239 -0.00817413      1.9729    0.226628   -0.300476     2.00449    -1.35672
   0.329403 -0.00824942      1.9729    0.226242   -0.300508      2.0047    -1.35679
   0.329567 -0.00832437     1.97291    0.225857   -0.300539      2.0049    -1.35685
    0.32973 -0.00839898     1.97291    0.225473    -0.30057      2.0051    -1.35691
   0.329893 -0.00847327     1.97292    0.225091   -0.300601      2.0053    -1.35697
   0.330054 -0.00854723     1.97293    0.224711   -0.300632      2.0055    -1.35703
   0.330215 -0.00862086     1.97293    0.224333   -0.300663      2.0057    -1.35709
   0.330376 -0.00869416     1.97294    0.223956   -0.300693     2.00589    -1.35715
   0.330535 -0.00876714     1.97294    0.223581   -0.300724     2.00609    -1.35721
  0.330694 -0.0088398    1.97295   0.223208  -0.300755    2.00628   -1.35727
   0.330852 -0.00891213     1.97295    0.222836   -0.300785     2.00648    -1.35732
    0.33101 -0.00898415     1.97296    0.222466   -0.300816     2.00667    -1.35738
   0.331167 -0.00905584     1.97296    0.222097   -0.300846     2.00686    -1.35744
   0.331323 -0.00912722     1.97297     0.22173   -0.300876     2.00706     -1.3575
   0.331478 -0.00919829     1.97297    0.221365   -0.300906     2.00725    -1.35756
   0.331633 -0.00926904     1.97298    0.221001   -0.300937     2.00744    -1.35762
   0.331787 -0.00933947     1.97298    0.220639   -0.300967     2.00763    -1.35767
  0.331941 -0.0094096    1.97299   0.220278  -0.300996    2.00781   -1.35773
   0.332093 -0.00947941       1.973    0.219919   -0.301026       2.008    -1.35779
   0.332246 -0.00954892       1.973    0.219562   -0.301056     2.00819    -1.35784
   0.332397 -0.00961812     1.97301    0.219206   -0.301086     2.00837     -1.3579
   0.332548 -0.00968701     1.97301    0.218851   -0.301115     2.00856    -1.35796
  0.332698 -0.0097556    1.97302   0.218498  -0.301145    2.00874   -1.35801
   0.332847 -0.00982388     1.97302    0.218147   -0.301174     2.00893    -1.35807
   0.332996 -0.00989186     1.97303    0.217797   -0.301204     2.00911    -1.35812
   0.333144 -0.00995955     1.97303    0.217449   -0.301233     2.00929    -1.35818
  0.333292 -0.0100269    1.97304   0.217102  -0.301262    2.00947   -1.35824
 0.333439 -0.010094   1.97304  0.216757 -0.301291   2.00965  -1.35829
  0.333585 -0.0101608    1.97305   0.216413  -0.301321    2.00983   -1.35835
  0.333731 -0.0102273    1.97305   0.216071   -0.30135    2.01001    -1.3584
  0.333876 -0.0102935    1.97306    0.21573  -0.301378    2.01019   -1.35845
   0.33402 -0.0103594    1.97306   0.215391  -0.301407    2.01037   -1.35851
 0.334164 -0.010425   1.97307  0.215053 -0.301436   2.01054  -1.35856
  0.334307 -0.0104904    1.97308   0.214717  -0.301465    2.01072   -1.35862
  0.334449 -0.0105554    1.97308   0.214382  -0.301493    2.01089   -1.35867
  0.334591 -0.0106202    1.97309   0.214049  -0.301522    2.01107   -1.35872
  0.334733 -0.0106846    1.97309   0.213717   -0.30155    2.01124   -1.35877
  0.334873 -0.0107488     1.9731   0.213386  -0.301579    2.01141   -1.35883
  0.335013 -0.0108127     1.9731   0.213057  -0.301607    2.01159   -1.35888
  0.335153 -0.0108763    1.97311    0.21273  -0.301635    2.01176   -1.35893
  0.335292 -0.0109397    1.97311   0.212403  -0.301663    2.01193   -1.35898
   0.33543 -0.0110027    1.97312   0.212079  -0.301691     2.0121   -1.35904
  0.335567 -0.0110655    1.97312   0.211755  -0.301719    2.01227   -1.35909
 0.335704 -0.011128   1.97313  0.211433 -0.301747   2.01243  -1.35914
  0.335841 -0.0111902    1.97313   0.211112  -0.301775     2.0126   -1.35919
  0.335977 -0.0112522    1.97314   0.210793  -0.301803    2.01277   -1.35924
  0.336112 -0.0113138    1.97314   0.210475  -0.301831    2.01293   -1.35929
  0.336247 -0.0113753    1.97315   0.210159  -0.301858     2.0131   -1.35934
  0.336381 -0.0114364    1.97316   0.209844  -0.301886    2.01326   -1.35939
  0.336514 -0.0114973    1.97316    0.20953  -0.301913    2.01343   -1.35944
  0.336647 -0.0115579    1.97317   0.209218  -0.301941    2.01359   -1.35949
   0.33678 -0.0116182    1.97317   0.208907  -0.301968    2.01375   -1.35954
  0.336911 -0.0116782    1.97318   0.208597  -0.301995    2.01391   -1.35959
 0.337043 -0.011738   1.97318  0.208289 -0.302022   2.01407  -1.35964
  0.337173 -0.0117976    1.97319   0.207982   -0.30205    2.01423   -1.35969
  0.337303 -0.0118569    1.97319   0.207676  -0.302077    2.01439   -1.35974
  0.337433 -0.0119159     1.9732   0.207372  -0.302104    2.01455   -1.35979
  0.337562 -0.0119746     1.9732   0.207069  -0.302131    2.01471   -1.35984
   0.33769 -0.0120331    1.97321   0.206767  -0.302157    2.01487   -1.35989
  0.337818 -0.0120913    1.97321   0.206467  -0.302184    2.01502   -1.35993
  0.337945 -0.0121493    1.97322   0.206167  -0.302211    2.01518   -1.35998
  0.338072 -0.0122071    1.97322    0.20587  -0.302238    2.01534   -1.36003
  0.338198 -0.0122645    1.97323   0.205573  -0.302264    2.01549   -1.36008
  0.338324 -0.0123217    1.97324   0.205278  -0.302291    2.01564   -1.36012
  0.338449 -0.0123787    1.97324   0.204984  -0.302317     2.0158   -1.36017
  0.338574 -0.0124354    1.97325   0.204691  -0.302343    2.01595   -1.36022
  0.338698 -0.0124919    1.97325     0.2044   -0.30237     2.0161   -1.36026
  0.338821 -0.0125481    1.97326    0.20411  -0.302396    2.01625   -1.36031
  0.338944 -0.0126041    1.97326   0.203821  -0.302422     2.0164   -1.36036
  0.339067 -0.0126598    1.97327   0.203533  -0.302448    2.01655    -1.3604
  0.339189 -0.0127152    1.97327   0.203247  -0.302474     2.0167   -1.36045
   0.33931 -0.0127705    1.97328   0.202961    -0.3025    2.01685    -1.3605
  0.339431 -0.0128255    1.97328   0.202677  -0.302526      2.017   -1.36054
  0.339551 -0.0128802    1.97329   0.202395  -0.302552    2.01715   -1.36059
  0.339671 -0.0129347    1.97329   0.202113  -0.302578    2.01729   -1.36063
  0.33979 -0.012989    1.9733  0.201833 -0.302603   2.01744  -1.36068
 0.339909 -0.013043   1.97331  0.201554 -0.302629   2.01759  -1.36072
  0.340028 -0.0130968    1.97331   0.201276  -0.302654    2.01773   -1.36077
  0.340145 -0.0131503    1.97332   0.200999   -0.30268    2.01787   -1.36081
  0.340263 -0.0132036    1.97332   0.200724  -0.302705    2.01802   -1.36086
  0.340379 -0.0132567    1.97333   0.200449  -0.302731    2.01816    -1.3609
  0.340496 -0.0133096    1.97333   0.200176  -0.302756     2.0183   -1.36094
  0.340611 -0.0133622    1.97334   0.199904  -0.302781    2.01845   -1.36099
  0.340727 -0.0134146    1.97334   0.199634  -0.302806    2.01859   -1.36103
  0.340841 -0.0134667    1.97335   0.199364  -0.302832    2.01873   -1.36107
  0.340956 -0.0135186    1.97335   0.199096  -0.302857    2.01887   -1.36112
   0.34107 -0.0135703    1.97336   0.198828  -0.302882    2.01901   -1.36116
  0.341183 -0.0136218    1.97337   0.198562  -0.302907    2.01914    -1.3612
 0.341296 -0.013673   1.97337  0.198297 -0.302931   2.01928  -1.36125
 0.341408 -0.013724   1.97338  0.198033 -0.302956   2.01942  -1.36129
   0.34152 -0.0137748    1.97338   0.197771  -0.302981    2.01956   -1.36133
  0.341631 -0.0138254    1.97339   0.197509  -0.303006    2.01969   -1.36137
  0.341742 -0.0138757    1.97339   0.197249   -0.30303    2.01983   -1.36141
  0.341853 -0.0139258     1.9734   0.196989  -0.303055    2.01996   -1.36146
  0.341962 -0.0139757     1.9734   0.196731  -0.303079     2.0201    -1.3615
  0.342072 -0.0140254    1.97341   0.196474  -0.303104    2.02023   -1.36154
  0.342181 -0.0140749    1.97342   0.196218  -0.303128    2.02037   -1.36158
  0.342289 -0.0141241    1.97342   0.195963  -0.303152     2.0205   -1.36162
  0.342397 -0.0141731    1.97343   0.195709  -0.303177    2.02063   -1.36166
  0.342505 -0.0142219    1.97343   0.195457  -0.303201    2.02076    -1.3617
  0.342612 -0.0142705    1.97344   0.195205  -0.303225    2.02089   -1.36174
  0.342719 -0.0143189    1.97344   0.194954  -0.303249    2.02102   -1.36178
  0.342825 -0.0143671    1.97345   0.194705  -0.303273    2.02115   -1.36182
 0.342931 -0.014415   1.97345  0.194457 -0.303297   2.02128  -1.36186
  0.343036 -0.0144627    1.97346   0.194209  -0.303321    2.02141    -1.3619
  0.343141 -0.0145103    1.97347   0.193963  -0.303345    2.02154   -1.36194
  0.343245 -0.0145576    1.97347   0.193718  -0.303368    2.02167   -1.36198
  0.343349 -0.0146047    1.97348   0.193474  -0.303392     2.0218   -1.36202
  0.343453 -0.0146516    1.97348   0.193231  -0.303416    2.02192   -1.36206
  0.343556 -0.0146983    1.97349   0.192989  -0.303439    2.02205    -1.3621
  0.343659 -0.0147448    1.97349   0.192748  -0.303463    2.02217   -1.36214
  0.343761 -0.0147911     1.9735   0.192508  -0.303486     2.0223   -1.36218
  0.343863 -0.0148372     1.9735   0.192269   -0.30351    2.02242   -1.36222
  0.343964 -0.0148831    1.97351   0.192031  -0.303533    2.02255   -1.36226
  0.344065 -0.0149287    1.97352   0.191794  -0.303556    2.02267   -1.36229
  0.344165 -0.0149742    1.97352   0.191558   -0.30358    2.02279   -1.36233
  0.344265 -0.0150195    1.97353   0.191323  -0.303603    2.02291   -1.36237
  0.344365 -0.0150646    1.97353   0.191089  -0.303626    2.02304   -1.36241
  0.344464 -0.0151095    1.97354   0.190856  -0.303649    2.02316   -1.36245
  0.344563 -0.0151541    1.97354   0.190625  -0.303672    2.02328   -1.36248
  0.344661 -0.0151986    1.97355   0.190394  -0.303695     2.0234   -1.36252
  0.344759 -0.0152429    1.97356   0.190164  -0.303718    2.02352   -1.36256
 0.344856 -0.015287   1.97356  0.189935 -0.303741   2.02364   -1.3626
  0.344953 -0.0153309    1.97357   0.189707  -0.303764    2.02376   -1.36263
   0.34505 -0.0153746    1.97357    0.18948  -0.303786    2.02387   -1.36267
  0.345146 -0.0154181    1.97358   0.189254  -0.303809    2.02399   -1.36271
  0.345242 -0.0154614    1.97358   0.189029  -0.303832    2.02411   -1.36274
  0.345338 -0.0155046    1.97359   0.188805  -0.303854    2.02422   -1.36278
  0.345433 -0.0155475     1.9736   0.188582  -0.303877    2.02434   -1.36281
  0.345527 -0.0155902     1.9736    0.18836  -0.303899    2.02446   -1.36285
  0.345621 -0.0156328    1.97361   0.188139  -0.303922    2.02457   -1.36289
  0.345715 -0.0156752    1.97361   0.187919  -0.303944    2.02469   -1.36292
  0.345809 -0.0157174    1.97362     0.1877  -0.303966     2.0248   -1.36296
  0.345902 -0.0157594    1.97362   0.187482  -0.303989    2.02491   -1.36299
  0.345994 -0.0158012    1.97363   0.187264  -0.304011    2.02503   -1.36303
  0.346086 -0.0158428    1.97364   0.187048  -0.304033    2.02514   -1.36306
  0.346178 -0.0158843    1.97364   0.186832  -0.304055    2.02525    -1.3631
   0.34627 -0.0159255    1.97365   0.186618  -0.304077    2.02536   -1.36313
  0.346361 -0.0159666    1.97365   0.186404  -0.304099    2.02547   -1.36317
  0.346451 -0.0160075    1.97366   0.186191  -0.304121    2.02558    -1.3632
  0.346541 -0.0160482    1.97366    0.18598  -0.304143    2.02569   -1.36324
  0.346631 -0.0160888    1.97367   0.185769  -0.304165     2.0258   -1.36327
  0.346721 -0.0161291    1.97368   0.185559  -0.304187    2.02591   -1.36331
   0.34681 -0.0161693    1.97368    0.18535  -0.304208    2.02602   -1.36334
  0.346899 -0.0162093    1.97369   0.185141   -0.30423    2.02613   -1.36337
  0.346987 -0.0162491    1.97369   0.184934  -0.304252    2.02624   -1.36341
  0.347075 -0.0162888     1.9737   0.184728  -0.304273    2.02635   -1.36344
  0.347162 -0.0163283    1.97371   0.184522  -0.304295    2.02645   -1.36347
   0.34725 -0.0163676    1.97371   0.184318  -0.304316    2.02656   -1.36351
  0.347336 -0.0164067    1.97372   0.184114  -0.304338    2.02667   -1.36354
  0.347423 -0.0164457    1.97372   0.183911  -0.304359    2.02677   -1.36357
  0.347509 -0.0164844    1.97373   0.183709  -0.304381    2.02688   -1.36361
  0.347595 -0.0165231    1.97374   0.183508  -0.304402    2.02698   -1.36364
   0.34768 -0.0165615    1.97374   0.183307  -0.304423    2.02708   -1.36367
  0.347765 -0.0165998    1.97375   0.183108  -0.304444    2.02719    -1.3637
   0.34785 -0.0166379    1.97375   0.182909  -0.304466    2.02729   -1.36374
  0.347934 -0.0166758    1.97376   0.182712  -0.304487    2.02739   -1.36377
  0.348018 -0.0167136    1.97376   0.182515  -0.304508     2.0275    -1.3638
  0.348101 -0.0167512    1.97377   0.182319  -0.304529     2.0276   -1.36383
  0.348185 -0.0167886    1.97378   0.182123   -0.30455     2.0277   -1.36386
  0.348267 -0.0168259    1.97378   0.181929  -0.304571     2.0278    -1.3639
  0.34835 -0.016863   1.97379  0.181736 -0.304591    2.0279  -1.36393
  0.348432 -0.0168999    1.97379   0.181543  -0.304612      2.028   -1.36396
  0.348514 -0.0169367     1.9738   0.181351  -0.304633     2.0281   -1.36399
  0.348595 -0.0169733    1.97381    0.18116  -0.304654     2.0282   -1.36402
  0.348676 -0.0170098    1.97381    0.18097  -0.304674     2.0283   -1.36405
  0.348757 -0.0170461    1.97382    0.18078  -0.304695     2.0284   -1.36408
  0.348838 -0.0170822    1.97382   0.180592  -0.304716     2.0285   -1.36411
  0.348918 -0.0171182    1.97383   0.180404  -0.304736    2.02859   -1.36414
 0.348997 -0.017154   1.97384  0.180217 -0.304757   2.02869  -1.36418
  0.349077 -0.0171896    1.97384   0.180031  -0.304777    2.02879   -1.36421
  0.349156 -0.0172251    1.97385   0.179845  -0.304798    2.02888   -1.36424
  0.349234 -0.0172605    1.97385   0.179661  -0.304818    2.02898   -1.36427
  0.349313 -0.0172956    1.97386   0.179477  -0.304838    2.02908    -1.3643
  0.349391 -0.0173307    1.97387   0.179294  -0.304858    2.02917   -1.36433
  0.349469 -0.0173655    1.97387   0.179111  -0.304879    2.02927   -1.36436
  0.349546 -0.0174003    1.97388    0.17893  -0.304899    2.02936   -1.36439
  0.349623 -0.0174348    1.97388   0.178749  -0.304919    2.02945   -1.36441
    0.3497 -0.0174692    1.97389   0.178569  -0.304939    2.02955   -1.36444
  0.349776 -0.0175035     1.9739    0.17839  -0.304959    2.02964   -1.36447
  0.349852 -0.0175376     1.9739   0.178212  -0.304979    2.02973    -1.3645
  0.349928 -0.0175715    1.97391   0.178034  -0.304999    2.02983   -1.36453
  0.350003 -0.0176053    1.97392   0.177857  -0.305019    2.02992   -1.36456
 0.350078 -0.017639   1.97392  0.177681 -0.305039   2.03001  -1.36459
  0.350153 -0.0176725    1.97393   0.177506  -0.305059     2.0301   -1.36462
  0.350228 -0.0177059    1.97393   0.177331  -0.305078    2.03019   -1.36465
  0.350302 -0.0177391    1.97394   0.177157  -0.305098    2.03028   -1.36467
  0.350376 -0.0177721    1.97395   0.176984  -0.305118    2.03037    -1.3647
 0.350449 -0.017805   1.97395  0.176812 -0.305138   2.03046  -1.36473
  0.350522 -0.0178378    1.97396    0.17664  -0.305157    2.03055   -1.36476
  0.350595 -0.0178704    1.97396   0.176469  -0.305177    2.03064   -1.36479
  0.350668 -0.0179029    1.97397   0.176299  -0.305196    2.03073   -1.36482
   0.35074 -0.0179352    1.97398    0.17613  -0.305216    2.03081   -1.36484
  0.350812 -0.0179674    1.97398   0.175961  -0.305235     2.0309   -1.36487
  0.350884 -0.0179995    1.97399   0.175793  -0.305255    2.03099    -1.3649
  0.350955 -0.0180314      1.974   0.175626  -0.305274    2.03108   -1.36493
  0.351026 -0.0180632      1.974   0.175459  -0.305293    2.03116   -1.36495
  0.351097 -0.0180948    1.97401   0.175294  -0.305312    2.03125   -1.36498
  0.351167 -0.0181263    1.97401   0.175128  -0.305332    2.03133   -1.36501
  0.351237 -0.0181576    1.97402   0.174964  -0.305351    2.03142   -1.36503
  0.351307 -0.0181888    1.97403     0.1748   -0.30537    2.03151   -1.36506
  0.351377 -0.0182199    1.97403   0.174637  -0.305389    2.03159   -1.36509
  0.351446 -0.0182508    1.97404   0.174475  -0.305408    2.03167   -1.36511
  0.351515 -0.0182816    1.97405   0.174313  -0.305427    2.03176   -1.36514
  0.351584 -0.0183122    1.97405   0.174152  -0.305446    2.03184   -1.36517
  0.351652 -0.0183427    1.97406   0.173992  -0.305465    2.03193   -1.36519
   0.35172 -0.0183731    1.97406   0.173832  -0.305484    2.03201   -1.36522
  0.351788 -0.0184034    1.97407   0.173674  -0.305503    2.03209   -1.36525
  0.351855 -0.0184335    1.97408   0.173515  -0.305522    2.03217   -1.36527
  0.351922 -0.0184635    1.97408   0.173358  -0.305541    2.03225    -1.3653
  0.351989 -0.0184933    1.97409   0.173201  -0.305559    2.03234   -1.36532
 0.352056 -0.018523    1.9741  0.173045 -0.305578   2.03242  -1.36535
  0.352122 -0.0185526     1.9741   0.172889  -0.305597     2.0325   -1.36537
 0.352189 -0.018582   1.97411  0.172734 -0.305615   2.03258   -1.3654
  0.352254 -0.0186114    1.97412    0.17258  -0.305634    2.03266   -1.36542
   0.35232 -0.0186405    1.97412   0.172427  -0.305652    2.03274   -1.36545
  0.352385 -0.0186696    1.97413   0.172274  -0.305671    2.03282   -1.36548
   0.35245 -0.0186985    1.97413   0.172122  -0.305689     2.0329    -1.3655
  0.352515 -0.0187273    1.97414    0.17197  -0.305708    2.03297   -1.36552
 0.352579 -0.018756   1.97415  0.171819 -0.305726   2.03305  -1.36555
  0.352643 -0.0187845    1.97415   0.171669  -0.305745    2.03313   -1.36557
  0.352707 -0.0188129    1.97416   0.171519  -0.305763    2.03321    -1.3656
  0.352771 -0.0188412    1.97417    0.17137  -0.305781    2.03329   -1.36562
  0.352834 -0.0188694    1.97417   0.171222    -0.3058    2.03336   -1.36565
  0.352897 -0.0188974    1.97418   0.171074  -0.305818    2.03344   -1.36567
   0.35296 -0.0189253    1.97419   0.170927  -0.305836    2.03352    -1.3657
  0.353022 -0.0189531    1.97419   0.170781  -0.305854    2.03359   -1.36572
  0.353085 -0.0189808     1.9742   0.170635  -0.305872    2.03367   -1.36574
  0.353147 -0.0190083    1.97421   0.170489   -0.30589    2.03374   -1.36577
  0.353208 -0.0190357    1.97421   0.170345  -0.305908    2.03382   -1.36579
  0.35327 -0.019063   1.97422  0.170201 -0.305926   2.03389  -1.36582
  0.353331 -0.0190902    1.97422   0.170057  -0.305944    2.03397   -1.36584
  0.353392 -0.0191172    1.97423   0.169915  -0.305962    2.03404   -1.36586
  0.353453 -0.0191442    1.97424   0.169773   -0.30598    2.03412   -1.36589
 0.353513 -0.019171   1.97424  0.169631 -0.305998   2.03419  -1.36591
  0.353573 -0.0191977    1.97425    0.16949  -0.306016    2.03426   -1.36593
  0.353633 -0.0192242    1.97426    0.16935  -0.306034    2.03433   -1.36596
  0.353693 -0.0192507    1.97426    0.16921  -0.306051    2.03441   -1.36598
 0.353752 -0.019277   1.97427  0.169071 -0.306069   2.03448    -1.366
  0.353812 -0.0193032    1.97428   0.168932  -0.306087    2.03455   -1.36602
  0.353871 -0.0193293    1.97428   0.168794  -0.306104    2.03462   -1.36605
  0.353929 -0.0193553    1.97429   0.168657  -0.306122    2.03469   -1.36607
  0.353988 -0.0193812     1.9743    0.16852   -0.30614    2.03477   -1.36609
  0.354046 -0.0194069     1.9743   0.168384  -0.306157    2.03484   -1.36612
  0.354104 -0.0194326    1.97431   0.168249  -0.306175    2.03491   -1.36614
  0.354161 -0.0194581    1.97432   0.168113  -0.306192    2.03498   -1.36616
  0.354219 -0.0194835    1.97432   0.167979  -0.306209    2.03505   -1.36618
  0.354276 -0.0195088    1.97433   0.167845  -0.306227    2.03512    -1.3662
  0.354333 -0.0195339    1.97434   0.167712  -0.306244    2.03518   -1.36623
  0.35439 -0.019559   1.97434  0.167579 -0.306262   2.03525  -1.36625
 0.354446 -0.019584   1.97435  0.167447 -0.306279   2.03532  -1.36627
  0.354502 -0.0196088    1.97436   0.167315  -0.306296    2.03539   -1.36629
  0.354558 -0.0196335    1.97436   0.167184  -0.306313    2.03546   -1.36631
  0.354614 -0.0196581    1.97437   0.167054  -0.306331    2.03553   -1.36633
   0.35467 -0.0196827    1.97438   0.166924  -0.306348    2.03559   -1.36636
  0.354725 -0.0197071    1.97438   0.166795  -0.306365    2.03566   -1.36638
   0.35478 -0.0197313    1.97439   0.166666  -0.306382    2.03573    -1.3664
  0.354835 -0.0197555     1.9744   0.166537  -0.306399    2.03579   -1.36642
  0.354889 -0.0197796     1.9744    0.16641  -0.306416    2.03586   -1.36644
  0.354944 -0.0198036    1.97441   0.166283  -0.306433    2.03593   -1.36646
  0.354998 -0.0198274    1.97442   0.166156   -0.30645    2.03599   -1.36648
  0.355052 -0.0198512    1.97442    0.16603  -0.306467    2.03606    -1.3665
  0.355105 -0.0198748    1.97443   0.165904  -0.306484    2.03612   -1.36652
  0.355159 -0.0198983    1.97444   0.165779  -0.306501    2.03619   -1.36655
  0.355212 -0.0199218    1.97444   0.165655  -0.306518    2.03625   -1.36657
  0.355265 -0.0199451    1.97445   0.165531  -0.306535    2.03632   -1.36659
  0.355318 -0.0199683    1.97446   0.165407  -0.306551    2.03638   -1.36661
   0.35537 -0.0199914    1.97446   0.165285  -0.306568    2.03644   -1.36663
  0.355423 -0.0200144    1.97447   0.165162  -0.306585    2.03651   -1.36665
  0.355475 -0.0200373    1.97448    0.16504  -0.306601    2.03657   -1.36667
  0.355527 -0.0200601    1.97448   0.164919  -0.306618    2.03663   -1.36669
  0.355578 -0.0200828    1.97449   0.164798  -0.306635     2.0367   -1.36671
   0.35563 -0.0201054     1.9745   0.164678  -0.306651    2.03676   -1.36673
  0.355681 -0.0201279     1.9745   0.164558  -0.306668    2.03682   -1.36675
  0.355732 -0.0201503    1.97451   0.164439  -0.306684    2.03688   -1.36677
  0.355783 -0.0201726    1.97452    0.16432  -0.306701    2.03694   -1.36679
  0.355833 -0.0201948    1.97452   0.164202  -0.306717    2.03701   -1.36681
  0.355884 -0.0202169    1.97453   0.164084  -0.306734    2.03707   -1.36683
  0.355934 -0.0202389    1.97454   0.163967   -0.30675    2.03713   -1.36684
  0.355984 -0.0202608    1.97455    0.16385  -0.306767    2.03719   -1.36686
  0.356033 -0.0202826    1.97455   0.163734  -0.306783    2.03725   -1.36688
  0.356083 -0.0203043    1.97456   0.163618  -0.306799    2.03731    -1.3669
  0.356132 -0.0203259    1.97457   0.163503  -0.306816    2.03737   -1.36692
  0.356181 -0.0203474    1.97457   0.163388  -0.306832    2.03743   -1.36694
   0.35623 -0.0203688    1.97458   0.163274  -0.306848    2.03749   -1.36696
  0.356279 -0.0203901    1.97459    0.16316  -0.306864    2.03755   -1.36698
  0.356327 -0.0204113    1.97459   0.163047  -0.306881     2.0376     -1.367
  0.356376 -0.0204324     1.9746   0.162934  -0.306897    2.03766   -1.36702
  0.356424 -0.0204535    1.97461   0.162822  -0.306913    2.03772   -1.36703
  0.356471 -0.0204744    1.97461    0.16271  -0.306929    2.03778   -1.36705
  0.356519 -0.0204952    1.97462   0.162598  -0.306945    2.03784   -1.36707
 0.356567 -0.020516   1.97463  0.162487 -0.306961   2.03789  -1.36709
  0.356614 -0.0205366    1.97464   0.162377  -0.306977    2.03795   -1.36711
  0.356661 -0.0205571    1.97464   0.162267  -0.306993    2.03801   -1.36713
  0.356708 -0.0205776    1.97465   0.162158  -0.307009    2.03807   -1.36715
 0.356754 -0.020598   1.97466  0.162049 -0.307025   2.03812  -1.36716
  0.356801 -0.0206182    1.97466    0.16194  -0.307041    2.03818   -1.36718
  0.356847 -0.0206384    1.97467   0.161832  -0.307057    2.03823    -1.3672
  0.356893 -0.0206585    1.97468   0.161724  -0.307073    2.03829   -1.36722
  0.356939 -0.0206785    1.97468   0.161617  -0.307088    2.03835   -1.36723
  0.356985 -0.0206984    1.97469    0.16151  -0.307104     2.0384   -1.36725
   0.35703 -0.0207182     1.9747   0.161404   -0.30712    2.03846   -1.36727
  0.357075 -0.0207379     1.9747   0.161298  -0.307136    2.03851   -1.36729
  0.357121 -0.0207576    1.97471   0.161193  -0.307151    2.03857   -1.36731
  0.357165 -0.0207771    1.97472   0.161088  -0.307167    2.03862   -1.36732
   0.35721 -0.0207966    1.97473   0.160984  -0.307183    2.03867   -1.36734
 0.357255 -0.020816   1.97473   0.16088 -0.307198   2.03873  -1.36736
  0.357299 -0.0208352    1.97474   0.160776  -0.307214    2.03878   -1.36737
  0.357343 -0.0208544    1.97475   0.160673   -0.30723    2.03883   -1.36739
  0.357387 -0.0208735    1.97475    0.16057  -0.307245    2.03889   -1.36741
  0.357431 -0.0208926    1.97476   0.160468  -0.307261    2.03894   -1.36743
  0.357475 -0.0209115    1.97477   0.160366  -0.307276    2.03899   -1.36744
  0.357518 -0.0209303    1.97478   0.160265  -0.307292    2.03905   -1.36746
  0.357561 -0.0209491    1.97478   0.160164  -0.307307     2.0391   -1.36748
  0.357604 -0.0209678    1.97479   0.160063  -0.307323    2.03915   -1.36749
  0.357647 -0.0209864     1.9748   0.159963  -0.307338     2.0392   -1.36751
   0.35769 -0.0210049     1.9748   0.159864  -0.307353    2.03925   -1.36753
  0.357732 -0.0210233    1.97481   0.159764  -0.307369    2.03931   -1.36754
  0.357775 -0.0210416    1.97482   0.159665  -0.307384    2.03936   -1.36756
  0.357817 -0.0210599    1.97482   0.159567  -0.307399    2.03941   -1.36758
  0.357859 -0.0210781    1.97483   0.159469  -0.307414    2.03946   -1.36759
  0.357901 -0.0210962    1.97484   0.159372   -0.30743    2.03951   -1.36761
  0.357942 -0.0211142    1.97485   0.159274  -0.307445    2.03956   -1.36762
  0.357984 -0.0211321    1.97485   0.159178   -0.30746    2.03961   -1.36764
  0.358025 -0.0211499    1.97486   0.159081  -0.307475    2.03966   -1.36766
  0.358066 -0.0211677    1.97487   0.158986   -0.30749    2.03971   -1.36767
  0.358107 -0.0211854    1.97487    0.15889  -0.307506    2.03976   -1.36769
 0.358148 -0.021203   1.97488  0.158795 -0.307521   2.03981   -1.3677
  0.358188 -0.0212205    1.97489     0.1587  -0.307536    2.03986   -1.36772
  0.358229 -0.0212379     1.9749   0.158606  -0.307551    2.03991   -1.36774
  0.358269 -0.0212553     1.9749   0.158512  -0.307566    2.03995   -1.36775
  0.358309 -0.0212726    1.97491   0.158419  -0.307581       2.04   -1.36777
  0.358349 -0.0212898    1.97492   0.158326  -0.307596    2.04005   -1.36778
  0.358389 -0.0213069    1.97493   0.158233  -0.307611     2.0401    -1.3678
  0.358428 -0.0213239    1.97493   0.158141  -0.307626    2.04015   -1.36781
  0.358468 -0.0213409    1.97494   0.158049  -0.307641    2.04019   -1.36783
  0.358507 -0.0213578    1.97495   0.157957  -0.307655    2.04024   -1.36784
  0.358546 -0.0213746    1.97495   0.157866   -0.30767    2.04029   -1.36786
  0.358585 -0.0213913    1.97496   0.157776  -0.307685    2.04034   -1.36787
 0.358624 -0.021408   1.97497  0.157685   -0.3077   2.04038  -1.36789
  0.358662 -0.0214245    1.97498   0.157595  -0.307715    2.04043    -1.3679
 0.358701 -0.021441   1.97498  0.157506 -0.307729   2.04048  -1.36792
  0.358739 -0.0214575    1.97499   0.157417  -0.307744    2.04052   -1.36793
  0.358777 -0.0214738      1.975   0.157328  -0.307759    2.04057   -1.36795
  0.358815 -0.0214901      1.975   0.157239  -0.307774    2.04061   -1.36796
  0.358853 -0.0215063    1.97501   0.157151  -0.307788    2.04066   -1.36798
   0.35889 -0.0215224    1.97502   0.157064  -0.307803     2.0407   -1.36799
  0.358928 -0.0215385    1.97503   0.156976  -0.307817    2.04075   -1.36801
  0.358965 -0.0215544    1.97503   0.156889  -0.307832    2.04079   -1.36802
  0.359002 -0.0215704    1.97504   0.156803  -0.307847    2.04084   -1.36804
  0.359039 -0.0215862    1.97505   0.156717  -0.307861    2.04088   -1.36805
  0.359076 -0.0216019    1.97506   0.156631  -0.307876    2.04093   -1.36807
  0.359113 -0.0216176    1.97506   0.156545   -0.30789    2.04097   -1.36808
  0.359149 -0.0216332    1.97507    0.15646  -0.307905    2.04102   -1.36809
  0.359185 -0.0216488    1.97508   0.156376  -0.307919    2.04106   -1.36811
  0.359222 -0.0216642    1.97509   0.156291  -0.307934     2.0411   -1.36812
  0.359258 -0.0216796    1.97509   0.156207  -0.307948    2.04115   -1.36814
 0.359294 -0.021695    1.9751  0.156124 -0.307963   2.04119  -1.36815
  0.359329 -0.0217102    1.97511    0.15604  -0.307977    2.04123   -1.36816
  0.359365 -0.0217254    1.97511   0.155958  -0.307991    2.04128   -1.36818
    0.3594 -0.0217405    1.97512   0.155875  -0.308006    2.04132   -1.36819
  0.359436 -0.0217556    1.97513   0.155793   -0.30802    2.04136   -1.36821
  0.359471 -0.0217705    1.97514   0.155711  -0.308034    2.04141   -1.36822
  0.359506 -0.0217855    1.97514   0.155629  -0.308048    2.04145   -1.36823
  0.359541 -0.0218003    1.97515   0.155548  -0.308063    2.04149   -1.36825
  0.359575 -0.0218151    1.97516   0.155467  -0.308077    2.04153   -1.36826
   0.35961 -0.0218298    1.97517   0.155387  -0.308091    2.04157   -1.36827
  0.359644 -0.0218444    1.97517   0.155307  -0.308105    2.04161   -1.36829
 0.359679 -0.021859   1.97518  0.155227  -0.30812   2.04166   -1.3683
  0.359713 -0.0218734    1.97519   0.155148  -0.308134     2.0417   -1.36831
  0.359747 -0.0218879     1.9752   0.155068  -0.308148    2.04174   -1.36833
  0.359781 -0.0219022     1.9752    0.15499  -0.308162    2.04178   -1.36834
  0.359814 -0.0219165    1.97521   0.154911  -0.308176    2.04182   -1.36835
  0.359848 -0.0219308    1.97522   0.154833   -0.30819    2.04186   -1.36837
  0.359881 -0.0219449    1.97523   0.154755  -0.308204     2.0419   -1.36838
 0.359915 -0.021959   1.97523  0.154678 -0.308218   2.04194  -1.36839
 0.359948 -0.021973   1.97524  0.154601 -0.308232   2.04198  -1.36841
 0.359981 -0.021987   1.97525  0.154524 -0.308246   2.04202  -1.36842
  0.360014 -0.0220009    1.97526   0.154448   -0.30826    2.04206   -1.36843
  0.360046 -0.0220147    1.97526   0.154372  -0.308274     2.0421   -1.36844
  0.360079 -0.0220285    1.97527   0.154296  -0.308288    2.04214   -1.36846
  0.360111 -0.0220422    1.97528    0.15422  -0.308302    2.04218   -1.36847
  0.360144 -0.0220559    1.97529   0.154145  -0.308316    2.04222   -1.36848
  0.360176 -0.0220694    1.97529    0.15407   -0.30833    2.04225    -1.3685
 0.360208 -0.022083    1.9753  0.153996 -0.308343   2.04229  -1.36851
   0.36024 -0.0220964    1.97531   0.153922  -0.308357    2.04233   -1.36852
  0.360271 -0.0221098    1.97532   0.153848  -0.308371    2.04237   -1.36853
  0.360303 -0.0221231    1.97532   0.153774  -0.308385    2.04241   -1.36855
  0.360335 -0.0221364    1.97533   0.153701  -0.308399    2.04245   -1.36856
  0.360366 -0.0221496    1.97534   0.153628  -0.308412    2.04248   -1.36857
  0.360397 -0.0221627    1.97535   0.153555  -0.308426    2.04252   -1.36858
  0.360428 -0.0221758    1.97535   0.153483   -0.30844    2.04256   -1.36859
  0.360459 -0.0221888    1.97536   0.153411  -0.308454     2.0426   -1.36861
   0.36049 -0.0222018    1.97537   0.153339  -0.308467    2.04263   -1.36862
  0.360521 -0.0222147    1.97538   0.153268  -0.308481    2.04267   -1.36863
  0.360551 -0.0222275    1.97538   0.153197  -0.308495    2.04271   -1.36864
  0.360582 -0.0222403    1.97539   0.153126  -0.308508    2.04274   -1.36865
 0.360612 -0.022253    1.9754  0.153056 -0.308522   2.04278  -1.36867
  0.360642 -0.0222657    1.97541   0.152985  -0.308535    2.04282   -1.36868
  0.360673 -0.0222783    1.97541   0.152916  -0.308549    2.04285   -1.36869
  0.360703 -0.0222908    1.97542   0.152846  -0.308562    2.04289    -1.3687
  0.360732 -0.0223033    1.97543   0.152777  -0.308576    2.04292   -1.36871
  0.360762 -0.0223157    1.97544   0.152708   -0.30859    2.04296   -1.36872
  0.360792 -0.0223281    1.97544   0.152639  -0.308603      2.043   -1.36874
  0.360821 -0.0223404    1.97545   0.152571  -0.308616    2.04303   -1.36875
   0.36085 -0.0223526    1.97546   0.152502   -0.30863    2.04307   -1.36876
   0.36088 -0.0223648    1.97547   0.152435  -0.308643     2.0431   -1.36877
  0.360909 -0.0223769    1.97547   0.152367  -0.308657    2.04314   -1.36878
 0.360938 -0.022389   1.97548    0.1523  -0.30867   2.04317  -1.36879
 0.360966 -0.022401   1.97549  0.152233 -0.308684   2.04321   -1.3688
 0.360995 -0.022413    1.9755  0.152166 -0.308697   2.04324  -1.36882
  0.361024 -0.0224249    1.97551     0.1521   -0.30871    2.04327   -1.36883
  0.361052 -0.0224367    1.97551   0.152034  -0.308724    2.04331   -1.36884
  0.361081 -0.0224485    1.97552   0.151968  -0.308737    2.04334   -1.36885
  0.361109 -0.0224602    1.97553   0.151902   -0.30875    2.04338   -1.36886
  0.361137 -0.0224719    1.97554   0.151837  -0.308764    2.04341   -1.36887
  0.361165 -0.0224835    1.97554   0.151772  -0.308777    2.04344   -1.36888
  0.361193 -0.0224951    1.97555   0.151707   -0.30879    2.04348   -1.36889
  0.361221 -0.0225066    1.97556   0.151643  -0.308803    2.04351    -1.3689
  0.361248 -0.0225181    1.97557   0.151579  -0.308817    2.04354   -1.36892
  0.361276 -0.0225295    1.97557   0.151515   -0.30883    2.04358   -1.36893
  0.361303 -0.0225408    1.97558   0.151451  -0.308843    2.04361   -1.36894
  0.361331 -0.0225521    1.97559   0.151388  -0.308856    2.04364   -1.36895
  0.361358 -0.0225634     1.9756   0.151325  -0.308869    2.04368   -1.36896
  0.361385 -0.0225746    1.97561   0.151262  -0.308882    2.04371   -1.36897
  0.361412 -0.0225857    1.97561     0.1512  -0.308895    2.04374   -1.36898
  0.361439 -0.0225968    1.97562   0.151137  -0.308909    2.04377   -1.36899
  0.361465 -0.0226078    1.97563   0.151075  -0.308922     2.0438     -1.369
  0.361492 -0.0226188    1.97564   0.151014  -0.308935    2.04384   -1.36901
  0.361519 -0.0226297    1.97564   0.150952  -0.308948    2.04387   -1.36902
  0.361545 -0.0226406    1.97565   0.150891  -0.308961     2.0439   -1.36903
  0.361571 -0.0226514    1.97566    0.15083  -0.308974    2.04393   -1.36904
  0.361597 -0.0226622    1.97567   0.150769  -0.308987    2.04396   -1.36905
  0.361624 -0.0226729    1.97567   0.150709     -0.309    2.04399   -1.36906
   0.36165 -0.0226835    1.97568   0.150649  -0.309013    2.04403   -1.36907
  0.361675 -0.0226942    1.97569   0.150589  -0.309026    2.04406   -1.36908
  0.361701 -0.0227047     1.9757   0.150529  -0.309039    2.04409   -1.36909
  0.361727 -0.0227152    1.97571    0.15047  -0.309052    2.04412    -1.3691
  0.361752 -0.0227257    1.97571   0.150411  -0.309065    2.04415   -1.36911
  0.361778 -0.0227361    1.97572   0.150352  -0.309077    2.04418   -1.36912
  0.361803 -0.0227465    1.97573   0.150293   -0.30909    2.04421   -1.36913
  0.361828 -0.0227568    1.97574   0.150235  -0.309103    2.04424   -1.36914
 0.361853 -0.022767   1.97574  0.150177 -0.309116   2.04427  -1.36915
  0.361878 -0.0227773    1.97575   0.150119  -0.309129     2.0443   -1.36916
  0.361903 -0.0227874    1.97576   0.150061  -0.309142    2.04433   -1.36917
  0.361928 -0.0227975    1.97577   0.150004  -0.309154    2.04436   -1.36918
  0.361953 -0.0228076    1.97578   0.149947  -0.309167    2.04439   -1.36919
  0.361977 -0.0228176    1.97578    0.14989   -0.30918    2.04442    -1.3692
  0.362002 -0.0228276    1.97579   0.149833  -0.309193    2.04445   -1.36921
  0.362026 -0.0228375     1.9758   0.149777  -0.309206    2.04448   -1.36922
   0.36205 -0.0228474    1.97581   0.149721  -0.309218    2.04451   -1.36923
  0.362075 -0.0228572    1.97582   0.149665  -0.309231    2.04453   -1.36924
 0.362099 -0.022867   1.97582  0.149609 -0.309244   2.04456  -1.36925
  0.362123 -0.0228767    1.97583   0.149553  -0.309256    2.04459   -1.36926
  0.362147 -0.0228864    1.97584   0.149498  -0.309269    2.04462   -1.36927
  0.36217 -0.022896   1.97585  0.149443 -0.309282   2.04465  -1.36928
  0.362194 -0.0229056    1.97585   0.149388  -0.309294    2.04468   -1.36929
  0.362218 -0.0229152    1.97586   0.149334  -0.309307    2.04471    -1.3693
  0.362241 -0.0229247    1.97587    0.14928   -0.30932    2.04473    -1.3693
  0.362264 -0.0229341    1.97588   0.149226  -0.309332    2.04476   -1.36931
  0.362288 -0.0229435    1.97589   0.149172  -0.309345    2.04479   -1.36932
  0.362311 -0.0229529    1.97589   0.149118  -0.309357    2.04482   -1.36933
  0.362334 -0.0229622     1.9759   0.149065   -0.30937    2.04484   -1.36934
  0.362357 -0.0229715    1.97591   0.149012  -0.309382    2.04487   -1.36935
   0.36238 -0.0229807    1.97592   0.148959  -0.309395     2.0449   -1.36936
  0.362403 -0.0229899    1.97593   0.148906  -0.309407    2.04493   -1.36937
 0.362425 -0.022999   1.97593  0.148854  -0.30942   2.04495  -1.36938
  0.362448 -0.0230081    1.97594   0.148801  -0.309432    2.04498   -1.36939
  0.362471 -0.0230171    1.97595   0.148749  -0.309445    2.04501   -1.36939
  0.362493 -0.0230261    1.97596   0.148698  -0.309457    2.04503    -1.3694
  0.362515 -0.0230351    1.97597   0.148646   -0.30947    2.04506   -1.36941
 0.362538 -0.023044   1.97597  0.148595 -0.309482   2.04509  -1.36942
   0.36256 -0.0230529    1.97598   0.148543  -0.309495    2.04511   -1.36943
  0.362582 -0.0230617    1.97599   0.148493  -0.309507    2.04514   -1.36944
  0.362604 -0.0230705      1.976   0.148442   -0.30952    2.04517   -1.36945
  0.362626 -0.0230792      1.976   0.148391  -0.309532    2.04519   -1.36946
  0.362647 -0.0230879    1.97601   0.148341  -0.309544    2.04522   -1.36946
  0.362669 -0.0230966    1.97602   0.148291  -0.309557    2.04524   -1.36947
  0.362691 -0.0231052    1.97603   0.148241  -0.309569    2.04527   -1.36948
  0.362712 -0.0231138    1.97604   0.148192  -0.309581     2.0453   -1.36949
  0.362734 -0.0231223    1.97604   0.148142  -0.309594    2.04532    -1.3695
  0.362755 -0.0231308    1.97605   0.148093  -0.309606    2.04535   -1.36951
  0.362776 -0.0231392    1.97606   0.148044  -0.309618    2.04537   -1.36952
  0.362797 -0.0231476    1.97607   0.147995   -0.30963     2.0454   -1.36952
 0.362818 -0.023156   1.97608  0.147947 -0.309643   2.04542  -1.36953
  0.362839 -0.0231643    1.97608   0.147898  -0.309655    2.04545   -1.36954
   0.36286 -0.0231726    1.97609    0.14785  -0.309667    2.04547   -1.36955
  0.362881 -0.0231808     1.9761   0.147802  -0.309679     2.0455   -1.36956
 0.362902 -0.023189   1.97611  0.147754 -0.309692   2.04552  -1.36956
  0.362922 -0.0231972    1.97612   0.147707  -0.309704    2.04555   -1.36957
  0.362943 -0.0232053    1.97612    0.14766  -0.309716    2.04557   -1.36958
  0.362963 -0.0232134    1.97613   0.147612  -0.309728     2.0456   -1.36959
  0.362984 -0.0232214    1.97614   0.147566   -0.30974    2.04562    -1.3696
  0.363004 -0.0232294    1.97615   0.147519  -0.309753    2.04564    -1.3696
  0.363024 -0.0232373    1.97616   0.147472  -0.309765    2.04567   -1.36961
  0.363044 -0.0232453    1.97616   0.147426  -0.309777    2.04569   -1.36962
  0.363064 -0.0232531    1.97617    0.14738  -0.309789    2.04572   -1.36963
 0.363084 -0.023261   1.97618  0.147334 -0.309801   2.04574  -1.36964
  0.363104 -0.0232688    1.97619   0.147288  -0.309813    2.04576   -1.36964
  0.363124 -0.0232765     1.9762   0.147243  -0.309825    2.04579   -1.36965
  0.363144 -0.0232842     1.9762   0.147197  -0.309837    2.04581   -1.36966
  0.363163 -0.0232919    1.97621   0.147152  -0.309849    2.04583   -1.36967
  0.363183 -0.0232996    1.97622   0.147107  -0.309861    2.04586   -1.36968
  0.363202 -0.0233072    1.97623   0.147062  -0.309873    2.04588   -1.36968
  0.363222 -0.0233147    1.97624   0.147018  -0.309885     2.0459   -1.36969
  0.363241 -0.0233223    1.97624   0.146973  -0.309897    2.04593    -1.3697
   0.36326 -0.0233298    1.97625   0.146929  -0.309909    2.04595   -1.36971
  0.363279 -0.0233372    1.97626   0.146885  -0.309921    2.04597   -1.36971
  0.363298 -0.0233446    1.97627   0.146841  -0.309933    2.04599   -1.36972
 0.363317 -0.023352   1.97628  0.146798 -0.309945   2.04602  -1.36973
  0.363336 -0.0233593    1.97629   0.146754  -0.309957    2.04604   -1.36974
  0.363355 -0.0233666    1.97629   0.146711  -0.309969    2.04606   -1.36974
  0.363374 -0.0233739     1.9763   0.146668  -0.309981    2.04608   -1.36975
  0.363392 -0.0233811    1.97631   0.146625  -0.309993    2.04611   -1.36976
  0.363411 -0.0233883    1.97632   0.146582  -0.310005    2.04613   -1.36977
  0.363429 -0.0233955    1.97633    0.14654  -0.310017    2.04615   -1.36977
  0.363448 -0.0234026    1.97633   0.146497  -0.310029    2.04617   -1.36978
  0.363466 -0.0234097    1.97634   0.146455  -0.310041    2.04619   -1.36979
  0.363485 -0.0234168    1.97635   0.146413  -0.310052    2.04622   -1.36979
  0.363503 -0.0234238    1.97636   0.146371  -0.310064    2.04624    -1.3698
  0.363521 -0.0234307    1.97637    0.14633  -0.310076    2.04626   -1.36981
  0.363539 -0.0234377    1.97637   0.146288  -0.310088    2.04628   -1.36982
  0.363557 -0.0234446    1.97638   0.146247    -0.3101     2.0463   -1.36982
  0.363575 -0.0234515    1.97639   0.146206  -0.310112    2.04632   -1.36983
  0.363593 -0.0234583     1.9764   0.146165  -0.310123    2.04634   -1.36984
   0.36361 -0.0234651    1.97641   0.146124  -0.310135    2.04636   -1.36984
  0.363628 -0.0234719    1.97641   0.146084  -0.310147    2.04639   -1.36985
  0.363646 -0.0234786    1.97642   0.146043  -0.310159    2.04641   -1.36986
  0.363663 -0.0234853    1.97643   0.146003   -0.31017    2.04643   -1.36987
 0.363681 -0.023492   1.97644  0.145963 -0.310182   2.04645  -1.36987
  0.363698 -0.0234986    1.97645   0.145923  -0.310194    2.04647   -1.36988
  0.363715 -0.0235052    1.97646   0.145883  -0.310206    2.04649   -1.36989
  0.363733 -0.0235118    1.97646   0.145844  -0.310217    2.04651   -1.36989
   0.36375 -0.0235183    1.97647   0.145805  -0.310229    2.04653    -1.3699
  0.363767 -0.0235248    1.97648   0.145765  -0.310241    2.04655   -1.36991
  0.363784 -0.0235313    1.97649   0.145726  -0.310252    2.04657   -1.36991
  0.363801 -0.0235377     1.9765   0.145687  -0.310264    2.04659   -1.36992
  0.363818 -0.0235441     1.9765   0.145649  -0.310276    2.04661   -1.36993
  0.363834 -0.0235504    1.97651    0.14561  -0.310287    2.04663   -1.36993
  0.363851 -0.0235568    1.97652   0.145572  -0.310299    2.04665   -1.36994
  0.363868 -0.0235631    1.97653   0.145534  -0.310311    2.04667   -1.36995
  0.363885 -0.0235693    1.97654   0.145496  -0.310322    2.04669   -1.36995
  0.363901 -0.0235756    1.97655   0.145458  -0.310334    2.04671   -1.36996
  0.363918 -0.0235818    1.97655    0.14542  -0.310345    2.04673   -1.36997
  0.363934 -0.0235879    1.97656   0.145382  -0.310357    2.04675   -1.36997
   0.36395 -0.0235941    1.97657   0.145345  -0.310369    2.04677   -1.36998
  0.363967 -0.0236002    1.97658   0.145308   -0.31038    2.04679   -1.36998
  0.363983 -0.0236062    1.97659   0.145271  -0.310392    2.04681   -1.36999
  0.363999 -0.0236123    1.97659   0.145234  -0.310403    2.04682      -1.37
  0.364015 -0.0236183     1.9766   0.145197  -0.310415    2.04684      -1.37
  0.364031 -0.0236243    1.97661    0.14516  -0.310426    2.04686   -1.37001
  0.364047 -0.0236302    1.97662   0.145124  -0.310438    2.04688   -1.37002
  0.364063 -0.0236361    1.97663   0.145088  -0.310449     2.0469   -1.37002
 0.364079 -0.023642   1.97664  0.145052 -0.310461   2.04692  -1.37003
  0.364094 -0.0236479    1.97664   0.145016  -0.310472    2.04694   -1.37004
   0.36411 -0.0236537    1.97665    0.14498  -0.310484    2.04696   -1.37004
  0.364126 -0.0236595    1.97666   0.144944  -0.310495    2.04697   -1.37005
  0.364141 -0.0236653    1.97667   0.144908  -0.310507    2.04699   -1.37005
 0.364157 -0.023671   1.97668  0.144873 -0.310518   2.04701  -1.37006
  0.364172 -0.0236767    1.97668   0.144838   -0.31053    2.04703   -1.37007
  0.364187 -0.0236824    1.97669   0.144803  -0.310541    2.04705   -1.37007
 0.364203 -0.023688    1.9767  0.144768 -0.310552   2.04707  -1.37008
  0.364218 -0.0236936    1.97671   0.144733  -0.310564    2.04708   -1.37008
  0.364233 -0.0236992    1.97672   0.144699  -0.310575     2.0471   -1.37009
  0.364248 -0.0237048    1.97673   0.144664  -0.310587    2.04712    -1.3701
  0.364263 -0.0237103    1.97673    0.14463  -0.310598    2.04714    -1.3701
  0.364278 -0.0237158    1.97674   0.144596  -0.310609    2.04715   -1.37011
  0.364293 -0.0237212    1.97675   0.144562  -0.310621    2.04717   -1.37011
  0.364308 -0.0237267    1.97676   0.144528  -0.310632    2.04719   -1.37012
  0.364323 -0.0237321    1.97677   0.144494  -0.310643    2.04721   -1.37013
  0.364337 -0.0237375    1.97678    0.14446  -0.310655    2.04722   -1.37013
  0.364352 -0.0237428    1.97678   0.144427  -0.310666    2.04724   -1.37014
  0.364367 -0.0237481    1.97679   0.144394  -0.310677    2.04726   -1.37014
  0.364381 -0.0237534     1.9768    0.14436  -0.310689    2.04728   -1.37015
  0.364396 -0.0237587    1.97681   0.144327    -0.3107    2.04729   -1.37015
   0.36441 -0.0237639    1.97682   0.144294  -0.310711    2.04731   -1.37016
  0.364424 -0.0237691    1.97683   0.144262  -0.310723    2.04733   -1.37017
  0.364439 -0.0237743    1.97683   0.144229  -0.310734    2.04734   -1.37017
  0.364453 -0.0237795    1.97684   0.144197  -0.310745    2.04736   -1.37018
  0.364467 -0.0237846    1.97685   0.144164  -0.310756    2.04738   -1.37018
  0.364481 -0.0237897    1.97686   0.144132  -0.310768    2.04739   -1.37019
  0.364495 -0.0237947    1.97687     0.1441  -0.310779    2.04741   -1.37019
  0.364509 -0.0237998    1.97688   0.144068   -0.31079    2.04743    -1.3702
  0.364523 -0.0238048    1.97688   0.144036  -0.310801    2.04744   -1.37021
  0.364537 -0.0238098    1.97689   0.144005  -0.310813    2.04746   -1.37021
  0.364551 -0.0238148     1.9769   0.143973  -0.310824    2.04748   -1.37022
  0.364565 -0.0238197    1.97691   0.143942  -0.310835    2.04749   -1.37022
  0.364579 -0.0238246    1.97692   0.143911  -0.310846    2.04751   -1.37023
  0.364592 -0.0238295    1.97693    0.14388  -0.310857    2.04752   -1.37023
  0.364606 -0.0238343    1.97693   0.143849  -0.310869    2.04754   -1.37024
  0.364619 -0.0238392    1.97694   0.143818   -0.31088    2.04756   -1.37024
 0.364633 -0.023844   1.97695  0.143787 -0.310891   2.04757  -1.37025
  0.364646 -0.0238487    1.97696   0.143757  -0.310902    2.04759   -1.37025
   0.36466 -0.0238535    1.97697   0.143726  -0.310913     2.0476   -1.37026
  0.364673 -0.0238582    1.97698   0.143696  -0.310924    2.04762   -1.37026
  0.364686 -0.0238629    1.97698   0.143666  -0.310935    2.04763   -1.37027
    0.3647 -0.0238676    1.97699   0.143636  -0.310947    2.04765   -1.37028
  0.364713 -0.0238722      1.977   0.143606  -0.310958    2.04767   -1.37028
  0.364726 -0.0238768    1.97701   0.143576  -0.310969    2.04768   -1.37029
  0.364739 -0.0238814    1.97702   0.143546   -0.31098     2.0477   -1.37029
 0.364752 -0.023886   1.97703  0.143517 -0.310991   2.04771   -1.3703
  0.364765 -0.0238905    1.97703   0.143487  -0.311002    2.04773    -1.3703
  0.364778 -0.0238951    1.97704   0.143458  -0.311013    2.04774   -1.37031
  0.364791 -0.0238996    1.97705   0.143429  -0.311024    2.04776   -1.37031
 0.364803 -0.023904   1.97706    0.1434 -0.311035   2.04777  -1.37032
  0.364816 -0.0239085    1.97707   0.143371  -0.311046    2.04779   -1.37032
  0.364829 -0.0239129    1.97708   0.143342  -0.311057     2.0478   -1.37033
  0.364842 -0.0239173    1.97708   0.143313  -0.311068    2.04782   -1.37033
  0.364854 -0.0239216    1.97709   0.143285  -0.311079    2.04783   -1.37034
 0.364867 -0.023926    1.9771  0.143257  -0.31109   2.04785  -1.37034
  0.364879 -0.0239303    1.97711   0.143228  -0.311101    2.04786   -1.37035
  0.364892 -0.0239346    1.97712     0.1432  -0.311112    2.04788   -1.37035
  0.364904 -0.0239389    1.97713   0.143172  -0.311123    2.04789   -1.37036
  0.364916 -0.0239431    1.97713   0.143144  -0.311134     2.0479   -1.37036
  0.364929 -0.0239474    1.97714   0.143116  -0.311145    2.04792   -1.37037
  0.364941 -0.0239516    1.97715   0.143089  -0.311156    2.04793   -1.37037
  0.364953 -0.0239557    1.97716   0.143061  -0.311167    2.04795   -1.37038
  0.364965 -0.0239599    1.97717   0.143034  -0.311178    2.04796   -1.37038
 0.364977 -0.023964   1.97718  0.143006 -0.311189   2.04798  -1.37039
  0.364989 -0.0239681    1.97718   0.142979    -0.3112    2.04799   -1.37039
  0.365001 -0.0239722    1.97719   0.142952  -0.311211      2.048    -1.3704
  0.365013 -0.0239763     1.9772   0.142925  -0.311222    2.04802    -1.3704
  0.365025 -0.0239803    1.97721   0.142898  -0.311233    2.04803    -1.3704
  0.365037 -0.0239843    1.97722   0.142871  -0.311244    2.04804   -1.37041
  0.365049 -0.0239883    1.97723   0.142845  -0.311255    2.04806   -1.37041
   0.36506 -0.0239923    1.97723   0.142818  -0.311266    2.04807   -1.37042
  0.365072 -0.0239962    1.97724   0.142792  -0.311277    2.04809   -1.37042
  0.365084 -0.0240001    1.97725   0.142765  -0.311288     2.0481   -1.37043
 0.365095 -0.024004   1.97726  0.142739 -0.311298   2.04811  -1.37043
  0.365107 -0.0240079    1.97727   0.142713  -0.311309    2.04813   -1.37044
  0.365118 -0.0240118    1.97728   0.142687   -0.31132    2.04814   -1.37044
   0.36513 -0.0240156    1.97729   0.142661  -0.311331    2.04815   -1.37045
  0.365141 -0.0240194    1.97729   0.142636  -0.311342    2.04817   -1.37045
  0.365153 -0.0240232     1.9773    0.14261  -0.311353    2.04818   -1.37046
 0.365164 -0.024027   1.97731  0.142584 -0.311364   2.04819  -1.37046
  0.365175 -0.0240307    1.97732   0.142559  -0.311374    2.04821   -1.37046
  0.365186 -0.0240345    1.97733   0.142534  -0.311385    2.04822   -1.37047
  0.365198 -0.0240382    1.97734   0.142509  -0.311396    2.04823   -1.37047
  0.365209 -0.0240418    1.97734   0.142483  -0.311407    2.04825   -1.37048
   0.36522 -0.0240455    1.97735   0.142459  -0.311418    2.04826   -1.37048
  0.365231 -0.0240491    1.97736   0.142434  -0.311429    2.04827   -1.37049
  0.365242 -0.0240528    1.97737   0.142409  -0.311439    2.04828   -1.37049
  0.365253 -0.0240563    1.97738   0.142384   -0.31145     2.0483    -1.3705
  0.365264 -0.0240599    1.97739    0.14236  -0.311461    2.04831    -1.3705
  0.365274 -0.0240635     1.9774   0.142335  -0.311472    2.04832    -1.3705
 0.365285 -0.024067    1.9774  0.142311 -0.311482   2.04833  -1.37051
  0.365296 -0.0240705    1.97741   0.142287  -0.311493    2.04835   -1.37051
 0.365307 -0.024074   1.97742  0.142263 -0.311504   2.04836  -1.37052
  0.365317 -0.0240775    1.97743   0.142238  -0.311515    2.04837   -1.37052
  0.365328 -0.0240809    1.97744   0.142215  -0.311525    2.04838   -1.37053
  0.365339 -0.0240844    1.97745   0.142191  -0.311536     2.0484   -1.37053
  0.365349 -0.0240878    1.97745   0.142167  -0.311547    2.04841   -1.37053
   0.36536 -0.0240912    1.97746   0.142143  -0.311558    2.04842   -1.37054
   0.36537 -0.0240945    1.97747    0.14212  -0.311568    2.04843   -1.37054
  0.365381 -0.0240979    1.97748   0.142096  -0.311579    2.04844   -1.37055
  0.365391 -0.0241012    1.97749   0.142073   -0.31159    2.04846   -1.37055
  0.365401 -0.0241045     1.9775    0.14205    -0.3116    2.04847   -1.37055
  0.365412 -0.0241078    1.97751   0.142027  -0.311611    2.04848   -1.37056
  0.365422 -0.0241111    1.97751   0.142004  -0.311622    2.04849   -1.37056
  0.365432 -0.0241143    1.97752   0.141981  -0.311633     2.0485   -1.37057
  0.365442 -0.0241175    1.97753   0.141958  -0.311643    2.04852   -1.37057
  0.365452 -0.0241207    1.97754   0.141935  -0.311654    2.04853   -1.37057
  0.365462 -0.0241239    1.97755   0.141913  -0.311665    2.04854   -1.37058
  0.365473 -0.0241271    1.97756    0.14189  -0.311675    2.04855   -1.37058
  0.365483 -0.0241303    1.97757   0.141868  -0.311686    2.04856   -1.37059
  0.365493 -0.0241334    1.97757   0.141845  -0.311696    2.04857   -1.37059
  0.365502 -0.0241365    1.97758   0.141823  -0.311707    2.04859   -1.37059
  0.365512 -0.0241396    1.97759   0.141801  -0.311718     2.0486    -1.3706
  0.365522 -0.0241427     1.9776   0.141779  -0.311728    2.04861    -1.3706
  0.365532 -0.0241457    1.97761   0.141757  -0.311739    2.04862   -1.37061
  0.365542 -0.0241488    1.97762   0.141735   -0.31175    2.04863   -1.37061
  0.365551 -0.0241518    1.97762   0.141713   -0.31176    2.04864   -1.37061
  0.365561 -0.0241548    1.97763   0.141692  -0.311771    2.04865   -1.37062
  0.365571 -0.0241577    1.97764    0.14167  -0.311781    2.04866   -1.37062
   0.36558 -0.0241607    1.97765   0.141649  -0.311792    2.04868   -1.37063
   0.36559 -0.0241637    1.97766   0.141627  -0.311803    2.04869   -1.37063
  0.365599 -0.0241666    1.97767   0.141606  -0.311813     2.0487   -1.37063
  0.365609 -0.0241695    1.97768   0.141585  -0.311824    2.04871   -1.37064
  0.365618 -0.0241724    1.97768   0.141564  -0.311834    2.04872   -1.37064
  0.365628 -0.0241752    1.97769   0.141543  -0.311845    2.04873   -1.37064
  0.365637 -0.0241781     1.9777   0.141522  -0.311855    2.04874   -1.37065
  0.365647 -0.0241809    1.97771   0.141501  -0.311866    2.04875   -1.37065
  0.365656 -0.0241837    1.97772    0.14148  -0.311877    2.04876   -1.37066
  0.365665 -0.0241865    1.97773    0.14146  -0.311887    2.04877   -1.37066
  0.365674 -0.0241893    1.97774   0.141439  -0.311898    2.04878   -1.37066
  0.365684 -0.0241921    1.97774   0.141418  -0.311908    2.04879   -1.37067
  0.365693 -0.0241948    1.97775   0.141398  -0.311919    2.04881   -1.37067
  0.365702 -0.0241976    1.97776   0.141378  -0.311929    2.04882   -1.37067
  0.365711 -0.0242003    1.97777   0.141358   -0.31194    2.04883   -1.37068
  0.36572 -0.024203   1.97778  0.141337  -0.31195   2.04884  -1.37068
  0.365729 -0.0242056    1.97779   0.141317  -0.311961    2.04885   -1.37069
  0.365738 -0.0242083     1.9778   0.141297  -0.311971    2.04886   -1.37069
  0.365747 -0.0242109     1.9778   0.141278  -0.311982    2.04887   -1.37069
  0.365756 -0.0242136    1.97781   0.141258  -0.311992    2.04888    -1.3707
  0.365765 -0.0242162    1.97782   0.141238  -0.312003    2.04889    -1.3707
  0.365773 -0.0242188    1.97783   0.141218  -0.312013     2.0489    -1.3707
  0.365782 -0.0242213    1.97784   0.141199  -0.312024    2.04891   -1.37071
  0.365791 -0.0242239    1.97785   0.141179  -0.312034    2.04892   -1.37071
    0.3658 -0.0242264    1.97786    0.14116  -0.312045    2.04893   -1.37071
  0.365808 -0.0242289    1.97786   0.141141  -0.312055    2.04894   -1.37072
  0.365817 -0.0242315    1.97787   0.141122  -0.312066    2.04895   -1.37072
  0.365826 -0.0242339    1.97788   0.141102  -0.312076    2.04896   -1.37072
  0.365834 -0.0242364    1.97789   0.141083  -0.312086    2.04897   -1.37073
  0.365843 -0.0242389     1.9779   0.141064  -0.312097    2.04898   -1.37073
  0.365851 -0.0242413    1.97791   0.141046  -0.312107    2.04899   -1.37073
   0.36586 -0.0242437    1.97792   0.141027  -0.312118      2.049   -1.37074
  0.365868 -0.0242461    1.97792   0.141008  -0.312128    2.04901   -1.37074
  0.365876 -0.0242485    1.97793   0.140989  -0.312139    2.04902   -1.37074
  0.365885 -0.0242509    1.97794   0.140971  -0.312149    2.04903   -1.37075
  0.365893 -0.0242533    1.97795   0.140952  -0.312159    2.04903   -1.37075
  0.365901 -0.0242556    1.97796   0.140934   -0.31217    2.04904   -1.37075
   0.36591 -0.0242579    1.97797   0.140916   -0.31218    2.04905   -1.37076
  0.365918 -0.0242603    1.97798   0.140897  -0.312191    2.04906   -1.37076
  0.365926 -0.0242626    1.97798   0.140879  -0.312201    2.04907   -1.37076
  0.365934 -0.0242648    1.97799   0.140861  -0.312211    2.04908   -1.37077
  0.365942 -0.0242671      1.978   0.140843  -0.312222    2.04909   -1.37077
  0.365951 -0.0242693    1.97801   0.140825  -0.312232     2.0491   -1.37077
  0.365959 -0.0242716    1.97802   0.140807  -0.312242    2.04911   -1.37078
  0.365967 -0.0242738    1.97803    0.14079  -0.312253    2.04912   -1.37078
 0.365975 -0.024276   1.97804  0.140772 -0.312263   2.04913  -1.37078
  0.365983 -0.0242782    1.97804   0.140754  -0.312274    2.04914   -1.37079
  0.365991 -0.0242804    1.97805   0.140737  -0.312284    2.04915   -1.37079
  0.365998 -0.0242825    1.97806   0.140719  -0.312294    2.04916   -1.37079
  0.366006 -0.0242847    1.97807   0.140702  -0.312305    2.04916    -1.3708
  0.366014 -0.0242868    1.97808   0.140685  -0.312315    2.04917    -1.3708
  0.366022 -0.0242889    1.97809   0.140667  -0.312325    2.04918    -1.3708
  0.36603 -0.024291    1.9781   0.14065 -0.312336   2.04919  -1.37081
  0.366038 -0.0242931    1.97811   0.140633  -0.312346     2.0492   -1.37081
  0.366045 -0.0242952    1.97811   0.140616  -0.312356    2.04921   -1.37081
  0.366053 -0.0242972    1.97812   0.140599  -0.312367    2.04922   -1.37081
  0.366061 -0.0242993    1.97813   0.140582  -0.312377    2.04923   -1.37082
  0.366068 -0.0243013    1.97814   0.140566  -0.312387    2.04923   -1.37082
  0.366076 -0.0243033    1.97815   0.140549  -0.312397    2.04924   -1.37082
  0.366083 -0.0243053    1.97816   0.140532  -0.312408    2.04925   -1.37083
  0.366091 -0.0243073    1.97817   0.140516  -0.312418    2.04926   -1.37083
  0.366098 -0.0243092    1.97817   0.140499  -0.312428    2.04927   -1.37083
  0.366106 -0.0243112    1.97818   0.140483  -0.312439    2.04928   -1.37084
  0.366113 -0.0243131    1.97819   0.140466  -0.312449    2.04929   -1.37084
  0.366121 -0.0243151     1.9782    0.14045  -0.312459    2.04929   -1.37084
 0.366128 -0.024317   1.97821  0.140434 -0.312469    2.0493  -1.37084
  0.366135 -0.0243189    1.97822   0.140418   -0.31248    2.04931   -1.37085
  0.366143 -0.0243207    1.97823   0.140402   -0.31249    2.04932   -1.37085
   0.36615 -0.0243226    1.97823   0.140386    -0.3125    2.04933   -1.37085
  0.366157 -0.0243245    1.97824    0.14037   -0.31251    2.04934   -1.37086
  0.366165 -0.0243263    1.97825   0.140354  -0.312521    2.04934   -1.37086
  0.366172 -0.0243281    1.97826   0.140338  -0.312531    2.04935   -1.37086
  0.366179 -0.0243299    1.97827   0.140322  -0.312541    2.04936   -1.37087
  0.366186 -0.0243317    1.97828   0.140306  -0.312551    2.04937   -1.37087
  0.366193 -0.0243335    1.97829   0.140291  -0.312562    2.04938   -1.37087
    0.3662 -0.0243353     1.9783   0.140275  -0.312572    2.04938   -1.37087
  0.366207 -0.0243371     1.9783    0.14026  -0.312582    2.04939   -1.37088
  0.366214 -0.0243388    1.97831   0.140244  -0.312592     2.0494   -1.37088
  0.366221 -0.0243405    1.97832   0.140229  -0.312603    2.04941   -1.37088
  0.366228 -0.0243423    1.97833   0.140214  -0.312613    2.04942   -1.37089
 0.366235 -0.024344   1.97834  0.140199 -0.312623   2.04942  -1.37089
  0.366242 -0.0243457    1.97835   0.140183  -0.312633    2.04943   -1.37089
  0.366249 -0.0243473    1.97836   0.140168  -0.312643    2.04944   -1.37089
 0.366256 -0.024349   1.97836  0.140153 -0.312654   2.04945   -1.3709
  0.366263 -0.0243507    1.97837   0.140138  -0.312664    2.04945    -1.3709
   0.36627 -0.0243523    1.97838   0.140124  -0.312674    2.04946    -1.3709
  0.366277 -0.0243539    1.97839   0.140109  -0.312684    2.04947    -1.3709
  0.366283 -0.0243556     1.9784   0.140094  -0.312694    2.04948   -1.37091
   0.36629 -0.0243572    1.97841   0.140079  -0.312705    2.04948   -1.37091
  0.366297 -0.0243587    1.97842   0.140065  -0.312715    2.04949   -1.37091
  0.366303 -0.0243603    1.97843    0.14005  -0.312725     2.0495   -1.37092
   0.36631 -0.0243619    1.97843   0.140036  -0.312735    2.04951   -1.37092
  0.366317 -0.0243634    1.97844   0.140021  -0.312745    2.04951   -1.37092
 0.366323 -0.024365   1.97845  0.140007 -0.312755   2.04952  -1.37092
   0.36633 -0.0243665    1.97846   0.139993  -0.312765    2.04953   -1.37093
 0.366336 -0.024368   1.97847  0.139978 -0.312776   2.04954  -1.37093
  0.366343 -0.0243695    1.97848   0.139964  -0.312786    2.04954   -1.37093
 0.366349 -0.024371   1.97849   0.13995 -0.312796   2.04955  -1.37093
  0.366356 -0.0243725     1.9785   0.139936  -0.312806    2.04956   -1.37094
 0.366362 -0.024374    1.9785  0.139922 -0.312816   2.04957  -1.37094
  0.366369 -0.0243754    1.97851   0.139908  -0.312826    2.04957   -1.37094
  0.366375 -0.0243769    1.97852   0.139894  -0.312836    2.04958   -1.37094
  0.366382 -0.0243783    1.97853    0.13988  -0.312847    2.04959   -1.37095
  0.366388 -0.0243797    1.97854   0.139866  -0.312857    2.04959   -1.37095
  0.366394 -0.0243811    1.97855   0.139853  -0.312867     2.0496   -1.37095
  0.366401 -0.0243825    1.97856   0.139839  -0.312877    2.04961   -1.37095
  0.366407 -0.0243839    1.97856   0.139826  -0.312887    2.04962   -1.37096
  0.366413 -0.0243853    1.97857   0.139812  -0.312897    2.04962   -1.37096
  0.366419 -0.0243866    1.97858   0.139799  -0.312907    2.04963   -1.37096
 0.366425 -0.024388   1.97859  0.139785 -0.312917   2.04964  -1.37096
  0.366432 -0.0243893     1.9786   0.139772  -0.312927    2.04964   -1.37097
  0.366438 -0.0243906    1.97861   0.139758  -0.312938    2.04965   -1.37097
  0.366444 -0.0243919    1.97862   0.139745  -0.312948    2.04966   -1.37097
   0.36645 -0.0243932    1.97863   0.139732  -0.312958    2.04966   -1.37097
  0.366456 -0.0243945    1.97863   0.139719  -0.312968    2.04967   -1.37098
  0.366462 -0.0243958    1.97864   0.139706  -0.312978    2.04968   -1.37098
  0.366468 -0.0243971    1.97865   0.139693  -0.312988    2.04968   -1.37098
  0.366474 -0.0243983    1.97866    0.13968  -0.312998    2.04969   -1.37098
   0.36648 -0.0243996    1.97867   0.139667  -0.313008     2.0497   -1.37099
  0.366486 -0.0244008    1.97868   0.139654  -0.313018     2.0497   -1.37099
 0.366492 -0.024402   1.97869  0.139641 -0.313028   2.04971  -1.37099
  0.366498 -0.0244032     1.9787   0.139629  -0.313038    2.04972   -1.37099
  0.366504 -0.0244044     1.9787   0.139616  -0.313048    2.04972     -1.371
   0.36651 -0.0244056    1.97871   0.139603  -0.313058    2.04973     -1.371
  0.366516 -0.0244068    1.97872   0.139591  -0.313068    2.04974     -1.371
 0.366521 -0.024408   1.97873  0.139578 -0.313078   2.04974    -1.371
  0.366527 -0.0244091    1.97874   0.139566  -0.313088    2.04975   -1.37101
  0.366533 -0.0244103    1.97875   0.139553  -0.313099    2.04976   -1.37101
  0.366539 -0.0244114    1.97876   0.139541  -0.313109    2.04976   -1.37101
  0.366544 -0.0244125    1.97877   0.139529  -0.313119    2.04977   -1.37101
   0.36655 -0.0244136    1.97877   0.139517  -0.313129    2.04977   -1.37101
  0.366556 -0.0244147    1.97878   0.139504  -0.313139    2.04978   -1.37102
  0.366561 -0.0244158    1.97879   0.139492  -0.313149    2.04979   -1.37102
  0.366567 -0.0244169     1.9788    0.13948  -0.313159    2.04979   -1.37102
 0.366573 -0.024418   1.97881  0.139468 -0.313169    2.0498  -1.37102
 0.366578 -0.024419   1.97882  0.139456 -0.313179   2.04981  -1.37103
  0.366584 -0.0244201    1.97883   0.139444  -0.313189    2.04981   -1.37103
  0.366589 -0.0244211    1.97884   0.139432  -0.313199    2.04982   -1.37103
  0.366595 -0.0244222    1.97884   0.139421  -0.313209    2.04982   -1.37103
    0.3666 -0.0244232    1.97885   0.139409  -0.313219    2.04983   -1.37103
  0.366606 -0.0244242    1.97886   0.139397  -0.313229    2.04984   -1.37104
  0.366611 -0.0244252    1.97887   0.139385  -0.313239    2.04984   -1.37104
  0.366617 -0.0244262    1.97888   0.139374  -0.313249    2.04985   -1.37104
  0.366622 -0.0244271    1.97889   0.139362  -0.313259    2.04985   -1.37104
  0.366628 -0.0244281     1.9789   0.139351  -0.313269    2.04986   -1.37105
  0.366633 -0.0244291    1.97891   0.139339  -0.313279    2.04987   -1.37105
 0.366638  -0.02443   1.97891  0.139328 -0.313289   2.04987  -1.37105
 0.366644 -0.024431   1.97892  0.139316 -0.313299   2.04988  -1.37105
  0.366649 -0.0244319    1.97893   0.139305  -0.313309    2.04988   -1.37105
  0.366654 -0.0244328    1.97894   0.139294  -0.313319    2.04989   -1.37106
   0.36666 -0.0244337    1.97895   0.139283  -0.313328     2.0499   -1.37106
  0.366665 -0.0244346    1.97896   0.139271  -0.313338     2.0499   -1.37106
   0.36667 -0.0244355    1.97897    0.13926  -0.313348    2.04991   -1.37106
  0.366675 -0.0244364    1.97898   0.139249  -0.313358    2.04991   -1.37106
   0.36668 -0.0244372    1.97898   0.139238  -0.313368    2.04992   -1.37107
  0.366686 -0.0244381    1.97899   0.139227  -0.313378    2.04992   -1.37107
  0.366691 -0.0244389      1.979   0.139216  -0.313388    2.04993   -1.37107
  0.366696 -0.0244398    1.97901   0.139205  -0.313398    2.04993   -1.37107
  0.366701 -0.0244406    1.97902   0.139195  -0.313408    2.04994   -1.37108
  0.366706 -0.0244414    1.97903   0.139184  -0.313418    2.04995   -1.37108
  0.366711 -0.0244423    1.97904   0.139173  -0.313428    2.04995   -1.37108
  0.366716 -0.0244431    1.97905   0.139162  -0.313438    2.04996   -1.37108
  0.366721 -0.0244438    1.97905   0.139152  -0.313448    2.04996   -1.37108
  0.366726 -0.0244446    1.97906   0.139141  -0.313458    2.04997   -1.37109
  0.366731 -0.0244454    1.97907   0.139131  -0.313468    2.04997   -1.37109
  0.366736 -0.0244462    1.97908    0.13912  -0.313478    2.04998   -1.37109
  0.366741 -0.0244469    1.97909    0.13911  -0.313488    2.04998   -1.37109
  0.366746 -0.0244477     1.9791   0.139099  -0.313497    2.04999   -1.37109
  0.366751 -0.0244484    1.97911   0.139089  -0.313507    2.04999    -1.3711
  0.366756 -0.0244491    1.97912   0.139078  -0.313517       2.05    -1.3711
  0.366761 -0.0244499    1.97912   0.139068  -0.313527    2.05001    -1.3711
  0.366766 -0.0244506    1.97913   0.139058  -0.313537    2.05001    -1.3711
   0.36677 -0.0244513    1.97914   0.139048  -0.313547    2.05002    -1.3711
 0.366775 -0.024452   1.97915  0.139038 -0.313557   2.05002  -1.37111
   0.36678 -0.0244527    1.97916   0.139027  -0.313567    2.05003   -1.37111
  0.366785 -0.0244533    1.97917   0.139017  -0.313577    2.05003   -1.37111
  0.36679 -0.024454   1.97918  0.139007 -0.313587   2.05004  -1.37111
  0.366794 -0.0244547    1.97919   0.138997  -0.313596    2.05004   -1.37111
  0.366799 -0.0244553     1.9792   0.138987  -0.313606    2.05005   -1.37111
  0.366804 -0.0244559     1.9792   0.138978  -0.313616    2.05005   -1.37112
  0.366809 -0.0244566    1.97921   0.138968  -0.313626    2.05006   -1.37112
  0.366813 -0.0244572    1.97922   0.138958  -0.313636    2.05006   -1.37112
  0.366818 -0.0244578    1.97923   0.138948  -0.313646    2.05007   -1.37112
  0.366822 -0.0244584    1.97924   0.138938  -0.313656    2.05007   -1.37112
 0.366827 -0.024459   1.97925  0.138929 -0.313666   2.05008  -1.37113
  0.366832 -0.0244596    1.97926   0.138919  -0.313676    2.05008   -1.37113
  0.366836 -0.0244602    1.97927    0.13891  -0.313685    2.05009   -1.37113
  0.366841 -0.0244608    1.97927     0.1389  -0.313695    2.05009   -1.37113
  0.366845 -0.0244613    1.97928   0.138891  -0.313705     2.0501   -1.37113
   0.36685 -0.0244619    1.97929   0.138881  -0.313715     2.0501   -1.37114
  0.366854 -0.0244624     1.9793   0.138872  -0.313725    2.05011   -1.37114
 0.366859 -0.024463   1.97931  0.138862 -0.313735   2.05011  -1.37114
  0.366863 -0.0244635    1.97932   0.138853  -0.313745    2.05012   -1.37114
 0.366868 -0.024464   1.97933  0.138844 -0.313754   2.05012  -1.37114
  0.366872 -0.0244645    1.97934   0.138834  -0.313764    2.05013   -1.37114
 0.366877 -0.024465   1.97934  0.138825 -0.313774   2.05013  -1.37115
  0.366881 -0.0244655    1.97935   0.138816  -0.313784    2.05014   -1.37115
 0.366886 -0.024466   1.97936  0.138807 -0.313794   2.05014  -1.37115
   0.36689 -0.0244665    1.97937   0.138798  -0.313804    2.05014   -1.37115
 0.366894 -0.024467   1.97938  0.138789 -0.313813   2.05015  -1.37115
