1
1
1
1
1
1
1
1
1
1
1
1
1
1
0.933333
0.875
0.882353
0.888889
0.894737
0.9
0.857143
0.863636
0.869565
0.875
0.88
0.884615
0.888889
0.892857
0.896552
0.9
0.903226
0.90625
0.878788
0.882353
0.885714
0.888889
0.864865
0.842105
0.846154
0.85
0.853659
0.857143
0.860465
0.840909
0.822222
0.804348
0.787234
0.770833
0.755102
0.76
0.764706
0.769231
0.754717
0.740741
0.745455
0.75
0.754386
0.758621
0.762712
0.766667
0.770492
0.774194
0.777778
0.78125
0.769231
0.757576
0.746269
0.735294
0.724638
0.714286
0.704225
0.694444
0.684932
0.675676
0.666667
0.671053
0.675325
0.666667
0.658228
0.65
0.641975
0.634146
0.626506
0.619048
0.611765
0.604651
0.597701
0.590909
0.58427
0.577778
0.571429
0.565217
0.55914
0.553191
0.547368
0.541667
0.536082
0.530612
0.525253
0.53
0.534653
0.539216
0.543689
0.548077
0.552381
0.556604
0.560748
0.564815
0.568807
0.563636
0.558559
0.553571
0.557522
0.561404
0.556522
0.560345
0.555556
0.550847
0.546218
0.541667
0.53719
0.532787
0.528455
0.524194
0.52
0.515873
0.511811
0.507812
0.503876
0.5
0.496183
0.492424
0.488722
0.485075
0.481481
0.477941
0.474453
0.478261
0.482014
0.485714
0.489362
0.492958
0.496503
0.5
0.503448
0.506849
0.510204
0.513514
0.510067
0.506667
0.503311
0.5
0.496732
0.493506
0.490323
0.49359
0.496815
0.5
0.503145
0.50625
0.509317
0.512346
0.515337
0.518293
0.521212
0.518072
0.51497
0.511905
0.514793
0.511765
0.508772
0.511628
0.514451
0.517241
0.52
0.522727
0.525424
0.52809
0.530726
0.533333
0.535912
0.532967
0.535519
0.538043
0.540541
0.543011
0.540107
0.537234
0.539683
0.542105
0.544503
0.546875
0.549223
0.551546
0.553846
0.556122
0.558376
0.560606
0.562814
0.565
0.567164
0.569307
0.571429
0.573529
0.57561
0.57767
0.574879
0.572115
0.569378
0.566667
0.563981
0.566038
0.56338
0.560748
0.55814
0.555556
0.552995
0.550459
0.547945
0.545455
0.542986
0.540541
0.538117
0.535714
0.533333
0.530973
0.528634
0.526316
0.524017
0.521739
0.52381
0.525862
0.527897
0.529915
0.52766
0.525424
0.523207
0.521008
0.523013
0.525
0.526971
0.524793
0.522634
0.520492
0.518367
0.51626
0.51417
0.512097
0.51004
0.508
0.505976
0.503968
0.501976
0.5
0.498039
0.496094
0.494163
0.496124
0.498069
0.5
0.501916
0.503817
0.505703
0.507576
0.509434
0.511278
0.513109
0.511194
0.509294
0.507407
0.505535
0.503676
0.501832
0.5
0.501818
0.503623
0.505415
0.507194
0.505376
0.503571
0.501779
0.5
0.498233
0.496479
0.494737
0.493007
0.491289
0.489583
0.487889
0.486207
0.484536
0.482877
0.481229
0.479592
0.477966
0.476351
0.474747
0.473154
0.474916
0.476667
0.478405
0.480132
0.481848
0.483553
0.485246
0.486928
0.488599
0.49026
0.488673
0.487097
0.485531
0.483974
0.482428
0.480892
0.479365
0.477848
0.476341
0.474843
0.473354
0.471875
0.470405
0.468944
0.467492
0.466049
0.464615
0.46319
0.461774
0.460366
0.458967
0.457576
0.456193
0.454819
0.453453
0.452096
0.450746
0.449405
0.448071
0.449704
0.451327
0.452941
0.454545
0.45614
0.457726
0.459302
0.46087
0.462428
0.463977
0.462644
0.461318
0.46
0.461538
0.463068
0.464589
0.466102
0.467606
0.469101
0.470588
0.472067
0.470752
0.469444
0.468144
0.466851
0.46832
0.46978
0.471233
0.472678
0.47139
0.470109
0.468835
0.467568
0.466307
0.465054
0.463807
0.462567
0.461333
0.460106
0.458886
0.457672
0.456464
0.455263
0.454068
0.45288
0.454308
0.455729
0.457143
0.458549
0.459948
0.46134
0.462725
0.464103
0.465473
0.466837
0.465649
0.464467
0.463291
0.464646
0.465995
0.467337
0.468672
0.47
0.471322
0.470149
0.468983
0.467822
0.466667
0.465517
0.464373
0.463235
0.462103
0.460976
0.459854
0.458738
0.457627
0.456522
0.455422
0.454327
0.453237
0.452153
0.451074
0.45
0.448931
0.450237
0.449173
0.448113
0.447059
0.446009
0.447307
0.448598
0.449883
0.451163
0.452436
0.453704
0.454965
0.456221
0.457471
0.456422
0.457666
0.456621
0.457859
0.459091
0.460317
0.461538
0.462754
0.463964
0.465169
0.466368
0.467562
0.46875
0.467706
0.466667
0.465632
0.464602
0.463576
0.464758
0.463736
0.462719
0.461707
0.460699
0.459695
0.458696
0.457701
0.45671
0.455724
0.454741
0.453763
0.45279
0.45182
0.450855
0.449893
0.448936
0.447983
0.447034
0.446089
0.445148
0.444211
0.443277
0.442348
0.441423
0.442589
0.441667
0.440748
0.439834
0.438923
0.440083
0.441237
0.442387
0.441478
0.440574
0.441718
0.442857
0.443992
0.445122
0.446247
0.447368
0.448485
0.449597
0.450704
0.451807
0.450902
0.45
0.449102
0.448207
0.447316
0.446429
0.445545
0.44664
0.445759
0.444882
0.445972
0.445098
0.444227
0.443359
0.442495
0.44358
0.44466
0.445736
0.446809
0.445946
0.445087
0.444231
0.443378
0.444444
0.443595
0.442748
0.441905
0.441065
0.440228
0.439394
0.438563
0.437736
0.436911
0.43609
0.435272
0.434457
0.433645
0.432836
0.43203
0.431227
0.430427
0.42963
0.430684
0.431734
0.432781
0.433824
0.434862
0.435897
0.436929
0.437956
0.43898
0.44
0.439201
0.440217
0.44123
0.442238
0.443243
0.444245
0.445242
0.446237
0.447227
0.448214
0.449198
0.450178
0.451155
0.452128
0.453097
0.454064
0.455026
0.455986
0.456942
0.457895
0.458844
0.45979
0.460733
0.461672
0.462609
0.463542
0.464471
0.465398
0.466321
0.465517
0.464716
0.463918
0.463122
0.462329
0.463248
0.464164
0.465077
0.465986
0.466893
0.467797
0.468697
0.469595
0.470489
0.47138
0.470588
0.469799
0.469012
0.468227
0.467446
0.466667
0.46589
0.466777
0.467662
0.468543
0.469421
0.470297
0.47117
0.472039
0.472906
0.472131
0.471358
0.472222
0.473083
0.473941
0.474797
0.475649
0.476499
0.477346
0.478191
0.479032
0.479871
0.480707
0.479936
0.480769
0.4816
0.482428
0.483254
0.484076
0.484897
0.485714
0.486529
0.487342
0.488152
0.488959
0.489764
0.490566
0.489796
0.489028
0.488263
0.4875
0.486739
0.485981
0.485226
0.486025
0.486822
0.487616
0.488408
0.489198
0.488444
0.487692
0.488479
0.489264
0.490046
0.490826
0.491603
0.490854
0.490107
0.490881
0.491654
0.492424
0.493192
0.493958
0.494721
0.493976
0.493233
0.492492
0.491754
0.491018
0.490284
0.489552
0.488823
0.488095
0.48737
0.486647
0.485926
0.485207
0.48449
0.483776
0.483063
0.482353
0.481645
0.480938
0.480234
0.480994
0.481752
0.482507
0.481805
0.481105
0.481858
0.481159
0.480463
0.479769
0.479076
0.478386
0.477698
0.477011
0.476327
0.475645
0.474964
0.474286
0.473609
0.474359
0.473684
0.473011
0.47234
0.471671
0.471004
0.470339
0.469676
0.469014
0.468354
0.467697
0.467041
0.466387
0.465734
0.465084
0.464435
0.463788
0.463143
0.4625
0.461859
0.461219
0.460581
0.459945
0.45931
0.458678
0.458047
0.457418
0.458162
0.458904
0.459644
0.460383
0.461119
0.461853
0.462585
0.463315
0.464043
0.463415
0.462788
0.462162
0.461538
0.460916
0.460296
0.459677
0.45906
0.459786
0.460509
0.46123
0.461949
0.462667
0.463382
0.464096
0.464807
0.465517
0.466225
0.465608
0.464993
0.46438
0.463768
0.463158
0.462549
0.461942
0.461337
0.460733
0.461438
0.462141
0.462842
0.463542
0.464239
0.464935
0.464332
0.465026
0.465718
0.466408
0.467097
0.466495
0.465894
0.465296
0.464698
0.464103
0.463508
0.462916
0.462324
0.461735
0.461146
0.46056
0.459975
0.459391
0.458809
0.458228
0.457649
0.457071
0.456494
0.455919
0.456604
0.457286
0.457967
0.458647
0.459324
0.46
0.459426
0.458853
0.458281
0.457711
0.457143
0.456576
0.457249
0.457921
0.458591
0.459259
0.459926
0.460591
0.461255
0.461916
0.462577
0.463235
0.462668
0.463325
0.46398
0.464634
0.464068
0.463504
0.46294
0.462379
0.461818
0.461259
0.460701
0.460145
0.45959
0.459036
0.459687
0.460337
0.460984
0.461631
0.462275
0.462919
0.46356
0.4642
0.464839
0.465476
0.464923
0.464371
0.46382
0.464455
0.465089
0.465721
0.466352
0.466981
0.467609
0.468235
0.46886
0.469484
0.470106
0.469555
0.469006
0.468458
0.467911
0.467366
0.467986
0.468605
0.469222
0.469838
0.470452
0.471065
0.471676
0.472286
0.472895
0.47235
0.472957
0.473563
0.474168
0.474771
0.475372
0.475973
0.475429
0.476027
0.475485
0.474943
0.474403
0.475
0.475596
0.47619
0.476784
0.477376
0.477966
0.478555
0.479143
0.47973
0.480315
0.479775
0.480359
0.480942
0.481523
0.480984
0.480447
0.479911
0.480491
0.479955
0.479422
0.478889
0.478357
0.477827
0.477298
0.47677
0.476243
0.475717
0.476295
0.476872
0.476348
0.475824
0.475302
0.474781
0.474261
0.473742
0.473224
0.472707
0.472192
0.471678
0.471164
0.470652
0.470141
0.469631
0.469122
0.468615
0.468108
0.467603
0.467098
0.466595
0.466093
0.465591
0.465091
0.464592
0.464094
0.463597
0.463102
0.462607
0.462113
0.46162
0.461129
0.460638
0.460149
0.460722
0.460233
0.459746
0.459259
0.458774
0.458289
0.457806
0.457323
0.457895
0.458465
0.459034
0.459601
0.460168
0.460733
0.461297
0.46186
0.461378
0.460897
0.460417
0.459938
0.459459
0.458982
0.458506
0.458031
0.457557
0.457084
0.456612
0.45614
0.45567
0.455201
0.454733
0.454265
0.453799
0.453333
0.452869
0.452405
0.451943
0.451481
0.45102
0.450561
0.450102
0.449644
0.449187
0.448731
0.44929
0.448835
0.448381
0.447927
0.447475
0.447023
0.446573
0.446123
0.445674
0.445226
0.444779
0.444333
0.443888
0.443443
0.443
0.442557
0.442116
0.441675
0.441235
0.440796
0.440358
0.439921
0.439484
0.439049
0.438614
0.43818
0.437747
0.437315
0.436884
0.436453
0.436024
0.435595
0.435167
0.43474
0.434314
0.433888
0.433464
0.43304
0.432617
0.433171
0.433723
0.434275
0.434825
0.435374
0.435922
0.436469
0.437016
0.437561
0.438104
0.437681
0.438224
0.438766
0.439306
0.439846
0.440385
0.440922
0.441459
0.441994
0.442529
0.443062
0.442639
0.442216
0.441794
0.441373
0.440952
0.440533
0.440114
0.440646
0.441176
0.441706
0.442235
0.442763
0.443289
0.443815
0.44434
0.444863
0.445386
0.445908
0.446429
0.446948
0.447467
0.447985
0.448502
0.449018
0.449533
0.450047
0.45056
0.451072
0.451583
0.452093
0.452602
0.45311
0.453618
0.453197
0.452778
0.452359
0.452865
0.45337
0.453875
0.454378
0.45488
0.455382
0.455882
0.456382
0.456881
0.457379
0.45696
0.457457
0.457952
0.457534
0.457117
0.4567
0.456284
0.455869
0.456364
0.456857
0.45735
0.457842
0.458333
0.458824
0.459313
0.459801
0.460289
0.460775
0.461261
0.461746
0.46223
0.462713
0.463196
0.463677
0.464158
0.464637
0.465116
