1
1
1
0.75
0.8
0.833333
0.857143
0.875
0.888889
0.9
0.909091
0.916667
0.846154
0.857143
0.866667
0.875
0.882353
0.888889
0.894737
0.9
0.904762
0.909091
0.913043
0.875
0.88
0.884615
0.888889
0.892857
0.896552
0.9
0.903226
0.90625
0.909091
0.911765
0.914286
0.888889
0.891892
0.894737
0.897436
0.9
0.902439
0.904762
0.906977
0.909091
0.911111
0.913043
0.914894
0.916667
0.918367
0.9
0.901961
0.903846
0.90566
0.907407
0.909091
0.910714
0.912281
0.913793
0.915254
0.916667
0.918033
0.919355
0.920635
0.90625
0.907692
0.909091
0.910448
0.911765
0.913043
0.914286
0.901408
0.888889
0.890411
0.891892
0.893333
0.894737
0.896104
0.897436
0.898734
0.9
0.901235
0.902439
0.891566
0.892857
0.894118
0.883721
0.873563
0.875
0.865169
0.855556
0.846154
0.836957
0.827957
0.819149
0.810526
0.802083
0.793814
0.785714
0.777778
0.78
0.772277
0.764706
0.757282
0.759615
0.761905
0.764151
0.766355
0.768519
0.770642
0.772727
0.774775
0.776786
0.778761
0.77193
0.765217
0.758621
0.760684
0.754237
0.756303
0.75
0.743802
0.745902
0.739837
0.733871
0.728
0.722222
0.716535
0.71875
0.72093
0.723077
0.725191
0.727273
0.729323
0.731343
0.733333
0.735294
0.729927
0.724638
0.726619
0.728571
0.730496
0.732394
0.734266
0.736111
0.737931
0.739726
0.741497
0.743243
0.744966
0.74
0.735099
0.730263
0.72549
0.720779
0.716129
0.711538
0.713376
0.71519
0.716981
0.71875
0.720497
0.722222
0.723926
0.72561
0.727273
0.728916
0.724551
0.720238
0.715976
0.717647
0.719298
0.72093
0.722543
0.724138
0.725714
0.727273
0.728814
0.730337
0.731844
0.733333
0.734807
0.736264
0.737705
0.73913
0.740541
0.741935
0.743316
0.744681
0.746032
0.747368
0.748691
0.75
0.751295
0.752577
0.753846
0.755102
0.756345
0.757576
0.758794
0.76
0.761194
0.762376
0.763547
0.764706
0.765854
0.76699
0.768116
0.769231
0.770335
0.771429
