1
1
1
1
1
1
1
1
1
1
1
1
1
1
1
1
1
1
0.947368
0.95
0.952381
0.954545
0.956522
0.958333
0.96
0.961538
0.962963
0.964286
0.965517
0.966667
0.967742
0.96875
0.969697
0.970588
0.971429
0.972222
0.972973
0.947368
0.948718
0.95
0.95122
0.952381
0.953488
0.954545
0.955556
0.934783
0.914894
0.916667
0.918367
0.92
0.921569
0.923077
0.924528
0.925926
0.927273
0.928571
0.929825
0.913793
0.915254
0.9
0.885246
0.887097
0.873016
0.859375
0.861538
0.863636
0.850746
0.838235
0.826087
0.814286
0.802817
0.791667
0.794521
0.797297
0.8
0.802632
0.805195
0.807692
0.810127
0.8
0.790123
0.780488
0.771084
0.761905
0.752941
0.744186
0.735632
0.738636
0.741573
0.744444
0.747253
0.75
0.752688
0.755319
0.757895
0.760417
0.762887
0.755102
0.747475
0.74
0.742574
0.745098
0.747573
0.75
0.752381
0.754717
0.757009
0.759259
0.761468
0.754545
0.747748
0.75
0.752212
0.754386
0.756522
0.758621
0.760684
0.762712
0.764706
0.766667
0.768595
0.770492
0.772358
0.766129
0.768
0.769841
0.76378
0.757812
0.75969
0.753846
0.748092
0.75
0.75188
0.746269
0.740741
0.742647
0.744526
0.746377
0.748201
0.75
0.751773
0.746479
0.741259
0.736111
0.731034
0.726027
0.721088
0.722973
0.724832
0.726667
0.721854
0.723684
0.72549
0.727273
0.729032
0.730769
0.732484
0.734177
0.735849
0.7375
0.73913
0.734568
0.730061
0.72561
0.727273
0.722892
0.718563
0.714286
0.710059
0.705882
0.701754
0.703488
0.699422
0.695402
0.691429
0.6875
0.683616
0.679775
0.675978
0.672222
0.668508
0.664835
0.661202
0.657609
0.659459
0.66129
0.657754
0.654255
0.656085
0.657895
0.659686
0.661458
0.663212
0.664948
0.666667
0.668367
0.670051
0.671717
0.668342
0.665
0.661692
0.663366
0.665025
0.666667
0.668293
0.665049
0.661836
0.658654
0.655502
0.652381
0.649289
0.646226
0.643192
0.640187
0.637209
0.634259
0.631336
0.62844
0.625571
0.627273
0.628959
0.630631
0.632287
0.633929
0.635556
0.637168
0.638767
0.640351
0.637555
0.634783
0.632035
0.62931
0.626609
0.623932
0.625532
0.627119
0.628692
0.630252
0.631799
0.633333
0.634855
0.636364
0.63786
0.639344
0.636735
0.634146
0.631579
0.633065
0.634538
0.636
0.63745
0.638889
0.640316
0.641732
0.639216
0.636719
0.638132
0.639535
0.640927
0.642308
0.643678
0.645038
0.646388
0.647727
0.649057
0.650376
0.64794
0.649254
0.650558
0.651852
0.653137
0.650735
0.648352
0.649635
0.650909
0.652174
0.65343
0.654676
0.655914
0.657143
0.658363
0.659574
0.660777
0.658451
0.659649
0.660839
0.658537
0.65625
0.653979
0.651724
0.649485
0.64726
0.645051
0.646259
0.647458
0.648649
0.649832
0.651007
0.648829
0.65
0.647841
0.645695
0.643564
0.641447
0.639344
0.637255
0.638436
0.63961
0.640777
0.641935
0.643087
0.644231
0.645367
0.646497
0.644444
0.642405
0.640379
0.638365
0.636364
0.634375
0.632399
0.630435
0.631579
0.632716
0.630769
0.628834
0.626911
0.625
0.62614
0.627273
0.628399
0.626506
0.624625
0.622754
0.620896
0.619048
0.617211
0.615385
0.613569
0.611765
0.609971
0.608187
0.606414
0.604651
0.602899
0.601156
0.599424
0.600575
0.598854
0.597143
0.595442
0.59375
0.592068
0.590395
0.591549
0.592697
0.593838
0.594972
0.5961
0.597222
0.598338
0.599448
0.600551
0.601648
0.6
0.598361
0.59673
0.595109
0.593496
0.591892
0.590296
0.58871
0.587131
0.588235
0.589333
0.590426
0.588859
0.587302
0.585752
0.584211
0.585302
0.586387
0.587467
0.585938
0.584416
0.582902
0.581395
0.579897
0.578406
0.579487
0.580563
0.581633
0.582697
0.583756
0.58481
0.585859
0.586902
0.58794
0.588972
0.59
0.591022
0.59204
0.593052
0.594059
0.595062
0.596059
0.597052
0.595588
0.596577
0.595122
0.593674
0.592233
0.590799
0.589372
0.587952
0.586538
0.585132
0.583732
0.582339
0.583333
0.584323
0.582938
0.58156
0.580189
0.578824
0.577465
0.576112
0.574766
0.573427
0.574419
0.575406
0.576389
0.577367
0.578341
0.57931
0.580275
0.581236
0.582192
0.583144
0.581818
0.580499
0.579186
0.577878
0.576577
0.575281
0.573991
0.572707
0.571429
0.570156
0.568889
0.567627
0.566372
0.565121
0.563877
0.564835
0.565789
0.56674
0.567686
0.568627
0.569565
0.570499
0.571429
0.572354
0.573276
0.572043
0.570815
0.569593
0.568376
0.567164
0.568085
0.566879
0.565678
0.566596
0.567511
0.568421
0.569328
0.570231
0.57113
0.572025
0.572917
0.573805
0.574689
0.573499
0.572314
0.571134
0.569959
0.568789
0.567623
0.566462
0.565306
0.564155
0.563008
0.561866
0.560729
0.559596
0.560484
0.561368
0.562249
0.563126
0.564
0.56487
0.565737
0.5666
0.56746
0.568317
0.567194
0.568047
0.568898
0.569745
0.568627
0.567515
0.566406
0.565302
0.564202
0.563107
0.562016
0.560928
0.561776
0.56262
0.561538
0.560461
0.559387
0.558317
0.55916
0.56
0.560837
0.559772
0.558712
0.557656
0.556604
0.555556
0.556391
0.557223
0.558052
0.558879
0.559701
0.560521
0.561338
0.562152
0.562963
0.563771
0.562731
0.561694
0.560662
0.561468
0.562271
0.563071
0.563869
0.564663
0.563636
0.562613
0.561594
0.560579
0.559567
0.558559
0.557554
0.556553
0.557348
0.556351
0.555357
0.554367
0.553381
0.552398
0.551418
0.550442
0.54947
0.548501
0.547535
0.546573
0.545614
0.54641
0.545455
0.544503
0.543554
0.542609
0.541667
0.540728
0.539792
0.53886
0.539655
0.540448
0.539519
0.538593
0.537671
0.536752
0.535836
0.534923
0.534014
0.533107
0.532203
0.531303
0.530405
0.529511
0.52862
0.527731
0.526846
0.525963
0.525084
0.524207
0.523333
0.522463
0.521595
0.52073
0.519868
0.519008
0.518152
0.517298
0.518092
0.518883
0.519672
0.518822
0.517974
0.517129
0.516287
0.517073
0.517857
0.518639
0.519417
0.520194
0.520968
0.520129
0.519293
0.518459
0.517628
0.5184
0.517572
0.516746
0.515924
0.515103
0.514286
0.513471
0.514241
0.515008
0.515773
0.516535
0.517296
0.518053
0.518809
0.519562
0.520312
0.521061
0.521807
0.520995
0.521739
0.52093
0.520124
0.520866
0.521605
0.522342
0.523077
0.52381
0.523006
0.522205
0.521407
0.520611
0.519817
0.519026
0.518237
0.517451
0.516667
0.515885
0.515106
0.514329
0.513554
0.512782
0.512012
0.511244
0.511976
0.512706
0.513433
0.514158
0.514881
0.515602
0.51632
0.517037
0.517751
0.516987
0.517699
0.518409
0.519118
0.519824
0.520528
0.52123
0.52193
