1
0.5
0.666667
0.75
0.8
0.833333
0.857143
0.875
0.888889
0.9
0.909091
0.833333
0.846154
0.785714
0.8
0.8125
0.823529
0.833333
0.789474
0.75
0.714286
0.727273
0.73913
0.75
0.76
0.769231
0.777778
0.785714
0.793103
0.8
0.806452
0.78125
0.787879
0.794118
0.771429
0.75
0.756757
0.763158
0.74359
0.725
0.707317
0.690476
0.697674
0.704545
0.711111
0.717391
0.723404
0.729167
0.734694
0.74
0.745098
0.75
0.735849
0.740741
0.727273
0.714286
0.719298
0.724138
0.728814
0.733333
0.737705
0.741935
0.746032
0.75
0.753846
0.757576
0.746269
0.735294
0.724638
0.728571
0.732394
0.736111
0.739726
0.743243
0.746667
0.75
0.74026
0.730769
0.734177
0.7375
0.740741
0.743902
0.746988
0.75
0.752941
0.755814
0.758621
0.761364
0.752809
0.755556
0.758242
0.76087
0.763441
0.765957
0.768421
0.770833
0.773196
0.77551
0.777778
0.77
0.762376
0.754902
0.757282
0.759615
0.761905
0.764151
0.766355
0.768519
0.770642
0.772727
0.774775
0.776786
0.769912
0.77193
0.773913
0.775862
0.777778
0.779661
0.781513
0.783333
0.785124
0.786885
0.788618
0.782258
0.784
0.785714
0.787402
0.789062
0.790698
0.792308
0.793893
0.795455
0.796992
0.798507
0.792593
0.786765
0.781022
0.782609
0.784173
0.785714
0.787234
0.788732
0.79021
0.791667
0.793103
0.794521
0.789116
0.783784
0.785235
0.786667
0.781457
0.776316
0.777778
0.779221
0.780645
0.775641
0.770701
0.772152
0.773585
0.775
0.776398
0.777778
0.779141
0.780488
0.781818
0.783133
0.784431
0.779762
0.781065
0.782353
0.783626
0.77907
0.780347
0.775862
0.771429
0.767045
0.768362
0.769663
0.77095
0.772222
0.767956
0.763736
0.765027
0.766304
0.762162
0.758065
0.754011
0.75
0.746032
0.742105
0.73822
0.734375
0.735751
0.731959
0.728205
0.72449
0.720812
0.717172
0.713568
0.71
0.706468
0.70297
0.699507
0.70098
0.702439
0.703883
0.705314
0.706731
0.708134
0.709524
0.7109
0.712264
0.70892
0.705607
0.702326
0.699074
0.695853
0.692661
0.689498
0.686364
0.687783
0.689189
0.690583
0.691964
0.693333
0.690265
0.687225
0.684211
0.681223
0.682609
0.683983
0.685345
0.686695
0.688034
0.689362
0.690678
0.691983
0.693277
0.694561
0.691667
0.692946
0.694215
0.695473
0.696721
0.697959
0.699187
0.700405
0.701613
0.702811
0.704
0.701195
0.702381
0.703557
0.704724
0.705882
0.707031
0.708171
0.709302
0.710425
0.711538
0.712644
0.709924
0.711027
0.712121
0.713208
0.714286
0.715356
0.716418
0.717472
0.718519
0.719557
0.720588
0.721612
0.722628
0.723636
0.724638
0.725632
0.726619
0.727599
0.728571
0.729537
0.730496
0.731449
0.732394
0.733333
0.734266
0.735192
0.736111
0.737024
