1
1
1
1
1
1
1
1
1
1
1
1
1
1
1
1
1
1
1
1
1
0.954545
0.956522
0.916667
0.92
0.923077
0.925926
0.928571
0.931034
0.933333
0.903226
0.90625
0.878788
0.852941
0.857143
0.833333
0.810811
0.815789
0.820513
0.825
0.829268
0.833333
0.837209
0.840909
0.844444
0.847826
0.851064
0.833333
0.816327
0.8
0.803922
0.807692
0.811321
0.814815
0.8
0.785714
0.77193
0.758621
0.745763
0.733333
0.737705
0.741935
0.746032
0.75
0.753846
0.757576
0.761194
0.764706
0.768116
0.771429
0.760563
0.75
0.739726
0.743243
0.733333
0.723684
0.727273
0.730769
0.734177
0.7375
0.740741
0.743902
0.746988
0.75
0.752941
0.755814
0.747126
0.75
0.752809
0.755556
0.758242
0.76087
0.763441
0.765957
0.768421
0.770833
0.773196
0.765306
0.767677
0.77
0.772277
0.77451
0.776699
0.778846
0.780952
0.773585
0.766355
0.759259
0.752294
0.754545
0.747748
0.741071
0.743363
0.745614
0.747826
0.75
0.752137
0.754237
0.756303
0.758333
0.760331
0.762295
0.756098
0.758065
0.76
0.761905
0.76378
0.765625
0.767442
0.769231
0.770992
0.772727
0.774436
0.768657
0.77037
0.772059
0.766423
0.76087
0.755396
0.75
0.744681
0.739437
0.734266
0.729167
0.724138
0.719178
0.714286
0.709459
0.711409
0.713333
0.715232
0.717105
0.718954
0.720779
0.722581
0.724359
0.726115
0.727848
0.72327
0.71875
0.714286
0.709877
0.705521
0.70122
0.69697
0.692771
0.688623
0.684524
0.680473
0.676471
0.672515
0.668605
0.66474
0.66092
0.657143
0.659091
0.661017
0.662921
0.664804
0.666667
0.668508
0.67033
0.672131
0.673913
0.67027
0.666667
0.663102
0.659574
0.656085
0.652632
0.649215
0.645833
0.642487
0.639175
0.635897
0.632653
0.634518
0.636364
0.633166
0.63
0.626866
0.623762
0.625616
0.622549
0.619512
0.616505
0.613527
0.610577
0.607656
0.609524
0.611374
0.613208
0.615023
0.616822
0.618605
0.62037
0.62212
0.623853
0.625571
0.627273
0.624434
0.621622
0.618834
0.616071
0.613333
0.610619
0.60793
0.605263
0.60262
0.604348
0.606061
0.607759
0.609442
0.611111
0.612766
0.614407
0.616034
0.617647
0.619247
0.620833
0.622407
0.623967
0.621399
0.618852
0.616327
0.613821
0.611336
0.608871
0.606426
0.604
0.601594
0.599206
0.596838
0.594488
0.592157
0.589844
0.587549
0.585271
0.583012
0.580769
0.582375
0.583969
0.585551
0.583333
0.581132
0.578947
0.576779
0.574627
0.576208
0.574074
0.571956
0.569853
0.567766
0.565693
0.563636
0.561594
0.559567
0.557554
0.555556
0.553571
0.551601
0.549645
0.547703
0.545775
0.54386
0.541958
0.54007
0.538194
0.536332
0.534483
0.532646
0.530822
0.52901
0.527211
0.525424
0.523649
0.521886
0.520134
0.518395
0.516667
0.51495
0.516556
0.518152
0.519737
0.521311
0.522876
0.52443
0.525974
0.524272
0.522581
0.5209
0.519231
0.517572
0.515924
0.51746
0.518987
0.520505
0.522013
0.523511
0.525
0.52648
0.52795
0.529412
0.530864
0.529231
0.530675
0.529052
0.530488
0.528875
0.530303
0.531722
0.533133
0.534535
0.535928
0.534328
0.532738
0.534125
0.535503
0.536873
0.538235
0.539589
0.538012
0.536443
0.534884
0.533333
0.531792
0.530259
0.528736
0.527221
0.525714
0.524217
0.522727
0.521246
0.519774
0.51831
0.519663
0.521008
0.522346
0.523677
0.525
0.526316
0.527624
0.528926
0.53022
0.531507
0.530055
0.52861
0.527174
0.525745
0.524324
0.522911
0.521505
0.522788
0.524064
0.525333
0.526596
0.527851
0.529101
0.530343
0.531579
0.532808
0.534031
0.532637
0.53125
0.52987
0.531088
0.5323
0.533505
0.534704
0.535897
0.537084
0.538265
0.536896
0.535533
0.534177
0.532828
0.531486
0.530151
0.528822
0.5275
0.526185
0.524876
0.523573
0.522277
0.520988
0.519704
0.518428
0.517157
0.515892
0.514634
0.513382
0.512136
0.510896
0.509662
0.508434
0.507212
0.505995
0.504785
0.50358
0.502381
0.501188
0.5
0.498818
0.497642
0.496471
0.495305
0.494145
0.492991
0.494172
0.495349
0.49652
0.497685
0.498845
0.5
0.501149
0.502294
0.503432
0.504566
0.503417
0.502273
0.501134
0.5
0.498871
0.497748
0.496629
0.495516
0.494407
0.493304
0.492205
0.491111
0.490022
0.488938
0.487859
0.488987
0.49011
0.491228
0.492341
0.49345
0.494553
0.495652
0.496746
0.497835
0.49892
0.497845
0.496774
0.495708
0.496788
0.497863
0.498934
0.5
0.501062
0.502119
0.503171
0.504219
0.505263
0.506303
0.505241
0.504184
0.503132
0.502083
0.50104
0.5
0.498965
0.497934
0.496907
0.495885
0.494867
0.493852
0.492843
0.491837
0.490835
0.489837
0.488844
0.487854
0.486869
0.485887
0.484909
0.483936
0.482966
0.484
0.48503
0.486056
0.487078
0.488095
0.489109
0.490119
0.491124
0.492126
0.493124
0.492157
0.491194
0.490234
0.489279
0.488327
0.487379
0.486434
0.485493
0.484556
0.483622
0.482692
0.481766
0.480843
0.479924
0.479008
0.478095
0.477186
0.476281
0.475379
0.476371
0.477358
0.478343
0.479323
0.4803
0.481273
0.480374
0.479478
0.478585
0.477695
0.476809
0.475926
0.475046
0.47417
0.473297
0.472426
0.47156
0.470696
0.471664
0.472628
0.473588
0.474545
0.475499
0.476449
0.477396
0.478339
0.479279
0.480216
0.481149
0.482079
0.481216
0.480357
0.479501
0.478648
0.477798
0.47695
0.476106
0.477032
0.477954
0.478873
0.479789
0.480702
0.481611
0.482517
0.483421
0.484321
0.485217
0.486111
0.487002
0.487889
0.488774
0.487931
0.488812
0.489691
0.490566
0.491438
0.492308
0.493174
0.494037
0.494898
0.495756
0.49661
0.49577
0.494932
0.494098
0.493266
0.492437
0.491611
0.490787
0.489967
0.489149
0.488333
0.487521
0.486711
0.485904
0.486755
0.487603
0.488449
0.489292
0.490132
0.490969
0.491803
0.492635
0.493464
0.49429
0.493485
0.492683
0.491883
0.492707
0.491909
0.491115
0.490323
0.489533
0.488746
0.487961
0.487179
0.4864
0.485623
0.484848
0.484076
0.483307
0.48254
0.481775
0.481013
0.480253
0.479495
0.47874
0.477987
0.477237
0.476489
0.475743
0.475
0.474259
0.47352
0.472784
0.473602
0.472868
0.472136
0.471406
0.470679
0.469954
0.469231
0.46851
0.467791
0.467075
0.466361
0.465649
0.464939
0.464231
0.463526
0.46434
0.465152
0.465961
0.466767
0.467572
0.468373
0.469173
0.46997
0.470765
0.471557
0.470852
0.470149
0.469449
0.46875
0.468053
0.467359
0.466667
0.467456
0.468242
0.469027
0.469809
0.470588
0.471366
0.472141
0.472914
0.472222
0.471533
0.470845
0.47016
0.469477
0.468795
0.468116
0.467438
0.466763
0.466089
0.466859
0.466187
0.465517
0.464849
0.464183
0.463519
0.462857
0.462197
0.461538
0.460882
0.460227
0.459574
0.458924
0.458274
0.457627
0.456982
0.456338
0.455696
0.455056
0.454418
0.453782
0.454545
0.453911
0.453278
0.452646
0.452017
0.451389
0.450763
0.451524
0.452282
0.451657
0.451034
0.450413
0.449794
0.449176
0.44856
0.447945
0.447332
0.446721
0.446112
0.445504
0.444898
0.445652
0.446404
0.447154
0.446549
0.447297
0.446694
0.446092
0.445491
0.444892
0.444295
0.44504
0.445783
0.446524
0.447263
0.446667
0.446072
0.445479
0.444887
0.444297
0.443709
0.444444
0.445178
0.44591
0.44664
0.447368
0.448095
0.448819
0.449541
0.450262
0.45098
0.450392
0.449804
0.449219
0.448635
0.448052
0.447471
0.446891
0.446313
0.445736
0.445161
0.444588
0.444015
0.443445
0.442875
0.442308
0.443022
0.443734
0.444444
0.445153
0.44586
0.446565
0.447268
0.44797
0.448669
0.449367
0.448799
0.448232
0.447667
0.447103
0.446541
0.44598
0.44542
0.444862
0.444305
0.44375
0.443196
0.44389
0.444583
0.445274
0.445963
0.44665
0.447336
0.44802
0.448702
0.449383
0.448829
0.449507
0.448954
0.448403
0.447853
0.447304
0.446756
0.44621
0.445665
0.445122
0.44458
0.444039
0.443499
0.442961
0.442424
0.441889
0.441354
0.440821
0.44029
0.439759
0.43923
0.439904
0.440576
0.441247
0.441916
0.442584
0.442055
0.441527
0.441001
0.440476
0.439952
0.43943
0.440095
0.439573
0.439053
0.438534
0.438017
0.4375
0.436985
0.436471
0.435958
0.435446
0.434936
0.434426
0.433918
0.433411
0.432905
0.432401
0.431898
0.431395
0.430894
0.430394
0.429896
0.429398
0.428902
0.429561
0.430219
0.430876
0.43153
0.432184
0.432836
0.433486
0.434135
0.434783
0.435429
0.434932
0.434436
0.433941
0.433447
0.432955
0.432463
0.431973
0.431484
0.430995
0.430508
0.430023
0.429538
0.429054
0.428571
0.42809
0.427609
0.42713
0.427772
0.428412
0.42905
0.429688
0.430323
0.429844
0.429366
0.43
0.430633
0.431264
0.431894
0.431416
0.432044
0.431567
0.431092
0.430617
0.430143
0.42967
0.429199
0.428728
0.428258
0.42779
0.427322
0.426856
0.42639
0.425926
0.425462
0.425
0.424539
0.424078
0.423619
0.42316
0.422703
0.422246
0.421791
0.421336
0.420883
0.42043
0.419979
0.419528
0.419078
0.41863
0.418182
0.417735
0.417289
0.416844
0.4164
0.415957
0.415515
0.415074
0.414634
0.414195
0.413757
0.413319
0.412883
0.412447
0.412013
0.411579
0.411146
0.410714
0.410283
0.409853
0.409424
0.408996
0.409613
0.41023
0.409802
0.409375
0.408949
0.408524
0.4081
0.407676
0.407254
0.406832
0.406412
0.405992
0.405573
0.405155
0.404737
0.404321
0.403905
0.403491
0.404103
0.404713
0.405322
0.40593
0.405516
0.405102
0.404689
0.404277
0.404883
0.405488
0.406091
0.406694
0.407295
0.407895
0.408493
0.409091
0.409687
0.410282
0.409869
0.409457
0.409045
0.408635
0.408225
0.407816
0.407407
0.407
0.406593
0.407186
0.40678
0.406375
0.40597
0.405567
0.405164
0.404762
0.405352
0.405941
0.406528
0.407115
0.4077
0.408284
0.408867
0.408465
0.409046
0.408644
0.408243
0.407843
0.407444
0.407045
0.406647
0.40625
0.405854
0.405458
0.405063
0.404669
0.404276
0.403883
0.403492
0.403101
0.402711
0.402321
0.401932
0.401544
0.402122
0.401734
0.401347
0.400962
0.400576
0.400192
0.399808
0.399425
0.399043
0.398662
0.398281
0.397901
0.397521
0.398095
0.398668
0.39924
0.39981
0.40038
0.400948
0.401515
0.402081
0.401701
0.401322
0.400943
0.400566
0.400188
0.399812
0.399436
0.399061
0.398687
0.398313
0.39794
0.397568
0.397196
0.396825
0.397388
0.39795
0.39851
0.39907
0.398699
0.398329
0.397959
0.39759
0.397222
0.396855
0.396488
0.396122
0.395756
0.395392
0.395028
0.394664
0.394301
0.393939
0.393578
0.393217
0.392857
0.392498
0.392139
0.391781
0.391423
0.391067
0.391621
0.391265
0.390909
0.391462
0.391107
0.390752
0.390399
0.390045
0.389693
0.389341
0.388989
0.388638
0.388288
0.387939
0.38759
0.387242
0.386894
0.386547
0.386201
0.385855
0.38551
0.385165
0.384821
0.384478
0.384135
0.383793
0.384342
0.384889
0.385435
0.38598
0.386525
0.387068
0.386726
0.386384
0.386042
0.385702
0.385362
0.385022
0.384683
0.384345
0.384007
0.38367
0.383333
0.382997
0.382662
0.382327
0.381993
0.381659
0.381326
0.380994
0.380662
0.380331
0.38
0.37967
0.37934
0.379011
0.378683
0.378355
0.378028
0.377701
0.377375
0.377049
0.376724
0.3764
0.376936
0.376612
0.376289
0.375966
0.375643
0.375321
0.375
0.375535
0.376068
0.376601
0.377133
0.376812
0.376491
0.37617
0.37585
0.375531
0.375212
0.374894
0.374576
0.374259
0.373942
0.373626
0.373311
0.372996
0.372681
0.372367
0.372054
0.371741
0.371429
0.371117
0.370805
0.370495
0.370184
0.369874
0.369565
0.369256
0.368948
0.368641
0.368333
0.368859
0.369384
0.369909
0.370432
0.370954
0.371476
0.371997
0.372517
0.373036
0.373554
0.373245
0.372937
0.373454
0.37397
0.373663
0.373355
0.373048
0.372742
0.372436
0.372131
0.371826
0.371522
0.371218
0.370915
0.370612
0.37031
0.370008
0.369707
0.369406
0.369106
0.368806
0.368506
0.368208
0.367909
0.367611
0.367314
0.367017
0.366721
0.366425
0.366129
0.365834
0.365539
0.365245
0.364952
0.364659
0.364366
0.364074
0.363782
0.363491
0.3632
0.36291
0.36262
0.36233
0.362041
0.361753
0.362261
0.362768
0.363275
0.362986
0.362698
0.362411
0.362124
0.361837
0.361551
0.361265
0.360979
0.360695
0.36041
0.360126
0.359843
0.359559
0.359277
0.358995
0.358713
0.358431
0.35815
0.35787
0.35759
0.35731
0.357031
0.356753
0.356474
0.356196
0.355919
0.355642
0.355365
0.355089
0.354814
0.354538
0.355039
0.355538
0.356037
0.356535
0.357032
0.357529
0.358025
0.35852
0.359014
0.359507
0.36
0.360492
0.360983
0.361474
0.361963
0.362452
0.36294
0.362663
0.362385
0.362108
0.361832
0.361556
0.36128
0.361005
0.360731
0.360456
0.360182
0.359909
0.359636
0.359363
0.359091
0.358819
0.358548
0.358277
0.358006
0.357736
0.35822
0.358704
0.359187
0.359669
0.36015
0.360631
0.361111
0.36159
0.362069
0.362547
0.362275
0.362004
0.361734
0.361464
0.361194
0.360925
0.360656
0.360387
0.360119
0.359851
0.359584
0.360059
0.359792
0.359526
0.359259
0.358993
0.358728
0.358463
0.358198
0.357934
0.35767
0.357406
0.357143
0.35688
0.356618
0.356356
0.356094
0.355833
0.355572
0.355311
0.355051
0.354792
0.354532
0.354273
0.354015
0.353756
0.353499
0.353241
0.352984
0.352727
0.352471
0.352215
0.351959
0.351704
0.351449
0.351195
0.350941
0.350687
0.350434
0.350181
0.349928
0.349676
0.350144
0.350612
0.351079
0.351546
0.352011
0.352477
0.352941
0.353405
0.353868
0.354331
0.354077
0.353824
0.353571
0.354033
0.354494
0.354954
0.355413
0.355872
0.355619
0.355366
0.355114
0.354862
0.35461
0.354359
0.354108
0.353857
0.354314
0.35477
0.35452
0.35427
0.35402
0.35377
0.354225
0.353976
0.353727
0.353479
0.35323
0.352982
0.352735
0.352488
0.352241
0.351994
0.351748
0.352201
0.352654
0.353105
0.353556
0.354007
0.354457
0.354906
0.355355
0.355803
0.35625
0.356003
0.355756
0.355509
0.355263
0.355017
0.355463
0.355909
0.356354
0.356798
0.357241
0.357684
0.358127
0.358568
0.35901
0.35945
0.359203
0.358957
0.358711
0.358465
0.358219
0.357974
0.357729
0.357485
0.35724
0.356997
0.356753
0.35651
0.356267
0.356025
0.355782
0.35554
0.355299
0.355058
0.354817
0.354576
0.354336
0.354096
0.353857
0.354293
0.35473
0.35449
0.354251
0.354012
0.353774
0.353535
0.353297
0.35306
0.352823
0.352586
0.352349
0.352113
0.351877
0.351641
0.351406
0.351171
0.350936
0.350701
0.350467
0.350233
0.35
0.349767
0.349534
0.349301
0.349069
0.348837
0.348606
0.348374
0.348143
0.347913
0.347682
0.347452
0.347222
0.346993
0.346764
0.346535
0.346306
0.346078
0.34585
0.345622
0.345395
0.345168
0.344941
0.344714
0.344488
0.344918
0.345347
0.345776
0.346204
0.346632
0.347059
0.347485
0.347911
0.348337
0.348761
0.349186
0.348958
0.348731
0.348505
0.348928
0.348701
0.348475
0.348249
0.348023
0.347798
0.347573
0.347348
0.347123
0.347545
0.347966
0.347742
0.347518
0.347294
0.34707
0.34749
0.34791
0.348329
0.348748
0.349166
0.349583
0.35
0.350416
0.350832
0.351248
0.351023
0.350799
0.350575
0.350989
0.350765
0.350542
0.350955
0.350732
0.350509
0.350286
0.350064
0.349841
0.349619
0.350032
0.34981
0.349588
0.349367
0.349146
0.349558
0.349968
0.349747
0.349527
0.349306
0.349086
0.349496
0.349276
0.349057
0.348837
0.348618
0.348399
0.348181
0.347962
0.347744
0.348153
0.347935
0.347717
0.3475
0.347283
0.347066
0.34685
0.346633
0.346417
0.346824
0.346609
0.346393
0.346178
0.345963
0.346369
0.346154
0.345939
0.345725
0.345511
0.345297
0.345083
0.34487
0.344657
0.344444
0.344232
0.344636
0.34504
0.345443
0.345846
0.346248
0.34665
0.347052
0.347452
0.347853
0.348253
0.348039
0.347826
0.347613
0.347401
0.347188
0.346976
0.346764
0.346553
0.346341
0.34674
0.346529
0.346926
0.347324
0.347112
0.346902
0.346691
0.346481
0.34627
0.346061
0.345851
0.345642
0.345433
0.345224
0.345015
0.344807
0.344599
0.344391
0.344183
0.343976
0.343769
0.343562
0.343355
0.343149
0.342943
0.342737
0.342531
0.342326
0.342121
0.341916
0.341712
0.341507
0.341303
0.341099
0.340896
0.340692
0.340489
0.340286
0.340083
0.339881
0.339679
0.339477
0.339275
0.339074
0.338872
0.338671
0.338471
0.33827
0.33807
0.33787
0.33767
0.338061
0.337862
0.337662
0.337463
0.337264
0.337065
0.336867
0.336669
0.336471
0.336273
0.336075
0.335878
0.335681
0.335484
0.335287
0.335091
0.334895
0.334699
0.334503
0.334892
0.33528
0.335668
0.336056
0.336443
0.33683
0.337216
0.33702
0.336824
0.336628
0.337013
0.337398
0.337783
0.338167
0.338551
0.338934
0.339317
0.339699
0.340081
0.340462
0.340266
0.340069
0.339873
0.339677
0.339481
0.339286
0.33909
0.338895
0.3387
0.338506
0.338311
0.338117
0.337923
0.337729
0.337536
0.337915
0.338294
0.338101
0.337907
0.337714
0.337521
0.337329
0.337136
0.336944
0.336752
0.33656
0.336369
0.336177
0.335986
0.335795
0.335605
0.335414
0.335224
0.335601
0.335977
0.336353
0.336729
0.337104
0.337479
0.337853
0.338227
0.338036
0.337845
0.337655
0.337465
0.337275
0.337085
0.336895
0.336706
0.336517
0.336328
0.336139
0.335951
0.335762
0.335574
0.335946
0.336318
0.336689
0.33706
0.33743
0.3378
0.33817
0.338539
0.338907
0.339276
0.339087
0.338898
0.33871
0.338521
0.338333
0.338145
0.337958
0.338325
0.338692
0.339058
0.339424
0.33979
0.340155
0.34052
0.340884
0.341248
0.341611
0.341423
0.341235
0.341047
0.34141
0.341772
0.342134
0.342496
0.342857
0.342669
0.342481
0.342293
0.342105
0.342466
0.342826
0.343186
0.343545
0.343904
0.344262
0.34462
0.344978
0.34479
0.344602
0.344414
0.344227
0.344584
0.344396
0.344209
0.344022
0.343835
0.343648
0.343462
0.343275
0.343089
0.342904
0.342718
0.342532
0.342347
0.342162
0.341977
0.341793
0.341608
0.341424
0.34124
0.341056
0.340872
0.341227
0.341044
0.34086
0.340677
0.340494
0.340848
0.340665
0.340483
0.3403
0.340118
0.339936
0.339754
0.339572
0.339391
0.339209
0.339028
0.338847
0.338667
0.338486
0.338306
0.338126
0.337946
0.338298
0.33865
0.339001
0.339352
0.339703
0.340053
0.340403
0.340753
0.341102
0.341451
0.34127
0.341089
0.340909
0.340729
0.340549
0.340369
0.34019
0.340011
0.339831
0.339652
0.339474
0.339295
0.339117
0.338939
0.338761
0.339108
0.339454
0.339276
0.339099
0.338921
0.338743
0.338566
0.338389
0.338212
0.338036
0.337859
0.337683
0.338028
0.337852
0.337676
0.3375
0.337324
0.337149
0.336973
0.336798
0.336623
0.336449
0.336274
0.3361
0.335925
0.336269
0.336095
0.335921
0.335748
0.335574
0.335401
0.335227
0.335054
0.334881
0.334709
0.334536
0.334364
0.334192
0.33402
0.333848
0.333676
0.333505
0.333333
0.333162
0.332991
0.332821
0.33265
0.33248
0.332309
0.332139
0.331969
0.3318
0.33163
0.331461
0.331291
0.331122
0.330954
0.330785
0.330616
0.330448
0.33028
0.330112
0.329944
0.329776
0.329609
0.329442
0.329274
0.329108
0.328941
0.328774
0.328608
0.328441
0.328275
0.328109
0.327943
0.327778
0.327612
0.327447
0.327282
0.327117
0.326952
0.326788
0.326623
0.326459
0.326295
0.326131
0.325967
0.325803
0.32564
0.325476
0.325313
0.32515
0.324987
0.324825
0.324662
0.3245
0.324338
0.324176
0.324014
0.323852
0.32419
0.324028
0.323866
0.323705
0.323544
0.323383
0.323222
0.323062
0.322901
0.322741
0.322581
0.322421
0.322261
0.322101
0.321942
0.321782
0.322118
0.321958
0.322294
0.322628
0.322963
0.323297
0.323631
0.323964
0.324298
0.324631
0.324963
0.325295
0.325135
0.324975
0.324816
0.324656
0.324497
0.324338
0.324179
0.32402
0.323861
0.323702
0.323544
0.323386
0.323227
0.323069
0.322912
0.322754
0.322596
0.322439
0.322282
0.322125
0.321968
0.321811
0.321655
0.321498
0.321342
0.321186
0.32103
0.320874
0.320718
0.321048
0.321377
0.321705
0.322034
0.322362
0.32269
0.323017
0.323345
0.323671
0.323998
0.323842
0.323685
0.323529
0.323855
0.324181
0.324506
0.324832
0.325156
0.325481
0.325805
0.325648
0.325492
0.325336
0.32518
0.325503
0.325347
0.325192
0.325515
0.325359
0.325203
0.325048
0.324892
0.324737
0.324582
0.324427
0.324273
0.324595
0.32444
0.324286
0.324131
0.323977
0.323823
0.323669
0.323515
0.323362
0.323208
0.323055
0.322902
0.322749
0.322596
0.322443
0.322291
0.322138
0.321986
0.321834
0.321682
0.32153
0.321378
0.321226
0.321075
0.320924
0.320772
0.320621
0.320471
0.32032
0.320169
0.320019
0.319868
0.319718
0.319568
0.319418
0.319269
0.319119
0.319438
0.319288
0.319139
0.31899
0.318841
0.318692
0.318543
0.318861
0.318712
0.318563
0.318415
0.318267
0.318584
0.318901
0.319218
0.319535
0.319851
0.319703
0.320019
0.320334
0.32065
0.320965
0.32128
0.321594
0.321908
0.322222
0.322536
0.322387
0.3227
0.322551
0.322402
0.322253
0.322104
0.321956
0.321807
0.321659
0.321511
0.321363
0.321215
0.321067
0.32092
0.320772
0.320625
0.320478
0.32033
0.320642
0.320495
0.320807
0.321118
0.321429
0.321739
0.322049
0.322359
0.322669
0.322979
0.323288
0.323597
0.323905
0.324213
0.324521
0.324829
0.324681
0.324533
0.324386
0.324693
0.325
0.325307
0.325613
0.325919
0.326225
0.326531
0.326836
0.327141
0.327446
0.327297
0.327149
0.327001
0.326854
0.326706
0.326558
0.326411
0.326264
0.326116
0.325969
0.325822
0.325676
0.325529
0.325383
0.325236
0.32509
0.324944
0.325247
0.325101
0.324955
0.324809
0.325112
0.325415
0.325717
0.325571
0.325425
0.32528
0.325134
0.324989
0.324844
0.324699
0.324554
0.324409
0.324264
0.324119
0.323975
0.323831
0.324132
0.324433
0.324288
0.324144
0.324444
0.324745
0.325044
0.325344
0.325643
0.325942
0.326241
0.32654
0.326395
0.326251
0.326106
0.325962
0.325818
0.325674
0.32553
0.325386
0.325243
0.325099
0.324956
0.324813
0.32467
0.324527
0.324384
0.324241
0.324099
0.323956
0.324253
0.32455
0.324846
0.325143
0.325439
0.325734
0.32603
0.326325
0.32662
0.326477
0.326334
0.326192
0.326049
0.325907
0.325764
0.326058
0.326353
0.32621
0.326068
0.325926
0.325784
0.325642
0.3255
0.325794
0.326087
0.325945
0.325804
0.325662
0.325521
0.32538
0.325239
0.325531
0.325823
0.326115
0.326407
0.326698
0.32699
0.327281
0.327571
0.327862
0.328152
0.32801
0.327869
0.327727
0.327586
0.327445
0.327735
0.328024
0.328313
0.328602
0.328891
0.329179
0.329467
0.329326
0.329185
0.329043
0.328902
0.328761
0.32862
0.328908
0.329195
0.329054
0.328914
0.328773
0.328632
0.328492
0.328352
0.328212
0.328072
0.327932
0.327792
0.327652
0.327513
0.327373
0.327234
0.327095
0.326956
0.326817
0.326678
0.326539
0.326401
0.326262
0.326124
0.325986
0.325847
0.325709
0.325572
0.325434
0.325296
0.325159
0.325021
0.324884
0.324747
0.32461
0.324473
0.324336
0.324199
0.324484
0.324768
0.325053
0.325337
0.3252
0.325063
0.324926
0.32479
0.324654
0.324517
0.324381
0.324245
0.324528
0.324392
0.324256
0.324121
0.323985
0.324268
0.32455
0.324833
0.325115
0.325397
0.325678
0.32596
0.326241
0.326522
0.326803
0.326667
0.326947
0.327227
0.327507
0.327371
0.327235
0.327099
0.326963
0.326827
0.326692
0.326971
0.32725
0.327114
0.326979
0.326843
0.326708
0.326573
0.326438
0.326303
0.326168
0.326446
0.326724
0.327002
0.32728
0.327558
0.327835
0.328112
0.328389
0.328254
0.32853
0.328395
0.32826
0.328125
0.32799
0.327855
0.327721
0.327586
0.327452
0.327317
0.327183
0.327049
0.326915
0.326781
0.326648
0.326514
0.32638
0.326247
0.326114
0.32598
0.325847
0.325714
0.325989
0.325856
0.325724
0.325591
0.325458
0.325733
0.3256
0.325468
0.325336
0.325203
0.325071
0.324939
0.325213
0.325081
0.324949
0.324818
0.324686
0.324554
0.324423
0.324291
0.32416
0.324029
0.323898
0.323767
0.323636
0.323506
0.323375
0.323648
0.323921
0.32379
0.32366
0.323529
0.323399
0.323671
0.323944
0.324216
0.324487
0.324759
0.32503
0.325301
0.325171
0.32504
0.32491
0.324779
0.324649
0.324519
0.324389
0.324259
0.32413
0.324
0.32427
0.324141
0.324011
0.324281
0.324551
0.32482
0.32509
0.325359
0.325628
0.325896
0.326165
0.326433
0.326303
0.326173
0.326044
0.325914
0.325785
0.325655
0.325526
0.325397
0.325268
0.325139
0.32501
0.324881
0.324752
0.324624
0.324495
0.324367
0.324239
0.324111
0.323983
0.32425
0.324516
0.324783
0.324655
0.324527
0.324399
0.324271
0.324143
0.324016
0.323888
0.323761
0.323634
0.323506
0.323379
0.323252
0.323125
0.322998
0.322872
0.322745
0.322619
0.322492
0.322366
0.32224
0.322114
0.321987
0.322253
0.322518
0.322782
0.323047
0.323311
0.323575
0.323839
0.324103
0.323977
0.32385
0.323724
0.323598
0.323472
0.323346
0.323221
0.323095
0.322969
0.322844
0.322718
0.322593
0.322468
0.322343
0.322218
0.322093
0.321968
0.321844
0.321719
0.321594
0.32147
0.321346
0.321221
0.321097
0.320973
0.320849
0.320726
0.320602
0.320478
0.320355
0.320231
0.320108
0.319985
0.319861
0.319738
0.319615
0.319493
0.31937
0.319247
0.319124
0.319002
0.31888
0.318757
0.318635
0.318513
0.318391
0.318269
0.318147
0.318025
0.317904
0.317782
0.317661
0.317539
0.317418
0.317297
0.317176
0.317055
0.316934
0.317194
0.317454
0.317714
0.317974
0.318234
0.318493
0.318752
0.319011
0.31927
0.319529
0.319408
0.319286
0.319165
0.319423
0.319681
0.319939
0.320197
0.320455
0.320712
0.320969
0.321226
0.321483
0.321361
0.32124
0.321118
0.320997
0.320876
0.320755
0.320634
0.320513
0.320392
0.320271
0.320151
0.32003
0.31991
0.319789
0.320045
0.320301
0.320556
0.320811
0.320691
0.320571
0.320826
0.320705
0.320585
0.320465
0.320345
0.320225
0.320105
0.319985
0.319865
0.319746
0.319626
0.319507
0.319387
0.319268
0.319149
0.31903
0.318911
0.318792
0.318673
0.318554
0.318436
0.318317
0.318199
0.31808
0.317962
0.317844
0.317726
0.317608
0.31749
0.317372
0.317254
0.317136
0.317019
0.316901
0.316784
0.316667
0.31692
0.317172
0.317055
0.316938
0.316821
0.316704
0.316587
0.31647
0.316353
0.316236
0.31612
0.316003
0.315886
0.31577
0.315654
0.315538
0.315421
0.315305
0.315189
0.315074
0.314958
0.314842
0.314726
0.314611
0.314495
0.31438
0.314265
0.314516
0.314767
0.315018
0.314903
0.314788
0.314673
0.314557
0.314442
0.314327
0.314213
0.314463
0.314713
0.314964
0.315213
0.315098
0.314984
0.314869
0.314754
0.314639
0.314525
0.31441
0.314296
0.314182
0.314068
0.313953
0.313839
0.313725
0.313612
0.313498
0.313384
0.31327
0.313157
0.313043
0.31293
0.312817
0.313066
0.313314
0.313562
0.313811
0.314059
0.314306
0.314554
0.314801
0.314688
0.314935
0.315182
0.315068
0.314955
0.314841
0.314728
0.314615
0.314502
0.314388
0.314275
0.314162
0.31405
0.313937
0.313824
0.313711
0.313599
0.313486
0.313374
0.313262
0.313149
0.313037
0.312925
0.312813
0.313059
0.313305
0.31355
0.313796
0.314041
0.314286
0.314531
0.314775
0.31502
0.315264
0.315152
0.315039
0.314927
0.314815
0.314703
0.314591
0.314479
0.314367
0.314255
0.314144
0.314032
0.31392
0.313809
0.313698
0.313586
0.313475
0.313364
0.313253
0.313142
0.313031
0.31292
0.31281
0.312699
0.312942
0.312831
0.312721
0.31261
0.3125
0.31239
0.312279
0.312169
0.312059
0.311949
0.311839
