1
1
1
1
1
1
0.857143
0.875
0.777778
0.8
0.818182
0.75
0.692308
0.714286
0.733333
0.6875
0.647059
0.611111
0.578947
0.6
0.619048
0.636364
0.652174
0.625
0.6
0.615385
0.62963
0.642857
0.62069
0.6
0.612903
0.625
0.636364
0.647059
0.657143
0.666667
0.675676
0.684211
0.692308
0.675
0.658537
0.642857
0.627907
0.613636
0.6
0.586957
0.574468
0.5625
0.55102
0.54
0.529412
0.538462
0.528302
0.518519
0.509091
0.5
0.491228
0.482759
0.474576
0.466667
0.459016
0.451613
0.444444
0.4375
0.430769
0.424242
0.41791
0.411765
0.405797
0.4
0.394366
0.388889
0.383562
0.378378
0.373333
0.368421
0.376623
0.371795
0.367089
0.3625
0.358025
0.353659
0.349398
0.345238
0.341176
0.337209
0.333333
0.329545
0.325843
0.322222
0.318681
0.326087
0.322581
0.319149
0.315789
0.3125
0.319588
0.326531
0.333333
0.34
0.346535
0.352941
0.359223
0.365385
0.371429
0.367925
0.364486
0.361111
0.357798
0.354545
0.351351
0.348214
0.345133
0.342105
0.33913
0.336207
0.333333
0.338983
0.344538
0.35
0.355372
0.360656
0.365854
0.362903
0.36
0.357143
0.354331
0.351562
0.348837
0.346154
0.343511
0.340909
0.338346
0.335821
0.333333
0.330882
0.328467
0.326087
0.323741
0.321429
0.319149
0.323944
0.321678
0.319444
0.317241
0.315068
0.319728
0.317568
0.315436
0.313333
0.311258
0.309211
0.30719
0.311688
0.316129
0.320513
0.324841
0.329114
0.333333
0.3375
0.341615
0.339506
0.343558
0.347561
0.345455
0.343373
0.341317
0.339286
0.337278
0.335294
0.333333
0.331395
0.32948
0.327586
0.325714
0.323864
0.322034
0.320225
0.318436
0.316667
0.314917
0.313187
0.311475
0.309783
0.308108
0.306452
0.304813
0.303191
0.301587
0.3
0.298429
0.296875
0.295337
0.293814
0.292308
0.295918
0.299492
0.30303
0.306533
0.31
0.313433
0.311881
0.310345
0.308824
0.307317
0.305825
0.304348
0.302885
0.301435
0.3
0.298578
0.29717
0.295775
0.294393
0.293023
0.296296
0.299539
0.298165
0.296804
0.295455
0.294118
0.292793
0.29148
0.290179
0.288889
0.287611
0.286344
0.285088
0.283843
0.282609
0.281385
0.280172
0.27897
0.277778
0.276596
0.279661
0.278481
0.277311
0.276151
0.275
0.273859
0.272727
0.271605
0.270492
0.269388
0.268293
0.267206
0.266129
0.26506
0.264
0.262948
0.261905
0.26087
0.259843
0.258824
0.257812
0.256809
0.255814
0.254826
0.253846
0.252874
0.251908
0.250951
0.25
0.249057
0.24812
0.247191
0.246269
0.245353
0.244444
0.243542
0.242647
0.241758
0.240876
0.24
0.23913
0.238267
0.23741
0.236559
0.235714
0.234875
0.234043
0.233216
0.232394
0.231579
0.230769
0.229965
0.229167
0.228374
0.227586
0.226804
0.226027
0.225256
0.22449
0.223729
0.222973
0.222222
0.221477
0.220736
0.22
0.219269
0.218543
0.217822
0.217105
0.216393
0.215686
0.214984
0.214286
0.213592
0.212903
0.212219
0.211538
0.210863
0.210191
0.209524
0.208861
0.208202
0.207547
0.206897
0.20625
0.205607
0.204969
0.204334
0.203704
0.203077
0.202454
0.201835
0.20122
0.200608
0.2
0.199396
0.198795
0.198198
0.197605
0.197015
0.196429
0.195846
0.195266
0.19469
0.194118
0.193548
0.192982
0.19242
0.19186
0.194203
0.193642
0.193084
0.192529
0.191977
0.191429
0.190883
0.190341
0.189802
0.189266
0.188732
0.188202
0.187675
0.187151
0.18663
0.186111
0.185596
0.185083
0.184573
0.184066
0.183562
0.18306
0.182561
0.182065
0.181572
0.181081
0.180593
0.180108
0.179625
0.179144
0.178667
0.178191
0.177719
0.177249
0.176781
0.176316
0.175853
0.175393
0.174935
0.174479
0.174026
0.173575
0.173127
0.17268
0.172237
0.171795
0.171355
0.170918
0.170483
0.172589
0.174684
0.176768
0.178841
0.180905
0.182957
0.1825
0.182045
0.181592
0.181141
0.180693
0.180247
0.179803
0.179361
0.178922
0.178484
0.178049
0.177616
0.177184
0.176755
0.176329
0.175904
0.175481
0.17506
0.174641
0.174224
0.17381
0.173397
0.172986
0.172577
0.17217
0.171765
0.171362
0.17096
0.170561
0.170163
0.169767
0.169374
0.168981
0.168591
0.168203
0.167816
0.167431
0.167048
0.166667
0.166287
0.165909
0.165533
0.165158
0.164786
0.164414
0.164045
0.163677
0.163311
0.162946
0.162584
0.162222
0.161863
0.161504
0.161148
0.160793
0.16044
0.160088
0.159737
0.159389
0.159041
0.158696
0.158351
0.158009
0.157667
0.159483
0.15914
0.158798
0.158458
0.15812
0.157783
0.157447
0.157113
0.15678
0.156448
0.156118
0.155789
0.155462
0.155136
0.154812
0.154489
0.154167
0.153846
0.153527
0.153209
0.152893
0.152577
0.152263
0.151951
0.151639
0.151329
0.15102
0.150713
0.150407
0.150101
0.149798
0.149495
0.149194
0.148893
0.148594
0.148297
0.148
0.147705
0.14741
0.147117
0.146825
0.146535
0.146245
0.145957
0.145669
0.145383
0.145098
0.144814
0.144531
0.14425
0.143969
0.143689
0.143411
0.143133
0.142857
0.142582
0.142308
0.142035
0.141762
0.141491
0.141221
0.140952
0.140684
0.140417
0.140152
0.141777
0.141509
0.141243
0.140977
0.140713
0.140449
0.140187
0.139925
0.139665
0.139405
0.139147
0.138889
0.138632
0.138376
0.138122
0.137868
0.137615
0.137363
0.137112
0.136861
0.136612
0.136364
0.136116
0.13587
0.135624
0.135379
0.135135
0.136691
0.138241
0.139785
0.141324
0.142857
0.142602
0.142349
0.143872
0.14539
0.146903
0.14841
0.149912
0.151408
0.1529
0.154386
0.155867
0.157343
0.157068
0.156794
0.156522
0.15625
0.155979
0.155709
0.15544
0.155172
0.154905
0.154639
0.154374
0.15411
0.153846
0.153584
0.153322
0.153061
0.152801
0.152542
0.152284
0.152027
0.151771
0.151515
0.151261
0.151007
0.150754
0.150502
0.15192
0.153333
0.154742
0.156146
0.157546
0.15894
0.158678
0.158416
0.158155
0.157895
0.157635
0.157377
0.157119
0.156863
0.156607
0.156352
0.156098
0.155844
0.155592
0.15534
0.155089
0.154839
0.154589
0.155949
0.157303
0.158654
0.16
0.161342
0.162679
0.164013
0.165342
0.165079
0.164818
0.164557
0.164297
0.164038
0.16378
0.163522
0.163265
0.164577
0.164319
0.164062
0.163807
0.163551
0.163297
0.163043
0.162791
0.162539
0.162287
0.162037
0.161787
0.161538
0.16129
0.161043
0.162328
0.16208
0.161832
0.161585
0.161339
0.162614
0.162367
0.162121
0.161876
0.161631
0.161388
0.161145
0.160902
0.160661
0.16042
0.16018
0.15994
0.159701
0.159463
0.159226
0.15899
0.158754
0.158519
0.158284
0.15805
0.157817
0.157585
0.157353
0.157122
0.156891
0.156662
0.156433
0.156204
0.155977
0.15575
0.155523
0.155298
0.155072
0.154848
0.154624
0.154401
0.154179
0.153957
0.153736
0.153515
0.153295
0.153076
0.152857
0.152639
0.152422
0.152205
0.151989
0.153191
0.154391
0.155587
0.15678
0.157969
0.159155
0.160338
0.161517
0.162693
0.163866
0.165035
0.164804
0.164575
0.164345
0.164117
0.163889
0.163662
0.163435
0.163209
0.162983
0.162759
0.162534
0.162311
0.162088
0.161866
0.161644
0.161423
0.161202
0.162347
0.162125
0.161905
0.161685
0.161465
0.161247
0.161028
0.160811
0.160594
0.160377
0.160162
0.159946
0.159732
0.159517
0.159304
0.159091
0.158879
0.158667
0.158455
0.158245
0.158035
0.157825
0.157616
0.157407
0.157199
0.156992
0.156785
0.156579
0.156373
0.156168
0.155963
0.155759
0.155556
0.155352
0.15515
0.154948
0.154746
0.154545
0.154345
0.154145
0.153946
0.153747
0.153548
0.153351
0.153153
0.152956
0.15276
0.152564
0.152369
0.152174
0.15198
0.151786
0.151592
0.151399
0.151207
0.151015
0.150824
0.150633
0.150442
0.150253
0.150063
0.149874
0.149686
0.149497
0.14931
0.149123
0.148936
0.14875
0.148564
0.148379
0.148194
0.14801
0.147826
0.147643
0.14746
0.147277
0.147095
0.146914
0.146732
0.146552
0.146371
0.146192
0.146012
0.145833
0.145655
0.145477
0.145299
0.146341
0.146163
0.145985
0.145808
0.145631
0.145455
0.145278
0.145103
0.144928
0.144753
0.144578
0.145608
0.145433
0.145258
0.145084
0.14491
0.144737
0.144564
0.144391
0.144219
0.144048
0.143876
0.143705
0.143535
0.143365
0.143195
0.143026
0.142857
0.142689
0.142521
0.142353
0.142186
0.142019
0.141852
0.141686
0.14152
0.141355
0.14119
0.141026
0.140861
0.140698
0.140534
0.140371
0.140209
0.140046
0.139884
0.139723
0.139562
0.139401
0.139241
0.13908
0.138921
0.138761
0.138603
0.138444
0.138286
0.138128
0.13797
0.137813
0.137656
0.1375
0.137344
0.137188
0.137033
0.136878
0.136723
0.136569
0.136415
0.136261
0.136108
0.135955
0.135802
0.13565
0.135498
0.135347
0.135196
0.135045
0.134894
0.134744
0.134594
0.135556
0.136515
0.137472
0.138427
0.139381
0.140331
0.14128
0.142227
0.14207
0.141914
0.141758
0.141603
0.141447
0.141292
0.141138
0.140984
0.14083
0.140676
0.141612
0.142546
0.143478
0.144408
0.145336
0.146262
0.147186
0.148108
0.149028
0.149946
0.149784
0.1507
0.151613
0.152524
0.153433
0.153269
0.153105
0.152941
0.152778
0.152615
0.152452
0.153355
0.153191
0.153029
0.152866
0.152704
0.152542
0.152381
0.15222
0.152059
0.151899
0.151739
0.151579
0.15142
0.152311
0.1532
0.154088
0.154974
0.155858
0.15674
0.15762
0.158498
0.159375
0.16025
0.161123
0.161994
0.162863
0.162694
0.162526
0.162358
0.16219
0.162023
0.161856
0.161689
0.161523
0.161357
0.161191
0.161026
0.160861
0.160696
0.160532
0.160368
0.161224
0.16106
0.160896
0.160732
0.160569
0.160406
0.160243
0.160081
0.159919
0.159757
0.159596
0.159435
0.159274
0.160121
0.160966
0.161809
0.162651
0.16349
0.164329
0.165165
0.166
0.166833
0.167665
0.167498
0.167331
0.167164
0.166998
0.166832
0.166667
0.166501
0.166337
0.166172
0.166008
0.165844
0.16568
0.165517
0.165354
0.165192
0.165029
0.164868
0.164706
0.164545
0.164384
0.164223
0.164062
0.163902
0.163743
0.163583
0.163424
0.163265
0.163107
0.162949
0.162791
0.162633
0.162476
0.162319
0.162162
0.162006
0.16185
0.161694
0.161538
0.161383
0.161228
0.161074
0.16092
0.160766
0.160612
0.160458
0.160305
0.160153
0.16
0.159848
0.159696
0.159544
0.159393
0.159242
0.159091
0.15894
0.15879
0.15864
0.158491
0.158341
0.158192
0.158043
0.157895
0.157746
0.157598
0.157451
0.157303
0.157156
0.157009
0.156863
0.156716
0.15657
0.156425
0.156279
0.156134
0.155989
0.155844
0.1557
0.155556
0.155412
0.155268
0.155125
0.154982
0.154839
0.155617
0.156394
0.15625
0.156107
0.155963
0.15582
0.155678
0.155535
0.155393
0.155251
0.156022
0.156791
0.157559
0.158326
0.159091
0.159855
0.160617
0.161378
0.162138
0.162896
0.162749
0.162602
0.162455
0.162308
0.162162
0.162016
0.161871
0.161725
0.16158
0.161435
0.16129
0.162041
0.162791
0.163539
0.164286
0.165031
0.165775
0.166518
0.16726
0.168
0.168739
0.169476
0.170213
0.170948
0.171681
0.17153
0.171378
0.171227
0.171076
0.170925
0.170775
0.170624
0.170475
0.170325
0.170175
0.170026
0.169877
0.169729
0.16958
0.169432
0.169284
0.169137
0.16899
0.168842
0.168696
0.168549
0.168403
0.168257
0.168111
0.167965
0.16782
0.167675
0.16753
0.167386
0.167241
0.167097
0.166954
0.16681
0.166667
0.166524
0.166381
0.166238
0.166096
0.165954
0.165812
0.16567
0.165529
0.165388
0.165247
0.165106
0.164966
0.164826
0.164686
0.164546
0.164407
0.164268
0.164129
0.16399
0.163851
0.163713
0.163575
0.163437
0.1633
0.163162
0.163025
0.162888
0.162752
0.162615
0.163317
0.164017
0.164716
0.165414
0.16611
0.166806
0.1675
0.168193
0.168885
0.169576
0.169435
0.169295
0.169154
0.169843
0.169702
0.169562
0.169421
0.169282
0.169142
0.169002
0.168863
0.168724
0.168586
0.168447
0.168309
0.168171
0.168852
0.169533
0.170213
0.170891
0.171569
0.172245
0.17292
0.173594
0.173453
0.174125
0.174797
0.175467
0.175325
0.175182
0.175041
0.174899
0.174757
0.174616
0.174475
0.174334
0.174194
0.174053
0.173913
0.174578
0.175241
0.175904
0.176565
0.177225
0.177885
0.178543
0.1792
0.179856
0.180511
0.180367
0.180223
0.18008
0.179936
0.179793
0.17965
0.179508
0.179365
0.179223
0.179081
0.178939
0.178797
0.178656
0.178515
0.178374
0.178233
0.178093
0.177953
0.177813
0.177673
0.177533
0.177394
0.177255
0.1779
0.178543
0.179186
0.179828
0.180469
0.181109
0.181747
0.182385
0.183022
0.183658
0.184292
0.184926
0.185559
0.186191
0.186822
0.186677
0.186533
0.186388
0.186244
0.1861
0.185957
0.185813
0.18567
0.185527
0.185385
0.185242
0.1851
0.184958
0.184816
0.184674
0.184533
0.184392
0.184251
0.18411
0.184733
0.185355
0.185976
0.186596
0.187215
0.187833
0.18845
0.189066
0.189681
0.190296
0.190152
0.190008
0.189864
0.190476
0.191088
0.191698
0.192308
0.192163
0.192018
0.191874
0.191729
0.191585
0.191441
0.191298
0.191154
0.191011
0.190868
0.190726
0.190583
0.191187
0.191045
0.190902
0.19076
0.190618
0.190476
0.190335
0.190936
0.191537
0.191395
0.191253
0.191852
0.19245
0.193047
0.193644
0.194239
0.194834
0.195428
0.196021
0.195876
0.195732
0.195588
0.195445
0.195301
0.195158
0.195015
0.194872
0.194729
0.194587
0.195175
0.195763
0.19635
0.196937
0.197522
0.197378
0.197234
0.197091
0.196948
0.196805
0.196662
0.197244
0.197101
0.196959
0.19754
0.19812
0.197977
0.197834
0.197691
0.197549
0.198127
0.197984
0.197842
0.198418
0.198994
0.198851
0.198709
0.198566
0.198424
0.198282
0.19814
0.197999
0.197857
0.197716
0.197575
0.197434
0.197293
0.197153
0.197013
0.196873
0.196733
0.196593
0.196454
0.196315
0.196176
0.196037
0.195898
0.19576
0.195621
0.195483
0.195346
0.195208
0.19507
0.195637
0.196203
0.196767
0.196629
0.196491
0.196353
0.196216
0.196779
0.196641
0.196503
0.196366
0.196229
0.196092
0.195955
0.195819
0.195682
0.195546
0.19541
0.195274
0.195139
0.195003
0.194868
0.194733
0.194598
0.194464
0.194329
0.194195
0.194061
0.193927
0.193793
0.19366
0.193526
0.193393
0.19326
0.193127
0.192995
0.192862
0.19273
0.192598
0.192466
0.192334
0.192202
0.192755
0.193306
0.193857
0.194407
0.194956
0.194823
0.19469
0.195238
0.195785
0.196332
0.196877
0.197422
0.197966
0.198509
0.199052
0.199594
0.200135
0.2
0.20054
0.20108
0.201618
0.202156
0.202694
0.202557
0.202421
0.202285
0.202149
0.202013
0.201878
0.201743
0.201608
0.201473
0.201338
0.201203
0.201069
0.200935
0.200801
0.200667
0.200533
0.200399
0.200266
0.200133
0.2
0.199867
0.199735
0.199602
0.19947
0.199338
0.199206
0.199074
0.198942
0.198811
0.19868
0.198549
0.199077
0.199605
0.200132
0.200658
0.201183
0.201708
0.202232
0.202756
0.202623
0.20249
0.202358
0.202225
0.202093
0.201961
0.201829
0.201697
0.201566
0.201434
0.201303
0.201172
0.201041
0.20091
0.20078
0.200649
0.200519
0.200389
0.200259
0.20013
0.2
0.199871
0.199741
0.200258
0.200775
0.200645
0.200516
0.200387
0.200258
0.200129
0.2
0.199871
0.199743
0.199615
0.199487
0.199359
0.199231
0.199744
0.199616
0.199488
0.199361
0.199234
0.199107
0.19898
0.198853
0.198726
0.1986
0.198473
0.198347
0.198221
0.198095
0.19797
0.197844
0.197719
0.197593
0.197468
0.197343
0.197219
0.197094
0.19697
0.197476
0.197982
0.198488
0.198992
0.199497
0.2
0.199874
0.199749
0.199623
0.200125
0.200627
0.201128
0.201628
0.202128
0.202627
0.203125
0.202998
0.202871
0.202745
0.202618
0.202492
0.202366
0.20224
0.202114
0.201989
0.201863
0.201738
0.201613
0.201488
0.201363
0.201238
0.201114
0.200989
0.200865
0.200741
0.200617
0.200494
0.20037
0.200246
0.200123
0.2
0.200492
0.200983
0.201474
0.201964
0.202454
0.202943
0.203431
0.203307
0.203182
0.203058
0.202934
0.20281
0.202686
0.202563
0.202439
0.202925
0.202801
0.202678
0.202555
0.202432
0.202916
0.202793
0.20267
0.202547
0.202424
0.202302
0.202179
0.202057
0.201935
0.201813
0.201691
0.201569
0.201448
0.201326
0.201205
0.201084
0.200963
0.200842
0.200721
0.201201
0.201681
0.20216
0.202638
0.203116
0.203593
0.204069
0.204545
0.205021
0.205496
0.20597
0.206444
0.206917
0.20739
0.207862
0.207738
0.207615
0.207491
0.207368
0.207245
0.207122
0.206999
0.206876
0.206754
0.206631
0.206509
0.206387
0.206265
0.206143
0.206021
0.2059
0.205778
0.205657
0.205536
0.205415
0.205294
0.205173
0.205053
0.204932
0.204812
0.204692
0.204572
0.204452
0.204333
0.204213
0.204094
0.203974
0.203855
0.203736
0.203617
0.203499
0.20338
0.203262
0.203143
0.203607
0.20407
0.204532
0.204994
0.205456
0.205916
0.206377
0.206837
0.207296
0.207755
0.207634
0.207514
0.207395
0.207275
0.207155
0.207036
0.206916
0.206797
0.207254
0.20771
0.208166
0.208046
0.207926
0.207807
0.208262
0.208716
0.209169
0.209622
0.209502
0.209382
0.209262
0.209714
0.210166
0.210616
0.211067
0.210946
0.210826
0.210706
0.210586
0.210466
0.210347
0.210227
0.210108
0.209989
0.20987
0.209751
0.209632
0.209513
0.20996
0.210407
0.210854
0.211299
0.211745
0.211625
0.21207
0.212514
0.212958
0.213401
0.213844
0.214286
0.214727
0.215169
0.215609
0.216049
0.216489
0.216928
0.217367
0.217805
0.218243
0.21868
