1
1
1
1
1
1
1
1
1
1
1
1
1
1
1
1
1
1
1
1
0.952381
0.954545
0.956522
0.958333
0.96
0.961538
0.962963
0.964286
0.965517
0.966667
0.967742
0.96875
0.969697
0.970588
0.971429
0.972222
0.972973
0.973684
0.974359
0.975
0.97561
0.952381
0.930233
0.931818
0.911111
0.913043
0.914894
0.916667
0.918367
0.9
0.882353
0.884615
0.886792
0.888889
0.890909
0.892857
0.894737
0.896552
0.898305
0.9
0.901639
0.887097
0.873016
0.859375
0.861538
0.863636
0.865672
0.867647
0.869565
0.871429
0.873239
0.875
0.876712
0.878378
0.866667
0.855263
0.844156
0.846154
0.848101
0.85
0.851852
0.853659
0.855422
0.857143
0.858824
0.860465
0.862069
0.863636
0.853933
0.855556
0.857143
0.858696
0.860215
0.861702
0.863158
0.864583
0.865979
0.867347
0.868687
0.87
0.871287
0.872549
0.864078
0.865385
0.866667
0.867925
0.869159
0.87037
0.87156
0.872727
0.873874
0.875
0.876106
0.868421
0.869565
0.87069
0.871795
0.872881
0.87395
0.875
0.876033
0.877049
0.878049
0.879032
0.88
0.873016
0.866142
0.859375
0.860465
0.853846
0.847328
0.848485
0.849624
0.850746
0.851852
0.852941
0.854015
0.855072
0.856115
0.857143
0.858156
0.859155
0.86014
0.861111
0.862069
0.863014
0.863946
0.864865
0.865772
0.866667
0.86755
0.861842
0.862745
0.863636
0.864516
0.865385
0.866242
0.867089
0.867925
0.86875
0.869565
0.87037
0.871166
0.871951
0.872727
0.873494
0.874251
0.875
