1
1
1
1
1
0.833333
0.857143
0.75
0.666667
0.7
0.727273
0.75
0.769231
0.714286
0.733333
0.75
0.764706
0.777778
0.789474
0.8
0.761905
0.727273
0.73913
0.75
0.72
0.692308
0.703704
0.678571
0.655172
0.666667
0.677419
0.6875
0.69697
0.676471
0.657143
0.666667
0.675676
0.657895
0.641026
0.625
0.609756
0.595238
0.581395
0.568182
0.555556
0.565217
0.574468
0.583333
0.591837
0.6
0.588235
0.576923
0.584906
0.574074
0.563636
0.553571
0.54386
0.534483
0.525424
0.516667
0.508197
0.5
0.492063
0.484375
0.476923
0.469697
0.462687
0.455882
0.449275
0.442857
0.43662
0.444444
0.452055
0.445946
0.44
0.434211
0.428571
0.423077
0.417722
0.4125
0.407407
0.402439
0.39759
0.392857
0.388235
0.383721
0.37931
0.375
0.370787
0.366667
0.362637
0.358696
0.354839
0.351064
0.347368
0.34375
0.340206
0.336735
0.333333
0.33
0.326733
0.323529
0.320388
0.326923
0.32381
0.320755
0.317757
0.314815
0.311927
0.309091
0.315315
0.321429
0.318584
0.315789
0.313043
0.310345
0.307692
0.305085
0.302521
0.3
0.297521
0.295082
0.292683
0.290323
0.288
0.285714
0.283465
0.28125
0.27907
0.276923
0.274809
0.272727
0.270677
0.268657
0.266667
0.264706
0.262774
0.26087
0.258993
0.257143
0.255319
0.253521
0.251748
0.25
0.248276
0.246575
0.244898
0.243243
0.241611
0.24
0.238411
0.236842
0.235294
0.233766
0.232258
0.230769
0.229299
0.227848
0.226415
0.225
0.223602
0.222222
0.220859
0.219512
0.224242
0.222892
0.221557
0.220238
0.218935
0.217647
0.216374
0.215116
0.213873
0.212644
0.211429
0.210227
0.20904
0.207865
0.206704
0.205556
0.20442
0.203297
0.202186
0.201087
0.2
0.198925
0.197861
0.196809
0.195767
0.194737
0.193717
0.192708
0.19171
0.190722
0.189744
0.188776
0.187817
0.186869
0.18593
0.185
0.18408
0.183168
0.182266
0.181373
0.180488
0.179612
0.178744
0.177885
0.177033
0.17619
0.175355
0.174528
0.173709
0.172897
0.172093
0.171296
0.170507
0.169725
0.16895
0.168182
0.167421
0.166667
0.165919
0.165179
0.164444
0.163717
0.162996
0.162281
0.161572
0.16087
0.160173
0.159483
0.158798
0.15812
0.157447
0.15678
0.156118
0.155462
0.154812
0.154167
0.153527
0.152893
0.152263
0.151639
0.15102
0.150407
0.149798
0.149194
0.148594
0.148
0.14741
0.146825
0.146245
0.145669
0.145098
0.144531
0.143969
0.143411
0.142857
0.142308
0.141762
0.141221
0.140684
0.140152
0.139623
0.139098
0.138577
0.13806
0.137546
0.137037
0.136531
0.136029
0.135531
0.135036
0.134545
0.134058
0.133574
0.133094
0.132616
0.135714
0.13879
0.141844
0.144876
0.147887
0.150877
0.153846
0.156794
0.15625
0.155709
0.155172
0.154639
0.15411
0.153584
0.153061
0.152542
0.152027
0.151515
0.151007
0.150502
0.15
0.149502
0.149007
0.148515
0.148026
0.147541
0.147059
0.14658
0.146104
0.145631
0.145161
0.144695
0.144231
0.14377
0.143312
0.142857
0.142405
0.141956
0.141509
0.141066
0.140625
0.140187
0.139752
0.139319
0.138889
0.138462
0.138037
0.137615
0.137195
0.136778
0.136364
0.135952
0.135542
0.135135
0.134731
0.134328
0.133929
0.133531
0.133136
0.132743
0.132353
0.131965
0.131579
0.131195
0.130814
0.130435
0.130058
0.129683
0.12931
0.12894
0.128571
0.128205
0.127841
0.127479
0.129944
0.129577
0.129213
0.128852
0.128492
0.128134
0.127778
0.127424
0.127072
0.126722
0.126374
0.126027
0.125683
0.125341
0.125
0.124661
0.124324
0.123989
0.123656
0.123324
0.122995
0.122667
0.12234
0.122016
0.121693
0.121372
0.121053
0.120735
0.120419
0.120104
0.119792
0.119481
0.119171
0.118863
0.118557
0.118252
0.117949
0.117647
0.117347
0.117048
0.116751
0.116456
0.116162
0.115869
0.115578
0.115288
0.115
0.114713
0.114428
0.116625
0.118812
0.120988
0.123153
0.125307
0.127451
0.129584
0.129268
0.128954
0.128641
0.128329
0.128019
0.127711
0.127404
0.127098
0.126794
0.126492
0.12619
0.125891
0.125592
0.125296
0.125
0.124706
0.124413
0.124122
0.123832
0.123543
0.123256
0.12297
0.122685
0.122402
0.12212
0.121839
0.12156
0.121281
0.121005
0.120729
0.120455
0.120181
0.11991
0.119639
0.119369
0.119101
0.118834
0.118568
0.118304
0.11804
0.117778
0.117517
0.117257
0.116998
0.11674
0.116484
0.116228
0.115974
0.115721
0.115468
0.115217
0.114967
0.114719
0.114471
0.114224
0.113978
0.11588
0.115632
0.115385
0.115139
0.114894
0.11465
0.114407
0.114165
0.113924
0.115789
0.117647
0.119497
0.121339
0.123173
0.122917
0.122661
0.122407
0.122153
0.121901
0.121649
0.121399
0.12115
0.120902
0.120654
0.120408
0.120163
0.119919
0.119675
0.119433
0.119192
0.118952
0.118712
0.118474
0.118236
0.118
0.117764
0.11753
0.117296
0.117063
0.116832
0.116601
0.116371
0.116142
0.115914
0.115686
0.11546
0.117188
0.116959
0.116732
0.116505
0.116279
0.116054
0.11583
0.115607
0.115385
0.115163
0.114943
0.114723
0.114504
0.114286
0.114068
0.113852
0.113636
0.113422
0.113208
0.112994
0.112782
0.11257
0.11236
0.11215
0.11194
0.113594
0.115242
0.116883
0.118519
0.120148
0.119926
0.119705
0.119485
0.119266
0.119048
0.11883
0.118613
0.118397
0.118182
0.117967
0.117754
0.117541
0.117329
0.117117
0.116906
0.116697
0.116487
0.116279
0.116071
0.115865
0.115658
0.115453
0.115248
0.115044
0.116608
0.118166
0.117958
0.11775
0.117544
0.117338
0.117133
0.116928
0.116725
0.116522
0.116319
0.116118
0.115917
0.115717
0.115517
0.115318
0.11512
0.114923
0.114726
0.11453
0.114334
0.11414
0.113946
0.113752
0.113559
0.113367
0.113176
0.112985
0.112795
0.112605
0.112416
0.112228
0.11204
0.111853
0.111667
0.111481
0.111296
0.111111
0.110927
0.110744
0.110561
0.110379
0.111842
0.111658
0.111475
0.111293
0.111111
0.11093
0.110749
0.110569
0.11039
0.110211
0.110032
0.109855
0.109677
0.109501
0.109325
0.109149
0.108974
0.1088
0.108626
0.108453
0.10828
0.109698
0.111111
0.11252
0.112342
0.112164
0.111987
0.111811
0.111635
0.11146
0.111285
0.111111
0.110937
0.110764
0.110592
0.11042
0.110248
0.110078
0.109907
0.109737
0.109568
0.109399
0.109231
0.109063
0.108896
0.108729
0.108563
0.108397
0.108232
0.108067
0.107903
0.107739
0.107576
0.107413
0.107251
0.107089
0.108434
0.109774
0.111111
0.112444
0.113772
0.115097
0.116418
0.117735
0.119048
0.120357
0.120178
0.12
0.119822
0.119645
0.119469
0.119293
0.119118
0.118943
0.118768
0.118594
0.118421
0.119708
0.119534
0.11936
0.119186
0.119013
0.118841
0.118669
0.119942
0.119769
0.119597
0.119424
0.119253
0.119082
0.118911
0.118741
0.118571
0.118402
0.118234
0.118065
0.117898
0.11773
0.117564
0.117397
0.117232
0.117066
0.116901
0.116737
0.116573
0.11641
0.116246
0.116084
0.115922
0.11576
0.115599
0.115438
0.115278
0.115118
0.114958
0.114799
0.114641
0.114483
0.114325
0.114168
0.114011
0.113855
0.113699
0.113543
0.113388
0.113233
0.113079
0.112925
0.112772
0.112619
0.112466
0.112314
0.112162
0.112011
0.11186
0.111709
0.111559
0.111409
0.11126
0.111111
0.110963
0.110814
0.110667
0.110519
0.110372
0.110226
0.11008
0.109934
0.109788
0.109643
0.109499
0.109354
0.109211
0.109067
0.108924
0.108781
0.108639
0.108497
0.108355
0.108214
0.108073
0.107932
0.107792
0.108949
0.108808
0.108668
0.108527
0.108387
0.108247
0.108108
0.107969
0.107831
0.107692
0.107554
0.107417
0.10728
0.107143
0.107006
0.10687
0.106734
0.106599
0.106464
0.106329
0.106195
0.106061
0.105927
0.105793
0.10566
0.105528
0.105395
0.105263
0.105131
0.105
0.104869
0.104738
0.104608
0.104478
0.104348
0.104218
0.104089
0.10396
0.103832
0.103704
0.103576
0.103448
0.103321
0.103194
0.103067
0.102941
0.102815
0.102689
0.102564
0.102439
0.102314
0.10219
0.102066
0.101942
0.101818
0.101695
0.101572
0.101449
0.101327
0.101205
0.101083
0.100962
0.10084
0.100719
0.100599
0.100478
0.100358
0.100239
0.100119
0.1
0.0998811
0.0997625
0.0996441
0.0995261
0.0994083
0.0992908
0.0991736
0.0990566
0.0989399
0.0988235
0.0987074
0.0985915
0.098476
0.0983607
0.0982456
0.0981308
0.0980163
0.0979021
0.0977881
0.0976744
0.097561
0.0974478
0.0973349
0.0972222
0.0971098
0.0969977
0.0968858
0.0967742
0.0966628
0.0965517
0.0964409
0.0963303
0.0962199
0.0961098
0.096
0.0958904
0.0957811
0.095672
0.0955631
0.0965909
0.0976163
0.0986395
0.0996602
0.100679
0.101695
0.102709
0.10372
0.10473
0.104612
0.104494
0.104377
0.10426
0.104143
0.104027
0.103911
0.103795
0.103679
0.103563
0.103448
0.103333
0.103219
0.103104
0.10299
0.102876
0.102762
0.102649
0.102536
0.102423
0.10231
0.102198
0.102086
0.101974
0.101862
0.101751
0.101639
0.101528
0.101418
0.101307
0.101197
0.101087
0.100977
0.100868
0.100758
0.100649
0.100541
0.100432
0.100324
0.100216
0.101184
0.101075
0.100967
0.100858
0.10075
0.100642
0.100535
0.100427
0.10032
0.100213
0.100106
0.1
0.0998937
0.0997877
0.0996819
0.0995763
0.0994709
0.0993658
0.0992608
0.0991561
0.0990516
0.0989474
0.0988433
0.0987395
0.0986359
0.0985325
0.0984293
0.0983264
0.0982236
0.0981211
0.0980188
0.0979167
0.0978148
0.0977131
0.0976116
0.0975104
0.0974093
0.0973085
0.0972079
0.0971074
0.0970072
0.0969072
0.0968074
0.0967078
0.0966084
0.0965092
0.0964103
0.0963115
0.0962129
0.0961145
0.0960163
0.0959184
0.0958206
0.095723
0.0956256
0.0955285
0.0954315
0.0953347
0.0952381
0.0951417
0.0950455
0.0949495
0.0948537
0.0947581
0.0946626
0.0945674
0.0944724
0.0943775
0.0942828
0.0941884
0.0940941
0.094
0.0939061
0.0938124
0.0937188
0.0936255
0.0935323
0.0934394
0.0933466
0.093254
0.0931615
0.0930693
0.0929773
0.0928854
0.0927937
0.0927022
0.0926108
0.0925197
0.0924287
0.0923379
0.0922473
0.0921569
0.0920666
0.0919765
0.0918866
0.0917969
0.0917073
0.0916179
0.0915287
0.0914397
0.0913508
0.0912621
0.0911736
0.0910853
0.0909971
0.0909091
0.0908213
0.0916988
0.0916104
0.0915222
0.0914341
0.0913462
0.0912584
0.0911708
0.0910834
0.0909962
0.0909091
0.0908222
0.0907354
0.0906489
0.0905624
0.0904762
0.0903901
0.0903042
0.0902184
0.0901328
0.0900474
0.0899621
0.089877
0.0897921
0.0897073
0.0896226
0.0895382
0.0894539
0.0893697
0.0892857
0.0892019
0.0891182
0.0890347
0.0889513
0.0888681
0.088785
0.0887021
0.0886194
0.0885368
0.0884544
0.0883721
0.08829
0.088208
0.0881262
0.0880445
0.087963
0.0878816
0.0878004
0.0886427
0.0885609
0.0884793
0.0883978
0.0883165
0.0882353
0.0881543
0.0880734
0.0879927
0.0879121
0.0878317
0.0877514
0.0876712
0.0875912
0.0875114
0.0874317
0.0873521
0.0872727
0.0871935
0.0871143
0.0870354
0.0878623
0.0886878
0.0886076
0.0885276
0.0884477
0.0883679
0.0882883
0.0882088
0.0881295
0.0880503
0.0879713
0.0878924
0.0878136
0.087735
0.088551
0.0893655
0.0901786
0.0909902
0.0909091
0.0908281
0.0907473
0.0906667
0.0905861
0.0905058
0.0904255
0.0903454
0.0902655
0.0901857
0.090106
0.0900265
0.0899471
0.0898678
0.0897887
0.0897098
0.0896309
0.0895522
0.0894737
0.0893953
0.089317
0.0892388
0.0891608
0.089083
0.0890052
0.0889276
0.0888502
0.0887728
0.0886957
0.0886186
0.0885417
0.0884649
0.0883882
0.0883117
0.0882353
0.088159
0.0880829
0.0880069
0.087931
0.0878553
0.0877797
0.0877042
0.088488
0.0892704
0.0900515
0.0908312
0.0916096
0.0923867
0.0931624
0.0939368
0.0947099
0.0954817
0.0954003
0.0953191
0.0960884
0.0968564
0.0976231
0.0983885
0.0991525
0.0990686
0.0989848
0.0989011
0.0988176
0.0987342
0.0986509
0.0985678
0.0984848
0.098402
0.0983193
0.0982368
0.0981544
0.0980721
0.0979899
0.0979079
0.0978261
0.0977444
0.0976628
0.0975813
0.0975
0.0974188
0.0973378
0.0972569
0.0971761
0.0970954
0.0970149
0.0969345
0.0968543
0.0967742
0.0966942
0.0966144
0.0965347
0.0972795
0.0971993
0.0971193
0.0970395
0.0969597
0.0968801
0.0968007
0.0967213
0.0966421
0.096563
0.0964841
0.0964052
0.0963265
0.096248
0.0961695
0.0960912
0.096013
0.095935
0.095857
0.0957792
0.0957015
0.095624
0.0955466
0.0954693
0.0953921
0.095315
0.0952381
0.0951613
0.0950846
0.0950081
0.0949316
0.0948553
0.0947791
0.094703
0.0946271
0.0945513
0.0944756
0.0944
0.0943245
0.0942492
0.094174
0.0940989
0.0940239
0.093949
0.0938743
0.0937997
0.0945195
0.0952381
0.0951626
0.0950872
0.0950119
0.0949367
0.0948617
0.0947867
0.0947119
0.0946372
0.0945626
0.0944882
0.0944138
0.0943396
0.0942655
0.0941915
0.0941176
0.0940439
0.0939702
0.0938967
0.0938233
0.09375
0.0936768
0.0936037
0.0935308
0.0934579
0.0933852
0.0933126
0.0932401
0.0931677
0.0930954
0.0930233
0.0929512
0.0928793
0.0928074
0.0927357
0.0926641
0.0925926
0.0925212
0.0924499
0.0923788
0.0923077
0.0922367
0.0921659
0.0920952
0.0920245
0.091954
0.0918836
0.0918133
0.0917431
0.091673
0.0916031
0.0915332
0.0914634
0.0913938
0.0913242
0.0912548
0.0911854
0.0911162
0.091047
0.090978
0.0909091
0.0908403
0.0907716
0.0907029
0.0913897
0.0920755
0.0927602
0.0926903
0.0926205
0.0925508
0.0924812
0.0924117
0.0923423
0.0922731
0.0922039
0.0921348
0.0920659
0.091997
0.0919283
0.0918596
0.091791
0.0917226
0.0916542
0.091586
0.0915179
0.0914498
0.0913819
0.091314
0.0912463
0.0911787
0.0911111
0.0910437
0.0909763
0.0909091
0.0908419
0.0907749
0.090708
0.0906411
0.0905744
0.0905077
0.0904412
0.0903747
0.0903084
0.0902421
0.090176
0.0901099
0.0900439
0.0899781
0.0899123
0.0898466
0.089781
0.0897155
0.0896501
0.0895849
0.0895197
0.0894545
0.0893895
0.0893246
0.0892598
0.0891951
0.0891304
0.0890659
0.0890014
0.0889371
0.0888728
0.0888087
0.0887446
0.0886806
0.0886167
0.0885529
0.0884892
0.0884256
0.0883621
0.0882986
0.0882353
0.088172
0.0881089
0.0880458
0.0886981
0.0886347
0.0885714
0.0885082
0.0884451
0.088382
0.0883191
0.0882562
0.0881935
0.0881308
0.0880682
0.0880057
0.0879433
0.0878809
0.0878187
0.0877565
0.0876945
0.0876325
0.0875706
0.0875088
0.0874471
0.0873855
0.0873239
0.0872625
0.0872011
0.0871398
0.0870787
0.0870175
0.0869565
0.0868956
0.0868347
0.086774
0.0867133
0.0866527
0.0865922
0.0865318
0.0864714
0.0864111
0.086351
0.0862909
0.0862309
0.086171
0.0861111
0.0860514
0.0859917
0.0859321
0.0858726
0.0858131
0.0857538
0.0856945
0.0856354
0.0855763
0.0855172
0.0854583
0.0853994
0.0853407
0.085282
0.0852234
0.0851648
0.0851064
0.085048
0.0849897
0.0849315
0.0848734
0.0848153
0.0847573
0.0846995
0.0846416
0.0845839
0.0845262
0.0844687
0.0844112
0.0843537
0.0842964
0.0842391
0.0841819
0.0841248
0.0840678
0.0840108
0.083954
0.0838972
0.0838404
0.0837838
0.0837272
0.0836707
0.0836143
0.083558
0.0835017
0.0834455
0.0833894
0.0833333
0.0832774
0.0832215
0.0831657
0.0831099
0.0830543
0.0829987
0.0829431
0.0828877
0.0828323
0.082777
0.0827218
0.0826667
0.0826116
0.0825566
0.0825017
0.0824468
0.082392
0.0823373
0.0822827
0.0822281
0.0821736
0.0821192
0.0820649
0.0820106
0.0819564
0.0819022
0.0818482
0.0817942
0.0817403
0.0816864
0.0816327
0.0815789
0.0815253
0.0814717
0.0814183
0.0813648
0.0813115
0.0812582
0.081205
0.0811518
0.0810988
0.0810458
0.0809928
0.0809399
0.0808871
0.0808344
0.0807818
0.0807292
0.0806766
0.0806242
0.0805718
0.0805195
0.0804672
0.080415
0.0803629
0.0803109
0.0802589
0.080207
0.0801551
0.0801034
0.0800516
0.08
0.0799484
0.0798969
0.0798455
0.0797941
0.0797428
0.0796915
0.0796403
0.0795892
0.0795382
0.0794872
0.0794363
0.0793854
0.0793346
0.0792839
0.0792332
0.0791826
0.0791321
0.0790816
0.0796686
0.0802548
0.0808402
0.0814249
0.0820089
0.0825921
0.0831746
0.0837563
0.0843373
0.0849176
0.0848638
0.0848101
0.0847565
0.085335
0.0852811
0.0852273
0.0851735
0.0851198
0.0850662
0.0850126
0.0849591
0.0849057
0.0848523
0.084799
0.0847458
0.0846926
0.0846395
0.0845865
0.0845335
0.0844806
0.0844278
0.084375
0.0843223
0.0842697
0.0842171
0.0841646
0.0841121
0.0840598
0.0840075
0.0839552
0.083903
0.0838509
0.0837989
0.0837469
0.083695
0.0836431
0.0835913
0.0835396
0.0834879
0.0834363
0.0833848
0.0833333
0.0832819
0.0832306
0.0831793
0.0831281
0.0830769
0.0830258
0.0829748
0.0829238
0.0828729
0.0828221
0.0827713
0.0827206
0.0826699
0.0826193
0.0825688
0.0825183
0.0824679
0.0824176
0.0829774
0.0835366
0.0834857
0.0834348
0.0833841
0.0833333
0.0832827
0.0832321
0.0831815
0.0837379
0.0836871
0.0836364
0.0835857
0.0835351
0.0834846
0.0834341
0.0833837
0.0833333
0.083283
0.0832328
0.0831826
0.0831325
0.0830825
0.0830325
0.0829826
0.0829327
0.0828829
0.0828331
0.0827834
0.0827338
0.0826842
0.0826347
0.0825853
0.0825359
0.0824866
0.0824373
0.0823881
0.0823389
0.0822898
0.0822408
0.0821918
0.0821429
0.082094
0.0820452
0.0819964
0.0819477
0.0818991
0.0818505
0.081802
0.0817536
0.0817052
0.0816568
0.0816085
0.0815603
0.0815121
0.081464
0.0814159
0.0813679
0.08132
0.0812721
0.0812242
0.0811765
0.0811287
0.0810811
0.0810335
0.0809859
0.0809384
0.080891
0.0808436
0.0807963
0.080749
0.0812865
0.0818235
0.0823598
0.0828955
0.0834306
0.083965
0.0844988
0.085032
0.0855646
0.0860966
0.0860465
0.0859965
0.0859466
0.0858967
0.0858469
0.0857971
0.0857474
0.0856977
0.0856481
0.0855986
0.0855491
0.0854997
0.0854503
0.085401
0.0853518
0.0853026
0.0852535
0.0852044
0.0851554
0.0851064
0.0850575
0.0850086
0.0849598
0.0849111
0.0848624
0.0848138
0.0847652
0.0847167
0.0846682
0.0846198
0.0845714
0.0845231
0.0844749
0.0844267
0.0843786
0.0849003
0.0854214
0.0853728
0.0853242
0.0852757
0.0852273
0.0851789
0.0851305
0.0850822
0.085034
0.0849858
0.0849377
0.0848896
0.0848416
0.0847937
0.0847458
0.0846979
0.0846501
0.0846024
0.0845547
0.084507
0.0844595
0.0844119
0.0843645
0.084317
0.0842697
0.0842223
0.0841751
0.0841279
0.0840807
0.0840336
0.0839866
0.0839396
0.0838926
0.0838457
0.0837989
0.0837521
0.0837054
0.0836587
0.083612
0.0835655
0.0835189
0.0840289
0.0845384
0.0850472
0.0855556
0.0860633
0.0865705
0.0870771
0.0875831
0.0880886
0.0885936
0.089098
0.0896018
0.0895522
0.0895028
0.0894533
0.089404
0.0893547
0.0893054
0.0892562
0.089207
0.089158
0.0891089
0.0890599
0.089011
0.0889621
0.0889133
0.0894131
0.0899123
0.090411
0.0909091
0.0908593
0.0908096
0.09076
0.0907104
0.0906608
0.0906114
0.0905619
0.0905125
0.0904632
0.0904139
0.0903647
0.0903156
0.0902664
0.0902174
0.0901684
0.0901194
0.0900705
0.0900217
0.0899729
0.0899242
0.0898755
0.0898268
0.0897783
0.0897297
0.0896813
0.0896328
0.0895845
0.0895361
0.0894879
0.0894397
0.0893915
0.0893434
0.0898332
0.0897849
0.0897367
0.0896885
0.0896404
0.0895923
0.0895442
0.0894962
0.0894483
0.0894004
0.0893526
0.0893048
0.0892571
0.0892094
0.0891618
0.0891142
0.0890667
0.0890192
0.0889718
0.0889244
0.0888771
0.0888298
0.0887826
0.0887354
0.0886883
0.0886412
0.0885942
0.0885472
0.0885003
0.0884534
0.0884066
0.0883598
0.0883131
0.0882664
0.0882198
0.0881732
0.0881266
0.0880802
0.0880337
0.0879874
0.087941
0.0878947
0.0878485
0.0878023
0.0877562
0.0877101
0.087664
0.087618
0.0875721
0.0875262
0.0874804
0.0874346
0.0873888
0.0873431
0.0872974
0.0872518
0.0872063
0.0871608
0.0871153
0.0870699
0.0870245
0.0869792
0.0869339
0.0868887
0.0868435
0.0867983
0.0867532
0.0867082
0.0866632
0.0866183
0.0865734
0.0865285
0.0864837
0.0864389
0.0863942
0.0863495
0.0863049
0.0862603
0.0862158
0.0861713
0.0861269
0.0860825
0.0860381
0.0859938
0.0859496
0.0859053
0.0863753
0.0868448
0.0873138
0.0877823
0.0882504
0.0887179
0.089185
0.0896516
0.0896057
0.0895599
0.0895141
0.0894683
0.0894226
0.0893769
0.0893313
0.0892857
0.0892402
0.0891947
0.0891493
0.0891039
0.0890585
0.0890132
0.088968
0.0889228
0.0893855
0.0893401
0.0892948
0.0892495
0.0892043
0.0891591
0.0891139
0.0890688
0.0890238
0.0889788
0.0889338
0.0888889
0.088844
0.0887992
0.0887544
0.0887097
0.088665
0.0886203
0.0885757
0.0885312
0.0884867
0.0884422
0.0883978
0.0883534
0.0883091
0.0882648
0.0882206
0.0881764
0.0881322
0.0880881
0.088044
0.088
0.087956
0.0879121
0.0878682
0.0878244
0.0877805
0.0877368
0.0876931
0.0876494
0.0876058
0.0875622
0.0875186
0.0874751
0.0874317
0.0873883
0.0873449
0.0873016
0.0872583
0.0872151
0.0871719
0.0871287
0.0870856
0.0870425
0.0869995
0.0869565
0.0869136
0.0868707
0.0868278
0.086785
0.0867422
0.0866995
0.0866568
0.0866142
0.0865716
0.086529
0.0864865
0.086444
0.0864016
0.0863592
0.0863168
0.0862745
0.0862322
0.08619
0.0861478
0.0861057
0.0860636
0.0865103
0.0869565
0.0874023
0.0873597
0.0873171
0.0872745
0.087232
0.0871895
0.087147
0.0871046
0.0870623
0.0870199
0.0869776
0.0869354
0.0868932
0.086851
0.0868089
0.0867668
0.0867248
0.0866828
0.0866409
0.0865989
0.0865571
0.0865152
0.0864734
0.0864317
0.08639
0.0863483
0.0863067
0.0862651
0.0862235
0.086182
0.0861405
0.0860991
0.0860577
0.0860163
0.085975
0.0859337
0.0858925
0.0858513
0.0858102
0.085769
0.085728
0.0856869
0.0856459
0.085605
0.0855641
0.086001
0.0864374
0.0868735
0.0873092
0.0877444
0.0881792
0.0886136
0.0890476
0.0894812
0.0899144
0.0898716
0.0898289
0.0897862
0.0897436
0.089701
0.0896584
0.0896159
0.0895735
0.089531
0.0894886
0.0894463
0.089404
0.0893617
0.0893195
0.0892773
0.0892351
0.089193
0.0891509
0.0891089
0.0890669
0.089025
0.0889831
0.0889412
0.0893697
0.0897978
0.0902256
0.0906529
0.0910798
0.0915063
0.0919325
0.0923582
0.0923149
0.0922717
0.0922285
0.0921853
0.0921422
0.0920991
0.0920561
0.0920131
0.0919701
0.0919272
0.0918843
0.0918415
0.0917987
0.0917559
0.0917132
0.0916705
0.0916279
0.0915853
0.0915428
0.0915002
0.0914578
0.0914153
0.0913729
0.0913306
0.0912882
0.0912459
0.0912037
0.0911615
0.0911193
0.0910772
0.0910351
0.0909931
0.0909511
0.0909091
0.0908672
0.0908253
0.0907834
0.0907416
0.0906998
0.0906581
0.0910764
0.0910345
0.0909926
0.0909508
0.0909091
0.0908674
0.0908257
0.0912425
0.0912007
0.091159
0.0911172
0.0910755
0.0910339
0.0909922
0.0909506
0.0909091
0.0908676
0.0908261
0.0907847
0.0907433
