1
1
1
1
1
1
1
1
1
1
1
1
1
1
1
1
1
1
1
0.95
0.952381
0.954545
0.956522
0.916667
0.92
0.923077
0.925926
0.928571
0.931034
0.9
0.903226
0.90625
0.909091
0.911765
0.914286
0.916667
0.918919
0.921053
0.923077
0.925
0.926829
0.904762
0.883721
0.863636
0.866667
0.869565
0.87234
0.875
0.877551
0.86
0.843137
0.826923
0.830189
0.814815
0.8
0.785714
0.77193
0.758621
0.745763
0.733333
0.721311
0.709677
0.698413
0.6875
0.676923
0.666667
0.671642
0.676471
0.681159
0.685714
0.690141
0.694444
0.69863
0.689189
0.68
0.671053
0.662338
0.653846
0.64557
0.65
0.654321
0.658537
0.662651
0.666667
0.670588
0.674419
0.666667
0.659091
0.662921
0.655556
0.648352
0.652174
0.655914
0.659574
0.663158
0.666667
0.670103
0.673469
0.676768
0.68
0.683168
0.676471
0.669903
0.663462
0.657143
0.650943
0.654206
0.657407
0.66055
0.663636
0.666667
0.669643
0.672566
0.675439
0.678261
0.672414
0.666667
0.661017
0.655462
0.65
0.644628
0.647541
0.642276
0.637097
0.632
0.634921
0.637795
0.632812
0.627907
0.623077
0.618321
0.613636
0.609023
0.604478
0.6
0.595588
0.591241
0.586957
0.582734
0.578571
0.574468
0.570423
0.566434
0.5625
0.558621
0.554795
0.55102
0.547297
0.543624
0.54
0.536424
0.532895
0.529412
0.525974
0.522581
0.519231
0.515924
0.512658
0.509434
0.50625
0.503106
0.5
0.496933
0.493902
0.490909
0.487952
0.48503
0.482143
0.47929
0.476471
0.473684
0.47093
0.468208
0.471264
0.474286
0.477273
0.480226
0.483146
0.486034
0.488889
0.491713
0.494505
0.497268
0.494565
0.491892
0.489247
0.486631
0.484043
0.481481
0.478947
0.47644
0.473958
0.471503
0.469072
0.466667
0.464286
0.461929
0.459596
0.457286
0.455
0.452736
0.450495
0.448276
0.446078
0.443902
0.441748
0.444444
0.447115
0.449761
0.452381
0.454976
0.457547
0.460094
0.462617
0.465116
0.467593
0.465438
0.463303
0.461187
0.463636
0.466063
0.468468
0.470852
0.46875
0.466667
0.469027
0.46696
0.464912
0.462882
0.46087
0.458874
0.456897
0.454936
0.452991
0.451064
0.45339
0.455696
0.453782
0.451883
0.45
0.452282
0.450413
0.452675
0.45082
0.453061
0.455285
0.453441
0.451613
0.449799
0.448
0.446215
0.444444
0.442688
0.440945
0.443137
0.445312
0.447471
0.449612
0.451737
0.453846
0.455939
0.458015
0.460076
0.462121
0.460377
0.458647
0.456929
0.458955
0.460967
0.462963
0.464945
0.466912
0.468864
0.470803
0.472727
0.474638
0.476534
0.47482
0.473118
0.471429
0.47331
0.471631
0.469965
0.46831
0.466667
0.465035
0.463415
0.461806
0.460208
0.462069
0.463918
0.462329
0.460751
0.459184
0.457627
0.456081
0.454545
0.45302
0.451505
0.453333
0.451827
0.450331
0.448845
0.447368
0.445902
0.447712
0.446254
0.444805
0.443366
0.441935
0.440514
0.439103
0.4377
0.43949
0.438095
0.436709
0.435331
0.433962
0.432602
0.434375
0.436137
0.437888
0.439628
0.441358
0.443077
0.444785
0.446483
0.448171
0.449848
0.448485
0.44713
0.445783
0.444444
0.443114
0.441791
0.440476
0.439169
0.43787
0.436578
0.435294
0.434018
0.432749
0.431487
0.430233
0.428986
0.427746
0.429395
0.428161
0.426934
0.425714
0.424501
0.423295
0.422096
0.420904
0.419718
0.418539
0.417367
0.416201
0.415042
0.413889
0.412742
0.411602
0.410468
0.409341
0.408219
0.407104
0.405995
0.404891
0.403794
0.402703
0.404313
0.403226
0.402145
0.40107
0.4
0.398936
0.397878
0.396825
0.395778
0.394737
0.396325
0.395288
0.394256
0.393229
0.392208
0.393782
0.392765
0.391753
0.390746
0.392308
0.391304
0.390306
0.389313
0.388325
0.387342
0.388889
0.387909
0.386935
0.385965
0.385
0.38404
0.383085
0.382134
0.381188
0.380247
0.37931
0.378378
0.379902
0.378973
0.378049
0.377129
0.376214
0.375303
0.374396
0.373494
0.372596
0.371703
0.370813
0.369928
0.369048
0.368171
0.367299
0.36643
0.365566
0.364706
0.36385
0.362998
0.36215
0.361305
0.360465
0.359629
0.361111
0.360277
0.359447
0.358621
0.357798
0.356979
0.356164
0.355353
0.354545
0.353741
0.352941
0.352144
0.351351
0.350562
0.352018
0.353468
0.354911
0.356347
0.357778
0.359202
0.360619
0.362031
0.363436
0.362637
0.361842
0.36105
0.360262
0.359477
0.358696
0.357918
0.357143
0.356371
0.355603
0.354839
0.354077
0.353319
0.352564
0.353945
0.353191
0.352442
0.351695
0.350951
0.350211
0.349474
0.348739
0.350105
0.349372
0.348643
0.347917
0.347193
0.346473
0.345756
0.345041
0.34433
0.343621
0.342916
0.342213
0.341513
0.340816
0.340122
0.339431
0.338742
0.338057
0.339394
0.33871
0.338028
0.337349
0.336673
0.336
0.335329
0.336653
0.335984
0.335317
0.334653
0.335968
0.335306
0.334646
0.333988
0.333333
0.332681
0.332031
0.331384
0.332685
0.332039
0.333333
0.334623
0.335907
0.337187
0.336538
0.335893
0.335249
0.334608
0.333969
0.333333
0.3327
0.332068
0.331439
0.330813
0.330189
0.329567
0.328947
0.32833
0.327715
0.327103
0.326493
0.325885
0.325279
0.324675
0.324074
0.323475
0.322878
0.322284
0.323529
0.322936
0.322344
0.321755
0.321168
0.320583
0.32
0.319419
0.318841
0.318264
0.319495
0.320721
0.321942
0.32316
0.324373
0.325581
0.326786
0.327986
0.329181
0.330373
0.329787
0.329204
0.328622
0.329806
0.329225
0.328647
0.32807
0.327496
0.326923
0.326353
0.325784
0.325217
0.326389
0.325823
0.32526
0.324698
0.324138
0.32358
0.323024
0.32247
0.321918
0.321368
0.320819
0.320273
0.319728
0.319185
0.318644
0.318105
0.317568
0.317032
0.316498
0.315966
0.315436
0.314908
0.314381
0.313856
0.313333
0.312812
0.312292
0.311774
0.312914
0.31405
0.315182
0.31631
0.317434
0.318555
0.318033
0.317512
0.316993
0.316476
0.315961
0.315447
0.314935
0.314425
0.315534
0.31664
0.317742
0.31723
0.31672
0.316212
0.315705
0.3152
0.314696
0.314195
0.313694
0.313196
0.312698
0.312203
0.311709
0.311216
0.310726
0.310236
0.309748
0.309262
0.308777
0.308294
0.307812
0.307332
0.306854
0.306376
0.305901
0.305426
0.304954
0.304482
0.304012
0.303544
0.303077
0.302611
0.302147
0.301685
0.301223
0.30229
0.303354
0.302892
0.302432
0.301973
0.301515
0.301059
0.300604
0.300151
0.299699
0.299248
0.298799
0.298351
0.297904
0.297459
0.297015
0.296572
0.296131
0.297177
0.29822
0.299259
0.300296
0.301329
0.30236
0.303387
0.304412
0.305433
0.306452
0.306003
0.307018
0.306569
0.306122
0.305677
0.305233
0.30479
0.304348
0.303907
0.303468
0.304473
0.305476
0.306475
0.307471
0.308465
0.309456
0.309013
0.308571
0.308131
0.307692
0.307255
0.306818
0.306383
0.305949
0.305516
0.305085
0.304654
0.304225
0.303797
0.304775
0.30575
0.306723
0.307692
0.307263
0.306834
0.306407
0.305981
0.305556
0.305132
0.306094
0.307054
0.30663
0.306207
0.305785
0.305365
0.304945
0.304527
0.30411
0.303694
0.303279
0.304229
0.305177
0.306122
0.307065
0.308005
0.308943
0.309878
0.310811
0.311741
0.312668
0.312248
0.311828
0.311409
0.312332
0.313253
0.314171
0.315087
0.316
0.316911
0.316489
0.316069
0.31565
0.315232
0.314815
0.314399
0.313984
0.31357
0.314474
0.31406
0.314961
0.314548
0.314136
0.313725
0.313316
0.312907
0.313802
0.314694
0.315584
0.315175
0.314767
0.31436
0.313953
0.313548
0.313144
0.312741
0.312339
0.311938
0.311538
0.31114
0.310742
0.310345
0.309949
0.309554
0.30916
0.308767
0.308376
0.307985
0.307595
0.307206
0.306818
0.306431
0.306045
0.30566
0.305276
0.304893
0.304511
0.305382
0.30625
0.307116
0.30798
0.308842
0.309701
0.310559
0.311414
0.312268
0.313119
0.312732
0.312346
0.311961
0.312808
0.312423
0.312039
0.311656
0.311275
0.310894
0.310513
0.310134
0.309756
0.309379
0.309002
0.308627
0.308252
0.307879
0.307506
0.307134
0.306763
0.306393
0.306024
0.305656
0.305288
0.304922
0.305755
0.305389
0.305024
0.304659
0.304296
0.303933
0.303571
0.30321
0.30285
0.302491
0.302133
0.301775
0.3026
0.302243
0.301887
0.302709
0.303529
0.304348
0.305164
0.305979
0.305621
0.305263
0.304907
0.304551
0.304196
0.303842
0.303488
0.303136
0.302784
0.302433
0.302083
0.301734
0.301386
0.301038
0.300691
0.300345
0.3
0.299656
0.299312
0.298969
0.298627
0.298286
0.297945
0.297605
0.297267
0.296928
0.296591
0.296254
0.295918
0.295583
0.295249
0.294915
0.295711
0.296505
0.297297
0.298088
0.298876
0.299663
0.300448
0.301232
0.302013
0.302793
0.302455
0.303233
0.302895
0.302558
0.302222
0.301887
0.301552
0.302326
0.303097
0.303867
0.303532
0.303197
0.303965
0.30363
0.303297
0.302964
0.302632
0.3023
0.301969
0.302732
0.303493
0.304253
0.305011
0.304679
0.304348
0.304017
0.303688
0.303359
0.30303
0.302703
0.302376
0.303128
0.302802
0.302476
0.302151
0.301826
0.301502
0.301179
0.300857
0.301604
0.301282
0.300961
0.30064
0.300319
0.3
0.299681
0.299363
0.300106
0.299788
0.299471
0.299154
0.298838
0.299578
0.300316
0.301053
0.301788
0.302521
0.303253
0.303983
0.304712
0.305439
0.306165
0.305846
0.305527
0.305208
0.304891
0.304574
0.304258
0.303942
0.303627
0.303313
0.302999
0.302686
0.302374
0.302062
0.301751
0.30144
0.301131
0.300821
0.300513
0.300205
0.299898
0.299591
0.299285
0.29898
0.298675
0.298371
0.298067
0.297764
0.298477
0.298174
0.297872
0.297571
0.298281
0.29899
0.299697
0.300403
0.301108
0.301811
0.302513
0.303213
0.303912
0.304609
0.304304
0.304
0.303696
0.304391
0.305085
0.305777
0.306468
0.307157
0.307845
0.308532
0.309217
0.309901
0.310584
0.310277
0.310958
0.310651
0.310345
0.310039
0.309735
0.30943
0.309127
0.308824
0.308521
0.308219
0.307918
0.307617
0.307317
0.307018
0.306719
0.30642
0.306122
0.305825
0.305529
0.305233
0.304937
0.304642
0.305314
0.305019
0.304725
0.304432
0.304139
0.304808
0.305476
0.306142
0.306807
0.307471
0.308134
0.308795
0.3085
0.308206
0.307912
0.307619
0.307326
0.307034
0.306743
0.306452
0.307109
0.306818
0.306528
0.306238
0.305949
0.30566
0.305372
0.305085
0.304798
0.304511
0.304225
0.30394
0.303655
0.303371
0.303087
0.302804
0.302521
0.302239
0.301957
0.301676
0.301395
0.301115
0.300836
0.300557
0.300278
0.3
0.299722
0.299445
0.299169
0.298893
0.298618
0.298343
0.298068
0.297794
0.297521
0.297248
0.296975
0.296703
0.296432
0.296161
0.29589
0.29562
0.295351
0.295082
0.295723
0.295455
0.295186
0.294918
0.294651
0.294384
0.294118
0.293852
0.29449
0.294224
0.293959
0.293694
0.294329
0.294964
0.295597
0.29623
0.296861
0.297491
0.297225
0.296959
0.296693
0.296429
0.296164
0.2959
0.295637
0.295374
0.295111
0.294849
0.294587
0.294326
0.294951
0.295575
0.295314
0.295053
0.294793
0.294533
0.295154
0.294894
0.294635
0.294376
0.294118
0.29386
0.293602
0.293345
0.293088
0.292832
0.292576
0.292321
0.292066
0.291812
0.292428
0.293043
0.293658
0.294271
0.294016
0.293761
0.293506
0.293253
0.292999
0.292746
0.292494
0.292241
0.29199
0.291738
0.291488
0.291237
0.290987
0.290738
0.290488
0.29024
0.289991
0.289744
0.289496
0.289249
0.289003
0.289608
0.290213
0.290816
0.291419
0.29202
0.292621
0.29322
0.293819
0.29357
0.293322
0.293074
0.292827
0.29258
0.292334
0.292088
0.291842
0.291597
0.291352
0.291107
0.290863
0.291457
0.291213
0.29097
0.290727
0.291319
0.291076
0.291667
0.291424
0.291181
0.290939
0.290698
0.290456
0.290216
0.289975
0.289735
0.289495
0.290083
0.289843
0.289604
0.289365
0.289127
0.288889
0.288651
0.288414
0.288177
0.287941
0.287705
0.287469
0.288052
0.287817
0.287582
0.287347
0.287113
0.286879
0.286645
0.286412
0.286992
0.287571
0.288149
0.287916
0.287682
0.287449
0.287217
0.286985
0.286753
0.286521
0.287097
0.287671
0.288245
0.288817
0.289389
0.28996
0.29053
0.291099
0.291667
0.292234
0.292
0.291767
0.291534
0.292099
0.291866
0.29243
0.292197
0.291965
0.291733
0.291501
0.29127
0.291039
0.291601
0.29137
0.29193
0.29249
0.293049
0.292818
0.292587
0.292356
0.292126
0.292683
0.293239
0.293794
0.294349
0.294902
0.295455
0.296006
0.296557
0.297107
0.297656
0.298205
0.298752
0.299299
0.299844
0.299611
0.299378
0.299145
0.298913
0.298681
0.29845
0.298218
0.297988
0.297757
0.297527
0.297297
0.297068
0.296839
0.29661
0.296382
0.296154
0.295926
0.295699
0.295472
0.295245
0.295019
0.295559
0.295333
0.295872
0.296409
0.296183
0.295957
0.295732
0.295506
0.295282
0.295057
0.295593
0.295368
0.295144
0.29492
0.295455
0.295231
0.295008
0.294785
0.295317
0.295094
0.295626
0.295403
0.295934
0.295711
0.295489
0.295267
0.295796
0.296324
0.296852
0.297378
0.297904
0.298429
0.298954
0.299477
0.3
0.300522
0.300298
0.300074
0.299851
0.300372
0.300149
0.299926
0.299703
0.299481
0.299259
0.299038
0.298817
0.298596
0.299114
0.298893
0.298673
0.298452
0.298233
0.298013
0.297794
0.297575
0.297357
0.297139
0.296921
0.296703
0.296486
0.296269
0.296053
0.295836
0.29562
0.295405
0.29519
0.294975
0.29476
0.294545
0.294331
0.294118
0.293904
0.293691
0.293478
0.293266
0.293777
0.293565
0.293353
0.293141
0.292929
0.293439
0.293948
0.293737
0.293525
0.293314
0.293103
0.293611
0.294118
0.294624
0.295129
0.295634
0.296137
0.29664
0.297143
0.297645
0.298146
0.297933
0.297721
0.297509
0.297297
0.297086
0.296875
0.296664
0.296454
0.296244
0.296034
0.295824
0.296322
0.296113
0.295904
0.295695
0.295487
0.295278
0.295775
0.295567
0.296062
0.296557
0.297051
0.296842
0.296634
0.296426
0.296218
0.296011
0.295804
0.295597
0.295391
0.295883
0.295676
0.29547
0.295265
0.295059
0.294854
0.294649
0.294444
0.29424
0.294036
0.293832
0.293629
0.294118
0.293914
0.293711
0.293508
0.293996
0.293793
0.29428
0.294077
0.293875
0.293673
0.293471
0.293269
0.293068
0.292867
0.292666
0.292466
0.292266
0.292066
0.291866
0.291667
0.291468
0.291269
0.29107
0.290872
0.291355
0.291837
0.292318
0.292799
0.293279
0.293758
0.293559
0.29336
0.293162
0.292963
0.293442
0.293243
0.293045
0.292848
0.29265
0.292453
0.292256
0.292732
0.292535
0.292339
0.292142
0.291946
0.291751
0.292225
0.292029
0.291834
0.291639
0.291444
0.291249
0.291722
0.291528
0.292
0.291805
0.291611
0.291417
0.291888
0.291694
0.291501
0.291307
0.291114
0.290921
0.291391
0.29186
0.292328
0.292135
0.291942
0.291749
0.291557
0.291365
0.291173
0.290981
0.290789
0.290598
0.290407
0.290217
0.290026
0.289836
0.289646
0.289456
0.289267
0.289078
0.288889
0.289353
0.289164
0.289628
0.290091
0.290554
0.290365
0.290176
0.290637
0.290448
0.29026
0.290071
0.290532
0.290992
0.290803
0.290615
0.290427
0.290239
0.290698
0.29051
0.290323
0.290135
0.289948
0.289762
0.289575
0.289389
0.289203
0.289017
0.288832
0.288647
0.289103
0.289558
0.289373
0.289187
0.289003
0.288818
0.289272
0.289087
0.288903
0.288719
0.288535
0.288351
0.288168
0.287985
0.287802
0.287619
0.287437
0.287254
0.287072
0.28689
0.286709
0.286528
0.286346
0.286166
0.285985
0.285804
0.285624
0.285444
0.285264
0.285085
0.285535
0.285355
0.285176
0.284997
0.284818
0.284639
0.284461
0.284283
0.284105
0.283927
0.28375
0.283573
0.28402
0.283843
0.283666
0.283489
0.283313
0.283136
0.28296
0.282784
0.28323
0.283054
0.282878
0.282703
0.282528
0.282353
0.282178
0.282004
0.282447
0.282273
0.282099
0.281925
0.282367
0.282193
0.28202
0.281846
0.281673
0.2815
0.281327
0.281154
0.281595
0.281422
0.28125
0.281078
0.280906
0.280734
0.280562
0.280391
0.28083
0.280659
0.280488
0.280317
0.280146
0.280584
0.280414
0.280243
0.280073
0.279903
0.279733
0.279563
0.279394
0.279225
0.279056
0.278887
0.278718
0.279154
0.278986
0.278817
0.278649
0.278481
0.278313
0.278146
0.277978
0.277811
0.277644
0.277477
0.277311
0.277145
0.276978
0.276812
0.276647
0.27708
0.277512
0.277944
0.278375
0.278806
0.279236
0.27907
0.278903
0.278737
0.278571
0.278406
0.27824
0.278075
0.27791
0.278338
0.278173
0.278008
0.277844
0.277679
0.277515
0.277351
0.277187
0.277614
0.27745
0.277286
0.277123
0.276959
0.276796
0.276633
0.276471
0.276896
0.276733
0.276571
0.276408
0.276246
0.276084
0.275923
0.275761
0.276185
0.276023
0.275862
0.275701
0.276124
0.275963
0.275802
0.275641
0.276063
0.275902
0.275742
0.275581
0.276002
0.275842
0.275682
0.275522
0.275942
0.275782
0.275622
0.275463
0.275882
0.276301
0.276719
0.277136
0.277553
0.27797
0.278386
0.278802
0.279217
0.279632
0.279471
0.27931
0.27915
0.27899
0.27883
0.27867
0.27851
0.278351
0.278191
0.278032
0.277873
0.277714
0.277556
0.277397
0.277239
0.277081
0.276923
0.276765
0.276608
0.277019
0.276862
0.277273
0.277115
0.277526
0.277368
0.277211
0.277054
0.277463
0.277306
0.277149
0.276993
0.277401
0.277244
0.277088
0.276932
0.277339
0.277183
0.277027
0.276871
0.276715
0.27656
0.276404
0.276249
0.276094
0.275939
0.275785
0.27563
0.276036
0.275881
0.275727
0.275573
0.275419
0.275265
0.275112
0.274958
0.275362
0.275209
0.275056
0.274903
0.27475
0.274597
0.274444
0.274292
0.27414
0.273988
0.273836
0.273684
0.273533
0.273381
0.27323
0.273079
0.272928
0.272777
0.272627
0.272477
0.272326
0.272176
0.272026
0.271877
0.271727
0.271578
0.271429
0.27128
0.271131
0.270982
0.270833
0.270685
0.270537
0.270389
0.270241
0.270093
0.270492
0.270344
0.270197
0.270049
0.269902
0.269755
0.269608
0.269461
0.269314
0.269712
0.269565
0.269419
0.269273
0.269126
0.26898
0.268835
0.268689
0.268544
0.268398
0.268253
0.268108
0.267963
0.267819
0.267674
0.26753
0.267385
0.267241
0.267097
0.266954
0.26681
0.266667
0.266523
0.26638
0.266774
0.267167
0.26756
0.267417
0.267274
0.267131
0.266988
0.26738
0.267237
0.267094
0.266951
0.266809
0.266667
0.266525
0.266383
0.266241
0.266099
0.265957
0.265816
0.266206
0.266065
0.265924
0.265782
0.265642
0.265501
0.26536
0.26522
0.265608
0.265468
0.265328
0.265188
0.265048
0.264908
0.264768
0.264628
0.264489
0.26435
0.264737
0.264598
0.264458
0.264319
0.264181
0.264042
0.263903
0.263765
0.264151
0.264536
0.264921
0.265306
0.26569
0.266074
0.266458
0.266841
0.267223
0.267606
0.267466
0.267848
0.268229
0.26861
0.268991
0.269371
0.269751
0.27013
0.270509
0.270887
0.271266
0.271125
0.271503
0.27188
0.272257
0.272633
0.272492
0.272351
0.272211
0.27207
0.272446
0.272821
0.27268
0.27254
0.2724
0.272259
0.272634
0.272494
0.272354
0.272214
0.272074
0.271934
0.271795
0.272168
0.272029
0.271889
0.27175
0.271611
0.271984
0.271845
0.271706
0.271567
0.271429
0.27129
0.271662
0.272033
0.272403
0.272265
0.272126
0.271988
0.27185
0.271712
0.271574
0.271436
0.271298
0.271161
0.271023
0.270886
0.270749
0.270612
0.270475
0.270844
0.270707
0.27057
0.270434
0.270298
0.270161
0.270025
0.269889
0.269753
0.269618
0.269985
0.269849
0.269714
0.269578
0.269443
0.269308
0.269173
0.269038
0.269404
0.269269
0.269135
0.269
0.268866
0.268731
0.268597
0.268962
0.268828
0.269192
0.269557
0.26992
0.269786
0.269652
0.269518
0.269384
0.26925
0.269116
0.268983
0.268849
0.268716
0.268583
0.26845
0.268317
0.268679
0.269041
0.269402
0.269763
0.270123
0.270484
0.270844
0.271203
0.271562
0.271921
0.271787
0.271654
0.27152
0.271386
0.271253
0.27112
0.271478
0.271835
0.272192
0.272549
0.272905
0.273262
0.273617
0.273483
0.27335
0.273216
0.273083
0.272949
0.272816
0.272683
0.27255
0.272417
0.272284
0.272152
0.272019
0.271887
0.271755
0.271623
0.271491
0.271359
0.271228
0.271096
0.271449
0.271318
0.271671
0.271539
0.271408
0.271277
0.271629
0.271498
0.271366
0.271236
0.271105
0.270974
0.270843
0.270713
0.270583
0.270452
0.270322
0.270673
0.271024
0.271374
0.271723
0.272073
0.272422
0.272771
0.273119
0.273467
0.273815
0.273684
0.274032
0.273901
0.27377
0.273639
0.273508
0.273378
0.273247
0.273117
0.272987
0.272857
0.272727
0.272598
0.272468
0.272338
0.272684
0.272555
0.272425
0.272296
0.272167
0.272038
0.271909
0.27178
0.271652
0.271523
0.271395
0.271267
0.271138
0.27101
0.270882
0.270755
0.270627
0.2705
0.270372
0.270245
0.270588
0.270931
0.271274
0.271617
0.271959
0.2723
0.272173
0.272045
0.271917
0.27179
0.271663
0.271536
0.271409
0.271282
0.271155
0.271028
0.270901
0.270775
0.271115
0.270989
0.270862
0.270736
0.27061
0.270484
0.270358
0.270233
0.270572
0.270446
0.270785
0.270659
0.270534
0.270872
0.270746
0.270621
0.270496
0.27037
0.270245
0.27012
0.269995
0.269871
0.269746
0.269621
0.269497
0.269373
0.269249
0.269124
0.269
0.269337
0.269213
0.269089
0.268966
0.268842
0.268718
0.268595
0.268472
0.268349
0.268226
0.268103
0.26798
0.267857
0.267735
0.267612
0.26749
0.267824
0.267702
0.268037
0.267914
0.267792
0.26767
0.267548
0.267426
0.267304
0.267183
0.267061
0.26694
0.266818
0.267151
0.267484
0.267817
0.268149
0.268481
0.268812
0.269144
0.269475
0.269805
0.270136
0.270014
0.269892
0.26977
0.269648
0.269526
0.269404
0.269283
0.269161
0.26904
0.268919
0.268798
0.268677
0.268556
0.268435
0.268315
0.268194
0.268074
0.267953
0.267833
0.267713
0.267593
0.267473
0.267353
0.267681
0.267562
0.267442
0.267322
0.267203
0.267084
0.266964
0.266845
0.266726
0.266607
0.266488
0.26637
0.266251
0.266133
0.266014
0.265896
0.265778
0.26566
0.265986
0.266312
0.266637
0.266962
0.267287
0.267612
0.267936
0.26826
0.268584
0.268908
0.269231
0.269554
0.269876
0.270199
0.270079
0.26996
0.269841
0.270163
0.270485
0.270806
0.271127
0.271447
0.271328
0.271209
0.27109
0.270971
0.270852
0.270733
0.270614
0.270495
0.270377
0.270258
0.27014
0.270022
0.269904
0.269786
0.269668
0.26955
0.269432
0.269315
0.269197
0.26908
0.268963
0.268845
0.268728
0.268611
0.268494
0.268378
0.268261
0.268144
0.268028
0.267911
0.268229
0.268113
0.267997
0.26788
0.268198
0.268081
0.267965
0.267849
0.268166
0.26805
0.267934
0.267819
0.268135
0.268019
0.267903
0.267788
0.268103
0.268419
0.268303
0.268188
0.268072
0.267957
0.268272
0.268156
0.268041
0.267926
0.267811
0.267696
0.267581
0.267467
0.267352
0.267238
0.267123
0.267009
0.266895
0.266781
0.266667
0.266553
0.266439
0.266325
0.266212
0.266098
0.265985
0.265871
0.265758
0.265645
0.265532
0.265419
0.265306
0.265193
0.265081
0.264968
0.264856
0.264743
0.264631
0.264519
0.264407
0.264295
0.264183
0.264071
0.263959
0.263848
0.263736
0.263625
0.263514
0.263402
0.263291
0.26318
0.263069
0.262958
0.263269
0.263158
0.263047
0.262936
0.262826
0.262715
0.262605
0.262495
0.262385
0.262274
0.262164
0.262055
0.262364
0.262254
0.262144
0.262034
0.261925
0.261815
0.261706
0.261596
0.261487
0.261378
0.261269
0.26116
0.261468
0.261776
0.262083
0.262391
0.262698
0.263005
0.263311
0.263617
0.263924
0.264229
0.26412
0.26401
0.2639
0.263791
0.263682
0.263572
0.263463
0.263354
0.263245
0.263136
0.263027
0.262919
0.26281
0.262701
0.262593
0.262485
0.262376
0.262268
0.26216
0.262464
0.262356
0.262248
0.26214
0.262032
0.261924
0.261817
0.261709
0.261602
0.261494
0.261387
0.26128
0.261173
0.261066
0.260959
0.260852
0.260745
0.260638
0.260532
0.260425
0.260319
0.260212
0.260106
0.26
0.259894
0.259788
0.259682
0.259576
0.25947
0.259365
0.259259
0.259154
0.259048
0.258943
0.258838
0.258733
0.258628
0.258523
0.258418
0.258313
0.258614
0.258509
0.258404
0.2583
0.258195
0.258495
0.258795
0.259095
0.259394
0.259693
0.259992
0.260291
0.260186
0.260484
0.260379
0.260274
0.260169
0.260467
0.260765
0.26066
0.260555
0.26045
0.260346
0.260241
0.260136
0.260032
0.259928
0.260225
0.260521
0.260817
0.260713
0.260608
0.260504
0.2608
0.260696
