1
1
1
1
1
1
0.857143
0.875
0.888889
0.8
0.818182
0.75
0.769231
0.785714
0.8
0.8125
0.764706
0.722222
0.684211
0.65
0.619048
0.636364
0.608696
0.583333
0.56
0.538462
0.555556
0.535714
0.517241
0.533333
0.548387
0.5625
0.575758
0.588235
0.571429
0.555556
0.567568
0.578947
0.564103
0.55
0.536585
0.52381
0.511628
0.5
0.488889
0.478261
0.489362
0.479167
0.469388
0.46
0.45098
0.442308
0.433962
0.425926
0.418182
0.410714
0.403509
0.396552
0.389831
0.383333
0.377049
0.370968
0.365079
0.359375
0.353846
0.348485
0.343284
0.338235
0.333333
0.328571
0.323944
0.333333
0.342466
0.351351
0.36
0.368421
0.376623
0.371795
0.367089
0.3625
0.358025
0.353659
0.349398
0.357143
0.352941
0.360465
0.356322
0.352273
0.348315
0.344444
0.340659
0.336957
0.333333
0.329787
0.326316
0.322917
0.319588
0.316327
0.313131
0.31
0.306931
0.303922
0.300971
0.298077
0.295238
0.301887
0.299065
0.296296
0.293578
0.290909
0.288288
0.285714
0.283186
0.280702
0.278261
0.275862
0.273504
0.271186
0.268908
0.266667
0.264463
0.262295
0.260163
0.258065
0.256
0.253968
0.251969
0.25
0.255814
0.261538
0.267176
0.272727
0.278195
0.283582
0.288889
0.294118
0.29927
0.304348
0.302158
0.3
0.297872
0.302817
0.307692
0.305556
0.303448
0.30137
0.29932
0.297297
0.295302
0.293333
0.291391
0.289474
0.287582
0.285714
0.283871
0.282051
0.280255
0.278481
0.27673
0.275
0.273292
0.271605
0.269939
0.268293
0.266667
0.271084
0.275449
0.279762
0.278107
0.276471
0.274854
0.273256
0.271676
0.270115
0.268571
0.267045
0.265537
0.264045
0.26257
0.261111
0.259669
0.258242
0.256831
0.255435
0.254054
0.252688
0.251337
0.25
0.248677
0.247368
0.246073
0.244792
0.248705
0.252577
0.25641
0.260204
0.263959
0.267677
0.271357
0.275
0.278607
0.282178
0.280788
0.279412
0.282927
0.281553
0.280193
0.278846
0.277512
0.27619
0.274882
0.273585
0.2723
0.271028
0.274419
0.277778
0.281106
0.279817
0.278539
0.277273
0.276018
0.274775
0.273543
0.272321
0.271111
0.269912
0.268722
0.267544
0.266376
0.265217
0.264069
0.262931
0.261803
0.260684
0.259574
0.258475
0.257384
0.256303
0.25523
0.254167
0.253112
0.252066
0.251029
0.25
0.24898
0.247967
0.246964
0.245968
0.24498
0.244
0.243028
0.242063
0.241107
0.240157
0.239216
0.238281
0.237354
0.236434
0.235521
0.234615
0.233716
0.232824
0.231939
0.234848
0.237736
0.240602
0.2397
0.238806
0.237918
0.237037
0.236162
0.235294
0.234432
0.233577
0.232727
0.231884
0.231047
0.230216
0.229391
0.228571
0.227758
0.22695
0.226148
0.225352
0.224561
0.223776
0.222997
0.222222
0.221453
0.22069
0.219931
0.219178
0.21843
0.217687
0.216949
0.216216
0.215488
0.214765
0.214047
0.213333
0.212625
0.211921
0.211221
0.210526
0.209836
0.20915
0.208469
0.207792
0.20712
0.206452
0.205788
0.205128
0.204473
0.203822
0.203175
0.202532
0.201893
0.201258
0.200627
0.2
0.199377
0.198758
0.198142
0.197531
0.196923
0.196319
0.195719
0.195122
0.194529
0.193939
0.193353
0.192771
0.192192
0.191617
0.191045
0.190476
0.189911
0.189349
0.188791
0.188235
0.187683
0.187135
0.186589
0.186047
0.185507
0.184971
0.184438
0.183908
0.183381
0.182857
0.182336
0.181818
0.181303
0.180791
0.180282
0.179775
0.179272
0.178771
0.178273
0.177778
0.177285
0.176796
0.176309
0.175824
0.175342
0.174863
0.174387
0.173913
0.173442
0.172973
0.172507
0.172043
0.171582
0.171123
0.170667
0.170213
0.169761
0.169312
0.168865
0.168421
0.167979
0.167539
0.169713
0.171875
0.174026
0.176166
0.175711
0.175258
0.174807
0.174359
0.173913
0.173469
0.173028
0.172589
0.172152
0.171717
0.171285
0.170854
0.170426
0.17
0.169576
0.169154
0.168734
0.168317
0.167901
0.167488
0.167076
0.166667
0.166259
0.165854
0.16545
0.165049
0.164649
0.164251
0.163855
0.163462
0.16307
0.162679
0.162291
0.161905
0.16152
0.161137
0.160757
0.160377
0.16
0.159624
0.159251
0.158879
0.158508
0.15814
0.157773
0.157407
0.157044
0.156682
0.158621
0.16055
0.160183
0.159817
0.159453
0.159091
0.15873
0.158371
0.158014
0.157658
0.159551
0.159193
0.158837
0.158482
0.158129
0.157778
0.157428
0.15708
0.156733
0.156388
0.156044
0.155702
0.155361
0.155022
0.154684
0.154348
0.154013
0.15368
0.153348
0.153017
0.152688
0.152361
0.152034
0.153846
0.15565
0.157447
0.159236
0.161017
0.162791
0.164557
0.166316
0.168067
0.169811
0.169456
0.17119
0.172917
0.174636
0.174274
0.173913
0.173554
0.173196
0.17284
0.172485
0.172131
0.171779
0.171429
0.171079
0.170732
0.170385
0.17004
0.169697
0.169355
0.169014
0.168675
0.168337
0.168
0.167665
0.167331
0.166998
0.166667
0.166337
0.166008
0.16568
0.165354
0.165029
0.164706
0.164384
0.164062
0.163743
0.163424
0.163107
0.162791
0.162476
0.162162
0.16185
0.163462
0.163148
0.162835
0.164436
0.166031
0.167619
0.1673
0.166983
0.166667
0.166352
0.166038
0.165725
0.165414
0.165103
0.164794
0.164486
0.164179
0.163873
0.165428
0.166976
0.168519
0.168207
0.167897
0.167587
0.167279
0.166972
0.166667
0.166362
0.166058
0.165756
0.165455
0.165154
0.164855
0.166365
0.16787
0.169369
0.170863
0.172352
0.172043
0.171735
0.171429
0.171123
0.170819
0.170515
0.170213
0.169912
0.169611
0.169312
0.169014
0.168717
0.168421
0.168126
0.167832
0.167539
0.167247
0.166957
0.166667
0.166378
0.16609
0.165803
0.165517
0.165232
0.164948
0.164666
0.164384
0.164103
0.163823
0.163543
0.163265
0.162988
0.162712
0.162437
0.162162
0.161889
0.161616
0.161345
0.161074
0.160804
0.160535
0.160267
0.16
0.159734
0.16113
0.160862
0.160596
0.160331
0.160066
0.16145
0.161184
0.16092
0.160656
0.160393
0.160131
0.159869
0.159609
0.15935
0.159091
0.158833
0.158576
0.15832
0.158065
0.15781
0.157556
0.157303
0.157051
0.1568
0.15655
0.1563
0.156051
0.155803
0.155556
0.155309
0.156646
0.157978
0.157729
0.15748
0.157233
0.156986
0.15674
0.156495
0.15625
0.156006
0.155763
0.155521
0.15528
0.155039
0.154799
0.15456
0.154321
0.154083
0.153846
0.15361
0.153374
0.153139
0.152905
0.152672
0.152439
0.152207
0.151976
0.151745
0.151515
0.151286
0.151057
0.15083
0.150602
0.150376
0.15015
0.149925
0.149701
0.149477
0.149254
0.149031
0.14881
0.148588
0.148368
0.148148
0.147929
0.14771
0.147493
0.147275
0.147059
0.146843
0.146628
0.146413
0.146199
0.145985
0.145773
0.14556
0.145349
0.145138
0.144928
0.144718
0.144509
0.1443
0.144092
0.143885
0.143678
0.143472
0.143266
0.143062
0.142857
0.142653
0.14245
0.142248
0.142045
0.141844
0.141643
0.141443
0.141243
0.141044
0.140845
0.140647
0.140449
0.140252
0.140056
0.13986
0.139665
0.13947
0.139276
0.139082
0.138889
0.138696
0.138504
0.138313
0.138122
0.137931
0.137741
0.137552
0.137363
0.137174
0.136986
0.136799
0.136612
0.136426
0.13624
0.136054
0.13587
0.135685
0.135501
0.135318
0.135135
0.134953
0.134771
0.13459
0.135753
0.136913
0.13807
0.137885
0.137701
0.137517
0.137333
0.13715
0.136968
0.136786
0.136605
0.136424
0.136243
0.136063
0.135884
0.135705
0.135526
0.135348
0.135171
0.134993
0.134817
0.134641
0.134465
0.135593
0.135417
0.135241
0.135065
0.13489
0.134715
0.134541
0.134367
0.134194
0.134021
0.133848
0.133676
0.133504
0.133333
0.133163
0.132992
0.132822
0.132653
0.132484
0.132316
0.132147
0.13198
0.131812
0.131646
0.131479
0.131313
0.131148
0.130982
0.130818
0.130653
0.130489
0.131579
0.131414
0.13125
0.132335
0.13217
0.132005
0.131841
0.131677
0.131514
0.131351
0.131188
0.131026
0.130864
0.130703
0.130542
0.130381
0.130221
0.130061
0.129902
0.129743
0.129584
0.129426
0.129268
0.129111
0.128954
0.128797
0.128641
0.128485
0.128329
0.128174
0.128019
0.127865
0.127711
0.127557
0.127404
0.127251
0.127098
0.126946
0.126794
0.126643
0.126492
0.126341
0.12619
0.12604
0.125891
0.125741
0.125592
0.125444
0.125296
0.125148
0.125
0.124853
0.124706
0.124559
0.124413
0.124267
0.125293
0.126316
0.126168
0.126021
0.125874
0.125728
0.125581
0.125436
0.12529
0.125145
0.125
0.124855
0.124711
0.124567
0.124424
0.124281
0.124138
0.123995
0.123853
0.123711
0.12357
0.123429
0.123288
0.123147
0.123007
0.122867
0.122727
0.122588
0.122449
0.12231
0.122172
0.122034
0.121896
0.121759
0.121622
0.121485
0.121348
0.121212
0.121076
0.120941
0.120805
0.12067
0.120536
0.120401
0.120267
0.120133
0.12
0.119867
0.119734
0.119601
0.119469
0.119337
0.119205
0.119074
0.118943
0.118812
0.118681
0.118551
0.118421
0.118291
0.118162
0.118033
0.117904
0.117775
0.117647
0.117519
0.117391
0.117264
0.117137
0.11701
0.116883
0.116757
0.116631
0.116505
0.116379
0.116254
0.116129
0.116004
0.11588
0.115756
0.116702
0.117647
0.11859
0.11953
0.120469
0.121406
0.12234
0.123273
0.124204
0.125133
0.125
0.124868
0.124736
0.124604
0.124473
0.124341
0.124211
0.12408
0.12395
0.12382
0.12369
0.12356
0.123431
0.123302
0.123173
0.124088
0.125
0.125911
0.126819
0.127726
0.128631
0.128497
0.128364
0.128232
0.128099
0.127967
0.127835
0.127703
0.127572
0.127441
0.12731
0.127179
0.127049
0.126919
0.126789
0.12666
0.126531
0.126402
0.126273
0.126144
0.126016
0.125888
0.125761
0.125633
0.125506
0.12639
0.127273
0.128153
0.129032
0.128902
0.128773
0.128643
0.128514
0.128385
0.128257
0.128128
0.128
0.127872
0.127745
0.127617
0.12749
0.127363
0.127237
0.12711
0.126984
0.126858
0.126733
0.126607
0.126482
0.126357
0.126233
0.126108
0.125984
0.12586
0.125737
0.125613
0.12549
0.125367
0.125245
0.125122
0.125
0.124878
0.124756
0.124635
0.124514
0.124393
0.124272
0.124151
0.124031
0.123911
0.123791
0.123671
0.123552
0.123433
0.123314
0.123195
0.123077
0.122959
0.122841
0.122723
0.122605
0.122488
0.122371
0.122254
0.122137
0.122021
0.121905
0.121789
0.121673
0.121557
0.121442
0.121327
0.121212
0.121097
0.120983
0.120869
0.120755
0.120641
0.120527
0.120414
0.120301
0.120188
0.120075
0.119963
0.11985
0.119738
0.119626
0.119514
0.119403
0.119292
0.119181
0.11907
0.118959
0.118849
0.118738
0.118628
0.118519
0.118409
0.118299
0.11819
0.118081
0.117972
0.117864
0.117755
0.117647
0.117539
0.117431
0.117324
0.117216
0.118024
0.117916
0.117808
0.117701
0.117593
0.117486
0.117379
0.117273
0.117166
0.11706
0.116954
0.116848
0.116742
0.116637
0.116531
0.117329
0.118124
0.118919
0.119712
0.120504
0.121294
0.122083
0.12287
0.123656
0.12444
0.124329
0.124218
0.124107
0.123996
0.123886
0.123776
0.124555
0.125333
0.12611
0.126886
0.12766
0.128432
0.129204
0.129973
0.130742
0.130627
0.130511
0.130396
0.130282
0.130167
0.130053
0.129939
0.129825
0.129711
0.129597
0.129484
0.129371
0.129258
0.129145
0.129032
0.12892
0.128808
0.128696
0.128584
0.128472
0.128361
0.12825
0.128139
0.128028
0.127917
0.127807
0.127696
0.128448
0.129199
0.129088
0.128977
0.128866
0.128755
0.128645
0.128535
0.128425
0.128315
0.128205
0.128096
0.127986
0.127877
0.127768
0.12766
0.127551
0.127443
0.128183
0.128923
0.128814
0.128704
0.128596
0.128487
0.128378
0.12827
0.128162
0.128054
0.127946
0.127839
0.127731
0.127624
0.127517
0.12741
0.128141
0.12887
0.129599
0.130326
0.131052
0.130942
0.130833
0.130724
0.130616
0.130507
0.130399
0.13029
0.130182
0.130075
0.129967
0.129859
0.129752
0.129645
0.129538
0.129431
0.129325
0.129218
0.129112
0.129006
0.1289
0.128794
0.128689
0.128583
0.128478
0.128373
0.128268
0.128163
0.128059
0.127954
0.12785
0.127746
0.127642
0.127539
0.127435
0.127332
0.127229
0.127126
0.127023
0.12692
0.126817
0.126715
0.126613
0.126511
0.126409
0.126307
0.126206
0.126104
0.126003
0.125902
0.125801
0.125701
0.1256
0.1255
0.125399
0.125299
0.125199
0.1251
0.125
0.124901
0.124801
0.124702
0.124603
0.124504
0.124406
0.124307
0.124209
0.124111
0.124013
0.123915
0.123817
0.123719
0.123622
0.123525
0.123428
0.123331
0.123234
0.123137
0.123041
0.122944
0.122848
0.122752
0.122656
0.12256
0.122465
0.122369
0.122274
0.122179
0.122084
0.121989
0.121894
0.1218
0.121705
0.121611
0.121517
0.121423
0.121329
0.121236
0.121142
0.121049
0.120955
0.120862
0.120769
0.120676
0.120584
0.120491
0.120399
0.121073
0.12098
0.120888
0.120795
0.120703
0.120611
0.120519
0.120427
0.120335
0.120244
0.120152
0.120061
0.11997
0.119879
0.119788
0.119697
0.119606
0.119516
0.119426
0.119335
0.119245
0.119155
0.119066
0.118976
0.118886
0.118797
0.118708
0.119369
0.12003
0.12069
0.121348
0.122006
0.121915
0.121824
0.121733
0.121642
0.121551
0.121461
0.12137
0.12128
0.12119
0.1211
0.12101
0.12092
0.12083
0.120741
0.120651
0.120562
0.120473
0.120384
0.120295
0.120206
0.120118
0.120029
0.119941
0.119853
0.119765
0.119677
0.119589
0.119501
0.119414
0.119327
0.119239
0.119152
0.119065
0.118978
0.118891
0.118805
0.118718
0.118632
0.118545
0.118459
0.118373
0.118287
0.118202
0.118116
0.11803
0.117945
0.11786
0.117775
0.11769
0.117605
0.11752
0.117435
0.117351
0.117266
0.117182
0.117098
0.117014
0.11693
0.117563
0.118195
0.11811
0.118026
0.117941
0.117857
0.117773
0.117689
0.117605
0.117521
0.117438
0.117354
0.117271
0.117188
0.117104
0.117021
0.116938
0.116856
0.116773
0.11669
0.116608
0.116525
0.116443
0.116361
0.116279
0.116197
0.116115
0.116034
0.115952
0.115871
0.115789
0.115708
0.115627
0.115546
0.115465
0.115385
0.115304
0.115223
0.115143
0.115063
0.114983
0.114903
0.115518
0.115438
0.115358
0.115278
0.115198
0.115118
0.115038
0.114958
0.114879
0.114799
0.11472
0.114641
0.114562
0.114483
0.114404
0.114325
0.114246
0.114168
0.114089
0.114011
0.113933
0.113855
0.113777
0.113699
0.113621
0.113543
0.113465
0.113388
0.113311
0.113233
0.113156
0.113079
0.113002
0.113605
0.114208
0.11481
0.114732
0.114654
0.114576
0.114499
0.114421
0.114344
0.114266
0.114189
0.114112
0.114035
0.113958
0.113881
0.113805
0.113728
0.113652
0.113575
0.113499
0.113423
0.113347
0.113271
0.113195
0.113119
0.113043
0.112968
0.112892
0.112817
0.112742
0.112667
0.112592
0.112517
0.112442
0.112367
0.112292
0.112218
0.112143
0.112069
0.111995
0.111921
0.111846
0.111772
0.111699
0.111625
0.112211
0.112797
0.113382
0.113966
0.114549
0.115132
0.115713
0.116294
0.116875
0.117454
0.117377
0.1173
0.117223
0.117147
0.11707
0.116993
0.116917
0.116841
0.116765
0.116688
0.116612
0.116536
0.116461
0.116385
0.116309
0.116234
0.116158
0.116083
0.116008
0.115933
0.115858
0.115783
0.115708
0.115633
0.115558
0.115484
0.115409
0.115335
0.115261
0.115187
0.115113
0.115039
0.114965
0.114891
0.114817
0.114744
0.11467
0.114597
0.114523
0.11445
0.114377
0.114304
0.114231
0.114158
0.114085
0.114013
0.11394
0.113868
0.113795
0.113723
0.113651
0.113579
0.113507
0.113435
0.113363
0.113291
0.113219
0.113148
0.113076
0.113005
0.112934
0.113493
0.113422
0.11335
0.113279
0.113208
0.113136
0.113065
0.112994
0.112923
0.112853
0.112782
0.112711
0.112641
0.11257
0.1125
0.11243
0.11236
0.112289
0.112219
0.11215
0.11208
0.11201
0.11194
0.111871
0.111801
0.111732
0.111663
0.111593
0.111524
0.111455
0.111386
0.111317
0.111248
0.11118
0.111111
0.111043
0.110974
0.110906
0.110837
0.110769
0.110701
0.110633
0.110565
0.110497
0.110429
0.110362
0.110294
0.110227
0.110159
0.110092
0.110024
0.109957
0.10989
0.109823
0.109756
0.109689
0.109622
0.109556
0.109489
0.109422
0.109356
0.10929
0.109223
0.109157
0.109091
0.109631
0.110169
0.110708
0.111245
0.111782
0.112319
0.112855
0.11339
0.113321
0.113253
0.113185
0.113117
0.113049
0.112981
0.112913
0.112845
0.112777
0.11271
0.112642
0.112575
0.112507
0.11244
0.112373
0.112306
0.112239
0.112172
0.112105
0.112038
0.111971
0.111905
0.111838
0.111772
0.111705
0.111639
0.111573
0.111507
0.11144
0.111374
0.111308
0.111243
0.111177
0.111111
0.111045
0.11098
0.110914
0.110849
0.110784
0.110718
0.110653
0.110588
0.110523
0.110458
0.110393
0.110329
0.110264
0.110199
0.110135
0.11007
0.110006
0.109942
0.109877
0.109813
0.109749
0.109685
0.109621
0.109557
0.109493
0.10943
0.109366
0.109302
0.109239
0.109175
0.109112
0.109049
0.108986
0.108922
0.108859
0.108796
0.108733
0.108671
0.108608
0.108545
0.108482
0.10842
0.108357
0.108295
0.108233
0.10817
0.108108
0.108046
0.107984
0.107922
0.108434
0.108372
0.108309
0.108247
0.108185
0.108124
0.108062
0.108
0.107938
0.108447
0.108386
0.108324
0.108262
0.1082
0.108139
0.108077
0.108584
0.109091
0.109597
0.110102
0.110607
0.111111
0.111615
0.112118
0.11262
0.113122
0.113058
0.112994
0.112931
0.112867
0.112803
0.11274
0.112676
0.112613
0.112549
0.112486
0.112985
0.113483
0.113981
0.114478
0.114975
0.115471
0.115966
0.116461
0.116956
0.11745
0.117943
0.118436
0.118928
0.11942
0.119353
0.119287
0.11922
0.119154
0.119087
0.119021
0.118955
0.118889
0.118823
0.118757
0.118691
0.118625
0.11856
0.118494
0.118428
0.118363
0.118297
0.118232
0.118167
0.118653
0.118588
0.118523
0.118457
0.118392
0.118327
0.118262
0.118197
0.118132
0.118067
0.118002
0.117937
0.117873
0.117808
0.117744
0.117679
0.117615
0.117551
0.117486
0.117422
0.117358
0.117294
0.11723
0.117166
0.117102
0.117039
0.116975
0.116911
0.116848
0.116784
0.116721
0.116658
0.116594
0.116531
0.116468
0.116405
0.116342
0.116279
0.116216
0.116153
0.116091
0.116028
0.115965
0.115903
0.115841
0.116317
0.116254
0.116192
0.116129
0.116067
0.116004
0.115942
0.116416
0.116354
0.116292
0.116229
0.116167
0.116105
0.116043
0.115981
0.115919
0.115857
0.115795
0.115733
0.115672
0.11561
0.115548
0.115487
0.115426
0.115364
0.115303
0.115242
0.11518
0.115119
0.115058
0.114997
0.114936
0.114876
0.114815
0.114754
0.114693
0.114633
0.114572
0.114512
0.114451
0.114391
0.114331
0.114271
0.114211
0.11415
0.11409
0.11403
0.113971
0.114436
0.1149
0.115364
0.115828
0.116291
0.116754
0.117216
0.117678
0.118139
0.1186
0.118538
0.118476
0.118414
0.118874
0.119333
0.119792
0.119729
0.119667
0.119605
0.119543
0.119481
0.119418
0.119875
0.119813
0.119751
0.119689
0.119627
0.119565
0.119503
0.119959
0.120413
0.120868
0.121322
0.121775
0.122228
0.12268
0.123132
0.123584
0.124035
0.123971
0.123907
0.123844
0.12378
0.123717
0.123653
0.12359
0.123526
0.123463
0.1234
0.123337
0.123785
0.124233
0.124681
0.125128
0.125574
0.12602
0.126466
0.126911
0.127356
0.127291
0.127226
0.127162
0.127097
0.127033
0.126968
0.126904
0.126839
0.126775
0.126711
0.126646
0.126582
0.126518
0.126454
0.12639
0.126326
0.126263
0.126199
0.126135
0.126576
0.127016
0.126952
0.126888
0.126824
0.126761
0.126697
0.126633
0.12657
0.126506
0.126443
0.126379
0.126316
0.126253
0.126189
0.126126
0.126063
0.126
0.125937
0.126374
0.12681
0.127246
0.127681
0.127617
0.127554
0.12749
0.127427
0.127363
0.1273
0.127734
0.12767
0.127607
0.127543
0.12748
0.127417
0.127354
0.127291
0.127228
0.127165
0.127102
0.127039
0.126976
0.126914
0.126851
0.126788
0.126726
0.126663
0.126601
0.126539
0.126476
0.126414
0.126352
0.12629
0.126228
0.126166
0.126104
0.126042
0.12598
0.125919
0.125857
0.125795
0.125734
0.125672
0.125611
0.12555
0.125488
0.125427
0.125366
0.125305
0.125244
0.125183
0.125122
0.125061
0.125
0.124939
0.124879
0.124818
0.124757
0.124697
0.124636
0.124576
0.124516
0.124455
0.124395
0.124335
0.124275
0.124215
0.124155
0.124577
0.125
0.125422
0.125362
0.125301
0.125241
0.125181
0.12512
0.12506
0.125
0.12494
0.12488
0.12482
0.12476
0.1247
0.12464
0.124581
0.124521
0.124461
0.124402
0.124342
0.124283
0.124224
0.124164
0.124105
0.124046
0.123987
0.123928
0.123869
0.12381
0.123751
0.123692
0.123633
0.123574
0.123515
0.123932
0.124347
0.124763
0.125178
0.125592
0.126007
0.12642
0.126834
0.127247
0.12766
0.127599
0.127539
0.127479
0.127419
0.127358
0.127298
0.127238
0.127179
0.127119
0.127059
0.126999
0.126939
0.12688
0.12682
0.126761
0.126701
0.126642
0.126582
0.126523
0.126464
0.126404
0.126345
0.126286
0.126227
0.126168
0.126109
0.12605
0.125992
0.125933
0.125874
0.125815
0.125757
0.125698
0.12564
0.125581
0.125523
0.125465
0.125406
0.125348
0.12529
0.125232
0.125174
0.125116
0.125058
0.125
0.124942
0.124884
0.124827
0.124769
0.124711
0.124654
0.124596
0.124539
0.124481
0.124424
0.124367
0.124309
0.124252
0.124195
0.124138
0.124081
0.124024
0.123967
0.12391
0.123853
0.123796
0.12374
0.123683
0.123626
0.12357
0.123513
0.123457
0.1234
0.123344
0.123288
0.123231
0.123175
0.123119
0.123063
0.123007
0.122951
0.122895
0.122839
0.122783
0.122727
0.122672
0.122616
0.12256
0.122505
0.122449
0.122393
0.122338
0.122283
0.122227
0.122172
0.122117
0.122061
0.122006
0.121951
0.121896
0.121841
0.121786
0.121731
0.121676
0.121622
0.122017
0.121962
0.121907
0.122302
0.122697
0.123091
0.123485
0.123878
0.124271
0.124664
0.125056
0.125448
0.12584
0.125783
0.125727
0.125671
0.125615
0.125559
0.125502
0.125446
0.125837
0.126227
0.126616
0.127005
0.127394
0.127783
0.128171
0.128559
0.128946
0.129333
0.129276
0.129218
0.129161
0.129547
0.129933
0.129876
0.129818
0.129761
0.129703
0.129646
0.129589
0.129531
0.129474
0.129417
0.12936
0.129303
0.129246
0.129189
0.129132
0.129075
0.129018
0.129401
0.129784
0.129727
0.12967
0.129613
0.129556
0.1295
0.129443
0.129386
0.129329
0.129273
0.129216
