1
1
1
1
1
1
1
1
1
1
1
1
1
1
1
1
1
1
1
0.95
0.952381
0.954545
0.913043
0.916667
0.92
0.923077
0.925926
0.892857
0.896552
0.9
0.903226
0.90625
0.909091
0.911765
0.914286
0.916667
0.918919
0.921053
0.923077
0.9
0.878049
0.857143
0.860465
0.840909
0.822222
0.804348
0.787234
0.791667
0.795918
0.8
0.803922
0.788462
0.773585
0.759259
0.763636
0.75
0.736842
0.724138
0.711864
0.7
0.688525
0.677419
0.666667
0.65625
0.646154
0.636364
0.626866
0.617647
0.623188
0.628571
0.633803
0.638889
0.643836
0.648649
0.653333
0.657895
0.662338
0.666667
0.658228
0.65
0.641975
0.646341
0.650602
0.654762
0.658824
0.651163
0.655172
0.659091
0.662921
0.666667
0.67033
0.663043
0.666667
0.659574
0.652632
0.645833
0.639175
0.632653
0.626263
0.62
0.613861
0.617647
0.621359
0.625
0.628571
0.632075
0.635514
0.638889
0.642202
0.645455
0.648649
0.651786
0.646018
0.640351
0.634783
0.62931
0.623932
0.618644
0.613445
0.608333
0.603306
0.598361
0.593496
0.58871
0.584
0.579365
0.574803
0.578125
0.581395
0.584615
0.587786
0.583333
0.578947
0.574627
0.57037
0.566176
0.562044
0.557971
0.553957
0.55
0.546099
0.542254
0.538462
0.534722
0.531034
0.527397
0.52381
0.52027
0.516779
0.513333
0.509934
0.506579
0.503268
0.506494
0.509677
0.50641
0.503185
0.5
0.496855
0.49375
0.490683
0.487654
0.484663
0.487805
0.490909
0.493976
0.497006
0.5
0.502959
0.505882
0.508772
0.511628
0.514451
0.511494
0.508571
0.505682
0.502825
0.5
0.502793
0.5
0.497238
0.494505
0.491803
0.48913
0.486486
0.489247
0.491979
0.494681
0.492063
0.489474
0.492147
0.489583
0.487047
0.484536
0.482051
0.484694
0.48731
0.489899
0.492462
0.495
0.497512
0.5
0.502463
0.504902
0.507317
0.504854
0.502415
0.5
0.497608
0.495238
0.492891
0.490566
0.488263
0.485981
0.483721
0.481481
0.479263
0.477064
0.474886
0.472727
0.470588
0.468468
0.466368
0.464286
0.462222
0.460177
0.45815
0.45614
0.454148
0.452174
0.454545
0.452586
0.450644
0.452991
0.455319
0.457627
0.459916
0.457983
0.456067
0.454167
0.452282
0.450413
0.44856
0.446721
0.444898
0.443089
0.441296
0.439516
0.437751
0.436
0.434263
0.43254
0.43083
0.429134
0.427451
0.425781
0.424125
0.422481
0.420849
0.419231
0.417625
0.419847
0.418251
0.416667
0.418868
0.417293
0.41573
0.414179
0.412639
0.411111
0.409594
0.408088
0.406593
0.405109
0.403636
0.402174
0.400722
0.399281
0.397849
0.396429
0.395018
0.397163
0.399293
0.397887
0.396491
0.395105
0.393728
0.392361
0.391003
0.389655
0.388316
0.386986
0.385666
0.384354
0.383051
0.381757
0.380471
0.38255
0.384615
0.386667
0.388704
0.390728
0.392739
0.394737
0.396721
0.398693
0.400651
0.399351
0.398058
0.396774
0.395498
0.394231
0.392971
0.39172
0.393651
0.392405
0.391167
0.389937
0.388715
0.3875
0.386293
0.385093
0.383901
0.382716
0.381538
0.380368
0.379205
0.381098
0.382979
0.381818
0.380665
0.379518
0.378378
0.377246
0.376119
0.377976
0.379822
0.378698
0.377581
0.376471
0.375367
0.374269
0.373178
0.372093
0.371014
0.369942
0.368876
0.367816
0.366762
0.365714
0.364672
0.363636
0.362606
0.361582
0.360563
0.359551
0.358543
0.360335
0.362117
0.363889
0.365651
0.367403
0.369146
0.370879
0.372603
0.374317
0.376022
0.375
0.373984
0.372973
0.371968
0.370968
0.369973
0.368984
0.368
0.367021
0.366048
0.365079
0.364116
0.363158
0.362205
0.361257
0.360313
0.359375
0.358442
0.357513
0.356589
0.35567
0.354756
0.353846
0.352941
0.352041
0.351145
0.350254
0.349367
0.348485
0.347607
0.346734
0.345865
0.345
0.34414
0.343284
0.342432
0.341584
0.340741
0.339901
0.341523
0.343137
0.344743
0.346341
0.347932
0.349515
0.35109
0.350242
0.349398
0.348558
0.347722
0.34689
0.346062
0.345238
0.344418
0.343602
0.34279
0.341981
0.341176
0.340376
0.339578
0.338785
0.337995
0.337209
0.336427
0.335648
0.334873
0.334101
0.333333
0.332569
0.331808
0.333333
0.334852
0.336364
0.337868
0.339367
0.340858
0.342342
0.34382
0.345291
0.344519
0.34375
0.342984
0.342222
0.341463
0.340708
0.339956
0.339207
0.338462
0.337719
0.33698
0.336245
0.335512
0.334783
0.334056
0.333333
0.332613
0.331897
0.331183
0.330472
0.329764
0.32906
0.33049
0.329787
0.329087
0.32839
0.327696
0.327004
0.326316
0.32563
0.324948
0.324268
0.323591
0.322917
0.322245
0.321577
0.320911
0.320248
0.321649
0.320988
0.320329
0.319672
0.319018
0.318367
0.317719
0.317073
0.318458
0.317814
0.317172
0.316532
0.315895
0.315261
0.314629
0.314
0.313373
0.312749
0.312127
0.311508
0.310891
0.310277
0.309665
0.309055
0.308448
0.309804
0.309198
0.308594
0.307992
0.307393
0.306796
0.306202
0.305609
0.305019
0.304432
0.303846
0.303263
0.302682
0.302103
0.301527
0.300952
0.30038
0.29981
0.299242
0.298677
0.298113
0.297552
0.296992
0.298311
0.299625
0.300935
0.302239
0.303538
0.304833
0.306122
0.307407
0.308688
0.309963
0.309392
0.308824
0.308257
0.307692
0.30713
0.306569
0.306011
0.305455
0.3049
0.304348
0.303797
0.305054
0.306306
0.307554
0.308797
0.310036
0.31127
0.3125
0.311943
0.311388
0.310835
0.310284
0.311504
0.312721
0.313933
0.315141
0.316344
0.317544
0.318739
0.31993
0.321117
0.3223
0.321739
0.321181
0.320624
0.320069
0.319516
0.318966
0.318417
0.317869
0.317324
0.316781
0.316239
0.3157
0.315162
0.316327
0.315789
0.315254
0.314721
0.314189
0.313659
0.313131
0.312605
0.312081
0.311558
0.311037
0.310518
0.31
0.309484
0.30897
0.308458
0.307947
0.307438
0.306931
0.306425
0.305921
0.307061
0.306557
0.306056
0.305556
0.305057
0.30456
0.304065
0.303571
0.303079
0.302589
0.3021
0.301613
0.301127
0.300643
0.300161
0.299679
0.2992
0.298722
0.298246
0.297771
0.297297
0.296825
0.296355
0.295886
0.295419
0.294953
0.294488
0.294025
0.293564
0.293103
0.292645
0.292187
0.291732
0.291277
0.290824
0.290373
0.289922
0.289474
0.289026
0.28858
0.288136
0.289231
0.290323
0.291411
0.292496
0.293578
0.294656
0.295732
0.296804
0.297872
0.298938
0.298485
0.298033
0.297583
0.297134
0.296687
0.296241
0.295796
0.295352
0.29491
0.294469
0.29403
0.293592
0.293155
0.292719
0.292285
0.291852
0.29142
0.29099
0.29056
0.291605
0.291176
0.290749
0.290323
0.289898
0.289474
0.289051
0.28863
0.28821
0.287791
0.287373
0.286957
0.286541
0.286127
0.285714
0.285303
0.284892
0.284483
0.284075
0.283668
0.283262
0.282857
0.282454
0.282051
0.28165
0.28267
0.283688
0.284703
0.285714
0.286723
0.287729
0.288732
0.289733
0.29073
0.290323
0.289916
0.28951
0.289106
0.290098
0.291086
0.290682
0.290278
0.289875
0.289474
0.289073
0.288674
0.288276
0.287879
0.287483
0.287088
0.286694
0.287671
0.287278
0.286885
0.286494
0.286104
0.285714
0.285326
0.284939
0.284553
0.284168
0.283784
0.283401
0.283019
0.282638
0.282258
0.281879
0.281501
0.281124
0.280749
0.280374
0.28
0.279627
0.279255
0.278884
0.278515
0.278146
0.279101
0.280053
0.281003
0.28195
0.282895
0.283837
0.284777
0.285714
0.286649
0.287582
0.287206
0.288136
0.289062
0.289987
0.290909
0.291829
0.292746
0.293661
0.294574
0.295484
0.296392
0.29601
0.29563
0.29525
0.294872
0.294494
0.294118
0.293742
0.293367
0.292994
0.293893
0.29352
0.293147
0.294043
0.294937
0.295828
0.295455
0.295082
0.29471
0.29434
0.295226
0.294856
0.294486
0.294118
0.29375
0.293383
0.293017
0.292653
0.292289
0.291925
0.291563
0.292441
0.292079
0.291718
0.291358
0.290999
0.29064
0.290283
0.289926
0.289571
0.289216
0.288862
0.288509
0.288156
0.287805
0.287454
0.287105
0.286756
0.286408
0.286061
0.285714
0.285369
0.285024
0.28468
0.284337
0.283995
0.283654
0.283313
0.284173
0.28503
0.285885
0.286738
0.287589
0.288439
0.289286
0.290131
0.290974
0.291815
0.291469
0.291124
0.29078
0.290437
0.290094
0.290931
0.291765
0.292597
0.293427
0.294256
0.293911
0.293567
0.293224
0.292882
0.292541
0.2922
0.29186
0.291521
0.291183
0.290846
0.291667
0.292486
0.293303
0.294118
0.293779
0.294591
0.295402
0.295063
0.294725
0.294387
0.29405
0.293714
0.293379
0.293044
0.292711
0.292378
0.292045
0.291714
0.292517
0.293318
0.294118
0.294915
0.295711
0.296505
0.297297
0.298088
0.298876
0.299663
0.299327
0.300112
0.300895
0.301676
0.301339
0.302118
0.302895
0.303671
0.304444
0.305216
0.305987
0.305648
0.30531
0.304972
0.304636
0.3043
0.303965
0.30363
0.303297
0.302964
0.303728
0.304491
0.305252
0.306011
0.306769
0.306434
0.3061
0.305767
0.305435
0.305103
0.304772
0.304442
0.304113
0.303784
0.303456
0.303128
0.302802
0.302476
0.302151
0.301826
0.301502
0.301179
0.300857
0.301604
0.301282
0.300961
0.30064
0.300319
0.3
0.299681
0.299363
0.299046
0.298729
0.298413
0.298097
0.297782
0.298523
0.298209
0.297895
0.298633
0.29937
0.300105
0.300839
0.300524
0.301255
0.301985
0.302714
0.302398
0.302083
0.301769
0.301455
0.301142
0.30083
0.300518
0.301242
0.300931
0.30062
0.30031
0.3
0.299691
0.299383
0.299075
0.298768
0.298462
0.298156
0.297851
0.297546
0.297242
0.296939
0.296636
0.297352
0.29705
0.296748
0.296447
0.296146
0.295846
0.295547
0.295248
0.294949
0.294652
0.294355
0.294058
0.294769
0.295477
0.296185
0.296891
0.296593
0.296296
0.296
0.295704
0.295409
0.295115
0.294821
0.294527
0.294235
0.293942
0.293651
0.29336
0.293069
0.292779
0.29249
0.292201
0.291913
0.291626
0.291339
0.291052
0.290766
0.290481
0.290196
0.289912
0.289628
0.289345
0.289062
0.28878
0.288499
0.288218
0.287938
0.287658
0.287379
0.2871
0.286822
0.286544
0.286267
0.28599
0.285714
0.285439
0.285164
0.284889
0.285577
0.286263
0.285988
0.285714
0.285441
0.285167
0.284895
0.284623
0.284351
0.28408
0.28381
0.283539
0.28327
0.283001
0.282732
0.282464
0.282197
0.28193
0.281664
0.281398
0.281132
0.280867
0.280603
0.280339
0.280075
0.279812
0.280488
0.281162
0.281835
0.282507
0.282243
0.281979
0.282649
0.282386
0.282123
0.28186
0.281599
0.281337
0.281076
0.280816
0.280556
0.280296
0.280037
0.279778
0.27952
0.279263
0.279006
0.278749
0.278493
0.278237
0.277982
0.278643
0.279304
0.279963
0.280622
0.281279
0.281934
0.282589
0.283242
0.283894
0.284545
0.285195
0.285844
0.286491
0.287138
0.287783
0.288427
0.28907
0.288809
0.288548
0.288288
0.288029
0.28777
0.28841
0.289048
0.289686
0.290323
0.290063
0.289803
0.289544
0.289286
0.289028
0.28877
0.288513
0.288256
0.288
0.287744
0.287489
0.287234
0.28698
0.286726
0.286472
0.286219
0.285966
0.285714
0.285463
0.285211
0.28496
0.28471
0.28446
0.284211
0.283961
0.283713
0.283465
0.283217
0.282969
0.282723
0.282476
0.28223
0.281984
0.281739
0.281494
0.28125
0.281006
0.280763
0.280519
0.280277
0.280035
0.279793
0.280414
0.281034
0.281654
0.282272
0.282889
0.283505
0.28412
0.284734
0.285347
0.285959
0.285714
0.28547
0.285226
0.285836
0.286445
0.287053
0.28766
0.288265
0.28887
0.288625
0.289228
0.288983
0.288738
0.288494
0.28825
0.288007
0.287764
0.287521
0.288121
0.288721
0.289319
0.289916
0.290512
0.291107
0.291702
0.292295
0.292887
0.293478
0.294069
0.293823
0.293578
0.294167
0.293922
0.293677
0.293433
0.293189
0.292946
0.292703
0.292461
0.292219
0.291977
0.291736
0.291495
0.291254
0.291014
0.290774
0.290535
0.290296
0.290058
0.29064
0.291222
0.291803
0.292383
0.292962
0.29354
0.294118
0.294694
0.295269
0.295844
0.295603
0.295362
0.295935
0.296507
0.296266
0.296026
0.295786
0.296356
0.296117
0.295877
0.296446
0.297014
0.297581
0.297341
0.297101
0.296862
0.296624
0.296386
0.296148
0.29591
0.295673
0.295436
0.2952
0.294964
0.294728
0.294493
0.294258
0.294024
0.29379
0.293556
0.293323
0.29309
0.292857
0.292625
0.292393
0.292162
0.29193
0.2917
0.291469
0.291239
0.291009
0.29078
0.290551
0.290323
0.290094
0.289866
0.289639
0.289412
0.289185
0.288958
0.288732
0.288507
0.288281
0.288056
0.287832
0.287607
0.287383
0.28716
0.286936
0.286713
0.286491
0.286268
0.286047
0.285825
0.285604
0.286156
0.286708
0.287259
0.287809
0.288358
0.288136
0.287914
0.287692
0.287471
0.28725
0.28703
0.28681
0.28659
0.286371
0.286151
0.285933
0.285714
0.28626
0.286804
0.286585
0.286367
0.286149
0.285932
0.285714
0.285497
0.285281
0.285064
0.284848
0.284633
0.284418
0.284203
0.283988
0.283774
0.28356
0.283346
0.283133
0.282919
0.283459
0.283997
0.284535
0.285071
0.285607
0.285393
0.28518
0.284966
0.284753
0.284541
0.284328
0.284116
0.283905
0.283693
0.283482
0.283271
0.283061
0.282851
0.282641
0.282431
0.282222
0.282013
0.281805
0.281596
0.281388
0.281181
0.280973
0.280766
0.28056
0.281089
0.281618
0.282145
0.281938
0.282465
0.282991
0.282784
0.282577
0.28237
0.282164
0.281958
0.281752
0.281546
0.281341
0.281136
0.280932
0.280727
0.280523
0.28032
0.280842
0.280638
0.281159
0.280956
0.280753
0.28055
0.280347
0.280144
0.279942
0.27974
0.279539
0.279338
0.279137
0.278936
0.279454
0.279971
0.280488
0.281004
0.281519
0.282033
0.281831
0.28163
0.281429
0.281228
0.281027
0.280827
0.281339
0.281851
0.282361
0.282871
0.283381
0.28318
0.282979
0.282778
0.282578
0.282378
0.282178
0.281979
0.28178
0.281581
0.281382
0.281184
0.280986
0.281492
0.281294
0.281096
0.281601
0.282105
0.282609
0.283111
0.283613
0.284115
0.284615
0.285115
0.285615
0.286113
0.285914
0.285714
0.285515
0.285317
0.285118
0.28492
0.284722
0.285219
0.285021
0.284823
0.284626
0.284429
0.284232
0.284036
0.28453
0.285024
0.284828
0.284631
0.284435
0.28424
0.284044
0.283849
0.283654
0.283459
0.283265
0.283071
0.282877
0.282683
0.28249
0.282297
0.282787
0.283276
0.283765
0.284254
0.28406
0.283867
0.283673
0.283481
0.283288
0.283096
0.282904
0.282712
0.28252
0.282329
0.282138
0.281947
0.281757
0.281567
0.281377
0.281187
0.281671
0.282155
0.282638
0.28312
0.283602
0.284083
0.284564
0.284373
0.284853
0.284662
0.284471
0.284281
0.284091
0.283901
0.283712
0.283522
0.283333
0.283145
0.282956
0.282768
0.28258
0.282392
0.282205
0.282017
0.28183
0.281643
0.281457
0.281271
0.281085
0.280899
0.280713
0.280528
0.280343
0.280158
0.279974
0.279789
0.279605
0.279421
0.279238
0.279054
0.278871
0.278689
0.278506
0.278324
0.278141
0.277959
0.277778
0.277596
0.277415
0.277234
0.277053
0.276873
0.276693
0.276513
0.276333
0.276153
0.275974
0.275795
0.275616
0.275437
0.275259
0.275081
0.274903
0.274725
0.274548
0.274371
0.274194
0.274017
0.27384
0.273664
0.273488
0.273312
0.273136
0.272961
0.272786
0.272611
0.272436
0.272261
0.272087
0.271913
0.271739
0.271565
0.271392
0.271219
0.271046
0.270873
0.270701
0.270528
0.270356
0.270184
0.270013
0.269841
0.26967
0.269499
0.269328
0.269158
0.268987
0.268817
0.268647
0.268478
0.268308
0.268139
0.26797
0.267801
0.267632
0.267464
0.267925
0.267756
0.267588
0.26742
0.267252
0.267085
0.266917
0.26675
0.266583
0.266417
0.26625
0.266084
0.265918
0.265752
0.265586
0.265421
0.265255
0.26509
0.264925
0.264761
0.264596
0.264432
0.264268
0.264104
0.263941
0.263777
0.263614
0.263451
0.263288
0.263125
0.262963
0.262801
0.262639
0.262477
0.262315
0.262154
0.261993
0.261832
0.261671
0.26151
0.26135
0.261189
0.261029
0.26087
0.26071
0.26055
0.260391
0.260232
0.260073
0.259915
0.259756
0.259598
0.25944
0.259282
0.259124
0.258967
0.258809
0.258652
0.258495
0.258338
0.258182
0.258025
0.257869
0.257713
0.257557
0.257402
0.257246
0.257091
0.256936
0.256781
0.256627
0.256472
0.256318
0.256164
0.25601
0.255856
0.255702
0.255549
0.255396
0.255243
0.25509
0.254937
0.254785
0.254632
0.25448
0.254328
0.254177
0.254025
0.253874
0.253722
0.253571
0.253421
0.25327
0.253119
0.252969
0.252819
0.252669
0.252519
0.25237
0.25222
0.252071
0.251922
0.251773
0.251624
0.251476
0.251327
0.251179
0.251031
0.250883
0.250736
0.250588
0.250441
0.250294
0.250147
0.25
0.249853
0.249707
0.249561
0.249415
0.249269
0.249123
0.248977
0.248832
0.248687
0.248541
0.248397
0.248252
0.248107
0.247963
0.247818
0.247674
0.247531
0.247387
0.247243
0.2471
0.246957
0.246813
0.246671
0.246528
0.246385
0.246243
0.246101
0.245958
0.245817
0.245675
0.245533
0.245392
0.24525
0.245109
0.244968
0.244828
0.244687
0.244546
0.244406
0.244266
0.244126
0.243986
0.243847
0.243707
0.243568
0.243429
0.24329
0.243151
0.243582
0.244014
0.244444
0.244875
0.245304
0.245734
0.246163
0.246591
0.247019
0.247446
0.247306
0.247166
0.247025
0.246886
0.246746
0.246606
0.246467
0.246328
0.246189
0.24605
0.245911
0.245772
0.245634
0.245495
0.245357
0.245219
0.245082
0.244944
0.244806
0.244669
0.244532
0.244395
0.244258
0.244121
0.243984
0.244407
0.24483
0.245251
0.245673
0.245536
0.245399
0.245262
0.245125
0.244989
0.244853
0.244716
0.24458
0.244444
0.244309
0.244173
0.244038
0.243902
0.243767
0.243632
0.243498
0.243363
0.243228
0.243094
0.24296
0.243377
0.243795
0.244212
0.244628
0.245044
0.24546
0.245875
0.246289
0.246703
0.247117
0.24753
0.247943
0.248355
0.248767
0.249179
0.249589
0.25
0.25041
0.25082
0.251229
0.251638
0.252046
0.252454
0.252861
0.253268
0.253674
0.254081
0.254486
0.254891
0.255296
