1
1
1
1
0.8
0.833333
0.857143
0.75
0.666667
0.7
0.727273
0.75
0.769231
0.714286
0.666667
0.625
0.588235
0.555556
0.526316
0.5
0.47619
0.454545
0.434783
0.416667
0.44
0.461538
0.481481
0.5
0.482759
0.466667
0.451613
0.4375
0.424242
0.411765
0.428571
0.444444
0.459459
0.473684
0.487179
0.5
0.512195
0.52381
0.534884
0.545455
0.533333
0.521739
0.510638
0.520833
0.510204
0.5
0.490196
0.480769
0.471698
0.462963
0.454545
0.446429
0.438596
0.431034
0.423729
0.416667
0.42623
0.435484
0.444444
0.453125
0.461538
0.454545
0.447761
0.441176
0.449275
0.442857
0.43662
0.430556
0.424658
0.418919
0.413333
0.407895
0.415584
0.423077
0.43038
0.4375
0.444444
0.45122
0.457831
0.464286
0.470588
0.476744
0.482759
0.477273
0.47191
0.477778
0.483516
0.48913
0.494624
0.5
0.494737
0.489583
0.484536
0.479592
0.474747
0.47
0.465347
0.460784
0.456311
0.451923
0.447619
0.443396
0.439252
0.435185
0.431193
0.427273
0.423423
0.428571
0.433628
0.438596
0.443478
0.448276
0.452991
0.457627
0.462185
0.458333
0.454545
0.45082
0.447154
0.443548
0.44
0.436508
0.433071
0.429688
0.426357
0.423077
0.419847
0.416667
0.413534
0.410448
0.407407
0.404412
0.40146
0.398551
0.395683
0.392857
0.390071
0.387324
0.384615
0.388889
0.386207
0.383562
0.380952
0.378378
0.375839
0.373333
0.370861
0.368421
0.366013
0.363636
0.36129
0.358974
0.356688
0.35443
0.352201
0.35
0.347826
0.345679
0.343558
0.341463
0.339394
0.337349
0.341317
0.345238
0.349112
0.352941
0.356725
0.360465
0.364162
0.367816
0.371429
0.375
0.372881
0.370787
0.368715
0.366667
0.364641
0.368132
0.36612
0.36413
0.367568
0.365591
0.363636
0.361702
0.359788
0.357895
0.356021
0.354167
0.352332
0.350515
0.348718
0.346939
0.345178
0.343434
0.341709
0.34
0.338308
0.336634
0.334975
0.333333
0.331707
0.334951
0.333333
0.331731
0.330144
0.328571
0.327014
0.325472
0.323944
0.32243
0.32093
0.319444
0.317972
0.316514
0.315068
0.313636
0.312217
0.310811
0.313901
0.3125
0.311111
0.309735
0.30837
0.307018
0.305677
0.304348
0.30303
0.306034
0.304721
0.303419
0.302128
0.300847
0.299578
0.298319
0.297071
0.295833
0.298755
0.301653
0.304527
0.307377
0.306122
0.304878
0.303644
0.302419
0.301205
0.3
0.298805
0.297619
0.296443
0.295276
0.294118
0.292969
0.291829
0.290698
0.289575
0.288462
0.287356
0.28626
0.285171
0.284091
0.283019
0.281955
0.280899
0.279851
0.27881
0.277778
0.276753
0.275735
0.274725
0.273723
0.272727
0.271739
0.270758
0.269784
0.272401
0.275
0.27758
0.280142
0.282686
0.285211
0.287719
0.29021
0.292683
0.295139
0.294118
0.293103
0.292096
0.294521
0.293515
0.295918
0.294915
0.293919
0.296296
0.295302
0.294314
0.293333
0.292359
0.291391
0.290429
0.289474
0.288525
0.287582
0.286645
0.285714
0.28479
0.283871
0.282958
0.282051
0.28115
0.280255
0.279365
0.278481
0.277603
0.27673
0.275862
0.275
0.274143
0.273292
0.272446
0.271605
0.270769
0.269939
0.269113
0.268293
0.267477
0.266667
0.268882
0.271084
0.273273
0.275449
0.277612
0.279762
0.281899
0.284024
0.286136
0.288235
0.28739
0.28655
0.285714
0.284884
0.284058
0.283237
0.282421
0.281609
0.280802
0.28
0.279202
0.278409
0.27762
0.276836
0.276056
0.275281
0.27451
0.273743
0.272981
0.272222
0.271468
0.270718
0.269972
0.269231
0.268493
0.26776
0.26703
0.266304
0.265583
0.264865
0.264151
0.263441
0.262735
0.264706
0.264
0.263298
0.265252
0.267196
0.269129
0.271053
0.272966
0.274869
0.276762
0.278646
0.280519
0.282383
0.281654
0.280928
0.280206
0.279487
0.278772
0.278061
0.277354
0.27665
0.275949
0.275253
0.274559
0.273869
0.273183
0.2725
0.27182
0.271144
0.270471
0.272277
0.274074
0.275862
0.277641
0.279412
0.281174
0.282927
0.284672
0.283981
0.283293
0.282609
0.281928
0.28125
0.280576
0.279904
0.279236
0.278571
0.27791
0.277251
0.276596
0.275943
0.275294
0.274648
0.274005
0.273364
0.272727
0.272093
0.271462
0.270833
0.270208
0.269585
0.268966
0.268349
0.267735
0.269406
0.271071
0.272727
0.274376
0.276018
0.277652
0.279279
0.280899
0.282511
0.284116
0.285714
0.287305
0.286667
0.286031
0.285398
0.284768
0.284141
0.283516
0.282895
0.282276
0.281659
0.281046
0.280435
0.279826
0.279221
0.278618
0.278017
0.277419
0.276824
0.276231
0.275641
0.275053
0.274468
0.273885
0.273305
0.272727
0.272152
0.273684
0.273109
0.274633
0.274059
0.273486
0.272917
0.272349
0.271784
0.271222
0.270661
0.270103
0.269547
0.268994
0.268443
0.267894
0.267347
0.266802
0.26626
0.26572
0.265182
0.264646
0.264113
0.263581
0.263052
0.264529
0.264
0.263473
0.262948
0.262425
0.261905
0.261386
0.26087
0.260355
0.259843
0.259332
0.258824
0.258317
0.257812
0.25731
0.256809
0.256311
0.255814
0.255319
0.254826
0.254335
0.253846
0.253359
0.252874
0.25239
0.251908
0.251429
0.250951
0.250474
0.25
0.249527
0.249057
0.248588
0.25
0.249531
0.249064
0.248598
0.248134
0.247672
0.247212
0.246753
0.246296
0.245841
0.245387
0.244936
0.244485
0.244037
0.24359
0.243144
0.242701
0.242259
0.241818
0.241379
0.240942
0.240506
0.240072
0.241441
0.241007
0.240575
0.240143
0.239714
0.239286
0.238859
0.238434
0.238011
0.237589
0.237168
0.236749
0.236332
0.235915
0.235501
0.235088
0.234676
0.234266
0.233857
0.233449
0.233043
0.232639
0.232236
0.231834
0.231434
0.231034
0.230637
0.230241
0.229846
0.229452
0.22906
0.228669
0.228279
0.227891
0.227504
0.227119
0.226734
0.226351
0.22597
0.225589
0.22521
0.224832
0.224456
0.22408
0.223706
0.223333
0.222962
0.222591
0.222222
0.221854
0.221488
0.221122
0.220758
0.220395
0.220033
0.221311
0.222586
0.223856
0.225122
0.226384
0.227642
0.228896
0.230146
0.231392
0.232633
0.232258
0.231884
0.231511
0.23114
0.230769
0.2304
0.230032
0.23126
0.232484
0.233704
0.234921
0.236133
0.237342
0.238547
0.239748
0.240945
0.242138
0.241758
0.241379
0.241002
0.242188
0.24337
0.244548
0.245723
0.245342
0.244961
0.244582
0.244204
0.243827
0.243451
0.244615
0.245776
0.246933
0.248086
0.249235
0.250382
0.251524
0.252664
0.253799
0.253414
0.25303
0.252648
0.252266
0.251885
0.251506
0.251128
0.250751
0.250375
0.25
0.249626
0.250746
0.251863
0.252976
0.2526
0.252226
0.251852
0.251479
0.251108
0.252212
0.253314
0.254412
0.255507
0.256598
0.256223
0.255848
0.255474
0.255102
0.254731
0.25436
0.253991
0.253623
0.253256
0.25289
0.252525
0.252161
0.251799
0.251437
0.251076
0.250716
0.251788
0.252857
0.252496
0.252137
0.251778
0.25142
0.251064
0.250708
0.250354
0.25
0.249647
0.249296
0.248945
0.248596
0.248247
0.247899
0.247552
0.247207
0.246862
0.246518
0.246175
0.245833
0.245492
0.245152
0.244813
0.244475
0.244138
0.243802
0.243466
0.243132
0.24417
0.243836
0.243502
0.243169
0.242838
0.242507
0.242177
0.241848
0.24152
0.242547
0.242219
0.241892
0.241565
0.24124
0.240915
0.240591
0.240268
0.239946
0.239625
0.239305
0.238985
0.238667
0.238349
0.238032
0.239044
0.240053
0.24106
0.242063
0.241744
0.241425
0.241107
0.240789
0.240473
0.240157
0.239843
0.239529
0.240523
0.241514
0.241199
0.240885
0.240572
0.24026
0.239948
0.239637
0.239327
0.239018
0.23871
0.238402
0.239382
0.24036
0.240051
0.239744
0.239437
0.23913
0.238825
0.23852
0.238217
0.237913
0.237611
0.23731
0.237009
0.236709
0.23641
0.236111
0.235813
0.235516
0.23522
0.234925
0.23463
0.234336
0.234043
0.23375
0.233458
0.233167
0.232877
0.232587
0.232298
0.23201
0.231722
0.231436
0.23115
0.230864
0.23058
0.230296
0.230012
0.22973
0.230675
0.231618
0.232558
0.233496
0.234432
0.235366
0.236297
0.23601
0.235723
0.235437
0.235152
0.234867
0.234583
0.235507
0.236429
0.237349
0.238267
0.239183
0.240096
0.241007
0.241916
0.242823
0.243728
0.243437
0.243147
0.242857
0.242568
0.24228
0.241993
0.241706
0.24142
0.241135
0.24085
0.240566
0.240283
0.24
0.239718
0.239437
0.239156
0.238876
0.238596
0.238318
0.23804
0.237762
0.237485
0.237209
0.236934
0.236659
0.236385
0.236111
0.235838
0.235566
0.235294
0.235023
0.234753
0.234483
0.234214
0.233945
0.234822
0.235698
0.236571
0.236301
0.236032
0.235763
0.235495
0.235227
0.23496
0.234694
0.234428
0.234163
0.233898
0.233634
0.233371
0.233108
0.232846
0.232584
0.232323
0.232063
0.231803
0.231544
0.231285
0.231027
0.230769
0.230512
0.230256
0.23
0.229745
0.22949
0.229236
0.228982
0.228729
0.229581
0.23043
0.231278
0.232123
0.231868
0.231614
0.23136
0.231106
0.230853
0.230601
0.231441
0.231189
0.230937
0.230686
0.230435
0.230185
0.229935
0.229686
0.229437
0.229189
0.228942
0.228695
0.228448
0.228202
0.227957
0.227712
0.227468
0.227224
0.226981
0.226738
0.226496
0.226254
0.226013
0.225772
0.225532
0.225292
0.225053
0.224814
0.224576
0.225397
0.226216
0.227033
0.227848
0.228662
0.229474
0.230284
0.231092
0.231899
0.232704
0.232461
0.232218
0.231975
0.231733
0.231491
0.23125
0.231009
0.230769
0.23053
0.23029
0.230052
0.229814
0.229576
0.229339
0.229102
0.228866
0.22863
0.228395
0.22816
0.227926
0.227692
0.227459
0.227226
0.226994
0.226762
0.227551
0.227319
0.227088
0.227874
0.227642
0.227411
0.227181
0.22695
0.226721
0.226491
0.226263
0.226034
0.225806
0.225579
0.225352
0.225126
0.2249
0.224674
0.224449
0.224224
0.224
0.223776
0.224551
0.224327
0.224104
0.223881
0.223658
0.223436
0.223214
0.222993
0.222772
0.222552
0.222332
0.2231
0.223866
0.224631
0.225394
0.226155
0.226916
0.227674
0.228431
0.229187
0.229941
0.229717
0.229492
0.229268
0.229045
0.228822
0.228599
0.228377
0.228155
0.227934
0.227713
0.227493
0.227273
0.227053
0.226834
0.226615
0.226397
0.226179
0.225962
0.225744
0.225528
0.225312
0.225096
0.22488
0.224665
0.224451
0.224237
0.224023
0.22381
0.223597
0.223384
0.223172
0.22296
0.222749
0.222538
0.222327
0.222117
0.221907
0.221698
0.221489
0.221281
0.221072
0.220865
0.220657
0.22045
0.220244
0.220037
0.219832
0.220561
0.221289
0.222015
0.22274
0.223464
0.224186
0.224907
0.225627
0.226345
0.227062
0.226852
0.226642
0.226433
0.226223
0.226015
0.225806
0.225599
0.226311
0.227022
0.227732
0.22844
0.229148
0.229853
0.230558
0.231261
0.23105
0.230839
0.230629
0.230419
0.231119
0.231818
0.232516
0.233212
0.233001
0.23279
0.232579
0.232369
0.232159
0.231949
0.23174
0.231532
0.231323
0.231115
0.230907
0.2307
0.230493
0.230287
0.230081
0.229875
0.230563
0.230357
0.230152
0.229947
0.229742
0.229537
0.229333
0.22913
0.228926
0.228723
0.228521
0.228319
0.228117
0.227915
0.227714
0.227513
0.227313
0.227113
0.226913
0.226714
0.226514
0.226316
0.226117
0.225919
0.225722
0.225524
0.225328
0.225131
0.224935
0.224739
0.224543
0.224348
0.224153
0.223958
0.223764
0.22357
0.223377
0.223183
0.22299
0.222798
0.222606
0.222414
0.222222
0.222031
0.22184
0.221649
0.221459
0.221269
0.22108
0.22089
0.220701
0.220513
0.220325
0.220137
0.219949
0.219761
0.219574
0.219388
0.219201
0.219015
0.21883
0.218644
0.218459
0.218274
0.21809
0.217905
0.217722
0.217538
0.217355
0.217172
0.216989
0.216807
0.216625
0.216443
0.216262
0.21608
0.2159
0.215719
0.215539
0.215359
0.215179
0.215
0.214821
0.214642
0.214464
0.214286
0.214108
0.21393
0.213753
0.213576
0.2134
0.213223
0.213047
0.212871
0.212696
0.212521
0.212346
0.212171
0.211997
0.211823
0.211649
0.211475
0.211302
0.211129
0.210957
0.210784
0.210612
0.21044
0.210269
0.210098
0.209927
0.209756
0.209586
0.209416
0.209246
0.209076
0.208907
0.208738
0.208569
0.208401
0.208232
0.208065
0.207897
0.207729
0.207562
0.207395
0.207229
0.207063
0.206897
0.206731
0.206565
0.2064
0.206235
0.20607
0.205906
0.205742
0.205578
0.205414
0.205251
0.205087
0.204925
0.204762
0.2046
0.204437
0.204276
0.204114
0.203953
0.203791
0.203631
0.20347
0.20331
0.20315
0.20299
0.203616
0.204242
0.204867
0.20549
0.206113
0.206735
0.207355
0.207975
0.208594
0.208431
0.208268
0.208106
0.207944
0.207782
0.207621
0.207459
0.207298
0.207137
0.206977
0.206816
0.206656
0.20727
0.20711
0.20695
0.20679
0.206631
0.206471
0.206313
0.206154
0.205995
0.205837
0.205679
0.206288
0.20613
0.205972
0.205815
0.205657
0.2055
0.205344
0.205187
0.20503
0.204874
0.204718
0.204563
0.204407
0.205011
0.204856
0.204701
0.204545
0.204391
0.204236
0.204082
0.203927
0.203774
0.20362
0.203466
0.203313
0.20316
0.203008
0.202855
0.202703
0.202551
0.202399
0.202247
0.202096
0.201945
0.201794
0.201643
0.201493
0.201342
0.201192
0.201042
0.200893
0.200743
0.201337
0.20193
0.20178
0.201631
0.201481
0.201332
0.201183
0.201035
0.200886
0.201476
0.201327
0.201179
0.201031
0.200883
0.200735
0.200588
0.200441
0.200293
0.200147
0.2
0.199854
0.199707
0.199561
0.199416
0.19927
0.199125
0.19898
0.198835
0.19869
0.198545
0.198401
0.198257
0.198113
0.19797
0.197826
0.197683
0.19754
0.197397
0.197254
0.197112
0.19697
0.196828
0.196686
0.196544
0.196403
0.196262
0.196121
0.19598
0.195839
0.195699
0.195559
0.195419
0.195279
0.195139
0.195
0.194861
0.194722
0.195296
0.195869
0.19573
0.19559
0.195451
0.195312
0.195174
0.195035
0.194897
0.194759
0.194621
0.194484
0.194346
0.194209
0.194072
0.193935
0.193798
0.193662
0.193526
0.19339
0.193254
0.193118
0.193684
0.193548
0.193413
0.193277
0.193142
0.193706
0.19427
0.194832
0.195394
0.195955
0.196516
0.197075
0.197634
0.198192
0.198054
0.197917
0.197779
0.197642
0.197505
0.197368
0.197232
0.197095
0.196959
0.196823
0.196687
0.196552
0.196416
0.196281
0.196146
0.196011
0.195876
0.195742
0.195607
0.195473
0.195339
0.195205
0.195072
0.194938
0.194805
0.194672
0.194539
0.194407
0.194274
0.194142
0.19401
0.193878
0.193746
0.193614
0.193483
0.193351
0.19322
0.193089
0.192959
0.192828
0.192698
0.192568
0.192438
0.192308
0.192178
0.192049
0.191919
0.19179
0.191661
0.191532
0.191404
0.191275
0.191147
0.191019
0.190891
0.190763
0.190635
0.190508
0.190381
0.190254
0.190127
0.19
0.189873
0.189747
0.189621
0.189495
0.189369
0.189243
0.189117
0.188992
0.188867
0.188742
0.188617
0.188492
0.188367
0.188243
0.188119
0.187995
0.187871
0.187747
0.187623
0.1875
0.187377
0.187254
0.187787
0.18832
0.188852
0.188729
0.188605
0.188482
0.188358
0.188235
0.188112
0.18799
0.187867
0.187744
0.187622
0.1875
0.187378
0.187906
0.188434
0.188312
0.188189
0.188067
0.187946
0.187824
0.187702
0.187581
0.18746
0.187339
0.187218
0.187097
0.186976
0.186856
0.186735
0.186615
0.186495
0.186375
0.186256
0.186136
0.186017
0.186538
0.186419
0.1863
0.18618
0.186061
0.185942
0.185824
0.185705
0.185587
0.185468
0.18535
0.185232
0.185115
0.184997
0.184879
0.184762
0.184645
0.184528
0.184411
0.184294
0.184177
0.184061
0.183944
0.183828
0.183712
0.183596
0.18348
0.183365
0.183249
0.183134
0.183019
0.182904
0.182789
0.182674
0.18256
0.182445
0.182331
0.182217
0.182103
0.181989
0.181875
0.181761
0.181648
0.181535
0.181421
0.181308
0.181196
0.181083
0.18097
0.180858
0.180745
0.180633
0.180521
0.180409
0.180297
0.180186
0.180074
0.179963
0.179852
0.179741
0.17963
0.179519
0.179408
0.179298
0.179187
0.179077
0.178967
0.178857
0.178747
0.178637
0.178528
0.178418
0.178309
0.1782
0.178091
0.177982
0.177873
0.177764
0.177656
0.177547
0.177439
0.177331
0.177223
0.177115
0.177007
0.1769
0.176792
0.176685
0.176578
0.176471
0.176364
0.176257
0.17615
0.176044
0.175937
0.175831
0.175725
0.175619
0.175513
0.175407
0.175301
0.175196
0.17509
0.175586
0.176082
0.176577
0.177071
0.177564
0.178058
0.17855
0.179042
0.179533
0.179426
0.179319
0.179211
0.179104
0.178998
0.178891
0.178784
0.178678
0.179167
0.17906
0.178954
0.178847
0.178741
0.178635
0.178529
0.178423
0.178318
0.178212
0.178107
0.178001
0.177896
0.177791
0.177686
0.177581
0.177476
0.177372
0.177267
0.177163
0.177059
0.176955
0.176851
0.176747
0.176643
0.177126
0.177022
0.176919
0.176815
0.176712
0.177193
0.177089
0.176986
0.176883
0.176779
0.176676
0.176573
0.176471
0.176368
0.176265
0.176163
0.17606
0.175958
0.175856
0.175754
0.176232
0.17613
0.176028
0.175926
0.175824
0.175723
0.175621
0.176097
0.175995
0.175894
0.175793
0.175691
0.17559
0.175489
0.175388
0.175287
0.175187
0.175086
0.174986
0.174885
0.174785
0.174685
0.174585
0.174485
0.174385
0.174286
0.174186
0.174087
0.173987
0.173888
0.174359
0.174829
0.175299
0.175768
0.176236
0.176705
0.177172
0.177639
0.178106
0.178005
0.177904
0.178369
0.178268
0.178167
0.178067
0.177966
0.177866
0.177765
0.177665
0.177565
0.177465
0.177365
0.177265
0.177165
0.177066
0.176966
0.176867
0.176768
0.176669
0.17657
0.176471
0.176372
0.176273
0.176174
0.176076
0.175978
0.175879
0.175781
0.175683
0.175585
0.175487
0.17539
0.175292
0.175195
0.175097
0.175
0.175458
0.175916
0.176373
0.176829
0.177285
0.177741
0.178196
0.178097
0.177999
0.178453
0.178355
0.178256
0.178158
0.17806
0.177961
0.177863
0.177766
0.177668
0.17757
0.177473
0.177375
0.177278
0.17718
0.177083
0.176986
0.176889
0.176793
0.176696
0.176599
0.176503
0.176406
0.17631
0.176214
0.176118
0.176022
0.175926
0.17583
0.175734
0.175639
0.175543
0.175448
0.175353
0.175258
0.175163
0.175068
0.174973
0.174878
0.174784
0.174689
0.174595
0.1745
0.174406
0.174312
0.174218
0.174124
0.17403
0.173936
0.173843
0.173749
0.173656
0.173563
0.173469
0.173376
0.173283
0.17319
0.173098
0.173005
0.172912
0.17282
0.172727
0.172635
0.172543
0.172451
0.172359
0.172267
0.172175
0.172083
0.171991
0.1719
0.171809
0.171717
0.171626
0.171535
0.171444
0.171353
0.171262
0.171171
0.171081
0.17099
0.170899
0.170809
0.170719
0.170629
0.170539
0.170449
0.170359
0.170269
0.170179
0.17009
0.17
0.169911
0.169821
0.169732
0.169643
0.169554
0.169465
0.169376
0.169287
0.169199
0.16911
0.169021
0.168933
0.168845
0.168757
0.168668
0.16858
0.168492
0.168405
0.168317
0.168229
0.168662
0.169095
0.169527
0.169439
0.169351
0.169263
0.169175
0.169087
0.168999
0.168912
0.168824
0.168737
0.16865
0.168563
0.168475
0.168388
0.168301
0.168215
0.168128
0.168041
0.167955
0.167868
0.167782
0.167695
0.167609
0.167523
0.167437
0.167351
0.167265
0.167179
0.167094
0.167008
0.166923
0.166837
0.166752
0.166667
0.166582
0.166496
0.166411
0.166327
0.166242
0.166157
0.166072
0.165988
0.165903
0.165819
0.165735
0.166159
0.166074
0.16599
0.165906
0.165822
0.165737
0.165653
0.16557
0.165486
0.165402
0.165319
0.165235
0.165152
0.165068
0.164985
0.164902
0.164819
0.164736
0.164653
0.16457
0.164487
0.164404
0.164322
0.164239
0.164157
0.164074
0.163992
0.16391
0.163828
0.163746
0.163664
0.163582
0.1635
0.163418
0.163337
0.163255
0.163174
0.163092
0.163011
0.16293
0.162849
0.162768
0.162687
0.162606
0.162525
0.162444
0.162363
0.162283
0.162202
0.162122
0.162042
0.161961
0.161881
0.161801
0.161721
0.161641
0.161561
0.161481
0.161402
0.161322
0.161243
0.161163
0.161084
0.161004
0.160925
0.160846
0.160767
0.160688
0.160609
0.16053
0.160451
0.160863
0.161275
0.161685
0.161606
0.161527
0.161448
0.161369
0.16129
0.161212
0.161133
0.161054
0.160976
0.160897
0.160819
0.16074
0.160662
0.160584
0.160506
0.160428
0.16035
0.160272
0.160194
0.160116
0.160039
0.159961
0.159884
0.159806
0.159729
0.159652
0.159574
0.159497
0.15942
0.159343
0.159266
0.15919
0.159113
0.159036
0.159441
0.159846
0.16025
0.160654
0.161058
0.161461
0.161864
0.162266
0.162668
0.16307
0.162991
0.162913
0.162835
0.163236
0.163158
0.16308
0.163002
0.162924
0.162846
0.162768
0.162691
0.162613
0.162536
0.162458
0.162381
0.162304
0.162226
0.162149
0.162072
0.161995
0.161918
0.161841
0.161765
0.161688
0.161611
0.161535
0.161458
0.161382
0.161306
0.161229
0.161153
0.161077
0.161001
0.160925
0.160849
0.160773
0.160697
0.160622
0.160546
0.160471
0.160395
0.16032
0.160244
0.160169
0.160094
0.160019
0.159944
0.159869
0.159794
0.159719
0.159644
0.159569
0.159495
0.15942
0.159346
0.159271
0.159197
0.159123
0.159049
0.158974
0.1589
0.158826
0.158752
0.158678
0.158605
0.158531
0.158457
0.158384
0.15831
0.158237
0.158163
0.15809
0.15848
0.15887
0.158796
0.158723
0.158649
0.158576
0.158503
0.15843
0.158356
0.158283
0.15821
0.158137
0.158065
0.157992
0.157919
0.157846
0.157774
0.157701
0.158088
0.158475
0.158861
0.158788
0.158716
0.158643
0.15857
0.158497
0.158425
0.158352
0.15828
0.158208
0.158135
0.158063
0.157991
0.157919
0.157847
0.157775
0.157703
0.157631
0.157559
0.157487
0.157416
0.157344
0.157273
0.157201
0.15713
0.157059
0.156987
0.156916
0.156845
0.156774
0.156703
0.156632
0.156561
0.15649
0.15642
0.156349
0.156278
0.156208
0.156137
0.156067
0.155996
0.155926
0.155856
0.155786
0.155716
0.155646
0.155576
0.155506
0.155436
0.155366
0.155296
0.155227
0.155157
0.155087
0.155018
0.154948
0.154879
0.15481
0.154741
0.154671
0.154602
0.154533
0.154464
0.154395
0.154326
0.154258
0.154189
0.15412
0.154052
0.153983
0.153915
0.153846
0.153778
0.153709
0.153641
0.153573
0.153505
0.153437
0.153369
0.153301
0.153233
0.153165
0.153097
0.15303
0.152962
0.152894
0.152827
0.152759
0.152692
0.152625
0.152557
0.15249
0.152423
0.152356
0.152289
0.152222
0.152155
0.152088
0.152021
0.151954
0.151888
0.15226
0.152632
0.153003
0.153374
0.153745
0.154116
0.154486
0.154856
0.155225
0.155157
0.15509
0.155022
0.154954
0.154887
0.154819
0.154752
0.154684
0.154617
0.154549
0.154482
0.154415
0.154348
0.154281
0.154214
0.154147
0.15408
0.154013
0.153946
0.153879
0.153813
0.153746
0.15368
0.153613
0.153547
0.15348
0.153414
0.153348
0.153282
0.153215
0.153149
0.153083
0.153017
0.152951
0.152885
0.15282
0.152754
0.152688
0.152623
0.152557
0.152491
0.152426
0.152361
0.152295
0.15223
0.152165
0.152099
0.152034
0.151969
0.151904
0.151839
0.151774
0.151709
0.151645
