1
1
1
1
1
1
1
1
1
1
1
1
1
1
1
1
1
1
1
1
0.952381
0.954545
0.956522
0.916667
0.92
0.923077
0.925926
0.928571
0.896552
0.9
0.903226
0.90625
0.909091
0.911765
0.914286
0.916667
0.918919
0.921053
0.923077
0.9
0.902439
0.880952
0.860465
0.863636
0.866667
0.847826
0.829787
0.833333
0.836735
0.84
0.823529
0.826923
0.811321
0.796296
0.781818
0.767857
0.754386
0.758621
0.762712
0.766667
0.754098
0.741935
0.730159
0.71875
0.723077
0.727273
0.716418
0.705882
0.695652
0.685714
0.690141
0.694444
0.69863
0.702703
0.706667
0.710526
0.714286
0.717949
0.721519
0.725
0.716049
0.707317
0.698795
0.690476
0.682353
0.686047
0.678161
0.670455
0.674157
0.666667
0.659341
0.652174
0.645161
0.648936
0.652632
0.65625
0.659794
0.663265
0.666667
0.67
0.673267
0.676471
0.669903
0.673077
0.666667
0.660377
0.654206
0.648148
0.642202
0.636364
0.630631
0.625
0.619469
0.614035
0.608696
0.612069
0.615385
0.618644
0.613445
0.608333
0.603306
0.598361
0.601626
0.596774
0.592
0.587302
0.582677
0.585938
0.589147
0.592308
0.59542
0.598485
0.601504
0.597015
0.592593
0.588235
0.583942
0.586957
0.589928
0.592857
0.595745
0.598592
0.601399
0.604167
0.606897
0.609589
0.612245
0.608108
0.604027
0.6
0.596026
0.592105
0.588235
0.584416
0.580645
0.576923
0.573248
0.56962
0.572327
0.56875
0.565217
0.561728
0.558282
0.560976
0.563636
0.566265
0.568862
0.571429
0.573964
0.576471
0.578947
0.581395
0.583815
0.58046
0.577143
0.573864
0.576271
0.578652
0.581006
0.583333
0.58011
0.582418
0.579235
0.576087
0.572973
0.569892
0.566845
0.56383
0.560847
0.563158
0.565445
0.567708
0.564767
0.561856
0.558974
0.556122
0.553299
0.550505
0.547739
0.545
0.542289
0.539604
0.536946
0.534314
0.531707
0.529126
0.52657
0.524038
0.521531
0.519048
0.516588
0.514151
0.511737
0.509346
0.506977
0.50463
0.502304
0.5
0.497717
0.495455
0.493213
0.490991
0.488789
0.486607
0.484444
0.482301
0.480176
0.47807
0.475983
0.473913
0.471861
0.469828
0.467811
0.465812
0.46383
0.461864
0.459916
0.457983
0.456067
0.454167
0.452282
0.450413
0.44856
0.446721
0.444898
0.443089
0.441296
0.439516
0.437751
0.436
0.434263
0.43254
0.434783
0.433071
0.431373
0.429688
0.428016
0.430233
0.428571
0.426923
0.429119
0.431298
0.43346
0.435606
0.437736
0.43985
0.441948
0.44403
0.446097
0.448148
0.446494
0.444853
0.443223
0.441606
0.44
0.442029
0.444043
0.446043
0.444444
0.442857
0.441281
0.439716
0.438163
0.43662
0.435088
0.433566
0.432056
0.430556
0.429066
0.427586
0.426117
0.424658
0.426621
0.42517
0.423729
0.425676
0.424242
0.422819
0.421405
0.42
0.418605
0.417219
0.415842
0.414474
0.413115
0.411765
0.413681
0.415584
0.417476
0.419355
0.421222
0.423077
0.42492
0.423567
0.422222
0.424051
0.425868
0.427673
0.429467
0.43125
0.433022
0.434783
0.436533
0.438272
0.44
0.43865
0.437309
0.435976
0.43465
0.433333
0.432024
0.430723
0.432432
0.434132
0.435821
0.434524
0.433234
0.431953
0.430678
0.432353
0.431085
0.429825
0.428571
0.427326
0.426087
0.424855
0.423631
0.422414
0.421203
0.42
0.418803
0.417614
0.416431
0.415254
0.414085
0.412921
0.414566
0.413408
0.412256
0.411111
0.409972
0.40884
0.407713
0.406593
0.405479
0.404372
0.40327
0.402174
0.401084
0.4
0.398922
0.397849
0.396783
0.395722
0.394667
0.393617
0.392573
0.391534
0.390501
0.392105
0.393701
0.395288
0.396867
0.398438
0.4
0.401554
0.403101
0.404639
0.403599
0.402564
0.401535
0.40051
0.399491
0.398477
0.397468
0.396465
0.395466
0.394472
0.393484
0.3925
0.394015
0.395522
0.394541
0.393564
0.392593
0.391626
0.390663
0.389706
0.388753
0.387805
0.386861
0.385922
0.387409
0.386473
0.385542
0.384615
0.383693
0.385167
0.386635
0.385714
0.384798
0.383886
0.382979
0.382075
0.381176
0.380282
0.379391
0.380841
0.379953
0.37907
0.37819
0.377315
0.378753
0.37788
0.377011
0.376147
0.375286
0.374429
0.373576
0.372727
0.371882
0.371041
0.370203
0.369369
0.368539
0.367713
0.36689
0.366071
0.365256
0.364444
0.363636
0.362832
0.362031
0.361233
0.36044
0.359649
0.358862
0.358079
0.357298
0.356522
0.355748
0.354978
0.354212
0.353448
0.352688
0.351931
0.351178
0.350427
0.34968
0.351064
0.352442
0.353814
0.35518
0.35654
0.357895
0.359244
0.360587
0.361925
0.363257
0.3625
0.361746
0.360996
0.362319
0.363636
0.362887
0.36214
0.361396
0.360656
0.361963
0.363265
0.364562
0.363821
0.363083
0.362348
0.361616
0.360887
0.360161
0.359438
0.358717
0.358
0.357285
0.356574
0.355865
0.357143
0.356436
0.355731
0.35503
0.354331
0.353635
0.352941
0.35225
0.351562
0.350877
0.350195
0.349515
0.348837
0.348162
0.34749
0.346821
0.346154
0.345489
0.344828
0.344168
0.343511
0.344762
0.346008
0.345351
0.344697
0.344045
0.343396
0.34275
0.342105
0.341463
0.340824
0.340187
0.339552
0.33892
0.33829
0.337662
0.337037
0.336414
0.335793
0.335175
0.334559
0.333945
0.333333
0.332724
0.332117
0.331512
0.330909
0.330309
0.32971
0.329114
0.32852
0.327928
0.327338
0.32675
0.326165
0.325581
0.325
0.324421
0.323843
0.323268
0.322695
0.322124
0.321555
0.320988
0.320423
0.319859
0.319298
0.318739
0.318182
0.317627
0.317073
0.318261
0.317708
0.317158
0.316609
0.316062
0.315517
0.314974
0.314433
0.313894
0.313356
0.312821
0.312287
0.311755
0.312925
0.312394
0.311864
0.311337
0.310811
0.310287
0.309764
0.309244
0.308725
0.308208
0.307692
0.307179
0.306667
0.306156
0.305648
0.305141
0.304636
0.304132
0.30363
0.30313
0.302632
0.302135
0.301639
0.301146
0.300654
0.300163
0.299674
0.299187
0.298701
0.298217
0.297735
0.297254
0.296774
0.297907
0.299035
0.298555
0.298077
0.2976
0.297125
0.296651
0.296178
0.295707
0.295238
0.29477
0.294304
0.293839
0.293375
0.292913
0.292453
0.291994
0.291536
0.292645
0.292187
0.291732
0.291277
0.290824
0.290373
0.289922
0.289474
0.289026
0.28858
0.288136
0.287692
0.28725
0.28681
0.286371
0.285933
0.285496
0.285061
0.284627
0.284195
0.283763
0.283333
0.282905
0.282477
0.282051
0.281627
0.281203
0.280781
0.28036
0.27994
0.279522
0.280597
0.280179
0.279762
0.279346
0.278932
0.278519
0.278107
0.279173
0.278761
0.278351
0.279412
0.28047
0.281525
0.281113
0.280702
0.280292
0.279883
0.279476
0.27907
0.278665
0.278261
0.277858
0.277457
0.277056
0.276657
0.276259
0.275862
0.275466
0.275072
0.274678
0.274286
0.275321
0.274929
0.274538
0.275568
0.276596
0.27762
0.278642
0.279661
0.280677
0.28169
0.2827
0.283708
0.284712
0.284314
0.283916
0.28352
0.283124
0.28273
0.282337
0.281944
0.281553
0.281163
0.280775
0.280387
0.28
0.279614
0.27923
0.278846
0.278464
0.278082
0.277702
0.277322
0.276944
0.276567
0.27619
0.275815
0.275441
0.275068
0.274696
0.274324
0.275304
0.274933
0.274563
0.274194
0.273826
0.273458
0.273092
0.272727
0.272363
0.272
0.271638
0.271277
0.270916
0.270557
0.270199
0.269841
0.269485
0.269129
0.268775
0.268421
0.268068
0.267717
0.267366
0.267016
0.266667
0.267624
0.268579
0.269531
0.270481
0.271429
0.272374
0.273316
0.272962
0.27261
0.272258
0.271907
0.271557
0.271208
0.27086
0.270513
0.270166
0.269821
0.269476
0.269133
0.26879
0.268448
0.268107
0.267766
0.267427
0.267089
0.266751
0.266414
0.266078
0.265743
0.265409
0.265075
0.264743
0.264411
0.26408
0.26375
0.263421
0.263092
0.262765
0.262438
0.262112
0.261787
0.261462
0.261139
0.260816
0.260494
0.260173
0.259852
0.259533
0.259214
0.258896
0.258578
0.258262
0.257946
0.257631
0.257317
0.257004
0.256691
0.256379
0.256068
0.255758
0.255448
0.256348
0.257246
0.258142
0.259036
0.259928
0.260817
0.261705
0.26259
0.263473
0.264354
0.264038
0.263723
0.263409
0.263095
0.262782
0.26247
0.262159
0.261848
0.261538
0.261229
0.260921
0.260613
0.260306
0.26
0.259694
0.25939
0.259086
0.258782
0.25848
0.258178
0.257876
0.257576
0.257276
0.256977
0.256678
0.256381
0.256083
0.255787
0.255491
0.255196
0.254902
0.254608
0.254315
0.254023
0.253731
0.25344
0.25315
0.25286
0.252571
0.253425
0.254276
0.255125
0.254835
0.254545
0.254257
0.253968
0.253681
0.253394
0.253107
0.252822
0.252537
0.252252
0.251969
0.251685
0.252525
0.253363
0.254199
0.255034
0.255866
0.256696
0.257525
0.257238
0.256952
0.256667
0.256382
0.256098
0.255814
0.255531
0.255249
0.254967
0.254686
0.254405
0.254125
0.253846
0.253568
0.253289
0.253012
0.252735
0.252459
0.252183
0.251908
0.251634
0.25136
0.251087
0.250814
0.250542
0.250271
0.25
0.24973
0.24946
0.249191
0.248922
0.248654
0.248387
0.24812
0.247854
0.247588
0.248394
0.248128
0.247863
0.247599
0.247335
0.247071
0.246809
0.247609
0.248408
0.248144
0.247881
0.247619
0.247357
0.247096
0.246835
0.246575
0.246316
0.246057
0.245798
0.24659
0.247379
0.248168
0.248954
0.249739
0.249478
0.249218
0.248958
0.248699
0.24948
0.249221
0.248963
0.248705
0.248447
0.249224
0.248967
0.24871
0.248454
0.248198
0.247942
0.247688
0.247433
0.247179
0.247951
0.247697
0.247444
0.247191
0.246939
0.246687
0.246436
0.246185
0.245935
0.245685
0.245436
0.245187
0.244939
0.244692
0.244444
0.244198
0.243952
0.243706
0.243461
0.243216
0.242972
0.243731
0.244489
0.244244
0.244
0.243756
0.243513
0.24327
0.243028
0.243781
0.244533
0.245283
0.24504
0.244797
0.244554
0.244313
0.244071
0.24383
0.24359
0.24335
0.24311
0.242871
0.242633
0.242395
0.242157
0.24192
0.241683
0.241447
0.241211
0.240976
0.240741
0.240506
0.240272
0.240039
0.239806
0.239573
0.24031
0.240077
0.239845
0.239614
0.239382
0.239151
0.238921
0.238691
0.238462
0.239193
0.239923
0.240652
0.241379
0.242105
0.24283
0.242598
0.242366
0.242135
0.241905
0.241675
0.241445
0.241216
0.240987
0.240758
0.24053
0.240303
0.240076
0.239849
0.239623
0.239397
0.239171
0.238946
0.238722
0.238498
0.238274
0.238051
0.237828
0.237605
0.237383
0.237162
0.23694
0.236719
0.236499
0.236279
0.236059
0.236769
0.237477
0.238184
0.238889
0.239593
0.240296
0.240997
0.241697
0.241475
0.241252
0.24103
0.240809
0.240588
0.240367
0.240147
0.239927
0.239707
0.239488
0.239269
0.239051
0.238833
0.238616
0.238399
0.238182
0.237965
0.23775
0.237534
0.237319
0.237104
0.23689
0.236676
0.236462
0.237151
0.237838
0.238524
0.239209
0.239892
0.240575
0.241256
0.241935
0.242614
0.243292
0.243074
0.242857
0.24264
0.242424
0.242208
0.241993
0.241778
0.242451
0.243123
0.243794
0.243578
0.243363
0.243148
0.242933
0.242718
0.242504
0.242291
0.242077
0.241865
0.241652
0.24144
0.241228
0.241893
0.242557
0.24322
0.243881
0.244541
0.245201
0.245859
0.246516
0.247171
0.247826
0.247611
0.247396
0.247181
0.246967
0.246753
0.24654
0.246327
0.246114
0.245902
0.24569
0.245478
0.245267
0.245056
0.244845
0.244635
0.244425
0.244216
0.244007
0.243798
0.244444
0.24509
0.245734
0.246377
0.247019
0.24766
0.247449
0.247239
0.247029
0.246819
0.24661
0.246401
0.246193
0.245985
0.245777
0.24557
0.245363
0.245156
0.244949
0.244743
0.244538
0.244332
0.244966
0.245599
0.245394
0.245188
0.244983
0.244779
0.244574
0.24437
0.244167
0.243963
0.24376
0.243558
0.243355
0.243154
0.242952
0.242751
0.243377
0.243176
0.242975
0.242775
0.242574
0.242374
0.242175
0.241975
0.241776
0.241578
0.241379
0.241181
0.240984
0.240786
0.240589
0.240392
0.240196
0.24
0.239804
0.239609
0.239414
0.239219
0.239024
0.23883
0.238636
0.238443
0.23825
0.238866
0.239482
0.240097
0.240711
0.240517
0.240323
0.240129
0.239936
0.240547
0.241158
0.241767
0.241573
0.241379
0.241186
0.240993
0.2416
0.242206
0.242812
0.243416
0.243222
0.243028
0.242834
0.242641
0.242448
0.242256
0.242063
0.241872
0.24168
0.241489
0.241297
0.241107
0.240916
0.240726
0.240536
0.240347
0.240157
0.239969
0.23978
0.239592
0.240188
0.24
0.239812
0.239624
0.239437
0.239249
0.239063
0.238876
0.23869
0.238504
0.238318
0.238132
0.237947
0.237762
0.237578
0.237393
0.237209
0.2378
0.237616
0.237432
0.237249
0.237066
0.237654
0.237471
0.237288
0.237105
0.236923
0.236741
0.236559
0.236378
0.236196
0.236015
0.235835
0.235654
0.235474
0.235294
0.235115
0.234935
0.234756
0.234577
0.234399
0.234221
0.234043
0.234624
0.235205
0.235785
0.236364
0.236185
0.236006
0.235828
0.23565
0.235472
0.235294
0.235117
0.23494
0.235515
0.23609
0.236664
0.237237
0.237059
0.236882
0.236704
0.236527
0.23635
0.236173
0.235997
0.235821
0.236391
0.236215
0.236039
0.235863
0.235688
0.235513
0.235338
0.235163
0.234989
0.234815
0.234641
0.234467
0.234294
0.234121
0.233948
0.233776
0.233604
0.233432
0.23326
0.233088
0.232917
0.232746
0.232575
0.232405
0.232234
0.232064
0.231895
0.231725
0.231556
0.231387
0.231218
0.23105
0.230881
0.230713
0.230545
0.230378
0.230211
0.230044
0.229877
0.22971
0.229544
0.229378
0.229212
0.229046
0.228881
0.229437
0.229272
0.229107
0.228942
0.228777
0.228613
0.228448
0.228284
0.228121
0.227957
0.227794
0.227631
0.227468
0.227305
0.227143
0.226981
0.226819
0.226657
0.226496
0.226335
0.226174
0.226013
0.225852
0.225692
0.225532
0.225372
0.225212
0.225053
0.224894
0.224735
0.224576
0.224418
0.22426
0.224101
0.223944
0.223786
0.223629
0.223472
0.223315
0.223158
0.223001
0.222845
0.222689
0.222533
0.222378
0.222222
0.222067
0.221912
0.221757
0.221603
0.221448
0.221294
0.22114
0.220987
0.220833
0.22068
0.220527
0.220374
0.220222
0.220069
0.219917
0.219765
0.219613
0.219462
0.21931
0.219159
0.219008
0.218858
0.218707
0.218557
0.218407
0.218257
0.218107
0.217958
0.217808
0.217659
0.21751
0.217362
0.217213
0.217065
0.216917
0.216769
0.216621
0.216474
0.216327
0.216179
0.216033
0.215886
0.215739
0.215593
0.215447
0.215301
0.215156
0.21501
0.214865
0.21472
0.214575
0.21443
0.214286
0.214141
0.213997
0.213853
0.21371
0.213566
0.213423
0.21328
0.213137
0.212994
0.212851
0.212709
0.212567
0.212425
0.212283
0.212141
0.212
0.211859
0.211718
0.211577
0.211436
0.211296
0.211155
0.211015
0.210875
0.210736
0.210596
0.210457
0.210317
0.210178
0.21004
0.209901
0.209763
0.209624
0.209486
0.209348
0.209211
0.209073
0.208936
0.208798
0.208661
0.208525
0.208388
0.208251
0.208115
0.207979
0.207843
0.207707
0.207572
0.207436
0.207301
0.207818
0.208333
0.208848
0.209363
0.209877
0.21039
0.210902
0.211414
0.211925
0.212435
0.212298
0.21216
0.212023
0.211886
0.21175
0.212258
0.212766
0.213273
0.21378
0.214286
0.214791
0.215296
0.2158
0.216303
0.216806
0.216667
0.216528
0.216389
0.216251
0.216113
0.216613
0.217114
0.217613
0.218112
0.217973
0.217834
0.218332
0.21883
0.219326
0.219822
0.220317
0.220812
0.221306
0.2218
0.222293
0.222785
0.222644
0.222503
0.222994
0.223485
0.223975
0.224464
0.224953
0.225441
0.225928
0.226415
0.226901
0.227387
0.227872
0.228356
0.22884
0.228697
0.228554
0.228411
0.228268
0.228125
0.228607
0.229089
0.22957
0.23005
0.229907
0.229763
0.230243
0.2301
0.229956
0.230435
0.230292
0.230149
0.230006
0.229864
0.229721
0.229579
0.229437
0.229295
0.229771
0.230247
0.230722
0.23058
0.230437
0.230296
0.230769
0.231242
0.231715
0.232187
0.232658
0.232515
0.232373
0.23223
0.232088
0.231946
0.231804
0.231663
0.231521
0.23138
0.231239
0.231098
0.231566
0.231425
0.231284
0.231144
0.231003
0.230863
0.230723
0.230583
0.230443
0.230303
0.230164
0.230024
0.229885
0.230351
0.230211
0.230072
0.229934
0.229795
0.230259
0.23012
0.229982
0.229844
0.229705
0.229567
0.229429
0.229292
0.229154
0.229017
0.22888
0.228743
0.228606
0.228469
0.228332
0.228196
0.22806
0.227924
0.227788
0.227652
0.227516
0.227976
0.228435
0.228894
0.229352
0.22981
0.230267
0.230724
0.23118
0.231043
0.230906
0.230769
0.230633
0.230496
0.23036
0.230224
0.230088
0.229953
0.229817
0.229682
0.229547
0.229412
0.229277
0.229142
0.229008
0.22946
0.229912
0.229777
0.229643
0.230094
0.230544
0.230994
0.231444
0.231893
0.232341
0.232789
0.233236
0.233683
0.233547
0.233411
0.233857
0.233721
0.233585
0.233449
0.233314
0.233179
0.233043
0.232908
0.232774
0.232639
0.232504
0.232948
0.233391
0.233256
0.233122
0.232987
0.232853
0.232719
0.232585
0.232451
0.232317
0.232184
0.232051
0.231917
0.231784
0.231651
0.231519
0.231386
0.231254
0.231121
0.230989
0.230857
0.230725
0.230594
0.230462
0.230901
0.231339
0.231207
0.231076
0.230944
0.230813
0.230682
0.230551
0.23042
0.230289
0.230159
0.230028
0.229898
0.229768
0.229638
0.229508
0.229944
0.230378
0.230813
0.231246
0.23168
0.232113
0.232545
0.232977
0.233408
0.233839
0.233708
0.233577
0.233446
0.233315
0.233184
0.233053
0.232923
0.232792
0.232662
0.232532
0.232402
0.232272
0.232143
0.232013
0.231884
0.232312
0.232739
0.23261
0.232481
0.232351
0.232222
0.232093
0.231964
0.231836
0.231707
0.231579
0.231451
0.231323
0.231195
0.231067
0.230939
0.230812
0.230684
0.230557
0.23043
0.230303
0.230176
0.2306
0.231023
0.230896
0.230769
0.230643
0.230516
0.230389
0.230263
0.230137
0.230011
0.229885
0.229759
0.23018
0.230601
0.231021
0.231441
0.23186
0.231734
0.232153
0.232026
0.2319
0.231774
0.231648
0.231522
0.231396
0.23127
0.231145
0.23102
0.230894
0.230769
0.230644
0.230519
0.230395
0.23027
0.230146
0.230022
0.229897
0.229773
0.22965
0.229526
0.229402
0.229279
0.229155
0.229032
0.228909
0.228786
0.228663
0.228541
0.228954
0.229368
0.229245
0.229122
0.228999
0.228877
0.228755
0.228632
0.22851
0.228388
0.228267
0.228145
0.228023
0.227902
0.227781
0.22766
0.227539
0.227418
0.227297
0.227176
0.227056
0.226935
0.226815
0.226695
0.226575
0.226455
0.226335
0.226216
0.226096
0.225977
0.225858
0.225738
0.225619
0.225501
0.225382
0.225263
0.225145
0.225026
0.224908
0.22479
0.224672
0.224554
0.224436
0.224319
0.224725
0.225131
0.225536
0.225941
0.226346
0.226228
0.22611
0.225992
0.225874
0.225756
0.225638
0.226042
0.226445
0.226847
0.227249
0.227651
0.228052
0.228453
0.228853
0.229253
0.229653
0.229534
0.229415
0.229296
0.229177
0.229059
0.228941
0.228822
0.22922
0.229618
0.230015
0.229897
0.229778
0.22966
0.229542
0.229424
0.229306
0.229188
0.22907
0.228953
0.228835
0.228718
0.228601
0.228484
0.228367
0.22825
0.228133
0.228016
0.2279
0.227783
0.227667
0.227551
0.227435
0.227319
0.227203
0.227088
0.226972
0.226857
0.226741
0.226626
0.226511
0.226396
0.226281
0.226166
0.226052
0.225937
0.225823
0.225709
0.225594
0.22548
0.225366
0.225253
0.225139
0.225025
0.224912
0.224798
0.224685
0.224572
0.224459
0.224346
0.224233
0.224121
0.224008
0.223896
0.223783
0.223671
0.223559
0.223447
0.223335
0.223223
0.223112
0.223
0.222889
0.222777
0.222666
0.222555
0.222444
0.222333
0.222222
0.222112
0.222001
0.221891
0.22178
0.22167
0.22156
0.22145
0.22134
0.22123
0.22112
0.221011
0.220901
0.220792
0.220683
0.220574
0.220465
0.220356
0.220247
0.220138
0.22003
0.219921
0.219813
0.219704
0.219596
0.219488
0.21938
0.219272
0.219165
0.219057
0.218949
0.218842
0.218735
0.218627
0.21852
0.218413
0.218306
0.2182
0.218093
0.217986
0.21788
0.217773
0.217667
0.217561
0.217455
0.217836
0.218217
0.218598
0.218978
0.219358
0.219737
0.220117
0.220495
0.220874
0.221252
0.221145
0.221037
0.22093
0.221308
0.221684
0.222061
0.222437
0.222813
0.223188
0.223563
0.223938
0.224313
0.224687
0.224578
0.224952
0.225325
0.225217
0.225589
0.225962
0.225853
0.225744
0.225636
0.225528
0.22542
0.225312
0.225204
0.225096
0.224988
0.22488
0.224773
0.224665
0.224558
0.224451
0.224344
0.224714
0.225083
0.225453
0.225822
0.22619
0.226559
0.226451
0.226343
0.226236
0.226128
0.226021
0.225914
0.226281
0.226648
0.227014
0.22738
0.227273
0.227165
0.227058
0.22695
0.226843
0.226736
0.226629
0.226522
0.226415
0.226308
0.226202
0.226095
0.225989
0.225882
0.225776
0.22567
0.225564
0.225458
0.225352
0.225246
0.225141
0.225035
0.22493
0.224824
0.224719
0.224614
0.224509
0.224404
0.224766
0.224661
0.224556
0.224452
0.224347
0.224709
0.224604
0.224499
0.224395
0.22429
0.224186
0.224082
0.223978
0.223874
0.22377
0.223666
0.223562
0.223459
0.223355
0.223252
0.223148
0.223045
0.222942
0.222839
0.223198
0.223557
0.223453
0.22335
0.223247
0.223144
0.223041
0.222939
0.222836
0.222734
0.222631
0.222529
0.222426
0.222324
0.222222
0.22212
0.222018
0.221917
0.221815
0.221713
0.221612
0.22151
0.221409
0.221308
0.221207
0.221106
0.221005
0.220904
0.220803
0.220702
0.220602
0.220501
0.220401
0.2203
0.2202
0.2201
0.22
0.2199
0.2198
0.2197
0.219601
0.219501
0.219402
0.219302
0.219203
0.219104
0.219005
0.218905
0.218807
0.218708
0.218609
0.21851
0.218412
0.218313
0.218215
0.218116
0.218018
0.21792
0.218272
0.218623
0.218525
0.218427
0.218329
0.218231
0.218133
0.218035
0.217937
0.21784
0.217742
0.217644
0.217547
0.21745
0.217352
0.217255
0.217158
0.217061
0.216964
0.216867
0.216771
0.216674
0.216578
0.216481
0.216385
0.216288
0.216192
0.216096
0.216
0.215904
0.215808
0.215712
0.215617
0.215521
0.215426
0.21533
0.215235
0.215139
0.215044
0.214949
0.214854
0.214759
0.214664
0.21457
0.214475
0.21438
0.214727
0.215073
0.214978
0.214883
0.214789
0.214694
0.2146
0.214945
0.21529
0.215635
0.215979
0.216323
0.216667
0.21701
0.217353
0.217696
0.218039
0.218381
0.218723
0.219064
0.219406
0.21931
0.219214
0.219118
0.219459
0.219799
0.220139
0.220479
0.220819
0.221158
0.221497
0.221836
0.222174
0.222512
0.22285
0.222753
0.222656
0.22256
0.222463
0.222367
0.22227
0.222174
0.222078
0.221982
0.221886
0.22179
0.221694
0.221598
0.221503
0.221407
0.221311
0.221216
0.221121
0.221025
0.22093
0.220835
0.22074
0.220645
0.22055
0.220456
0.220361
0.220266
0.220172
0.220077
0.219983
0.219889
0.219794
0.2197
0.219606
0.219512
0.219418
0.219324
0.219231
0.219137
0.219044
0.21895
0.218857
0.218763
0.21867
0.218577
0.218484
0.218391
0.218723
0.21863
0.218537
0.21887
0.219201
0.219533
0.219864
0.220195
0.220526
0.220856
0.221186
0.221516
0.221846
0.221752
0.221658
0.221564
0.221471
0.221377
0.221284
0.22119
0.221097
0.221004
0.220911
0.220818
0.220725
0.220632
0.220539
0.220446
0.220353
0.220261
0.220168
0.220076
0.219983
0.219891
0.219799
0.219706
0.219614
0.219941
0.220268
0.220594
0.220921
0.220828
0.220736
0.220644
0.220551
0.220459
0.220785
0.220693
0.220601
0.220509
0.220417
0.220325
0.220233
0.220141
0.22005
0.219958
0.219867
0.219776
0.219684
0.219593
0.219502
0.219411
0.21932
0.219229
0.219138
0.219048
0.218957
0.218866
0.218776
0.218685
0.218595
0.218505
0.218415
0.218324
0.218234
0.218144
0.218054
0.217965
0.217875
0.217785
0.217695
0.218017
0.218339
0.21866
0.218981
0.218891
0.218801
0.218712
0.218622
0.218532
0.218443
0.218353
0.218264
0.218174
0.218085
0.217996
0.217907
0.217818
0.217729
0.21764
0.217551
0.217462
0.217374
0.217285
0.217196
0.217108
0.21702
0.216931
0.216843
0.216755
0.216667
0.216579
0.216491
0.216403
0.216315
0.216227
0.216139
0.216052
0.215964
0.215877
0.215789
0.215702
0.215615
0.215528
0.215441
0.215354
0.215267
0.215583
0.2159
0.216216
0.216532
0.216848
0.217164
0.217479
0.217794
0.218109
0.218423
0.218335
0.218248
0.21816
0.218072
0.217985
0.217897
0.21781
0.217723
0.217635
0.217548
0.217461
0.217374
0.217287
0.2172
0.217113
0.217026
0.21694
0.216853
0.216766
0.217079
0.217391
0.217703
0.218015
0.218327
0.218638
0.218949
0.21926
0.21957
0.219881
0.219793
0.219706
0.220016
0.219929
0.219841
0.219754
0.219667
0.21958
0.219493
0.219406
0.219319
0.219232
0.219146
0.219059
