1
1
1
1
1
1
1
1
1
1
1
1
1
1
1
0.9375
0.941176
0.944444
0.894737
0.9
0.857143
0.863636
0.869565
0.875
0.88
0.884615
0.888889
0.892857
0.862069
0.833333
0.806452
0.78125
0.787879
0.794118
0.8
0.805556
0.810811
0.815789
0.820513
0.825
0.804878
0.785714
0.767442
0.75
0.755556
0.76087
0.765957
0.770833
0.77551
0.78
0.784314
0.788462
0.792453
0.796296
0.781818
0.767857
0.754386
0.741379
0.728814
0.716667
0.704918
0.693548
0.68254
0.671875
0.661538
0.666667
0.656716
0.647059
0.637681
0.628571
0.619718
0.611111
0.60274
0.594595
0.586667
0.578947
0.571429
0.564103
0.56962
0.575
0.580247
0.585366
0.590361
0.595238
0.6
0.604651
0.597701
0.590909
0.58427
0.577778
0.571429
0.565217
0.55914
0.553191
0.547368
0.541667
0.536082
0.530612
0.535354
0.53
0.524752
0.529412
0.533981
0.538462
0.542857
0.54717
0.551402
0.555556
0.559633
0.563636
0.567568
0.5625
0.566372
0.570175
0.573913
0.577586
0.581197
0.584746
0.588235
0.591667
0.595041
0.590164
0.585366
0.58871
0.592
0.595238
0.598425
0.601562
0.604651
0.607692
0.610687
0.613636
0.616541
0.61194
0.607407
0.602941
0.59854
0.594203
0.597122
0.6
0.602837
0.598592
0.594406
0.597222
0.593103
0.589041
0.585034
0.581081
0.583893
0.586667
0.589404
0.592105
0.588235
0.584416
0.580645
0.576923
0.573248
0.56962
0.566038
0.5625
0.565217
0.561728
0.558282
0.554878
0.551515
0.548193
0.54491
0.541667
0.538462
0.535294
0.532164
0.52907
0.526012
0.522989
0.52
0.517045
0.514124
0.511236
0.50838
0.511111
0.513812
0.510989
0.508197
0.505435
0.502703
0.5
0.497326
0.5
0.502646
0.505263
0.507853
0.510417
0.512953
0.515464
0.517949
0.520408
0.522843
0.520202
0.517588
0.515
0.512438
0.509901
0.507389
0.504902
0.502439
0.5
0.502415
0.504808
0.507177
0.509524
0.511848
0.514151
0.516432
0.518692
0.52093
0.523148
0.525346
0.527523
0.52968
0.531818
0.533937
0.531532
0.529148
0.526786
0.528889
0.530973
0.528634
0.526316
0.524017
0.521739
0.519481
0.517241
0.515021
0.512821
0.510638
0.508475
0.506329
0.504202
0.506276
0.508333
0.510373
0.512397
0.510288
0.508197
0.506122
0.504065
0.502024
0.5
0.497992
0.496
0.498008
0.5
0.501976
0.503937
0.505882
0.507812
0.505837
0.507752
0.509653
0.511538
0.51341
0.515267
0.51711
0.518939
0.520755
0.518797
0.520599
0.522388
0.520446
0.522222
0.523985
0.525735
0.52381
0.521898
0.52
0.518116
0.516245
0.514388
0.512545
0.510714
0.508897
0.507092
0.5053
0.503521
0.501754
0.5
0.498258
0.496528
0.49481
0.493103
0.491409
0.489726
0.488055
0.486395
0.484746
0.486486
0.488215
0.489933
0.491639
0.493333
0.495017
0.496689
0.49835
0.5
0.501639
0.5
0.498371
0.496753
0.495146
0.493548
0.491961
0.490385
0.488818
0.487261
0.485714
0.484177
0.48265
0.481132
0.479624
0.478125
0.476636
0.475155
0.473684
0.472222
0.473846
0.47546
0.477064
0.478659
0.480243
0.481818
0.483384
0.48494
0.486486
0.488024
0.486567
0.485119
0.48368
0.482249
0.480826
0.479412
0.478006
0.476608
0.475219
0.473837
0.472464
0.471098
0.469741
0.468391
0.467049
0.465714
0.464387
0.463068
0.461756
0.463277
0.461972
0.460674
0.459384
0.458101
0.45961
0.461111
0.462604
0.464088
0.465565
0.464286
0.463014
0.464481
0.46594
0.467391
0.468835
0.47027
0.471698
0.47043
0.469169
0.470588
0.469333
0.468085
0.466844
0.465608
0.46438
0.463158
0.461942
0.460733
0.462141
0.463542
0.464935
0.466321
0.465116
0.463918
0.462725
0.461538
0.460358
0.459184
0.458015
0.456853
0.455696
0.454545
0.453401
0.452261
0.453634
0.455
0.456359
0.457711
0.459057
0.460396
0.461728
0.463054
0.464373
0.465686
0.464548
0.463415
0.462287
0.461165
0.460048
0.458937
0.457831
0.456731
0.455635
0.454545
0.453461
0.454762
0.453682
0.454976
0.453901
0.455189
0.456471
0.457746
0.459016
0.457944
0.456876
0.455814
0.454756
0.456019
0.457275
0.458525
0.45977
0.458716
0.457666
0.458904
0.460137
0.461364
0.462585
0.461538
0.460497
0.459459
0.458427
0.457399
0.456376
0.455357
0.454343
0.455556
0.456763
0.457965
0.459161
0.45815
0.457143
0.45614
0.455142
0.456332
0.457516
0.458696
0.45987
0.461039
0.462203
0.461207
0.460215
0.461373
0.460385
0.459402
0.460554
0.459574
0.458599
0.457627
0.45666
0.455696
0.454737
0.453782
0.45283
0.451883
0.450939
0.45
0.449064
0.448133
0.447205
0.446281
0.445361
0.444444
0.443532
0.442623
0.441718
0.440816
0.439919
0.439024
0.438134
0.437247
0.436364
0.435484
0.434608
0.433735
0.432866
0.432
0.431138
0.432271
0.4334
0.434524
0.435644
0.436759
0.43787
0.438976
0.440079
0.441176
0.44227
0.441406
0.440546
0.439689
0.438835
0.437984
0.437137
0.436293
0.43738
0.438462
0.43762
0.436782
0.435946
0.435115
0.43619
0.435361
0.434535
0.433712
0.432892
0.432075
0.431262
0.430451
0.429644
0.430712
0.431776
0.432836
0.433892
0.434944
0.434137
0.433333
0.434381
0.435424
0.434622
0.433824
0.433028
0.432234
0.433272
0.434307
0.435337
0.436364
0.437387
0.438406
0.439421
0.440433
0.441441
0.440647
0.439856
0.44086
0.440072
0.439286
0.438503
0.437722
0.436945
0.43617
0.435398
0.434629
0.433862
0.433099
0.432337
0.431579
0.430823
0.43007
0.429319
0.428571
0.427826
0.427083
0.428076
0.429066
0.428325
0.427586
0.42685
0.426117
0.425386
0.424658
0.423932
0.423208
0.422487
0.421769
0.421053
0.420339
0.419628
0.418919
0.418212
0.417508
0.416807
0.416107
0.41541
0.414716
0.414023
0.413333
0.412646
0.41196
0.412935
0.412252
0.41157
0.410891
0.410214
0.409539
0.408867
0.408197
0.407529
0.406863
0.406199
0.405537
0.404878
0.404221
0.403566
0.402913
0.402262
0.401613
0.400966
0.400322
0.399679
0.399038
0.3984
0.397764
0.397129
0.398089
0.397456
0.396825
0.396197
0.39557
0.394945
0.394322
0.393701
0.393082
0.392465
0.39185
0.392801
0.39375
0.394696
0.395639
0.396579
0.397516
0.39845
0.399381
0.400309
0.401235
0.400616
0.4
0.399386
0.400307
0.399694
0.399083
0.398473
0.397866
0.39726
0.396657
0.396055
0.395455
0.396369
0.397281
0.39819
0.399096
0.4
0.400901
0.401799
0.402695
0.403587
0.404478
0.403875
0.403274
0.402675
0.402077
0.401481
0.400888
0.400295
0.399705
0.399116
0.398529
0.397944
0.397361
0.396779
0.396199
0.39562
0.395044
0.394469
0.393895
0.393324
0.392754
0.392185
0.391618
0.391053
0.39049
0.389928
0.389368
0.388809
0.388252
0.387697
0.387143
0.386591
0.38604
0.385491
0.384943
0.384397
0.383853
0.38331
0.382768
0.382228
0.38169
0.381153
0.380618
0.380084
0.379552
0.379021
0.378492
0.377964
0.37883
0.379694
0.380556
0.381415
0.382271
0.383126
0.383978
0.384828
0.385675
0.38652
0.385989
0.38546
0.384932
0.384405
0.38388
0.383356
0.382834
0.382313
0.381793
0.381275
0.380759
0.380244
0.37973
0.379217
0.378706
0.378197
0.377688
0.378523
0.378016
0.37751
0.377005
0.376502
0.376
0.375499
0.375
0.374502
0.374005
0.37351
0.374339
0.375165
0.375989
0.376812
0.377632
0.378449
0.379265
0.380079
0.38089
0.381699
0.381201
0.380704
0.380208
0.379714
0.379221
0.378729
0.378238
0.379043
0.379845
0.380645
0.381443
0.382239
0.383033
0.383825
0.384615
0.385403
0.386189
0.385696
0.38648
0.387261
0.388041
0.388818
0.389594
0.390368
0.391139
0.391909
0.392677
0.393443
0.394207
0.393711
0.394472
0.395232
0.394737
0.394243
0.395
0.395755
0.396509
0.39726
0.39801
0.398758
0.399504
0.400248
0.40099
0.401731
0.401235
0.40074
0.400246
0.399754
0.399263
0.398773
0.398284
0.397797
0.397311
0.396825
0.396341
0.395859
0.395377
0.394897
0.395631
0.396364
0.397094
0.397823
0.398551
0.399276
0.398795
0.399519
0.40024
0.40096
0.401679
0.402395
0.40311
0.403823
0.404535
0.405244
0.405952
0.40547
0.404988
0.404508
0.404028
0.40355
0.403073
0.402597
0.402123
0.401649
0.402353
0.403055
0.403756
0.404455
0.405152
0.405848
0.406542
0.407235
0.407925
0.408615
0.40814
0.407666
0.407193
0.406721
0.40625
0.40578
0.405312
0.404844
0.404378
0.403913
0.403448
0.402985
0.402523
0.402062
0.401602
0.401143
0.400685
0.400228
0.399772
0.400455
0.401136
0.401816
0.401361
0.400906
0.401584
0.40113
0.400677
0.400225
0.399775
0.399325
0.398876
0.399551
0.400224
0.400896
0.401566
0.402235
0.402902
0.403567
0.404232
0.404894
0.405556
0.405105
0.405765
0.406423
0.40708
0.407735
0.407285
0.406836
0.406388
0.405941
0.405495
0.405049
0.404605
0.404162
0.40372
0.403279
0.402838
0.402399
0.401961
0.401523
0.401087
0.400651
0.400217
0.399783
0.400433
0.4
0.399568
0.399137
0.398707
0.398278
0.397849
0.397422
0.396996
0.39657
0.396146
0.396791
0.397436
0.398079
0.398721
0.399361
0.4
0.400638
0.401274
0.401909
0.402542
0.402116
0.401691
0.401267
0.400844
0.400421
0.401053
0.401682
0.402311
0.402938
0.403564
0.404188
0.404812
0.405434
0.406054
0.406674
0.40625
0.405827
0.405405
0.404984
0.404564
0.404145
0.403727
0.403309
0.402893
0.403509
0.404124
0.404737
0.40535
0.404933
0.404517
0.404103
0.403689
0.404299
0.404908
0.405516
0.406122
0.406728
0.407332
0.407935
0.408537
0.409137
0.409736
0.409321
0.408907
0.408493
0.408081
0.407669
0.407258
0.407855
0.407445
0.407035
0.406627
0.406219
0.405812
0.405405
0.405
0.404595
0.404192
0.403789
0.403386
0.402985
0.402584
0.402185
0.401786
0.401388
0.40099
0.400593
0.400198
0.399803
0.399408
0.399015
0.398622
0.39823
0.397839
0.397448
0.397059
0.39667
0.396282
0.395894
0.395508
0.395122
0.394737
0.394352
0.393969
0.393586
0.393204
0.392823
0.392442
0.392062
0.391683
0.391304
0.390927
0.39055
0.390173
0.389798
0.389423
0.39001
0.390595
0.391179
0.391762
0.392344
0.392925
0.393505
0.394084
0.394662
0.395238
0.394862
0.395437
0.396011
0.396584
0.397156
0.397727
0.398297
0.398866
0.399433
0.4
0.400566
0.400188
0.399812
0.399436
0.399061
0.398687
0.398313
0.39794
0.397568
0.397196
0.396825
0.396455
0.397018
0.397579
0.39814
0.398699
0.399257
0.399814
0.399444
0.399074
0.398705
0.398336
0.397969
0.397601
0.397235
0.396869
0.396504
0.39614
0.395776
0.395413
0.39505
0.394689
0.395242
0.395795
0.396347
0.396898
0.397448
0.397996
0.398544
0.399091
0.399637
0.400181
0.399819
0.399457
0.399095
0.398734
0.398374
0.398014
0.397656
0.397297
0.39784
0.397482
0.398023
0.398564
0.399103
0.399642
0.400179
0.399821
0.399464
0.4
0.400535
0.40107
0.401603
0.402135
0.402667
0.403197
0.403727
0.404255
0.404783
0.404425
0.404067
0.40371
0.403354
0.402998
0.402643
0.402289
0.401935
0.401582
0.401229
0.400877
0.400526
0.400175
0.399825
0.399476
0.399127
0.398778
0.398431
0.398084
0.397737
0.397391
0.397046
0.396701
0.396357
0.396014
0.395671
0.395329
0.394987
0.394646
0.394305
0.393966
0.393626
0.393287
0.392949
0.392612
0.392275
0.391938
0.391602
0.391267
0.390932
0.390598
0.390265
0.389932
0.389599
0.389267
0.388936
0.388605
0.388275
0.387946
0.387617
0.387288
0.38696
0.386633
0.386306
0.38598
0.385654
0.385329
0.385004
0.38468
0.384357
0.384034
0.383711
0.383389
0.383068
0.382747
0.382427
0.382107
0.381788
0.381469
0.381151
0.380833
0.380516
0.3802
0.379884
0.379568
0.379253
0.378939
0.378625
0.378311
0.377998
0.377686
0.377374
0.377063
0.376752
0.376442
0.376132
0.375822
0.375514
0.375205
0.374897
0.37459
0.375102
0.375614
0.376124
0.376634
0.377143
0.377651
0.377343
0.377036
0.376729
0.376423
0.376117
0.375812
0.375507
0.375203
0.374899
0.374595
0.375101
0.375606
0.37611
0.376613
0.377115
0.377617
0.378117
0.378617
0.378313
0.37801
0.377706
0.377404
0.377102
0.3768
0.376499
0.376198
0.375898
0.375598
0.375299
0.375
0.375497
0.375199
0.374901
0.374603
0.374306
0.374802
0.374505
0.374209
0.373913
0.373618
0.373323
0.373028
0.372734
0.372441
0.372148
0.371855
0.371563
0.371272
0.37098
0.37069
0.370399
0.37011
0.370602
0.371094
0.371585
0.371295
0.371005
0.370717
0.370428
0.37014
0.369852
0.369565
0.369279
0.368992
0.368706
0.368421
0.368136
0.367852
0.367568
0.368056
0.368543
0.369029
0.369515
0.37
0.370484
0.370968
0.37145
0.371933
0.372414
0.372129
0.371844
0.37156
0.371276
0.370992
0.370709
0.370427
0.370145
0.370624
0.370342
0.370821
0.371298
0.371775
0.372252
0.372727
0.373202
0.373676
0.37415
0.374622
0.375094
0.374811
0.374529
0.374247
0.373965
0.373684
0.374155
0.373874
0.373593
0.373313
0.373034
0.372754
0.372476
0.372197
0.371919
0.372388
0.372856
0.373323
0.37379
0.374256
0.374721
0.375186
0.37565
0.376113
0.375834
0.376296
0.376018
0.37574
0.375462
0.375185
0.374908
0.374631
0.374355
0.374816
0.375276
0.375
0.374724
0.374449
0.374175
0.3739
0.373626
0.373353
0.37308
0.373538
0.373996
0.373723
0.37345
0.373178
0.372906
0.372635
0.372364
0.37282
0.372549
0.372279
0.372009
0.371739
0.37147
0.371201
0.370933
0.370665
0.370397
0.37013
0.369863
0.369597
0.36933
0.369065
0.368799
0.368534
0.36827
0.368006
0.367742
0.367479
0.367215
0.366953
0.36669
0.366429
0.366167
0.365906
0.365645
0.365385
0.365836
0.366287
0.366738
0.367188
0.366927
0.367376
0.367116
0.366856
0.366596
0.367044
0.367491
0.367938
0.368384
0.368829
0.369274
0.369718
0.370162
0.370605
0.371047
0.371489
0.37193
0.37237
0.37281
0.373249
0.373688
0.374126
0.374563
0.375
0.375436
0.375872
0.376307
0.376741
0.377175
0.377608
0.37804
0.378472
0.378904
0.379334
0.379764
0.380194
0.380623
0.381051
0.381479
0.381906
0.382333
0.382759
0.383184
