1
1
1
1
1
1
1
1
1
1
1
1
1
1
1
1
1
1
0.947368
0.95
0.952381
0.954545
0.956522
0.958333
0.96
0.961538
0.962963
0.964286
0.965517
0.933333
0.935484
0.9375
0.939394
0.941176
0.942857
0.944444
0.945946
0.947368
0.948718
0.95
0.95122
0.928571
0.930233
0.909091
0.911111
0.891304
0.893617
0.895833
0.897959
0.9
0.901961
0.884615
0.867925
0.87037
0.872727
0.875
0.877193
0.87931
0.881356
0.883333
0.885246
0.887097
0.888889
0.875
0.876923
0.878788
0.880597
0.867647
0.869565
0.857143
0.859155
0.861111
0.863014
0.864865
0.866667
0.868421
0.87013
0.871795
0.873418
0.875
0.864198
0.853659
0.843373
0.845238
0.847059
0.848837
0.850575
0.852273
0.853933
0.855556
0.857143
0.858696
0.860215
0.851064
0.852632
0.854167
0.85567
0.846939
0.838384
0.84
0.841584
0.843137
0.84466
0.846154
0.847619
0.849057
0.850467
0.842593
0.834862
0.836364
0.837838
0.839286
0.840708
0.842105
0.843478
0.844828
0.846154
0.847458
0.848739
0.85
0.85124
0.844262
0.845528
0.846774
0.848
0.849206
0.850394
0.851562
0.844961
0.846154
0.847328
0.848485
0.849624
0.850746
0.844444
0.845588
0.846715
0.847826
0.841727
0.835714
0.836879
0.838028
0.839161
0.833333
0.827586
0.828767
0.823129
0.817568
0.818792
0.813333
0.807947
0.809211
0.810458
0.811688
0.812903
0.814103
0.815287
0.816456
0.81761
0.81875
0.819876
0.814815
0.815951
0.817073
0.818182
0.819277
0.820359
0.821429
0.822485
0.823529
0.824561
0.825581
0.82659
0.827586
0.828571
0.829545
0.830508
0.831461
0.832402
0.833333
0.834254
0.835165
0.836066
0.836957
0.837838
0.83871
0.839572
0.840426
0.84127
0.842105
0.842932
0.84375
0.84456
0.845361
0.846154
0.846939
