1
1
1
0.75
0.8
0.833333
0.714286
0.625
0.666667
0.7
0.727273
0.75
0.769231
0.714286
0.666667
0.625
0.588235
0.555556
0.526316
0.5
0.52381
0.545455
0.565217
0.541667
0.52
0.5
0.481481
0.464286
0.448276
0.466667
0.483871
0.5
0.515152
0.5
0.485714
0.5
0.513514
0.526316
0.538462
0.525
0.512195
0.52381
0.511628
0.5
0.511111
0.5
0.489362
0.479167
0.469388
0.46
0.45098
0.442308
0.433962
0.425926
0.418182
0.428571
0.438596
0.448276
0.457627
0.466667
0.47541
0.483871
0.47619
0.46875
0.461538
0.454545
0.447761
0.441176
0.434783
0.428571
0.422535
0.416667
0.410959
0.405405
0.4
0.394737
0.38961
0.384615
0.392405
0.3875
0.382716
0.378049
0.373494
0.369048
0.364706
0.360465
0.356322
0.352273
0.348315
0.344444
0.340659
0.336957
0.333333
0.329787
0.326316
0.322917
0.319588
0.316327
0.313131
0.31
0.306931
0.303922
0.300971
0.298077
0.295238
0.292453
0.28972
0.287037
0.284404
0.281818
0.279279
0.276786
0.274336
0.27193
0.269565
0.267241
0.264957
0.262712
0.260504
0.266667
0.272727
0.278689
0.284553
0.290323
0.288
0.285714
0.283465
0.28125
0.27907
0.276923
0.282443
0.280303
0.278195
0.276119
0.274074
0.272059
0.270073
0.268116
0.266187
0.264286
0.262411
0.260563
0.258741
0.256944
0.255172
0.253425
0.251701
0.25
0.248322
0.246667
0.245033
0.243421
0.24183
0.24026
0.23871
0.237179
0.235669
0.234177
0.232704
0.23125
0.229814
0.228395
0.226994
0.22561
0.224242
0.222892
0.221557
0.220238
0.218935
0.217647
0.216374
0.215116
0.213873
0.212644
0.211429
0.210227
0.20904
0.207865
0.206704
0.205556
0.20442
0.203297
0.202186
0.201087
0.2
0.198925
0.197861
0.196809
0.195767
0.194737
0.193717
0.192708
0.19171
0.190722
0.189744
0.188776
0.187817
0.186869
0.18593
0.185
0.18408
0.183168
0.182266
0.181373
0.180488
0.179612
0.178744
0.177885
0.177033
0.17619
0.175355
0.174528
0.173709
0.17757
0.181395
0.185185
0.18894
0.188073
0.187215
0.186364
0.18552
0.184685
0.183857
0.183036
0.182222
0.181416
0.180617
0.179825
0.179039
0.178261
0.177489
0.176724
0.175966
0.175214
0.174468
0.173729
0.172996
0.172269
0.171548
0.170833
0.170124
0.169421
0.168724
0.168033
0.167347
0.166667
0.165992
0.165323
0.164659
0.164
0.163347
0.162698
0.162055
0.161417
0.160784
0.160156
0.159533
0.158915
0.158301
0.157692
0.157088
0.156489
0.155894
0.155303
0.154717
0.154135
0.153558
0.152985
0.152416
0.151852
0.151292
0.150735
0.150183
0.149635
0.149091
0.148551
0.148014
0.147482
0.146953
0.146429
0.145907
0.14539
0.144876
0.144366
0.14386
0.143357
0.142857
0.142361
0.141869
0.141379
0.140893
0.143836
0.146758
0.14966
0.152542
0.155405
0.158249
0.161074
0.16388
0.166667
0.169435
0.168874
0.168317
0.167763
0.167213
0.166667
0.166124
0.165584
0.168285
0.170968
0.173633
0.176282
0.178914
0.181529
0.184127
0.186709
0.18612
0.185535
0.184953
0.184375
0.183801
0.18323
0.182663
0.182099
0.181538
0.180982
0.180428
0.179878
0.179331
0.178788
0.178248
0.177711
0.177177
0.176647
0.176119
0.175595
0.175074
0.174556
0.174041
0.173529
0.175953
0.175439
0.174927
0.174419
0.173913
0.17341
0.172911
0.172414
0.17192
0.171429
0.17094
0.170455
0.169972
0.169492
0.169014
0.168539
0.168067
0.167598
0.167131
0.166667
0.166205
0.165746
0.165289
0.164835
0.164384
0.163934
0.163488
0.163043
0.162602
0.162162
0.161725
0.16129
0.160858
0.160428
0.16
0.159574
0.159151
0.15873
0.158311
0.157895
0.15748
0.159686
0.159269
0.158854
0.158442
0.158031
0.157623
0.157216
0.156812
0.15641
0.15601
0.155612
0.155216
0.154822
0.15443
0.15404
0.153652
0.153266
0.155388
0.1575
0.157107
0.156716
0.156328
0.155941
0.155556
0.155172
0.154791
0.154412
0.154034
0.153659
0.155718
0.157767
0.157385
0.157005
0.156627
0.15625
0.155875
0.155502
0.155131
0.154762
0.154394
0.154028
0.153664
0.153302
0.152941
0.152582
0.152225
0.151869
0.151515
0.151163
0.150812
0.150463
0.150115
0.14977
0.149425
0.149083
0.148741
0.148402
0.148064
0.147727
0.147392
0.147059
0.146727
0.146396
0.148315
0.147982
0.147651
0.147321
0.146993
0.146667
0.146341
0.146018
0.145695
0.145374
0.145055
0.14693
0.148796
0.148472
0.148148
0.147826
0.147505
0.147186
0.146868
0.146552
0.146237
0.145923
0.14561
0.145299
0.144989
0.144681
0.144374
0.144068
0.143763
0.14346
0.143158
0.142857
0.142558
0.142259
0.141962
0.141667
0.141372
0.143154
0.144928
0.146694
0.148454
0.148148
0.147844
0.147541
0.147239
0.146939
0.14664
0.146341
0.146045
0.145749
0.145455
0.145161
0.144869
0.144578
0.144289
0.144
0.143713
0.143426
0.143141
0.142857
0.142574
0.142292
0.142012
0.141732
0.141454
0.141176
0.1409
0.140625
0.140351
0.140078
0.139806
0.139535
0.139265
0.138996
0.138728
0.138462
0.138196
0.137931
0.137667
0.137405
0.137143
0.136882
0.136622
0.136364
0.136106
0.135849
0.135593
0.135338
0.135084
0.134831
0.134579
0.134328
0.134078
0.133829
0.133581
0.133333
0.133087
0.132841
0.132597
0.132353
0.13211
0.131868
0.131627
0.131387
0.131148
0.130909
0.130672
0.130435
0.130199
0.129964
0.12973
0.129496
0.129264
0.129032
0.128801
0.128571
0.128342
0.128114
0.127886
0.12766
0.127434
0.127208
0.126984
0.126761
0.126538
0.126316
0.126095
0.125874
0.125654
0.125436
0.125217
0.125
0.124783
0.124567
0.124352
0.124138
0.123924
0.123711
0.123499
0.123288
0.123077
0.122867
0.122658
0.122449
0.122241
0.122034
0.121827
0.121622
0.121417
0.121212
0.121008
0.120805
0.120603
0.120401
0.1202
0.12
0.1198
0.119601
0.119403
0.119205
0.119008
0.118812
0.118616
0.118421
0.118227
0.118033
0.11784
0.117647
0.117455
0.117264
0.117073
0.116883
0.116694
0.116505
0.116317
0.116129
0.115942
0.115756
0.11557
0.115385
0.1152
0.115016
0.114833
0.11465
0.114467
0.114286
0.114105
0.115506
0.116904
0.118297
0.119685
0.121069
0.122449
0.123824
0.125196
0.126562
0.127925
0.127726
0.127527
0.127329
0.128682
0.130031
0.12983
0.12963
0.12943
0.129231
0.130568
0.131902
0.133231
0.134557
0.135878
0.135671
0.135464
0.135258
0.135053
0.134848
0.134644
0.134441
0.134238
0.135542
0.135338
0.135135
0.134933
0.134731
0.134529
0.134328
0.134128
0.133929
0.13373
0.133531
0.133333
0.133136
0.132939
0.132743
0.132548
0.132353
0.132159
0.131965
0.131772
0.131579
0.131387
0.131195
0.131004
0.130814
0.130624
0.130435
0.130246
0.130058
0.12987
0.129683
0.129496
0.12931
0.129125
0.12894
0.128755
0.128571
0.128388
0.128205
0.128023
0.127841
0.129078
0.130312
0.131542
0.132768
0.132581
0.133803
0.135021
0.136236
0.137447
0.138655
0.13986
0.141061
0.142259
0.143454
0.144645
0.145833
0.147018
0.148199
0.149378
0.149171
0.148966
0.14876
0.148556
0.148352
0.148148
0.147945
0.147743
0.147541
0.14734
0.147139
0.146939
0.146739
0.14654
0.146341
0.146143
0.145946
0.145749
0.145553
0.145357
0.145161
0.144966
0.144772
0.144578
0.144385
0.144192
0.144
0.143808
0.143617
0.144754
0.145889
0.14702
0.148148
0.147952
0.147757
0.147563
0.147368
0.147175
0.146982
0.146789
0.146597
0.146405
0.146214
0.146023
0.145833
0.145644
0.145455
0.145266
0.145078
0.14489
0.144703
0.144516
0.14433
0.144144
0.143959
0.143774
0.14359
0.143406
0.143223
0.14304
0.142857
0.142675
0.142494
0.142313
0.142132
0.141952
0.141772
0.141593
0.141414
0.141236
0.141058
0.140881
0.140704
0.140527
0.140351
0.140175
0.14
0.139825
0.139651
0.139477
0.139303
0.13913
0.138958
0.138786
0.138614
0.139679
0.140741
0.140567
0.140394
0.140221
0.140049
0.139877
0.139706
0.139535
0.139364
0.139194
0.139024
0.138855
0.138686
0.138518
0.13835
0.138182
0.138015
0.137848
0.137681
0.137515
0.137349
0.137184
0.137019
0.136855
0.136691
0.136527
0.136364
0.136201
0.136038
0.135876
0.135714
0.135553
0.135392
0.135231
0.135071
0.134911
0.134752
0.134593
0.134434
0.134276
0.134118
0.13396
0.133803
0.133646
0.133489
0.133333
0.133178
0.133022
0.132867
0.132712
0.132558
0.132404
0.132251
0.132097
0.131944
0.131792
0.13164
0.131488
0.131336
0.131185
0.131034
0.130884
0.130734
0.130584
0.130435
0.130286
0.130137
0.129989
0.129841
0.129693
0.129545
0.129398
0.129252
0.129105
0.128959
0.128814
0.128668
0.128523
0.128378
0.128234
0.12809
0.127946
0.127803
0.12766
0.127517
0.127374
0.127232
0.12709
0.126949
0.126808
0.126667
0.126526
0.126386
0.126246
0.126106
0.125967
0.125828
0.125689
0.125551
0.125413
0.125275
0.125137
0.125
0.124863
0.124726
0.125683
0.126638
0.12759
0.127451
0.127312
0.127174
0.127036
0.126898
0.126761
0.126623
0.126486
0.12635
0.126214
0.126078
0.125942
0.125806
0.125671
0.125536
0.125402
0.125268
0.125134
0.125
0.124867
0.124733
0.124601
0.124468
0.124336
0.124204
0.124072
0.123941
0.12381
0.123679
0.123548
0.123418
0.123288
0.123158
0.123028
0.122899
0.12277
0.122642
0.122513
0.122385
0.122257
0.122129
0.122002
0.121875
0.121748
0.121622
0.121495
0.121369
0.121244
0.121118
0.120993
0.120868
0.120743
0.120619
0.120494
0.12037
0.120247
0.120123
0.12
0.119877
0.119754
0.119632
0.11951
0.119388
0.119266
0.119145
0.119023
0.118902
0.118782
0.118661
0.118541
0.118421
0.118301
0.118182
0.118063
0.117944
0.117825
0.117706
0.117588
0.11747
0.117352
0.117234
0.117117
0.117
0.116883
0.116766
0.11665
0.116534
0.116418
0.116302
0.116187
0.116071
0.115956
0.115842
0.115727
0.115613
0.115499
0.115385
0.115271
0.115157
0.115044
0.114931
0.114818
0.114706
0.114594
0.114481
0.11437
0.114258
0.114146
0.114035
0.113924
0.113813
0.113703
0.113592
0.113482
0.113372
0.113262
0.113153
0.113043
0.112934
0.112825
0.112717
0.112608
0.1125
0.112392
0.112284
0.112176
0.112069
0.111962
0.111855
0.111748
0.111641
0.111535
0.111429
0.111323
0.111217
0.111111
0.111006
0.1109
0.110795
0.110691
0.110586
0.110482
0.110377
0.110273
0.110169
0.110066
0.109962
0.109859
0.109756
0.109653
0.109551
0.109448
0.109346
0.109244
0.109142
0.10904
0.108939
0.108837
0.108736
0.108635
0.108534
0.108434
0.108333
0.108233
0.108133
0.108033
0.107934
0.107834
0.107735
0.107636
0.107537
0.107438
0.107339
0.107241
0.107143
0.107045
0.106947
0.106849
0.106752
0.106655
0.106557
0.10646
0.106364
0.106267
0.106171
0.106074
0.105978
0.105882
0.105787
0.105691
0.105596
0.1055
0.105405
0.105311
0.105216
0.105121
0.105027
0.104933
0.104839
0.104745
0.104651
0.104558
0.104464
0.104371
0.105169
0.105966
0.106762
0.107556
0.108348
0.109139
0.109929
0.110717
0.111504
0.11229
0.112191
0.112092
0.112875
0.112775
0.112676
0.112577
0.112478
0.112379
0.112281
0.112182
0.112084
0.111986
0.111888
0.11179
0.111693
0.111595
0.111498
0.111401
0.112174
0.112945
0.112847
0.112749
0.112652
0.112554
0.112457
0.11236
0.112263
0.112166
0.112069
0.111972
0.112737
0.1135
0.114261
0.115021
0.11578
0.116538
0.117295
0.11805
0.117949
0.117848
0.117747
0.117647
0.117547
0.117447
0.117347
0.117247
0.117148
0.117048
0.116949
0.11685
0.116751
0.116653
0.116554
0.116456
0.116358
0.116259
0.117003
0.116905
0.116807
0.117548
0.118289
0.119028
0.119765
0.120502
0.121237
0.121972
0.122705
0.123436
0.123333
0.123231
0.123128
0.123026
0.122924
0.122822
0.12272
0.122618
0.123344
0.124069
0.124793
0.12469
0.124587
0.124485
0.124382
0.125103
0.125822
0.126541
0.127258
0.127974
0.128689
0.129402
0.129296
0.129191
0.129085
0.12898
0.128874
0.128769
0.129479
0.129373
0.129268
0.129163
0.129058
0.128954
0.128849
0.128745
0.128641
0.128537
0.128433
0.129136
0.129032
0.128928
0.128824
0.128721
0.128617
0.128514
0.128411
0.128308
0.128205
0.128102
0.128
0.127898
0.127796
0.127694
0.127592
0.12749
0.127389
0.127287
0.127186
0.127085
0.126984
0.126883
0.126783
0.126683
0.126582
0.126482
0.126382
0.126283
0.126183
0.126084
0.125984
0.125885
0.125786
0.125687
0.125589
0.12549
0.125392
0.125294
0.125196
0.125098
0.125
0.124902
0.124805
0.124708
0.124611
0.124514
0.124417
0.12432
0.124224
0.124127
0.124031
0.123935
0.123839
0.123743
0.123648
0.123552
0.123457
0.123362
0.123267
0.123172
0.123077
0.122982
0.122888
0.122794
0.122699
0.122605
0.122511
0.122418
0.122324
0.122231
0.122137
0.122044
0.121951
0.121858
0.121766
0.121673
0.121581
0.121488
0.121396
0.121304
0.121212
0.12112
0.121029
0.120937
0.120846
0.120755
0.120664
0.120573
0.120482
0.120391
0.120301
0.12021
0.12012
0.12003
0.11994
0.11985
0.11976
0.119671
0.119581
0.119492
0.119403
0.119314
0.119225
0.119136
0.119048
0.118959
0.118871
0.118782
0.119436
0.120089
0.120741
0.121392
0.122041
0.12269
0.123338
0.123985
0.124631
0.125276
0.125184
0.125092
0.125
0.124908
0.124816
0.124725
0.124633
0.124542
0.124451
0.12436
0.124269
0.124178
0.124088
0.123997
0.123907
0.124545
0.125182
0.125818
0.126453
0.126362
0.12627
0.126904
0.126812
0.12672
0.126628
0.126537
0.126445
0.126354
0.126263
0.126172
0.126081
0.12599
0.125899
0.125809
0.125718
0.125628
0.125538
0.125448
0.125358
0.125268
0.125179
0.125089
0.125
0.124911
0.124822
0.124733
0.124644
0.124555
0.124467
0.124378
0.12429
0.124202
0.124113
0.124026
0.123938
0.12385
0.123762
0.123675
0.123588
0.1235
0.123413
0.123326
0.123239
0.123153
0.123066
0.12298
0.122893
0.122807
0.122721
0.122635
0.122549
0.122463
0.122378
0.122292
0.122207
0.122121
0.122036
0.121951
0.122563
0.123173
0.123783
0.124392
0.125
0.125607
0.126214
0.126819
0.127424
0.128028
0.127939
0.127851
0.127762
0.127674
0.127586
0.127498
0.12741
0.127323
0.127235
0.127148
0.12706
0.126973
0.126886
0.126799
0.126712
0.126626
0.126539
0.126452
0.126366
0.12628
0.126194
0.126108
0.126022
0.125936
0.12585
0.126445
0.126359
0.126273
0.126187
0.126102
0.126016
0.125931
0.125846
0.125761
0.125676
0.125591
0.126181
0.126096
0.126011
0.125926
0.125841
0.125757
0.125672
0.125588
0.125503
0.125419
0.125335
0.125251
0.125167
0.125084
0.125
0.124916
0.124833
0.12475
0.124667
0.124584
0.124501
0.124418
0.124335
0.124252
0.12417
0.124088
0.124005
0.123923
0.123841
0.124421
0.124339
0.124256
0.124174
0.124092
0.124011
0.123929
0.124506
0.125082
0.125658
0.126233
0.126807
0.12738
0.127953
0.128525
0.12844
0.129011
0.128927
0.128842
0.128758
0.128674
0.12859
0.128506
0.128422
0.128339
0.128255
0.128172
0.128088
0.128005
0.127922
0.127839
0.127756
0.127673
0.127591
0.128155
0.128719
0.129282
0.129199
0.129116
0.129032
0.128949
0.128866
0.128783
0.1287
0.128617
0.128535
0.128452
0.12837
0.128287
0.128205
0.128123
0.128041
0.127959
0.127877
0.127796
0.127714
0.127632
0.127551
0.12747
0.127389
0.127307
0.127226
0.127146
0.127065
0.126984
0.126904
0.126823
0.126743
0.126662
0.127215
0.127767
0.127686
0.127606
0.128157
0.128707
0.129256
0.129805
0.130353
0.1309
0.131447
0.131992
0.132538
0.133082
0.132999
0.132915
0.132832
0.132749
0.132666
0.132583
0.1325
0.132417
0.132335
0.132252
0.13217
0.132087
0.132005
0.131923
0.131841
0.131759
0.131677
0.131595
0.131514
0.131432
0.131351
0.131269
0.131188
0.131107
0.131026
0.130945
0.130864
0.130783
0.130703
0.130622
0.130542
0.130462
0.130381
0.130301
0.130221
0.130141
0.130061
0.129982
0.129902
0.129822
0.129743
0.129664
0.129584
0.129505
0.129426
0.129347
0.129268
0.12919
0.129111
0.129032
0.128954
0.128875
0.128797
0.128719
0.128641
0.128563
0.128485
0.128407
0.128329
0.128252
0.128174
0.128701
0.128623
0.129149
0.129071
0.128993
0.128916
0.128838
0.128761
0.128683
0.128606
0.128529
0.128451
0.128374
0.128297
0.12822
0.128144
0.128067
0.12799
0.127914
0.127838
0.127761
0.127685
0.127609
0.127533
0.127457
0.127381
0.127305
0.127229
0.127748
0.128266
0.128783
0.128707
0.128631
0.128555
0.128478
0.128402
0.128326
0.128251
0.128175
0.128099
0.128024
0.127948
0.127873
0.127797
0.127722
0.127647
0.127572
0.128085
0.128597
0.129108
0.129619
0.130129
0.130639
0.131148
0.131656
0.132164
0.132671
0.132593
0.132516
0.132439
0.132362
0.132284
0.132207
0.13213
0.132635
0.132558
0.132481
0.132404
0.132327
0.132251
0.132174
0.132677
0.133179
0.133681
0.133603
0.133526
0.133449
0.133372
0.133295
0.133218
0.133141
0.133065
0.132988
0.132911
0.132835
0.132759
0.132682
0.132606
0.13253
0.132454
0.132378
0.132302
0.132227
0.132151
0.132075
0.132
0.131925
0.131849
0.131774
0.131699
0.131624
0.131549
0.131474
0.131399
0.131325
0.13125
0.131175
0.131101
0.131027
0.130952
0.130878
0.130804
0.13073
0.130656
0.130582
0.130508
0.130435
0.130361
0.130288
0.130214
0.130141
0.130068
0.129994
0.129921
0.129848
0.129775
0.129702
0.12963
0.130118
0.130045
0.129972
0.129899
0.129827
0.129754
0.129681
0.129609
0.129537
0.129464
0.129392
0.12932
0.129248
0.129176
0.129104
0.129032
0.128961
0.128889
0.128817
0.128746
0.128674
0.129157
0.12964
0.130122
0.130603
0.131084
0.131012
0.130939
0.130867
0.130795
0.130723
0.13065
0.130579
0.130507
0.130435
0.130363
0.130291
0.13022
0.130148
0.130077
0.130005
0.129934
0.129863
0.129792
0.129721
0.12965
0.129579
0.129508
0.129437
0.129367
0.129296
0.129226
0.129155
0.129085
0.129015
0.128945
0.128874
0.128804
0.129278
0.12975
0.130222
0.130152
0.130081
0.130011
0.12994
0.12987
0.1298
0.12973
0.12966
0.13013
0.130059
0.129989
0.129919
0.129849
0.129779
0.129709
0.130178
0.130645
0.130575
0.130505
0.130435
0.130365
0.130295
0.130225
0.130155
0.130086
0.130016
0.129947
0.129877
0.129808
0.129738
0.129669
0.1296
0.129531
0.129462
0.129393
0.129324
0.129255
0.129187
0.129118
0.129049
0.128981
0.128912
0.128844
0.128776
0.128708
0.128639
0.128571
0.128503
0.128436
0.128368
0.1283
0.128232
0.128165
0.128097
0.12803
0.127962
0.127895
0.127827
0.12776
0.127693
0.127626
0.127559
0.127492
0.127425
0.127358
0.127292
0.127225
0.127682
0.128138
0.128594
0.128527
0.12846
0.128392
0.128326
0.128259
0.128192
0.128125
0.128058
0.127992
0.127925
0.127859
0.127792
0.127726
0.12766
0.128112
0.128046
0.127979
0.127913
0.127847
0.127781
0.127715
0.127649
0.127583
0.127517
0.127451
0.127385
0.12732
0.127254
0.127188
0.127123
0.127058
0.126992
0.126927
0.126862
0.126797
0.126732
0.126667
0.126602
0.126537
0.126472
0.126407
0.126343
0.126278
0.126214
0.126149
0.126085
0.12602
0.125956
0.125892
0.125828
0.125764
0.1257
0.125636
0.125572
0.125508
0.125444
0.125381
0.125317
0.125254
0.12519
0.125127
0.125063
0.125
0.124937
0.124874
0.124811
0.124747
0.124685
0.124622
0.124559
0.124496
0.124433
0.124371
0.124308
0.124245
0.124183
0.124121
0.124058
0.123996
0.123934
0.123872
0.12381
0.123747
0.123686
0.123624
0.123562
0.1235
0.123438
0.123377
0.123315
0.123253
0.123192
0.123131
0.123069
0.123008
0.122947
0.122886
0.122824
0.122763
0.122702
0.122642
0.122581
0.12252
0.122459
0.122398
0.122338
0.122277
0.122217
0.122156
0.122096
0.122036
0.121975
0.121915
0.121855
0.121795
0.121735
0.121675
0.121615
0.121555
0.121495
0.121436
0.121376
0.121316
0.121257
0.121197
0.121138
0.121078
0.121019
0.12096
0.120901
0.120841
0.120782
0.120723
0.120664
0.120605
0.120547
0.120488
0.120429
0.12037
0.120312
0.120253
0.120195
0.120136
0.120078
0.120019
0.119961
0.119903
0.119845
0.119787
0.119729
0.119671
0.119613
0.119555
0.119497
0.119439
0.119381
0.119324
0.119266
0.119208
0.119151
0.119094
0.119036
0.118979
0.118922
0.118864
0.118807
0.11875
0.118693
0.118636
0.118579
0.118522
0.118465
0.118408
0.118831
0.118774
0.118717
0.11866
0.118604
0.118547
0.11849
0.118434
0.118377
0.118321
0.118264
0.118208
0.118152
0.118095
0.118039
0.118459
0.118878
0.118821
0.118765
0.118708
0.118652
0.118596
0.11854
0.118483
0.118427
0.118371
0.118315
0.118259
0.118203
0.118147
0.118092
0.118036
0.11798
0.117925
0.117869
0.118285
0.1187
0.119115
0.119059
0.119003
0.118947
0.118891
0.118835
0.118779
0.118724
0.118668
0.118612
0.118557
0.118501
0.118446
0.11839
0.118335
0.11828
0.118224
0.118169
0.118114
0.118059
0.118004
0.117949
0.117894
0.117839
0.117784
0.117729
0.117674
0.11762
0.117565
0.11751
0.117456
0.117401
0.117347
0.117293
0.117238
0.117184
0.11713
0.117075
0.117021
0.116967
0.116913
0.116859
0.116805
0.116751
0.116697
0.116644
0.11659
0.116997
0.116943
0.116889
0.116835
0.116782
0.116728
0.116674
0.116621
0.116567
0.116514
0.11646
0.116407
0.116354
0.1163
0.116247
0.116194
0.116141
0.116088
0.116035
0.115982
0.116385
0.116332
0.116279
0.116226
0.116173
0.11612
0.116067
0.116015
0.115962
0.115909
0.115856
0.115804
0.115751
0.115699
0.115646
0.115594
0.115541
0.115489
0.115437
0.115385
0.115332
0.11528
0.115228
0.115176
0.115124
0.115072
0.11502
0.114968
0.114917
0.114865
0.114813
0.114761
0.11471
0.114658
0.115056
0.115004
0.114953
0.114901
0.11485
0.114798
0.114747
0.114695
0.114644
0.114593
0.114541
0.11449
0.114439
0.114388
0.114337
0.114286
0.114235
0.114184
0.114133
0.114082
0.114031
0.11398
0.11393
0.113879
0.113828
