1
1
1
1
1
1
1
1
1
1
1
1
1
1
1
1
1
1
1
0.95
0.952381
0.954545
0.956522
0.958333
0.96
0.961538
0.962963
0.964286
0.965517
0.966667
0.967742
0.96875
0.969697
0.970588
0.971429
0.972222
0.972973
0.973684
0.948718
0.95
0.95122
0.952381
0.953488
0.954545
0.955556
0.956522
0.957447
0.958333
0.959184
0.94
0.941176
0.942308
0.943396
0.944444
0.945455
0.946429
0.947368
0.948276
0.949153
0.95
0.95082
0.951613
0.952381
0.953125
0.953846
0.939394
0.940299
0.941176
0.942029
0.942857
0.943662
0.944444
0.931507
0.932432
0.933333
0.934211
0.935065
0.935897
0.936709
0.9375
