1
1
1
1
1
1
1
1
0.888889
0.9
0.909091
0.916667
0.923077
0.928571
0.933333
0.9375
0.941176
0.944444
0.947368
0.9
0.904762
0.863636
0.826087
0.833333
0.84
0.846154
0.851852
0.857143
0.862069
0.866667
0.870968
0.84375
0.818182
0.794118
0.771429
0.777778
0.783784
0.789474
0.794872
0.8
0.804878
0.809524
0.813953
0.818182
0.822222
0.804348
0.808511
0.8125
0.795918
0.78
0.784314
0.788462
0.792453
0.796296
0.8
0.803571
0.807018
0.810345
0.813559
0.816667
0.803279
0.806452
0.809524
0.8125
0.815385
0.818182
0.820896
0.808824
0.797101
0.8
0.802817
0.805556
0.808219
0.810811
0.813333
0.815789
0.818182
0.820513
0.822785
0.8125
0.814815
0.817073
0.819277
0.821429
0.823529
0.825581
0.827586
0.829545
0.831461
0.833333
0.835165
0.826087
0.827957
0.829787
0.831579
0.833333
0.835052
0.826531
0.818182
0.81
0.80198
0.794118
0.786408
0.778846
0.771429
0.773585
0.775701
0.777778
0.779817
0.781818
0.783784
0.785714
0.787611
0.789474
0.791304
0.784483
0.786325
0.788136
0.789916
0.783333
0.77686
0.778689
0.780488
0.782258
0.784
0.785714
0.787402
0.789062
0.790698
0.792308
0.793893
0.787879
0.789474
0.791045
0.792593
0.794118
0.79562
0.797101
0.798561
0.8
0.801418
0.802817
0.804196
0.798611
0.8
0.80137
0.802721
0.804054
0.805369
0.806667
0.807947
0.809211
0.810458
0.811688
0.812903
0.807692
0.808917
0.810127
0.811321
0.8125
0.813665
0.814815
0.815951
0.817073
0.818182
0.813253
0.808383
0.809524
0.810651
0.811765
0.812865
0.813953
0.815029
0.816092
0.817143
0.818182
0.819209
0.820225
0.815642
0.816667
0.81768
0.818681
0.819672
0.820652
0.821622
0.822581
0.823529
0.824468
0.825397
0.821053
0.82199
0.822917
0.818653
0.819588
0.820513
0.821429
0.822335
0.823232
0.819095
0.815
0.810945
0.811881
0.812808
0.813725
0.814634
0.81068
0.806763
0.802885
0.799043
0.8
0.800948
0.801887
0.802817
0.803738
0.804651
0.805556
0.806452
0.807339
0.808219
0.804545
0.80543
0.806306
0.802691
0.799107
0.8
0.79646
0.792952
0.789474
0.786026
0.782609
0.779221
0.775862
0.772532
0.773504
0.774468
0.771186
0.767932
0.764706
0.761506
0.758333
0.755187
0.752066
0.748971
0.745902
0.742857
0.743902
0.744939
0.745968
0.746988
0.748
0.749004
0.75
0.750988
0.751969
0.752941
0.753906
0.754864
0.755814
0.756757
0.757692
0.758621
0.759542
0.760456
0.761364
0.762264
0.763158
0.764045
0.764925
0.765799
0.766667
0.767528
0.768382
0.769231
0.770073
0.770909
