1
1
1
1
1
1
0.857143
0.875
0.888889
0.8
0.818182
0.75
0.692308
0.642857
0.6
0.5625
0.529412
0.5
0.473684
0.45
0.428571
0.409091
0.391304
0.375
0.36
0.346154
0.333333
0.321429
0.310345
0.3
0.290323
0.28125
0.272727
0.264706
0.257143
0.25
0.243243
0.263158
0.282051
0.3
0.317073
0.333333
0.325581
0.318182
0.311111
0.304348
0.297872
0.291667
0.285714
0.28
0.27451
0.269231
0.283019
0.296296
0.309091
0.321429
0.333333
0.344828
0.355932
0.366667
0.377049
0.387097
0.380952
0.390625
0.4
0.393939
0.38806
0.397059
0.405797
0.414286
0.422535
0.430556
0.438356
0.445946
0.453333
0.447368
0.441558
0.435897
0.43038
0.4375
0.444444
0.45122
0.445783
0.440476
0.435294
0.430233
0.436782
0.431818
0.426966
0.422222
0.417582
0.423913
0.419355
0.414894
0.410526
0.40625
0.402062
0.397959
0.393939
0.39
0.386139
0.382353
0.378641
0.375
0.371429
0.367925
0.364486
0.361111
0.357798
0.354545
0.351351
0.348214
0.353982
0.359649
0.365217
0.37069
0.367521
0.364407
0.369748
0.366667
0.363636
0.360656
0.357724
0.354839
0.352
0.349206
0.346457
0.34375
0.341085
0.338462
0.335878
0.340909
0.345865
0.350746
0.355556
0.360294
0.364964
0.369565
0.374101
0.378571
0.382979
0.380282
0.377622
0.381944
0.37931
0.376712
0.37415
0.371622
0.369128
0.366667
0.364238
0.361842
0.359477
0.357143
0.354839
0.352564
0.350318
0.348101
0.345912
0.34375
0.341615
0.339506
0.337423
0.335366
0.333333
0.331325
0.329341
0.327381
0.325444
0.323529
0.321637
0.319767
0.317919
0.316092
0.314286
0.3125
0.310734
0.308989
0.307263
0.305556
0.303867
0.302198
0.300546
0.298913
0.297297
0.295699
0.294118
0.292553
0.291005
0.289474
0.287958
0.291667
0.295337
0.298969
0.302564
0.30102
0.299492
0.29798
0.296482
0.295
0.293532
0.292079
0.29064
0.289216
0.287805
0.286408
0.285024
0.283654
0.282297
0.280952
0.279621
0.278302
0.276995
0.275701
0.274419
0.277778
0.276498
0.275229
0.273973
0.272727
0.271493
0.27027
0.269058
0.267857
0.266667
0.265487
0.264317
0.263158
0.266376
0.269565
0.272727
0.275862
0.27897
0.282051
0.285106
0.288136
0.291139
0.294118
0.292887
0.291667
0.290456
0.289256
0.288066
0.286885
0.285714
0.284553
0.283401
0.282258
0.281124
0.28
0.278884
0.277778
0.27668
0.275591
0.27451
0.273438
0.272374
0.271318
0.27027
0.269231
0.268199
0.267176
0.26616
0.265152
0.264151
0.263158
0.262172
0.261194
0.260223
0.259259
0.258303
0.261029
0.260073
0.259124
0.258182
0.257246
0.256318
0.255396
0.258065
0.260714
0.263345
0.265957
0.268551
0.271127
0.270175
0.269231
0.268293
0.267361
0.266436
0.265517
0.264605
0.263699
0.262799
0.261905
0.261017
0.260135
0.259259
0.258389
0.257525
0.256667
0.255814
0.254967
0.254125
0.253289
0.252459
0.251634
0.250814
0.25
0.249191
0.248387
0.250804
0.25
0.249201
0.248408
0.247619
0.246835
0.246057
0.245283
0.244514
0.24375
0.242991
0.242236
0.241486
0.240741
0.24
0.239264
0.238532
0.237805
0.237082
0.236364
0.23565
0.23494
0.234234
0.233533
0.232836
0.232143
0.231454
0.230769
0.230088
0.232353
0.234604
0.236842
0.236152
0.235465
0.234783
0.234104
0.233429
0.232759
0.232092
0.231429
0.230769
0.230114
0.229462
0.228814
0.228169
0.227528
0.226891
0.226257
0.225627
0.225
0.224377
0.223757
0.22314
0.222527
0.221918
0.221311
0.223433
0.225543
0.224932
0.224324
0.22372
0.223118
0.22252
0.221925
0.221333
0.220745
0.220159
0.219577
0.218997
0.218421
0.217848
0.217277
0.21671
0.216146
0.215584
0.215026
0.21447
0.213918
0.213368
0.212821
0.212276
0.211735
0.211196
0.21066
0.210127
0.209596
0.209068
0.208543
0.20802
0.2075
0.206983
0.206468
0.205955
0.205446
0.204938
0.204433
0.203931
0.203431
0.205379
0.207317
0.209246
0.211165
0.213075
0.214976
0.216867
0.21875
0.220624
0.222488
0.221957
0.221429
0.223278
0.225118
0.224586
0.224057
0.223529
0.223005
0.222482
0.221963
0.221445
0.22093
0.220418
0.222222
0.224018
0.225806
0.225287
0.224771
0.224256
0.223744
0.225513
0.227273
0.229025
0.230769
0.232506
0.234234
0.233708
0.233184
0.232662
0.232143
0.231626
0.231111
0.230599
0.230088
0.229581
0.229075
0.228571
0.22807
0.227571
0.227074
0.22658
0.226087
0.225597
0.225108
0.224622
0.224138
0.223656
0.223176
0.222698
0.222222
0.221748
0.221277
0.220807
0.220339
0.219873
0.219409
0.218947
0.218487
0.218029
0.217573
0.217119
0.216667
0.216216
0.215768
0.215321
0.214876
0.214433
0.213992
0.213552
0.213115
0.212679
0.212245
0.213849
0.213415
0.212982
0.214575
0.216162
0.215726
0.215292
0.214859
0.214429
0.214
0.213573
0.213147
0.212724
0.212302
0.211881
0.211462
0.211045
0.21063
0.210216
0.209804
0.209393
0.208984
0.208577
0.208171
0.207767
0.207364
0.206963
0.206564
0.206166
0.205769
0.205374
0.204981
0.204589
0.204198
0.20381
0.203422
0.203036
0.202652
0.202268
0.201887
0.201507
0.201128
0.20075
0.202247
0.203738
0.205224
0.206704
0.208178
0.209647
0.211111
0.212569
0.214022
0.21547
0.215074
0.214679
0.214286
0.215722
0.217153
0.218579
0.22
0.221416
0.222826
0.224231
0.225632
0.227027
0.228417
0.228007
0.227599
0.227191
0.226786
0.226381
0.225979
0.225577
0.225177
0.224779
0.226148
0.227513
0.228873
0.230228
0.231579
0.232925
0.234266
0.233857
0.233449
0.234783
0.234375
0.235702
0.237024
0.238342
0.237931
0.237522
0.237113
0.236707
0.236301
0.235897
0.235495
0.235094
0.234694
0.234295
0.233898
0.233503
0.233108
0.234401
0.23569
0.236975
0.238255
0.237856
0.237458
0.238731
0.24
0.241265
0.242525
0.243781
0.243377
0.242975
0.244224
0.24547
0.246711
0.247947
0.24918
0.250409
0.251634
0.251223
0.252443
0.253659
0.253247
0.252836
0.252427
0.252019
0.251613
0.251208
0.250804
0.250401
0.25
0.2496
0.250799
0.251994
0.251592
0.251192
0.250794
0.250396
0.25
0.249605
0.249211
0.248819
0.248428
0.248038
0.247649
0.248826
0.25
0.25117
0.252336
0.253499
0.254658
0.255814
0.256966
0.256569
0.256173
0.255778
0.255385
0.254992
0.254601
0.254211
0.255352
0.254962
0.254573
0.254186
0.255319
0.254932
0.254545
0.25416
0.253776
0.253394
0.253012
0.252632
0.252252
0.251874
0.251497
0.251121
0.250746
0.250373
0.25
0.249629
0.249258
0.248889
0.248521
0.248154
0.247788
0.248895
0.248529
0.248164
0.247801
0.247438
0.247076
0.246715
0.246356
0.245997
0.24564
0.245283
0.244928
0.244573
0.24422
0.243867
0.244957
0.246043
0.24569
0.245337
0.244986
0.244635
0.244286
0.243937
0.24359
0.243243
0.242898
0.242553
0.24221
0.241867
0.241525
0.241185
0.240845
0.240506
0.240169
0.239832
0.239496
0.239161
0.238827
0.238494
0.238162
0.23783
0.2375
0.237171
0.236842
0.236515
0.237569
0.238621
0.239669
0.240715
0.241758
0.242798
0.243836
0.24487
0.245902
0.24693
0.246594
0.246259
0.245924
0.24559
0.245257
0.244926
0.244595
0.244265
0.243935
0.244953
0.244624
0.244295
0.243968
0.243641
0.243316
0.242991
0.242667
0.242344
0.242021
0.2417
0.241379
0.24106
0.240741
0.240423
0.240106
0.239789
0.239474
0.239159
0.238845
0.238532
0.23822
0.237908
0.237598
0.237288
0.236979
0.236671
0.236364
0.236057
0.235751
0.235446
0.235142
0.234839
0.234536
0.234234
0.233933
0.233633
0.233333
0.233035
0.232737
0.232439
0.232143
0.231847
0.231552
0.231258
0.230964
0.230672
0.23038
0.230088
0.229798
0.229508
0.229219
0.228931
0.228643
0.228356
0.22807
0.227785
0.2275
0.227216
0.226933
0.22665
0.226368
0.226087
0.225806
0.225527
0.225248
0.224969
0.224691
0.224414
0.224138
0.223862
0.224816
0.225767
0.22549
0.225214
0.224939
0.224664
0.22439
0.224117
0.223844
0.223572
0.223301
0.22303
0.22276
0.222491
0.222222
0.221954
0.221687
0.22142
0.221154
0.220888
0.220624
0.220359
0.220096
0.219833
0.21957
0.219309
0.219048
0.218787
0.218527
0.218268
0.218009
0.217751
0.217494
0.217237
0.216981
0.216726
0.216471
0.216216
0.215962
0.215709
0.215457
0.215205
0.214953
0.214702
0.214452
0.214203
0.213953
0.213705
0.213457
0.21321
0.212963
0.212717
0.212471
0.212226
0.211982
0.211738
0.212644
0.213548
0.213303
0.213058
0.212815
0.212571
0.212329
0.212087
0.211845
0.211604
0.211364
0.211124
0.210884
0.210646
0.210407
0.210169
0.209932
0.209696
0.209459
0.209224
0.208989
0.208754
0.20852
0.208287
0.208054
0.207821
0.207589
0.207358
0.207127
0.206897
0.207778
0.207547
0.207317
0.207087
0.206858
0.20663
0.206402
0.206174
0.205947
0.205721
0.205495
0.205269
0.205044
0.204819
0.204595
0.204372
0.204148
0.203926
0.203704
0.203482
0.203261
0.20304
0.20282
0.2026
0.202381
0.202162
0.201944
0.202805
0.203664
0.203445
0.203226
0.203008
0.20279
0.203644
0.204497
0.205348
0.205128
0.204909
0.204691
0.204473
0.204255
0.204038
0.203822
0.203606
0.20339
0.203175
0.20296
0.202746
0.202532
0.202318
0.202105
0.201893
0.201681
0.201469
0.201258
0.201047
0.200837
0.200627
0.200418
0.200209
0.2
0.199792
0.199584
0.199377
0.19917
0.198964
0.198758
0.198552
0.19938
0.200206
0.201031
0.201854
0.202675
0.203494
0.204312
0.205128
0.205943
0.206755
0.206544
0.206333
0.207143
0.207951
0.207739
0.207528
0.207317
0.208122
0.207911
0.208713
0.209514
0.210313
0.210101
0.209889
0.209677
0.209466
0.209256
0.209045
0.208835
0.208626
0.208417
0.208208
0.208
0.207792
0.207585
0.207378
0.207171
0.206965
0.206759
0.207547
0.208333
0.209118
0.209901
0.210682
0.211462
0.212241
0.213018
0.213793
0.214567
0.214356
0.214145
0.213935
0.213725
0.213516
0.213307
0.214076
0.214844
