1
1
1
1
1
1
1
1
1
1
1
1
1
1
1
1
1
1
0.947368
0.9
0.904762
0.909091
0.869565
0.875
0.88
0.884615
0.888889
0.892857
0.896552
0.9
0.903226
0.90625
0.909091
0.882353
0.857143
0.833333
0.837838
0.842105
0.846154
0.85
0.853659
0.833333
0.813953
0.818182
0.822222
0.826087
0.829787
0.833333
0.836735
0.84
0.843137
0.846154
0.849057
0.851852
0.854545
0.857143
0.859649
0.862069
0.864407
0.866667
0.868852
0.870968
0.873016
0.875
0.876923
0.878788
0.880597
0.882353
0.884058
0.885714
0.887324
0.888889
0.890411
0.891892
0.893333
0.894737
0.883117
0.884615
0.886076
0.8875
0.888889
0.890244
0.891566
0.892857
0.894118
0.895349
0.896552
0.886364
0.876404
0.877778
0.879121
0.880435
0.88172
0.882979
0.884211
0.875
0.876289
0.877551
0.878788
0.88
0.881188
0.882353
0.883495
0.884615
0.885714
0.886792
0.878505
0.87963
0.880734
0.881818
0.882883
0.883929
0.884956
0.885965
0.886957
0.887931
0.888889
0.889831
0.882353
0.883333
0.884298
0.885246
0.886179
0.887097
0.88
0.873016
0.874016
0.875
0.875969
0.876923
0.877863
0.878788
0.879699
0.880597
0.881481
0.882353
0.883212
0.884058
0.884892
0.885714
0.886525
0.887324
0.888112
0.881944
0.882759
0.883562
0.884354
0.885135
0.885906
0.886667
0.887417
0.888158
0.888889
0.88961
0.883871
0.878205
0.872611
0.873418
0.874214
0.875
0.875776
0.876543
0.877301
0.878049
0.878788
0.879518
0.88024
0.875
0.87574
0.876471
0.877193
0.877907
0.878613
0.87931
0.88
0.880682
0.881356
0.882022
0.877095
0.877778
0.878453
0.873626
0.874317
0.875
0.875676
0.876344
0.877005
0.87766
0.878307
0.878947
0.879581
0.880208
0.880829
0.881443
0.876923
0.877551
0.873096
0.873737
0.869347
0.87
0.870647
0.866337
0.862069
0.862745
0.863415
0.864078
0.859903
0.860577
0.856459
0.852381
0.848341
0.849057
0.849765
0.850467
0.851163
0.851852
0.847926
0.844037
0.840183
0.836364
0.832579
0.828829
0.829596
0.825893
0.822222
0.823009
0.823789
0.824561
0.825328
0.821739
0.818182
0.814655
0.811159
0.811966
0.812766
0.813559
0.814346
0.815126
0.8159
0.816667
0.817427
0.818182
0.81893
0.815574
0.812245
0.808943
0.809717
0.810484
0.811245
0.812
0.812749
0.813492
0.814229
0.811024
0.807843
0.804688
0.801556
0.802326
0.803089
0.803846
0.804598
0.805344
0.806084
0.806818
0.803774
0.804511
0.801498
0.798507
0.795539
0.792593
0.789668
0.786765
0.787546
0.788321
0.789091
0.786232
0.783394
0.780576
0.777778
0.775
0.772242
0.769504
0.770318
0.771127
0.77193
0.772727
