1
1
0.666667
0.75
0.8
0.666667
0.714286
0.625
0.666667
0.7
0.727273
0.75
0.692308
0.714286
0.733333
0.6875
0.647059
0.611111
0.578947
0.6
0.571429
0.545455
0.521739
0.5
0.52
0.5
0.481481
0.5
0.517241
0.533333
0.516129
0.5
0.515152
0.529412
0.542857
0.527778
0.513514
0.5
0.487179
0.475
0.463415
0.452381
0.44186
0.431818
0.422222
0.413043
0.404255
0.395833
0.387755
0.38
0.372549
0.365385
0.358491
0.351852
0.345455
0.339286
0.333333
0.327586
0.322034
0.316667
0.311475
0.306452
0.301587
0.3125
0.307692
0.30303
0.298507
0.294118
0.289855
0.285714
0.28169
0.277778
0.273973
0.27027
0.266667
0.263158
0.25974
0.25641
0.253165
0.25
0.246914
0.243902
0.253012
0.261905
0.270588
0.27907
0.287356
0.295455
0.303371
0.3
0.296703
0.304348
0.301075
0.297872
0.294737
0.291667
0.298969
0.306122
0.313131
0.31
0.306931
0.303922
0.300971
0.298077
0.295238
0.301887
0.308411
0.314815
0.311927
0.309091
0.306306
0.303571
0.300885
0.298246
0.295652
0.293103
0.290598
0.288136
0.285714
0.283333
0.289256
0.295082
0.300813
0.306452
0.312
0.31746
0.322835
0.328125
0.333333
0.338462
0.335878
0.333333
0.330827
0.328358
0.325926
0.323529
0.321168
0.326087
0.330935
0.335714
0.340426
0.34507
0.34965
0.354167
0.358621
0.363014
0.367347
0.364865
0.362416
0.36
0.357616
0.355263
0.352941
0.350649
0.348387
0.346154
0.350318
0.348101
0.345912
0.35
0.354037
0.358025
0.361963
0.365854
0.369697
0.373494
0.377246
0.380952
0.384615
0.382353
0.385965
0.389535
0.393064
0.396552
0.4
0.397727
0.39548
0.393258
0.391061
0.388889
0.38674
0.384615
0.382514
0.380435
0.378378
0.376344
0.374332
0.37234
0.37037
0.373684
0.371728
0.369792
0.367876
0.365979
0.364103
0.362245
0.360406
0.358586
0.356784
0.355
0.353234
0.351485
0.349754
0.348039
0.346341
0.34466
0.342995
0.341346
0.344498
0.347619
0.345972
0.34434
0.342723
0.341121
0.339535
0.337963
0.336406
0.334862
0.333333
0.331818
0.334842
0.337838
0.340807
0.34375
0.346667
0.345133
0.343612
0.342105
0.340611
0.33913
0.337662
0.336207
0.334764
0.337607
0.33617
0.334746
0.333333
0.331933
0.330544
0.329167
0.327801
0.326446
0.325103
0.32377
0.322449
0.321138
0.323887
0.322581
0.321285
0.32
0.318725
0.31746
0.316206
0.314961
0.313725
0.316406
0.319066
0.321705
0.324324
0.326923
0.329502
0.332061
0.334601
0.337121
0.339623
0.342105
0.344569
0.347015
0.349442
0.351852
0.354244
0.352941
0.351648
0.350365
0.349091
0.347826
0.34657
0.345324
0.344086
0.342857
0.341637
0.340426
0.339223
0.338028
0.336842
0.335664
0.334495
0.333333
0.33218
0.331034
0.329897
0.328767
0.327645
0.326531
0.325424
0.324324
0.326599
0.328859
0.327759
0.33
0.332226
0.334437
0.336634
0.335526
0.334426
0.333333
0.332248
0.331169
0.330097
0.329032
0.327974
0.326923
0.325879
0.324841
0.32381
0.322785
0.321767
0.320755
0.319749
0.31875
0.320872
0.322981
0.325077
0.32716
0.329231
0.331288
0.333333
0.335366
0.337386
0.339394
0.338369
0.337349
0.336336
0.335329
0.334328
0.33631
0.338279
0.340237
0.342183
0.344118
0.346041
0.345029
0.344023
0.343023
0.342029
0.34104
0.340058
0.33908
0.338109
0.337143
0.336182
0.335227
0.334278
0.333333
0.332394
0.33427
0.336134
0.335196
0.334262
0.333333
0.33241
0.334254
0.333333
0.332418
0.331507
0.330601
0.3297
0.328804
0.327913
0.327027
0.326146
0.325269
0.324397
0.323529
0.322667
0.321809
0.320955
0.320106
0.3219
0.323684
0.325459
0.327225
0.328982
0.330729
0.332468
0.334197
0.335917
0.337629
0.336761
0.335897
0.335038
0.334184
0.333333
0.332487
0.331646
0.330808
0.329975
0.329146
0.328321
0.33
0.331671
0.330846
0.330025
0.329208
0.328395
0.327586
0.326781
0.328431
0.327628
0.326829
0.326034
0.325243
0.324455
0.323671
0.322892
0.322115
0.321343
0.320574
0.319809
0.319048
0.31829
0.317536
0.316785
0.316038
0.315294
0.314554
0.313817
0.313084
0.312354
0.311628
0.310905
0.310185
0.311778
0.31106
0.310345
0.309633
0.308924
0.308219
0.307517
0.306818
0.306122
0.307692
0.309255
0.310811
0.31236
0.311659
0.310962
0.310268
0.309577
0.308889
0.308204
0.307522
0.306843
0.306167
0.305495
0.304825
0.304158
0.303493
0.302832
0.302174
0.301518
0.300866
0.300216
0.299569
0.298925
0.298283
0.297645
0.297009
0.296375
0.295745
0.295117
0.294492
0.293869
0.295359
0.296842
0.298319
0.29979
0.301255
0.302714
0.304167
0.305613
0.307054
0.308489
0.309917
0.309278
0.308642
0.308008
0.307377
0.306748
0.306122
0.305499
0.304878
0.30426
0.303644
0.30303
0.302419
0.301811
0.301205
0.300601
0.3
0.299401
0.298805
0.300199
0.299603
0.29901
0.298419
0.29783
0.297244
0.29666
0.296078
0.297456
0.298828
0.300195
0.301556
0.302913
0.304264
0.305609
0.30695
0.308285
0.309615
0.309021
0.308429
0.307839
0.30916
0.310476
0.311787
0.311195
0.310606
0.310019
0.309434
0.308851
0.308271
0.307692
0.307116
0.308411
0.309701
0.309125
0.30855
0.307978
0.307407
0.306839
0.306273
0.305709
0.305147
0.304587
0.304029
0.303473
0.30292
0.302368
0.301818
0.30127
0.300725
0.300181
0.299639
0.299099
0.298561
0.298025
0.297491
0.296959
0.296429
0.2959
0.295374
0.294849
0.294326
0.293805
0.293286
0.292769
0.292254
0.29174
0.291228
0.290718
0.29021
0.289703
0.289199
0.288696
0.288194
0.287695
0.287197
0.286701
0.286207
0.285714
0.285223
0.284734
0.284247
0.283761
0.283276
0.282794
0.282313
0.281834
0.281356
0.28088
0.280405
0.279933
0.279461
0.278992
0.278523
0.278057
0.277592
0.277129
0.276667
0.276206
0.275748
0.276949
0.278146
0.279339
0.280528
0.281713
0.28125
0.280788
0.280328
0.279869
0.279412
0.278956
0.278502
0.278049
0.277597
0.277147
0.276699
0.276252
0.275806
0.275362
0.27492
0.274478
0.274038
0.2736
0.273163
0.272727
0.272293
0.27186
0.271429
0.270998
0.27057
0.270142
0.269716
0.269291
0.268868
0.268446
0.268025
0.267606
0.267188
0.266771
0.266355
0.265941
0.265528
0.265116
0.264706
0.264297
0.263889
0.263482
0.263077
0.262673
0.26227
0.261868
0.261468
0.261069
0.260671
0.260274
0.259878
0.259484
0.259091
0.258699
0.258308
0.257919
0.25753
0.257143
0.256757
0.256372
0.255988
0.255605
0.255224
0.254844
0.254464
0.254086
0.253709
0.253333
0.252959
0.252585
0.252212
0.251841
0.251471
0.251101
0.250733
0.250366
0.25
0.249635
0.249271
0.248908
0.248547
0.248186
0.247826
0.247467
0.248555
0.248196
0.247839
0.248921
0.25
0.251076
0.252149
0.253219
0.254286
0.253923
0.253561
0.253201
0.252841
0.252482
0.252125
0.251768
0.251412
0.251058
0.250704
0.250352
0.25
0.249649
0.2493
0.248951
0.248603
0.248257
0.247911
0.247566
0.247222
0.246879
0.246537
0.246196
0.245856
0.245517
0.245179
0.244842
0.244505
0.245542
0.246575
0.247606
0.248634
0.249659
0.250681
0.251701
0.252717
0.253731
0.254743
0.254398
0.255405
0.25641
0.256065
0.25572
0.255376
0.255034
0.254692
0.254351
0.254011
0.253672
0.253333
0.252996
0.253989
0.25498
0.255968
0.256954
0.256614
0.257596
0.257256
0.256917
0.256579
0.256242
0.255906
0.25557
0.255236
0.254902
0.254569
0.254237
0.253906
0.253576
0.253247
0.252918
0.252591
0.252264
0.251938
0.251613
0.251289
0.250965
0.250643
0.250321
0.25
0.24968
0.249361
0.249042
0.248724
0.248408
0.248092
0.247776
0.247462
0.248416
0.249367
0.249052
0.248737
0.248424
0.248111
0.247799
0.247487
0.247177
0.246867
0.246558
0.24625
0.245943
0.245636
0.24533
0.245025
0.24472
0.244417
0.244114
0.243812
0.243511
0.24321
0.24291
0.242611
0.242312
0.242015
0.241718
0.241422
0.241126
0.240831
0.240537
0.240244
0.239951
0.239659
0.239368
0.239078
0.238788
0.238499
0.23821
0.237923
0.237636
0.237349
0.237064
0.236779
0.236495
0.236211
0.235928
0.235646
0.235364
0.235084
0.234803
0.234524
0.234245
0.233967
0.233689
0.233412
0.233136
0.232861
0.232586
0.232311
0.232038
0.231765
0.231492
0.231221
0.23095
0.230679
0.230409
0.23014
0.229872
0.229604
0.229336
0.22907
0.228804
0.228538
0.228273
0.228009
0.227746
0.227483
0.22722
0.226959
0.226697
0.226437
0.226177
0.225917
0.226804
0.227689
0.228571
0.228311
0.22805
0.22779
0.227531
0.227273
0.227015
0.226757
0.226501
0.226244
0.225989
0.225734
0.225479
0.225225
0.224972
0.224719
0.224467
0.224215
0.223964
0.223714
0.223464
0.223214
0.222965
0.222717
0.222469
0.222222
0.221976
0.221729
0.221484
0.221239
0.220994
0.220751
0.220507
0.220264
0.220022
0.21978
0.219539
0.219298
0.219058
0.218818
0.218579
0.218341
0.218103
0.217865
0.217628
0.217391
0.217155
0.21692
0.216685
0.21645
0.216216
0.215983
0.21575
0.215517
0.215285
0.215054
0.214823
0.214592
0.214362
0.214133
0.213904
0.213675
0.213447
0.21322
0.212993
0.212766
0.21254
0.212314
0.212089
0.212924
0.213757
0.214588
0.214361
0.214135
0.213909
0.213684
0.21346
0.213235
0.213012
0.212788
0.212565
0.212343
0.212121
0.2119
0.211679
0.211458
0.211238
0.211019
0.2108
0.210581
0.210363
0.21118
0.211996
0.21281
0.213622
0.214433
0.215242
0.215021
0.2148
0.214579
0.214359
0.214139
0.21392
0.213701
0.213483
0.213265
0.213048
0.212831
0.212614
0.213415
0.213198
0.212982
0.212766
0.212551
0.212336
0.212121
0.211907
0.211694
0.21148
0.211268
0.211055
0.211847
0.212638
0.213427
0.214214
0.215
0.215784
0.216567
0.217348
0.218127
0.218905
0.218688
0.218471
0.218254
0.218038
0.217822
0.217606
0.217391
0.217177
0.216963
0.216749
0.216535
0.216323
0.21611
0.215898
0.215686
0.215475
0.215264
0.215054
0.214844
0.21561
0.216374
0.217137
0.217899
0.218659
0.219417
0.219205
0.218992
0.21878
0.218569
0.218357
0.218147
0.217936
0.217726
0.217517
0.217308
0.217099
0.216891
0.217641
0.217433
0.217225
0.217017
0.21681
0.216603
0.216397
0.21619
0.215985
0.215779
0.215575
0.21537
0.215166
0.214962
0.214759
0.214556
0.214353
0.215094
0.215834
0.215631
0.215428
0.215226
0.215023
0.214822
0.21462
0.214419
0.214219
0.214019
0.213819
0.213619
0.21342
0.213222
0.213023
0.212825
0.212628
0.21243
0.212234
0.212037
0.211841
0.211645
0.21145
0.211255
0.21106
0.210866
0.210672
0.210478
0.210285
0.210092
0.209899
0.209707
0.209515
0.209324
0.209132
0.208942
0.208751
0.208561
0.208371
0.208182
0.207993
0.207804
0.207616
0.207428
0.20724
0.207052
0.206865
0.206679
0.206492
0.207207
0.207921
0.208633
0.209344
0.210054
0.210762
0.21147
0.212175
0.21288
0.213584
0.213393
0.213202
0.213012
0.212823
0.212633
0.212444
0.212256
0.212067
0.211879
0.211692
0.211504
0.211317
0.211131
0.210944
0.210758
0.210573
0.210387
0.210202
0.210018
0.209833
0.209649
0.209465
0.209282
0.209099
0.208916
0.208734
0.208551
0.20837
0.208188
0.208007
0.207826
0.207646
0.207465
0.207285
0.207106
0.206926
0.206747
0.206569
0.20639
0.206212
0.206034
0.205857
0.20568
0.205503
0.205326
0.20515
0.204974
0.204799
0.204623
0.204448
0.204274
0.204099
0.203925
0.203751
0.203578
0.203404
0.203231
0.203059
0.202886
0.202714
0.202542
0.202371
0.2022
0.202029
0.201858
0.201688
0.201518
0.201348
0.201178
0.20185
0.201681
0.201511
0.201342
0.201174
0.201005
0.200837
0.200669
0.200501
0.200334
0.200167
0.2
0.199833
0.199667
0.199501
0.199336
0.19917
0.199005
0.19884
0.198675
0.198511
0.199174
0.199835
0.200495
0.20033
0.200988
0.200823
0.200658
0.200493
0.200328
0.200164
0.2
0.199836
0.199673
0.199509
0.200163
0.200816
0.201468
0.202119
0.202769
0.203417
0.204065
0.204712
0.205357
0.206002
0.206645
0.206478
0.206311
0.206144
0.205977
0.205811
0.205645
0.205479
0.205314
0.205149
0.204984
0.204819
0.204655
0.204491
0.204327
0.204163
0.204
0.203837
0.203674
0.203512
0.203349
0.203187
0.203025
0.202864
0.202703
0.202542
0.202381
0.20222
0.20206
0.2019
0.201741
0.201581
0.201422
0.201263
0.201104
0.200946
0.200787
0.200629
0.200472
0.200314
0.200157
0.2
0.199843
0.199687
0.199531
0.199375
0.199219
0.199844
0.200468
0.201091
0.201713
0.202335
0.202177
0.202797
0.203416
0.204034
0.204651
0.205267
0.205882
0.206497
0.20711
0.207722
0.208333
0.208173
0.208012
0.207852
0.207692
0.207533
0.207373
0.207214
0.207822
0.208429
0.209035
0.20964
0.210245
0.210848
0.21145
0.212052
0.212652
0.213252
0.21309
0.212928
0.212766
0.212604
0.212443
0.212282
0.212121
0.212718
0.212557
0.212396
0.212236
0.212075
0.211916
0.211756
0.211596
0.211437
0.211278
0.211119
0.210961
0.210803
0.210645
0.210487
0.210329
0.210172
0.210015
0.209858
0.209701
0.209545
0.209389
0.209233
0.209077
0.208922
0.208767
0.208612
0.208457
0.208302
0.208148
0.207994
0.20784
0.207687
0.207533
0.20738
0.207227
0.207074
0.206922
0.20677
0.206618
0.206466
0.206314
0.206163
0.206012
0.205861
0.20571
0.20556
0.205409
0.205259
0.205109
0.20496
0.20481
0.204661
0.204512
0.204364
0.204215
0.204067
0.203919
0.203771
0.203623
0.203476
0.203329
0.203181
0.203035
0.202888
0.202742
0.202596
0.20317
0.203024
0.202878
0.202732
0.202586
0.202441
0.202296
0.202151
0.202006
0.201861
0.201717
0.201573
0.201429
0.201285
0.201141
0.200998
0.200855
0.200712
0.200569
0.201137
0.201705
0.201561
0.201418
0.201276
0.201133
0.200991
0.200849
0.200707
0.200565
0.200423
0.200282
0.200141
0.2
0.199859
0.199719
0.199578
0.199438
0.199298
0.199158
0.199019
0.19888
0.19874
0.198601
0.198463
0.198324
0.198186
0.198047
0.197909
0.197772
0.197634
0.197497
0.197359
0.197222
0.197085
0.196949
0.196812
0.196676
0.19654
0.196404
0.196268
0.196133
0.195997
0.195862
0.195727
0.195592
0.195458
0.195323
0.195189
0.195055
0.194921
0.194787
0.194654
0.194521
0.194387
0.194254
0.194122
0.193989
0.193857
0.193724
0.193592
0.19346
0.193329
0.193197
0.193066
0.192935
0.192804
0.192673
0.192542
0.192412
0.192282
0.192152
0.192022
0.191892
0.191762
0.191633
0.191504
0.191375
0.191246
0.191117
0.190989
0.19086
0.190732
0.190604
0.190476
0.190349
0.190221
0.190094
0.189967
0.18984
0.189713
0.189586
0.18946
0.189333
0.189207
0.189081
0.189621
0.189495
0.189369
0.189243
0.189117
0.188992
0.188867
0.188742
0.188617
0.188492
0.188367
0.188243
0.188119
0.187995
0.187871
0.187747
0.187623
0.1875
0.187377
0.187254
0.187131
0.187008
0.186885
0.186763
0.18664
0.186518
0.186396
0.186275
0.186153
0.186031
0.18591
0.185789
0.185668
0.185547
0.185426
0.185306
0.185185
0.185065
0.184945
0.184825
0.184705
0.184585
0.184466
0.184347
0.184228
0.184109
0.18399
0.183871
0.183752
0.183634
0.183516
0.183398
0.18328
0.183162
0.183044
0.182927
0.182809
0.182692
0.182575
0.182458
0.182342
0.182864
0.183387
0.183908
0.184429
0.184311
0.184194
0.184076
0.183959
0.183842
0.183725
0.183609
0.183492
0.18401
0.184528
0.184411
0.184294
0.18481
0.184693
0.184576
0.18446
0.184343
0.184858
0.185372
0.185885
0.186398
0.186281
0.186164
0.186047
0.18593
0.185813
0.185696
0.18558
0.185464
0.185348
0.185232
0.185116
0.185
0.185509
0.185393
0.185278
0.185162
0.185047
0.184932
0.184816
0.184701
0.184587
0.184472
0.184358
0.184243
0.184129
0.184015
0.183901
0.183787
0.183673
0.18356
0.183447
0.183333
0.18322
0.183107
0.182994
0.182882
0.182769
0.182657
0.182545
0.182432
0.18232
0.182822
0.183323
0.183824
0.184323
0.184823
0.185321
0.185819
0.186316
0.186813
0.187309
0.187805
0.1883
0.188794
0.189288
0.189781
0.190274
0.190765
0.191257
0.191748
0.192238
0.192121
0.192611
0.192494
0.192377
0.192261
0.192145
0.192029
0.191913
0.191797
0.191682
0.191566
0.191451
0.191336
0.191221
0.191106
0.190991
0.191477
0.191962
0.192446
0.19293
0.193413
0.193896
0.194378
0.19486
0.195341
0.195821
0.196301
0.196184
0.196067
0.19595
0.195833
0.195717
0.1956
0.195484
0.195368
0.195252
0.195136
0.195021
0.195498
0.195974
0.19645
0.196925
0.1974
0.197874
0.198347
0.19882
0.199292
0.199764
0.199647
0.199529
0.2
0.20047
0.20094
0.201409
0.201878
0.202346
0.202814
0.203281
0.203747
0.204213
0.204094
0.203974
0.203855
0.203736
0.203617
0.203499
0.20338
0.203262
0.203143
0.203025
0.202907
0.202789
0.202671
0.202554
0.202436
0.202319
0.202202
0.202085
0.201968
0.201851
0.201734
0.201618
0.201501
0.201385
0.201269
0.201153
0.201037
0.200921
0.200806
0.20069
0.200575
0.20046
0.200344
0.200229
0.200115
0.2
0.199885
0.199771
0.199657
0.199543
0.199429
0.199315
0.199201
0.199087
0.198974
0.19886
0.198747
0.198634
0.198521
0.198408
0.198295
0.198183
0.19807
0.197958
0.197846
0.197734
0.197622
0.19751
0.197398
0.197287
0.197175
0.197064
0.196953
0.196842
0.196731
0.19662
0.196509
0.196398
0.196288
0.196178
0.196067
0.195957
0.195847
0.195738
0.195628
0.195518
0.195409
0.195299
0.19519
0.195081
0.194972
0.194863
0.194754
0.194646
0.194537
0.194429
0.194321
0.194213
0.194105
0.193997
0.193889
0.193781
0.193674
0.193566
0.193459
0.193352
0.193245
0.193138
0.193031
0.192924
0.192818
0.192711
0.192605
0.192499
0.192393
0.192287
0.192181
0.192075
0.191969
0.191864
0.191758
0.191653
0.191548
0.191991
0.191886
0.191781
0.191676
0.191571
0.191466
0.191361
0.191257
0.191152
0.191594
0.191489
0.191385
0.191826
0.191721
0.192161
0.192601
0.19304
0.193478
0.193373
0.193268
0.193163
0.193059
0.192954
0.192849
0.192745
0.193182
0.193618
0.194054
0.194489
0.194924
0.195359
0.195793
0.195687
0.195582
0.195477
0.195371
0.195266
0.195161
0.195056
0.194952
0.194847
0.194742
0.194638
0.194534
0.19443
0.194325
0.194222
0.194118
0.194014
0.19391
0.194341
0.194771
0.1952
0.195096
0.194992
0.194888
0.194784
0.194681
0.194577
0.194474
0.194371
0.194268
0.194164
0.194062
0.193959
0.193856
0.193753
0.193651
0.193548
0.193446
0.193344
0.193242
0.19314
0.193038
0.192936
0.192835
0.192733
0.192632
0.19253
0.192429
0.192328
0.192227
0.192126
0.192025
0.191924
0.191824
0.191723
0.191623
0.191523
0.191423
0.191323
0.191745
0.191645
0.191545
0.191445
0.191345
0.191245
0.191146
0.191046
0.190947
0.190848
0.190748
0.190649
0.19055
0.190451
0.190353
0.190772
0.191192
0.191611
0.192029
0.192447
0.192865
0.193282
0.193698
0.194115
0.19453
0.19443
0.19433
0.19423
0.19413
0.19403
0.19393
0.19383
0.193731
0.193631
0.193532
0.193433
0.193333
0.193234
0.193135
0.193036
0.192938
0.192839
0.193252
0.193664
0.194076
0.194487
0.194898
0.194799
0.194699
0.19511
0.195519
0.195929
0.196338
0.196746
0.197154
0.197054
0.196954
0.196854
0.196755
0.196655
0.196555
0.196456
0.196356
0.196257
0.196158
0.196059
0.19596
0.195861
0.195762
0.195663
0.196069
0.196474
