1
1
1
1
1
1
1
1
1
1
1
1
1
1
1
1
1
0.944444
0.947368
0.95
0.904762
0.909091
0.913043
0.916667
0.92
0.923077
0.888889
0.892857
0.896552
0.9
0.903226
0.90625
0.878788
0.852941
0.828571
0.805556
0.810811
0.815789
0.820513
0.825
0.829268
0.833333
0.813953
0.795455
0.8
0.804348
0.808511
0.8125
0.816327
0.82
0.823529
0.826923
0.830189
0.833333
0.818182
0.803571
0.789474
0.775862
0.762712
0.766667
0.770492
0.774194
0.777778
0.78125
0.784615
0.787879
0.791045
0.794118
0.797101
0.785714
0.774648
0.763889
0.767123
0.77027
0.773333
0.776316
0.779221
0.782051
0.78481
0.7875
0.777778
0.768293
0.759036
0.75
0.741176
0.732558
0.724138
0.715909
0.707865
0.7
0.692308
0.684783
0.688172
0.691489
0.694737
0.6875
0.680412
0.673469
0.666667
0.66
0.653465
0.656863
0.660194
0.663462
0.666667
0.669811
0.672897
0.675926
0.678899
0.681818
0.684685
0.678571
0.672566
0.666667
0.669565
0.672414
0.666667
0.661017
0.655462
0.65
0.644628
0.639344
0.634146
0.629032
0.624
0.619048
0.614173
0.609375
0.604651
0.6
0.59542
0.590909
0.586466
0.58209
0.577778
0.573529
0.569343
0.565217
0.568345
0.571429
0.574468
0.577465
0.58042
0.576389
0.572414
0.568493
0.564626
0.567568
0.563758
0.56
0.556291
0.552632
0.555556
0.558442
0.56129
0.564103
0.566879
0.56962
0.572327
0.575
0.57764
0.580247
0.582822
0.585366
0.587879
0.584337
0.586826
0.589286
0.591716
0.594118
0.596491
0.598837
0.601156
0.603448
0.605714
0.607955
0.60452
0.601124
0.603352
0.605556
0.60221
0.598901
0.595628
0.592391
0.589189
0.591398
0.588235
0.585106
0.582011
0.578947
0.581152
0.578125
0.57513
0.572165
0.574359
0.571429
0.573604
0.570707
0.572864
0.57
0.567164
0.564356
0.566502
0.568627
0.570732
0.572816
0.570048
0.567308
0.569378
0.571429
0.57346
0.575472
0.577465
0.579439
0.581395
0.583333
0.585253
0.587156
0.584475
0.581818
0.579186
0.576577
0.573991
0.571429
0.568889
0.570796
0.572687
0.574561
0.576419
0.578261
0.580087
0.581897
0.579399
0.576923
0.574468
0.572034
0.56962
0.567227
0.564854
0.5625
0.560166
0.557851
0.555556
0.553279
0.55102
0.54878
0.546559
0.544355
0.542169
0.54
0.537849
0.535714
0.533597
0.531496
0.529412
0.527344
0.525292
0.523256
0.521236
0.519231
0.517241
0.515267
0.513308
0.511364
0.509434
0.507519
0.505618
0.503731
0.501859
0.5
0.501845
0.503676
0.505495
0.507299
0.509091
0.51087
0.512635
0.514388
0.516129
0.517857
0.516014
0.51773
0.515901
0.514085
0.512281
0.51049
0.512195
0.513889
0.515571
0.517241
0.5189
0.520548
0.522184
0.52381
0.525424
0.527027
0.525253
0.526846
0.528428
0.53
0.531561
0.533113
0.534653
0.536184
0.537705
0.539216
0.540717
0.538961
0.537217
0.535484
0.536977
0.538462
0.536741
0.538217
0.539683
0.541139
0.542587
0.544025
0.545455
0.546875
0.548287
0.549689
0.551084
0.552469
0.553846
0.552147
0.550459
0.54878
0.547112
0.545455
0.546828
0.545181
0.546547
0.54491
0.546269
0.544643
0.543027
0.54142
0.539823
0.538235
0.536657
0.535088
0.533528
0.531977
0.530435
0.528902
0.527378
0.525862
0.524355
0.522857
0.521368
0.519886
0.518414
0.519774
0.521127
0.522472
0.52381
0.52514
0.523677
0.522222
0.520776
0.519337
0.517906
0.516484
0.515068
0.513661
0.514986
0.513587
0.512195
0.510811
0.509434
0.508065
0.506702
0.505348
0.504
0.50266
0.501326
0.5
0.498681
0.5
0.498688
0.497382
0.496084
0.494792
0.493506
0.492228
0.490956
0.489691
0.491003
0.492308
0.493606
0.494898
0.496183
0.497462
0.498734
0.5
0.501259
0.5
0.498747
0.4975
0.496259
0.495025
0.493797
0.492574
0.491358
0.490148
0.488943
0.487745
0.486553
0.485366
0.484185
0.48301
0.48184
0.480676
0.479518
0.478365
0.477218
0.476077
0.47494
0.47381
0.472684
0.471564
0.470449
0.471698
0.472941
0.474178
0.473068
0.474299
0.475524
0.474419
0.473318
0.472222
0.471132
0.470046
0.468966
0.46789
0.466819
0.465753
0.464692
0.463636
0.462585
0.461538
0.460497
0.459459
0.458427
0.457399
0.458613
0.459821
0.461024
0.462222
0.463415
0.462389
0.461369
0.460352
0.459341
0.458333
0.45733
0.458515
0.459695
0.46087
0.462039
0.463203
0.464363
0.465517
0.466667
0.467811
0.468951
0.467949
0.469083
0.470213
0.469214
0.470339
0.469345
0.468354
0.467368
0.466387
0.465409
0.464435
0.463466
0.4625
0.461538
0.460581
0.459627
0.458678
0.457732
0.45679
0.455852
0.454918
0.453988
0.453061
0.452138
0.45122
0.450304
0.449393
0.448485
0.447581
0.44668
0.445783
0.44489
0.446
0.447106
0.448207
0.449304
0.448413
0.447525
0.44664
0.445759
0.444882
0.444008
0.443137
0.44227
0.441406
0.440546
0.439689
0.438835
0.437984
0.437137
0.436293
0.435453
0.436538
0.43762
0.438697
0.439771
0.438931
0.438095
0.437262
0.436433
0.435606
0.434783
0.433962
0.433145
0.432331
0.43152
0.432584
0.431776
0.43097
0.430168
0.429368
0.428571
0.427778
0.426987
0.426199
0.427256
0.428309
0.429358
0.430403
0.431444
0.432482
0.433515
0.434545
0.435572
0.436594
0.435805
0.435018
0.434234
0.433453
0.432675
0.433692
0.434705
0.435714
0.43672
0.437722
0.438721
0.439716
0.440708
0.441696
0.442681
0.441901
0.441125
0.442105
0.441331
0.440559
0.439791
0.439024
0.438261
0.4375
0.436742
0.435986
0.435233
0.434483
0.433735
0.434708
0.435678
0.436644
0.437607
0.43686
0.436116
0.435374
0.434635
0.433898
0.433164
0.434122
0.435076
0.436027
0.436975
0.437919
0.437186
0.436455
0.435726
0.435
0.43594
0.436877
0.436153
0.43543
0.434711
0.433993
0.434926
0.435855
0.43514
0.434426
0.435352
0.436275
0.437194
0.438111
0.439024
0.439935
0.440843
0.441748
0.442649
0.443548
0.442834
0.442122
0.441413
0.440705
0.44
0.439297
0.438596
0.437898
0.437202
0.438095
0.437401
0.436709
0.436019
0.435331
0.43622
0.437107
0.436421
0.435737
0.43662
0.4375
0.436817
0.436137
0.435459
0.434783
0.434109
0.433437
0.432767
0.432099
0.431433
0.430769
0.430108
0.429448
0.430322
0.431193
0.432061
0.431402
0.430746
0.430091
0.429439
0.428788
0.428139
0.427492
0.426848
0.427711
0.428571
0.429429
0.430285
0.431138
0.431988
0.432836
0.433681
0.434524
0.435364
0.434718
0.434074
0.433432
0.432792
0.432153
0.43299
0.433824
0.433186
0.432551
0.431918
0.431287
0.430657
0.430029
0.429403
0.428779
0.428157
0.427536
0.426918
0.426301
0.425685
0.425072
0.42446
0.423851
0.423242
0.422636
0.422031
0.421429
0.420827
0.420228
0.41963
0.419034
0.41844
0.417847
0.417256
0.416667
0.417489
0.416901
0.416315
0.41573
0.415147
0.414566
0.413986
0.413408
0.412831
0.412256
0.411683
0.411111
0.410541
0.409972
0.409405
0.40884
0.408276
0.407713
0.407153
0.406593
0.406036
0.405479
0.404925
0.404372
0.40382
0.40327
0.402721
0.402174
0.401628
0.401084
0.400541
0.4
0.39946
0.40027
0.399731
0.399194
0.398658
0.398123
0.39759
0.397059
0.396529
0.396
0.395473
0.394947
0.394422
0.393899
0.393377
0.392857
0.392338
0.391821
0.391304
0.390789
0.390276
0.389764
0.389253
0.388743
0.388235
0.387728
0.387223
0.386719
0.386216
0.385714
0.385214
0.384715
0.384217
0.383721
0.383226
0.382732
0.382239
0.381748
0.381258
0.380769
0.380282
0.379795
0.37931
0.378827
0.378344
0.377863
0.377382
0.376904
0.377693
0.378481
0.379267
0.380051
0.379571
0.379093
0.378616
0.378141
0.377666
0.377193
0.376721
0.37625
0.37578
0.375312
0.374844
0.374378
0.373913
0.373449
0.372986
0.372525
0.372064
0.371605
0.371147
0.37069
0.370234
0.369779
0.369325
0.368873
0.368421
0.367971
0.367521
0.367073
0.366626
0.36618
0.365735
0.365291
0.364848
0.364407
0.363966
0.363527
0.363088
0.362651
0.363418
0.362981
0.362545
0.36211
0.361677
0.361244
0.360812
0.360382
0.359952
0.360714
0.361474
0.362233
0.361803
0.361374
0.360947
0.36052
0.361275
0.360849
0.360424
0.36
0.359577
0.359155
0.358734
0.358314
0.357895
0.357477
0.35706
0.356643
0.356228
0.355814
0.355401
0.354988
0.354577
0.354167
0.353757
0.353349
0.352941
0.352535
0.352129
0.351724
0.35132
0.350917
0.350515
0.350114
0.349714
0.349315
0.348917
0.348519
0.348123
0.347727
0.347333
0.346939
0.346546
0.346154
0.345763
0.345372
0.344983
0.344595
0.344207
0.34382
0.343434
0.343049
0.342665
0.342282
0.341899
0.342634
0.342252
0.341871
0.342603
0.343333
0.344062
0.344789
0.345515
0.345133
0.344751
0.345475
0.346196
0.346916
0.347635
0.347253
0.346872
0.347588
0.348302
0.347921
0.347541
0.347162
0.346783
0.346405
0.346028
0.345652
0.345277
0.344902
0.344529
0.345238
0.344865
0.344492
0.344121
0.34375
0.34338
0.343011
0.343716
0.344421
0.345123
0.345824
0.345455
0.345085
0.344717
0.34435
0.343983
0.343617
0.343252
0.342887
0.342524
0.342161
0.341799
0.341438
0.341077
0.340717
0.340358
0.34
0.339642
0.339286
0.33893
0.338574
0.33822
0.337866
0.337513
0.337161
0.336809
0.336458
0.337149
0.336798
0.336449
0.3361
0.335751
0.336439
0.337125
0.336777
0.336429
0.336082
0.335736
0.335391
0.335046
0.334702
0.334359
0.334016
0.333675
0.333333
0.332993
0.332653
0.332314
0.331976
0.331638
0.331301
0.330964
0.330629
0.330294
0.32996
0.329626
0.329293
0.328961
0.328629
0.328298
0.327968
0.327638
0.327309
0.326981
0.326653
0.326326
0.327
0.327672
0.328343
0.329013
0.329681
0.330348
0.331014
0.331678
0.332341
0.333003
0.332673
0.332344
0.332016
0.331688
0.331361
0.331034
0.330709
0.330383
0.330059
0.329735
0.329412
0.329089
0.328767
0.328446
0.328125
0.327805
0.327485
0.327167
0.326848
0.326531
0.326214
0.325897
0.325581
0.325266
0.324952
0.325604
0.326255
0.326905
0.327553
0.3282
0.328846
0.329491
0.330134
0.330777
0.331418
0.3311
0.330784
0.330468
0.330153
0.329838
0.329524
0.32921
0.328897
0.328585
0.328273
0.327962
0.327652
0.327342
0.327032
0.326723
0.326415
0.326107
0.3258
0.325494
0.325188
0.324883
0.324578
0.324274
0.32397
0.323667
0.323364
0.323063
0.322761
0.32246
0.32216
0.32186
0.321561
0.321263
0.320965
0.320667
0.32037
0.320074
0.319778
0.319483
0.320111
0.320737
0.321363
0.321987
0.32261
0.323232
0.323853
0.324473
0.325092
0.325709
0.325411
0.325114
0.324818
0.324521
0.324226
0.324841
0.325455
0.326067
0.325771
0.325476
0.325181
0.324887
0.324593
0.3243
0.324007
0.323715
0.323423
0.323132
0.322842
0.322552
0.322262
0.321973
0.321685
0.321397
0.322004
0.321716
0.321429
0.322034
0.322638
0.323241
0.323843
0.324444
0.325044
0.325643
0.326241
0.326838
0.327434
0.327144
0.327739
0.327449
0.32716
0.326872
0.326585
0.327177
0.327768
0.32748
0.327193
0.326906
0.32662
0.326334
0.326049
0.325764
0.32548
0.325196
0.324913
0.32463
0.324348
0.324066
0.323785
0.323504
0.323224
0.322944
0.322664
0.32325
0.323834
0.324418
0.325
0.325581
0.326162
0.326741
0.32732
0.327897
0.328473
0.328192
0.327911
0.32763
0.32735
0.327071
0.326792
0.326513
0.326235
0.325957
0.32568
0.325404
0.325127
0.324852
0.324576
0.324301
0.324027
0.323753
0.32348
0.323207
0.322934
0.322662
0.322391
0.322119
0.321849
0.321579
0.321309
0.321039
0.320771
0.320502
0.320234
0.319967
0.320534
0.321101
0.321667
0.322231
0.322795
0.323358
0.32392
0.324481
0.325041
0.325601
0.325331
0.325062
0.324793
0.324525
0.324257
0.32399
0.323723
0.323457
0.323191
0.322925
0.32266
0.322395
0.322131
0.321867
0.321604
0.321341
0.321078
0.320816
0.320555
0.320293
0.320033
0.320586
0.321138
0.32169
0.32224
0.32279
0.323339
0.323887
0.324434
0.32498
0.325525
0.325262
0.325
0.324738
0.324477
0.324216
0.323955
0.323695
0.324238
0.323978
0.323718
0.323459
0.3232
0.323741
0.323482
0.323224
0.322967
0.322709
0.322452
0.322196
0.32194
0.321684
0.321429
0.321174
0.320919
0.320665
0.320411
0.320158
0.319905
0.319653
0.319401
0.319149
0.318898
0.318647
0.318396
0.318146
0.318681
0.318431
0.318182
0.317933
0.317684
0.318217
0.31875
0.319282
0.319813
0.320343
0.320872
0.321401
0.321928
0.321678
0.321429
0.321179
0.32093
0.320682
0.320433
0.320186
0.319938
0.319691
0.319444
0.319198
0.318952
0.318707
0.318462
0.318217
0.317972
0.317728
0.317485
0.317241
0.316998
0.317521
0.317278
0.317036
0.316794
0.316552
0.316311
0.31607
0.31583
0.315589
0.31535
0.31511
0.31563
0.31539
0.315152
0.314913
0.314675
0.314437
0.314199
0.314717
0.31448
0.314243
0.314006
0.31377
0.313534
0.313298
0.313063
0.312828
0.313343
0.313858
0.314371
0.314884
0.315396
0.315907
0.316418
0.316928
0.317437
0.317945
0.317708
0.317472
0.317236
0.317001
0.316766
0.316531
0.316296
0.316062
0.315828
0.316334
0.3161
0.315867
0.315634
0.315402
0.315906
0.316409
0.316176
0.315944
0.316446
0.316948
0.317449
0.317949
0.318448
0.318947
0.319444
0.319942
0.320438
0.320934
0.321429
0.321923
0.322416
0.322909
0.322674
0.32244
0.322206
0.322698
0.322464
0.32223
0.321997
0.321764
0.321532
0.3213
0.321068
0.320836
0.320605
0.320374
0.320144
0.319914
0.319684
0.319454
0.319225
0.318996
0.318768
0.31854
0.318312
0.318084
0.317857
0.31763
0.317404
0.317177
0.316952
0.316726
0.316501
0.316276
0.316761
0.317246
0.31773
0.318214
0.318697
0.319179
0.319661
0.319435
0.319209
0.318984
0.318759
0.318534
0.31831
0.318086
0.317862
0.317639
0.317416
0.317193
0.316971
0.316748
0.316527
0.316305
0.316084
0.315863
0.315642
0.31612
0.316597
0.316376
0.316852
0.316632
0.316412
0.316192
0.315972
0.315753
0.315534
0.315315
0.315097
0.314879
0.314661
0.314444
0.314227
0.31401
0.313793
0.313577
0.313361
0.313145
0.31293
0.312715
0.3125
0.312286
0.312071
0.311857
0.311644
0.311431
0.311218
0.311005
0.310792
0.31058
0.310368
0.310157
0.309946
0.309735
0.309524
0.309313
0.309103
0.308893
0.308684
0.308475
0.308266
0.308057
0.307848
0.30764
0.307432
0.307225
0.307018
0.306811
0.306604
0.306397
0.306191
0.305985
0.30578
0.305574
0.305369
0.305164
0.30496
0.304756
0.304552
0.304348
0.304144
0.303941
0.304406
0.30487
0.305333
0.305796
0.306258
0.30672
0.307181
0.307641
0.308101
0.30856
0.308355
0.308151
0.307947
0.307743
0.30754
0.307997
0.308454
0.308251
0.308047
0.307844
0.307642
0.307439
0.307237
0.307035
0.306833
0.306632
0.30643
0.306885
0.307339
0.307138
0.306937
0.306736
0.306536
0.306336
0.306136
0.305936
0.305737
0.305537
0.305339
0.30514
0.304941
0.304743
0.304545
0.304997
0.304799
0.304601
0.304404
0.304207
0.30401
0.303814
0.303618
0.303422
0.303226
0.30303
0.302835
0.30264
0.302445
0.302251
0.302057
0.301863
0.301669
0.301475
0.301282
0.301089
0.300896
0.300704
0.300512
0.300319
0.300128
0.299936
0.299745
0.299554
0.299363
0.299173
0.298982
0.298792
0.298602
0.298413
0.298223
0.298034
0.298479
0.298923
0.299367
0.29981
0.300253
0.300063
0.299874
0.299685
0.299496
0.299307
0.299118
0.29893
0.298742
0.299183
0.299623
0.299435
0.299247
0.29906
0.298872
0.298685
0.298498
0.298311
0.298125
0.297939
0.297753
0.297567
0.297382
0.297819
0.298257
0.298071
0.297886
0.2977
0.297516
0.297331
0.297146
0.296962
0.296778
0.296594
0.296411
0.296846
0.297281
0.297715
0.298148
0.298581
0.299014
0.299445
0.299877
0.300308
0.300738
0.300553
0.300369
0.300184
0.300613
0.301042
0.301471
0.301286
0.301102
0.300917
0.300733
0.30055
0.300366
0.300183
0.3
0.299817
0.299635
0.299452
0.29927
0.299088
0.298906
0.299332
0.299757
0.300182
0.3
0.299818
0.299637
0.299456
0.299274
0.299094
0.298913
0.298733
0.298552
0.298373
0.298193
0.298013
0.297834
0.297655
0.297476
0.297297
0.297119
0.296941
0.296763
0.296585
0.296407
0.29623
0.296053
0.295876
0.295699
0.295522
0.295346
0.29517
0.294994
0.294818
0.295238
0.295657
0.296076
0.296494
0.296318
0.296142
0.295967
0.295791
0.295616
0.295441
0.295266
0.295092
0.295508
0.295924
0.29634
0.296755
0.29717
0.297584
0.297998
0.298411
0.298824
0.299236
0.29906
0.298884
0.298709
0.29912
0.299531
0.299941
0.300351
0.300176
0.3
0.300409
0.300234
0.300058
0.300467
0.300292
0.300117
0.299942
0.299767
0.299593
0.299419
0.299245
0.299071
0.298897
0.298724
0.29913
0.299537
0.299942
0.299769
0.299595
0.3
0.299827
0.299654
0.299481
0.299308
0.299135
0.298963
0.298791
0.298619
0.298447
0.298276
0.298105
0.297933
0.297762
0.297592
0.297421
0.297251
0.297081
0.296911
0.296741
0.296571
0.296402
0.296233
0.296064
0.295895
0.295726
0.295558
0.29539
0.295222
0.295623
0.296023
0.296422
0.296822
0.297221
0.297619
0.298017
0.298414
0.298812
0.299208
0.299039
0.29887
0.298701
0.298533
0.298364
0.29876
0.299155
0.29955
0.299944
0.300337
0.300169
0.3
0.299832
0.299663
0.299495
0.299327
0.29916
0.298992
0.298825
0.298658
0.298491
0.298324
0.298157
0.297991
0.297825
0.297659
0.297493
0.297327
0.297162
0.296997
0.296832
0.296667
0.297057
0.297447
0.297837
0.298226
0.298615
0.299003
0.299391
0.299779
0.300166
0.300552
0.300387
0.300221
0.300055
0.300441
0.300826
0.301211
0.301596
0.30198
0.302364
0.302747
0.30313
0.303513
0.303895
0.303728
0.303562
0.303395
0.303229
0.303063
0.302898
0.302732
0.302567
0.302402
0.302237
0.302072
0.302452
0.302832
0.303212
0.303591
0.303426
0.303261
0.303096
0.302932
0.302767
0.302603
0.302439
0.302275
0.302112
0.301948
0.301785
0.301622
0.301999
0.302376
0.302752
0.303128
0.303504
0.303879
0.304254
0.304629
0.305003
0.305376
0.30575
0.305585
0.305421
0.305258
0.305094
0.30493
0.304767
0.304604
0.304441
0.304278
0.304115
0.303953
0.303791
0.303629
0.304
0.304371
0.304742
0.305112
0.305482
0.305851
0.30622
0.306589
0.306426
0.306263
0.306631
0.306999
0.307366
0.307733
0.3081
0.308466
0.308831
0.309197
0.309562
0.309926
0.309763
0.309599
0.309436
0.3098
0.310163
0.310526
0.310889
0.311251
0.311613
0.31145
0.311286
0.311123
0.31096
0.311321
0.311682
0.312042
0.312402
0.312762
0.313121
0.312957
0.312794
0.31263
0.312467
0.312826
0.313184
0.313542
0.313899
0.314256
0.314613
0.314969
0.315325
0.31568
0.316035
0.31639
0.316744
0.317098
0.316934
0.31677
0.317124
0.317477
0.317313
0.317149
0.316985
0.316821
0.316658
0.316495
0.316332
0.316684
0.317036
0.317387
0.317738
0.318088
0.318439
0.318275
0.318112
0.317949
0.317786
0.317623
0.31746
0.31781
0.318159
0.318507
0.318855
0.319203
0.319551
0.319898
0.320245
0.320591
0.320937
0.320774
0.320611
0.320448
0.320285
0.320122
0.319959
0.319797
0.320142
0.320487
0.320324
0.320162
0.32
0.319838
0.319676
0.319515
0.319353
0.319192
0.319031
0.31887
0.318709
0.318548
0.318388
0.318228
0.318067
0.317907
0.317748
0.317588
0.317428
0.317269
0.31711
0.316951
0.317293
0.317635
0.317476
0.317317
0.317159
0.317
0.316842
0.316683
0.316525
0.316367
0.316209
0.316052
0.315894
0.315737
0.31558
0.315423
0.315266
0.315109
0.314953
0.314796
0.31464
0.314484
0.314328
0.314172
0.314017
0.313861
0.313706
0.313551
0.313396
0.313241
0.313086
0.312932
0.313271
0.313116
0.312962
0.312808
0.312654
0.3125
0.312346
0.312193
0.312039
0.312377
0.312715
0.312561
0.312408
0.312255
0.312102
0.311949
0.311796
0.311644
0.311491
0.311339
0.311187
0.311035
0.310883
0.310732
0.31058
0.310429
0.310278
0.310613
0.310949
0.311284
0.311619
0.311953
0.312288
0.312621
0.312955
0.313288
0.313621
0.313469
0.313317
0.313166
0.313498
0.31383
0.314161
0.314493
0.314824
0.315154
0.315485
0.315815
0.316145
0.316474
0.316322
0.316169
0.316017
0.315865
0.315714
0.316042
0.315891
0.315739
0.315588
0.315436
0.315285
0.315134
0.314983
0.314833
0.314682
0.314532
0.314381
0.314231
0.314081
0.313931
0.313782
0.313632
0.313483
0.313333
0.313184
0.313035
0.312886
0.312738
0.312589
0.312441
0.312292
0.312144
0.311996
0.311848
0.311701
0.311553
0.311406
0.311258
0.311111
0.310964
0.310817
0.31067
0.310524
0.310377
0.310231
0.310085
0.309939
0.309793
0.310118
0.310442
0.310766
0.31109
0.311414
0.311737
0.31206
0.312383
0.312705
0.313027
0.312881
0.312734
0.312588
0.312442
0.312295
0.31215
0.312004
0.312325
0.312646
0.312966
0.313287
0.313607
0.313926
0.314246
0.3141
0.313953
0.313808
0.313662
0.313516
0.31337
0.313225
0.31308
0.313398
0.313716
0.314034
0.314352
0.314669
0.314986
0.31484
0.314695
0.31455
0.314404
0.314259
0.314114
0.31397
0.313825
0.314141
0.314457
0.314772
0.315087
0.315402
0.315717
0.316031
0.316345
0.316659
0.316972
0.316827
0.316682
0.316537
0.316392
0.316247
0.316102
0.315958
0.315814
0.315669
0.315525
0.315381
0.315237
0.315093
0.31495
0.314806
0.315118
0.31543
0.315742
0.316053
0.316364
0.31622
0.316076
0.315933
0.315789
0.3161
0.31641
0.31672
0.317029
0.317338
0.317195
0.317051
0.316908
0.316765
0.317073
0.31693
0.316787
0.316644
0.316952
0.316809
0.316667
0.316524
0.316382
0.316239
0.316097
0.315955
0.315813
0.315671
0.315978
0.316285
0.316143
0.316002
0.31586
0.315719
0.315577
0.315436
0.315295
0.315154
0.315013
0.314873
0.314732
0.314592
0.314451
0.314311
0.314171
0.314031
0.313891
0.313752
0.313612
0.313473
0.313333
0.313194
0.313055
0.312916
0.312777
0.312639
0.312943
0.312805
0.312666
0.312528
0.312389
0.312251
0.312113
0.311975
0.311837
0.3117
0.311562
0.311425
0.311287
0.31115
0.311013
0.311317
0.31118
0.311043
0.310906
0.310769
0.310633
0.310496
0.31036
0.310224
0.310088
0.309952
0.309816
0.30968
0.309982
0.310284
0.310149
0.310013
0.309878
0.309742
0.309607
0.309472
0.309337
0.309202
0.309503
0.309804
0.310105
0.310405
0.31027
0.310135
0.310435
0.3103
0.310165
0.31003
0.309896
0.310195
0.310494
0.310793
0.311092
0.310957
0.310823
0.310688
0.310554
0.310419
0.310285
0.310151
0.310017
0.309883
0.30975
0.309616
0.309483
0.309349
0.309216
0.309083
0.30895
0.308817
0.308684
0.308982
0.308849
0.308716
0.308584
0.308451
0.308319
0.308187
0.308055
0.307923
0.307791
0.307659
0.307528
0.307396
0.307692
0.307561
0.30743
0.307298
0.307167
0.307036
0.306905
0.307201
0.30707
0.306939
0.306809
0.306678
0.306548
0.306417
0.306287
0.306157
0.306027
0.305897
0.305768
0.305638
0.305508
0.305379
0.30525
0.305121
0.304992
0.304863
0.304734
0.304605
0.304899
0.305192
0.305063
0.304935
0.304806
0.304678
0.304549
0.304421
0.304293
0.304165
0.304037
0.303909
0.303782
0.303654
0.303526
0.303399
0.303272
0.303145
0.303018
0.302891
0.302764
0.302637
0.30251
0.302384
0.302258
0.302131
0.302005
0.301879
0.301753
0.301627
0.301501
0.301376
0.30125
0.301125
0.300999
0.300874
0.301165
0.301455
0.301746
0.302036
0.302326
0.302615
0.302905
0.303194
0.303483
0.303771
0.303645
0.30352
0.303394
0.303269
0.303143
0.303018
0.302893
0.302767
0.302642
0.302518
0.302393
0.302268
0.302143
0.302019
0.301895
0.302182
0.302058
0.301933
0.301809
0.301685
0.301561
0.301437
0.301314
0.30119
0.301066
0.300943
0.30082
0.300696
0.300573
0.30045
0.300327
0.300204
0.300082
0.299959
0.300245
0.300531
0.300816
0.301102
0.300979
0.300856
0.300733
0.300611
0.300489
0.300366
0.300244
0.300122
0.3
0.299878
0.299756
0.299635
0.299513
0.299391
0.29927
0.299149
0.299028
0.298906
0.29919
0.299474
0.299757
0.30004
0.300323
0.300606
0.300889
0.301171
0.301049
0.300928
0.300806
0.300685
0.300967
0.300846
0.300725
0.300604
0.300483
0.300362
0.300241
0.300121
0.3
0.29988
0.299759
0.299639
0.299519
0.299399
0.299279
0.299159
0.299039
0.29892
0.2988
0.298681
0.298561
0.298442
0.298323
0.298204
0.298085
0.297966
0.297847
0.298127
0.298008
0.297889
0.297771
0.297652
0.297534
0.297416
0.297297
0.297179
0.297061
0.296943
0.297222
0.297501
0.29778
0.298058
0.29794
0.297822
0.297704
0.297586
0.297864
0.298142
0.298419
0.298696
0.298973
0.298855
0.298737
0.298619
0.298502
0.298384
0.298266
0.298149
0.298031
0.297914
0.297797
0.29768
0.297563
0.297446
0.297329
0.297212
0.297096
0.296979
0.296863
0.296746
0.29663
0.296514
0.296398
0.296282
0.296166
0.29605
0.295934
0.296209
0.296484
0.296369
0.296253
0.296137
0.296022
0.295906
0.295791
0.295676
0.295561
0.295446
0.295331
0.295216
0.295101
0.294986
0.294872
0.295146
0.295419
0.295693
0.295966
0.296239
0.296124
0.296009
0.295895
0.29578
0.295666
0.295551
0.295437
0.295323
0.295209
0.295095
0.294981
0.294867
0.294753
0.294639
0.294526
0.294412
0.294684
0.294571
0.294457
0.294344
0.294231
0.294118
0.294005
0.293892
0.293779
0.293666
0.293553
0.293441
0.293328
0.293216
0.293103
0.293374
0.293262
0.29315
0.29342
0.29369
0.29396
0.29423
0.2945
0.294769
0.295038
0.295307
0.295576
0.295463
0.295351
0.295238
0.295126
0.295013
0.294901
0.294789
0.294677
0.294565
0.294453
0.294341
0.294229
0.294118
0.294006
0.293895
0.293783
0.293672
0.293561
0.293449
0.293338
0.293227
0.293116
0.293006
0.292895
0.292784
0.292674
0.292563
0.292453
0.292343
0.292232
0.292122
0.292012
0.291902
0.291792
0.291682
0.291573
0.291463
0.291353
0.29162
0.291886
0.292152
0.292417
0.292683
0.292948
0.292838
0.292729
0.292619
0.292509
0.2924
0.29229
0.292181
0.292072
0.291963
0.291854
0.291744
0.291636
0.291527
0.291418
0.291309
0.291201
0.291465
0.291729
0.291993
0.291884
0.291775
0.291667
0.291558
0.29145
0.291342
0.291233
0.291125
0.291017
0.290909
0.290801
0.290693
0.290586
0.290478
0.29037
0.290263
0.290155
0.290048
0.289941
0.289834
0.289727
0.28962
0.289513
0.289406
0.289299
0.289192
0.289086
0.288979
0.288873
0.288766
0.28866
0.288554
0.288447
0.288341
0.288235
0.288129
0.288024
0.287918
0.287812
0.287706
0.287601
0.287495
0.287757
0.288018
0.288278
0.288539
0.288799
0.28906
0.28932
0.28958
0.289839
0.290099
0.289993
0.289887
0.289781
0.29004
0.289934
0.289829
0.289723
0.289617
0.289876
0.290135
0.290393
0.290651
0.290909
0.290803
0.290698
0.290592
0.290487
0.290381
0.290276
0.29017
0.290065
0.28996
0.289855
