1
1
0.666667
0.75
0.8
0.833333
0.857143
0.875
0.888889
0.9
0.909091
0.916667
0.846154
0.857143
0.8
0.8125
0.823529
0.833333
0.789474
0.8
0.761905
0.727273
0.695652
0.666667
0.68
0.692308
0.703704
0.678571
0.655172
0.666667
0.677419
0.6875
0.69697
0.676471
0.657143
0.666667
0.675676
0.684211
0.692308
0.7
0.682927
0.666667
0.674419
0.681818
0.688889
0.695652
0.702128
0.708333
0.714286
0.72
0.72549
0.730769
0.716981
0.722222
0.727273
0.714286
0.701754
0.706897
0.711864
0.716667
0.721311
0.725806
0.730159
0.734375
0.738462
0.742424
0.731343
0.735294
0.724638
0.714286
0.704225
0.694444
0.684932
0.675676
0.666667
0.657895
0.649351
0.641026
0.632911
0.6375
0.641975
0.646341
0.650602
0.654762
0.658824
0.662791
0.666667
0.670455
0.674157
0.666667
0.659341
0.652174
0.655914
0.659574
0.663158
0.666667
0.670103
0.673469
0.676768
0.68
0.683168
0.686275
0.679612
0.682692
0.685714
0.688679
0.691589
0.694444
0.697248
0.7
0.702703
0.705357
0.707965
0.710526
0.704348
0.698276
0.692308
0.686441
0.680672
0.683333
0.68595
0.688525
0.691057
0.693548
0.696
0.698413
0.700787
0.703125
0.705426
0.707692
0.709924
0.704545
0.699248
0.69403
0.696296
0.691176
0.686131
0.681159
0.676259
0.678571
0.673759
0.669014
0.671329
0.666667
0.662069
0.664384
0.666667
0.662162
0.657718
0.653333
0.649007
0.644737
0.640523
0.636364
0.632258
0.634615
0.630573
0.626582
0.622642
0.61875
0.614907
0.611111
0.613497
0.615854
0.618182
0.620482
0.616766
0.613095
0.609467
0.605882
0.608187
0.604651
0.601156
0.603448
0.605714
0.607955
0.610169
0.61236
0.614525
0.616667
0.618785
0.620879
0.622951
0.625
0.627027
0.623656
0.625668
0.62766
0.62963
0.631579
0.633508
0.635417
0.637306
0.639175
0.641026
0.642857
0.639594
0.641414
0.643216
0.645
0.646766
0.643564
0.64532
0.647059
0.64878
0.650485
0.652174
0.653846
0.655502
0.652381
0.654028
0.65566
0.657277
0.658879
0.660465
0.662037
0.663594
0.66055
0.657534
0.659091
0.660633
0.662162
0.663677
0.665179
0.666667
0.668142
0.669604
0.671053
0.672489
0.673913
0.670996
0.668103
0.669528
0.67094
0.67234
0.669492
0.670886
0.672269
0.67364
0.675
0.676349
0.677686
0.679012
0.680328
0.681633
0.682927
0.680162
0.677419
0.674699
0.676
0.677291
0.678571
0.679842
0.681102
0.682353
0.679688
0.677043
0.678295
0.679537
0.676923
0.67433
0.675573
0.676806
0.67803
0.679245
0.680451
0.681648
0.682836
0.684015
0.685185
0.686347
0.683824
0.684982
0.686131
0.687273
0.688406
0.689531
0.690647
0.691756
0.692857
0.69395
0.695035
0.69258
0.690141
0.691228
0.688811
0.689895
0.690972
0.692042
0.693103
0.694158
0.695205
0.696246
0.697279
0.698305
0.699324
0.69697
0.697987
0.695652
0.693333
0.69103
0.688742
0.689769
0.690789
0.691803
0.689542
0.687296
0.688312
0.68932
0.690323
0.691318
0.692308
0.693291
0.694268
0.695238
0.696203
0.697161
0.698113
0.69906
0.696875
0.697819
0.698758
0.69969
0.700617
0.701538
0.702454
0.703364
0.704268
0.705167
0.706061
0.706949
0.707831
0.708709
0.709581
0.707463
0.705357
0.703264
0.704142
0.705015
0.705882
0.706745
0.704678
0.702624
0.700581
0.698551
0.696532
0.694524
0.692529
0.690544
0.688571
0.68661
0.6875
0.688385
0.686441
0.684507
0.682584
0.680672
0.678771
0.67688
0.677778
0.67867
0.679558
0.680441
0.681319
0.682192
0.68306
0.683924
0.682065
0.680217
0.678378
0.67655
0.677419
0.678284
0.679144
0.68
0.680851
0.681698
0.68254
0.683377
0.684211
0.685039
0.683246
0.681462
0.679688
0.680519
0.681347
0.682171
0.68299
0.683805
0.684615
0.682864
0.681122
0.681934
0.682741
0.683544
0.681818
0.680101
0.680905
0.681704
0.68
0.678304
0.676617
0.674938
0.673267
0.671605
0.672414
0.673219
0.67402
0.674817
0.67561
0.673966
0.67233
0.673123
0.671498
0.66988
0.668269
0.666667
0.665072
0.663484
0.661905
0.660333
0.658768
0.65721
0.65566
0.654118
0.652582
0.651054
0.649533
0.648019
0.648837
0.649652
0.650463
0.65127
0.652074
0.650575
0.649083
0.647597
0.646119
0.644647
0.643182
0.641723
0.640271
0.638826
0.637387
0.635955
0.634529
0.63311
0.631696
0.632517
0.631111
0.629712
0.630531
0.631347
0.632159
0.630769
0.629386
0.630197
0.631004
0.62963
0.628261
0.626898
0.625541
0.62419
0.622845
0.623656
0.622318
0.620985
0.619658
0.618337
0.617021
0.615711
0.614407
0.613108
0.611814
0.610526
0.609244
0.607966
0.606695
0.605428
0.604167
0.602911
0.60166
0.600414
0.599174
0.597938
0.596708
0.595483
0.596311
0.597137
0.597959
0.598778
0.599593
0.600406
0.601215
0.60202
0.602823
0.603622
0.60241
0.601202
0.6
0.600798
0.601594
0.602386
0.603175
0.60396
0.602767
0.601578
0.600394
0.601179
0.601961
0.60274
0.601562
0.60039
0.599222
0.598058
0.598837
0.597679
0.596525
0.595376
0.594231
0.59309
0.591954
0.590822
0.589695
0.588571
0.587452
0.586338
0.587121
0.586011
0.584906
0.585687
0.586466
0.587242
0.588015
0.588785
0.589552
0.590317
0.591078
0.591837
0.592593
0.591497
0.590406
0.589319
0.590074
0.590826
0.591575
0.592322
0.593066
0.591985
0.592727
0.591652
0.592391
0.59132
0.590253
0.589189
0.588129
0.588869
0.587814
0.586762
0.585714
0.58467
0.58363
0.582593
0.583333
0.582301
0.581272
0.580247
0.579225
0.578207
0.577193
0.576182
0.575175
0.574171
0.573171
0.572174
0.571181
0.570191
0.569204
0.568221
0.567241
0.566265
0.565292
0.564322
0.563356
0.562393
0.561433
0.560477
0.559524
0.558574
0.557627
0.556684
0.555743
0.554806
0.553872
0.552941
0.552013
0.552764
0.553512
0.554257
0.555
0.55574
0.556478
0.555556
0.554636
0.553719
0.552805
0.551895
0.550987
0.551724
0.55082
0.549918
0.54902
0.548124
0.547231
0.546341
0.545455
0.544571
0.543689
0.542811
0.541935
0.541063
0.540193
0.539326
0.538462
0.5376
0.536741
0.535885
0.535032
0.534181
0.533333
0.532488
0.531646
0.530806
0.529968
0.529134
0.529874
0.530612
0.531348
0.530516
0.529687
0.528861
0.528037
0.527216
0.526398
0.525581
0.524768
0.523957
0.523148
0.523883
0.524615
0.52381
0.523006
0.522205
0.521407
0.520611
0.519817
0.519026
0.518237
0.518968
0.519697
0.520424
0.521148
0.52187
0.521084
0.520301
0.51952
0.518741
0.517964
0.51719
0.516418
0.515648
0.514881
0.514116
0.513353
0.512593
0.511834
0.511078
0.510324
0.509573
0.508824
0.508076
0.507331
0.506589
0.505848
0.505109
0.504373
0.503639
0.50436
0.503628
0.502899
0.503618
0.504335
0.503608
0.502882
0.502158
0.501437
0.500717
0.5
0.499285
0.498571
0.499287
0.5
0.500711
0.50142
0.500709
0.5
0.499293
0.498588
0.497884
0.497183
0.496484
0.495787
0.495091
0.494398
0.493706
0.493017
0.492329
0.491643
0.49096
0.490278
0.489598
0.48892
0.489627
0.490331
0.491034
0.491736
0.492435
0.493132
0.493827
0.493151
0.493844
0.494536
0.495225
0.495913
0.496599
0.497283
0.496608
0.495935
0.495264
0.495946
0.495277
0.494609
0.493943
0.49328
0.492617
0.491957
0.492637
0.493316
0.493992
0.493333
0.492676
0.492021
0.491368
0.490716
0.490066
0.489418
0.488771
0.488127
0.487484
0.486842
0.486202
0.486877
0.486239
0.485602
0.484967
0.484334
0.483703
0.483073
0.483745
0.484416
0.483787
0.483161
0.482536
0.481912
0.48129
0.48067
0.481338
0.48072
0.480103
0.479487
0.478873
0.478261
0.47765
0.477041
0.476433
0.475827
0.475222
0.474619
0.474018
0.473418
0.472819
0.472222
0.471627
0.472292
0.472956
0.473618
0.474279
0.473684
0.473091
0.4725
0.47191
0.471322
0.470735
0.470149
0.469565
0.468983
0.468401
0.469059
0.469716
0.47037
0.471023
0.471675
0.472325
0.472973
0.47362
0.473039
0.47246
0.471883
0.471306
0.470732
0.470158
0.469586
0.469016
0.468447
0.467879
0.467312
0.466747
0.466184
0.465621
0.46506
0.464501
0.463942
0.463385
0.464029
0.463473
0.462919
0.46356
0.4642
0.463647
0.464286
0.463734
0.463183
0.462633
0.462085
0.461538
0.460993
0.460449
0.461085
0.46172
0.462353
0.462985
0.463615
0.464244
0.4637
0.463158
0.463785
0.463244
0.462704
0.462165
0.461628
0.461092
0.460557
0.460023
0.459491
0.45896
0.45843
0.457901
0.457373
0.456847
0.456322
0.455798
0.455275
0.454754
0.454233
0.453714
0.453196
0.45268
0.452164
0.452787
0.452273
0.451759
0.452381
0.453001
0.45362
0.454237
0.454853
0.45434
0.453829
0.453318
0.452809
0.453423
0.452915
0.452408
0.451902
0.451397
0.450893
0.45039
0.449889
0.449388
0.448889
0.448391
0.447894
0.447398
0.446903
0.446409
0.445916
0.445424
0.444934
0.444444
0.443956
0.443469
0.442982
0.442497
0.442013
0.44153
0.441048
0.440567
0.440087
0.439608
0.43913
0.438654
0.438178
0.437703
0.437229
0.436757
0.436285
0.435814
0.435345
0.434876
0.434409
0.433942
0.433476
0.433012
0.432548
0.432086
0.431624
0.431163
0.430704
0.430245
0.429787
0.42933
0.428875
0.42842
0.427966
0.427513
0.427061
0.427666
0.42827
0.428872
0.428421
0.427971
0.427521
0.427072
0.426625
0.426178
0.425732
0.425287
0.424843
0.4244
0.423958
0.423517
0.423077
0.423676
0.424274
0.42487
0.425466
0.42606
0.426653
0.427245
0.427835
0.428424
0.427984
0.427544
0.427105
0.426667
0.42623
0.425793
0.425358
0.424923
0.42551
0.426096
0.42668
0.427263
0.426829
0.426396
0.425963
0.425532
0.425101
0.424671
0.424242
0.423814
0.423387
0.422961
0.422535
0.422111
0.421687
0.421264
0.420842
0.42042
0.42
0.41958
0.419162
0.418744
0.418327
0.41791
0.417495
0.41708
0.416667
0.416254
0.415842
0.41543
0.41502
0.41461
0.414201
0.413793
0.413386
0.412979
0.413556
0.414132
0.414706
0.4143
0.413894
0.41349
0.413086
0.412683
0.412281
0.411879
0.411479
0.411079
0.41068
0.410281
0.409884
0.409487
0.409091
0.409662
0.409266
0.408872
0.408478
0.408085
0.407692
0.407301
0.40691
0.40652
0.40613
0.405742
0.405354
0.404967
0.40458
0.404194
0.40381
0.403425
0.403042
0.402659
0.402277
0.401896
0.401515
0.401135
0.400756
0.400378
0.4
0.399623
0.399247
0.398871
0.398496
0.398122
0.397749
0.397376
0.397004
0.396632
0.396262
0.395892
0.395522
0.395154
0.394786
0.394419
0.394052
0.393686
0.393321
0.392956
0.393519
0.393154
0.392791
0.392428
0.392066
0.391705
0.391344
0.390984
0.390625
0.390266
0.389908
0.389551
0.389194
0.388838
0.388483
0.388128
0.387774
0.38742
0.387067
0.386715
0.386364
0.386013
0.385662
0.385313
0.384964
0.384615
0.384268
0.383921
0.383574
0.383228
0.382883
0.382538
0.382194
0.382749
0.382406
0.382063
0.38172
0.381379
0.381038
0.380697
0.380357
0.380018
0.379679
0.379341
0.379004
0.378667
0.37833
0.377995
0.37766
0.377325
0.376991
0.376658
0.377208
0.376876
0.376543
0.376211
0.37588
0.37555
0.37522
0.37489
0.374561
0.374233
0.373905
0.373578
0.373252
0.372926
0.3726
0.372276
0.371951
0.371628
0.371304
0.371851
0.371528
0.371206
0.370884
0.370563
0.370242
0.369922
0.369603
0.369284
0.368966
0.368648
0.36833
0.368014
0.367698
0.367382
0.367067
0.366752
0.366438
0.366125
0.365812
0.3655
0.365188
0.364876
0.364566
0.364255
0.363946
0.363636
0.363328
0.36302
0.362712
0.362405
0.362098
0.361792
0.361486
0.361181
0.360877
0.360573
0.360269
0.359966
0.359664
0.359362
0.35906
0.358759
0.359296
0.358996
0.358696
0.358396
0.358097
0.357798
0.3575
0.357202
0.356905
0.35744
0.357143
0.356846
0.356551
0.356255
0.35596
0.355666
0.355372
0.355078
0.354785
0.354493
0.354201
0.353909
0.353618
0.353328
0.353038
0.352748
0.352459
0.35217
0.351882
0.351594
0.351307
0.35102
0.350734
0.350448
0.350163
0.349878
0.349593
0.34931
0.349838
0.349554
0.349271
0.348988
0.348706
0.348424
0.348142
0.347861
0.347581
0.347301
0.347021
0.346742
0.346463
0.346185
0.345907
0.34563
0.345353
0.345076
0.3448
0.344524
0.344249
0.343974
0.3437
0.343426
0.343153
0.34288
0.342607
0.343129
0.342857
0.342585
0.342314
0.342043
0.341772
0.341502
0.341232
0.340963
0.340694
0.340426
0.340157
0.33989
0.339623
0.339356
0.339089
0.338824
0.338558
0.338293
0.338028
0.337764
0.3375
0.337237
0.336973
0.336711
0.336449
0.336187
0.335925
0.335664
0.335404
0.335144
0.334884
0.334624
0.334365
0.334107
0.333849
0.333591
0.333333
0.333076
0.33282
0.332564
0.332308
0.332052
0.331797
0.331543
0.331288
0.331034
0.330781
0.330528
0.330275
0.330023
0.329771
0.329519
0.329268
0.329018
0.328767
0.328517
0.328267
0.328018
0.327769
0.327521
0.327273
0.327025
0.326778
0.326531
0.326284
0.326038
0.325792
0.325546
0.325301
0.325056
0.324812
0.324568
0.324324
0.324081
0.323838
0.323596
0.323353
0.323111
0.32287
0.322629
0.322388
0.322148
0.321908
0.321668
0.321429
0.32119
0.320951
0.320713
0.320475
0.320237
0.32
0.319763
0.319527
0.31929
0.319055
0.318819
0.319322
0.319086
0.318851
0.318617
0.318382
0.318148
0.317915
0.317682
0.317449
0.317216
0.316984
0.316752
0.31652
0.316289
0.316058
0.315828
0.315598
0.315368
0.315138
0.314909
0.31468
0.314452
0.314224
0.313996
0.313768
0.313541
0.313314
0.313811
0.314306
0.314079
0.313853
0.313627
0.313401
0.313175
0.31295
0.312725
0.3125
0.312276
0.312052
0.311828
0.311605
0.311382
0.311159
0.310936
0.310714
0.310493
0.310271
0.31005
0.309829
0.309609
0.309388
0.309168
0.308949
0.30873
0.308511
0.308292
0.308074
0.307856
0.307638
0.30742
0.307203
0.306987
0.30677
0.306554
0.306338
0.306826
0.307314
0.307098
0.306882
0.306667
0.306452
0.306237
0.306022
0.305808
0.305594
0.305381
0.305168
0.305652
0.305439
0.305226
0.305014
0.304802
0.30459
0.304378
0.304167
0.303956
0.303745
0.303534
0.304017
0.304498
0.304979
0.30546
0.305939
0.306418
0.306897
0.307374
0.307163
0.307639
0.308116
0.307904
0.307692
0.307481
0.30727
0.30706
0.306849
0.306639
0.30643
0.30622
0.306011
0.305802
0.305593
0.305385
0.305177
0.304969
0.304762
0.304555
0.304348
0.304141
0.303935
0.303729
0.303523
0.303318
0.303112
0.302907
0.302703
0.302498
0.302294
0.30209
0.301887
0.301684
0.30148
0.301278
0.301075
0.300873
0.300671
0.300469
0.300268
0.300067
0.299866
0.299666
0.299465
0.299265
0.299065
0.298866
0.298667
0.298468
0.298269
0.298071
0.297872
0.297674
0.297477
0.297279
0.297082
0.296885
0.296689
0.296492
0.296296
0.2961
0.295905
0.29571
0.295515
0.29532
0.295125
0.294931
0.294737
0.294543
0.29435
0.294156
0.293963
0.29377
0.293578
0.293386
0.293194
0.293002
0.29281
0.292619
0.292428
0.292237
0.292047
0.291857
0.291667
0.291477
0.291287
0.291098
0.290909
0.29072
0.290532
0.290343
0.290155
0.289968
0.28978
0.289593
0.289406
0.289219
0.289032
0.288846
0.289304
0.289118
0.288932
0.288746
0.28856
0.288375
0.28819
0.288005
0.287821
0.287636
0.287452
0.287268
0.287084
0.286901
0.286718
0.286535
0.286352
0.28617
0.285987
0.285805
0.285623
0.285442
0.28526
0.285079
0.284898
0.285352
0.285171
0.284991
0.28481
0.28463
0.28445
0.28427
0.284091
0.283912
0.283733
0.283554
0.284005
0.284456
0.284906
0.285355
0.285804
0.285625
0.285445
0.285266
0.285088
0.284909
0.284731
0.284553
0.284375
0.284197
0.28402
0.283843
0.283666
0.283489
0.283313
0.283136
0.28296
0.283406
0.283851
0.284295
0.284119
0.283943
0.283767
0.283591
0.283416
0.283241
0.283066
0.282891
0.283333
0.283159
0.282984
0.28281
0.282635
0.282462
0.282288
0.282114
0.281941
0.281768
0.281595
0.281422
0.28125
0.281078
0.280906
0.280734
0.280562
0.280391
0.28022
0.280049
0.279878
0.280317
0.280755
0.281193
0.28163
0.282067
0.282503
0.282332
0.28216
0.281989
0.281818
0.281647
0.281477
0.281307
0.281137
0.280967
0.280797
0.280628
0.280458
0.280289
0.28012
0.279952
0.279783
0.279615
0.279447
0.279279
0.279112
0.278944
0.278777
0.27861
0.278443
0.278276
0.27811
0.277944
0.277778
0.277612
0.277446
0.277281
0.277116
0.276951
0.276786
0.277216
0.277051
0.277481
0.27791
0.278338
0.278766
0.278601
0.278436
0.278271
0.278107
0.277942
0.277778
0.277614
0.27745
0.277286
0.277712
0.278138
0.278563
0.278988
0.279412
0.279835
0.280259
0.280681
0.281103
0.281525
0.28136
0.281195
0.28103
0.280866
0.280702
0.280538
0.280374
0.28021
0.280047
0.279883
0.27972
0.279557
0.279395
0.279232
0.27907
0.279489
0.279907
0.280325
0.280742
0.281159
0.281576
0.281992
0.282407
0.282822
0.283237
0.283651
0.284065
0.284478
0.28489
0.285303
0.285714
0.286126
0.286536
0.286947
0.287356
0.287766
0.288175
0.288583
0.288991
0.289398
0.289805
