1
1
1
1
0.8
0.833333
0.857143
0.875
0.888889
0.9
0.909091
0.916667
0.923077
0.928571
0.866667
0.875
0.882353
0.888889
0.894737
0.9
0.904762
0.909091
0.913043
0.916667
0.92
0.923077
0.925926
0.892857
0.896552
0.9
0.903226
0.90625
0.878788
0.852941
0.857143
0.861111
0.864865
0.868421
0.871795
0.875
0.853659
0.833333
0.837209
0.818182
0.8
0.782609
0.765957
0.75
0.734694
0.74
0.745098
0.75
0.754717
0.759259
0.763636
0.767857
0.77193
0.775862
0.779661
0.766667
0.754098
0.741935
0.746032
0.75
0.753846
0.757576
0.761194
0.764706
0.768116
0.771429
0.774648
0.777778
0.767123
0.756757
0.746667
0.736842
0.727273
0.717949
0.708861
0.7125
0.716049
0.707317
0.698795
0.690476
0.682353
0.686047
0.689655
0.693182
0.696629
0.7
0.703297
0.706522
0.698925
0.691489
0.694737
0.697917
0.701031
0.704082
0.707071
0.71
0.712871
0.715686
0.718447
0.721154
0.714286
0.716981
0.719626
0.722222
0.724771
0.718182
0.711712
0.714286
0.716814
0.719298
0.721739
0.724138
0.726496
0.720339
0.714286
0.708333
0.702479
0.696721
0.691057
0.693548
0.696
0.698413
0.700787
0.703125
0.705426
0.707692
0.709924
0.712121
0.714286
0.708955
0.711111
0.713235
0.715328
0.717391
0.719424
0.721429
0.716312
0.711268
0.706294
0.701389
0.703448
0.705479
0.707483
0.709459
0.704698
0.7
0.701987
0.703947
0.705882
0.707792
0.709677
0.711538
0.713376
0.71519
0.716981
0.71875
0.714286
0.709877
0.705521
0.70122
0.69697
0.692771
0.688623
0.684524
0.680473
0.676471
0.672515
0.674419
0.676301
0.678161
0.68
0.681818
0.683616
0.685393
0.687151
0.688889
0.690608
0.692308
0.693989
0.695652
0.691892
0.688172
0.684492
0.68617
0.687831
0.689474
0.691099
0.692708
0.694301
0.690722
0.687179
0.688776
0.690355
0.691919
0.693467
0.695
0.696517
0.69802
0.699507
0.70098
0.697561
0.694175
0.695652
0.697115
0.698565
0.7
0.696682
0.698113
0.699531
0.700935
0.702326
0.703704
0.700461
0.701835
0.703196
0.704545
0.705882
0.707207
0.70852
0.709821
0.711111
0.707965
0.704846
0.701754
0.69869
0.7
0.701299
0.702586
0.703863
0.705128
0.706383
0.707627
0.708861
0.710084
0.711297
0.708333
0.705394
0.702479
0.699588
0.696721
0.693878
0.691057
0.688259
0.689516
0.690763
0.692
0.693227
0.694444
0.695652
0.69685
0.698039
0.695312
0.692607
0.693798
0.694981
0.696154
0.697318
0.698473
0.69962
0.700758
0.701887
0.703008
0.70412
0.701493
0.698885
0.696296
0.693727
0.691176
0.688645
0.689781
0.687273
0.684783
0.68231
0.679856
0.677419
0.675
0.672598
0.670213
0.667845
0.665493
0.663158
0.664336
0.665505
0.666667
0.66782
0.668966
0.670103
0.671233
0.672355
0.673469
0.674576
0.675676
0.673401
0.671141
0.668896
0.67
0.667774
0.665563
0.663366
0.661184
0.662295
0.663399
0.664495
0.665584
0.66343
0.66129
0.659164
0.657051
0.658147
0.659236
0.660317
0.658228
0.656151
0.654088
0.652038
0.65
0.647975
0.649068
0.650155
0.651235
0.649231
0.647239
0.64526
0.643293
0.641337
0.639394
0.637462
0.635542
0.633634
0.631737
0.632836
0.630952
0.62908
0.627219
0.625369
0.623529
0.621701
0.619883
0.618076
0.616279
0.614493
0.612717
0.610951
0.612069
0.610315
0.608571
0.609687
0.610795
0.611898
0.612994
0.614085
0.615169
0.616246
0.617318
0.618384
0.616667
0.614958
0.616022
0.61708
0.618132
0.619178
0.620219
0.621253
0.622283
0.623306
0.624324
0.625337
0.623656
0.624665
0.622995
0.621333
0.62234
0.623342
0.624339
0.62533
0.626316
0.627297
0.628272
0.626632
0.625
0.623377
0.621762
0.622739
0.623711
0.624679
0.623077
0.621483
0.619898
0.618321
0.619289
0.617722
0.616162
0.61461
0.613065
0.611529
0.61
0.610973
0.61194
0.612903
0.613861
0.614815
0.615764
0.616708
0.617647
0.618582
0.619512
0.618005
0.618932
0.619855
0.618357
0.616867
0.617788
0.618705
0.619617
0.618138
0.616667
0.615202
0.613744
0.612293
0.610849
0.609412
0.607981
0.608899
0.609813
0.610723
0.611628
0.612529
0.613426
0.612009
0.610599
0.609195
0.610092
0.608696
0.609589
0.610478
0.609091
0.60771
0.606335
0.604966
0.603604
0.602247
0.600897
0.599553
0.598214
0.596882
0.597778
0.59867
0.597345
0.596026
0.594714
0.593407
0.594298
0.595186
0.593886
0.592593
0.591304
0.590022
0.588745
0.587473
0.588362
0.589247
0.590129
0.588865
0.587607
0.586354
0.585106
0.583864
0.582627
0.581395
0.580169
0.578947
0.577731
0.57652
0.575314
0.5762
0.577083
0.577963
0.578838
0.57971
0.580579
0.581443
0.582305
0.583162
0.584016
0.582822
0.581633
0.580448
0.579268
0.578093
0.576923
0.577778
0.578629
0.579477
0.580321
0.579158
0.578
0.576846
0.575697
0.574553
0.573413
0.572277
0.571146
0.57002
0.568898
0.56778
0.566667
0.565558
0.564453
0.563353
0.562257
0.561165
0.560078
0.558994
0.557915
0.55684
0.557692
0.556622
0.555556
0.554493
0.553435
0.554286
0.553232
0.552182
0.551136
0.550095
0.549057
0.548023
0.548872
0.547842
0.546816
0.547664
0.546642
0.547486
0.546468
0.54731
0.546296
0.547135
0.546125
0.54512
0.544118
0.543119
0.542125
0.541133
0.540146
0.539162
0.538182
0.537205
0.536232
0.537071
0.537906
0.538739
0.53777
0.5386
0.537634
0.536673
0.535714
0.534759
0.533808
0.534636
0.535461
0.534513
0.533569
0.532628
0.53169
0.530756
0.529825
0.528897
0.52972
0.528796
0.529617
0.530435
0.53125
0.532062
0.532872
0.533679
0.534483
0.535284
0.536082
0.536878
0.535959
0.535043
0.53413
0.534923
0.534014
0.533107
0.532203
0.531303
0.530405
0.529511
0.530303
0.531092
0.531879
0.532663
0.531773
0.530885
0.53
0.529118
0.528239
0.527363
0.52649
0.52562
0.524752
0.523888
0.524671
0.52381
0.522951
0.522095
0.521242
0.520392
0.519544
0.518699
0.517857
0.517018
0.516181
0.515347
0.514516
0.513688
0.512862
0.512039
0.511218
0.5104
0.509585
0.508772
0.507962
0.507154
0.506349
0.505547
0.504747
0.503949
0.503155
0.502362
0.501572
0.500785
0.5
0.499218
0.498437
0.49766
0.496885
0.496112
0.495342
0.494574
0.493808
0.493045
0.492284
0.491525
0.490769
0.490015
0.489264
0.488515
0.487768
0.487023
0.48628
0.487062
0.487842
0.488619
0.489394
0.490166
0.490937
0.491704
0.49247
0.491729
0.490991
0.490255
0.489521
0.488789
0.48806
0.487332
0.486607
0.485884
0.485163
0.485926
0.485207
0.48449
0.483776
0.483063
0.482353
0.481645
0.480938
0.480234
0.479532
0.478832
0.479592
0.480349
0.481105
0.481858
0.482609
0.483357
0.484104
0.484848
0.48415
0.483453
0.482759
0.482066
0.482808
0.482117
0.481429
0.480742
0.480057
0.479374
0.478693
0.478014
0.477337
0.476662
0.475989
0.475317
0.474648
0.47398
0.473315
0.472651
0.471989
0.471329
0.47067
0.470014
0.469359
0.468707
0.468056
0.468793
0.469529
0.46888
0.468232
0.467586
0.466942
0.4663
0.465659
0.465021
0.464384
0.463748
0.463115
0.462483
0.461853
0.461224
0.460598
0.459973
0.45935
0.460081
0.460811
0.460189
0.459569
0.45895
0.458333
0.457718
0.457105
0.456493
0.455882
0.455274
0.454667
0.454061
0.453457
0.452855
0.452255
0.451656
0.451058
0.450462
0.449868
0.449275
0.448684
0.449409
0.448819
0.449541
0.448953
0.448366
0.447781
0.447197
0.446615
0.446034
0.445455
0.444877
0.444301
0.443726
0.443152
0.442581
0.44201
0.441441
0.440874
0.440308
0.439744
0.439181
0.438619
0.438059
0.4375
0.436943
0.436387
0.435832
0.435279
0.434728
0.434177
0.433628
0.433081
0.432535
0.43199
0.431447
0.430905
0.430364
0.429825
0.429287
0.42875
0.428215
0.427681
0.427148
0.426617
0.427329
0.426799
0.42627
0.425743
0.425216
0.424691
0.424168
0.423645
0.423124
0.422604
0.422086
0.421569
0.421053
0.420538
0.420024
0.419512
0.419001
0.418491
0.417983
0.417476
0.41697
0.416465
0.415961
0.415459
0.414958
0.414458
0.413959
0.413462
0.412965
0.41247
0.411976
0.411483
0.410992
0.410501
0.410012
0.409524
0.409037
0.408551
0.408066
0.407583
0.407101
0.406619
0.406139
0.40566
0.405183
0.404706
0.40423
0.403756
0.403283
0.40281
0.402339
0.401869
0.4014
0.400932
0.400466
0.4
0.399535
0.399072
0.39861
0.398148
0.397688
0.397229
0.39677
0.396313
0.395857
0.395402
0.394948
0.394495
0.394044
0.393593
0.393143
0.392694
0.392246
0.3918
0.391354
0.390909
0.390465
0.390023
0.389581
0.38914
0.388701
0.388262
0.387824
0.387387
0.386952
0.386517
0.386083
0.38565
0.385218
0.384787
0.384358
0.385045
0.384615
0.384187
0.384872
0.384444
0.384018
0.383592
0.383167
0.382743
0.38232
0.381898
0.381477
0.381057
0.380638
0.38022
0.379802
0.379386
0.37897
0.378556
0.378142
0.378821
0.379498
0.380174
0.380849
0.381522
0.382193
0.382863
0.383532
0.384199
0.384865
0.384449
0.384035
0.383621
0.384284
0.384946
0.385607
0.386266
0.386924
0.38758
0.388235
0.388889
0.389541
0.389126
0.388711
0.388298
0.387885
0.388535
0.389183
0.389831
0.390476
0.391121
0.391763
0.39135
0.390938
0.390526
0.390116
0.390756
0.391396
0.390985
0.390576
0.390167
0.38976
0.389353
0.388947
0.388542
0.388137
0.387734
0.387331
0.386929
0.386528
0.387164
0.386763
0.386364
0.385965
0.385567
0.38517
0.384774
0.384378
0.383984
0.38359
0.383197
0.382805
0.382413
0.383044
0.383673
0.384302
0.384929
0.384537
0.384146
0.383756
0.383367
0.382979
0.382591
0.382204
0.381818
0.381433
0.381048
0.380665
0.380282
0.379899
0.379518
0.379137
0.378758
0.378378
0.378
0.377622
0.377246
0.376869
0.376494
0.376119
0.375746
0.375372
0.375
0.374628
0.374257
0.373887
0.373518
0.373149
0.372781
0.373399
0.374016
0.374631
0.375246
0.374877
0.37451
0.374143
0.373777
0.373412
0.373047
0.372683
0.37232
0.371957
0.371595
0.371234
0.370874
0.370514
0.370155
0.369797
0.369439
0.369082
0.368726
0.36837
0.368015
0.367661
0.367308
0.367915
0.368522
0.369128
0.369732
0.370335
0.370937
0.371538
0.372137
0.372736
0.373333
0.372978
0.372624
0.37227
0.371917
0.371564
0.371212
0.370861
0.37051
0.370161
0.370755
0.371348
0.370998
0.370649
0.370301
0.369953
0.370544
0.371134
0.371723
0.372311
0.371963
0.371615
0.371269
0.370923
0.370577
0.370233
0.369888
0.369545
0.369202
0.36886
0.368519
0.368178
0.367837
0.367498
0.367159
0.36682
0.366483
0.366145
0.366728
0.367309
0.36789
0.368469
0.369048
0.36871
0.368373
0.36895
0.369526
0.3701
0.369763
0.369427
0.369091
0.368756
0.368421
0.368087
0.367754
0.367421
0.367089
0.366757
0.366426
0.366096
0.365766
0.365437
0.365108
0.36478
0.364452
0.364126
0.363799
0.363474
0.364043
0.363718
0.363393
0.363961
0.364528
0.365093
0.365658
0.366222
0.366785
0.367347
0.367908
0.368468
0.369027
0.3687
0.368375
0.368049
0.367725
0.367401
0.367077
0.366755
0.366432
0.366111
0.365789
0.365469
0.365149
0.364829
0.36451
0.364192
0.363874
0.363557
0.364111
0.363795
0.363478
0.363162
0.362847
0.362533
0.362218
0.361905
0.361592
0.361279
0.360967
0.361519
0.362069
0.362618
0.362306
0.361995
0.361684
0.361373
0.361063
0.360754
0.360445
0.360137
0.359829
0.359522
0.359215
0.358909
0.358603
0.358298
0.357993
0.357689
0.357385
0.357082
0.35678
0.356478
0.356176
0.355875
0.355574
0.355274
0.354975
0.354676
0.354377
0.354079
0.354622
0.355164
0.355705
0.356245
0.356784
0.356485
0.356187
0.35589
0.355593
0.355296
0.355
0.354704
0.354409
0.354115
0.353821
0.353527
0.353234
0.352941
0.352649
0.352357
0.352066
0.351775
0.351485
0.351195
0.350906
0.350617
0.350329
0.350041
0.349754
0.349467
0.34918
0.348894
0.348609
0.348324
0.348039
0.347755
0.347471
0.347188
0.346906
0.346623
0.346341
0.34606
0.345779
0.345499
0.345219
0.344939
0.34466
0.344382
0.344103
0.343826
0.343548
0.343272
0.342995
0.342719
0.342444
0.342169
0.341894
0.34162
0.341346
0.341073
0.3408
0.341327
0.341054
0.340782
0.34051
0.340239
0.339968
0.339698
0.339428
0.339158
0.338889
0.33862
0.338352
0.338084
0.337816
0.337549
0.337283
0.337017
0.336751
0.336485
0.337008
0.33753
0.33805
0.337785
0.33752
0.337255
0.336991
0.336727
0.336463
0.336982
0.336719
0.336456
0.336193
0.335931
0.33567
0.335409
0.335148
0.334887
0.334627
0.334368
0.334884
0.335399
0.335913
0.336427
0.336167
0.335907
0.33642
0.33616
0.335901
0.336413
0.336154
0.335895
0.335637
0.33538
0.33589
0.335632
0.335375
0.335119
0.334862
0.334607
0.334351
0.334096
0.333841
0.334349
0.334855
0.334601
0.334347
0.334093
0.333839
0.333586
0.333333
0.333081
0.332829
0.332577
0.332326
0.332075
0.331825
0.331575
0.331325
0.331076
0.330827
0.33133
0.331832
0.332333
0.332834
0.333333
0.333832
0.334331
0.334828
0.335325
0.335821
0.33557
0.33532
0.335815
0.33631
0.336059
0.33581
0.335561
0.335312
0.335063
0.334815
0.334567
0.33432
0.334072
0.333826
0.333579
0.334071
0.333825
0.333579
0.333333
0.333088
0.332843
0.332599
0.332355
0.332111
0.331868
0.331625
0.331383
0.33114
0.330898
0.330657
0.330416
0.330175
0.329934
0.329694
0.329455
0.329215
0.329702
0.329463
0.329224
0.328986
0.328747
0.328509
0.328272
0.328035
0.327798
0.327561
0.327325
0.327089
0.326854
0.326619
0.326384
0.326149
0.325915
0.325681
0.325448
0.325215
0.324982
0.32475
0.325232
0.325714
0.326196
0.326676
0.326443
0.326923
0.327402
0.327881
0.328358
0.328125
0.327892
0.32766
0.327427
0.327904
0.327672
0.32744
0.327208
0.326977
0.326747
0.326516
0.326286
0.326056
0.325827
0.325598
0.325369
0.32514
0.324912
0.324684
0.324457
0.32423
0.324003
0.323776
0.32355
0.323324
0.323098
0.322873
0.322648
0.322423
0.322199
0.321975
0.321751
0.321528
0.321305
0.321082
0.320859
0.320637
0.320415
0.320194
0.319972
0.319751
0.319531
0.31931
0.319779
0.319559
0.319339
0.319807
0.319588
0.319368
0.319149
0.31893
0.318711
0.318493
0.318275
0.318057
0.31784
0.317623
0.317406
0.31719
0.316973
0.316757
0.316542
0.316327
0.316111
0.315897
0.315682
0.315468
0.315254
0.315041
0.314827
0.314614
0.314402
0.314189
0.313977
0.313765
0.313554
0.313342
0.313131
0.312921
0.31271
0.3125
0.31229
0.312081
0.311871
0.311662
0.311453
0.311245
0.311037
0.310829
0.310621
0.310414
0.310207
0.31
0.309793
0.309587
0.309381
0.309176
0.30897
0.308765
0.30856
0.308355
0.308151
0.307947
0.308405
0.308862
0.309319
0.309775
0.309571
0.309367
0.309163
0.308959
0.308756
0.308553
0.30835
0.308147
0.307945
0.307743
0.307541
0.307339
0.307138
0.306937
0.306736
0.306536
0.306336
0.306136
0.305936
0.305737
0.305537
0.305339
0.30514
0.304941
0.304743
0.304545
0.304348
0.30415
0.303953
0.303756
0.30356
0.303364
0.303167
0.302972
0.302776
0.302581
0.302386
0.302191
0.301996
0.301802
0.302251
0.302057
0.301863
0.301669
0.301475
0.301282
0.301089
0.300896
0.300704
0.300512
0.300319
0.300128
0.299936
0.299745
0.299554
0.299363
0.299173
0.298982
0.298792
0.298602
0.298413
0.298223
0.298034
0.297845
0.297657
0.297468
0.29728
0.297724
0.297536
0.297348
0.297161
0.296974
0.296786
0.296599
0.296413
0.296226
0.29604
0.295854
0.295669
0.295483
0.295298
0.295113
0.294928
0.294743
0.294559
0.294375
0.294191
0.294007
0.293824
0.293641
0.294081
0.293898
0.293715
0.293532
0.29335
0.293168
0.292986
0.292804
0.292622
0.292441
0.29226
0.292079
0.291899
0.291718
0.291538
0.291358
0.291178
0.291615
0.291436
0.291256
0.291077
0.290898
0.290719
0.290541
0.290362
0.290184
0.290006
0.289828
0.289651
0.289474
0.289297
0.28912
0.288943
0.288767
0.288591
0.288415
0.288239
0.288063
0.287888
0.287713
0.287538
0.287363
0.287189
0.287015
0.287447
0.287273
0.287099
0.286925
0.286751
0.286578
0.286405
0.286232
0.286059
0.285887
0.285714
0.285542
0.28537
0.285199
0.285027
0.285457
0.285285
0.285114
0.284943
0.284772
0.284602
0.284431
0.284261
0.284091
0.283921
0.283751
0.283582
0.283413
0.283244
0.283075
0.282906
0.282738
0.28257
0.282402
0.282234
0.282067
0.281899
0.281732
0.281565
0.281398
0.281231
0.281065
0.280899
0.280733
0.280567
0.280401
0.280236
0.280071
0.279906
0.279741
0.279576
0.279412
0.279248
0.279083
0.27892
0.278756
0.278592
0.278429
0.278266
0.278103
0.27794
0.277778
0.277615
0.277453
0.277291
0.27713
0.276968
0.276807
0.276645
0.276484
0.276323
0.276163
0.276002
0.275842
0.275682
0.275522
0.275362
0.275203
0.275622
0.275463
0.275304
0.275145
0.274986
0.274827
0.274668
0.27451
0.274352
0.27477
0.274611
0.274453
0.274296
0.274138
0.27398
0.273823
0.273666
0.273509
0.273352
0.273196
0.273039
0.272883
0.272727
0.272571
0.272416
0.27226
0.272105
0.27195
0.271795
0.27164
0.271485
0.271331
0.271177
0.271023
0.270869
0.270715
0.270562
0.270408
0.270255
0.270102
0.269949
0.269796
0.269644
0.269492
0.269339
0.269187
0.269036
0.268884
0.268732
0.268581
0.26843
0.268279
0.268128
0.267978
0.267827
0.267677
0.267527
0.267377
0.267227
0.267077
0.266928
0.266779
0.266629
0.26648
0.266332
0.266183
0.266035
0.265886
0.265738
0.26559
0.265442
0.265295
0.265147
0.265
0.264853
0.264706
0.265114
0.265521
0.265928
0.265781
0.265634
0.265487
0.26534
0.265193
0.265047
0.264901
0.264755
0.26516
0.265014
0.264868
0.264722
0.264576
0.264431
0.264286
0.264141
0.263996
0.263851
0.263706
0.263562
0.263417
0.263273
0.263129
0.262985
0.262842
0.262698
0.262555
0.262957
0.262814
0.26267
0.263072
0.262929
0.262786
0.262643
0.2625
0.262357
0.262215
0.262073
0.261931
0.261789
0.261647
0.261505
0.261364
0.261222
0.261081
0.26094
0.260799
0.260658
0.260518
0.260377
0.260237
0.260097
0.259957
0.259817
0.259677
0.259538
0.259398
0.259259
0.25912
0.258981
0.258842
0.258704
0.258565
0.258427
0.258289
0.258151
0.258013
0.257875
0.257737
0.2576
0.257463
0.257326
0.257188
0.257052
0.256915
0.256778
0.256642
0.256506
0.256369
0.256233
0.256098
0.255962
0.255826
0.255691
0.255556
0.255949
0.256342
0.256207
0.256072
0.255937
0.255802
0.255667
0.255532
0.255398
0.255263
0.255129
0.254995
0.254861
0.254727
0.254593
0.25446
0.254326
0.254193
0.254584
0.25445
0.254317
0.254184
0.254051
0.253918
0.253786
0.253653
0.253521
0.253389
0.253257
0.253125
0.252993
0.252862
0.25273
0.252599
0.252468
0.252336
0.252206
0.252075
0.251944
0.251813
0.251683
0.251553
0.251423
0.251293
0.251163
0.251033
0.250903
0.250774
0.250645
0.250515
0.250386
0.250257
0.250129
0.25
0.249871
0.249743
0.249615
0.249487
0.249359
0.249231
0.249103
0.249488
0.24936
0.249232
0.249616
0.249489
0.249361
0.249234
0.249107
0.24898
0.248853
0.248726
0.248599
0.248473
0.248346
0.24822
0.248094
0.247967
0.247842
0.247716
0.24759
0.247465
0.247339
0.247214
0.247089
0.246964
0.246839
0.246714
0.246589
0.246465
0.24634
0.246216
0.246092
0.245968
0.245844
0.24572
0.245596
0.245473
0.245349
0.245226
0.245103
0.24498
0.244857
0.244734
0.244612
0.244489
0.244367
0.244244
0.244122
0.244
0.243878
0.243756
0.243635
0.243513
0.243392
0.24327
0.243149
0.243028
0.242907
0.242786
0.242665
0.242545
0.242424
0.242304
0.242184
0.242063
0.241943
0.241824
0.241704
0.241584
0.241465
0.241345
0.241226
0.241107
0.240988
0.240869
0.24075
0.240631
0.240513
0.240394
0.240276
0.240157
0.240039
0.239921
0.239803
0.239686
0.239568
0.23945
0.239333
0.239216
0.239098
0.238981
0.238864
0.238748
0.238631
0.238514
0.238398
0.238281
0.238165
0.238049
0.237933
0.237817
0.237701
0.237585
0.23747
0.237354
0.237239
0.237123
0.237008
0.236893
0.236778
0.236663
0.236549
0.236434
0.23632
0.236205
0.236091
0.235977
0.235863
0.235749
0.235635
0.235521
0.235408
0.235294
0.235181
0.235067
0.234954
0.234841
0.234728
0.234615
0.234503
0.23439
0.234277
0.234165
0.234053
0.233941
0.233828
0.233716
0.233605
0.233493
0.233381
0.23327
0.233158
0.233047
0.232936
0.232824
0.232713
0.232602
0.232492
0.232381
0.23227
0.23216
0.232049
0.231939
0.231829
0.232194
0.232558
0.232448
0.232338
0.232227
0.232117
0.232008
0.231898
0.232261
0.232624
0.232987
0.233349
0.233711
0.234073
0.234434
0.234795
0.234684
0.234574
0.234463
0.234353
0.234243
0.234133
0.234023
0.233913
0.233803
0.233693
0.233583
0.233474
0.233365
0.233255
0.233146
0.233037
0.232928
0.232819
0.23271
0.232602
0.232493
0.232385
0.232276
0.232168
0.23206
0.231952
0.231844
0.231736
0.231628
0.23152
0.231413
0.231305
0.231198
0.23109
0.230983
0.230876
0.230769
0.230662
0.230556
0.230449
0.230342
0.230236
0.230129
0.230023
0.229917
0.229811
0.229705
0.229599
0.229493
0.229387
0.229282
0.229176
0.229071
0.228966
0.22886
0.228755
0.22865
0.228545
0.22844
0.228336
0.228231
0.228126
0.22848
0.228833
0.228728
0.228624
0.228519
0.228415
0.228311
0.228206
0.228102
0.227998
0.227894
0.22779
0.227687
0.227583
0.22748
0.227376
0.227273
0.227169
0.227066
0.226963
0.22686
0.226757
0.226655
0.226552
0.226449
0.226347
0.226244
0.226142
0.22604
0.225938
0.225836
0.225734
0.225632
0.22553
0.225428
0.225327
0.225225
0.225124
0.225023
0.224921
0.22482
0.224719
0.224618
0.224517
0.224417
0.224316
0.224215
0.224115
0.224014
0.223914
0.223814
0.223714
0.223614
0.223514
0.223414
0.223314
0.223214
0.223115
0.223015
0.222916
0.222816
0.222717
0.223063
0.223409
0.223754
0.2241
0.224444
0.224789
0.225133
0.225477
0.225821
0.226164
0.226064
0.225964
0.225864
0.225764
0.225664
0.225564
0.225464
0.225365
0.225265
0.225166
0.225066
0.224967
0.224868
0.224769
0.22467
0.224571
0.224472
0.224373
0.224274
0.224176
0.224077
0.223979
0.223881
0.224221
0.224561
0.224463
0.224365
0.224704
0.224606
0.224508
0.224409
0.224311
0.224213
0.224115
0.224017
0.22392
0.223822
0.223724
0.223627
0.223529
0.223432
0.223335
0.223238
0.22314
0.223043
0.222947
0.22285
0.222753
0.222656
0.22256
0.222897
0.2228
0.222704
0.222607
0.222511
0.222415
0.222318
0.222222
0.222126
0.22203
0.221934
0.221839
0.221743
0.221647
0.221552
0.221456
0.221361
0.221266
0.22117
0.221075
0.22098
0.220885
0.22079
0.220696
0.220601
0.220935
0.22084
0.220746
0.220651
0.220557
0.220462
0.220368
0.220274
0.22018
0.220085
0.219991
0.219898
0.219804
0.21971
0.219616
0.219523
0.219429
0.219336
0.219242
0.219149
0.219056
0.218963
0.21887
0.218777
0.218684
0.218591
0.218498
0.218405
0.218313
0.21822
0.218128
0.218036
0.217943
0.217851
0.217759
0.217667
0.217575
0.217483
0.217391
0.2173
0.217208
0.217538
0.217446
0.217355
0.217263
0.217172
0.21708
0.216989
0.216898
0.216807
0.216716
0.216625
0.216534
0.216443
0.216352
0.216262
0.216171
0.21608
0.216409
0.216736
0.217064
0.217391
0.217718
0.218045
0.218372
0.218698
0.219024
0.219349
0.219675
0.219583
0.219492
0.2194
0.219309
0.219218
0.219127
0.219036
0.218945
0.218854
0.218763
0.218672
0.218582
0.218491
0.2184
0.21831
0.218219
0.218129
0.218039
0.217949
0.217859
0.217769
0.217679
0.217589
0.217912
0.218234
0.218144
0.218054
0.217965
0.217875
0.217785
0.217695
0.217606
0.217516
0.217427
0.217338
0.217248
0.217159
0.21707
0.216981
0.216892
0.216803
0.216714
0.216626
0.216537
0.216448
0.21636
0.216271
0.216183
0.216095
0.216007
0.215918
0.21583
0.215742
0.215654
0.215566
0.215479
0.215391
0.215303
0.215216
0.215128
0.215041
0.214953
0.214866
0.214779
0.214692
0.214604
0.214517
0.214836
0.215154
0.215472
0.215789
0.216107
0.216424
0.216336
0.216249
0.216162
0.216074
0.215987
0.2159
0.215813
0.215726
0.215639
0.215552
0.215465
0.215378
0.215292
0.215205
0.215119
0.215032
0.214946
0.214859
0.214773
0.214687
0.214601
0.214515
0.214429
0.214343
0.214257
0.214171
0.214086
0.214
0.213914
0.213829
0.213744
0.213658
0.213573
0.213488
0.213402
0.213317
0.213232
0.213147
0.213063
0.212978
0.212893
0.212808
0.212724
0.212639
