1
1
1
1
1
1
1
1
1
1
1
1
1
1
1
1
1
1
1
0.95
0.952381
0.909091
0.913043
0.916667
0.92
0.884615
0.888889
0.892857
0.862069
0.833333
0.806452
0.78125
0.787879
0.794118
0.8
0.805556
0.810811
0.815789
0.820513
0.825
0.829268
0.833333
0.813953
0.818182
0.822222
0.826087
0.829787
0.833333
0.836735
0.82
0.803922
0.807692
0.811321
0.814815
0.818182
0.821429
0.824561
0.827586
0.830508
0.833333
0.836066
0.822581
0.825397
0.828125
0.830769
0.833333
0.820896
0.808824
0.811594
0.8
0.788732
0.791667
0.794521
0.797297
0.8
0.802632
0.805195
0.807692
0.810127
0.8125
0.814815
0.804878
0.807229
0.797619
0.8
0.802326
0.804598
0.795455
0.797753
0.8
0.802198
0.804348
0.806452
0.808511
0.810526
0.8125
0.814433
0.816327
0.818182
0.81
0.80198
0.794118
0.796117
0.798077
0.8
0.801887
0.794393
0.787037
0.788991
0.790909
0.792793
0.794643
0.79646
0.798246
0.8
0.801724
0.803419
0.805085
0.798319
0.791667
0.785124
0.786885
0.788618
0.790323
0.792
0.793651
0.787402
0.78125
0.775194
0.769231
0.770992
0.772727
0.774436
0.776119
0.777778
0.779412
0.781022
0.782609
0.784173
0.785714
0.780142
0.774648
0.769231
0.770833
0.765517
0.760274
0.761905
0.763514
0.765101
0.766667
0.768212
0.769737
0.771242
0.772727
0.774194
0.775641
0.77707
0.778481
0.779874
0.78125
0.782609
0.783951
0.785276
0.786585
0.781818
0.783133
0.784431
0.785714
0.786982
0.788235
0.789474
0.790698
0.791908
0.793103
0.794286
0.795455
0.79661
0.797753
0.798883
0.8
0.79558
0.791209
0.786885
0.788043
0.789189
0.790323
0.791444
0.792553
0.793651
0.794737
0.795812
0.796875
0.797927
0.793814
0.794872
0.795918
0.796954
0.79798
0.79397
0.795
0.791045
0.792079
0.793103
0.794118
0.795122
0.796117
0.797101
0.798077
0.799043
0.795238
0.791469
0.792453
0.793427
0.794393
0.795349
0.796296
0.797235
0.798165
0.799087
0.795455
0.79638
0.797297
0.798206
0.794643
0.795556
0.792035
0.792952
0.789474
0.786026
0.782609
0.779221
0.775862
0.772532
0.769231
0.765957
0.762712
0.759494
0.756303
0.757322
0.754167
0.751037
0.747934
0.744856
0.741803
0.738776
0.735772
0.732794
0.729839
0.726908
0.728
0.729084
0.72619
0.72332
0.724409
0.721569
0.71875
0.719844
0.72093
0.718147
0.715385
0.712644
0.709924
0.711027
0.712121
0.713208
0.714286
0.715356
0.716418
0.717472
0.718519
0.719557
0.720588
0.717949
0.715328
0.712727
0.710145
0.707581
0.705036
0.702509
0.7
0.697509
0.695035
0.69258
0.690141
0.687719
0.685315
0.682927
0.684028
0.681661
0.67931
0.676976
0.674658
0.672355
0.670068
0.671186
0.672297
0.670034
0.667785
0.665552
0.663333
0.66113
0.65894
0.656766
0.654605
0.652459
0.650327
0.651466
0.652597
0.653722
0.654839
0.652733
0.650641
0.651757
0.652866
0.650794
0.648734
0.646688
0.644654
0.642633
0.640625
0.641745
0.639752
0.637771
0.635802
0.633846
0.634969
0.636086
0.637195
0.635258
0.633333
0.63142
0.629518
0.627628
0.625749
0.623881
0.622024
0.620178
0.618343
0.616519
0.614706
0.612903
0.611111
0.609329
0.607558
0.605797
0.604046
0.602305
0.600575
0.598854
0.597143
0.595442
0.59375
0.592068
0.590395
0.588732
0.587079
0.585434
0.583799
0.584958
0.586111
0.587258
0.585635
0.584022
0.582418
0.580822
0.579235
0.577657
0.576087
0.574526
0.572973
0.571429
0.572581
0.573727
0.574866
0.576
0.577128
0.578249
0.579365
0.577836
0.576316
0.574803
0.573298
0.571802
0.570312
0.568831
0.567358
0.565891
0.564433
0.562982
0.561538
0.560102
0.558673
0.557252
0.555838
0.55443
0.55303
0.551637
0.550251
0.551378
0.5525
0.553616
0.554726
0.555831
0.554455
0.553086
0.551724
0.550369
0.54902
0.547677
0.546341
0.545012
0.546117
0.544794
0.543478
0.542169
0.540865
0.539568
0.538278
0.539379
0.540476
0.541568
0.542654
0.543735
0.544811
0.545882
0.546948
0.548009
0.549065
0.547786
0.546512
0.545244
0.543981
0.542725
0.541475
0.54023
0.538991
0.537757
0.53653
0.535308
0.534091
0.53288
0.531674
0.530474
0.531532
0.530337
0.529148
0.527964
0.526786
0.525612
0.524444
0.523282
0.522124
0.520971
0.519824
0.518681
0.517544
0.5186
0.519651
0.520697
0.521739
0.522777
0.52381
0.524838
0.525862
0.526882
0.527897
0.526767
0.525641
0.52452
0.523404
0.522293
0.523305
0.524313
0.525316
0.526316
0.527311
0.528302
0.529289
0.530271
0.53125
0.532225
0.533195
0.534161
0.535124
0.536082
0.537037
0.537988
0.538934
0.539877
0.540816
0.541752
0.542683
