1
1
1
1
1
1
1
0.875
0.888889
0.9
0.818182
0.833333
0.769231
0.785714
0.733333
0.75
0.764706
0.777778
0.789474
0.8
0.809524
0.818182
0.826087
0.833333
0.8
0.769231
0.740741
0.714286
0.689655
0.666667
0.645161
0.625
0.606061
0.588235
0.571429
0.555556
0.540541
0.526316
0.512821
0.5
0.487805
0.47619
0.465116
0.454545
0.444444
0.434783
0.425532
0.416667
0.408163
0.4
0.392157
0.384615
0.377358
0.37037
0.363636
0.357143
0.350877
0.344828
0.338983
0.333333
0.327869
0.322581
0.31746
0.3125
0.323077
0.333333
0.328358
0.323529
0.333333
0.342857
0.352113
0.361111
0.369863
0.378378
0.386667
0.394737
0.402597
0.410256
0.417722
0.425
0.419753
0.426829
0.421687
0.416667
0.411765
0.406977
0.402299
0.397727
0.393258
0.388889
0.384615
0.380435
0.376344
0.37234
0.368421
0.364583
0.360825
0.357143
0.353535
0.35
0.346535
0.343137
0.339806
0.336538
0.333333
0.330189
0.327103
0.324074
0.321101
0.318182
0.324324
0.330357
0.336283
0.342105
0.33913
0.336207
0.34188
0.347458
0.344538
0.341667
0.338843
0.336066
0.333333
0.330645
0.328
0.325397
0.322835
0.320312
0.317829
0.315385
0.320611
0.325758
0.330827
0.335821
0.333333
0.330882
0.328467
0.326087
0.323741
0.321429
0.319149
0.316901
0.314685
0.3125
0.317241
0.315068
0.312925
0.310811
0.308725
0.306667
0.304636
0.309211
0.30719
0.305195
0.303226
0.301282
0.299363
0.297468
0.295597
0.29375
0.291925
0.290123
0.288344
0.286585
0.284848
0.283133
0.287425
0.291667
0.295858
0.294118
0.292398
0.290698
0.289017
0.287356
0.285714
0.284091
0.282486
0.280899
0.27933
0.277778
0.276243
0.274725
0.273224
0.271739
0.27027
0.268817
0.26738
0.265957
0.26455
0.268421
0.272251
0.276042
0.279793
0.283505
0.287179
0.290816
0.294416
0.29798
0.301508
0.305
0.303483
0.30198
0.300493
0.29902
0.297561
0.296117
0.294686
0.293269
0.291866
0.290476
0.2891
0.287736
0.286385
0.285047
0.283721
0.282407
0.281106
0.279817
0.278539
0.277273
0.276018
0.274775
0.273543
0.272321
0.271111
0.269912
0.268722
0.267544
0.266376
0.265217
0.264069
0.262931
0.261803
0.264957
0.26383
0.262712
0.261603
0.260504
0.263598
0.266667
0.26971
0.272727
0.27572
0.278689
0.277551
0.276423
0.275304
0.274194
0.273092
0.272
0.270916
0.269841
0.272727
0.271654
0.270588
0.269531
0.268482
0.267442
0.266409
0.265385
0.264368
0.263359
0.262357
0.261364
0.260377
0.259398
0.258427
0.257463
0.256506
0.255556
0.254613
0.253676
0.252747
0.251825
0.250909
0.25
0.249097
0.248201
0.247312
0.246429
0.245552
0.244681
0.243816
0.242958
0.242105
0.241259
0.240418
0.239583
0.238754
0.237931
0.237113
0.236301
0.235495
0.234694
0.233898
0.233108
0.232323
0.231544
0.230769
0.23
0.229236
0.228477
0.227723
0.226974
0.22623
0.228758
0.23127
0.230519
0.229773
0.229032
0.228296
0.227564
0.226837
0.229299
0.231746
0.234177
0.236593
0.238994
0.241379
0.24375
0.246106
0.248447
0.250774
0.25
0.249231
0.248466
0.247706
0.246951
0.246201
0.245455
0.247734
0.25
0.252252
0.254491
0.256716
0.255952
0.255193
0.254438
0.253687
0.252941
0.252199
0.251462
0.250729
0.25
0.249275
0.248555
0.247839
0.247126
0.246418
0.245714
0.245014
0.244318
0.243626
0.242938
0.242254
0.241573
0.240896
0.240223
0.239554
0.238889
0.238227
0.237569
0.236915
0.236264
0.235616
0.234973
0.234332
0.233696
0.233062
0.232432
0.231806
0.231183
0.230563
0.229947
0.229333
0.228723
0.228117
0.227513
0.226913
0.226316
0.225722
0.225131
0.224543
0.223958
0.223377
0.222798
0.222222
0.221649
0.22108
0.223077
0.225064
0.227041
0.229008
0.230964
0.232911
0.232323
0.231738
0.231156
0.230576
0.23
0.229426
0.231343
0.233251
0.235149
0.237037
0.238916
0.238329
0.240196
0.239609
0.239024
0.238443
0.237864
0.237288
0.236715
0.236145
0.237981
0.23741
0.236842
0.236277
0.235714
0.235154
0.234597
0.234043
0.233491
0.232941
0.232394
0.23185
0.231308
0.2331
0.234884
0.234339
0.233796
0.233256
0.232719
0.232184
0.231651
0.231121
0.230594
0.230068
0.229545
0.229025
0.228507
0.227991
0.227477
0.226966
0.226457
0.225951
0.225446
0.224944
0.224444
0.223947
0.223451
0.222958
0.222467
0.221978
0.221491
0.221007
0.220524
0.220044
0.219565
0.219089
0.218615
0.218143
0.217672
0.217204
0.216738
0.216274
0.215812
0.215352
0.214894
0.214437
0.213983
0.213531
0.21308
0.212632
0.212185
0.213836
0.215481
0.217119
0.21875
0.220374
0.221992
0.223602
0.22314
0.22268
0.222222
0.221766
0.221311
0.220859
0.220408
0.219959
0.219512
0.219067
0.218623
0.218182
0.217742
0.217304
0.216867
0.216433
0.216
0.215569
0.215139
0.214712
0.214286
0.213861
0.213439
0.213018
0.212598
0.212181
0.211765
0.21135
0.210938
0.210526
0.210117
0.209709
0.209302
0.208897
0.208494
0.208092
0.207692
0.207294
0.206897
0.206501
0.206107
0.205714
0.205323
0.204934
0.204545
0.204159
0.203774
0.20339
0.203008
0.202627
0.202247
0.201869
0.203358
0.204842
0.20632
0.207792
0.209259
0.210721
0.212177
0.213628
0.215074
0.216514
0.217949
0.21755
0.217153
0.216758
0.216364
0.215971
0.21558
0.21519
0.214801
0.214414
0.214029
0.213645
0.213262
0.21288
0.2125
0.212121
0.211744
0.211368
0.210993
0.210619
0.210247
0.209877
0.211268
0.212654
0.214035
0.215412
0.215035
0.21466
0.214286
0.213913
0.213542
0.213172
0.212803
0.212435
0.212069
0.211704
0.21134
0.210978
0.210616
0.210256
0.209898
0.20954
0.209184
0.208829
0.208475
0.208122
0.20777
0.20742
0.207071
0.206723
0.206376
0.20603
0.205686
0.205342
0.205
0.204659
0.20598
0.207297
0.208609
0.209917
0.211221
0.210873
0.210526
0.210181
0.209836
0.211129
0.212418
0.213703
0.213355
0.213008
0.212662
0.212318
0.211974
0.211632
0.21129
0.21095
0.210611
0.210273
0.209936
0.2096
0.209265
0.208931
0.208599
0.208267
0.209524
0.210777
0.210443
0.210111
0.209779
0.209449
0.209119
0.208791
0.208464
0.208138
0.207813
0.207488
0.207165
0.206843
0.206522
0.206202
0.205882
0.205564
0.205247
0.204931
0.204615
0.204301
0.203988
0.203675
0.203364
0.203053
0.202744
0.202435
0.202128
0.201821
0.201515
0.20121
0.200906
0.200603
0.200301
0.2
0.1997
0.1994
0.199102
0.198804
0.198507
0.199702
0.200893
0.20208
0.203264
0.202963
0.202663
0.202363
0.202065
0.201767
0.201471
0.201175
0.20088
0.200586
0.200292
0.2
0.201166
0.202329
0.202035
0.201742
0.202899
0.202605
0.202312
0.20202
0.201729
0.201439
0.201149
0.200861
0.200573
0.200286
0.2
0.199715
0.19943
0.199147
0.198864
0.198582
0.1983
0.19802
0.19774
0.197461
0.197183
0.196906
0.196629
0.196353
0.196078
0.195804
0.195531
0.195258
0.194986
0.194715
0.194444
0.194175
0.193906
0.193638
0.19337
0.193103
0.192837
0.192572
0.192308
0.193416
0.194521
0.195622
0.196721
0.197817
0.19891
0.198639
0.19837
0.1981
0.197832
0.197564
0.197297
0.197031
0.196765
0.196501
0.196237
0.195973
0.19571
0.195448
0.195187
0.194927
0.194667
0.194407
0.194149
0.193891
0.193634
0.193377
0.193122
0.192867
0.192612
0.192358
0.192105
0.191853
0.191601
0.19135
0.191099
0.19085
0.190601
0.190352
0.190104
0.189857
0.18961
0.189364
0.189119
0.188875
0.18863
0.188387
0.188144
0.187902
0.187661
0.18742
0.187179
0.18694
0.186701
0.186462
0.186224
0.185987
0.185751
0.185515
0.185279
0.185044
0.18481
0.184576
0.184343
0.184111
0.183879
0.183648
0.183417
0.183187
0.182957
0.182728
0.1825
0.182272
0.182045
0.181818
0.181592
0.181366
0.181141
0.180917
0.180693
0.18047
0.180247
0.180025
0.179803
0.180812
0.181818
0.182822
0.183824
0.184823
0.185819
0.186813
0.187805
0.188794
0.189781
0.18955
0.18932
0.189091
0.188862
0.188634
0.188406
0.188179
0.187952
0.187726
0.1875
0.187275
0.18705
0.186826
0.186603
0.187575
0.188544
0.188319
0.188095
0.187872
0.187648
0.187426
0.187204
0.186982
0.186761
0.186541
0.186321
0.186101
0.185882
0.185664
0.185446
0.185229
0.185012
0.184795
0.184579
0.184364
0.184149
0.183935
0.183721
0.183508
0.183295
0.183082
0.18287
0.182659
0.183603
0.183391
0.18318
0.182969
0.182759
0.182549
0.182339
0.182131
0.181922
0.181714
0.181507
0.18244
0.183371
0.183163
0.182955
0.182747
0.18254
0.182333
0.182127
0.183051
0.183973
0.183766
0.183559
0.183352
0.183146
0.182941
0.182735
0.182531
0.182327
0.182123
0.18192
0.181717
0.181514
0.181313
0.181111
0.18091
0.18071
0.181617
0.182522
0.183425
0.184327
0.185226
0.186123
0.187019
0.187912
0.188804
0.189693
0.189485
0.189278
0.189071
0.188865
0.188659
0.188453
0.188248
0.18913
0.190011
0.189805
0.190683
0.191558
0.192432
0.192225
0.192017
0.19181
0.191604
0.191398
0.191192
0.190987
0.190782
0.190578
0.190374
0.190171
0.189968
0.189765
0.189563
0.189362
0.18916
0.18896
0.188759
0.188559
0.18836
0.188161
0.187962
0.187764
0.187566
0.187368
0.187171
0.188025
0.187828
0.187631
0.187435
0.187238
0.187043
0.186848
0.186653
0.186458
0.186264
0.186071
0.185877
0.185685
0.185492
0.1853
0.185109
0.184917
0.184727
0.185567
0.186406
0.186214
0.186023
0.185832
0.185641
0.185451
0.185261
0.185072
0.184883
0.184694
0.184506
0.184318
0.18413
0.183943
0.183756
0.18357
0.183384
0.183198
0.183013
0.182828
0.182644
0.18246
0.182276
0.182093
0.18191
0.181727
0.181545
0.181363
0.181181
0.181
0.180819
0.180639
0.180459
0.180279
0.1801
0.17992
0.179742
0.179563
0.179386
0.179208
0.179031
0.178854
0.178677
0.179487
0.180296
0.181102
0.181908
0.182711
0.183513
0.184314
0.185113
0.18591
0.186706
0.186523
0.186341
0.18616
0.185979
0.185798
0.185617
0.185437
0.186227
0.187016
0.187803
0.188588
0.189372
0.190154
0.190935
0.191715
0.192493
0.193269
0.193084
0.192898
0.192713
0.192529
0.192344
0.192161
0.192932
0.193702
0.193518
0.193333
0.193149
0.192966
0.192783
0.1926
0.192417
0.192235
0.192999
0.193762
0.193579
0.193396
0.193214
0.193974
0.194732
0.195489
0.196244
0.196998
0.197751
0.198502
0.198316
0.198131
0.197946
0.197761
0.197577
0.197393
0.197209
0.197026
0.196843
0.19666
0.196478
0.196296
0.196115
0.195933
0.195753
0.195572
0.195392
0.195212
0.195032
0.194853
0.194674
0.194495
0.195234
0.195055
0.194876
0.194698
0.194521
0.194343
0.194166
0.193989
0.193813
0.193636
0.19346
0.194192
0.194016
0.193841
0.193665
0.19349
0.193315
0.193141
0.192967
0.192793
0.192619
0.192446
0.193172
0.193896
0.194619
0.195341
0.196061
0.19678
0.196604
0.196429
0.196253
0.196078
0.195904
0.19573
0.195556
0.195382
0.195209
0.195035
0.194863
0.19469
0.194518
0.194346
0.194175
0.194004
0.193833
0.193662
0.194371
0.1942
0.19403
0.19386
0.19369
0.19352
0.193351
0.193182
0.193013
0.193717
0.193548
0.19338
0.193211
0.193043
0.192876
0.192708
0.192541
0.192374
0.192208
0.192042
0.191876
0.19171
0.191544
0.191379
0.191214
0.19105
0.190886
0.190722
0.190558
0.190395
0.190231
0.190068
0.189906
0.189744
0.190436
0.191126
0.190963
0.190801
0.190638
0.190476
0.190314
0.190153
0.189992
0.189831
0.18967
0.189509
0.190194
0.190878
0.191561
0.192243
0.192923
0.193603
0.194281
0.194958
0.195634
0.196309
0.196144
0.19598
0.195816
0.195652
0.195489
0.195326
0.195163
0.195833
0.196503
0.197171
0.197839
0.198505
0.19834
0.198176
0.19884
0.198675
0.198511
0.198347
0.198183
0.19802
0.197857
0.197694
0.197531
0.197368
0.197206
0.197865
0.198523
0.19918
0.199836
0.200491
0.201145
0.20098
0.200816
0.200653
0.200489
0.20114
0.20179
0.202439
0.203087
0.203734
0.203569
0.203404
0.203239
0.203074
0.20291
0.202746
0.202583
0.202419
0.202256
0.202093
0.201931
0.201768
0.201606
0.201445
0.201283
0.201122
0.200961
0.2008
0.201439
0.202077
0.201915
0.201754
0.201594
0.201433
0.201273
0.201113
0.200953
0.200794
0.200634
0.200475
0.200317
0.200158
0.2
0.199842
0.199684
0.199527
0.19937
0.199213
0.199056
0.198899
0.198743
0.198587
0.198431
0.198276
0.198904
0.198748
0.198593
0.198437
0.198283
0.198128
0.197973
0.197819
0.197665
0.197512
0.197358
0.197205
0.197052
0.196899
0.196747
0.196594
0.196442
0.196291
0.196139
0.195988
0.195837
0.195686
0.195535
0.195385
0.195234
0.195084
0.194935
0.194785
0.194636
0.194487
0.194338
0.19419
0.194041
0.193893
0.193745
0.19436
0.194973
0.195586
0.196198
0.196809
0.197418
0.198027
0.198635
0.199242
0.199849
0.199697
0.199546
0.199396
0.199245
0.199095
0.198945
0.198795
0.198646
0.198496
0.198347
0.198198
0.19805
0.197901
0.197753
0.197605
0.197457
0.197309
0.197162
0.197015
0.197614
0.198212
0.198809
0.199405
0.2
0.200594
0.201188
0.201039
0.201631
0.202222
0.202813
0.203402
0.203252
0.203102
0.202952
0.202802
0.202653
0.202504
0.202355
0.202206
0.202057
0.201909
0.201761
0.202346
0.20293
0.202782
0.202634
0.202485
0.202337
0.20219
0.202042
0.201895
0.201748
0.201601
0.201455
0.201308
0.201162
0.201016
0.20087
0.200725
0.200579
0.200434
0.200289
0.200145
0.2
0.199856
0.199712
0.199568
0.199424
0.199281
0.199137
0.198994
0.198851
0.198709
0.198566
0.198424
0.198282
0.19814
0.197999
0.197857
0.197716
0.197575
0.197434
0.197293
0.197153
0.197013
0.196873
0.196733
0.196593
0.196454
0.196315
0.196176
0.196037
0.195898
0.19576
0.195621
0.195483
0.195346
0.195208
0.19507
0.194933
0.194796
0.194659
0.194522
0.194386
0.19425
0.194114
0.193978
0.193842
0.193706
0.193571
0.193436
0.193301
0.193166
0.193031
0.192897
0.192763
0.192629
0.192495
0.192361
0.192228
0.192094
0.191961
0.191828
0.191696
0.191563
0.191431
0.191298
0.191166
0.191034
0.190903
0.190771
0.19064
0.190509
0.190378
0.190247
0.190117
0.189986
0.189856
0.189726
0.189596
0.189466
0.189337
0.189208
0.189078
0.18895
0.188821
0.188692
0.188564
0.188435
0.188307
0.188179
0.188052
0.188602
0.189153
0.189024
0.188896
0.188769
0.188641
0.188514
0.188386
0.188259
0.188132
0.188005
0.187879
0.187752
0.187626
0.1875
0.187374
0.187248
0.187123
0.186997
0.186872
0.186747
0.186622
0.186497
0.186373
0.186248
0.186124
0.186
0.185876
0.185752
0.185629
0.185505
0.185382
0.185259
0.185136
0.185676
0.185553
0.18543
0.185308
0.185185
0.185063
0.184941
0.184818
0.184697
0.184575
0.184453
0.184332
0.184211
0.184089
0.183968
0.183848
0.183727
0.184262
0.184142
0.184021
0.184555
0.184434
0.184314
0.184193
0.184073
0.183953
0.183833
0.183713
0.183594
0.183474
0.183355
0.183236
0.183117
0.182998
0.182879
0.182761
0.182642
0.182524
0.182406
0.182288
0.182171
0.182053
0.181935
0.181818
0.181701
0.181584
0.181467
0.18135
0.181234
0.18176
0.182285
0.182809
0.183333
0.183857
0.184379
0.184901
0.185422
0.185942
0.185824
0.185705
0.185587
0.185468
0.185987
0.185869
0.185751
0.186268
0.186785
0.187302
0.187817
0.188332
0.188847
0.18936
0.189241
0.189121
0.189001
0.188882
0.188763
0.188644
0.189155
0.189036
0.188917
0.188798
0.188679
0.188561
0.188442
0.188952
0.18946
0.189969
0.190476
0.190983
0.191489
0.191995
0.1925
0.193004
0.193508
0.193387
0.19389
0.193769
0.193649
0.194151
0.19403
0.193909
0.193789
0.193669
0.193548
0.193428
0.193309
0.193189
0.193069
0.19295
0.192831
0.192712
0.192593
0.192474
0.192355
0.192237
0.192118
0.192
0.191882
0.191764
0.191646
0.191529
0.191411
0.191294
0.191789
0.192284
0.192778
0.193272
0.193765
0.194258
0.19475
0.195241
0.195732
0.196222
0.196102
0.195983
0.195864
0.196353
0.196233
0.196114
0.195995
0.195876
0.195758
0.195639
0.195521
0.195402
0.195284
0.195166
0.195048
0.194931
0.194813
0.194696
0.195181
0.195063
0.194946
0.194829
0.194712
0.194595
0.194478
0.194361
0.194245
0.194128
0.194012
0.193896
0.19378
0.193664
0.193548
0.193433
0.193317
0.193202
0.193087
0.192972
0.192857
0.193337
0.193817
0.194296
0.194181
0.194065
0.19395
0.193835
0.19372
0.193606
0.193491
0.193377
0.193262
0.193148
0.193034
0.19292
0.192807
0.192693
0.19258
0.192466
0.192353
0.19224
0.192127
0.192014
0.191901
0.191789
0.191676
0.19215
0.192623
0.193095
0.192982
0.19287
0.192757
0.192644
0.193116
0.193003
0.19289
0.192778
0.192666
0.192554
0.192442
0.19233
0.192218
0.192107
0.191995
0.191884
0.191773
0.191662
0.191551
0.19144
0.191329
0.191219
0.191109
0.190998
0.190888
0.190778
0.190668
0.190558
0.190449
0.190339
0.19023
0.190121
0.190011
0.189902
0.189794
0.189685
0.189576
0.189468
0.189359
0.189251
0.189143
0.189035
0.188927
0.188819
0.188712
0.188604
0.188497
0.188389
0.188282
0.188175
0.188068
0.187961
0.187855
0.187748
0.187642
0.187535
0.187429
0.187323
0.187217
0.187111
0.187006
0.1869
0.186795
0.186689
0.186584
0.186479
0.186374
0.186269
0.186164
0.18606
0.185955
0.185851
0.185746
0.185642
0.185538
0.185434
0.18533
0.185227
0.185123
0.18502
0.184916
0.184813
0.18471
0.184607
0.184504
0.184401
0.184298
0.184196
0.184093
0.183991
0.183889
0.183787
0.18424
0.184692
0.185144
0.185596
0.186047
0.186497
0.186947
0.187396
0.187845
0.188294
0.18819
0.188086
0.187982
0.187879
0.187775
0.187672
0.187569
0.187466
0.187363
0.18726
0.187157
0.187054
0.186952
0.186849
0.186747
0.187192
0.18709
0.186987
0.186885
0.186783
0.186681
0.186579
0.186478
0.186376
0.186275
0.186173
0.186072
0.185971
0.18587
0.185769
0.185668
0.185567
0.186009
0.18645
0.186891
0.187331
0.187771
0.18821
0.188649
0.189087
0.188985
0.188883
0.188781
0.188679
0.188578
0.188476
0.188375
0.188273
0.188172
0.188071
0.18797
0.187869
0.187768
0.187668
0.187567
0.187467
0.187366
0.187266
0.187166
0.187066
0.186966
0.186866
0.186766
0.186667
0.186567
0.186468
0.186368
0.186269
0.18617
0.186071
0.185972
0.185874
0.186306
0.186737
0.187169
0.187599
0.18803
0.18846
0.188889
0.189318
0.189218
0.189118
0.189018
0.188918
0.188819
0.188719
0.18862
0.18852
0.188421
0.188322
0.188223
0.188124
0.188025
0.187927
0.188353
0.188254
0.188155
0.188057
0.187958
0.18786
0.187762
0.187663
0.187565
0.187467
0.18737
0.187272
0.187174
0.187077
0.186979
0.186882
0.186785
0.186687
0.18659
0.186494
0.186397
0.1863
0.186203
0.186107
0.18601
0.185914
0.185818
0.185722
0.185626
0.18553
0.185434
0.185338
0.185243
0.185147
0.185052
0.184956
0.184861
0.184766
0.184671
0.18509
0.184995
0.1849
0.184805
0.18471
0.184615
0.184521
0.184426
0.184332
0.184237
0.184143
0.184049
0.183955
0.183861
0.183767
0.183673
0.18358
0.183486
0.183393
0.183299
0.183206
0.183113
0.18302
0.182927
0.182834
0.182741
0.182648
0.182556
0.182463
0.182371
0.182278
0.182186
0.182094
0.182002
0.18191
0.181818
0.181726
0.181635
0.181543
0.181452
0.18136
0.181269
0.181178
0.181087
0.180995
0.180905
0.180814
0.180723
0.180632
0.180542
0.180451
0.180361
0.18027
0.18018
0.18009
0.18
0.17991
0.17982
0.17973
0.179641
0.179551
0.179462
0.179372
0.179283
0.179194
0.179104
0.179015
0.178926
0.178838
0.178749
0.17866
0.178571
0.178483
0.178394
0.178306
0.178218
0.17813
0.178042
0.177954
0.177866
0.177778
0.17769
0.177602
0.177515
0.177427
0.17734
0.177253
0.177165
0.177078
0.176991
0.176904
0.176817
0.17673
0.176644
0.176557
0.176471
0.176384
0.176298
0.176211
0.176125
0.176039
0.175953
0.175867
0.175781
0.175695
0.17561
0.175524
0.175439
0.175353
0.175268
0.175182
0.175097
0.175012
0.174927
0.174842
0.174757
0.174672
0.174588
0.174503
0.174419
0.174334
0.17425
0.174165
0.174081
0.173997
0.173913
0.173829
0.173745
0.173661
0.173578
0.173494
0.173892
0.173808
0.173725
0.173641
0.173558
0.173474
0.173391
0.173308
0.173225
0.173141
0.173058
0.172976
0.172893
0.17281
0.172727
0.172645
0.172562
0.17248
0.172397
0.172315
0.172233
0.172151
0.172069
0.171987
0.171905
0.171823
0.171741
0.17166
0.171578
0.171496
0.171415
0.171334
0.171252
0.171171
0.17109
0.171009
0.170928
0.170847
0.170766
0.170686
0.170605
0.170524
0.170444
0.170363
0.170283
0.170203
0.170123
0.170042
0.169962
0.169882
0.169802
0.169723
0.169643
0.170033
0.169953
0.169873
0.169794
0.169714
0.169634
0.169555
0.169476
0.169396
0.169317
0.169238
0.169159
0.16908
0.169001
0.168922
0.168843
0.168765
0.168686
0.168607
0.168529
0.16845
0.168372
0.168294
0.168216
0.168137
0.168059
0.167981
0.167904
0.167826
0.167748
0.16767
0.167593
0.167515
0.167438
0.16736
0.167283
0.167206
0.167128
0.167051
0.166974
0.166897
0.16682
0.166743
0.166667
0.16659
0.166513
0.166437
0.16636
0.166284
0.166208
0.166131
0.166055
0.165979
0.165903
0.165827
0.165751
0.165675
0.165599
0.165524
0.165448
0.165372
0.165297
0.165221
0.165146
0.165071
0.164995
0.16492
0.164845
0.16477
0.16515
0.165075
0.165
0.164925
0.16485
0.164775
0.164701
0.164626
0.164551
0.164477
0.164402
0.164328
0.164253
0.164179
0.164105
0.164031
0.163957
0.163883
0.163809
0.163735
0.163661
0.163587
0.163514
0.16344
0.163366
0.163293
0.163219
0.163146
0.163073
0.163
0.162926
0.162853
0.16278
0.162707
0.162634
0.162562
0.162489
0.162416
0.162343
0.162271
0.162198
0.162126
0.162054
0.161981
0.161909
0.161837
0.161765
0.161693
0.161621
0.161549
0.161477
0.161405
0.161333
0.161262
0.16119
0.161119
0.161047
0.160976
0.160904
0.160833
0.160762
0.160691
0.160619
0.160548
0.160477
0.160407
0.160336
0.160265
0.160194
0.160124
0.160053
0.159982
0.159912
0.159841
0.159771
0.159701
0.159631
0.15956
0.15949
0.15942
0.15935
0.15928
0.159211
0.159141
0.159071
0.159001
0.158932
0.158862
0.158793
0.158723
0.158654
0.158585
0.158515
0.158446
0.158377
0.158308
0.158239
0.15817
0.158101
0.158032
0.157963
0.157895
0.157826
0.157757
0.157689
0.15762
0.157552
0.157484
0.157415
0.157347
0.157279
0.157211
0.157143
0.157075
0.157007
0.156939
0.156871
0.156803
0.156736
0.156668
0.156601
0.156533
0.156466
0.156398
0.156331
0.156263
0.156196
0.156129
0.156062
0.155995
0.155928
0.155861
0.155794
0.155727
0.15566
0.155594
0.155527
0.15546
0.155394
0.155327
0.155261
0.155195
0.155128
0.155062
0.154996
0.15493
0.154863
0.154797
0.154731
0.154666
0.1546
0.154534
0.154468
