1
1
1
0.75
0.8
0.833333
0.714286
0.75
0.666667
0.7
0.727273
0.75
0.769231
0.714286
0.733333
0.75
0.705882
0.666667
0.631579
0.6
0.571429
0.545455
0.521739
0.5
0.52
0.538462
0.518519
0.5
0.482759
0.466667
0.483871
0.5
0.515152
0.529412
0.542857
0.527778
0.513514
0.526316
0.512821
0.5
0.487805
0.47619
0.465116
0.454545
0.444444
0.434783
0.425532
0.416667
0.428571
0.44
0.431373
0.423077
0.433962
0.444444
0.454545
0.464286
0.473684
0.482759
0.491525
0.483333
0.47541
0.467742
0.460317
0.453125
0.446154
0.439394
0.432836
0.426471
0.42029
0.414286
0.408451
0.402778
0.39726
0.391892
0.386667
0.381579
0.376623
0.384615
0.392405
0.4
0.407407
0.414634
0.421687
0.428571
0.435294
0.44186
0.448276
0.443182
0.438202
0.433333
0.428571
0.423913
0.419355
0.414894
0.410526
0.40625
0.402062
0.397959
0.393939
0.39
0.386139
0.382353
0.38835
0.384615
0.380952
0.377358
0.373832
0.37037
0.366972
0.372727
0.378378
0.383929
0.389381
0.394737
0.4
0.405172
0.410256
0.415254
0.420168
0.425
0.429752
0.434426
0.430894
0.427419
0.424
0.420635
0.417323
0.414062
0.410853
0.407692
0.40458
0.401515
0.406015
0.410448
0.414815
0.419118
0.423358
0.42029
0.417266
0.414286
0.411348
0.408451
0.412587
0.416667
0.413793
0.410959
0.408163
0.405405
0.402685
0.4
0.397351
0.394737
0.392157
0.38961
0.387097
0.384615
0.382166
0.379747
0.377358
0.375
0.372671
0.37037
0.368098
0.365854
0.363636
0.361446
0.359281
0.357143
0.35503
0.352941
0.350877
0.348837
0.346821
0.344828
0.342857
0.340909
0.338983
0.337079
0.335196
0.333333
0.331492
0.32967
0.327869
0.326087
0.324324
0.322581
0.320856
0.319149
0.31746
0.315789
0.314136
0.3125
0.310881
0.309278
0.307692
0.306122
0.304569
0.30303
0.301508
0.3
0.298507
0.29703
0.295567
0.294118
0.292683
0.291262
0.289855
0.288462
0.287081
0.285714
0.28436
0.283019
0.28169
0.280374
0.27907
0.277778
0.276498
0.275229
0.273973
0.272727
0.271493
0.27027
0.269058
0.267857
0.266667
0.265487
0.264317
0.263158
0.262009
0.26087
0.25974
0.258621
0.257511
0.25641
0.255319
0.254237
0.253165
0.252101
0.251046
0.25
0.248963
0.247934
0.251029
0.25
0.24898
0.247967
0.246964
0.245968
0.24498
0.244
0.243028
0.242063
0.241107
0.244094
0.243137
0.242188
0.245136
0.248062
0.250965
0.253846
0.252874
0.251908
0.250951
0.25
0.249057
0.24812
0.247191
0.246269
0.245353
0.244444
0.243542
0.242647
0.241758
0.240876
0.243636
0.246377
0.249097
0.251799
0.25448
0.257143
0.259786
0.262411
0.265018
0.267606
0.270175
0.269231
0.268293
0.267361
0.266436
0.265517
0.264605
0.263699
0.266212
0.268707
0.271186
0.273649
0.276094
0.278523
0.280936
0.283333
0.285714
0.288079
0.287129
0.286184
0.285246
0.287582
0.286645
0.285714
0.28479
0.283871
0.282958
0.282051
0.28115
0.280255
0.279365
0.278481
0.277603
0.27673
0.275862
0.275
0.274143
0.273292
0.275542
0.277778
0.28
0.282209
0.284404
0.286585
0.288754
0.290909
0.293051
0.295181
0.294294
0.296407
0.295522
0.294643
0.293769
0.292899
0.292035
0.291176
0.290323
0.289474
0.28863
0.287791
0.286957
0.286127
0.285303
0.284483
0.283668
0.282857
0.282051
0.28125
0.280453
0.279661
0.278873
0.27809
0.277311
0.276536
0.275766
0.275
0.274238
0.273481
0.272727
0.271978
0.271233
0.270492
0.269755
0.269022
0.268293
0.267568
0.269542
0.268817
0.268097
0.270053
0.272
0.273936
0.275862
0.277778
0.279683
0.281579
0.283465
0.28534
0.287206
0.286458
0.285714
0.284974
0.284238
0.283505
0.282776
0.282051
0.28133
0.280612
0.279898
0.279188
0.278481
0.277778
0.277078
0.276382
0.278195
0.28
0.281796
0.283582
0.28536
0.287129
0.288889
0.29064
0.292383
0.294118
0.293399
0.292683
0.291971
0.291262
0.290557
0.289855
0.289157
0.288462
0.28777
0.287081
0.286396
0.288095
0.289786
0.2891
0.288416
0.287736
0.287059
0.288732
0.290398
0.292056
0.293706
0.295349
0.296984
0.298611
0.300231
0.299539
0.298851
0.298165
0.297483
0.299087
0.300683
0.3
0.29932
0.298643
0.297968
0.29955
0.298876
0.298206
0.297539
0.296875
0.296214
0.295556
0.2949
0.294248
0.293598
0.292952
0.292308
0.291667
0.291028
0.290393
0.28976
0.28913
0.288503
0.287879
0.287257
0.286638
0.286022
0.285408
0.284797
0.284188
0.283582
0.282979
0.282378
0.28178
0.281184
0.280591
0.28
0.279412
0.278826
0.278243
0.277662
0.277083
0.276507
0.275934
0.275362
0.274793
0.276289
0.277778
0.279261
0.280738
0.282209
0.281633
0.281059
0.280488
0.279919
0.279352
0.278788
0.278226
0.277666
0.279116
0.280561
0.282
0.281437
0.280876
0.280318
0.279762
0.279208
0.278656
0.278107
0.277559
0.277014
0.276471
0.27593
0.275391
0.274854
0.274319
0.273786
0.273256
0.272727
0.272201
0.271676
0.271154
0.270633
0.270115
0.269598
0.269084
0.268571
0.268061
0.267552
0.267045
0.266541
0.266038
0.265537
0.265038
0.26454
0.264045
0.263551
0.26306
0.26257
0.262082
0.261596
0.261111
0.260628
0.260148
0.259669
0.259191
0.258716
0.258242
0.25777
0.257299
0.256831
0.256364
0.255898
0.255435
0.254973
0.254513
0.254054
0.253597
0.253142
0.252688
0.252236
0.251786
0.253119
0.252669
0.25222
0.251773
0.251327
0.250883
0.250441
0.25
0.249561
0.250877
0.252189
0.253497
0.254799
0.256098
0.257391
0.258681
0.259965
0.261246
0.262522
0.262069
0.261618
0.261168
0.26072
0.260274
0.259829
0.259386
0.258944
0.258503
0.258065
0.257627
0.257191
0.256757
0.256324
0.255892
0.255462
0.255034
0.254606
0.254181
0.253756
0.253333
0.252912
0.252492
0.253731
0.254967
0.256198
0.257426
0.258649
0.259868
0.261084
0.262295
0.263502
0.264706
0.264274
0.263844
0.263415
0.262987
0.262561
0.262136
0.261712
0.262903
0.26409
0.265273
0.266453
0.266026
0.2656
0.265176
0.264753
0.264331
0.263911
0.263492
0.263074
0.262658
0.262243
0.26183
0.261417
0.261006
0.260597
0.260188
0.259781
0.259375
0.25897
0.258567
0.258165
0.257764
0.257364
0.256966
0.256569
0.256173
0.255778
0.255385
0.254992
0.254601
0.254211
0.253823
0.253435
0.253049
0.252664
0.25228
0.251897
0.251515
0.251135
0.252266
0.253394
0.254518
0.255639
0.256757
0.257871
0.258982
0.26009
0.261194
0.262295
0.261905
0.261516
0.262611
0.263704
0.264793
0.265879
0.266962
0.266568
0.266176
0.265786
0.266862
0.267936
0.269006
0.270073
0.271137
0.270742
0.270349
0.269956
0.269565
0.269175
0.268786
0.268398
0.268012
0.267626
0.267241
0.266858
0.266476
0.267525
0.268571
0.269615
0.270655
0.271693
0.272727
0.273759
0.274788
0.275813
0.276836
0.276446
0.277465
0.278481
0.27809
0.2777
0.277311
0.276923
0.276536
0.276151
0.275766
0.275382
0.275
0.274619
0.274238
0.273859
0.273481
0.273103
0.272727
0.272352
0.271978
0.271605
0.272603
0.273598
0.27459
0.27558
0.276567
0.277551
0.278533
0.278155
0.279133
0.278755
0.27973
0.279352
0.278976
0.2786
0.278226
0.277852
0.27748
0.277108
0.276738
0.276368
0.276
0.275632
0.275266
0.2749
0.274536
0.274172
0.27381
0.273448
0.273087
0.272727
0.272368
0.272011
0.271654
0.271298
0.270942
0.270588
0.270235
0.269883
0.269531
0.269181
0.268831
0.268482
0.268135
0.267788
0.267442
0.267097
0.266753
0.266409
0.266067
0.265725
0.265385
0.265045
0.264706
0.264368
0.264031
0.263694
0.263359
0.264295
0.265228
0.26616
0.267089
0.268015
0.268939
0.269861
0.270781
0.271698
0.272613
0.273526
0.274436
0.275344
0.27625
0.275905
0.275561
0.275218
0.274876
0.274534
0.274194
0.273854
0.273515
0.273177
0.27284
0.272503
0.272167
0.271833
0.271499
0.271166
0.270833
0.270502
0.270171
0.269841
0.269512
0.269184
0.268856
0.26853
0.268204
0.267879
0.267554
0.267231
0.266908
0.266586
0.266265
0.265945
0.265625
0.265306
0.264988
0.264671
0.264354
0.264038
0.263723
0.263409
0.263095
0.262782
0.26247
0.262159
0.261848
0.261538
0.261229
0.260921
0.260613
0.260306
0.26
0.259694
0.25939
0.259086
0.258782
0.25848
0.258178
0.257876
0.257576
0.257276
0.256977
0.256678
0.256381
0.256083
0.255787
0.255491
0.255196
0.254902
0.254608
0.254315
0.254023
0.253731
0.25344
0.25315
0.25286
0.252571
0.252283
0.251995
0.251708
0.251422
0.251136
0.250851
0.250567
0.250283
0.25
0.249718
0.249436
0.249154
0.248874
0.248594
0.248315
0.248036
0.248879
0.24972
0.250559
0.251397
0.252232
0.253066
0.253898
0.254727
0.255556
0.256382
0.256098
0.256921
0.257743
0.258564
0.259382
0.260198
0.261013
0.260726
0.26044
0.260154
0.259868
0.259584
0.2593
0.259016
0.258734
0.258451
0.25817
0.257889
0.257609
0.257329
0.25705
0.256771
0.257576
0.258378
0.259179
0.259978
0.260776
0.261572
0.26129
0.26101
0.26073
0.26045
0.260171
0.259893
0.259615
0.260406
0.261194
0.260916
0.260638
0.260361
0.260085
0.259809
0.259534
0.259259
0.258985
0.258712
0.258439
0.258166
0.257895
0.257624
0.257353
0.257083
0.256813
0.257592
0.258368
0.259143
0.259916
0.260688
0.261458
0.262227
0.262994
0.263759
0.264523
0.265285
0.266046
0.26577
0.265496
0.265222
0.264948
0.264676
0.264403
0.264132
0.26386
0.26359
0.26332
0.26305
0.262781
0.262513
0.263265
0.264016
0.264766
0.265514
0.26626
0.26599
0.26572
0.265451
0.265182
0.264914
0.264646
0.264379
0.264113
0.263847
0.263581
0.263317
0.263052
0.263791
0.264529
0.264264
0.264
0.263736
0.263473
0.26321
0.262948
0.262687
0.262425
0.262165
0.261905
0.261645
0.261386
0.261128
0.26087
0.260612
0.260355
0.260099
0.259843
0.26057
0.261297
0.262022
0.262745
0.263467
0.264188
0.264907
0.265625
0.266341
0.267057
0.266796
0.266537
0.266278
0.266019
0.265761
0.265504
0.265247
0.265957
0.266667
0.266409
0.266152
0.265896
0.26564
0.265385
0.26513
0.264875
0.26558
0.265326
0.265072
0.264818
0.264565
0.264313
0.264061
0.26381
0.263559
0.263308
0.263058
0.262808
0.262559
0.262311
0.262062
0.261815
0.261568
0.261321
0.261074
0.260829
0.260583
0.260338
0.260094
0.25985
0.259606
0.259363
0.259121
0.258879
0.258637
0.258396
0.258155
0.257914
0.257674
0.257435
0.257196
0.256957
0.256719
0.256481
0.256244
0.256007
0.255771
0.255535
0.2553
0.255064
0.25483
0.254596
0.254362
0.254128
0.253896
0.253663
0.253431
0.253199
0.252968
0.252737
0.252507
0.252277
0.252047
0.251818
0.251589
0.251361
0.251133
0.250906
0.250679
0.250452
0.250226
0.25
0.249775
0.24955
0.249325
0.249101
0.249775
0.250449
0.251121
0.251792
0.252462
0.253131
0.253798
0.254464
0.255129
0.255793
0.255565
0.255338
0.255111
0.254885
0.254658
0.254433
0.254207
0.253982
0.253758
0.253534
0.25331
0.253086
0.252863
0.252641
0.252419
0.252197
0.251975
0.251754
0.251534
0.251313
0.251094
0.250874
0.250655
0.250436
0.250218
0.25
0.249782
0.249565
0.249348
0.249132
0.248916
0.2487
0.248485
0.24827
0.248055
0.247841
0.247627
0.247414
0.247201
0.246988
0.246776
0.246564
0.246352
0.246141
0.24593
0.246575
0.246364
0.246154
0.246798
0.24744
0.248082
0.248722
0.249362
0.25
0.250637
0.251273
0.251908
0.252542
0.252329
0.252115
0.251902
0.251689
0.251477
0.251265
0.251053
0.250842
0.250631
0.25042
0.25021
0.25
0.24979
0.249581
0.249372
0.25
0.250627
0.251252
0.251877
0.2525
0.25229
0.25208
0.25187
0.251661
0.251452
0.251244
0.251036
0.250828
0.25062
0.250413
0.250206
0.25
0.249794
0.249588
0.249383
0.249178
0.248973
0.248768
0.248564
0.248361
0.248157
0.247954
0.247751
0.247549
0.248163
0.248777
0.249389
0.25
0.25061
0.25122
0.251828
0.252435
0.253041
0.253647
0.253441
0.253236
0.253032
0.252827
0.252623
0.252419
0.252216
0.252013
0.25181
0.251608
0.251406
0.251204
0.251002
0.250801
0.2506
0.2504
0.2502
0.25
0.2498
0.249601
0.249402
0.249204
0.249006
0.248808
0.24861
0.248413
0.248216
0.248019
0.247823
0.247627
0.247431
0.248025
0.248619
0.249211
0.249015
0.248819
0.248623
0.248428
0.248233
0.248038
0.247843
0.247649
0.247455
0.247261
0.24785
0.247656
0.247463
0.24805
0.248636
0.249221
0.249805
0.250389
0.250194
0.25
0.249806
0.249612
0.249419
0.249226
0.249033
0.248841
0.248649
0.248457
0.248265
0.248074
0.247883
0.247692
0.247502
0.247312
0.247122
0.246933
0.246743
0.246554
0.246366
0.246177
0.245989
0.245802
0.245614
0.245427
0.24524
0.245053
0.244867
0.244681
0.244495
0.24431
0.244124
0.243939
0.243755
0.24357
0.243386
0.243202
0.243019
0.242836
0.242653
0.24247
0.242287
0.242105
0.241923
0.241742
0.24156
0.241379
0.241199
0.241018
0.240838
0.240658
0.240478
0.240299
0.240119
0.23994
0.239762
0.239583
0.239405
0.239227
0.23905
0.238872
0.238695
0.238519
0.238342
0.238166
0.23799
0.237814
0.237638
0.237463
0.237288
0.237113
0.236939
0.236765
0.236591
0.236417
0.236244
0.23607
0.235897
0.235725
0.235552
0.23538
0.235208
0.235036
0.234865
0.234694
0.234523
0.234352
0.234182
0.234012
0.233842
0.233672
0.233503
0.233333
0.233164
0.232996
0.232827
0.232659
0.232491
0.232323
0.232156
0.231988
0.231821
0.231655
0.232207
0.232759
0.233309
0.233859
0.234409
0.234957
0.235505
0.236052
0.235883
0.235714
0.235546
0.235378
0.23521
0.235043
0.234875
0.234708
0.234542
0.234375
0.234209
0.234043
0.233877
0.233711
0.233546
0.23338
0.233922
0.234463
0.235004
0.235543
0.236082
0.23662
0.237157
0.237693
0.238229
0.238764
0.238596
0.238429
0.238262
0.238095
0.237929
0.237762
0.237596
0.238128
0.23866
0.238494
0.238328
0.238162
0.237996
0.23783
0.237665
0.2375
0.237335
0.237864
0.237699
0.237535
0.23737
0.237206
0.237733
0.23826
0.238785
0.23931
0.239835
0.240358
0.240193
0.240028
0.239863
0.239698
0.239533
0.239369
0.239205
0.239041
0.238877
0.238714
0.238551
0.238388
0.238225
0.238063
0.2379
0.237738
0.237577
0.237415
0.237254
0.237092
0.236931
0.236771
0.23661
0.23645
0.236967
0.237483
0.237999
0.238514
0.239028
0.239541
0.240054
0.240566
0.241077
0.241588
0.241426
0.241263
0.241101
0.24094
0.240778
0.240617
0.240455
0.240295
0.240134
0.239973
0.239813
0.24032
0.24016
0.24
0.23984
0.23968
0.239521
0.239362
0.239203
0.239044
0.238885
0.238727
0.238569
0.238411
0.238915
0.239418
0.239921
0.240423
0.240924
0.241425
0.241925
0.242424
0.242923
0.243421
0.243261
0.243101
0.242942
0.242782
0.242623
0.242464
0.242305
0.242147
0.241988
0.242484
0.242978
0.24282
0.242661
0.242503
0.242345
0.242188
0.24203
0.241873
0.241715
0.241558
0.241402
0.241245
0.241089
0.240933
0.240777
0.240621
0.240465
0.24031
0.240155
0.24
0.239845
0.239691
0.239536
0.239382
0.239228
0.239075
0.238921
0.238768
0.238614
0.238462
0.238309
0.238156
0.238004
0.237852
0.2377
0.237548
0.237396
0.237245
0.237094
0.236943
0.236792
0.236641
0.236491
0.236341
0.23619
0.236041
0.235891
0.235741
0.235592
0.235443
0.235294
0.235145
0.234997
0.234848
0.2347
0.234552
0.234405
0.234257
0.23411
0.234591
0.234444
0.234296
0.234149
0.234003
0.233856
0.233709
0.233563
0.233417
0.233271
0.233125
0.232979
0.232834
0.232689
0.232544
0.232399
0.232254
0.23211
0.231965
0.231821
0.231677
0.231533
0.23139
0.231246
0.231103
0.23096
0.230817
0.230674
0.230532
0.230389
0.230247
0.230105
0.229963
0.229821
0.22968
0.229538
0.229397
0.229256
0.229115
0.228975
0.228834
0.228694
0.228554
0.228414
0.228274
0.228135
0.227995
0.227856
0.227717
0.227578
0.227439
0.22791
0.227771
0.227632
0.227494
0.227356
0.227217
0.22708
0.226942
0.226804
0.226667
0.226529
0.226392
0.226255
0.226119
0.225982
0.225845
0.225709
0.225573
0.225437
0.225301
0.225166
0.22503
0.224895
0.22476
0.224625
0.22449
0.224355
0.224221
0.224086
0.223952
0.223818
0.223684
0.223551
0.223417
0.223284
0.22315
0.223017
0.222884
0.222752
0.222619
0.222487
0.222354
0.222222
0.22209
0.221958
0.221827
0.221695
0.221564
0.221433
0.221302
0.221171
0.22104
0.22091
0.220779
0.220649
0.220519
0.220389
0.220259
0.220129
0.22
0.219871
0.219741
0.219612
0.219484
0.219355
0.219226
0.219098
0.21897
0.218841
0.218713
0.218586
0.218458
0.21833
0.218203
0.218076
0.217949
0.217822
0.217695
0.217568
0.217442
0.217316
0.217189
0.217063
0.216937
0.216812
0.216686
0.216561
0.216435
0.21631
0.216185
0.21606
0.216513
0.216965
0.217416
0.217867
0.218318
0.218768
0.219217
0.219666
0.220115
0.219989
0.220436
0.220884
0.220757
0.22063
0.220504
0.220378
0.220252
0.220126
0.22
0.219874
0.219749
0.219624
0.219498
0.219373
0.219248
0.219124
0.218999
0.219443
0.219318
0.219761
0.219637
0.219512
0.219388
0.219263
0.219139
0.219015
0.218891
0.218768
0.218644
0.218521
0.218962
0.219402
0.219842
0.220282
0.220158
0.220034
0.21991
0.219786
0.219663
0.21954
0.219416
0.219293
0.21917
0.219048
0.218925
0.218802
0.21868
0.218558
0.218436
0.218314
0.218192
0.21807
0.217949
0.217827
0.217706
0.217585
0.217464
0.217343
0.217222
0.217102
0.216981
0.216861
0.216741
0.217175
0.217608
0.218041
0.218473
0.218905
0.218785
0.218664
0.218543
0.218423
0.218853
0.219284
0.219714
0.220143
0.220572
0.221001
0.221429
0.221856
0.222283
0.22271
0.222588
0.222466
0.222344
0.22277
0.222648
0.222526
0.222404
0.222283
0.222162
0.22204
0.221919
0.221798
0.221678
0.221557
0.221436
0.221316
0.221196
0.221076
0.220955
0.220836
0.220716
0.220596
0.220477
0.220357
0.220238
0.220119
0.22
0.219881
0.219762
0.219644
0.219525
0.219407
0.219828
0.219709
0.219591
0.219473
0.219355
0.219237
0.219119
0.219002
0.218884
0.218767
0.21865
0.218532
0.218415
0.218299
0.218182
0.218065
0.217949
0.217832
0.217716
0.2176
0.217484
0.217901
0.218317
0.218733
0.219149
0.219564
0.219447
0.219331
0.219214
0.219098
0.219512
0.219926
0.220339
0.220752
0.221164
0.221047
0.22093
0.220814
0.220697
0.22058
0.220464
0.220348
0.220232
0.220116
0.22
0.219884
0.219769
0.220179
0.220063
0.219948
0.219832
0.219717
0.219602
0.219487
0.219372
0.219257
0.219142
0.219028
0.218913
0.218799
0.218685
0.218571
0.218457
0.218343
0.21875
0.219157
0.219043
0.218929
0.218815
0.218701
0.218588
0.218474
0.218361
0.218248
0.218135
0.218022
0.217909
0.217796
0.217684
0.217571
0.217975
0.218379
0.218782
0.219185
0.219588
0.21999
0.220391
0.220793
0.220679
0.220566
0.220452
0.220339
0.220226
0.220113
0.22
0.219887
0.220287
0.220174
0.220061
0.219949
0.219836
0.219724
0.219612
0.2195
0.219388
0.219276
0.219164
0.219052
0.218941
0.21883
0.218718
0.218607
0.218496
0.218385
0.218274
0.218163
0.218053
0.217942
0.217832
0.218228
0.218117
0.218007
0.217897
0.217787
0.217677
0.217567
0.217457
0.217347
0.217238
0.217128
0.217019
0.21691
0.216801
0.216692
0.216583
0.216474
0.216365
0.216257
0.216148
0.21604
0.215932
0.215824
0.215716
0.215608
0.2155
0.215392
0.215285
0.215177
0.21507
0.214963
0.214855
0.214748
0.214641
0.214535
0.214925
0.215316
0.215706
0.215599
0.215492
0.215385
0.215278
0.215171
0.215064
0.214958
0.214851
0.214745
0.214639
0.215027
0.214921
0.214815
0.215202
0.21559
0.215976
0.21587
0.215764
0.215657
0.215551
0.215445
0.215339
0.215233
0.215619
0.216004
0.216389
0.216773
0.216667
0.216561
0.216454
0.216838
0.216732
0.216626
0.21652
0.216414
0.216309
0.216691
0.216585
0.21648
0.216374
0.216269
0.216164
0.216058
0.215953
0.215848
0.215743
0.215639
0.215534
0.215429
0.215325
0.215221
0.215116
0.215496
0.215876
0.216255
0.216634
0.217013
0.217391
0.217769
0.217664
0.217559
0.217454
0.217349
0.217245
0.21714
0.217036
0.216931
0.216827
0.216723
0.216619
0.216515
0.216891
0.216787
0.216683
0.216579
0.216475
0.216371
0.216268
0.216165
0.216061
0.215958
0.215855
0.215752
0.215649
0.215546
0.215443
0.215341
0.215238
0.215136
0.215033
0.214931
0.214829
0.214727
0.214625
0.214523
0.214421
0.21432
0.214218
0.214117
0.214015
0.213914
0.213813
0.213712
0.213611
0.21351
0.213409
0.213308
0.213208
0.213107
0.213007
0.212906
0.212806
0.213176
0.213547
0.213916
0.214286
0.214655
0.215023
0.215392
0.215291
0.21519
0.215089
0.214988
0.214888
0.214787
0.214687
0.214586
0.214486
0.214386
0.214286
0.214186
0.214086
0.213986
0.213886
0.213787
0.213687
0.213588
0.213488
0.213389
0.21329
0.213191
0.213092
0.212993
0.212894
0.212796
0.212697
0.212598
0.2125
0.212402
0.212303
0.212205
0.212107
0.212009
0.211911
0.211814
0.211716
0.212079
0.212442
0.212805
0.213168
0.21353
0.213431
0.213333
0.213235
0.213137
0.213039
0.212942
0.212844
0.212746
0.212649
0.21301
0.21337
0.21373
0.21409
0.214449
0.214808
0.215167
0.215525
0.215883
0.216241
0.216142
0.216044
0.215945
0.215847
0.215749
0.215651
0.215553
0.215455
0.215357
0.215259
0.215161
0.215064
0.214966
0.214869
0.214771
0.214674
0.214577
0.21448
0.214383
0.214286
0.214189
0.214092
0.213995
0.213899
0.213802
0.213706
0.21361
0.213964
0.213868
0.213771
0.213675
0.213579
0.213483
0.213387
0.213291
0.213196
0.2131
0.213004
0.212909
0.212814
0.212718
0.212623
0.212528
0.212433
0.212338
0.212243
0.212148
0.212054
0.211959
0.211864
0.21177
0.211676
0.211581
0.211487
0.211393
0.211299
0.211205
0.211111
0.211017
0.210924
0.21083
0.210736
0.210643
0.21055
0.210456
0.210363
0.21027
0.210177
0.210084
0.209991
0.209898
0.209806
0.209713
0.20962
0.209969
0.210317
0.210665
0.211013
0.211361
0.211708
0.212055
0.212401
0.212747
0.213093
0.213
0.212906
0.212813
0.212719
0.212626
0.212533
0.21244
0.212347
0.212691
0.212598
0.212505
0.212413
0.21232
0.212227
0.212134
0.212042
0.212386
0.212729
0.212636
0.212544
0.212451
0.212359
0.212266
0.212174
0.212082
0.21199
0.211898
0.211806
0.211714
0.211622
0.21153
0.211438
0.211347
0.211255
0.211164
0.211073
0.210981
0.21089
0.210799
0.210708
0.210617
0.210526
0.210436
0.210345
0.210254
0.210164
0.210073
0.209983
0.209892
0.209802
0.209712
0.209622
0.209532
0.209442
0.209352
0.209262
0.209173
0.209083
0.208994
0.208904
0.208815
0.208725
0.208636
0.208547
0.208458
0.208369
0.20828
0.208191
0.208102
0.208014
0.208351
0.208262
0.208174
0.208085
0.207997
0.207908
0.20782
0.207732
0.207643
0.207555
0.207467
0.207803
0.207715
0.207627
0.207539
0.207451
0.207364
0.207276
0.207188
0.207101
0.207013
0.206926
0.206838
0.206751
0.206664
0.206577
0.20649
0.206403
0.206316
0.206229
0.206142
0.206056
0.205969
0.205882
0.205796
0.206129
0.206043
0.205956
0.20587
0.205784
0.205698
0.205611
0.205525
0.205439
0.205353
0.205268
0.205182
0.205096
0.20501
0.204925
0.204839
0.204754
0.204669
0.204583
0.204498
0.204413
0.204328
0.204243
0.204158
0.204073
0.203988
0.203904
0.203819
0.203734
0.20365
0.203566
0.203481
0.203397
0.203313
0.203228
0.203144
0.20306
0.202976
0.202893
0.202809
0.202725
0.202641
0.202558
0.202474
0.202391
0.202307
0.202224
0.202141
0.202058
0.201974
0.201891
0.201808
0.201726
0.201643
0.20156
0.201477
0.201395
0.201312
0.20123
0.201147
0.201065
0.200982
0.2009
0.200818
0.200736
0.200654
0.200572
0.20049
0.200408
0.200326
0.200245
0.200163
0.200081
0.2
0.199919
0.199837
0.200163
0.200081
0.2
0.199919
0.199838
0.199756
0.199675
0.199594
0.199513
0.199433
0.199352
