1
1
1
1
1
1
1
0.875
0.888889
0.9
0.818182
0.833333
0.846154
0.857143
0.866667
0.875
0.823529
0.833333
0.789474
0.8
0.761905
0.727273
0.73913
0.75
0.72
0.692308
0.666667
0.642857
0.62069
0.6
0.580645
0.5625
0.545455
0.529412
0.514286
0.5
0.486486
0.473684
0.487179
0.5
0.487805
0.47619
0.465116
0.454545
0.444444
0.434783
0.425532
0.416667
0.408163
0.4
0.392157
0.384615
0.377358
0.37037
0.363636
0.357143
0.350877
0.344828
0.338983
0.333333
0.327869
0.322581
0.31746
0.3125
0.307692
0.30303
0.298507
0.294118
0.289855
0.285714
0.28169
0.277778
0.273973
0.27027
0.266667
0.263158
0.25974
0.25641
0.253165
0.25
0.246914
0.243902
0.253012
0.261905
0.270588
0.27907
0.287356
0.295455
0.303371
0.311111
0.307692
0.304348
0.301075
0.297872
0.294737
0.291667
0.28866
0.285714
0.282828
0.28
0.277228
0.27451
0.271845
0.269231
0.266667
0.264151
0.261682
0.259259
0.256881
0.254545
0.252252
0.25
0.256637
0.254386
0.252174
0.25
0.247863
0.245763
0.243697
0.25
0.247934
0.245902
0.252033
0.258065
0.264
0.269841
0.275591
0.28125
0.286822
0.292308
0.290076
0.287879
0.285714
0.283582
0.281481
0.279412
0.277372
0.275362
0.273381
0.271429
0.269504
0.267606
0.265734
0.263889
0.262069
0.260274
0.258503
0.256757
0.255034
0.253333
0.251656
0.25
0.248366
0.246753
0.245161
0.24359
0.242038
0.240506
0.238994
0.2375
0.242236
0.246914
0.251534
0.25
0.248485
0.246988
0.245509
0.244048
0.242604
0.241176
0.239766
0.238372
0.236994
0.235632
0.234286
0.232955
0.231638
0.230337
0.22905
0.227778
0.226519
0.230769
0.229508
0.228261
0.227027
0.225806
0.224599
0.223404
0.222222
0.221053
0.219895
0.21875
0.217617
0.216495
0.215385
0.214286
0.213198
0.212121
0.211055
0.21
0.208955
0.207921
0.206897
0.205882
0.204878
0.203883
0.202899
0.201923
0.200957
0.2
0.199052
0.198113
0.197183
0.196262
0.195349
0.194444
0.193548
0.192661
0.191781
0.190909
0.190045
0.189189
0.188341
0.1875
0.186667
0.185841
0.185022
0.184211
0.183406
0.182609
0.181818
0.181034
0.180258
0.179487
0.178723
0.177966
0.177215
0.176471
0.175732
0.175
0.174274
0.173554
0.17284
0.172131
0.171429
0.170732
0.174089
0.177419
0.180723
0.184
0.183267
0.18254
0.181818
0.181102
0.180392
0.179688
0.178988
0.178295
0.177606
0.176923
0.176245
0.175573
0.174905
0.174242
0.173585
0.172932
0.172285
0.171642
0.171004
0.17037
0.169742
0.169118
0.168498
0.167883
0.167273
0.166667
0.166065
0.165468
0.164875
0.164286
0.163701
0.163121
0.162544
0.161972
0.164912
0.167832
0.170732
0.173611
0.176471
0.17931
0.182131
0.184932
0.187713
0.190476
0.189831
0.189189
0.188552
0.191275
0.19398
0.196667
0.199336
0.201987
0.20462
0.207237
0.209836
0.212418
0.214984
0.214286
0.213592
0.212903
0.212219
0.211538
0.210863
0.210191
0.209524
0.208861
0.211356
0.213836
0.216301
0.21875
0.221184
0.223602
0.226006
0.228395
0.230769
0.233129
0.232416
0.234756
0.237082
0.239394
0.241692
0.243976
0.243243
0.242515
0.241791
0.241071
0.240356
0.239645
0.241888
0.244118
0.246334
0.248538
0.250729
0.252907
0.255072
0.257225
0.259366
0.261494
0.260745
0.26
0.259259
0.258523
0.25779
0.257062
0.256338
0.255618
0.254902
0.25419
0.253482
0.252778
0.252078
0.251381
0.250689
0.252747
0.254795
0.256831
0.256131
0.255435
0.254743
0.254054
0.256065
0.255376
0.254692
0.256684
0.258667
0.257979
0.257294
0.256614
0.255937
0.255263
0.254593
0.256545
0.258486
0.260417
0.25974
0.259067
0.258398
0.257732
0.257069
0.25641
0.255754
0.255102
0.254453
0.253807
0.253165
0.252525
0.251889
0.251256
0.250627
0.25
0.249377
0.248756
0.248139
0.247525
0.246914
0.246305
0.2457
0.245098
0.244499
0.243902
0.243309
0.242718
0.242131
0.241546
0.240964
0.240385
0.242206
0.244019
0.243437
0.242857
0.24228
0.241706
0.241135
0.240566
0.24
0.239437
0.238876
0.238318
0.237762
0.237209
0.236659
0.236111
0.235566
0.235023
0.234483
0.233945
0.23341
0.232877
0.232346
0.231818
0.231293
0.230769
0.230248
0.22973
0.229213
0.2287
0.228188
0.227679
0.227171
0.226667
0.226164
0.225664
0.225166
0.22467
0.224176
0.223684
0.223195
0.222707
0.222222
0.221739
0.221258
0.220779
0.222462
0.221983
0.221505
0.223176
0.224839
0.224359
0.223881
0.223404
0.22293
0.224576
0.224101
0.223629
0.223158
0.222689
0.222222
0.221757
0.223382
0.225
0.226611
0.228216
0.229814
0.231405
0.23299
0.234568
0.234086
0.233607
0.233129
0.232653
0.232179
0.231707
0.231237
0.230769
0.230303
0.229839
0.229376
0.228916
0.228457
0.228
0.227545
0.227092
0.22664
0.22619
0.225743
0.225296
0.224852
0.224409
0.223969
0.223529
0.223092
0.222656
0.222222
0.22179
0.221359
0.22093
0.220503
0.220077
0.219653
0.219231
0.21881
0.218391
0.217973
0.217557
0.217143
0.21673
0.216319
0.215909
0.215501
0.215094
0.214689
0.214286
0.213884
0.213483
0.213084
0.212687
0.214153
0.215613
0.217069
0.218519
0.219963
0.221402
0.222836
0.224265
0.225688
0.227106
0.226691
0.226277
0.225865
0.225455
0.225045
0.224638
0.224231
0.223827
0.223423
0.223022
0.222621
0.222222
0.221825
0.221429
0.221034
0.220641
0.220249
0.219858
0.219469
0.219081
0.218695
0.21831
0.217926
0.217544
0.217163
0.216783
0.216405
0.216028
0.215652
0.215278
0.214905
0.214533
0.214162
0.213793
0.213425
0.213058
0.212693
0.214041
0.215385
0.216724
0.216354
0.215986
0.217317
0.218644
0.219966
0.221284
0.222597
0.223906
0.22521
0.22651
0.227806
0.229097
0.228715
0.23
0.229617
0.230897
0.232172
0.233444
0.234711
0.235974
0.237232
0.238487
0.238095
0.237705
0.237316
0.236928
0.236542
0.236156
0.235772
0.23539
0.235008
0.234628
0.234249
0.233871
0.233494
0.233119
0.232745
0.232372
0.232
0.231629
0.23126
0.230892
0.230525
0.230159
0.229794
0.22943
0.229068
0.228707
0.228346
0.227987
0.22763
0.227273
0.226917
0.226562
0.226209
0.225857
0.225505
0.225155
0.224806
0.224458
0.224111
0.223765
0.223421
0.223077
0.222734
0.222393
0.222052
0.221713
0.221374
0.221037
0.2207
0.220365
0.22003
0.219697
0.219365
0.219033
0.218703
0.218373
0.218045
0.217718
0.217391
0.217066
0.216741
0.21791
0.217586
0.217262
0.216939
0.216617
0.216296
0.215976
0.215657
0.215339
0.215022
0.214706
0.214391
0.214076
0.213763
0.21345
0.213139
0.212828
0.212518
0.212209
0.211901
0.211594
0.211288
0.210983
0.210678
0.210375
0.210072
0.20977
0.209469
0.209169
0.20887
0.208571
0.208274
0.207977
0.209104
0.210227
0.209929
0.209632
0.209335
0.20904
0.210155
0.211268
0.212377
0.213483
0.214586
0.215686
0.216783
0.217877
0.218968
0.220056
0.21975
0.219444
0.21914
0.220222
0.2213
0.222376
0.223448
0.224518
0.225585
0.226648
0.227709
0.228767
0.228454
0.228142
0.227831
0.22752
0.227211
0.226902
0.226594
0.226287
0.225981
0.225676
0.225371
0.225067
0.224764
0.224462
0.224161
0.223861
0.2249
0.224599
0.224299
0.224
0.223702
0.223404
0.223108
0.222812
0.222517
0.222222
0.221929
0.221636
0.221344
0.221053
0.220762
0.220472
0.220183
0.219895
0.219608
0.219321
0.219035
0.21875
0.218466
0.219481
0.219196
0.218912
0.218629
0.218346
0.218065
0.217784
0.217503
0.217224
0.216945
0.216667
0.216389
0.216113
0.215837
0.215561
0.215287
0.215013
0.21474
0.214467
0.215463
0.21519
0.214918
0.214646
0.214376
0.214106
0.213836
0.213568
0.2133
0.213033
0.212766
0.2125
0.212235
0.21197
0.211706
0.211443
0.21118
0.210918
0.210657
0.210396
0.210136
0.209877
0.209618
0.20936
0.209102
0.208845
0.208589
0.208333
0.208078
0.207824
0.20757
0.207317
0.207065
0.206813
0.206561
0.206311
0.206061
0.205811
0.205562
0.205314
0.205066
0.204819
0.204573
0.204327
0.204082
0.203837
0.203593
0.203349
0.203106
0.202864
0.202622
0.202381
0.20214
0.2019
0.201661
0.201422
0.201183
0.200946
0.200708
0.200472
0.200236
0.2
0.199765
0.199531
0.199297
0.200234
0.20117
0.202103
0.203034
0.203963
0.204889
0.204651
0.204413
0.204176
0.20394
0.203704
0.203468
0.203233
0.202999
0.202765
0.202532
0.202299
0.202067
0.202982
0.202749
0.202517
0.202286
0.202055
0.201824
0.201595
0.201365
0.201136
0.200908
0.20068
0.200453
0.200226
0.2
0.199774
0.199549
0.199324
0.1991
0.198876
0.198653
0.19843
0.198208
0.197987
0.197765
0.197545
0.197324
0.197105
0.196885
0.196667
0.196448
0.196231
0.196013
0.195796
0.19558
0.195364
0.195149
0.194934
0.194719
0.194505
0.194292
0.194079
0.193866
0.193654
0.193443
0.193231
0.193021
0.19281
0.192601
0.192391
0.192182
0.191974
0.191766
0.191558
0.191351
0.191145
0.190939
0.190733
0.190527
0.190323
0.190118
0.189914
0.190782
0.190578
0.190374
0.190171
0.189968
0.189765
0.189563
0.189362
0.18916
0.190021
0.19088
0.191737
0.192593
0.193446
0.194298
0.195148
0.195996
0.196842
0.197687
0.197479
0.197272
0.197065
0.196859
0.196653
0.196447
0.196242
0.196038
0.195833
0.19563
0.195426
0.195223
0.195021
0.194819
0.194617
0.194416
0.194215
0.194014
0.193814
0.194645
0.195473
0.1963
0.197125
0.197949
0.19877
0.199591
0.200409
0.201226
0.202041
0.201835
0.201629
0.201424
0.202236
0.203046
0.203854
0.204661
0.205466
0.206269
0.206061
0.205853
0.205645
0.205438
0.205231
0.205025
0.204819
0.204614
0.204409
0.204204
0.204
0.203796
0.204591
0.205384
0.206175
0.206965
0.207753
0.20854
0.209325
0.210109
0.210891
0.211672
0.211462
0.211254
0.211045
0.210837
0.21063
0.210423
0.210216
0.21001
0.209804
0.209598
0.209393
0.209189
0.208984
0.20878
0.208577
0.208374
0.208171
0.207969
0.207767
0.207565
0.207364
0.207164
0.206963
0.206763
0.206564
0.206365
0.206166
0.20693
0.207692
0.208453
0.209213
0.209971
0.210728
0.211483
0.212237
0.212034
0.211832
0.21163
0.211429
0.211227
0.211027
0.210826
0.210626
0.210427
0.210227
0.210974
0.21172
0.21152
0.211321
0.211122
0.210923
0.210724
0.210526
0.210329
0.210131
0.209934
0.209738
0.209542
0.209346
0.20915
0.208955
0.20876
0.208566
0.208372
0.208178
0.207985
0.207792
0.2076
0.207407
0.207216
0.207024
0.206833
0.206642
0.206452
0.206262
0.206072
0.205882
0.205693
0.205505
0.205316
0.205128
0.204941
0.204753
0.204566
0.20438
0.205105
0.205829
0.206551
0.207273
0.207993
0.208711
0.209429
0.210145
0.21086
0.211573
0.211382
0.211191
0.211001
0.210811
0.210621
0.210432
0.210243
0.210054
0.209865
0.209677
0.20949
0.209302
0.209115
0.208929
0.208742
0.208556
0.20837
0.208185
0.208
0.207815
0.207631
0.207447
0.207263
0.20708
0.206897
0.206714
0.206531
0.206349
0.206167
0.205986
0.205805
0.205624
0.205443
0.205263
0.205083
0.204904
0.204724
0.204545
0.204367
0.204188
0.20401
0.203833
0.203655
0.203478
0.203301
0.203125
0.202949
0.202773
0.202597
0.202422
0.202247
0.202073
0.201898
0.201724
0.20155
0.201377
0.201204
0.201031
0.200858
0.200686
0.200514
0.200342
0.200171
0.2
0.199829
0.199659
0.199488
0.199319
0.199149
0.19898
0.198811
0.198642
0.198473
0.198305
0.198137
0.19797
0.197802
0.197635
0.197468
0.197302
0.197136
0.19697
0.196804
0.196639
0.196474
0.196309
0.196144
0.196817
0.19749
0.198161
0.19883
0.199499
0.200167
0.200833
0.201499
0.202163
0.202826
0.202658
0.20249
0.202322
0.202154
0.201987
0.20182
0.201653
0.201486
0.20132
0.201154
0.200988
0.200823
0.200658
0.200493
0.200328
0.200164
0.2
0.199836
0.199673
0.199509
0.199346
0.199184
0.199021
0.198859
0.198697
0.198535
0.198374
0.199025
0.199675
0.200324
0.200972
0.201619
0.202265
0.20291
0.202746
0.202583
0.202419
0.202256
0.202093
0.201931
0.201768
0.201606
0.201445
0.201283
0.201122
0.200961
0.2008
0.200639
0.200479
0.200319
0.200957
0.201594
0.202229
0.202864
0.203498
0.20413
0.204762
0.205393
0.206022
0.205859
0.205696
0.205534
0.205371
0.205209
0.205047
0.204886
0.204724
0.20535
0.205975
0.206599
0.207221
0.207843
0.208464
0.208301
0.208138
0.207975
0.207813
0.20765
0.207488
0.207327
0.207165
0.207004
0.206843
0.206682
0.206522
0.206362
0.206202
0.206042
0.205882
0.205723
0.205564
0.205405
0.205247
0.205089
0.204931
0.205543
0.206154
0.205995
0.205837
0.205679
0.205521
0.205364
0.205207
0.20505
0.204893
0.204736
0.20458
0.204424
0.204268
0.204113
0.203957
0.203802
0.203647
0.203493
0.203338
0.203184
0.20303
0.202877
0.202723
0.20257
0.202417
0.202264
0.202112
0.201959
0.201807
0.201655
0.201504
0.201352
0.201201
0.20105
0.2009
0.200749
0.200599
0.200449
0.200299
0.200149
0.2
0.199851
0.199702
0.199553
0.199405
0.199257
0.199108
0.198961
0.198813
0.198666
0.198519
0.198372
0.198225
0.198078
0.197932
0.197786
0.19764
0.197494
0.197349
0.197204
0.197059
0.196914
0.196769
0.197359
0.197947
0.197802
0.197657
0.197513
0.197368
0.197224
0.19708
0.196937
0.196793
0.19665
0.196507
0.196364
0.196221
0.196078
0.195936
0.195794
0.195652
0.19551
0.195369
0.195228
0.195087
0.194946
0.194805
0.194665
0.194524
0.194384
0.194245
0.194105
0.193966
0.193826
0.193687
0.193548
0.19341
0.193271
0.193133
0.192995
0.192857
0.192719
0.192582
0.192445
0.192308
0.192171
0.192034
0.191898
0.191761
0.191625
0.191489
0.191354
0.191218
0.191083
0.190948
0.190813
0.190678
0.190543
0.190409
0.190275
0.190141
0.190007
0.189873
0.18974
0.189607
0.189474
0.189341
0.189208
0.189076
0.188943
0.188811
0.188679
0.188547
0.188416
0.188285
0.188153
0.188022
0.187891
0.187761
0.18763
0.1875
0.18737
0.18724
0.18711
0.186981
0.187543
0.188105
0.188666
0.189227
0.189786
0.190345
0.190903
0.19146
0.192017
0.192572
0.19244
0.192308
0.192176
0.192044
0.191912
0.191781
0.19165
0.191518
0.191388
0.191257
0.191126
0.190996
0.190866
0.190736
0.190606
0.190476
0.190347
0.190217
0.190088
0.189959
0.189831
0.189702
0.189573
0.189445
0.189317
0.189189
0.189061
0.188934
0.188806
0.188679
0.188552
0.188425
0.188299
0.188172
0.188046
0.187919
0.187793
0.187668
0.187542
0.187416
0.187291
0.187166
0.187041
0.186916
0.186791
0.186667
0.186542
0.187084
0.187625
0.1875
0.187375
0.187251
0.187127
0.187003
0.186879
0.186755
0.186631
0.186508
0.186385
0.186262
0.186139
0.186016
0.185893
0.18643
0.186307
0.186184
0.186062
0.18594
0.185817
0.185696
0.185574
0.185452
0.185331
0.185209
0.185088
0.184967
0.184847
0.184726
0.184605
0.184485
0.184365
0.184245
0.184125
0.184005
0.183886
0.183766
0.183647
0.183528
0.183409
0.18329
0.183172
0.183053
0.182935
0.182817
0.182699
0.182581
0.182463
0.182345
0.182228
0.182111
0.181994
0.181877
0.18176
0.181643
0.181527
0.18141
0.181294
0.181178
0.181702
0.182225
0.182109
0.181992
0.181876
0.18176
0.181644
0.181529
0.181413
0.181298
0.181182
0.181067
0.180952
0.180838
0.180723
0.180608
0.180494
0.18038
0.180266
0.180152
0.180038
0.179924
0.179811
0.179697
0.179584
0.179471
0.179358
0.179245
0.179133
0.17902
0.178908
0.178795
0.178683
0.178571
0.17846
0.178348
0.178236
0.178125
0.178014
0.177903
0.177792
0.177681
0.17757
0.17746
0.177349
0.177239
0.177129
0.177019
0.176909
0.176799
0.176689
0.17658
0.176471
0.176361
0.176252
0.176143
0.176035
0.175926
0.175817
0.175709
0.175601
0.175493
0.175385
0.175277
0.175169
0.175061
0.174954
0.174847
0.174739
0.174632
0.174525
0.174419
0.174312
0.174205
0.174099
0.173993
0.174497
0.175
0.175503
0.176005
0.176506
0.177007
0.177508
0.178007
0.178506
0.178398
0.17829
0.178182
0.178074
0.177966
0.177858
0.177751
0.177644
0.177536
0.177429
0.177322
0.177215
0.177108
0.177002
0.176895
0.176789
0.176683
0.176577
0.176471
0.176365
0.176259
0.176153
0.176048
0.175943
0.175837
0.175732
0.175627
0.175522
0.175418
0.175313
0.175209
0.175104
0.175
0.174896
0.174792
0.174688
0.174584
0.174481
0.174377
0.174274
0.174171
0.174067
0.173964
0.173862
0.173759
0.173656
0.173554
0.173451
0.173349
0.173247
0.173145
0.173043
0.172941
0.17284
0.172738
0.172637
0.172535
0.172434
0.172333
0.172232
0.172131
0.17203
0.17193
0.171829
0.171729
0.171629
0.171529
0.171429
0.171329
0.171229
0.171129
0.17103
0.17093
0.170831
0.170732
0.170633
0.170534
0.170435
0.170336
0.170237
0.170139
0.17004
0.169942
0.169844
0.169746
0.169648
0.16955
0.169452
0.169355
0.169257
0.16916
0.169063
0.168966
0.168868
0.168772
0.168675
0.168578
0.168481
0.168385
0.168288
0.168192
0.168096
0.168
0.167904
0.167808
0.167712
0.167617
0.167521
0.167426
0.167331
0.167235
0.16714
0.167045
0.166951
0.166856
0.166761
0.166667
0.166572
0.166478
0.166384
0.16629
0.166196
0.166102
0.166008
0.165914
0.165821
0.165727
0.165634
0.165541
0.165447
0.165354
0.165261
0.165169
0.165076
0.164983
0.164891
0.164798
0.164706
0.164614
0.164522
0.16443
0.164338
0.164246
0.164154
0.164062
0.163971
0.16388
0.163788
0.164254
0.164719
0.165184
0.165648
0.166111
0.166574
0.167037
0.167499
0.16796
0.168421
0.168328
0.168235
0.168695
0.169154
0.169613
0.170072
0.17053
0.170436
0.170342
0.170248
0.170154
0.170061
0.169967
0.169874
0.16978
0.169687
0.169594
0.169501
0.169408
0.169315
0.169222
0.16913
0.169584
0.170038
0.170492
0.170945
0.171397
0.171849
0.172301
0.172752
0.173203
0.173653
0.174102
0.174551
0.175
0.175448
0.175896
0.176343
0.17679
0.177236
0.177681
0.178127
0.17803
0.177934
0.177838
0.177742
0.177646
0.17755
0.177454
0.177358
0.177263
0.177167
0.177072
0.176977
0.176882
0.176787
0.176692
0.176597
0.176502
0.176408
0.176313
0.176219
0.176124
0.17603
0.175936
0.176376
0.176282
0.176188
0.176094
0.176
0.175906
0.175812
0.175719
0.175625
0.175532
0.175439
0.175345
0.175252
0.175159
0.175597
0.176034
0.175941
0.175847
0.175754
0.175661
0.175568
0.176004
0.17644
0.176346
0.176253
0.17616
0.176067
0.175975
0.175882
0.175789
0.175697
0.175605
0.176038
0.175945
0.175853
0.176285
0.176193
0.176625
0.176532
0.17644
0.176347
0.176255
0.176163
0.176071
0.175979
0.175887
0.175796
0.175704
0.175612
0.175521
0.175429
0.175338
0.175247
0.175156
0.175584
0.176012
0.17644
0.176867
0.177294
0.17772
0.178146
0.178054
0.177962
0.17787
0.177778
0.177686
0.177594
0.177503
0.177411
0.17732
0.177228
0.177137
0.177046
0.177469
0.177892
0.178314
0.178737
0.179158
0.179579
0.18
0.18042
0.18084
0.18126
0.181167
0.181074
0.180982
0.180889
0.180797
0.180704
0.180612
0.18052
0.180428
0.180336
0.180244
0.180153
0.180061
0.179969
0.179878
0.179787
0.179695
0.179604
0.179513
0.179422
0.179331
0.179241
0.17915
0.179565
0.179474
0.179384
0.179293
0.179202
0.179112
0.179022
0.178931
0.178841
0.178751
0.178661
0.178571
0.178482
0.178392
0.178302
0.178213
0.178123
0.178034
0.177945
0.177856
0.177767
0.177678
0.177589
0.1775
0.177411
0.177323
0.177234
0.177146
0.177057
0.176969
0.176881
0.176793
0.176705
0.176617
0.176529
0.176441
0.176354
0.176266
0.176179
0.176091
0.176004
0.175917
0.17583
0.175743
0.175656
0.175569
0.175482
0.175395
0.175309
0.175222
0.175136
0.175049
0.174963
0.174877
0.174791
0.175197
0.175603
0.176008
0.176413
0.176326
0.17624
0.176153
0.176067
0.17598
0.175894
0.175808
0.175722
0.175636
0.17555
0.175464
0.175379
0.175293
0.175207
0.17561
0.176012
0.176413
0.176814
0.177215
0.177616
0.178016
0.178415
0.178814
0.179213
0.179126
0.179039
0.178952
0.178866
0.178779
0.179177
0.17909
0.179003
0.178917
0.17883
0.178744
0.178658
0.178571
0.178968
0.178881
0.178795
0.178709
0.178623
0.178537
0.178451
0.178365
0.17828
0.178194
0.178108
0.178023
0.177938
0.177852
0.177767
0.177682
0.177597
0.177512
0.177427
0.177342
0.177258
0.177173
0.177088
0.177004
0.176919
0.176835
0.176751
0.176667
0.176583
0.176499
0.176415
0.176331
0.176247
0.176163
0.17608
0.175996
0.175913
0.175829
0.175746
0.175663
0.17558
0.175497
0.175414
0.175331
0.175248
0.175165
0.175083
0.175
0.174917
0.174835
0.174753
0.17467
0.174588
0.174506
0.174424
0.174342
0.17426
0.174178
0.174097
0.174015
0.173933
0.173852
0.17377
0.173689
0.173608
0.173527
0.173446
0.173364
0.173284
0.173203
0.173122
0.173041
0.17296
0.17288
0.172799
0.172719
0.172638
0.172558
0.172478
0.172398
0.172318
0.172238
0.172158
0.172078
0.171998
0.171918
0.171839
0.171759
0.17168
0.1716
0.171521
0.171442
0.171363
0.171283
0.171204
0.171125
0.171508
0.171889
0.172271
0.172652
0.173033
0.173413
0.173793
0.174173
0.174552
0.174931
0.174851
0.174771
0.174691
0.17461
0.17453
0.174451
0.174371
0.174291
0.174211
0.174132
0.174052
0.173973
0.173893
0.173814
0.173735
0.173655
0.173576
0.173497
0.173418
0.173794
0.173715
0.173636
0.173557
0.173479
0.1734
0.173321
0.173243
0.173164
0.173086
0.173007
0.172929
0.172851
0.172773
0.172694
0.172616
0.172538
0.17246
0.172383
0.172305
0.172227
0.17215
0.172072
0.171995
0.171917
0.17184
0.171763
0.171685
0.171608
0.171531
0.171454
0.171377
0.1713
0.171224
0.171147
0.17107
0.170994
0.170917
0.170841
0.170764
0.170688
0.170612
0.170536
0.17046
0.170384
0.170308
0.170232
0.170156
0.17008
0.170449
0.170374
0.170298
0.170222
0.170147
0.170071
0.169996
0.16992
0.169845
0.16977
0.169694
0.169619
0.169544
0.169469
0.169394
0.169319
0.169244
0.16917
0.169095
0.169462
0.169387
0.169312
0.169238
0.169163
0.169089
0.169014
0.16894
0.168865
0.168791
0.168717
0.168643
0.168569
0.168495
0.168421
0.168347
0.168273
0.1682
0.168126
0.168053
0.167979
0.167906
0.167832
0.167759
0.167686
0.167612
0.167539
0.167466
0.167393
0.16732
0.167247
0.167175
0.167102
0.167029
0.166957
0.166884
0.166811
0.166739
0.166667
0.167028
0.167389
0.16775
0.168111
0.168471
0.168398
0.168325
0.168253
0.16818
0.168107
0.168035
0.167962
0.16789
0.167817
0.167745
0.167672
0.1676
0.167959
0.168317
0.168675
0.169032
0.16939
0.169317
0.169244
0.169171
0.169099
0.169026
0.168954
0.168881
0.168809
0.168737
0.168664
0.168592
0.16852
0.168448
0.168376
0.168304
0.168232
0.16816
0.168089
0.168017
0.167945
0.167874
0.167802
0.167731
0.16766
0.167588
0.167517
0.167446
0.167375
0.167304
0.167233
0.167162
0.167091
0.16702
0.166949
0.166878
0.166808
0.166737
0.166667
0.166596
0.166526
0.166455
0.166385
0.166315
0.166245
0.166175
0.166105
0.166035
0.165965
0.165895
0.165825
