1
1
1
1
1
1
1
1
1
1
1
1
1
1
1
1
1
1
1
1
0.952381
0.954545
0.913043
0.875
0.88
0.884615
0.888889
0.892857
0.896552
0.9
0.903226
0.90625
0.878788
0.882353
0.857143
0.861111
0.864865
0.868421
0.871795
0.875
0.878049
0.880952
0.883721
0.886364
0.888889
0.869565
0.851064
0.833333
0.836735
0.84
0.843137
0.846154
0.849057
0.851852
0.836364
0.821429
0.824561
0.810345
0.79661
0.8
0.803279
0.806452
0.809524
0.8125
0.815385
0.818182
0.820896
0.823529
0.826087
0.814286
0.816901
0.805556
0.794521
0.797297
0.8
0.789474
0.779221
0.782051
0.78481
0.7875
0.790123
0.792683
0.795181
0.797619
0.8
0.802326
0.804598
0.795455
0.786517
0.777778
0.78022
0.782609
0.784946
0.787234
0.789474
0.791667
0.793814
0.795918
0.79798
0.8
0.80198
0.803922
0.805825
0.798077
0.790476
0.783019
0.785047
0.787037
0.788991
0.790909
0.792793
0.794643
0.79646
0.798246
0.8
0.801724
0.794872
0.788136
0.781513
0.783333
0.785124
0.786885
0.788618
0.790323
0.784
0.777778
0.771654
0.773438
0.775194
0.769231
0.770992
0.772727
0.774436
0.776119
0.777778
0.779412
0.781022
0.782609
0.784173
0.785714
0.780142
0.774648
0.769231
0.770833
0.772414
0.773973
0.77551
0.777027
0.771812
0.766667
0.761589
0.756579
0.75817
0.75974
0.76129
0.762821
0.764331
0.765823
0.767296
0.76875
0.763975
0.765432
0.760736
0.762195
0.763636
0.76506
0.766467
0.767857
0.769231
0.770588
0.77193
0.773256
0.774566
0.770115
0.771429
0.767045
0.762712
0.764045
0.765363
0.766667
0.767956
0.769231
0.770492
0.771739
0.772973
0.774194
0.775401
0.771277
0.772487
0.773684
0.774869
0.776042
0.772021
0.773196
0.774359
0.77551
0.77665
0.777778
0.778894
0.78
0.781095
0.782178
0.783251
0.779412
0.780488
0.781553
0.782609
0.783654
0.784689
0.785714
0.78673
0.787736
0.788732
0.78972
0.786047
0.782407
0.778802
0.775229
0.771689
0.768182
0.764706
0.761261
0.757848
0.754464
0.751111
0.747788
0.744493
0.745614
0.746725
0.747826
0.748918
0.75
0.751073
0.752137
0.753191
0.754237
0.755274
0.756303
0.753138
0.75
0.746888
0.747934
0.748971
0.75
0.75102
0.752033
0.753036
0.754032
0.751004
0.748
0.74502
0.742063
0.73913
0.73622
0.733333
0.730469
0.731518
0.732558
0.733591
0.734615
0.735632
0.736641
0.737643
0.738636
0.739623
0.740602
0.737828
0.735075
0.732342
0.733333
0.734317
0.735294
0.736264
0.737226
0.738182
0.73913
0.740072
0.741007
0.741935
0.742857
0.740214
0.737589
0.734982
0.732394
0.729825
0.730769
0.731707
0.732639
0.733564
0.734483
0.735395
0.736301
0.737201
0.738095
0.738983
0.736486
0.734007
0.731544
0.729097
0.726667
0.724252
0.721854
0.719472
0.717105
0.718033
0.715686
0.716612
0.717532
0.71521
0.712903
0.710611
0.711538
0.709265
0.707006
0.707937
0.705696
0.706625
0.704403
0.702194
0.7
0.700935
0.701863
0.702786
0.703704
0.701538
0.699387
0.697248
0.695122
0.693009
0.690909
0.688822
0.686747
0.684685
0.682635
0.680597
0.678571
0.676558
0.674556
0.672566
0.670588
0.668622
0.666667
0.667638
0.668605
0.669565
0.67052
0.67147
0.672414
0.670487
0.668571
0.666667
0.664773
0.665722
0.663842
0.661972
0.660112
0.658263
0.656425
0.654596
0.652778
0.65097
0.649171
0.647383
0.645604
0.643836
0.642077
0.640327
0.641304
0.639566
0.637838
0.636119
0.634409
0.635389
0.636364
0.634667
0.632979
0.6313
0.62963
0.630607
0.631579
0.629921
0.628272
0.626632
0.625
0.623377
0.621762
0.622739
0.623711
0.624679
0.623077
0.621483
0.622449
0.62341
0.624365
0.625316
0.626263
0.624685
0.623116
0.621554
0.62
0.620948
0.619403
0.617866
0.616337
0.614815
0.6133
0.611794
0.612745
0.611247
0.609756
0.608273
0.606796
0.605327
0.603865
0.60241
0.600962
0.59952
0.598086
0.596659
0.595238
0.593824
0.592417
0.593381
0.591981
0.590588
0.589202
0.587822
0.586449
0.585082
0.583721
0.582367
0.581019
0.579677
0.580645
0.581609
0.582569
0.583524
0.584475
0.585421
0.586364
0.587302
0.588235
0.589165
0.587838
0.586517
0.585202
0.583893
0.582589
0.581292
0.58
0.578714
0.577434
0.576159
0.57489
0.573626
0.572368
0.571116
0.569869
0.568627
0.567391
0.566161
0.564935
0.565875
0.56681
0.567742
0.56867
0.569593
0.568376
0.567164
0.565957
0.564756
0.563559
0.562368
0.561181
0.56
0.560924
0.559748
0.558577
0.557411
0.55625
0.557173
0.558091
0.559006
0.559917
0.560825
0.561728
0.562628
0.563525
0.564417
0.565306
0.564155
0.565041
0.565923
0.566802
0.565657
0.564516
0.565392
0.566265
0.567134
0.568
0.566866
0.567729
0.568588
0.569444
0.570297
0.571146
0.571992
0.572835
0.573674
0.57451
0.575342
0.576172
0.576998
0.577821
0.578641
0.579457
0.580271
0.581081
0.581888
0.582692
0.583493
